### DATA:
#
# 1908
#      Q             I(Q)           Error     
1.14966775E-02  0.00000000E+00  0.00000000E+00
1.17952925E-02  7.18752861E-01  2.86813620E-02
1.20939075E-02  7.15319455E-01  2.02322882E-02
1.23925225E-02  6.82510257E-01  1.61363017E-02
1.26911375E-02  6.34194076E-01  1.46110598E-02
1.29897525E-02  6.09452546E-01  1.39196673E-02
1.32883675E-02  5.55822015E-01  1.27716139E-02
1.35869825E-02  5.09973407E-01  1.16506396E-02
1.38855975E-02  4.93541896E-01  1.07367858E-02
1.41842125E-02  4.36619520E-01  1.03112897E-02
1.44828275E-02  4.22277689E-01  1.00343414E-02
1.47814425E-02  3.81953329E-01  9.25828516E-03
1.50800575E-02  3.48556489E-01  8.51659011E-03
1.53786725E-02  3.46492440E-01  7.99763575E-03
1.56772875E-02  3.23466063E-01  7.79040577E-03
1.59759025E-02  3.07710975E-01  7.09305238E-03
1.62745175E-02  2.80406207E-01  6.67633815E-03
1.65731325E-02  2.64546573E-01  6.57677324E-03
1.68717475E-02  2.61032343E-01  5.99955441E-03
1.71703625E-02  2.53929973E-01  6.22497080E-03
1.74689775E-02  2.37227052E-01  5.55458711E-03
1.77675925E-02  2.10163474E-01  5.14125358E-03
1.80662075E-02  2.10918173E-01  5.36078634E-03
1.83648225E-02  1.92917243E-01  4.60765650E-03
1.86634375E-02  1.92519963E-01  4.81601013E-03
1.89620525E-02  1.89754725E-01  4.50521754E-03
1.92606675E-02  1.82682797E-01  4.48377291E-03
1.95592825E-02  1.68536037E-01  4.34868364E-03
1.98578975E-02  1.68215513E-01  4.02226904E-03
2.01565125E-02  1.53736860E-01  3.98143101E-03
2.04551275E-02  1.51603520E-01  3.71091603E-03
2.07537425E-02  1.41330972E-01  3.50060849E-03
2.10523575E-02  1.48555756E-01  3.38942325E-03
2.13509725E-02  1.41293913E-01  3.10255215E-03
2.16495875E-02  1.30976662E-01  2.97828112E-03
2.19482025E-02  1.29557624E-01  2.74353521E-03
2.22468175E-02  1.22845456E-01  2.79483083E-03
2.25454325E-02  1.23490863E-01  2.56993924E-03
2.28440475E-02  1.17818624E-01  2.57101329E-03
2.31426625E-02  1.14191122E-01  2.44290521E-03
2.34412775E-02  1.06967188E-01  2.27281312E-03
2.37398925E-02  1.10082515E-01  2.39309808E-03
2.40385075E-02  1.04064509E-01  2.18707882E-03
2.43371225E-02  1.02317885E-01  2.16864748E-03
2.46357375E-02  9.74787548E-02  2.17426242E-03
2.49343525E-02  9.68243703E-02  2.06055935E-03
2.52329675E-02  9.35422033E-02  2.12541013E-03
2.55315825E-02  8.99514407E-02  1.95269950E-03
2.58301975E-02  8.77472013E-02  1.93943118E-03
2.61288125E-02  8.50614160E-02  1.97337545E-03
2.64274275E-02  8.25266242E-02  1.82048941E-03
2.67260425E-02  8.06960687E-02  1.89571595E-03
2.70246575E-02  8.17968473E-02  1.78750895E-03
2.73232725E-02  7.76200444E-02  1.79735746E-03
2.76218875E-02  7.62592629E-02  1.80802587E-03
2.79205025E-02  7.81302378E-02  1.76208722E-03
2.82191175E-02  7.29738474E-02  1.69706636E-03
2.85177325E-02  7.27923438E-02  1.66646612E-03
2.88163475E-02  7.11884052E-02  1.69978687E-03
2.91149625E-02  7.03563541E-02  1.64108304E-03
2.94135775E-02  7.10659251E-02  1.63036410E-03
2.97121925E-02  6.96607977E-02  1.62751763E-03
3.00108075E-02  6.61129877E-02  1.53295812E-03
3.03094225E-02  6.59563839E-02  1.59967726E-03
3.06080375E-02  6.35127649E-02  1.51911378E-03
3.09066525E-02  6.21724613E-02  1.48197787E-03
3.12052675E-02  6.35313019E-02  1.54404261E-03
3.15038825E-02  6.34480566E-02  1.47673476E-03
3.18024975E-02  6.05933145E-02  1.46530033E-03
3.21011125E-02  6.26014173E-02  1.44111365E-03
3.23997275E-02  5.73528595E-02  1.34289684E-03
3.26983425E-02  5.96568696E-02  1.38103485E-03
3.29969575E-02  5.77123687E-02  1.28344807E-03
3.32955725E-02  5.83974160E-02  1.29104324E-03
3.35941875E-02  5.77203333E-02  1.22394366E-03
3.38928025E-02  5.60166761E-02  1.24144775E-03
3.41914175E-02  5.55959195E-02  1.19984988E-03
3.44900325E-02  5.54900616E-02  1.19065319E-03
3.47886474E-02  5.34286425E-02  1.14800804E-03
3.50872624E-02  5.37605025E-02  1.12986122E-03
3.53858774E-02  5.38417846E-02  1.16634683E-03
3.56844924E-02  5.34668006E-02  1.11753540E-03
3.59831074E-02  5.39315566E-02  1.10340479E-03
3.62817224E-02  5.24407998E-02  1.11475284E-03
3.65803374E-02  5.30858114E-02  1.08723971E-03
3.68789524E-02  5.01604155E-02  1.09251100E-03
3.71775674E-02  5.08917272E-02  1.07504404E-03
3.74761824E-02  5.09025156E-02  1.04648236E-03
3.77747974E-02  5.30578084E-02  1.07346417E-03
3.80734124E-02  4.86015156E-02  1.01121573E-03
3.83720274E-02  5.23802675E-02  1.08421966E-03
3.86706424E-02  5.01201823E-02  1.01031503E-03
3.89692574E-02  5.05332947E-02  1.04464730E-03
3.92678724E-02  4.74706665E-02  1.02022593E-03
3.95664874E-02  4.85317484E-02  9.94177535E-04
3.98651024E-02  4.91283461E-02  1.00116094E-03
4.01637174E-02  4.79136817E-02  9.72378126E-04
4.04623324E-02  4.92097996E-02  1.02034432E-03
4.07609474E-02  4.70629856E-02  9.62878286E-04
4.10595624E-02  4.49210294E-02  9.59903584E-04
4.13581774E-02  4.72849235E-02  9.66812135E-04
4.16567924E-02  4.64659147E-02  9.39136662E-04
4.19554074E-02  4.72283959E-02  9.73833085E-04
4.22540224E-02  4.70873490E-02  9.64791281E-04
4.25526374E-02  4.69753556E-02  9.50598740E-04
4.28512524E-02  4.54534963E-02  9.38233105E-04
4.31498674E-02  4.57070917E-02  9.29897593E-04
4.34484824E-02  4.59839553E-02  9.61763319E-04
4.37470974E-02  4.88792583E-02  9.49156587E-04
4.40457124E-02  4.53175977E-02  9.18369391E-04
4.43443274E-02  4.55702320E-02  9.38645215E-04
4.46429424E-02  4.58199233E-02  9.20457474E-04
4.49415574E-02  4.53101769E-02  9.44782514E-04
4.52401724E-02  4.48651947E-02  8.98562779E-04
4.55387874E-02  4.62289900E-02  9.26806824E-04
4.58374024E-02  4.60618027E-02  9.25129745E-04
4.61360174E-02  4.40680645E-02  8.91949108E-04
4.64346324E-02  4.50513847E-02  9.19415965E-04
4.67332474E-02  4.62762527E-02  9.02704254E-04
4.70318624E-02  4.52977717E-02  9.19668819E-04
4.73304774E-02  4.67432477E-02  9.28938680E-04
4.76290924E-02  4.60663661E-02  9.02741624E-04
4.79277074E-02  4.51018475E-02  8.87769682E-04
4.82263224E-02  4.40079086E-02  8.70974269E-04
4.85249374E-02  4.38605286E-02  8.96233367E-04
4.88235524E-02  4.45813946E-02  8.81289307E-04
4.91221674E-02  4.53876406E-02  8.83858069E-04
4.94207824E-02  4.59593721E-02  8.98920523E-04
4.97193974E-02  4.46644388E-02  8.70269956E-04
5.00180124E-02  4.56582457E-02  9.04345361E-04
5.03166274E-02  4.62063439E-02  8.83856555E-04
5.06152424E-02  4.50013764E-02  8.74844554E-04
5.09138574E-02  4.50346284E-02  8.85760528E-04
5.12124724E-02  4.46937047E-02  8.59176624E-04
5.15110874E-02  4.49626036E-02  8.77079088E-04
5.18097024E-02  4.62988652E-02  8.77004582E-04
5.21083174E-02  4.74072285E-02  8.86155118E-04
5.24069324E-02  4.62152623E-02  8.75578029E-04
5.27055474E-02  4.74214889E-02  8.81202868E-04
5.30041624E-02  4.63112816E-02  8.87488946E-04
5.33027774E-02  4.80083525E-02  8.82858585E-04
5.36013924E-02  4.55870703E-02  8.65230802E-04
5.39000074E-02  4.68001924E-02  8.61953653E-04
5.41986224E-02  4.45950218E-02  8.58231622E-04
5.44972374E-02  4.78931740E-02  8.78072053E-04
5.47958524E-02  4.68797050E-02  8.62686778E-04
5.50944674E-02  4.81914729E-02  8.88331502E-04
5.53930824E-02  4.87437882E-02  8.73634359E-04
5.56916974E-02  4.77205254E-02  8.59724649E-04
5.59903124E-02  4.87227067E-02  8.86894122E-04
5.62889274E-02  4.78853099E-02  8.60045548E-04
5.65875424E-02  4.77376282E-02  8.74192396E-04
5.68861574E-02  4.88740094E-02  8.68879841E-04
5.71847724E-02  4.80860993E-02  8.56090861E-04
5.74833874E-02  4.82296869E-02  8.66650196E-04
5.77820024E-02  4.89465296E-02  8.62569257E-04
5.80806174E-02  5.17234281E-02  9.08688002E-04
5.83792324E-02  4.93330397E-02  8.55800812E-04
5.86778474E-02  4.99067754E-02  8.74481513E-04
5.89764624E-02  5.14689274E-02  8.97729013E-04
5.92750774E-02  5.20703495E-02  8.66396353E-04
5.95736924E-02  5.06117865E-02  8.80637963E-04
5.98723074E-02  5.12510985E-02  8.67790601E-04
6.01709224E-02  5.18380515E-02  8.71627941E-04
6.04695374E-02  5.21963350E-02  8.88391980E-04
6.07681524E-02  5.17527275E-02  8.75406258E-04
6.10667674E-02  5.41044548E-02  8.99743696E-04
6.13653824E-02  5.40878698E-02  8.79157975E-04
6.16639974E-02  5.40074185E-02  8.89681745E-04
6.19626124E-02  5.39845079E-02  8.90634605E-04
6.22612274E-02  5.54774180E-02  8.85967573E-04
6.25598424E-02  5.47358803E-02  8.99123610E-04
6.28584574E-02  5.38595244E-02  8.77302606E-04
6.31570724E-02  5.46722524E-02  8.91724718E-04
6.34556874E-02  5.57995997E-02  8.76697886E-04
6.37543024E-02  5.59304915E-02  8.89580464E-04
6.40529174E-02  5.64177670E-02  9.05849389E-04
6.43515324E-02  5.80439232E-02  9.01233638E-04
6.46501474E-02  5.82835861E-02  9.22467385E-04
6.49487624E-02  5.84922358E-02  8.90137104E-04
6.52473774E-02  5.96154779E-02  9.06181987E-04
6.55459924E-02  6.05834648E-02  9.23567102E-04
6.58446074E-02  6.11170270E-02  9.17524158E-04
6.61432224E-02  6.16395622E-02  9.31583229E-04
6.64418374E-02  6.12491146E-02  9.05532972E-04
6.67404524E-02  6.29080385E-02  9.29754402E-04
6.70390674E-02  6.43367320E-02  9.44801257E-04
6.73376824E-02  6.40088394E-02  9.17695404E-04
6.76362974E-02  6.52829558E-02  9.49425972E-04
6.79349124E-02  6.51018471E-02  9.27098386E-04
6.82335274E-02  6.63771108E-02  9.42681741E-04
6.85321424E-02  6.81589842E-02  9.66623949E-04
6.88307574E-02  6.75603524E-02  9.43355903E-04
6.91293724E-02  6.89380690E-02  9.67510161E-04
6.94279874E-02  7.00641125E-02  9.51954513E-04
6.97266024E-02  7.13444501E-02  9.77321179E-04
7.00252174E-02  7.07615539E-02  9.65449028E-04
7.03238324E-02  7.42806271E-02  9.81291989E-04
7.06224474E-02  7.63205737E-02  1.00965146E-03
7.09210624E-02  7.71972910E-02  1.00264675E-03
7.12196774E-02  7.77421668E-02  1.00389798E-03
7.15182924E-02  7.90486038E-02  9.90120810E-04
7.18169074E-02  7.87932873E-02  1.01527281E-03
7.21155224E-02  7.97639489E-02  1.01802358E-03
7.24141374E-02  8.34938213E-02  1.03569299E-03
7.27127524E-02  8.44189376E-02  1.03677169E-03
7.30113674E-02  8.63968879E-02  1.04077521E-03
7.33099824E-02  8.92298967E-02  1.06354267E-03
7.36085974E-02  9.12688971E-02  1.07921765E-03
7.39072124E-02  9.00629684E-02  1.05230696E-03
7.42058274E-02  9.43185687E-02  1.09955587E-03
7.45044424E-02  9.64389294E-02  1.09244615E-03
7.48030574E-02  9.79072079E-02  1.10794173E-03
7.51016724E-02  9.93321836E-02  1.11475575E-03
7.54002874E-02  1.03228800E-01  1.11822737E-03
7.56989024E-02  1.04690537E-01  1.14568230E-03
7.59975174E-02  1.08060807E-01  1.14531361E-03
7.62961324E-02  1.10841967E-01  1.16366718E-03
7.65947474E-02  1.16242766E-01  1.18788355E-03
7.68933624E-02  1.18010588E-01  1.19815418E-03
7.71919774E-02  1.22450188E-01  1.23366504E-03
7.74905924E-02  1.26559928E-01  1.22654252E-03
7.77892074E-02  1.28530219E-01  1.24382786E-03
7.80878224E-02  1.34477094E-01  1.26170891E-03
7.83864374E-02  1.40020967E-01  1.28546194E-03
7.86850524E-02  1.46155462E-01  1.33482262E-03
7.89836674E-02  1.52747855E-01  1.34748383E-03
7.92822824E-02  1.54718295E-01  1.34502060E-03
7.95808974E-02  1.60995707E-01  1.35959429E-03
7.98795124E-02  1.68998718E-01  1.42030779E-03
8.01781274E-02  1.76467121E-01  1.46361359E-03
8.04767424E-02  1.82983145E-01  1.45238440E-03
8.07753574E-02  1.91168234E-01  1.49969326E-03
8.10739724E-02  2.02243075E-01  1.52537483E-03
8.13725874E-02  2.13116154E-01  1.55958591E-03
8.16712024E-02  2.23782733E-01  1.62426010E-03
8.19698174E-02  2.36600667E-01  1.62713055E-03
8.22684324E-02  2.50884920E-01  1.71102083E-03
8.25670474E-02  2.69770652E-01  1.75294047E-03
8.28656624E-02  2.87478417E-01  1.82229618E-03
8.31642774E-02  3.05586129E-01  1.85281993E-03
8.34628924E-02  3.27968031E-01  1.92136155E-03
8.37615074E-02  3.51913005E-01  2.02028756E-03
8.40601224E-02  3.83984774E-01  2.06682528E-03
8.43587374E-02  4.13308650E-01  2.15267832E-03
8.46573524E-02  4.50049520E-01  2.23540352E-03
8.49559674E-02  4.90182847E-01  2.34895130E-03
8.52545824E-02  5.43932498E-01  2.47926824E-03
8.55531974E-02  6.08665764E-01  2.57971766E-03
8.58518124E-02  6.67049289E-01  2.71360087E-03
8.61504274E-02  7.49605358E-01  2.84659117E-03
8.64490424E-02  8.42665613E-01  3.06776981E-03
8.67476574E-02  9.56848800E-01  3.26265674E-03
8.70462724E-02  1.08805180E+00  3.42146191E-03
8.73448874E-02  1.25484979E+00  3.70231434E-03
8.76435024E-02  1.44308019E+00  3.93110607E-03
8.79421174E-02  1.66168332E+00  4.28709108E-03
8.82407324E-02  1.92308152E+00  4.59426222E-03
8.85393474E-02  2.24296284E+00  4.89182118E-03
8.88379624E-02  2.60880518E+00  5.31548727E-03
8.91365774E-02  3.03082657E+00  5.65491104E-03
8.94351924E-02  3.49370074E+00  6.11666171E-03
8.97338074E-02  4.00901318E+00  6.51578419E-03
9.00324224E-02  4.53145647E+00  6.90820580E-03
9.03310374E-02  5.02327967E+00  7.35509908E-03
9.06296524E-02  5.45014000E+00  7.56923016E-03
9.09282674E-02  5.78942776E+00  7.79412966E-03
9.12268824E-02  5.94643641E+00  7.88467564E-03
9.15254974E-02  5.92039013E+00  7.83881266E-03
9.18241124E-02  5.73470068E+00  7.82931689E-03
9.21227274E-02  5.35012054E+00  7.49260746E-03
9.24213424E-02  4.83468676E+00  7.00166170E-03
9.27199574E-02  4.25361872E+00  6.62640203E-03
9.30185724E-02  3.65795970E+00  6.15606178E-03
9.33171874E-02  3.09065604E+00  5.71578788E-03
9.36158024E-02  2.56127214E+00  5.02547482E-03
9.39144174E-02  2.12872458E+00  4.70043113E-03
9.42130324E-02  1.76298177E+00  4.25453950E-03
9.45116474E-02  1.46758354E+00  3.86448484E-03
9.48102624E-02  1.22705209E+00  3.54944845E-03
9.51088774E-02  1.04524636E+00  3.21317790E-03
9.54074924E-02  8.88331354E-01  3.00129061E-03
9.57061074E-02  7.67057180E-01  2.78153061E-03
9.60047224E-02  6.70542181E-01  2.60295323E-03
9.63033374E-02  5.89418828E-01  2.41707242E-03
9.66019524E-02  5.17413557E-01  2.27648485E-03
9.69005674E-02  4.66777354E-01  2.15657358E-03
9.71991824E-02  4.24299300E-01  2.05076043E-03
9.74977974E-02  3.82971078E-01  1.94161560E-03
9.77964124E-02  3.50292563E-01  1.85057858E-03
9.80950274E-02  3.22446138E-01  1.78775704E-03
9.83936424E-02  3.01099271E-01  1.72831619E-03
9.86922574E-02  2.79633105E-01  1.66412909E-03
9.89908724E-02  2.61693865E-01  1.59273611E-03
9.92894874E-02  2.44454175E-01  1.53483928E-03
9.95881024E-02  2.32631102E-01  1.50938286E-03
9.98867174E-02  2.18713522E-01  1.46857067E-03
1.00185332E-01  2.09181741E-01  1.40393595E-03
1.00483947E-01  1.99886382E-01  1.39436766E-03
1.00782562E-01  1.89450860E-01  1.34106225E-03
1.01081177E-01  1.82750180E-01  1.33043865E-03
1.01379792E-01  1.72833577E-01  1.28894171E-03
1.01678407E-01  1.67175353E-01  1.25405425E-03
1.01977022E-01  1.62789047E-01  1.25092873E-03
1.02275637E-01  1.56464249E-01  1.22638815E-03
1.02574252E-01  1.52225703E-01  1.20461744E-03
1.02872867E-01  1.45930573E-01  1.16688455E-03
1.03171482E-01  1.42162815E-01  1.15078583E-03
1.03470097E-01  1.36673957E-01  1.13019324E-03
1.03768712E-01  1.35557264E-01  1.13581296E-03
1.04067327E-01  1.31325275E-01  1.09804352E-03
1.04365942E-01  1.30463153E-01  1.10693253E-03
1.04664557E-01  1.24576882E-01  1.08078751E-03
1.04963172E-01  1.22342221E-01  1.06324255E-03
1.05261787E-01  1.20857872E-01  1.05934194E-03
1.05560402E-01  1.18889652E-01  1.03977602E-03
1.05859017E-01  1.14479236E-01  1.03352766E-03
1.06157632E-01  1.13862447E-01  1.02408533E-03
1.06456247E-01  1.10528387E-01  1.00898149E-03
1.06754862E-01  1.09173961E-01  9.90894972E-04
1.07053477E-01  1.06401391E-01  9.84438811E-04
1.07352092E-01  1.07294194E-01  9.88561194E-04
1.07650707E-01  1.02776319E-01  9.68296081E-04
1.07949322E-01  1.04059570E-01  9.72774229E-04
1.08247937E-01  1.01443306E-01  9.59706609E-04
1.08546552E-01  9.99389589E-02  9.56364616E-04
1.08845167E-01  9.89419520E-02  9.36000608E-04
1.09143782E-01  9.83099267E-02  9.44023021E-04
1.09442397E-01  9.71362591E-02  9.26705659E-04
1.09741012E-01  9.68328565E-02  9.28129361E-04
1.10039627E-01  9.36174542E-02  9.19765153E-04
1.10338242E-01  9.33871493E-02  9.12887976E-04
1.10636857E-01  9.28561091E-02  8.99145671E-04
1.10935472E-01  9.27761346E-02  8.98076571E-04
1.11234087E-01  9.21872854E-02  9.03493026E-04
1.11532702E-01  8.98966938E-02  8.91509466E-04
1.11831317E-01  8.89179111E-02  8.81889602E-04
1.12129932E-01  9.00492445E-02  8.89182847E-04
1.12428547E-01  8.87258202E-02  8.82287277E-04
1.12727162E-01  8.74275565E-02  8.72141449E-04
1.13025777E-01  8.92687663E-02  8.80275271E-04
1.13324392E-01  8.83240253E-02  8.74281046E-04
1.13623007E-01  8.66836011E-02  8.68095667E-04
1.13921622E-01  8.57795030E-02  8.64214031E-04
1.14220237E-01  8.58241320E-02  8.56018567E-04
1.14518852E-01  8.43298286E-02  8.41658679E-04
1.14817467E-01  8.30933154E-02  8.47361749E-04
1.15116082E-01  8.56602266E-02  8.59702821E-04
1.15414697E-01  8.27892125E-02  8.41378118E-04
1.15713312E-01  8.38043317E-02  8.38420703E-04
1.16011927E-01  8.27752575E-02  8.36327032E-04
1.16310542E-01  8.42507929E-02  8.51322140E-04
1.16609157E-01  8.20825845E-02  8.30984383E-04
1.16907772E-01  8.29276219E-02  8.38337291E-04
1.17206387E-01  8.13165009E-02  8.26795469E-04
1.17505002E-01  8.11943263E-02  8.21066787E-04
1.17803617E-01  8.13450739E-02  8.30917445E-04
1.18102232E-01  8.05232152E-02  8.18856643E-04
1.18400847E-01  8.19859728E-02  8.27466021E-04
1.18699462E-01  8.17120597E-02  8.24281713E-04
1.18998077E-01  7.94716403E-02  8.05336284E-04
1.19296692E-01  8.12000781E-02  8.29566154E-04
1.19595307E-01  7.96671510E-02  8.06903350E-04
1.19893922E-01  7.94496536E-02  8.04082025E-04
1.20192537E-01  7.86174610E-02  8.09114601E-04
1.20491152E-01  7.91950077E-02  8.00521520E-04
1.20789767E-01  7.82705322E-02  8.03250179E-04
1.21088382E-01  7.78733343E-02  8.00059119E-04
1.21386997E-01  7.94382691E-02  8.01752612E-04
1.21685612E-01  7.94168711E-02  8.09113495E-04
1.21984227E-01  7.84173161E-02  7.98846944E-04
1.22282842E-01  7.68049061E-02  7.85032404E-04
1.22581457E-01  7.88533166E-02  7.89916725E-04
1.22880072E-01  7.66924024E-02  7.92837236E-04
1.23178687E-01  7.89283291E-02  7.96930632E-04
1.23477302E-01  7.87759274E-02  7.98409223E-04
1.23775917E-01  7.71884322E-02  7.80997041E-04
1.24074532E-01  7.78473616E-02  7.92014005E-04
1.24373147E-01  7.86334276E-02  7.94885505E-04
1.24671762E-01  7.73155168E-02  7.83808995E-04
1.24970377E-01  7.74577856E-02  7.82361953E-04
1.25268992E-01  7.89547935E-02  7.88798905E-04
1.25567607E-01  7.84122199E-02  7.82324933E-04
1.25866222E-01  7.78967440E-02  7.92270410E-04
1.26164837E-01  7.80096501E-02  7.84066098E-04
1.26463452E-01  7.69765526E-02  7.75132561E-04
1.26762067E-01  7.92799741E-02  7.89882557E-04
1.27060682E-01  7.91205689E-02  7.86928518E-04
1.27359297E-01  7.72751123E-02  7.89385056E-04
1.27657912E-01  7.76932165E-02  7.72961648E-04
1.27956527E-01  7.79665187E-02  7.77723326E-04
1.28255142E-01  7.87457153E-02  7.87221012E-04
1.28553757E-01  7.84297809E-02  7.71967636E-04
1.28852372E-01  7.85003677E-02  7.75409222E-04
1.29150987E-01  7.93583989E-02  7.79636321E-04
1.29449602E-01  7.80541673E-02  7.77901325E-04
1.29748217E-01  7.85217211E-02  7.79700873E-04
1.30046832E-01  7.99041018E-02  7.80230155E-04
1.30345447E-01  7.96782672E-02  7.77062436E-04
1.30644062E-01  7.97250643E-02  7.76264642E-04
1.30942677E-01  7.90669769E-02  7.78729911E-04
1.31241292E-01  8.02629218E-02  7.81983661E-04
1.31539907E-01  8.00433680E-02  7.76790665E-04
1.31838522E-01  7.97229409E-02  7.78832589E-04
1.32137137E-01  8.11330155E-02  7.92835024E-04
1.32435752E-01  8.08965489E-02  8.02057446E-04
1.32734367E-01  8.11801702E-02  8.02349590E-04
1.33032982E-01  8.11129883E-02  8.10481724E-04
1.33331597E-01  8.25627819E-02  8.17693828E-04
1.33630212E-01  8.17341283E-02  8.17055348E-04
1.33928827E-01  8.29533711E-02  8.35741230E-04
1.34227442E-01  8.14091042E-02  8.07973614E-04
1.34526057E-01  8.29293206E-02  8.31959711E-04
1.34824672E-01  8.44781399E-02  8.45881761E-04
1.35123287E-01  8.46370831E-02  8.41712230E-04
1.35421902E-01  8.52625594E-02  8.52327328E-04
1.35720517E-01  8.55175033E-02  8.44846538E-04
1.36019132E-01  8.53141174E-02  8.59002350E-04
1.36317747E-01  8.69963616E-02  8.59037449E-04
1.36616362E-01  8.75550061E-02  8.59250082E-04
1.36914977E-01  8.82224217E-02  8.72207747E-04
1.37213592E-01  8.65777135E-02  8.65344598E-04
1.37512207E-01  8.98119509E-02  8.90143972E-04
1.37810822E-01  8.90950412E-02  8.77836894E-04
1.38109437E-01  8.82476345E-02  8.73653335E-04
1.38408052E-01  9.02528465E-02  8.86880094E-04
1.38706667E-01  9.16914120E-02  8.95969279E-04
1.39005282E-01  9.10402611E-02  9.02495289E-04
1.39303897E-01  9.28940699E-02  8.93666758E-04
1.39602512E-01  9.25780237E-02  9.09377472E-04
1.39901127E-01  9.39465985E-02  9.14649805E-04
1.40199742E-01  9.54339281E-02  9.17591504E-04
1.40498357E-01  9.72902924E-02  9.36262950E-04
1.40796972E-01  9.65546966E-02  9.20487451E-04
1.41095587E-01  9.81621891E-02  9.41563107E-04
1.41394202E-01  9.96951535E-02  9.42957238E-04
1.41692817E-01  9.92825776E-02  9.46923567E-04
1.41991432E-01  1.00863330E-01  9.54433344E-04
1.42290047E-01  1.03227556E-01  9.58774472E-04
1.42588662E-01  1.03021793E-01  9.70738067E-04
1.42887277E-01  1.05745338E-01  9.78033990E-04
1.43185892E-01  1.06510840E-01  9.78482189E-04
1.43484507E-01  1.10091127E-01  1.00269471E-03
1.43783122E-01  1.10119447E-01  9.94532020E-04
1.44081737E-01  1.12234116E-01  1.00720196E-03
1.44380352E-01  1.14965782E-01  1.01104227E-03
1.44678967E-01  1.15799770E-01  1.00347016E-03
1.44977582E-01  1.17724068E-01  1.03195291E-03
1.45276197E-01  1.19738817E-01  1.02547091E-03
1.45574812E-01  1.21515982E-01  1.04514649E-03
1.45873427E-01  1.25914901E-01  1.03930663E-03
1.46172042E-01  1.27628729E-01  1.05388346E-03
1.46470657E-01  1.29567266E-01  1.07459037E-03
1.46769272E-01  1.34652212E-01  1.08249590E-03
1.47067887E-01  1.37064800E-01  1.08967058E-03
1.47366502E-01  1.39968261E-01  1.09577843E-03
1.47665117E-01  1.46223053E-01  1.12167757E-03
1.47963732E-01  1.50950864E-01  1.15273334E-03
1.48262347E-01  1.52191654E-01  1.14520488E-03
1.48560962E-01  1.57889426E-01  1.16820598E-03
1.48859577E-01  1.63844913E-01  1.17419125E-03
1.49158192E-01  1.68956488E-01  1.21721649E-03
1.49456807E-01  1.79464459E-01  1.23986974E-03
1.49755422E-01  1.83182865E-01  1.24938390E-03
1.50054037E-01  1.90458104E-01  1.28208834E-03
1.50352652E-01  2.00182736E-01  1.29789195E-03
1.50651267E-01  2.11914793E-01  1.35442696E-03
1.50949882E-01  2.23115236E-01  1.36821310E-03
1.51248497E-01  2.34901190E-01  1.41062075E-03
1.51547112E-01  2.48217940E-01  1.47537224E-03
1.51845727E-01  2.61497557E-01  1.47050363E-03
1.52144342E-01  2.74756759E-01  1.54457695E-03
1.52442957E-01  2.94955909E-01  1.55280833E-03
1.52741572E-01  3.12587649E-01  1.62186904E-03
1.53040187E-01  3.34448218E-01  1.70154730E-03
1.53338802E-01  3.58792186E-01  1.72685948E-03
1.53637417E-01  3.83077055E-01  1.80610351E-03
1.53936032E-01  4.13030595E-01  1.84810872E-03
1.54234647E-01  4.48930711E-01  1.93094276E-03
1.54533262E-01  4.87988144E-01  2.04456737E-03
1.54831877E-01  5.25963426E-01  2.09309766E-03
1.55130492E-01  5.63721955E-01  2.17008824E-03
1.55429107E-01  6.10575259E-01  2.24621990E-03
1.55727722E-01  6.58146203E-01  2.35513784E-03
1.56026337E-01  7.09022164E-01  2.43021129E-03
1.56324952E-01  7.57343769E-01  2.50348239E-03
1.56623567E-01  8.07119787E-01  2.61388673E-03
1.56922182E-01  8.58947575E-01  2.65751081E-03
1.57220797E-01  8.95825744E-01  2.75074155E-03
1.57519412E-01  9.29700077E-01  2.76778592E-03
1.57818027E-01  9.59789932E-01  2.81020207E-03
1.58116642E-01  9.82391655E-01  2.88165757E-03
1.58415257E-01  9.77675021E-01  2.83627235E-03
1.58713872E-01  9.82862592E-01  2.87072733E-03
1.59012487E-01  9.62145329E-01  2.79962062E-03
1.59311102E-01  9.29022670E-01  2.79304595E-03
1.59609717E-01  8.94601464E-01  2.74585607E-03
1.59908332E-01  8.47205460E-01  2.61043385E-03
1.60206947E-01  7.85238624E-01  2.53823632E-03
1.60505562E-01  7.32500911E-01  2.45152274E-03
1.60804177E-01  6.68136775E-01  2.33883178E-03
1.61102792E-01  6.11765206E-01  2.23879633E-03
1.61401407E-01  5.49680829E-01  2.11385987E-03
1.61700022E-01  4.96936291E-01  2.00704136E-03
1.61998637E-01  4.51629221E-01  1.91743928E-03
1.62297252E-01  4.09878433E-01  1.83516205E-03
1.62595867E-01  3.73026788E-01  1.74946885E-03
1.62894482E-01  3.36322337E-01  1.64245418E-03
1.63193097E-01  3.04726481E-01  1.58634270E-03
1.63491712E-01  2.80458093E-01  1.49671873E-03
1.63790327E-01  2.58286923E-01  1.45889900E-03
1.64088942E-01  2.38785446E-01  1.37913413E-03
1.64387557E-01  2.20776767E-01  1.33637316E-03
1.64686172E-01  2.05646411E-01  1.30506686E-03
1.64984787E-01  1.95497587E-01  1.24962593E-03
1.65283402E-01  1.87127590E-01  1.23033067E-03
1.65582017E-01  1.74782231E-01  1.17910525E-03
1.65880632E-01  1.65238291E-01  1.15126977E-03
1.66179247E-01  1.60117239E-01  1.14252931E-03
1.66477862E-01  1.54187202E-01  1.10554730E-03
1.66776477E-01  1.47682175E-01  1.09145953E-03
1.67075092E-01  1.44785419E-01  1.08299416E-03
1.67373707E-01  1.40771031E-01  1.06449402E-03
1.67672322E-01  1.35413289E-01  1.04330876E-03
1.67970937E-01  1.34110555E-01  1.02858094E-03
1.68269552E-01  1.31123304E-01  1.02521467E-03
1.68568167E-01  1.30039766E-01  1.01076672E-03
1.68866782E-01  1.28242716E-01  1.01853744E-03
1.69165397E-01  1.25643849E-01  1.00042392E-03
1.69464012E-01  1.25601456E-01  9.94054484E-04
1.69762627E-01  1.23428322E-01  9.91912209E-04
1.70061242E-01  1.22607358E-01  9.85187478E-04
1.70359857E-01  1.23055033E-01  9.98436590E-04
1.70658472E-01  1.23331904E-01  9.81673133E-04
1.70957087E-01  1.21107683E-01  9.76452604E-04
1.71255702E-01  1.24036640E-01  1.00029551E-03
1.71554317E-01  1.22605830E-01  9.72174690E-04
1.71852932E-01  1.24804094E-01  9.93296737E-04
1.72151547E-01  1.24247409E-01  9.87678301E-04
1.72450162E-01  1.29012287E-01  1.00886333E-03
1.72748777E-01  1.29724860E-01  1.01409457E-03
1.73047392E-01  1.31397024E-01  1.01605081E-03
1.73346007E-01  1.35689020E-01  1.03428843E-03
1.73644622E-01  1.37760043E-01  1.03716855E-03
1.73943237E-01  1.41558260E-01  1.05172954E-03
1.74241852E-01  1.43357962E-01  1.06495374E-03
1.74540467E-01  1.47431150E-01  1.06643932E-03
1.74839082E-01  1.50833607E-01  1.09199411E-03
1.75137697E-01  1.55691773E-01  1.09887600E-03
1.75436312E-01  1.61908939E-01  1.12788146E-03
1.75734927E-01  1.67270586E-01  1.13250979E-03
1.76033542E-01  1.74687639E-01  1.16084970E-03
1.76332157E-01  1.84545577E-01  1.21123565E-03
1.76630772E-01  1.93571761E-01  1.21871068E-03
1.76929387E-01  1.99445680E-01  1.25614041E-03
1.77228002E-01  2.11774439E-01  1.26963644E-03
1.77526617E-01  2.19984159E-01  1.30357698E-03
1.77825232E-01  2.32273012E-01  1.34403387E-03
1.78123847E-01  2.46774346E-01  1.37974776E-03
1.78422462E-01  2.64641613E-01  1.42882625E-03
1.78721077E-01  2.79106259E-01  1.47132564E-03
1.79019692E-01  2.98350602E-01  1.52172172E-03
1.79318307E-01  3.17846417E-01  1.57118856E-03
1.79616922E-01  3.35472107E-01  1.59009383E-03
1.79915537E-01  3.60237896E-01  1.66986312E-03
1.80214152E-01  3.81412387E-01  1.70334510E-03
1.80512767E-01  4.04890895E-01  1.77273666E-03
1.80811382E-01  4.25976843E-01  1.81340636E-03
1.81109997E-01  4.51192915E-01  1.84894947E-03
1.81408612E-01  4.75108057E-01  1.91642833E-03
1.81707227E-01  4.95339394E-01  1.94568175E-03
1.82005842E-01  5.12422204E-01  1.97895104E-03
1.82304457E-01  5.25396228E-01  1.99258327E-03
1.82603072E-01  5.37823796E-01  2.02471460E-03
1.82901687E-01  5.46505570E-01  2.05540401E-03
1.83200302E-01  5.44336140E-01  2.03288882E-03
1.83498917E-01  5.39847493E-01  2.01649126E-03
1.83797532E-01  5.24889648E-01  1.98510219E-03
1.84096147E-01  5.10703325E-01  1.97631074E-03
1.84394762E-01  4.93262202E-01  1.94552366E-03
1.84693377E-01  4.72816288E-01  1.89152244E-03
1.84991992E-01  4.44048643E-01  1.84284279E-03
1.85290607E-01  4.20550823E-01  1.77052454E-03
1.85589222E-01  3.89347345E-01  1.71590259E-03
1.85887837E-01  3.60031188E-01  1.64516189E-03
1.86186452E-01  3.31670791E-01  1.57593994E-03
1.86485067E-01  3.05710047E-01  1.52098318E-03
1.86783682E-01  2.81449616E-01  1.45506905E-03
1.87082297E-01  2.60147929E-01  1.40493317E-03
1.87380912E-01  2.38357127E-01  1.33598933E-03
1.87679527E-01  2.19744578E-01  1.27200747E-03
1.87978142E-01  2.03184977E-01  1.23835739E-03
1.88276757E-01  1.88136384E-01  1.18888076E-03
1.88575372E-01  1.76648065E-01  1.15542661E-03
1.88873987E-01  1.64042458E-01  1.10652752E-03
1.89172602E-01  1.53985456E-01  1.06618600E-03
1.89471217E-01  1.44343048E-01  1.04000128E-03
1.89769832E-01  1.38172626E-01  1.02020358E-03
1.90068447E-01  1.27047926E-01  9.64423467E-04
1.90367062E-01  1.24083884E-01  9.62064019E-04
1.90665677E-01  1.17885508E-01  9.35599266E-04
1.90964292E-01  1.13819711E-01  9.17542900E-04
1.91262907E-01  1.08860746E-01  9.01123101E-04
1.91561522E-01  1.04295932E-01  8.71040276E-04
1.91860137E-01  1.00098334E-01  8.64943839E-04
1.92158752E-01  9.70750004E-02  8.47372343E-04
1.92457367E-01  9.55839157E-02  8.41928471E-04
1.92755982E-01  9.13523287E-02  8.19641340E-04
1.93054597E-01  8.88780877E-02  8.08986137E-04
1.93353212E-01  8.79737809E-02  8.00754875E-04
1.93651827E-01  8.48574638E-02  7.94832653E-04
1.93950442E-01  8.22075531E-02  7.78039801E-04
1.94249057E-01  8.13521594E-02  7.68568425E-04
1.94547672E-01  7.87821785E-02  7.62150448E-04
1.94846287E-01  7.74952322E-02  7.54446024E-04
1.95144902E-01  7.47106746E-02  7.44838442E-04
1.95443517E-01  7.36941770E-02  7.24199344E-04
1.95742132E-01  7.33870864E-02  7.32772518E-04
1.96040747E-01  7.04451799E-02  7.19315314E-04
1.96339362E-01  7.03202635E-02  7.20296404E-04
1.96637977E-01  6.86766356E-02  7.04830047E-04
1.96936592E-01  6.82627112E-02  7.04038655E-04
1.97235207E-01  6.70164600E-02  7.00027740E-04
1.97533822E-01  6.64348155E-02  6.94331015E-04
1.97832437E-01  6.57630265E-02  6.93010690E-04
1.98131052E-01  6.47693649E-02  6.84060506E-04
1.98429667E-01  6.40744045E-02  6.81026257E-04
1.98728282E-01  6.32217601E-02  6.78627926E-04
1.99026897E-01  6.27159551E-02  6.71652553E-04
1.99325512E-01  6.14257939E-02  6.66805601E-04
1.99624127E-01  6.13872297E-02  6.66387030E-04
1.99922742E-01  6.04423359E-02  6.59990823E-04
2.00221357E-01  5.96257709E-02  6.59260957E-04
2.00519972E-01  5.88579215E-02  6.48436835E-04
2.00818587E-01  5.91404326E-02  6.49385329E-04
2.01117202E-01  5.85080571E-02  6.52226852E-04
2.01415817E-01  5.67310713E-02  6.35824399E-04
2.01714432E-01  5.64310513E-02  6.37120625E-04
2.02013047E-01  5.54321967E-02  6.28897047E-04
2.02311662E-01  5.51798195E-02  6.30019931E-04
2.02610277E-01  5.58344685E-02  6.35344652E-04
2.02908892E-01  5.34824617E-02  6.15066092E-04
2.03207507E-01  5.41149676E-02  6.21190993E-04
2.03506122E-01  5.33359721E-02  6.15747587E-04
2.03804737E-01  5.35495579E-02  6.17555284E-04
2.04103352E-01  5.34044951E-02  6.18644815E-04
2.04401967E-01  5.33000194E-02  6.17268903E-04
2.04700582E-01  5.19636311E-02  6.04228291E-04
2.04999197E-01  5.20331413E-02  6.06308517E-04
2.05297812E-01  5.20316102E-02  6.12178934E-04
2.05596427E-01  5.07487021E-02  5.99705556E-04
2.05895042E-01  5.01608029E-02  5.97703271E-04
2.06193657E-01  4.96623777E-02  5.90883952E-04
2.06492272E-01  4.93586473E-02  5.88353840E-04
2.06790887E-01  4.87497039E-02  5.91263990E-04
2.07089502E-01  4.87726405E-02  5.81657980E-04
2.07388117E-01  4.91767824E-02  5.91633143E-04
2.07686732E-01  4.83099893E-02  5.84043737E-04
2.07985347E-01  4.92052585E-02  5.87444345E-04
2.08283962E-01  4.85947430E-02  5.85224072E-04
2.08582577E-01  4.80978191E-02  5.78150561E-04
2.08881192E-01  4.82239313E-02  5.81560191E-04
2.09179807E-01  4.71986011E-02  5.78004634E-04
2.09478422E-01  4.77543212E-02  5.74519858E-04
2.09777037E-01  4.66020107E-02  5.73457335E-04
2.10075652E-01  4.65948321E-02  5.68018528E-04
2.10374267E-01  4.61029485E-02  5.72144869E-04
2.10672882E-01  4.62214649E-02  5.71114302E-04
2.10971497E-01  4.63323072E-02  5.62523957E-04
2.11270112E-01  4.59604897E-02  5.68976568E-04
2.11568727E-01  4.59444113E-02  5.63025649E-04
2.11867342E-01  4.50044163E-02  5.62511268E-04
2.12165957E-01  4.53300700E-02  5.59587847E-04
2.12464572E-01  4.46967743E-02  5.55164472E-04
2.12763187E-01  4.43585776E-02  5.55742707E-04
2.13061802E-01  4.47923355E-02  5.57946099E-04
2.13360417E-01  4.55969162E-02  5.64995396E-04
2.13659032E-01  4.41970676E-02  5.50403201E-04
2.13957647E-01  4.37123328E-02  5.48033568E-04
2.14256262E-01  4.40467633E-02  5.52617421E-04
2.14554877E-01  4.29243855E-02  5.42261696E-04
2.14853492E-01  4.33898978E-02  5.46011666E-04
2.15152107E-01  4.36838195E-02  5.47203235E-04
2.15450722E-01  4.43327762E-02  5.56775718E-04
2.15749337E-01  4.28505577E-02  5.43589238E-04
2.16047952E-01  4.16441597E-02  5.34119026E-04
2.16346567E-01  4.13169339E-02  5.32335718E-04
2.16645182E-01  4.26361524E-02  5.37720101E-04
2.16943797E-01  4.27594408E-02  5.41388872E-04
2.17242412E-01  4.27184738E-02  5.44726092E-04
2.17541027E-01  4.18737233E-02  5.30855847E-04
2.17839642E-01  4.20706086E-02  5.41238172E-04
2.18138257E-01  4.19751704E-02  5.30566671E-04
2.18436872E-01  4.14630920E-02  5.32805570E-04
2.18735487E-01  4.15479690E-02  5.30663936E-04
2.19034102E-01  4.10001725E-02  5.27467055E-04
2.19332717E-01  4.06613722E-02  5.28739009E-04
2.19631332E-01  4.00092453E-02  5.22294315E-04
2.19929947E-01  4.11029048E-02  5.27350523E-04
2.20228562E-01  4.03135456E-02  5.20575792E-04
2.20527177E-01  4.01935279E-02  5.22567076E-04
2.20825792E-01  4.08953205E-02  5.27736498E-04
2.21124407E-01  4.00784723E-02  5.20895177E-04
2.21423022E-01  4.08140905E-02  5.24725823E-04
2.21721637E-01  4.01294604E-02  5.19238703E-04
2.22020252E-01  3.95756587E-02  5.15493390E-04
2.22318867E-01  3.97932306E-02  5.20272995E-04
2.22617482E-01  3.98075245E-02  5.14298794E-04
2.22916097E-01  3.94442305E-02  5.18913206E-04
2.23214712E-01  3.86121795E-02  5.08142984E-04
2.23513327E-01  3.94357592E-02  5.17015229E-04
2.23811942E-01  3.97618711E-02  5.16257365E-04
2.24110557E-01  3.83221805E-02  5.04763855E-04
2.24409172E-01  3.89833860E-02  5.12983708E-04
2.24707787E-01  3.90283354E-02  5.08364232E-04
2.25006402E-01  3.89756113E-02  5.13995124E-04
2.25305017E-01  3.88396196E-02  5.03943360E-04
2.25603632E-01  3.88911813E-02  5.11327875E-04
2.25902247E-01  3.82482857E-02  5.07680816E-04
2.26200862E-01  3.87055986E-02  5.07879246E-04
2.26499477E-01  3.86559777E-02  5.05793316E-04
2.26798092E-01  3.85897234E-02  5.08155616E-04
2.27096707E-01  3.81973423E-02  5.04830270E-04
2.27395322E-01  3.93358245E-02  5.14248735E-04
2.27693937E-01  3.78568470E-02  4.98245819E-04
2.27992552E-01  3.83497886E-02  5.03210467E-04
2.28291167E-01  3.80815677E-02  5.01160044E-04
2.28589782E-01  3.77198867E-02  5.02842420E-04
2.28888397E-01  3.73972692E-02  4.98940819E-04
2.29187012E-01  3.83295603E-02  5.00922324E-04
2.29485627E-01  3.75941209E-02  4.97946283E-04
2.29784242E-01  3.81233133E-02  5.03763906E-04
2.30082857E-01  3.87508571E-02  5.04535972E-04
2.30381472E-01  3.77194472E-02  4.96781780E-04
2.30680087E-01  3.78025658E-02  4.98612178E-04
2.30978702E-01  3.68227959E-02  4.92109219E-04
2.31277317E-01  3.77513990E-02  4.98849375E-04
2.31575932E-01  3.85797173E-02  5.04148542E-04
2.31874547E-01  3.71599793E-02  4.90991457E-04
2.32173162E-01  3.77372801E-02  4.97189176E-04
2.32471777E-01  3.90530862E-02  5.06798446E-04
2.32770392E-01  3.82440723E-02  4.99805086E-04
2.33069007E-01  3.75547744E-02  4.94999520E-04
2.33367622E-01  3.80368605E-02  4.96334746E-04
2.33666237E-01  3.84556502E-02  5.03344461E-04
2.33964852E-01  3.78033221E-02  4.95230604E-04
2.34263467E-01  3.81797627E-02  4.97691217E-04
2.34562082E-01  3.80232520E-02  4.97940870E-04
2.34860697E-01  3.86219360E-02  5.00992464E-04
2.35159312E-01  3.94849852E-02  5.07135468E-04
2.35457927E-01  3.73042338E-02  4.90293722E-04
2.35756542E-01  3.84453014E-02  4.95789864E-04
2.36055157E-01  3.83388698E-02  4.99298854E-04
2.36353772E-01  3.88062038E-02  5.01906965E-04
2.36652387E-01  3.89856175E-02  5.05795120E-04
2.36951002E-01  3.93461250E-02  4.98932379E-04
2.37249617E-01  3.89232300E-02  5.04095573E-04
2.37548232E-01  3.94129902E-02  5.04962867E-04
2.37846847E-01  4.00220007E-02  5.07136050E-04
2.38145462E-01  3.96919511E-02  5.04617579E-04
2.38444077E-01  3.95585895E-02  5.00421040E-04
2.38742692E-01  4.02431153E-02  5.13161416E-04
2.39041307E-01  3.97270694E-02  5.05268283E-04
2.39339922E-01  4.07881849E-02  5.10971295E-04
2.39638537E-01  4.08183262E-02  5.11589751E-04
2.39937152E-01  4.03491780E-02  5.07225923E-04
2.40235767E-01  4.02070060E-02  5.09889855E-04
2.40534382E-01  4.07455415E-02  5.09997073E-04
2.40832997E-01  4.12068963E-02  5.11738879E-04
2.41131612E-01  3.94105427E-02  5.03117859E-04
2.41430227E-01  3.99594679E-02  5.02406328E-04
2.41728842E-01  4.02333662E-02  5.09201549E-04
2.42027457E-01  3.90258916E-02  4.94871638E-04
2.42326072E-01  3.88088748E-02  4.95396554E-04
2.42624687E-01  3.84036079E-02  4.97491099E-04
2.42923302E-01  3.78474444E-02  4.90987266E-04
2.43221917E-01  3.73397581E-02  4.83142474E-04
2.43520532E-01  3.79188620E-02  4.88879043E-04
2.43819147E-01  3.77228186E-02  4.88017249E-04
2.44117762E-01  3.61037813E-02  4.79681243E-04
2.44416377E-01  3.66057232E-02  4.84217948E-04
2.44714992E-01  3.57809030E-02  4.72440064E-04
2.45013607E-01  3.50905210E-02  4.72773827E-04
2.45312222E-01  3.45914513E-02  4.66558296E-04
2.45610837E-01  3.41369510E-02  4.64889570E-04
2.45909452E-01  3.33853737E-02  4.55118745E-04
2.46208067E-01  3.34066711E-02  4.59005852E-04
2.46506682E-01  3.30344066E-02  4.55441244E-04
2.46805297E-01  3.29232365E-02  4.58329334E-04
2.47103912E-01  3.28668468E-02  4.52186650E-04
2.47402527E-01  3.19275782E-02  4.45679500E-04
2.47701142E-01  3.10478583E-02  4.42144403E-04
2.47999757E-01  3.28639075E-02  4.54518362E-04
2.48298372E-01  3.21530141E-02  4.52187087E-04
2.48596987E-01  3.18758711E-02  4.41741577E-04
2.48895602E-01  3.17473896E-02  4.43943456E-04
2.49194217E-01  3.15178074E-02  4.42816090E-04
2.49492832E-01  3.10198385E-02  4.40141623E-04
2.49791447E-01  3.17250676E-02  4.46212769E-04
2.50090062E-01  3.04177888E-02  4.33964567E-04
2.50388677E-01  3.06877717E-02  4.38979449E-04
2.50687292E-01  3.03899162E-02  4.35298047E-04
2.50985907E-01  3.11257672E-02  4.38043615E-04
2.51284522E-01  3.07853054E-02  4.38361021E-04
2.51583137E-01  3.11884321E-02  4.38015588E-04
2.51881752E-01  3.06085367E-02  4.35799797E-04
2.52180367E-01  3.02239712E-02  4.33054403E-04
2.52478982E-01  3.07462011E-02  4.35252412E-04
2.52777597E-01  3.17406729E-02  4.43070487E-04
2.53076212E-01  3.00871264E-02  4.31492488E-04
2.53374827E-01  3.08521036E-02  4.38247196E-04
2.53673442E-01  3.02082375E-02  4.28108964E-04
2.53972057E-01  3.09545361E-02  4.36846836E-04
2.54270672E-01  3.07223815E-02  4.35089634E-04
2.54569287E-01  3.14783640E-02  4.42436634E-04
2.54867902E-01  3.13790515E-02  4.39480820E-04
2.55166517E-01  3.07248663E-02  4.32102184E-04
2.55465132E-01  3.07389367E-02  4.34627291E-04
2.55763747E-01  3.11024934E-02  4.37542796E-04
2.56062362E-01  3.06491554E-02  4.34226822E-04
2.56360977E-01  3.04318555E-02  4.29813022E-04
2.56659592E-01  3.05978283E-02  4.29848238E-04
2.56958207E-01  3.16214152E-02  4.40590928E-04
2.57256822E-01  3.11959963E-02  4.36917006E-04
2.57555437E-01  3.09902616E-02  4.33398440E-04
2.57854052E-01  3.15282904E-02  4.38188872E-04
2.58152667E-01  3.12140938E-02  4.37513867E-04
2.58451282E-01  3.05130538E-02  4.32689587E-04
2.58749897E-01  3.10785864E-02  4.32649715E-04
2.59048512E-01  3.17239799E-02  4.38041141E-04
2.59347127E-01  3.08871008E-02  4.31997993E-04
2.59645742E-01  3.11263278E-02  4.35855763E-04
2.59944357E-01  3.13241445E-02  4.37939336E-04
2.60242972E-01  3.16280983E-02  4.34527319E-04
2.60541587E-01  3.17652263E-02  4.39491385E-04
2.60840202E-01  3.13256457E-02  4.35288413E-04
2.61138817E-01  3.22082452E-02  4.42664896E-04
2.61437432E-01  3.20602953E-02  4.40132950E-04
2.61736047E-01  3.13805826E-02  4.33506240E-04
2.62034662E-01  3.15998979E-02  4.37078474E-04
2.62333277E-01  3.22069153E-02  4.41025128E-04
2.62631892E-01  3.15815061E-02  4.34215181E-04
2.62930507E-01  3.17819044E-02  4.35818569E-04
2.63229122E-01  3.25522125E-02  4.41876182E-04
2.63527737E-01  3.31666209E-02  4.48853825E-04
2.63826352E-01  3.25194076E-02  4.40619711E-04
2.64124967E-01  3.27464268E-02  4.42156073E-04
2.64423582E-01  3.24390270E-02  4.40420932E-04
2.64722197E-01  3.27095725E-02  4.40535456E-04
2.65020812E-01  3.33535410E-02  4.49289975E-04
2.65319427E-01  3.34579125E-02  4.44057689E-04
2.65618042E-01  3.40398848E-02  4.52579639E-04
2.65916657E-01  3.40190306E-02  4.50672145E-04
2.66215272E-01  3.43000777E-02  4.51943197E-04
2.66513887E-01  3.46340649E-02  4.54493391E-04
2.66812502E-01  3.51321474E-02  4.54920868E-04
2.67111117E-01  3.56078148E-02  4.61080228E-04
2.67409732E-01  3.55304927E-02  4.59386298E-04
2.67708347E-01  3.61538045E-02  4.64120967E-04
2.68006962E-01  3.71345282E-02  4.69643594E-04
2.68305577E-01  3.64615805E-02  4.63811215E-04
2.68604192E-01  3.73382159E-02  4.70566709E-04
2.68902807E-01  3.67511511E-02  4.66251513E-04
2.69201422E-01  3.75151299E-02  4.68902494E-04
2.69500037E-01  3.82441059E-02  4.75384761E-04
2.69798652E-01  3.90844867E-02  4.80333198E-04
2.70097267E-01  3.92353125E-02  4.84386546E-04
2.70395882E-01  3.95646058E-02  4.78981936E-04
2.70694497E-01  4.02891487E-02  4.87432146E-04
2.70993112E-01  4.22873385E-02  5.00275521E-04
2.71291727E-01  4.15780656E-02  4.95679968E-04
2.71590342E-01  4.20668200E-02  4.99875343E-04
2.71888957E-01  4.17637601E-02  4.91746876E-04
2.72187572E-01  4.32445705E-02  5.03320422E-04
2.72486187E-01  4.25819270E-02  4.99961490E-04
2.72784802E-01  4.27807644E-02  5.02157607E-04
2.73083417E-01  4.36231233E-02  5.01946022E-04
2.73382032E-01  4.36202474E-02  5.04862634E-04
2.73680647E-01  4.31513265E-02  5.04461059E-04
2.73979262E-01  4.42934632E-02  5.08616562E-04
2.74277877E-01  4.40342352E-02  5.05074102E-04
2.74576492E-01  4.41450514E-02  5.06478420E-04
2.74875107E-01  4.46666628E-02  5.11018734E-04
2.75173722E-01  4.34140339E-02  5.04575612E-04
2.75472337E-01  4.38241586E-02  5.01347065E-04
2.75770952E-01  4.34278548E-02  5.03886142E-04
2.76069567E-01  4.28625420E-02  4.95694636E-04
2.76368182E-01  4.20385934E-02  4.97541681E-04
2.76666797E-01  4.18495871E-02  4.95027460E-04
2.76965412E-01  4.17400450E-02  4.88798192E-04
2.77264027E-01  3.97739373E-02  4.80882300E-04
2.77562642E-01  3.85724269E-02  4.69419087E-04
2.77861257E-01  3.92378531E-02  4.79581475E-04
2.78159872E-01  3.77565958E-02  4.64084034E-04
2.78458487E-01  3.71382199E-02  4.61995340E-04
2.78757102E-01  3.73826809E-02  4.66918893E-04
2.79055717E-01  3.60161401E-02  4.55535686E-04
2.79354332E-01  3.52035239E-02  4.50255378E-04
2.79652947E-01  3.60107310E-02  4.55503730E-04
2.79951562E-01  3.44715863E-02  4.42016084E-04
2.80250177E-01  3.40429619E-02  4.44901496E-04
2.80548792E-01  3.31980251E-02  4.36589413E-04
2.80847407E-01  3.25347967E-02  4.30594082E-04
2.81146022E-01  3.21568511E-02  4.29905980E-04
2.81444637E-01  3.22322845E-02  4.31493216E-04
2.81743252E-01  3.13059539E-02  4.23440244E-04
2.82041867E-01  3.16634923E-02  4.22179874E-04
2.82340482E-01  3.07543613E-02  4.19486023E-04
2.82639097E-01  3.00406516E-02  4.14797949E-04
2.82937712E-01  3.03071737E-02  4.15908871E-04
2.83236327E-01  3.03855352E-02  4.16240189E-04
2.83534942E-01  2.89800335E-02  4.04495077E-04
2.83833557E-01  3.00600324E-02  4.14315815E-04
2.84132172E-01  2.90509872E-02  4.06595937E-04
2.84430787E-01  2.94259414E-02  4.11360583E-04
2.84729402E-01  2.84710024E-02  3.99654527E-04
2.85028017E-01  2.92778742E-02  4.07779327E-04
2.85326632E-01  2.86298860E-02  4.05862986E-04
2.85625247E-01  2.85843033E-02  3.99088254E-04
2.85923862E-01  2.86961235E-02  4.03212063E-04
2.86222477E-01  2.86962409E-02  4.02816251E-04
2.86521092E-01  2.83541288E-02  4.00507619E-04
2.86819707E-01  2.79538613E-02  4.00445686E-04
2.87118322E-01  2.81868614E-02  3.96212825E-04
2.87416937E-01  2.82639004E-02  3.98597389E-04
2.87715552E-01  2.82428525E-02  3.97865573E-04
2.88014167E-01  2.80152727E-02  3.98998614E-04
2.88312782E-01  2.80262157E-02  3.98387521E-04
2.88611397E-01  2.82573085E-02  3.95371491E-04
2.88910012E-01  2.73215938E-02  3.93738504E-04
2.89208627E-01  2.80349199E-02  3.96791176E-04
2.89507242E-01  2.71808300E-02  3.90414731E-04
2.89805857E-01  2.79796347E-02  3.94666975E-04
2.90104472E-01  2.77264845E-02  3.92307906E-04
2.90403087E-01  2.76490841E-02  3.95998417E-04
2.90701702E-01  2.73694284E-02  3.90912057E-04
2.91000317E-01  2.75771338E-02  3.91726964E-04
2.91298932E-01  2.74131391E-02  3.91416630E-04
2.91597547E-01  2.71405037E-02  3.90036730E-04
2.91896162E-01  2.61662174E-02  3.82692640E-04
2.92194777E-01  2.71522067E-02  3.88324785E-04
2.92493392E-01  2.67209057E-02  3.85602732E-04
2.92792007E-01  2.73995847E-02  3.90944217E-04
2.93090622E-01  2.78913733E-02  3.94246512E-04
2.93389237E-01  2.73856614E-02  3.90467438E-04
2.93687852E-01  2.70991419E-02  3.85716266E-04
2.93986467E-01  2.72154287E-02  3.89348454E-04
2.94285082E-01  2.70126108E-02  3.85933818E-04
2.94583697E-01  2.69846451E-02  3.88640590E-04
2.94882312E-01  2.68052593E-02  3.84821731E-04
2.95180927E-01  2.73667295E-02  3.86329222E-04
2.95479542E-01  2.72426251E-02  3.88981949E-04
2.95778157E-01  2.73585822E-02  3.88309214E-04
2.96076772E-01  2.71167159E-02  3.86868778E-04
2.96375387E-01  2.69306619E-02  3.85077554E-04
2.96674002E-01  2.75210850E-02  3.89090215E-04
2.96972617E-01  2.60039922E-02  3.80686659E-04
2.97271232E-01  2.72622649E-02  3.89978610E-04
2.97569847E-01  2.69427355E-02  3.87876091E-04
2.97868462E-01  2.69550942E-02  3.89103807E-04
2.98167077E-01  2.73805503E-02  3.94097355E-04
2.98465692E-01  2.74246410E-02  3.96875461E-04
2.98764307E-01  2.77033653E-02  3.95439682E-04
2.99062922E-01  2.68768836E-02  3.91914597E-04
2.99361537E-01  2.69428752E-02  3.93672875E-04
2.99660152E-01  2.73957755E-02  3.97667172E-04
2.99958767E-01  2.70652585E-02  3.95461073E-04
3.00257382E-01  2.67919842E-02  3.94554780E-04
3.00555997E-01  2.78620925E-02  4.02154663E-04
3.00854612E-01  2.68057100E-02  3.93861061E-04
3.01153227E-01  2.82468218E-02  4.06987703E-04
3.01451842E-01  2.76118461E-02  4.00550460E-04
3.01750457E-01  2.83212010E-02  4.10366018E-04
3.02049072E-01  2.80921813E-02  4.05771687E-04
3.02347687E-01  2.84706429E-02  4.16663388E-04
3.02646302E-01  2.79492158E-02  4.18084877E-04
3.02944917E-01  2.77341232E-02  4.16360708E-04
3.03243532E-01  2.75481958E-02  4.22868616E-04
3.03542147E-01  2.83130128E-02  4.29428910E-04
3.03840762E-01  2.80533582E-02  4.27214021E-04
3.04139377E-01  2.77664308E-02  4.30551998E-04
3.04437992E-01  2.76419632E-02  4.25765145E-04
3.04736607E-01  2.89894901E-02  4.43169061E-04
3.05035222E-01  2.81717051E-02  4.33308305E-04
3.05333837E-01  2.80128326E-02  4.35000780E-04
3.05632452E-01  2.92203967E-02  4.47851751E-04
3.05931067E-01  2.86954138E-02  4.41572425E-04
3.06229682E-01  2.86678709E-02  4.46141901E-04
3.06528297E-01  2.92814989E-02  4.46590624E-04
3.06826912E-01  2.92439945E-02  4.51836706E-04
3.07125527E-01  2.88469754E-02  4.49856219E-04
3.07424142E-01  2.97565274E-02  4.56336944E-04
3.07722757E-01  2.92476099E-02  4.56048496E-04
3.08021372E-01  2.88434792E-02  4.49146813E-04
3.08319987E-01  2.97610816E-02  4.52800450E-04
3.08618602E-01  2.99532972E-02  4.49828309E-04
3.08917217E-01  3.01913470E-02  4.44857113E-04
3.09215832E-01  3.06044277E-02  4.51778149E-04
3.09514447E-01  3.03483140E-02  4.42864140E-04
3.09813062E-01  3.04208845E-02  4.44396574E-04
3.10111677E-01  3.00645791E-02  4.39802039E-04
3.10410292E-01  3.08436938E-02  4.39951313E-04
3.10708907E-01  3.10681369E-02  4.45836748E-04
3.11007522E-01  3.09871417E-02  4.39059368E-04
3.11306137E-01  3.10586914E-02  4.45151527E-04
3.11604752E-01  3.22405845E-02  4.48218430E-04
3.11903367E-01  3.17729637E-02  4.44474921E-04
3.12201982E-01  3.25451754E-02  4.49723215E-04
3.12500597E-01  3.15055214E-02  4.38465679E-04
3.12799212E-01  3.28029804E-02  4.51137224E-04
3.13097827E-01  3.30827534E-02  4.49907762E-04
3.13396442E-01  3.37516814E-02  4.53830406E-04
3.13695057E-01  3.33318673E-02  4.53295565E-04
3.13993672E-01  3.36863920E-02  4.51121101E-04
3.14292287E-01  3.35429311E-02  4.51350061E-04
3.14590902E-01  3.39105763E-02  4.52503155E-04
3.14889517E-01  3.45266648E-02  4.56596492E-04
3.15188132E-01  3.48883457E-02  4.61662188E-04
3.15486747E-01  3.41509916E-02  4.50683554E-04
3.15785362E-01  3.49852927E-02  4.59260627E-04
3.16083977E-01  3.50069478E-02  4.55944886E-04
3.16382592E-01  3.51154692E-02  4.59153234E-04
3.16681207E-01  3.47704887E-02  4.54875844E-04
3.16979822E-01  3.53035666E-02  4.57639602E-04
3.17278437E-01  3.60203534E-02  4.63824079E-04
3.17577052E-01  3.54646668E-02  4.58803726E-04
3.17875667E-01  3.55060026E-02  4.65494901E-04
3.18174282E-01  3.52275372E-02  4.67915408E-04
3.18472897E-01  3.58197764E-02  4.78619186E-04
3.18771512E-01  3.56062241E-02  4.75341571E-04
3.19070127E-01  3.59212793E-02  4.81179683E-04
3.19368742E-01  3.48844863E-02  4.74585919E-04
3.19667357E-01  3.51312011E-02  4.76664834E-04
3.19965972E-01  3.57647203E-02  4.82032308E-04
3.20264587E-01  3.54033299E-02  4.81778290E-04
3.20563202E-01  3.48521024E-02  4.77605325E-04
3.20861817E-01  3.50839458E-02  4.80151706E-04
3.21160432E-01  3.41397710E-02  4.72163927E-04
3.21459047E-01  3.43604907E-02  4.78198606E-04
3.21757662E-01  3.41645516E-02  4.73822642E-04
3.22056277E-01  3.42569575E-02  4.74192988E-04
3.22354892E-01  3.38933058E-02  4.75768757E-04
3.22653507E-01  3.38505283E-02  4.73955733E-04
3.22952122E-01  3.40091288E-02  4.79239534E-04
3.23250737E-01  3.34273987E-02  4.66161640E-04
3.23549352E-01  3.42951417E-02  4.78030386E-04
3.23847967E-01  3.33658271E-02  4.73715161E-04
3.24146582E-01  3.28908563E-02  4.68961051E-04
3.24445197E-01  3.31570096E-02  4.71130479E-04
3.24743812E-01  3.42290476E-02  4.77852416E-04
3.25042427E-01  3.41633596E-02  4.82467876E-04
3.25341042E-01  3.36837322E-02  4.73620807E-04
3.25639657E-01  3.35273221E-02  4.75146808E-04
3.25938272E-01  3.36715840E-02  4.77431080E-04
3.26236887E-01  3.28376144E-02  4.67774167E-04
3.26535502E-01  3.36196981E-02  4.80477524E-04
3.26834117E-01  3.38732004E-02  4.76898160E-04
3.27132732E-01  3.44237611E-02  4.83167300E-04
3.27431347E-01  3.41450274E-02  4.81920724E-04
3.27729962E-01  3.47409770E-02  4.83821961E-04
3.28028577E-01  3.44029516E-02  4.89278929E-04
3.28327192E-01  3.41198891E-02  4.75726265E-04
3.28625807E-01  3.41297872E-02  4.83684882E-04
3.28924422E-01  3.46849374E-02  4.87313344E-04
3.29223037E-01  3.47374752E-02  4.85660712E-04
3.29521652E-01  3.45479809E-02  4.85341268E-04
3.29820267E-01  3.42292674E-02  4.81386698E-04
3.30118882E-01  3.44322659E-02  4.88167745E-04
3.30417497E-01  3.43093723E-02  4.84674965E-04
3.30716112E-01  3.43991481E-02  4.82441770E-04
3.31014727E-01  3.41615230E-02  4.81626164E-04
3.31313342E-01  3.44469137E-02  4.81928262E-04
3.31611957E-01  3.32210436E-02  4.78359783E-04
3.31910572E-01  3.33269164E-02  4.75710607E-04
3.32209187E-01  3.34917679E-02  4.74785978E-04
3.32507802E-01  3.38350423E-02  4.82619624E-04
3.32806417E-01  3.36167254E-02  4.74700762E-04
3.33105032E-01  3.26048881E-02  4.71791980E-04
3.33403647E-01  3.27164792E-02  4.69539315E-04
3.33702262E-01  3.27821039E-02  4.70287458E-04
3.34000877E-01  3.32761891E-02  4.73541470E-04
3.34299492E-01  3.20546776E-02  4.66277590E-04
3.34598107E-01  3.29746939E-02  4.73342661E-04
3.34896722E-01  3.17635126E-02  4.60099225E-04
3.35195337E-01  3.16724442E-02  4.60376701E-04
3.35493952E-01  3.09018679E-02  4.57416580E-04
3.35792567E-01  3.10412720E-02  4.56835231E-04
3.36091182E-01  2.98446752E-02  4.48601932E-04
3.36389797E-01  2.99342573E-02  4.46531340E-04
3.36688412E-01  3.05237789E-02  4.53813089E-04
3.36987027E-01  3.08250878E-02  4.53261106E-04
3.37285642E-01  2.96666902E-02  4.46481776E-04
3.37584257E-01  3.01987100E-02  4.51129163E-04
3.37882872E-01  2.90299766E-02  4.40252596E-04
3.38181487E-01  2.95136087E-02  4.45593148E-04
3.38480102E-01  2.89938413E-02  4.35076247E-04
3.38778717E-01  2.89246719E-02  4.40482894E-04
3.39077332E-01  2.83708554E-02  4.34474059E-04
3.39375947E-01  2.81285066E-02  4.32490429E-04
3.39674562E-01  2.85926592E-02  4.38849587E-04
3.39973177E-01  2.83907801E-02  4.32754110E-04
3.40271792E-01  2.84734312E-02  4.36403265E-04
3.40570407E-01  2.83877794E-02  4.34988324E-04
3.40869022E-01  2.79897358E-02  4.29444015E-04
3.41167637E-01  2.80615781E-02  4.31359367E-04
3.41466252E-01  2.81841811E-02  4.29704814E-04
3.41764867E-01  2.77082585E-02  4.31260210E-04
3.42063482E-01  2.83352584E-02  4.32712841E-04
3.42362097E-01  2.76695006E-02  4.25282167E-04
3.42660712E-01  2.74705645E-02  4.27664258E-04
3.42959327E-01  2.74178516E-02  4.22865327E-04
3.43257942E-01  2.75574513E-02  4.28342668E-04
3.43556557E-01  2.75944471E-02  4.25437203E-04
3.43855172E-01  2.69475244E-02  4.20542026E-04
3.44153787E-01  2.71201488E-02  4.21647273E-04
3.44452402E-01  2.68950202E-02  4.19416319E-04
3.44751017E-01  2.71604303E-02  4.22324607E-04
3.45049632E-01  2.70935874E-02  4.17764822E-04
3.45348247E-01  2.69506220E-02  4.20692813E-04
3.45646862E-01  2.74834111E-02  4.23022022E-04
3.45945477E-01  2.73583289E-02  4.22299025E-04
3.46244092E-01  2.72563603E-02  4.16576979E-04
3.46542707E-01  2.70404555E-02  4.15270508E-04
3.46841322E-01  2.76631918E-02  4.23091435E-04
3.47139937E-01  2.74583139E-02  4.20105382E-04
3.47438552E-01  2.65622307E-02  4.10108303E-04
3.47737167E-01  2.69231573E-02  4.16226918E-04
3.48035782E-01  2.63733063E-02  4.08312248E-04
3.48334397E-01  2.68953927E-02  4.15549439E-04
3.48633012E-01  2.65808199E-02  4.07347979E-04
3.48931627E-01  2.62500588E-02  4.07922518E-04
3.49230242E-01  2.64086425E-02  4.10287787E-04
3.49528857E-01  2.66857333E-02  4.11182817E-04
3.49827472E-01  2.66791563E-02  4.11815417E-04
3.50126087E-01  2.59354189E-02  4.02159931E-04
3.50424702E-01  2.61085276E-02  4.07052314E-04
3.50723317E-01  2.62969211E-02  4.06837236E-04
3.51021932E-01  2.61814613E-02  4.07397980E-04
3.51320547E-01  2.69011687E-02  4.10812616E-04
3.51619162E-01  2.65656896E-02  4.07355314E-04
3.51917777E-01  2.52741259E-02  3.99070675E-04
3.52216392E-01  2.54726298E-02  3.99869023E-04
3.52515007E-01  2.67994050E-02  4.08260064E-04
3.52813622E-01  2.56676357E-02  3.99547687E-04
3.53112237E-01  2.63122674E-02  4.08987980E-04
3.53410852E-01  2.66562086E-02  4.10971901E-04
3.53709467E-01  2.62310635E-02  3.99926968E-04
3.54008082E-01  2.61025093E-02  4.03250800E-04
3.54306697E-01  2.60000471E-02  4.02678270E-04
3.54605312E-01  2.64728442E-02  4.08436230E-04
3.54903927E-01  2.54545026E-02  4.01718513E-04
3.55202542E-01  2.57642046E-02  3.95623996E-04
3.55501157E-01  2.57257558E-02  4.01426252E-04
3.55799772E-01  2.55206767E-02  3.97983997E-04
3.56098387E-01  2.50779856E-02  3.95481009E-04
3.56397002E-01  2.58156974E-02  4.00930614E-04
3.56695617E-01  2.62109861E-02  3.99574434E-04
3.56994232E-01  2.62734480E-02  4.07352520E-04
3.57292847E-01  2.56058425E-02  3.95672367E-04
3.57591462E-01  2.60037892E-02  4.01199417E-04
3.57890077E-01  2.61837486E-02  4.01829515E-04
3.58188692E-01  2.59503070E-02  3.98434728E-04
3.58487307E-01  2.69179549E-02  4.11308836E-04
3.58785922E-01  2.59679817E-02  3.96885822E-04
3.59084537E-01  2.59534903E-02  4.00709629E-04
3.59383152E-01  2.51883846E-02  3.93280585E-04
3.59681767E-01  2.66312920E-02  4.04714054E-04
3.59980382E-01  2.65695937E-02  4.08087421E-04
3.60278997E-01  2.58384999E-02  3.94033414E-04
3.60577612E-01  2.54421234E-02  3.96855554E-04
3.60876227E-01  2.60706134E-02  4.00329038E-04
3.61174842E-01  2.70412397E-02  4.05228755E-04
3.61473457E-01  2.59240512E-02  3.96770891E-04
3.61772072E-01  2.64300946E-02  4.01795696E-04
3.62070687E-01  2.58360505E-02  3.99707147E-04
3.62369302E-01  2.66181584E-02  4.02797159E-04
3.62667917E-01  2.53492426E-02  3.92976071E-04
3.62966532E-01  2.57944968E-02  3.95158480E-04
3.63265147E-01  2.61449087E-02  3.99310171E-04
3.63563762E-01  2.60125156E-02  3.98404896E-04
3.63862377E-01  2.54088342E-02  3.92300426E-04
3.64160992E-01  2.57889740E-02  3.95538256E-04
3.64459607E-01  2.56888680E-02  3.94979696E-04
3.64758222E-01  2.61688046E-02  3.98653530E-04
3.65056837E-01  2.56734453E-02  3.95491254E-04
3.65355452E-01  2.56079715E-02  3.91475012E-04
3.65654067E-01  2.63160449E-02  4.00200661E-04
3.65952682E-01  2.59316359E-02  3.94354749E-04
3.66251297E-01  2.57651228E-02  3.97044874E-04
3.66549912E-01  2.60611288E-02  3.95547191E-04
3.66848527E-01  2.60948054E-02  3.93752096E-04
3.67147142E-01  2.64184903E-02  4.01944533E-04
3.67445757E-01  2.63410341E-02  3.97151161E-04
3.67744372E-01  2.56605558E-02  3.93014343E-04
3.68042987E-01  2.55836081E-02  3.91606212E-04
3.68341602E-01  2.56644990E-02  3.92430869E-04
3.68640217E-01  2.65866350E-02  4.01310564E-04
3.68938832E-01  2.61594653E-02  3.93031165E-04
3.69237447E-01  2.65572406E-02  3.99097597E-04
3.69536062E-01  2.57888138E-02  3.91549431E-04
3.69834677E-01  2.60153003E-02  3.95627052E-04
3.70133292E-01  2.59846225E-02  3.96538526E-04
3.70431907E-01  2.68629715E-02  3.97980853E-04
3.70730522E-01  2.48867553E-02  3.85945546E-04
3.71029137E-01  2.46345755E-02  3.81805236E-04
3.71327752E-01  2.64701080E-02  3.97518976E-04
3.71626367E-01  2.63915621E-02  3.96518299E-04
3.71924982E-01  2.61663590E-02  3.94517527E-04
3.72223597E-01  2.61861216E-02  3.96622869E-04
3.72522212E-01  2.57633831E-02  3.89061344E-04
3.72820827E-01  2.59079654E-02  3.91960464E-04
3.73119442E-01  2.63546240E-02  3.95428127E-04
3.73418057E-01  2.58050226E-02  3.89379507E-04
3.73716672E-01  2.61274744E-02  3.96599877E-04
3.74015287E-01  2.65980493E-02  3.94012750E-04
3.74313902E-01  2.69340072E-02  3.98421602E-04
3.74612517E-01  2.59652194E-02  3.92198795E-04
3.74911132E-01  2.64050476E-02  3.94897710E-04
3.75209747E-01  2.62795426E-02  3.94568167E-04
3.75508362E-01  2.65109111E-02  3.93673341E-04
3.75806977E-01  2.63479613E-02  3.93867813E-04
3.76105592E-01  2.65288446E-02  3.95117619E-04
3.76404207E-01  2.68743262E-02  3.97887168E-04
3.76702822E-01  2.61576325E-02  3.90847999E-04
3.77001437E-01  2.64784954E-02  3.93539260E-04
3.77300052E-01  2.68811435E-02  3.99171084E-04
3.77598667E-01  2.70108320E-02  3.99208744E-04
3.77897282E-01  2.66322363E-02  3.93484370E-04
3.78195897E-01  2.63431743E-02  3.90751957E-04
3.78494512E-01  2.60265712E-02  3.90769972E-04
3.78793127E-01  2.61386968E-02  3.90914327E-04
3.79091742E-01  2.67665889E-02  3.94780567E-04
3.79390357E-01  2.63947640E-02  3.91732727E-04
3.79688972E-01  2.73761097E-02  3.99151788E-04
3.79987587E-01  2.64271181E-02  3.91480658E-04
3.80286202E-01  2.62407325E-02  3.91086825E-04
3.80584817E-01  2.65614875E-02  3.93471128E-04
3.80883432E-01  2.66716741E-02  3.92697868E-04
3.81182047E-01  2.60659847E-02  3.89391673E-04
3.81480662E-01  2.70629358E-02  3.96870135E-04
3.81779277E-01  2.72730682E-02  3.95220355E-04
3.82077892E-01  2.72146240E-02  3.97983502E-04
3.82376507E-01  2.67958734E-02  3.94014380E-04
3.82675122E-01  2.67048758E-02  3.94041825E-04
3.82973737E-01  2.78345197E-02  4.00672987E-04
3.83272352E-01  2.73680892E-02  3.94736620E-04
3.83570967E-01  2.70031579E-02  3.95441137E-04
3.83869582E-01  2.64093634E-02  3.89893714E-04
3.84168197E-01  2.73133181E-02  3.97308264E-04
3.84466812E-01  2.71872729E-02  3.94807023E-04
3.84765427E-01  2.66279876E-02  3.90240079E-04
3.85064042E-01  2.68245544E-02  3.94734932E-04
3.85362657E-01  2.66030207E-02  3.90545785E-04
3.85661272E-01  2.69718859E-02  3.90527945E-04
3.85959887E-01  2.69674417E-02  3.94495321E-04
3.86258502E-01  2.80058980E-02  3.99027020E-04
3.86557117E-01  2.69888714E-02  3.96852265E-04
3.86855732E-01  2.72566322E-02  3.93169932E-04
3.87154347E-01  2.68730056E-02  3.90202156E-04
3.87452962E-01  2.74797380E-02  3.98131669E-04
3.87751577E-01  2.76549514E-02  3.94869305E-04
3.88050192E-01  2.70071160E-02  3.94695788E-04
3.88348807E-01  2.71648522E-02  3.90306057E-04
3.88647422E-01  2.72846017E-02  3.94353672E-04
3.88946037E-01  2.78412346E-02  3.97569704E-04
3.89244652E-01  2.74331719E-02  3.95428593E-04
3.89543267E-01  2.77777221E-02  3.98004107E-04
3.89841882E-01  2.75684278E-02  3.93393391E-04
3.90140497E-01  2.76196785E-02  3.97662807E-04
3.90439112E-01  2.77450681E-02  3.97577067E-04
3.90737727E-01  2.75546629E-02  3.91961774E-04
3.91036342E-01  2.79906746E-02  4.00030083E-04
3.91334957E-01  2.75851302E-02  3.92752961E-04
3.91633572E-01  2.76091024E-02  3.96607182E-04
3.91932187E-01  2.78292112E-02  3.94393574E-04
3.92230802E-01  2.76834890E-02  3.94513423E-04
3.92529417E-01  2.79230345E-02  3.98859818E-04
3.92828032E-01  2.89222635E-02  4.01775615E-04
3.93126647E-01  2.75433846E-02  3.93999915E-04
3.93425262E-01  2.76413206E-02  3.93353723E-04
3.93723877E-01  2.82468200E-02  3.99590266E-04
3.94022492E-01  2.81997714E-02  3.98964592E-04
3.94321107E-01  2.80358139E-02  3.95577488E-04
3.94619722E-01  2.74710394E-02  3.91764421E-04
3.94918337E-01  2.85860673E-02  3.99346463E-04
3.95216952E-01  2.78815050E-02  3.95452516E-04
3.95515567E-01  2.79586893E-02  3.96387797E-04
3.95814182E-01  2.83097941E-02  3.95217066E-04
3.96112797E-01  2.88102794E-02  4.01695521E-04
3.96411412E-01  2.83918008E-02  3.97994183E-04
3.96710027E-01  2.81198956E-02  3.96566524E-04
3.97008642E-01  2.80596614E-02  3.94230156E-04
3.97307257E-01  2.83078384E-02  3.96544579E-04
3.97605872E-01  2.76830085E-02  3.93191236E-04
3.97904487E-01  2.84524541E-02  3.99591052E-04
3.98203102E-01  2.82530598E-02  3.93888040E-04
3.98501717E-01  2.85654012E-02  3.97009804E-04
3.98800332E-01  2.82743294E-02  3.95648356E-04
3.99098947E-01  2.80850139E-02  3.94703238E-04
3.99397562E-01  2.75702607E-02  3.92302754E-04
3.99696177E-01  2.89559159E-02  4.00393008E-04
3.99994792E-01  2.82503217E-02  3.94348404E-04
4.00293407E-01  2.77350228E-02  3.91958165E-04
4.00592022E-01  2.79778652E-02  3.92538932E-04
4.00890637E-01  2.87243407E-02  3.97647294E-04
4.01189252E-01  2.74444036E-02  3.88316694E-04
4.01487867E-01  2.78766435E-02  3.93057882E-04
4.01786482E-01  2.87469607E-02  3.98571981E-04
4.02085097E-01  2.82963403E-02  3.92060523E-04
4.02383712E-01  2.81929616E-02  3.96337738E-04
4.02682327E-01  2.82241534E-02  3.91285721E-04
4.02980942E-01  2.77397186E-02  3.91438633E-04
4.03279557E-01  2.86548678E-02  3.96230171E-04
4.03578172E-01  2.78783999E-02  3.88702523E-04
4.03876787E-01  2.72260383E-02  3.87522479E-04
4.04175402E-01  2.72186846E-02  3.84622748E-04
4.04474017E-01  2.79324539E-02  3.91863199E-04
4.04772632E-01  2.79847011E-02  3.90184665E-04
4.05071247E-01  2.78931055E-02  3.90008470E-04
4.05369862E-01  2.74499394E-02  3.90432630E-04
4.05668477E-01  2.73957197E-02  3.82904225E-04
4.05967092E-01  2.84720231E-02  3.93852504E-04
4.06265707E-01  2.82369424E-02  3.91575944E-04
4.06564322E-01  2.82681566E-02  3.91332083E-04
4.06862937E-01  2.77998485E-02  3.91975045E-04
4.07161552E-01  2.84844525E-02  3.91448761E-04
4.07460167E-01  2.75893118E-02  3.87889944E-04
4.07758782E-01  2.82875653E-02  3.89368564E-04
4.08057397E-01  2.76147146E-02  3.86607571E-04
4.08356012E-01  2.74917446E-02  3.87207663E-04
4.08654627E-01  2.77522150E-02  3.85670690E-04
4.08953242E-01  2.71459464E-02  3.85407679E-04
4.09251857E-01  2.79879067E-02  3.88122426E-04
4.09550472E-01  2.72493213E-02  3.83147737E-04
4.09849087E-01  2.72642858E-02  3.83433973E-04
4.10147702E-01  2.72322167E-02  3.81514372E-04
4.10446317E-01  2.67986376E-02  3.82486556E-04
4.10744932E-01  2.74892636E-02  3.84926680E-04
4.11043547E-01  2.76143681E-02  3.82501283E-04
4.11342162E-01  2.79131867E-02  3.87795357E-04
4.11640777E-01  2.74829920E-02  3.85519787E-04
4.11939392E-01  2.64784358E-02  3.78766155E-04
4.12238007E-01  2.65551005E-02  3.75358213E-04
4.12536622E-01  2.68221702E-02  3.79171135E-04
4.12835237E-01  2.69803405E-02  3.78879078E-04
4.13133852E-01  2.72855368E-02  3.82524217E-04
4.13432467E-01  2.67371386E-02  3.78309458E-04
4.13731082E-01  2.73779593E-02  3.81576654E-04
4.14029697E-01  2.69125570E-02  3.79993522E-04
4.14328312E-01  2.72445623E-02  3.81089427E-04
4.14626927E-01  2.67163366E-02  3.78432014E-04
4.14925542E-01  2.71576419E-02  3.78212251E-04
4.15224157E-01  2.69806627E-02  3.79595411E-04
4.15522772E-01  2.64633689E-02  3.76552576E-04
4.15821387E-01  2.62785479E-02  3.72642302E-04
4.16120002E-01  2.69749947E-02  3.78244993E-04
4.16418617E-01  2.68532485E-02  3.78177268E-04
4.16717232E-01  2.66429242E-02  3.75999080E-04
4.17015847E-01  2.66203545E-02  3.77148157E-04
4.17314462E-01  2.68241037E-02  3.73675954E-04
4.17613077E-01  2.60612182E-02  3.71961680E-04
4.17911692E-01  2.69649103E-02  3.77140823E-04
4.18210307E-01  2.68562716E-02  3.79085483E-04
4.18508922E-01  2.61081271E-02  3.70002497E-04
4.18807537E-01  2.70540286E-02  3.76732758E-04
4.19106152E-01  2.66886521E-02  3.76419572E-04
4.19404767E-01  2.53954343E-02  3.66933935E-04
4.19703382E-01  2.59212591E-02  3.67760687E-04
4.20001997E-01  2.68168990E-02  3.75769683E-04
4.20300612E-01  2.59792078E-02  3.68508685E-04
4.20599227E-01  2.62610931E-02  3.73485353E-04
4.20897842E-01  2.60009170E-02  3.69337184E-04
4.21196457E-01  2.60944124E-02  3.68993817E-04
4.21495072E-01  2.60214079E-02  3.70076537E-04
4.21793687E-01  2.56572794E-02  3.66308348E-04
4.22092302E-01  2.57289559E-02  3.68838402E-04
4.22390917E-01  2.61497349E-02  3.66493041E-04
4.22689532E-01  2.58338973E-02  3.69168702E-04
4.22988147E-01  2.65639815E-02  3.71970149E-04
4.23286762E-01  2.51000263E-02  3.63806699E-04
4.23585377E-01  2.56752819E-02  3.65449727E-04
4.23883992E-01  2.56698634E-02  3.64671432E-04
4.24182607E-01  2.54339296E-02  3.63156607E-04
4.24481222E-01  2.56190468E-02  3.66547843E-04
4.24779837E-01  2.53108907E-02  3.62770632E-04
4.25078452E-01  2.53193602E-02  3.61447077E-04
4.25377067E-01  2.49020606E-02  3.60975246E-04
4.25675682E-01  2.53331400E-02  3.61386104E-04
4.25974297E-01  2.53692176E-02  3.64431035E-04
4.26272912E-01  2.51080766E-02  3.58577061E-04
4.26571527E-01  2.48722602E-02  3.60846694E-04
4.26870142E-01  2.48639304E-02  3.57948971E-04
4.27168757E-01  2.47717164E-02  3.57847282E-04
4.27467372E-01  2.46317703E-02  3.55640135E-04
4.27765987E-01  2.53585391E-02  3.63043655E-04
4.28064602E-01  2.45451778E-02  3.55652533E-04
4.28363217E-01  2.46935245E-02  3.57689394E-04
4.28661832E-01  2.39291899E-02  3.51557886E-04
4.28960447E-01  2.46164482E-02  3.56013130E-04
4.29259062E-01  2.43093800E-02  3.53313109E-04
4.29557677E-01  2.40401477E-02  3.51823779E-04
4.29856292E-01  2.45422460E-02  3.53978801E-04
4.30154907E-01  2.48159096E-02  3.56740464E-04
4.30453522E-01  2.45552696E-02  3.56135395E-04
4.30752137E-01  2.48717051E-02  3.57542565E-04
4.31050752E-01  2.40922626E-02  3.50490853E-04
4.31349367E-01  2.35231631E-02  3.46943270E-04
4.31647982E-01  2.36813817E-02  3.47954745E-04
4.31946597E-01  2.38540918E-02  3.51099297E-04
4.32245212E-01  2.38914248E-02  3.48492234E-04
4.32543827E-01  2.38594972E-02  3.50043236E-04
4.32842442E-01  2.43417863E-02  3.55553493E-04
4.33141057E-01  2.48061940E-02  3.55026888E-04
4.33439672E-01  2.42685489E-02  3.53429641E-04
4.33738287E-01  2.39702743E-02  3.49382317E-04
4.34036902E-01  2.36098189E-02  3.48524743E-04
4.34335517E-01  2.34495439E-02  3.46953573E-04
4.34634132E-01  2.43150406E-02  3.53694370E-04
4.34932747E-01  2.38386039E-02  3.48426751E-04
4.35231362E-01  2.41866391E-02  3.51195515E-04
4.35529977E-01  2.41999049E-02  3.53255076E-04
4.35828592E-01  2.30346434E-02  3.44107393E-04
4.36127207E-01  2.40153819E-02  3.49335431E-04
4.36425822E-01  2.39783023E-02  3.49685084E-04
4.36724437E-01  2.39291023E-02  3.49637470E-04
4.37023052E-01  2.37255655E-02  3.48303292E-04
4.37321667E-01  2.35306602E-02  3.44884960E-04
4.37620282E-01  2.29946449E-02  3.43433232E-04
4.37918897E-01  2.36233119E-02  3.47401656E-04
4.38217512E-01  2.40204278E-02  3.50934424E-04
4.38516127E-01  2.37550996E-02  3.46835994E-04
4.38814742E-01  2.32165232E-02  3.41161329E-04
4.39113357E-01  2.36439295E-02  3.47404450E-04
4.39411972E-01  2.35466622E-02  3.46536835E-04
4.39710587E-01  2.41953861E-02  3.49886977E-04
4.40009202E-01  2.35926751E-02  3.46801127E-04
4.40307817E-01  2.32072361E-02  3.40951257E-04
4.40606432E-01  2.33534425E-02  3.45041044E-04
4.40905047E-01  2.35848892E-02  3.45754088E-04
4.41203662E-01  2.37134118E-02  3.44578526E-04
4.41502277E-01  2.39232834E-02  3.47922149E-04
4.41800892E-01  2.34868862E-02  3.44206404E-04
4.42099507E-01  2.32098699E-02  3.42396990E-04
4.42398122E-01  2.32492704E-02  3.41790175E-04
4.42696737E-01  2.34858170E-02  3.43600870E-04
4.42995352E-01  2.34627854E-02  3.44186032E-04
4.43293967E-01  2.31912751E-02  3.43169842E-04
4.43592582E-01  2.32728142E-02  3.43849795E-04
4.43891197E-01  2.33479924E-02  3.41110223E-04
4.44189812E-01  2.33183857E-02  3.43885593E-04
4.44488427E-01  2.35216785E-02  3.43721127E-04
4.44787042E-01  2.30853297E-02  3.41789273E-04
4.45085657E-01  2.35069804E-02  3.43616441E-04
4.45384272E-01  2.36295629E-02  3.45039851E-04
4.45682887E-01  2.35105883E-02  3.46607034E-04
4.45981502E-01  2.38322690E-02  3.45613051E-04
4.46280117E-01  2.38963943E-02  3.46834888E-04
4.46578732E-01  2.36961022E-02  3.45606415E-04
4.46877347E-01  2.37596687E-02  3.46754881E-04
4.47175962E-01  2.27937326E-02  3.43044201E-04
4.47474577E-01  2.32958440E-02  3.41040606E-04
4.47773192E-01  2.33340468E-02  3.43036489E-04
4.48071807E-01  2.30820794E-02  3.41180712E-04
4.48370422E-01  2.33767554E-02  3.44334781E-04
4.48669037E-01  2.37837750E-02  3.46406450E-04
4.48967652E-01  2.28056442E-02  3.38838872E-04
4.49266267E-01  2.36466806E-02  3.46473826E-04
4.49564882E-01  2.32053604E-02  3.43378255E-04
4.49863497E-01  2.31587160E-02  3.41605191E-04
4.50162112E-01  2.32816115E-02  3.43717256E-04
4.50460727E-01  2.31296066E-02  3.42670217E-04
4.50759342E-01  2.30892021E-02  3.42447660E-04
4.51057957E-01  2.32969169E-02  3.43531661E-04
4.51356572E-01  2.28686333E-02  3.38136539E-04
4.51655187E-01  2.35788096E-02  3.46522458E-04
4.51953802E-01  2.39893757E-02  3.48221103E-04
4.52252417E-01  2.31684018E-02  3.45643086E-04
4.52551032E-01  2.32911706E-02  3.42443149E-04
4.52849647E-01  2.34947875E-02  3.44692555E-04
4.53148262E-01  2.33938359E-02  3.43952619E-04
4.53446877E-01  2.34235022E-02  3.43794760E-04
4.53745492E-01  2.33747400E-02  3.44193075E-04
4.54044107E-01  2.37324890E-02  3.47507361E-04
4.54342722E-01  2.37660240E-02  3.47217603E-04
4.54641337E-01  2.29949877E-02  3.42294952E-04
4.54939952E-01  2.33344100E-02  3.43599211E-04
4.55238567E-01  2.34857854E-02  3.44486354E-04
4.55537182E-01  2.33641807E-02  3.45955719E-04
4.55835797E-01  2.35052723E-02  3.46077664E-04
4.56134412E-01  2.33204905E-02  3.43804510E-04
4.56433027E-01  2.38800924E-02  3.48289905E-04
4.56731642E-01  2.35480480E-02  3.45176901E-04
4.57030257E-01  2.38379594E-02  3.48678150E-04
4.57328872E-01  2.29561962E-02  3.41339561E-04
4.57627487E-01  2.34584790E-02  3.44903034E-04
4.57926102E-01  2.39720847E-02  3.48890229E-04
4.58224717E-01  2.31914166E-02  3.44380562E-04
4.58523332E-01  2.36426834E-02  3.46564106E-04
4.58821947E-01  2.31336690E-02  3.40791128E-04
4.59120562E-01  2.38776337E-02  3.49520298E-04
4.59419177E-01  2.31358707E-02  3.43897147E-04
4.59717792E-01  2.33761631E-02  3.45603126E-04
4.60016407E-01  2.30999961E-02  3.42419487E-04
4.60315022E-01  2.31303424E-02  3.42118437E-04
4.60613637E-01  2.30700914E-02  3.43033083E-04
4.60912252E-01  2.27728169E-02  3.41878709E-04
4.61210867E-01  2.33292971E-02  3.44196276E-04
4.61509482E-01  2.34186910E-02  3.48486268E-04
4.61808097E-01  2.37563401E-02  3.58916091E-04
4.62106712E-01  2.32158005E-02  3.56323784E-04
4.62405327E-01  2.39433441E-02  3.65175045E-04
4.62703942E-01  2.27801222E-02  3.55765718E-04
4.63002557E-01  2.29955595E-02  3.64001462E-04
4.63301172E-01  2.35234946E-02  3.69453657E-04
4.63599787E-01  2.40156632E-02  3.75290547E-04
4.63898402E-01  2.29239985E-02  3.68355046E-04
4.64197017E-01  2.35647950E-02  3.73950141E-04
4.64495632E-01  2.34566852E-02  3.77793476E-04
4.64794247E-01  2.31530052E-02  3.75937758E-04
4.65092862E-01  2.33091675E-02  3.75320204E-04
4.65391477E-01  2.42888983E-02  3.88883811E-04
4.65690092E-01  2.30438206E-02  3.78684577E-04
4.65988707E-01  2.33797450E-02  3.84776824E-04
4.66287322E-01  2.34312452E-02  3.85520019E-04
4.66585937E-01  2.34386660E-02  3.86008003E-04
4.66884552E-01  2.31360886E-02  3.88252811E-04
4.67183167E-01  2.33868174E-02  3.92019021E-04
4.67481782E-01  2.33528446E-02  3.86910222E-04
4.67780397E-01  2.35070940E-02  3.93703405E-04
4.68079012E-01  2.32117474E-02  3.92574555E-04
4.68377627E-01  2.36639921E-02  3.98686650E-04
4.68676242E-01  2.29855143E-02  3.93850933E-04
4.68974857E-01  2.30734367E-02  3.94605129E-04
4.69273472E-01  2.35557035E-02  4.02499893E-04
4.69572087E-01  2.32520159E-02  3.98710166E-04
4.69870702E-01  2.35228594E-02  4.02703678E-04
4.70169317E-01  2.27479264E-02  3.98046424E-04
4.70467932E-01  2.30616368E-02  4.01634170E-04
4.70766547E-01  2.29194257E-02  4.04593477E-04
4.71065162E-01  2.35049948E-02  4.09604108E-04
4.71363777E-01  2.33229045E-02  4.05263476E-04
4.71662392E-01  2.33296175E-02  4.09986184E-04
4.71961007E-01  2.27298476E-02  4.05954866E-04
4.72259622E-01  2.29240935E-02  4.10670444E-04
4.72558237E-01  2.35874988E-02  4.14198410E-04
4.72856852E-01  2.36284900E-02  4.08543128E-04
4.73155467E-01  2.39537843E-02  4.08230640E-04
4.73454082E-01  2.36743446E-02  4.01029742E-04
4.73752697E-01  2.26211753E-02  3.86024651E-04
4.74051312E-01  2.34320704E-02  3.93109076E-04
4.74349927E-01  2.36622468E-02  3.92683694E-04
4.74648542E-01  2.38192882E-02  3.94097733E-04
4.74947157E-01  2.39067189E-02  3.90968926E-04
4.75245772E-01  2.29736399E-02  3.82628379E-04
4.75544387E-01  2.34629139E-02  3.85936612E-04
4.75843002E-01  2.34330837E-02  3.86545638E-04
4.76141617E-01  2.31445674E-02  3.80803249E-04
4.76440232E-01  2.32263133E-02  3.81580496E-04
4.76738847E-01  2.33060159E-02  3.80788784E-04
4.77037462E-01  2.30262186E-02  3.78702272E-04
4.77336077E-01  2.34892350E-02  3.83322156E-04
4.77634692E-01  2.40408499E-02  3.84370796E-04
4.77933307E-01  2.32488308E-02  3.78492870E-04
4.78231922E-01  2.31309030E-02  3.75232776E-04
4.78530537E-01  2.34802384E-02  3.81704187E-04
4.78829152E-01  2.34133173E-02  3.75442964E-04
4.79127767E-01  2.32523661E-02  3.75429023E-04
4.79426382E-01  2.31690537E-02  3.76844691E-04
4.79724997E-01  2.31681503E-02  3.75146599E-04
4.80023612E-01  2.33551953E-02  3.75769188E-04
4.80322227E-01  2.35686693E-02  3.75909702E-04
4.80620842E-01  2.33863574E-02  3.76319280E-04
4.80919457E-01  2.25239135E-02  3.68157751E-04
4.81218072E-01  2.33478975E-02  3.74442083E-04
4.81516687E-01  2.38434225E-02  3.79088364E-04
4.81815302E-01  2.42949929E-02  3.78916069E-04
4.82113917E-01  2.35316772E-02  3.77098593E-04
4.82412532E-01  2.27210354E-02  3.67762143E-04
4.82711147E-01  2.32025981E-02  3.70684487E-04
4.83009762E-01  2.36920454E-02  3.75638570E-04
4.83308377E-01  2.34078523E-02  3.74154653E-04
4.83606992E-01  2.34865602E-02  3.72567942E-04
4.83905607E-01  2.24309564E-02  3.65226239E-04
4.84204222E-01  2.32203938E-02  3.69790883E-04
4.84502837E-01  2.31094621E-02  3.71287257E-04
4.84801452E-01  2.39429139E-02  3.76273034E-04
4.85100067E-01  2.37504654E-02  3.72284470E-04
4.85398682E-01  2.36051250E-02  3.73229792E-04
4.85697297E-01  2.38405708E-02  3.74896248E-04
4.85995912E-01  2.31812317E-02  3.70721798E-04
4.86294527E-01  2.36170609E-02  3.71243834E-04
4.86593142E-01  2.29398105E-02  3.66720255E-04
4.86891757E-01  2.37813182E-02  3.74149560E-04
4.87190372E-01  2.35529728E-02  3.72731476E-04
4.87488987E-01  2.31328402E-02  3.65945336E-04
4.87787602E-01  2.33693849E-02  3.70615919E-04
4.88086217E-01  2.32210085E-02  3.67662258E-04
4.88384832E-01  2.32219808E-02  3.68510024E-04
4.88683447E-01  2.28997692E-02  3.66877968E-04
4.88982062E-01  2.33892426E-02  3.68345936E-04
4.89280677E-01  2.35464778E-02  3.71930772E-04
4.89579292E-01  2.29599979E-02  3.65690357E-04
4.89877907E-01  2.25827936E-02  3.62218299E-04
4.90176522E-01  2.29957812E-02  3.64599284E-04
4.90475137E-01  2.31584739E-02  3.66994296E-04
4.90773752E-01  2.37392224E-02  3.71288130E-04
4.91072367E-01  2.28214376E-02  3.64409090E-04
4.91370982E-01  2.35925596E-02  3.69491696E-04
4.91669597E-01  2.34146379E-02  3.68745910E-04
4.91968212E-01  2.30664536E-02  3.66735272E-04
4.92266827E-01  2.31189691E-02  3.66690714E-04
4.92565442E-01  2.32622754E-02  3.65802465E-04
4.92864057E-01  2.32059322E-02  3.66551656E-04
4.93162672E-01  2.31950451E-02  3.67113156E-04
4.93461287E-01  2.27478445E-02  3.63558560E-04
4.93759902E-01  2.31189001E-02  3.63592815E-04
4.94058517E-01  2.35930644E-02  3.69047280E-04
4.94357132E-01  2.26884224E-02  3.61181708E-04
4.94655747E-01  2.30624452E-02  3.66996392E-04
4.94954362E-01  2.33359039E-02  3.64578998E-04
4.95252977E-01  2.30627768E-02  3.64700129E-04
4.95551592E-01  2.29237657E-02  3.64697218E-04
4.95850207E-01  2.26062145E-02  3.61618440E-04
4.96148822E-01  2.32459586E-02  3.64242180E-04
4.96447437E-01  2.28846259E-02  3.63477040E-04
4.96746052E-01  2.36390755E-02  3.68775800E-04
4.97044667E-01  2.34021153E-02  3.69328103E-04
4.97343282E-01  2.27399077E-02  3.59639438E-04
4.97641897E-01  2.34329235E-02  3.64540960E-04
4.97940512E-01  2.36491971E-02  3.69970599E-04
4.98239127E-01  2.30475441E-02  3.63959000E-04
4.98537742E-01  2.28688121E-02  3.63271713E-04
4.98836357E-01  2.29055639E-02  3.61311657E-04
4.99134972E-01  2.33297888E-02  3.66185617E-04
4.99433587E-01  2.28401236E-02  3.63412546E-04
4.99732202E-01  2.35173702E-02  3.66654160E-04
5.00030817E-01  2.36647092E-02  3.67347529E-04
5.00329432E-01  2.32209247E-02  3.64791573E-04
5.00628047E-01  2.30835918E-02  3.63712868E-04
5.00926662E-01  2.35707611E-02  3.69558460E-04
5.01225277E-01  2.37403437E-02  3.66583379E-04
5.01523892E-01  2.30952986E-02  3.61837068E-04
5.01822507E-01  2.35135630E-02  3.66817781E-04
5.02121122E-01  2.30501983E-02  3.64000909E-04
5.02419737E-01  2.32623871E-02  3.65037762E-04
5.02718352E-01  2.33253427E-02  3.65351560E-04
5.03016967E-01  2.28678342E-02  3.61662649E-04
5.03315582E-01  2.32235491E-02  3.65464686E-04
5.03614197E-01  2.35438999E-02  3.65076558E-04
5.03912812E-01  2.34686416E-02  3.66206106E-04
5.04211427E-01  2.34386045E-02  3.65159969E-04
5.04510042E-01  2.29023769E-02  3.62844788E-04
5.04808657E-01  2.30918080E-02  3.61294980E-04
5.05107272E-01  2.28922311E-02  3.61777114E-04
5.05405887E-01  2.26839073E-02  3.58708901E-04
5.05704502E-01  2.34731436E-02  3.67711706E-04
5.06003117E-01  2.31270436E-02  3.63003317E-04
5.06301732E-01  2.31670346E-02  3.63139290E-04
5.06600347E-01  2.29574274E-02  3.60163598E-04
5.06898962E-01  2.31852401E-02  3.64365900E-04
5.07197577E-01  2.37554274E-02  3.69647547E-04
5.07496192E-01  2.31159367E-02  3.60264181E-04
5.07794807E-01  2.36362014E-02  3.69090441E-04
5.08093422E-01  2.28157211E-02  3.60118574E-04
5.08392037E-01  2.37165783E-02  3.67886823E-04
5.08690652E-01  2.30210721E-02  3.60497244E-04
5.08989267E-01  2.31914949E-02  3.63076950E-04
5.09287882E-01  2.31124405E-02  3.63716215E-04
5.09586497E-01  2.36347280E-02  3.66352848E-04
5.09885112E-01  2.25227121E-02  3.57368321E-04
5.10183727E-01  2.34992895E-02  3.65484942E-04
5.10482342E-01  2.24106777E-02  3.56219010E-04
5.10780957E-01  2.30335183E-02  3.62205232E-04
5.11079572E-01  2.34593637E-02  3.64819862E-04
5.11378187E-01  2.30737869E-02  3.61900020E-04
5.11676802E-01  2.27111168E-02  3.61726386E-04
5.11975417E-01  2.27410737E-02  3.58316029E-04
5.12274032E-01  2.32839100E-02  3.63102590E-04
5.12572647E-01  2.33524889E-02  3.63906642E-04
5.12871262E-01  2.30125878E-02  3.60807026E-04
5.13169877E-01  2.29718089E-02  3.63080064E-04
5.13468492E-01  2.33217943E-02  3.61545623E-04
5.13767107E-01  2.24035531E-02  3.55656754E-04
5.14065722E-01  2.32528206E-02  3.64483974E-04
5.14364337E-01  2.34061237E-02  3.65052867E-04
5.14662952E-01  2.32007895E-02  3.62645165E-04
5.14961567E-01  2.31269784E-02  3.61006678E-04
5.15260182E-01  2.30879430E-02  3.62836843E-04
5.15558797E-01  2.32239477E-02  3.62652907E-04
5.15857412E-01  2.34614350E-02  3.64235981E-04
5.16156027E-01  2.36678515E-02  3.66646127E-04
5.16454642E-01  2.29750276E-02  3.61419516E-04
5.16753257E-01  2.34566107E-02  3.64292820E-04
5.17051872E-01  2.31633410E-02  3.63438769E-04
5.17350487E-01  2.25435961E-02  3.56089644E-04
5.17649102E-01  2.32534856E-02  3.62628169E-04
5.17947717E-01  2.39419155E-02  3.67598375E-04
5.18246332E-01  2.29599029E-02  3.60246748E-04
5.18544947E-01  2.32267547E-02  3.63495346E-04
5.18843562E-01  2.30391901E-02  3.62294406E-04
5.19142177E-01  2.26561166E-02  3.57510347E-04
5.19440792E-01  2.35305373E-02  3.64256761E-04
5.19739407E-01  2.35033985E-02  3.64404725E-04
5.20038022E-01  2.28802245E-02  3.61316750E-04
5.20336637E-01  2.30066683E-02  3.60448495E-04
5.20635252E-01  2.23295763E-02  3.55019583E-04
5.20933867E-01  2.26452444E-02  3.57784535E-04
5.21232482E-01  2.25111675E-02  3.56289267E-04
5.21531097E-01  2.28536278E-02  3.60402773E-04
5.21829712E-01  2.35181674E-02  3.65336949E-04
5.22128327E-01  2.32058596E-02  3.62370454E-04
5.22426942E-01  2.33730655E-02  3.61992628E-04
5.22725557E-01  2.30534729E-02  3.61448037E-04
5.23024172E-01  2.25344431E-02  3.56657692E-04
5.23322787E-01  2.35244911E-02  3.65214946E-04
5.23621402E-01  2.31501665E-02  3.61500774E-04
5.23920017E-01  2.38587819E-02  3.68984562E-04
5.24218632E-01  2.29089260E-02  3.58477468E-04
5.24517247E-01  2.29815505E-02  3.60010803E-04
5.24815862E-01  2.32424792E-02  3.63474450E-04
5.25114477E-01  2.32580602E-02  3.61908256E-04
5.25413092E-01  2.30893865E-02  3.61478364E-04
5.25711707E-01  2.30782814E-02  3.61748127E-04
5.26010322E-01  2.29214244E-02  3.58585268E-04
5.26308937E-01  2.27906536E-02  3.58785590E-04
5.26607552E-01  2.28135884E-02  3.58879945E-04
5.26906167E-01  2.34284867E-02  3.63330619E-04
5.27204782E-01  2.27428097E-02  3.60181148E-04
5.27503397E-01  2.33900864E-02  3.63391155E-04
5.27802012E-01  2.34187003E-02  3.63704050E-04
5.28100627E-01  2.31764559E-02  3.62619350E-04
5.28399242E-01  2.29688305E-02  3.57667566E-04
5.28697857E-01  2.26668715E-02  3.58349935E-04
5.28996472E-01  2.24539544E-02  3.56053322E-04
5.29295087E-01  2.35015564E-02  3.65520216E-04
5.29593702E-01  2.30867006E-02  3.59983416E-04
5.29892317E-01  2.30249260E-02  3.60292615E-04
5.30190932E-01  2.32009664E-02  3.63269733E-04
5.30489547E-01  2.30704490E-02  3.60828330E-04
5.30788162E-01  2.34585963E-02  3.63143132E-04
5.31086777E-01  2.36134455E-02  3.65321437E-04
5.31385392E-01  2.26738025E-02  3.56240431E-04
5.31684007E-01  2.31617726E-02  3.61902697E-04
5.31982622E-01  2.26306636E-02  3.57643439E-04
5.32281237E-01  2.36988161E-02  3.65898508E-04
5.32579852E-01  2.29755510E-02  3.60892329E-04
5.32878467E-01  2.28237305E-02  3.58995050E-04
5.33177082E-01  2.24657860E-02  3.56869597E-04
5.33475697E-01  2.28715166E-02  3.57542071E-04
5.33774312E-01  2.27743145E-02  3.58173507E-04
5.34072927E-01  2.37408020E-02  3.68129753E-04
5.34371542E-01  2.23288890E-02  3.53537180E-04
5.34670157E-01  2.26331279E-02  3.55250784E-04
5.34968772E-01  2.33180150E-02  3.64033069E-04
5.35267387E-01  2.30345242E-02  3.60222388E-04
5.35566002E-01  2.35342011E-02  3.65630141E-04
5.35864617E-01  2.32535172E-02  3.60703940E-04
5.36163232E-01  2.31198650E-02  3.61866842E-04
5.36461847E-01  2.35157143E-02  3.64595675E-04
5.36760462E-01  2.33115517E-02  3.62302235E-04
5.37059077E-01  2.24075243E-02  3.54604475E-04
5.37357692E-01  2.27057710E-02  3.59324302E-04
5.37656307E-01  2.32547615E-02  3.60636477E-04
5.37954922E-01  2.34193057E-02  3.66194959E-04
5.38253537E-01  2.36342270E-02  3.61301907E-04
5.38552152E-01  2.30538715E-02  3.60216742E-04
5.38850767E-01  2.26120558E-02  3.57886078E-04
5.39149382E-01  2.29803510E-02  3.60967708E-04
5.39447997E-01  2.26492751E-02  3.57046927E-04
5.39746612E-01  2.18685791E-02  3.51441384E-04
5.40045227E-01  2.31168047E-02  3.60190199E-04
5.40343842E-01  2.29131877E-02  3.60446720E-04
5.40642457E-01  2.26622317E-02  3.56808101E-04
5.40941072E-01  2.30613723E-02  3.59588477E-04
5.41239687E-01  2.35473011E-02  3.67031578E-04
5.41538302E-01  2.35917997E-02  3.64768348E-04
5.41836917E-01  2.31970195E-02  3.61352344E-04
5.42135532E-01  2.32791007E-02  3.59546917E-04
5.42434147E-01  2.33499594E-02  3.62899154E-04
5.42732762E-01  2.30566952E-02  3.61676444E-04
5.43031377E-01  2.30224375E-02  3.62569292E-04
5.43329992E-01  2.27910038E-02  3.55935685E-04
5.43628607E-01  2.32662521E-02  3.62255058E-04
5.43927222E-01  2.26958320E-02  3.58226273E-04
5.44225837E-01  2.26218551E-02  3.57906683E-04
5.44524452E-01  2.31199712E-02  3.59194615E-04
5.44823067E-01  2.31883228E-02  3.61920131E-04
5.45121682E-01  2.29741782E-02  3.59807018E-04
5.45420297E-01  2.33352855E-02  3.62802588E-04
5.45718912E-01  2.30817404E-02  3.59862344E-04
5.46017527E-01  2.28959527E-02  3.59199155E-04
5.46316142E-01  2.31720731E-02  3.60832433E-04
5.46614757E-01  2.29513608E-02  3.61405138E-04
5.46913372E-01  2.29265895E-02  3.57530342E-04
5.47211987E-01  2.25584507E-02  3.56635865E-04
5.47510602E-01  2.31735110E-02  3.62086110E-04
5.47809217E-01  2.31675413E-02  3.60718113E-04
5.48107832E-01  2.29188465E-02  3.60624981E-04
5.48406447E-01  2.34210491E-02  3.62866354E-04
5.48705062E-01  2.27595158E-02  3.56839184E-04
5.49003677E-01  2.33515352E-02  3.64556356E-04
5.49302292E-01  2.28786077E-02  3.56825476E-04
5.49600907E-01  2.30902117E-02  3.61624261E-04
5.49899522E-01  2.29666624E-02  3.59513011E-04
5.50198137E-01  2.32208632E-02  3.62560560E-04
5.50496752E-01  2.29503699E-02  3.59213940E-04
5.50795367E-01  2.24869046E-02  3.54707736E-04
5.51093982E-01  2.27758978E-02  3.58198391E-04
5.51392597E-01  2.33917478E-02  3.63988482E-04
5.51691212E-01  2.34349687E-02  3.63082043E-04
5.51989827E-01  2.33056135E-02  3.61904094E-04
5.52288442E-01  2.32593883E-02  3.59886908E-04
5.52587057E-01  2.31542215E-02  3.60379723E-04
5.52885672E-01  2.33004820E-02  3.61693616E-04
5.53184287E-01  2.32099555E-02  3.59509577E-04
5.53482902E-01  2.34618224E-02  3.61980696E-04
5.53781517E-01  2.36206986E-02  3.63998959E-04
5.54080132E-01  2.29088217E-02  3.58212797E-04
5.54378747E-01  2.32537799E-02  3.57962330E-04
5.54677362E-01  2.27825958E-02  3.56021541E-04
5.54975977E-01  2.28926931E-02  3.58091958E-04
5.55274592E-01  2.28385516E-02  3.56547855E-04
5.55573207E-01  2.34924834E-02  3.57675221E-04
5.55871822E-01  2.30122041E-02  3.56617675E-04
5.56170437E-01  2.36953218E-02  3.62829916E-04
5.56469052E-01  2.34797876E-02  3.61612852E-04
5.56767667E-01  2.27706600E-02  3.54238262E-04
5.57066282E-01  2.33060233E-02  3.58894147E-04
5.57364897E-01  2.32434273E-02  3.55868659E-04
5.57663512E-01  2.34053880E-02  3.59318277E-04
5.57962127E-01  2.30529048E-02  3.55417986E-04
5.58260742E-01  2.31621061E-02  3.54415970E-04
5.58559357E-01  2.28587948E-02  3.55954107E-04
5.58857972E-01  2.29094625E-02  3.55838245E-04
5.59156587E-01  2.25445405E-02  3.49664362E-04
5.59455202E-01  2.28509307E-02  3.54118441E-04
5.59753817E-01  2.36906987E-02  3.58867605E-04
5.60052432E-01  2.33555492E-02  3.57501500E-04
5.60351047E-01  2.31094956E-02  3.54608666E-04
5.60649662E-01  2.28073839E-02  3.50882823E-04
5.60948277E-01  2.26005930E-02  3.49944981E-04
5.61246892E-01  2.28273571E-02  3.52359639E-04
5.61545507E-01  2.33164988E-02  3.55614611E-04
5.61844122E-01  2.28746887E-02  3.50182032E-04
5.62142737E-01  2.35308893E-02  3.58259946E-04
5.62441352E-01  2.32616384E-02  3.53709911E-04
5.62739967E-01  2.33849268E-02  3.54235759E-04
5.63038582E-01  2.29495652E-02  3.51988856E-04
5.63337197E-01  2.33852640E-02  3.54159623E-04
5.63635812E-01  2.33081300E-02  3.56316770E-04
5.63934427E-01  2.28233300E-02  3.49395821E-04
5.64233042E-01  2.23936047E-02  3.45294276E-04
5.64531657E-01  2.33653430E-02  3.54427408E-04
5.64830272E-01  2.34187599E-02  3.54504329E-04
5.65128887E-01  2.38500293E-02  3.58171557E-04
5.65427502E-01  2.29114238E-02  3.48868954E-04
5.65726117E-01  2.33221706E-02  3.53204086E-04
5.66024732E-01  2.29535978E-02  3.50079790E-04
5.66323347E-01  2.31140181E-02  3.51627881E-04
5.66621962E-01  2.33139172E-02  3.50080925E-04
5.66920577E-01  2.30663810E-02  3.51106399E-04
5.67219192E-01  2.33560093E-02  3.53878917E-04
5.67517807E-01  2.27453280E-02  3.49061709E-04
5.67816422E-01  2.34808829E-02  3.50304908E-04
5.68115037E-01  2.31630448E-02  3.50312446E-04
5.68413652E-01  2.26376839E-02  3.46716348E-04
5.68712267E-01  2.34185290E-02  3.52647097E-04
5.69010882E-01  2.30949186E-02  3.49242182E-04
5.69309497E-01  2.26191599E-02  3.45865177E-04
5.69608112E-01  2.32438687E-02  3.51173541E-04
5.69906727E-01  2.35124826E-02  3.52229632E-04
5.70205342E-01  2.31169295E-02  3.47829540E-04
5.70503957E-01  2.26439480E-02  3.47015855E-04
5.70802572E-01  2.35830843E-02  3.53247655E-04
5.71101187E-01  2.29581725E-02  3.49418813E-04
5.71399802E-01  2.31231600E-02  3.48912086E-04
5.71698417E-01  2.30600480E-02  3.48994305E-04
5.71997032E-01  2.27559544E-02  3.48282774E-04
5.72295647E-01  2.23740879E-02  3.44952336E-04
5.72594262E-01  2.26441212E-02  3.45601031E-04
5.72892877E-01  2.28693504E-02  3.44886037E-04
5.73191492E-01  2.36926861E-02  3.54650751E-04
5.73490107E-01  2.29809415E-02  3.50089918E-04
5.73788722E-01  2.33836491E-02  3.51286464E-04
5.74087337E-01  2.28706487E-02  3.48369271E-04
5.74385952E-01  2.28323061E-02  3.48961214E-04
5.74684567E-01  2.30833143E-02  3.50310584E-04
5.74983182E-01  2.33891271E-02  3.50854447E-04
5.75281797E-01  2.28068475E-02  3.45518638E-04
5.75580412E-01  2.34408230E-02  3.53343552E-04
5.75879027E-01  2.27086600E-02  3.46666784E-04
5.76177642E-01  2.39764880E-02  3.56786652E-04
5.76476257E-01  2.32166313E-02  3.49567214E-04
5.76774872E-01  2.34571323E-02  3.53148323E-04
5.77073487E-01  2.35046856E-02  3.53264273E-04
5.77372102E-01  2.29520593E-02  3.49812326E-04
5.77670717E-01  2.31596623E-02  3.49065725E-04
5.77969332E-01  2.31601894E-02  3.50269256E-04
5.78267947E-01  2.32085176E-02  3.51442577E-04
5.78566562E-01  2.33407784E-02  3.51635797E-04
5.78865177E-01  2.30922624E-02  3.48247704E-04
5.79163792E-01  2.28851289E-02  3.48589849E-04
5.79462407E-01  2.33734008E-02  3.51967552E-04
5.79761022E-01  2.29429547E-02  3.50080372E-04
5.80059637E-01  2.30094790E-02  3.47157213E-04
5.80358252E-01  2.28649471E-02  3.48363275E-04
5.80656867E-01  2.33438946E-02  3.52805597E-04
5.80955482E-01  2.29335595E-02  3.49692855E-04


### HEADER:
#
#{
#    "analysis": {},
#    "calibration_params": {
#        "Beam_Center_X": 1061.0,
#        "Beam_Center_Y": 2093.0,
#        "Detector Tilt": 0.0,
#        "Detector Tilt Plane Rotation": 0.0,
#        "Detector_X_Pixel_Size": 75.0,
#        "Detector_Y_Pixel_Size": 75.0,
#        "Integration Method": "nosplit_csr",
#        "Radial_Average_Method": "pyFAI",
#        "Sample-to-detector distance (mm)": 1782.0,
#        "Wavelength (A)": 0.8823505857220345
#    },
#    "config_file": "/Users/jwinnikoff/Documents/MBARI/SAXS/HPSAXS_7A_Feb2023/HPSAXS_02_19_23.cfg",
#    "counters": {
#        "Epoch": "83.183",
#        "I1": "0",
#        "I2": "0",
#        "I3": "0",
#        "Seconds": "1",
#        "Time": "1.78814e-05",
#        "date": "Sun Feb 19 20:06:03 2023",
#        "diode": "67820"
#    },
#    "filename": "JWL0322_35C_000MPa_up_2_data_000001_00001.h5",
#    "history": {},
#    "imageHeader": {},
#    "load_path": "/Users/jwinnikoff/Documents/MBARI/SAXS/HPSAXS_7A_Feb2023/JWL0322_DOPE_TS+/JWL0322_35C_000MPa_up_2_data_000001.h5",
#    "normalizations": {
#        "Absolute_scale": {
#            "Absolute_scale_factor": 0.005174693841759343,
#            "Method": "Water"
#        },
#        "Counter_norms": [
#            [
#                "/",
#                "diode/150000"
#            ]
#        ],
#        "Polarization": {
#            "Used": false
#        },
#        "Solid_Angle_Correction": "On"
#    },
#    "raw_version": "2.1.4"
#}

