### DATA:
#
# 1908
#      Q             I(Q)           Error     
1.14966775E-02  0.00000000E+00  0.00000000E+00
1.17952925E-02  3.96534294E-01  2.61466969E-02
1.20939075E-02  3.77569675E-01  1.80409774E-02
1.23925225E-02  3.39640379E-01  1.39709385E-02
1.26911375E-02  3.00189853E-01  1.23377265E-02
1.29897525E-02  2.96443164E-01  1.19150570E-02
1.32883675E-02  2.72755772E-01  1.09807346E-02
1.35869825E-02  2.52595484E-01  1.00636454E-02
1.38855975E-02  2.62128234E-01  9.60363541E-03
1.41842125E-02  2.39168212E-01  9.36655048E-03
1.44828275E-02  2.29875430E-01  9.08662472E-03
1.47814425E-02  2.15677306E-01  8.53874628E-03
1.50800575E-02  2.16291994E-01  8.23409576E-03
1.53786725E-02  2.18845293E-01  7.80099211E-03
1.56772875E-02  2.02931240E-01  7.57332658E-03
1.59759025E-02  1.93588212E-01  6.90506306E-03
1.62745175E-02  1.82224467E-01  6.60563214E-03
1.65731325E-02  1.76593930E-01  6.59502111E-03
1.68717475E-02  1.69706613E-01  5.93728293E-03
1.71703625E-02  1.59993708E-01  6.06454583E-03
1.74689775E-02  1.60456121E-01  5.60679054E-03
1.77675925E-02  1.46261856E-01  5.26407966E-03
1.80662075E-02  1.49009049E-01  5.53024467E-03
1.83648225E-02  1.35936469E-01  4.74710716E-03
1.86634375E-02  1.39014721E-01  5.02280565E-03
1.89620525E-02  1.23585448E-01  4.46241209E-03
1.92606675E-02  1.24000706E-01  4.53391485E-03
1.95592825E-02  1.24572836E-01  4.58869943E-03
1.98578975E-02  1.26045838E-01  4.27335408E-03
2.01565125E-02  1.20995946E-01  4.33512963E-03
2.04551275E-02  1.15075260E-01  3.96811217E-03
2.07537425E-02  1.12718068E-01  3.83696775E-03
2.10523575E-02  1.30470738E-01  3.89855914E-03
2.13509725E-02  1.19351372E-01  3.49975447E-03
2.16495875E-02  1.13646388E-01  3.40496795E-03
2.19482025E-02  1.21735774E-01  3.26403393E-03
2.22468175E-02  1.11298963E-01  3.26503650E-03
2.25454325E-02  1.16657443E-01  3.06568947E-03
2.28440475E-02  1.16375513E-01  3.13613424E-03
2.31426625E-02  1.15253724E-01  3.01220431E-03
2.34412775E-02  1.10501356E-01  2.83523276E-03
2.37398925E-02  1.11360140E-01  2.95415125E-03
2.40385075E-02  1.07184052E-01  2.72423564E-03
2.43371225E-02  1.07184097E-01  2.72423681E-03
2.46357375E-02  1.00011602E-01  2.70301616E-03
2.49343525E-02  9.67073962E-02  2.52748816E-03
2.52329675E-02  9.58796367E-02  2.64100172E-03
2.55315825E-02  9.08019841E-02  2.40793941E-03
2.58301975E-02  9.45988968E-02  2.47153779E-03
2.61288125E-02  8.95837098E-02  2.48556118E-03
2.64274275E-02  9.29799080E-02  2.37165857E-03
2.67260425E-02  8.68754238E-02  2.41413782E-03
2.70246575E-02  8.51454437E-02  2.23834580E-03
2.73232725E-02  8.42611343E-02  2.29841098E-03
2.76218875E-02  8.94979089E-02  2.40398245E-03
2.79205025E-02  8.56659636E-02  2.26458418E-03
2.82191175E-02  8.46590400E-02  2.24346016E-03
2.85177325E-02  8.12049434E-02  2.16028676E-03
2.88163475E-02  8.35147873E-02  2.25963374E-03
2.91149625E-02  7.70366341E-02  2.10762839E-03
2.94135775E-02  7.66266286E-02  2.07783119E-03
2.97121925E-02  7.74413049E-02  2.10612593E-03
3.00108075E-02  7.38364980E-02  1.98833225E-03
3.03094225E-02  7.65618160E-02  2.11532228E-03
3.06080375E-02  7.08797798E-02  1.96964294E-03
3.09066525E-02  7.48175904E-02  1.99531298E-03
3.12052675E-02  7.41082355E-02  2.04675156E-03
3.15038825E-02  7.06210211E-02  1.91217149E-03
3.18024975E-02  7.24338293E-02  1.96630787E-03
3.21011125E-02  6.95639923E-02  1.86451070E-03
3.23997275E-02  6.89643472E-02  1.80735695E-03
3.26983425E-02  6.80493563E-02  1.81030983E-03
3.29969575E-02  7.12861717E-02  1.75070518E-03
3.32955725E-02  7.06412792E-02  1.74276880E-03
3.35941875E-02  7.11147562E-02  1.66741386E-03
3.38928025E-02  6.94618896E-02  1.69671758E-03
3.41914175E-02  6.95496947E-02  1.64709846E-03
3.44900325E-02  7.13121966E-02  1.65663217E-03
3.47886474E-02  6.86674118E-02  1.59734848E-03
3.50872624E-02  6.93939552E-02  1.57550862E-03
3.53858774E-02  6.72139972E-02  1.59942673E-03
3.56844924E-02  7.03018680E-02  1.57278427E-03
3.59831074E-02  6.81146830E-02  1.52194966E-03
3.62817224E-02  6.62162900E-02  1.53742125E-03
3.65803374E-02  6.86630458E-02  1.51762378E-03
3.68789524E-02  6.53446764E-02  1.53044192E-03
3.71775674E-02  6.70151189E-02  1.51410350E-03
3.74761824E-02  6.83168992E-02  1.48796535E-03
3.77747974E-02  6.71657398E-02  1.48235867E-03
3.80734124E-02  6.84897527E-02  1.47332391E-03
3.83720274E-02  6.65987507E-02  1.50048954E-03
3.86706424E-02  6.54679015E-02  1.41720031E-03
3.89692574E-02  6.69483915E-02  1.47576584E-03
3.92678724E-02  6.78093210E-02  1.49656262E-03
3.95664874E-02  6.80757165E-02  1.44515210E-03
3.98651024E-02  6.94571733E-02  1.46104267E-03
4.01637174E-02  6.70035407E-02  1.41130481E-03
4.04623324E-02  7.06864893E-02  1.50091352E-03
4.07609474E-02  7.25563094E-02  1.46735692E-03
4.10595624E-02  7.15920180E-02  1.48731028E-03
4.13581774E-02  7.13777021E-02  1.45790272E-03
4.16567924E-02  7.05383420E-02  1.42017112E-03
4.19554074E-02  7.18091205E-02  1.47380237E-03
4.22540224E-02  7.18543082E-02  1.46276364E-03
4.25526374E-02  7.65289590E-02  1.48916082E-03
4.28512524E-02  7.47131109E-02  1.47635909E-03
4.31498674E-02  7.21008182E-02  1.43344130E-03
4.34484824E-02  7.73595497E-02  1.53104693E-03
4.37470974E-02  7.85724968E-02  1.47698924E-03
4.40457124E-02  7.61711597E-02  1.46132137E-03
4.43443274E-02  7.80238509E-02  1.50744349E-03
4.46429424E-02  8.16954970E-02  1.50848890E-03
4.49415574E-02  8.03321153E-02  1.54399208E-03
4.52401724E-02  8.11656117E-02  1.48335868E-03
4.55387874E-02  8.43607262E-02  1.53662777E-03
4.58374024E-02  8.89510959E-02  1.57788140E-03
4.61360174E-02  8.92268270E-02  1.55773049E-03
4.64346324E-02  9.64401811E-02  1.65102445E-03
4.67332474E-02  9.49352533E-02  1.58688950E-03
4.70318624E-02  9.90060493E-02  1.66874658E-03
4.73304774E-02  1.01336658E-01  1.67871662E-03
4.76290924E-02  1.09952524E-01  1.71175099E-03
4.79277074E-02  1.08978212E-01  1.69371173E-03
4.82263224E-02  1.17602147E-01  1.74748746E-03
4.85249374E-02  1.21602625E-01  1.83156424E-03
4.88235524E-02  1.27804264E-01  1.83139008E-03
4.91221674E-02  1.33889556E-01  1.86317472E-03
4.94207824E-02  1.42966539E-01  1.94588851E-03
4.97193974E-02  1.53669238E-01  1.98122137E-03
5.00180124E-02  1.69396222E-01  2.13792804E-03
5.03166274E-02  1.83828086E-01  2.16373173E-03
5.06152424E-02  2.04032913E-01  2.28630728E-03
5.09138574E-02  2.25272804E-01  2.43144203E-03
5.12124724E-02  2.48676285E-01  2.48738471E-03
5.15110874E-02  2.66051084E-01  2.61855708E-03
5.18097024E-02  2.93513030E-01  2.71017221E-03
5.21083174E-02  3.04216594E-01  2.75515113E-03
5.24069324E-02  3.20275486E-01  2.82898406E-03
5.27055474E-02  3.26882035E-01  2.83955550E-03
5.30041624E-02  3.33592653E-01  2.92344089E-03
5.33027774E-02  3.46234024E-01  2.90994043E-03
5.36013924E-02  3.42020243E-01  2.90873088E-03
5.39000074E-02  3.46610278E-01  2.87903752E-03
5.41986224E-02  3.43820870E-01  2.92478502E-03
5.44972374E-02  3.46102327E-01  2.89709074E-03
5.47958524E-02  3.44195962E-01  2.86899693E-03
5.50944674E-02  3.47900659E-01  2.92943651E-03
5.53930824E-02  3.57154727E-01  2.90245027E-03
5.56916974E-02  3.64277959E-01  2.91534327E-03
5.59903124E-02  3.65927517E-01  2.98311585E-03
5.62889274E-02  3.84609669E-01  2.99155433E-03
5.65875424E-02  3.89215171E-01  3.06364172E-03
5.68861574E-02  4.02806669E-01  3.06150923E-03
5.71847724E-02  4.07660216E-01  3.05932597E-03
5.74833874E-02  4.13532168E-01  3.11463932E-03
5.77820024E-02  4.17569369E-01  3.09217325E-03
5.80806174E-02  4.25309360E-01  3.19808582E-03
5.83792324E-02  4.33852643E-01  3.11488053E-03
5.86778474E-02  4.38997895E-01  3.18323425E-03
5.89764624E-02  4.41861093E-01  3.22836102E-03
5.92750774E-02  4.43284541E-01  3.10262409E-03
5.95736924E-02  4.30066466E-01  3.15069128E-03
5.98723074E-02  4.35264915E-01  3.10389255E-03
6.01709224E-02  4.26821083E-01  3.06970207E-03
6.04695374E-02  4.25616622E-01  3.11358273E-03
6.07681524E-02  4.33514506E-01  3.10964882E-03
6.10667674E-02  4.32481259E-01  3.12214065E-03
6.13653824E-02  4.37777936E-01  3.06980242E-03
6.16639974E-02  4.33711529E-01  3.09438934E-03
6.19626124E-02  4.28849310E-01  3.08094430E-03
6.22612274E-02  4.27631736E-01  3.01898643E-03
6.25598424E-02  4.25012082E-01  3.07503808E-03
6.28584574E-02  4.28653181E-01  3.03764991E-03
6.31570724E-02  4.27602947E-01  3.06079444E-03
6.34556874E-02  4.33762491E-01  3.00003914E-03
6.37543024E-02  4.29935992E-01  3.02711781E-03
6.40529174E-02  4.34659213E-01  3.08595086E-03
6.43515324E-02  4.38022643E-01  3.03860195E-03
6.46501474E-02  4.40172225E-01  3.11139901E-03
6.49487624E-02  4.34842557E-01  2.97879311E-03
6.52473774E-02  4.13016111E-01  2.92742578E-03
6.55459924E-02  4.01864052E-01  2.91942596E-03
6.58446074E-02  3.93823862E-01  2.85860337E-03
6.61432224E-02  3.82628560E-01  2.84870248E-03
6.64418374E-02  3.86863947E-01  2.79318681E-03
6.67404524E-02  3.84103000E-01  2.81971716E-03
6.70390674E-02  3.97776693E-01  2.88334838E-03
6.73376824E-02  4.05266732E-01  2.83410237E-03
6.76362974E-02  3.95983130E-01  2.86989519E-03
6.79349124E-02  3.87140006E-01  2.77478714E-03
6.82335274E-02  3.69805306E-01  2.73091998E-03
6.85321424E-02  3.48059714E-01  2.68095406E-03
6.88307574E-02  3.36882740E-01  2.58544600E-03
6.91293724E-02  3.17082793E-01  2.54670600E-03
6.94279874E-02  3.12147170E-01  2.46612215E-03
6.97266024E-02  3.03356320E-01  2.47343373E-03
7.00252174E-02  3.02715749E-01  2.45083845E-03
7.03238324E-02  2.96901107E-01  2.40786909E-03
7.06224474E-02  2.91945517E-01  2.42363987E-03
7.09210624E-02  2.87463725E-01  2.37467932E-03
7.12196774E-02  2.82978833E-01  2.35074083E-03
7.15182924E-02  2.79253244E-01  2.28405558E-03
7.18169074E-02  2.73545831E-01  2.32177274E-03
7.21155224E-02  2.63873845E-01  2.27258005E-03
7.24141374E-02  2.56248653E-01  2.22690240E-03
7.27127524E-02  2.45203197E-01  2.16866634E-03
7.30113674E-02  2.37911791E-01  2.11973907E-03
7.33099824E-02  2.32202023E-01  2.10571312E-03
7.36085974E-02  2.23970845E-01  2.07496085E-03
7.39072124E-02  2.26108119E-01  2.04641582E-03
7.42058274E-02  2.17019171E-01  2.04707729E-03
7.45044424E-02  2.18329176E-01  2.01741955E-03
7.48030574E-02  2.14116618E-01  2.01095012E-03
7.51016724E-02  2.18529820E-01  2.02934840E-03
7.54002874E-02  2.15223804E-01  1.98171567E-03
7.56989024E-02  2.12889850E-01  2.00518500E-03
7.59975174E-02  2.11401969E-01  1.96612603E-03
7.62961324E-02  2.12829560E-01  1.97906070E-03
7.65947474E-02  2.12609410E-01  1.97173539E-03
7.68933624E-02  2.13611320E-01  1.97847630E-03
7.71919774E-02  2.09731475E-01  1.98159926E-03
7.74905924E-02  2.08427474E-01  1.93187257E-03
7.77892074E-02  2.08138496E-01  1.94267603E-03
7.80878224E-02  2.10222870E-01  1.93616108E-03
7.83864374E-02  2.13626146E-01  1.94875104E-03
7.86850524E-02  2.10193276E-01  1.96468062E-03
7.89836674E-02  2.08966106E-01  1.93437387E-03
7.92822824E-02  2.09725648E-01  1.92198670E-03
7.95808974E-02  2.09640801E-01  1.90417375E-03
7.98795124E-02  2.09173292E-01  1.93936867E-03
8.01781274E-02  2.10217461E-01  1.96062890E-03
8.04767424E-02  2.12847859E-01  1.92254793E-03
8.07753574E-02  2.15592787E-01  1.95469125E-03
8.10739724E-02  2.12801889E-01  1.92041008E-03
8.13725874E-02  2.09127754E-01  1.89615344E-03
8.16712024E-02  2.09129542E-01  1.92715437E-03
8.19698174E-02  2.06354618E-01  1.86503935E-03
8.22684324E-02  2.10531518E-01  1.92372547E-03
8.25670474E-02  2.12968037E-01  1.91158464E-03
8.28656624E-02  2.08372891E-01  1.90416013E-03
8.31642774E-02  2.14121029E-01  1.90354243E-03
8.34628924E-02  2.12219477E-01  1.89693505E-03
8.37615074E-02  2.09550247E-01  1.91340165E-03
8.40601224E-02  2.14102358E-01  1.89419196E-03
8.43587374E-02  2.11574778E-01  1.89034187E-03
8.46573524E-02  2.15627849E-01  1.89908629E-03
8.49559674E-02  2.09050283E-01  1.88272481E-03
8.52545824E-02  2.14897841E-01  1.91264146E-03
8.55531974E-02  2.18048781E-01  1.89507357E-03
8.58518124E-02  2.14448050E-01  1.88840250E-03
8.61504274E-02  2.15660051E-01  1.87395921E-03
8.64490424E-02  2.18624875E-01  1.91783579E-03
8.67476574E-02  2.14406908E-01  1.89555157E-03
8.70462724E-02  2.14517936E-01  1.86459802E-03
8.73448874E-02  2.20936194E-01  1.90667808E-03
8.76435024E-02  2.19774231E-01  1.88288779E-03
8.79421174E-02  2.19130054E-01  1.91075960E-03
8.82407324E-02  2.21318483E-01  1.91290001E-03
8.85393474E-02  2.19984517E-01  1.88027823E-03
8.88379624E-02  2.21879125E-01  1.90259784E-03
8.91365774E-02  2.22129568E-01  1.87894865E-03
8.94351924E-02  2.24793196E-01  1.90427504E-03
8.97338074E-02  2.20766723E-01  1.87664118E-03
9.00324224E-02  2.23276630E-01  1.88206451E-03
9.03310374E-02  2.28318051E-01  1.92456006E-03
9.06296524E-02  2.27443710E-01  1.89780397E-03
9.09282674E-02  2.27627769E-01  1.89683225E-03
9.12268824E-02  2.27410823E-01  1.89246365E-03
9.15254974E-02  2.32781664E-01  1.90772605E-03
9.18241124E-02  2.31879652E-01  1.93226337E-03
9.21227274E-02  2.32624099E-01  1.91754277E-03
9.24213424E-02  2.31622472E-01  1.88093516E-03
9.27199574E-02  2.36250952E-01  1.91668968E-03
9.30185724E-02  2.31144950E-01  1.89929409E-03
9.33171874E-02  2.32051030E-01  1.92224630E-03
9.36158024E-02  2.35414580E-01  1.86996057E-03
9.39144174E-02  2.36068010E-01  1.92115782E-03
9.42130324E-02  2.40039110E-01  1.92679791E-03
9.45116474E-02  2.41998672E-01  1.92603050E-03
9.48102624E-02  2.39544988E-01  1.92481687E-03
9.51088774E-02  2.42607772E-01  1.89995940E-03
9.54074924E-02  2.44457111E-01  1.93236163E-03
9.57061074E-02  2.47024521E-01  1.93734292E-03
9.60047224E-02  2.49439701E-01  1.94850983E-03
9.63033374E-02  2.48526156E-01  1.92632782E-03
9.66019524E-02  2.51135767E-01  1.94655510E-03
9.69005674E-02  2.54732728E-01  1.95532176E-03
9.71991824E-02  2.53454685E-01  1.94533961E-03
9.74977974E-02  2.52838612E-01  1.93628145E-03
9.77964124E-02  2.56163120E-01  1.94230245E-03
9.80950274E-02  2.56457150E-01  1.95683306E-03
9.83936424E-02  2.59489328E-01  1.96922175E-03
9.86922574E-02  2.55609632E-01  1.95275526E-03
9.89908724E-02  2.61121839E-01  1.95269845E-03
9.92894874E-02  2.64054805E-01  1.95784238E-03
9.95881024E-02  2.65160471E-01  1.97781832E-03
9.98867174E-02  2.64819354E-01  1.98334572E-03
1.00185332E-01  2.67755002E-01  1.94948865E-03
1.00483947E-01  2.71154583E-01  1.99324498E-03
1.00782562E-01  2.70297527E-01  1.96602126E-03
1.01081177E-01  2.76588768E-01  2.00886023E-03
1.01379792E-01  2.79929191E-01  2.01330613E-03
1.01678407E-01  2.81176388E-01  1.99611764E-03
1.01977022E-01  2.80799031E-01  2.01643538E-03
1.02275637E-01  2.84796059E-01  2.03073793E-03
1.02574252E-01  2.86417216E-01  2.02801521E-03
1.02872867E-01  2.86237776E-01  2.00578663E-03
1.03171482E-01  2.89519191E-01  2.01561069E-03
1.03470097E-01  2.89845645E-01  2.02003866E-03
1.03768712E-01  2.93569803E-01  2.05148151E-03
1.04067327E-01  2.96156734E-01  2.02382402E-03
1.04365942E-01  2.95178652E-01  2.04355433E-03
1.04664557E-01  3.03523570E-01  2.07054336E-03
1.04963172E-01  3.02580506E-01  2.05225428E-03
1.05261787E-01  3.02654773E-01  2.05749576E-03
1.05560402E-01  3.11980158E-01  2.06727278E-03
1.05859017E-01  3.07481140E-01  2.07890430E-03
1.06157632E-01  3.15192431E-01  2.09122268E-03
1.06456247E-01  3.12598437E-01  2.08260166E-03
1.06754862E-01  3.19308370E-01  2.07988685E-03
1.07053477E-01  3.17967594E-01  2.08868505E-03
1.07352092E-01  3.20561320E-01  2.09718873E-03
1.07650707E-01  3.25745136E-01  2.11576349E-03
1.07949322E-01  3.27149153E-01  2.11694930E-03
1.08247937E-01  3.27396810E-01  2.11607246E-03
1.08546552E-01  3.33530009E-01  2.14432226E-03
1.08845167E-01  3.33527505E-01  2.10920232E-03
1.09143782E-01  3.34554523E-01  2.13739043E-03
1.09442397E-01  3.37568432E-01  2.12030602E-03
1.09741012E-01  3.40672463E-01  2.13664398E-03
1.10039627E-01  3.41531485E-01  2.15615728E-03
1.10338242E-01  3.41507375E-01  2.14259699E-03
1.10636857E-01  3.44227642E-01  2.12478102E-03
1.10935472E-01  3.47293764E-01  2.13260413E-03
1.11234087E-01  3.49899232E-01  2.16036569E-03
1.11532702E-01  3.50358397E-01  2.16011493E-03
1.11831317E-01  3.52461904E-01  2.15497473E-03
1.12129932E-01  3.51406902E-01  2.15587066E-03
1.12428547E-01  3.57693493E-01  2.17423774E-03
1.12727162E-01  3.62410486E-01  2.17936328E-03
1.13025777E-01  3.63312930E-01  2.17959424E-03
1.13324392E-01  3.62502009E-01  2.17386894E-03
1.13623007E-01  3.62399399E-01  2.17850902E-03
1.13921622E-01  3.70951891E-01  2.20574276E-03
1.14220237E-01  3.68634909E-01  2.17742496E-03
1.14518852E-01  3.73036444E-01  2.17263866E-03
1.14817467E-01  3.70835960E-01  2.19706679E-03
1.15116082E-01  3.74891818E-01  2.20738561E-03
1.15414697E-01  3.71777564E-01  2.18832796E-03
1.15713312E-01  3.79038036E-01  2.18845019E-03
1.16011927E-01  3.83669108E-01  2.20989063E-03
1.16310542E-01  3.85028958E-01  2.23367568E-03
1.16609157E-01  3.84412408E-01  2.20715348E-03
1.16907772E-01  3.87322426E-01  2.22367863E-03
1.17206387E-01  3.88829857E-01  2.21898849E-03
1.17505002E-01  3.87251645E-01  2.20079091E-03
1.17803617E-01  3.93307328E-01  2.24246038E-03
1.18102232E-01  3.95592451E-01  2.22760323E-03
1.18400847E-01  3.93111736E-01  2.22384697E-03
1.18699462E-01  3.95971477E-01  2.22705561E-03
1.18998077E-01  3.96858633E-01  2.20879610E-03
1.19296692E-01  3.95461261E-01  2.24693911E-03
1.19595307E-01  3.97845417E-01  2.21312302E-03
1.19893922E-01  4.01886731E-01  2.21958966E-03
1.20192537E-01  4.01017278E-01  2.24284129E-03
1.20491152E-01  4.06247288E-01  2.22528609E-03
1.20789767E-01  4.03521091E-01  2.23847013E-03
1.21088382E-01  4.08665657E-01  2.24945997E-03
1.21386997E-01  4.11479145E-01  2.23957654E-03
1.21685612E-01  4.08018857E-01  2.25091795E-03
1.21984227E-01  4.10535187E-01  2.24336167E-03
1.22282842E-01  4.07985300E-01  2.22065905E-03
1.22581457E-01  4.11477834E-01  2.21468043E-03
1.22880072E-01  4.12340671E-01  2.25632917E-03
1.23178687E-01  4.10140842E-01  2.22965213E-03
1.23477302E-01  4.11863267E-01  2.24063848E-03
1.23775917E-01  4.08877939E-01  2.20615813E-03
1.24074532E-01  4.13063467E-01  2.23916350E-03
1.24373147E-01  4.16383415E-01  2.24498892E-03
1.24671762E-01  4.10492271E-01  2.21664365E-03
1.24970377E-01  4.13190663E-01  2.21777218E-03
1.25268992E-01  4.11567390E-01  2.21036514E-03
1.25567607E-01  4.16059136E-01  2.21176678E-03
1.25866222E-01  4.13603008E-01  2.24064034E-03
1.26164837E-01  4.16745931E-01  2.22423510E-03
1.26463452E-01  4.18625116E-01  2.21858406E-03
1.26762067E-01  4.14455980E-01  2.21659569E-03
1.27060682E-01  4.18380320E-01  2.22097011E-03
1.27359297E-01  4.20178920E-01  2.25918973E-03
1.27657912E-01  4.24433231E-01  2.21736706E-03
1.27956527E-01  4.25765067E-01  2.23060441E-03
1.28255142E-01  4.21573609E-01  2.23556045E-03
1.28553757E-01  4.18965936E-01  2.18985043E-03
1.28852372E-01  4.20010746E-01  2.20136368E-03
1.29150987E-01  4.18742537E-01  2.19804025E-03
1.29449602E-01  4.17692125E-01  2.20862054E-03
1.29748217E-01  4.18002933E-01  2.20795022E-03
1.30046832E-01  4.19879168E-01  2.19516340E-03
1.30345447E-01  4.19860333E-01  2.18929793E-03
1.30644062E-01  4.17056292E-01  2.17909529E-03
1.30942677E-01  4.16640431E-01  2.19399924E-03
1.31241292E-01  4.20250297E-01  2.19614361E-03
1.31539907E-01  4.15200114E-01  2.17138347E-03
1.31838522E-01  4.17103499E-01  2.18645670E-03
1.32137137E-01  4.12434757E-01  2.19395710E-03
1.32435752E-01  4.08537567E-01  2.21219286E-03
1.32734367E-01  4.09652650E-01  2.21214211E-03
1.33032982E-01  4.06767994E-01  2.22760369E-03
1.33331597E-01  4.08098668E-01  2.23124702E-03
1.33630212E-01  4.05440837E-01  2.23346939E-03
1.33928827E-01  4.05165017E-01  2.26692576E-03
1.34227442E-01  4.04450864E-01  2.21034512E-03
1.34526057E-01  3.99146408E-01  2.24016956E-03
1.34824672E-01  4.03406024E-01  2.26869015E-03
1.35123287E-01  4.01298940E-01  2.24948861E-03
1.35421902E-01  3.96580994E-01  2.25610682E-03
1.35720517E-01  3.97000253E-01  2.23414949E-03
1.36019132E-01  4.01922137E-01  2.28834432E-03
1.36317747E-01  3.93939584E-01  2.24358658E-03
1.36616362E-01  3.90540123E-01  2.22729845E-03
1.36914977E-01  3.89166743E-01  2.24835449E-03
1.37213592E-01  3.88727844E-01  2.25048093E-03
1.37512207E-01  3.79265130E-01  2.24507647E-03
1.37810822E-01  3.84612590E-01  2.23854231E-03
1.38109437E-01  3.82489800E-01  2.23235902E-03
1.38408052E-01  3.77958000E-01  2.22752569E-03
1.38706667E-01  3.79574001E-01  2.23739934E-03
1.39005282E-01  3.73659998E-01  2.24405248E-03
1.39303897E-01  3.73785675E-01  2.20018625E-03
1.39602512E-01  3.74034286E-01  2.24342966E-03
1.39901127E-01  3.68525624E-01  2.22338503E-03
1.40199742E-01  3.67897153E-01  2.21119844E-03
1.40498357E-01  3.64434630E-01  2.22402369E-03
1.40796972E-01  3.66057783E-01  2.19974574E-03
1.41095587E-01  3.60945195E-01  2.21597287E-03
1.41394202E-01  3.58786047E-01  2.19552941E-03
1.41692817E-01  3.59123975E-01  2.21038074E-03
1.41991432E-01  3.56267869E-01  2.20157648E-03
1.42290047E-01  3.53951573E-01  2.17899913E-03
1.42588662E-01  3.50075245E-01  2.19626492E-03
1.42887277E-01  3.50401729E-01  2.18510837E-03
1.43185892E-01  3.48161668E-01  2.17126613E-03
1.43484507E-01  3.46616864E-01  2.18365435E-03
1.43783122E-01  3.43844831E-01  2.15692236E-03
1.44081737E-01  3.42898786E-01  2.16074521E-03
1.44380352E-01  3.40885043E-01  2.13675876E-03
1.44678967E-01  3.41920167E-01  2.11631111E-03
1.44977582E-01  3.38825375E-01  2.14872928E-03
1.45276197E-01  3.36480081E-01  2.10985215E-03
1.45574812E-01  3.33557934E-01  2.12526275E-03
1.45873427E-01  3.32157433E-01  2.07177992E-03
1.46172042E-01  3.32365721E-01  2.08733906E-03
1.46470657E-01  3.28597367E-01  2.10036058E-03
1.46769272E-01  3.31135184E-01  2.08347687E-03
1.47067887E-01  3.21646810E-01  2.04874738E-03
1.47366502E-01  3.22715342E-01  2.04213406E-03
1.47665117E-01  3.24256331E-01  2.05008010E-03
1.47963732E-01  3.24096322E-01  2.07307306E-03
1.48262347E-01  3.21916133E-01  2.04421068E-03
1.48560962E-01  3.16560954E-01  2.03019660E-03
1.48859577E-01  3.14653069E-01  1.99712324E-03
1.49158192E-01  3.11736315E-01  2.02927366E-03
1.49456807E-01  3.11967343E-01  2.00635567E-03
1.49755422E-01  3.08725953E-01  1.99070340E-03
1.50054037E-01  3.10601681E-01  2.00949376E-03
1.50352652E-01  3.07647377E-01  1.97477825E-03
1.50651267E-01  3.08269352E-01  2.00496404E-03
1.50949882E-01  3.08087200E-01  1.97329698E-03
1.51248497E-01  3.07898581E-01  1.98215689E-03
1.51547112E-01  3.03486675E-01  2.00226391E-03
1.51845727E-01  3.02494735E-01  1.94114377E-03
1.52144342E-01  3.00850302E-01  1.98370498E-03
1.52442957E-01  2.98130453E-01  1.91605941E-03
1.52741572E-01  2.97221392E-01  1.94104854E-03
1.53040187E-01  3.00725549E-01  1.98030123E-03
1.53338802E-01  2.96561003E-01  1.92689931E-03
1.53637417E-01  2.94794887E-01  1.94458093E-03
1.53936032E-01  2.95586944E-01  1.91886991E-03
1.54234647E-01  2.94934660E-01  1.92091940E-03
1.54533262E-01  2.94122368E-01  1.94817199E-03
1.54831877E-01  2.92895764E-01  1.91705592E-03
1.55130492E-01  2.87924677E-01  1.90349121E-03
1.55429107E-01  2.90149570E-01  1.90046604E-03
1.55727722E-01  2.89871991E-01  1.91833638E-03
1.56026337E-01  2.90740818E-01  1.91000104E-03
1.56324952E-01  2.86669403E-01  1.89040636E-03
1.56623567E-01  2.85306811E-01  1.90739369E-03
1.56922182E-01  2.82242626E-01  1.86968956E-03
1.57220797E-01  2.83913761E-01  1.90063065E-03
1.57519412E-01  2.79042751E-01  1.86107098E-03
1.57818027E-01  2.78183997E-01  1.85687235E-03
1.58116642E-01  2.79223442E-01  1.88556919E-03
1.58415257E-01  2.79177129E-01  1.86018902E-03
1.58713872E-01  2.74387211E-01  1.86163257E-03
1.59012487E-01  2.78840810E-01  1.84979464E-03
1.59311102E-01  2.74500161E-01  1.86338555E-03
1.59609717E-01  2.71359354E-01  1.85610214E-03
1.59908332E-01  2.69926697E-01  1.80845521E-03
1.60206947E-01  2.72313476E-01  1.83456158E-03
1.60505562E-01  2.71177173E-01  1.83073257E-03
1.60804177E-01  2.71570742E-01  1.83009775E-03
1.61102792E-01  2.68742025E-01  1.82119524E-03
1.61401407E-01  2.69277513E-01  1.81588135E-03
1.61700022E-01  2.67465860E-01  1.80720177E-03
1.61998637E-01  2.66951710E-01  1.80931203E-03
1.62297252E-01  2.64837623E-01  1.81051961E-03
1.62595867E-01  2.65188187E-01  1.81042182E-03
1.62894482E-01  2.66471773E-01  1.79435161E-03
1.63193097E-01  2.62767971E-01  1.80798431E-03
1.63491712E-01  2.58897066E-01  1.76496571E-03
1.63790327E-01  2.60874182E-01  1.79951743E-03
1.64088942E-01  2.59282291E-01  1.76382519E-03
1.64387557E-01  2.58802921E-01  1.77583308E-03
1.64686172E-01  2.57717937E-01  1.79312692E-03
1.64984787E-01  2.56410122E-01  1.75648089E-03
1.65283402E-01  2.54589021E-01  1.76132412E-03
1.65582017E-01  2.55738646E-01  1.75052637E-03
1.65880632E-01  2.51303226E-01  1.74255809E-03
1.66179247E-01  2.49965116E-01  1.75208237E-03
1.66477862E-01  2.49375090E-01  1.72562420E-03
1.66776477E-01  2.49306753E-01  1.74051232E-03
1.67075092E-01  2.47448891E-01  1.73769251E-03
1.67373707E-01  2.45666310E-01  1.72594073E-03
1.67672322E-01  2.49826685E-01  1.73927459E-03
1.67970937E-01  2.43506283E-01  1.70109514E-03
1.68269552E-01  2.43972883E-01  1.71637477E-03
1.68568167E-01  2.42647663E-01  1.69460080E-03
1.68866782E-01  2.43265256E-01  1.72173849E-03
1.69165397E-01  2.44871989E-01  1.71415275E-03
1.69464012E-01  2.36844286E-01  1.67537038E-03
1.69762627E-01  2.38871843E-01  1.69361546E-03
1.70061242E-01  2.41824746E-01  1.69815554E-03
1.70359857E-01  2.36132398E-01  1.69752084E-03
1.70658472E-01  2.35255063E-01  1.66404538E-03
1.70957087E-01  2.36939460E-01  1.67629530E-03
1.71255702E-01  2.36473486E-01  1.69516134E-03
1.71554317E-01  2.35446781E-01  1.65349012E-03
1.71852932E-01  2.35683933E-01  1.67531357E-03
1.72151547E-01  2.31573746E-01  1.65494275E-03
1.72450162E-01  2.30420992E-01  1.65479549E-03
1.72748777E-01  2.29257062E-01  1.65460655E-03
1.73047392E-01  2.27947399E-01  1.64250424E-03
1.73346007E-01  2.29516327E-01  1.65098300E-03
1.73644622E-01  2.28055969E-01  1.63785310E-03
1.73943237E-01  2.24763393E-01  1.62654382E-03
1.74241852E-01  2.24638417E-01  1.63616973E-03
1.74540467E-01  2.24794060E-01  1.61621999E-03
1.74839082E-01  2.22626969E-01  1.62827084E-03
1.75137697E-01  2.23898366E-01  1.61736424E-03
1.75436312E-01  2.23301634E-01  1.62570027E-03
1.75734927E-01  2.23234743E-01  1.60575612E-03
1.76033542E-01  2.18290105E-01  1.59267976E-03
1.76332157E-01  2.18345776E-01  1.61702128E-03
1.76630772E-01  2.19075128E-01  1.59126543E-03
1.76929387E-01  2.16886401E-01  1.60771306E-03
1.77228002E-01  2.14772746E-01  1.56927365E-03
1.77526617E-01  2.17342824E-01  1.59030384E-03
1.77825232E-01  2.12293580E-01  1.57705112E-03
1.78123847E-01  2.13472292E-01  1.57502317E-03
1.78422462E-01  2.13449731E-01  1.57494238E-03
1.78721077E-01  2.14513063E-01  1.58313301E-03
1.79019692E-01  2.12905318E-01  1.57772587E-03
1.79318307E-01  2.12219656E-01  1.57571957E-03
1.79616922E-01  2.11182714E-01  1.54842518E-03
1.79915537E-01  2.07364678E-01  1.55496306E-03
1.80214152E-01  2.09686667E-01  1.55009085E-03
1.80512767E-01  2.03695521E-01  1.54323643E-03
1.80811382E-01  2.05412254E-01  1.54554565E-03
1.81109997E-01  2.05055863E-01  1.52984168E-03
1.81408612E-01  2.06587419E-01  1.55101088E-03
1.81707227E-01  2.03588977E-01  1.53096055E-03
1.82005842E-01  2.02277184E-01  1.52602280E-03
1.82304457E-01  2.01421112E-01  1.51423051E-03
1.82603072E-01  2.00362310E-01  1.51676510E-03
1.82901687E-01  1.99138060E-01  1.52280228E-03
1.83200302E-01  1.99658409E-01  1.51109020E-03
1.83498917E-01  1.98254049E-01  1.49981712E-03
1.83797532E-01  1.97254524E-01  1.49358111E-03
1.84096147E-01  1.94732577E-01  1.49780989E-03
1.84394762E-01  1.97061449E-01  1.50926306E-03
1.84693377E-01  1.94602296E-01  1.48938084E-03
1.84991992E-01  1.91416502E-01  1.48500944E-03
1.85290607E-01  1.91096380E-01  1.46482396E-03
1.85589222E-01  1.90921605E-01  1.47474895E-03
1.85887837E-01  1.89975932E-01  1.46674423E-03
1.86186452E-01  1.91961288E-01  1.47149700E-03
1.86485067E-01  1.86740726E-01  1.45900098E-03
1.86783682E-01  1.87269598E-01  1.45674450E-03
1.87082297E-01  1.86962336E-01  1.46180356E-03
1.87380912E-01  1.86910361E-01  1.45201839E-03
1.87679527E-01  1.85240790E-01  1.43339334E-03
1.87978142E-01  1.84444025E-01  1.44810148E-03
1.88276757E-01  1.83156639E-01  1.43972551E-03
1.88575372E-01  1.80419430E-01  1.43316470E-03
1.88873987E-01  1.79232463E-01  1.41957682E-03
1.89172602E-01  1.79771900E-01  1.41390599E-03
1.89471217E-01  1.79056570E-01  1.42166601E-03
1.89769832E-01  1.79136574E-01  1.42572063E-03
1.90068447E-01  1.78170100E-01  1.40174141E-03
1.90367062E-01  1.77141190E-01  1.41082308E-03
1.90665677E-01  1.75107762E-01  1.39951915E-03
1.90964292E-01  1.74140379E-01  1.39294472E-03
1.91262907E-01  1.75457507E-01  1.40410941E-03
1.91561522E-01  1.73118785E-01  1.37734634E-03
1.91860137E-01  1.72694713E-01  1.39437790E-03
1.92158752E-01  1.72192842E-01  1.38514303E-03
1.92457367E-01  1.68639958E-01  1.37255434E-03
1.92755982E-01  1.68872923E-01  1.36776210E-03
1.93054597E-01  1.68724522E-01  1.36804162E-03
1.93353212E-01  1.67249337E-01  1.35510112E-03
1.93651827E-01  1.65038079E-01  1.36047101E-03
1.93950442E-01  1.66030794E-01  1.35708414E-03
1.94249057E-01  1.65215090E-01  1.34427880E-03
1.94547672E-01  1.63713291E-01  1.34845113E-03
1.94846287E-01  1.62807584E-01  1.34212978E-03
1.95144902E-01  1.61760643E-01  1.34515925E-03
1.95443517E-01  1.61644086E-01  1.31640024E-03
1.95742132E-01  1.57898009E-01  1.31921074E-03
1.96040747E-01  1.57565400E-01  1.32035476E-03
1.96339362E-01  1.59532055E-01  1.33156229E-03
1.96637977E-01  1.55843809E-01  1.30314031E-03
1.96936592E-01  1.55835330E-01  1.30558212E-03
1.97235207E-01  1.55960485E-01  1.31068495E-03
1.97533822E-01  1.53190732E-01  1.29405118E-03
1.97832437E-01  1.53760597E-01  1.30058301E-03
1.98131052E-01  1.53908715E-01  1.29421905E-03
1.98429667E-01  1.52478144E-01  1.28941250E-03
1.98728282E-01  1.52416542E-01  1.29324559E-03
1.99026897E-01  1.51272818E-01  1.28027308E-03
1.99325512E-01  1.49633840E-01  1.27733639E-03
1.99624127E-01  1.48526475E-01  1.27220165E-03
1.99922742E-01  1.48932695E-01  1.27153646E-03
2.00221357E-01  1.45609587E-01  1.26445049E-03
2.00519972E-01  1.43974990E-01  1.24473032E-03
2.00818587E-01  1.46316856E-01  1.25364307E-03
2.01117202E-01  1.41879141E-01  1.24656979E-03
2.01415817E-01  1.44681111E-01  1.24623266E-03
2.01714432E-01  1.40214354E-01  1.23260904E-03
2.02013047E-01  1.39488295E-01  1.22442970E-03
2.02311662E-01  1.39890283E-01  1.23118819E-03
2.02610277E-01  1.39028609E-01  1.23048632E-03
2.02908892E-01  1.38220385E-01  1.21358060E-03
2.03207507E-01  1.38178959E-01  1.21829903E-03
2.03506122E-01  1.38082802E-01  1.21598702E-03
2.03804737E-01  1.35465592E-01  1.20553246E-03
2.04103352E-01  1.34693965E-01  1.20584934E-03
2.04401967E-01  1.33938372E-01  1.20096328E-03
2.04700582E-01  1.34624064E-01  1.19365589E-03
2.04999197E-01  1.30412191E-01  1.17809209E-03
2.05297812E-01  1.30458236E-01  1.18972617E-03
2.05596427E-01  1.31446227E-01  1.18458492E-03
2.05895042E-01  1.28946081E-01  1.17618055E-03
2.06193657E-01  1.25516683E-01  1.15293718E-03
2.06492272E-01  1.27777055E-01  1.16184959E-03
2.06790887E-01  1.27447769E-01  1.17335119E-03
2.07089502E-01  1.26270786E-01  1.14867592E-03
2.07388117E-01  1.25287175E-01  1.15902361E-03
2.07686732E-01  1.23209849E-01  1.14476448E-03
2.07985347E-01  1.24525473E-01  1.14698196E-03
2.08283962E-01  1.21528946E-01  1.13588374E-03
2.08582577E-01  1.21174306E-01  1.12628948E-03
2.08881192E-01  1.21103875E-01  1.13112049E-03
2.09179807E-01  1.18643686E-01  1.12474896E-03
2.09478422E-01  1.20184697E-01  1.11863867E-03
2.09777037E-01  1.17747784E-01  1.11877220E-03
2.10075652E-01  1.19057864E-01  1.11439498E-03
2.10374267E-01  1.16766863E-01  1.11755251E-03
2.10672882E-01  1.15697488E-01  1.10899517E-03
2.10971497E-01  1.14155687E-01  1.08371314E-03
2.11270112E-01  1.12545907E-01  1.09278166E-03
2.11568727E-01  1.13765903E-01  1.08738767E-03
2.11867342E-01  1.11799456E-01  1.08815311E-03
2.12165957E-01  1.10854954E-01  1.07403670E-03
2.12464572E-01  1.11330442E-01  1.07536791E-03
2.12763187E-01  1.09644160E-01  1.07236893E-03
2.13061802E-01  1.09790578E-01  1.07211026E-03
2.13360417E-01  1.08307332E-01  1.06874132E-03
2.13659032E-01  1.08219162E-01  1.05706765E-03
2.13957647E-01  1.05922624E-01  1.04704662E-03
2.14256262E-01  1.07218422E-01  1.05820247E-03
2.14554877E-01  1.05379835E-01  1.04280259E-03
2.14853492E-01  1.04961261E-01  1.04229024E-03
2.15152107E-01  1.03647038E-01  1.03450671E-03
2.15450722E-01  1.02152936E-01  1.03731279E-03
2.15749337E-01  1.02183536E-01  1.03026652E-03
2.16047952E-01  9.99538302E-02  1.01561053E-03
2.16346567E-01  1.00838400E-01  1.02070684E-03
2.16645182E-01  1.00083075E-01  1.01114658E-03
2.16943797E-01  9.96223837E-02  1.01423427E-03
2.17242412E-01  9.89839435E-02  1.01769867E-03
2.17541027E-01  9.78401005E-02  9.95934475E-04
2.17839642E-01  9.71169770E-02  1.00928335E-03
2.18138257E-01  9.50121880E-02  9.79715376E-04
2.18436872E-01  9.44928825E-02  9.87197272E-04
2.18735487E-01  9.26958621E-02  9.72839829E-04
2.19034102E-01  9.24175456E-02  9.71955131E-04
2.19332717E-01  9.25604478E-02  9.79105709E-04
2.19631332E-01  9.24883410E-02  9.74641996E-04
2.19929947E-01  9.06781927E-02  9.61348938E-04
2.20228562E-01  8.90403911E-02  9.49551468E-04
2.20527177E-01  8.93562585E-02  9.56297386E-04
2.20825792E-01  8.90662968E-02  9.55880329E-04
2.21124407E-01  8.74187574E-02  9.44199041E-04
2.21423022E-01  8.82079005E-02  9.46776825E-04
2.21721637E-01  8.56501535E-02  9.31034912E-04
2.22020252E-01  8.48922879E-02  9.26637033E-04
2.22318867E-01  8.59907642E-02  9.38683283E-04
2.22617482E-01  8.49579945E-02  9.22149979E-04
2.22916097E-01  8.58771205E-02  9.39741090E-04
2.23214712E-01  8.16759691E-02  9.07062960E-04
2.23513327E-01  8.19397271E-02  9.14685952E-04
2.23811942E-01  8.11608732E-02  9.05258639E-04
2.24110557E-01  8.05321559E-02  8.98078491E-04
2.24409172E-01  8.04436803E-02  9.04432673E-04
2.24707787E-01  7.91298524E-02  8.88426730E-04
2.25006402E-01  7.90823400E-02  8.98604922E-04
2.25305017E-01  7.88367316E-02  8.81201122E-04
2.25603632E-01  7.80285299E-02  8.88929062E-04
2.25902247E-01  7.74104148E-02  8.86443362E-04
2.26200862E-01  7.67162219E-02  8.77573912E-04
2.26499477E-01  7.58958980E-02  8.69842013E-04
2.26798092E-01  7.46918023E-02  8.67688505E-04
2.27096707E-01  7.46154264E-02  8.65983602E-04
2.27395322E-01  7.39896297E-02  8.65627429E-04
2.27693937E-01  7.53505751E-02  8.62742541E-04
2.27992552E-01  7.21517578E-02  8.47145740E-04
2.28291167E-01  7.35195428E-02  8.54647311E-04
2.28589782E-01  7.10985586E-02  8.47312564E-04
2.28888397E-01  7.20172524E-02  8.49794422E-04
2.29187012E-01  7.07656294E-02  8.35374347E-04
2.29485627E-01  7.05103502E-02  8.36980762E-04
2.29784242E-01  7.05942139E-02  8.41361762E-04
2.30082857E-01  6.94562271E-02  8.29036289E-04
2.30381472E-01  6.74246401E-02  8.15189967E-04
2.30680087E-01  6.82882220E-02  8.22510861E-04
2.30978702E-01  6.65845051E-02  8.12187383E-04
2.31277317E-01  6.73734397E-02  8.17925553E-04
2.31575932E-01  6.70372695E-02  8.15649633E-04
2.31874547E-01  6.48111850E-02  7.95843545E-04
2.32173162E-01  6.58554807E-02  8.06118420E-04
2.32471777E-01  6.47035167E-02  8.00641370E-04
2.32770392E-01  6.48222044E-02  7.98632565E-04
2.33069007E-01  6.48273155E-02  7.98210967E-04
2.33367622E-01  6.31124154E-02  7.84686592E-04
2.33666237E-01  6.32183105E-02  7.92087580E-04
2.33964852E-01  6.21646307E-02  7.79436377E-04
2.34263467E-01  6.07771501E-02  7.70690560E-04
2.34562082E-01  5.95659986E-02  7.64924975E-04
2.34860697E-01  6.21438622E-02  7.79973401E-04
2.35159312E-01  5.87727316E-02  7.59385759E-04
2.35457927E-01  6.04652576E-02  7.66119920E-04
2.35756542E-01  5.93866147E-02  7.56287307E-04
2.36055157E-01  5.89477234E-02  7.59872899E-04
2.36353772E-01  5.76548353E-02  7.50856590E-04
2.36652387E-01  5.84205091E-02  7.59926508E-04
2.36951002E-01  5.75068668E-02  7.40315882E-04
2.37249617E-01  5.62628657E-02  7.43850891E-04
2.37548232E-01  5.51898330E-02  7.33391382E-04
2.37846847E-01  5.66193424E-02  7.40327756E-04
2.38145462E-01  5.67081459E-02  7.40287476E-04
2.38444077E-01  5.51081672E-02  7.24919257E-04
2.38742692E-01  5.45196570E-02  7.33079854E-04
2.39041307E-01  5.53618558E-02  7.32066575E-04
2.39339922E-01  5.33811226E-02  7.17446732E-04
2.39638537E-01  5.28044626E-02  7.14160909E-04
2.39937152E-01  5.19154854E-02  7.06153398E-04
2.40235767E-01  5.19366749E-02  7.11261120E-04
2.40534382E-01  5.20314313E-02  7.07338040E-04
2.40832997E-01  5.13988398E-02  7.01465935E-04
2.41131612E-01  5.15978560E-02  7.06554798E-04
2.41430227E-01  4.99173813E-02  6.89187902E-04
2.41728842E-01  5.06850332E-02  7.01459940E-04
2.42027457E-01  4.89376895E-02  6.80149475E-04
2.42326072E-01  5.02207652E-02  6.91664696E-04
2.42624687E-01  4.90838587E-02  6.90295710E-04
2.42923302E-01  5.02288938E-02  6.94217044E-04
2.43221917E-01  4.87988256E-02  6.77892240E-04
2.43520532E-01  4.79101725E-02  6.74456765E-04
2.43819147E-01  4.70479950E-02  6.68913824E-04
2.44117762E-01  4.76463959E-02  6.76328840E-04
2.44416377E-01  4.67476249E-02  6.71603018E-04
2.44714992E-01  4.70962375E-02  6.65243599E-04
2.45013607E-01  4.59222049E-02  6.63798710E-04
2.45312222E-01  4.63821925E-02  6.63076527E-04
2.45610837E-01  4.57962602E-02  6.60874415E-04
2.45909452E-01  4.54963781E-02  6.52080984E-04
2.46208067E-01  4.48698029E-02  6.52897812E-04
2.46506682E-01  4.55436185E-02  6.56340737E-04
2.46805297E-01  4.42507975E-02  6.52158982E-04
2.47103912E-01  4.40555550E-02  6.42547966E-04
2.47402527E-01  4.46274169E-02  6.46706205E-04
2.47701142E-01  4.34500165E-02  6.41962688E-04
2.47999757E-01  4.41362821E-02  6.46481640E-04
2.48298372E-01  4.25717682E-02  6.38608471E-04
2.48596987E-01  4.34984080E-02  6.33345160E-04
2.48895602E-01  4.12587263E-02  6.21152285E-04
2.49194217E-01  4.14890349E-02  6.23560452E-04
2.49492832E-01  4.12428752E-02  6.22893276E-04
2.49791447E-01  4.17014807E-02  6.27889065E-04
2.50090062E-01  4.11200821E-02  6.19275554E-04
2.50388677E-01  4.03909348E-02  6.18115941E-04
2.50687292E-01  3.98050286E-02  6.11445052E-04
2.50985907E-01  4.19838428E-02  6.24402950E-04
2.51284522E-01  3.90870981E-02  6.06238376E-04
2.51583137E-01  3.96979451E-02  6.06517482E-04
2.51881752E-01  4.03409302E-02  6.14052056E-04
2.52180367E-01  3.93316448E-02  6.06323301E-04
2.52478982E-01  3.80732194E-02  5.94458776E-04
2.52777597E-01  3.85991223E-02  5.99680585E-04
2.53076212E-01  3.83497961E-02  5.97903214E-04
2.53374827E-01  3.88978161E-02  6.03956811E-04
2.53673442E-01  3.82208452E-02  5.91028307E-04
2.53972057E-01  3.78995165E-02  5.93267265E-04
2.54270672E-01  3.83898243E-02  5.96933416E-04
2.54569287E-01  3.69078889E-02  5.87991613E-04
2.54867902E-01  3.65316458E-02  5.81997505E-04
2.55166517E-01  3.76508385E-02  5.87077287E-04
2.55465132E-01  3.67046706E-02  5.82907640E-04
2.55763747E-01  3.59109081E-02  5.77035651E-04
2.56062362E-01  3.63273621E-02  5.80217515E-04
2.56360977E-01  3.64228599E-02  5.77123661E-04
2.56659592E-01  3.55307981E-02  5.68510965E-04
2.56958207E-01  3.62870581E-02  5.79278334E-04
2.57256822E-01  3.51755098E-02  5.69424592E-04
2.57555437E-01  3.50875333E-02  5.66001574E-04
2.57854052E-01  3.47967036E-02  5.64997725E-04
2.58152667E-01  3.53436098E-02  5.71397599E-04
2.58451282E-01  3.47896330E-02  5.67054783E-04
2.58749897E-01  3.52117978E-02  5.65218506E-04
2.59048512E-01  3.33651826E-02  5.51358855E-04
2.59347127E-01  3.47045250E-02  5.62021218E-04
2.59645742E-01  3.37133296E-02  5.56732004E-04
2.59944357E-01  3.41627374E-02  5.61328605E-04
2.60242972E-01  3.48470323E-02  5.59796230E-04
2.60541587E-01  3.33779901E-02  5.52931044E-04
2.60840202E-01  3.33478786E-02  5.51223464E-04
2.61138817E-01  3.28002982E-02  5.48273150E-04
2.61437432E-01  3.36498171E-02  5.53424004E-04
2.61736047E-01  3.23859900E-02  5.40517736E-04
2.62034662E-01  3.34037691E-02  5.51544828E-04
2.62333277E-01  3.20769325E-02  5.40196430E-04
2.62631892E-01  3.29058096E-02  5.43990580E-04
2.62930507E-01  3.35614309E-02  5.49670658E-04
2.63229122E-01  3.29435468E-02  5.45584480E-04
2.63527737E-01  3.24931853E-02  5.45276678E-04
2.63826352E-01  3.19081657E-02  5.35685685E-04
2.64124967E-01  3.21331508E-02  5.37572196E-04
2.64423582E-01  3.17241810E-02  5.34559134E-04
2.64722197E-01  3.20590921E-02  5.35285566E-04
2.65020812E-01  3.14622298E-02  5.35570958E-04
2.65319427E-01  3.09307966E-02  5.24025003E-04
2.65618042E-01  3.08821164E-02  5.29079582E-04
2.65916657E-01  3.10818050E-02  5.28712233E-04
2.66215272E-01  3.13780122E-02  5.30536810E-04
2.66513887E-01  3.05736028E-02  5.24101779E-04
2.66812502E-01  3.10487412E-02  5.24894509E-04
2.67111117E-01  3.12802531E-02  5.30402409E-04
2.67409732E-01  3.04652639E-02  5.22091228E-04
2.67708347E-01  3.10001466E-02  5.27475844E-04
2.68006962E-01  2.97945049E-02  5.16314176E-04
2.68305577E-01  2.98175886E-02  5.14785468E-04
2.68604192E-01  3.05257849E-02  5.22208982E-04
2.68902807E-01  3.00105996E-02  5.17116743E-04
2.69201422E-01  3.06175705E-02  5.19913621E-04
2.69500037E-01  2.92678494E-02  5.10416750E-04
2.69798652E-01  3.03493999E-02  5.19495690E-04
2.70097267E-01  2.98172832E-02  5.18267625E-04
2.70395882E-01  2.92710904E-02  5.05651929E-04
2.70694497E-01  2.96079647E-02  5.12850645E-04
2.70993112E-01  2.92960256E-02  5.11063554E-04
2.71291727E-01  2.96247546E-02  5.13526786E-04
2.71590342E-01  2.93667149E-02  5.12608793E-04
2.71888957E-01  2.84599233E-02  4.98224632E-04
2.72187572E-01  2.98091918E-02  5.12885454E-04
2.72486187E-01  2.81991027E-02  4.99353453E-04
2.72784802E-01  2.80132797E-02  4.98728594E-04
2.73083417E-01  2.95198504E-02  5.06783195E-04
2.73382032E-01  2.92321127E-02  5.07254328E-04
2.73680647E-01  2.95827370E-02  5.12644416E-04
2.73979262E-01  2.96925921E-02  5.11106278E-04
2.74277877E-01  2.86499336E-02  5.00020920E-04
2.74576492E-01  2.91485619E-02  5.05120552E-04
2.74875107E-01  2.81644724E-02  4.98037902E-04
2.75173722E-01  2.94789225E-02  5.10309357E-04
2.75472337E-01  2.90465187E-02  5.00950962E-04
2.75770952E-01  2.91512702E-02  5.06691344E-04
2.76069567E-01  2.91877240E-02  5.02044102E-04
2.76368182E-01  2.79417969E-02  4.97850648E-04
2.76666797E-01  2.87200250E-02  5.03318151E-04
2.76965412E-01  2.96618138E-02  5.05729695E-04
2.77264027E-01  2.88318060E-02  5.02506795E-04
2.77562642E-01  2.82003153E-02  4.92624240E-04
2.77861257E-01  2.92973891E-02  5.08616853E-04
2.78159872E-01  2.93443259E-02  5.02144569E-04
2.78458487E-01  2.80672666E-02  4.92939493E-04
2.78757102E-01  2.76202727E-02  4.92591236E-04
2.79055717E-01  2.93965153E-02  5.05112635E-04
2.79354332E-01  2.88874339E-02  5.00595372E-04
2.79652947E-01  2.89801992E-02  5.01525647E-04
2.79951562E-01  2.84480732E-02  4.92833671E-04
2.80250177E-01  2.81237829E-02  4.96310648E-04
2.80548792E-01  2.81785242E-02  4.93676809E-04
2.80847407E-01  2.76939813E-02  4.87588230E-04
2.81146022E-01  2.92459745E-02  5.03194926E-04
2.81444637E-01  2.77836174E-02  4.91687679E-04
2.81743252E-01  2.85573769E-02  4.96368622E-04
2.82041867E-01  2.78974939E-02  4.86370496E-04
2.82340482E-01  2.84516066E-02  4.95203887E-04
2.82639097E-01  2.86785942E-02  4.97424742E-04
2.82937712E-01  2.77534798E-02  4.88484395E-04
2.83236327E-01  2.82929204E-02  4.92964871E-04
2.83534942E-01  2.72746757E-02  4.81626194E-04
2.83833557E-01  2.73290034E-02  4.84858698E-04
2.84132172E-01  2.83400752E-02  4.92889551E-04
2.84430787E-01  2.87251621E-02  4.98833077E-04
2.84729402E-01  2.86652390E-02  4.92184190E-04
2.85028017E-01  2.84897145E-02  4.93703235E-04
2.85326632E-01  2.85406597E-02  4.97356872E-04
2.85625247E-01  2.78244633E-02  4.83264652E-04
2.85923862E-01  2.74639390E-02  4.84138727E-04
2.86222477E-01  2.86109298E-02  4.93658881E-04
2.86521092E-01  2.82161292E-02  4.90363163E-04
2.86819707E-01  2.79545616E-02  4.91490995E-04
2.87118322E-01  2.82730907E-02  4.87032929E-04
2.87416937E-01  2.80198995E-02  4.87100071E-04
2.87715552E-01  2.78703701E-02  4.85087367E-04
2.88014167E-01  2.80687027E-02  4.90175560E-04
2.88312782E-01  2.85007618E-02  4.93080996E-04
2.88611397E-01  2.87829470E-02  4.89749596E-04
2.88910012E-01  2.85403412E-02  4.93913540E-04
2.89208627E-01  2.76718549E-02  4.83835815E-04
2.89507242E-01  2.80875806E-02  4.87100449E-04
2.89805857E-01  2.80929524E-02  4.85372293E-04
2.90104472E-01  2.91320104E-02  4.93550266E-04
2.90403087E-01  2.78776530E-02  4.88031306E-04
2.90701702E-01  2.80997138E-02  4.86142584E-04
2.91000317E-01  2.84487158E-02  4.88322519E-04
2.91298932E-01  2.86998600E-02  4.91548388E-04
2.91597547E-01  2.86743641E-02  4.92050836E-04
2.91896162E-01  2.84892172E-02  4.90101927E-04
2.92194777E-01  2.91973576E-02  4.94231936E-04
2.92493392E-01  2.88182683E-02  4.91490297E-04
2.92792007E-01  2.92917974E-02  4.96114953E-04
2.93090622E-01  2.89277118E-02  4.92783845E-04
2.93389237E-01  2.89333370E-02  4.92593856E-04
2.93687852E-01  2.90530361E-02  4.90176491E-04
2.93986467E-01  2.88386047E-02  4.91908693E-04
2.94285082E-01  2.88965870E-02  4.89913393E-04
2.94583697E-01  2.84568202E-02  4.89834638E-04
2.94882312E-01  2.87278425E-02  4.88953548E-04
2.95180927E-01  2.87372395E-02  4.85886849E-04
2.95479542E-01  2.88811009E-02  4.91562067E-04
2.95778157E-01  2.89083682E-02  4.89901984E-04
2.96076772E-01  2.83100363E-02  4.85156517E-04
2.96375387E-01  2.91214641E-02  4.91470855E-04
2.96674002E-01  2.89362539E-02  4.89671889E-04
2.96972617E-01  2.83672009E-02  4.88002872E-04
2.97271232E-01  3.00840046E-02  5.02798648E-04
2.97569847E-01  2.85825338E-02  4.90330684E-04
2.97868462E-01  2.93936096E-02  4.98698442E-04
2.98167077E-01  2.91460436E-02  4.99043905E-04
2.98465692E-01  2.91907769E-02  5.02542884E-04
2.98764307E-01  2.91135199E-02  4.97539819E-04
2.99062922E-01  2.95536239E-02  5.04398544E-04
2.99361537E-01  2.95384061E-02  5.05910313E-04
2.99660152E-01  2.96599623E-02  5.07843331E-04
2.99958767E-01  2.99162976E-02  5.10291196E-04
3.00257382E-01  2.92340666E-02  5.05843258E-04
3.00555997E-01  2.95106843E-02  5.07975055E-04
3.00854612E-01  2.99533159E-02  5.10996964E-04
3.01153227E-01  2.93709245E-02  5.09356440E-04
3.01451842E-01  3.03463079E-02  5.15381631E-04
3.01750457E-01  3.02299820E-02  5.20356523E-04
3.02049072E-01  3.08308341E-02  5.21732785E-04
3.02347687E-01  2.97796391E-02  5.23013528E-04
3.02646302E-01  2.90823113E-02  5.23432391E-04
3.02944917E-01  2.96315774E-02  5.28209726E-04
3.03243532E-01  3.05074118E-02  5.46170282E-04
3.03542147E-01  3.00129671E-02  5.42649243E-04
3.03840762E-01  2.92244777E-02  5.35171479E-04
3.04139377E-01  2.94767749E-02  5.44467650E-04
3.04437992E-01  3.03674396E-02  5.47717034E-04
3.04736607E-01  3.04938238E-02  5.57855354E-04
3.05035222E-01  3.06306425E-02  5.54542698E-04
3.05333837E-01  2.94377394E-02  5.47306030E-04
3.05632452E-01  2.92928778E-02  5.50349709E-04
3.05931067E-01  2.97965948E-02  5.52262471E-04
3.06229682E-01  2.95671429E-02  5.56091778E-04
3.06528297E-01  2.99702547E-02  5.54529484E-04
3.06826912E-01  2.94033289E-02  5.56068029E-04
3.07125527E-01  2.94732954E-02  5.58090280E-04
3.07424142E-01  3.02554704E-02  5.64758724E-04
3.07722757E-01  3.05394977E-02  5.71956858E-04
3.08021372E-01  3.08800377E-02  5.70387347E-04
3.08319987E-01  3.05102170E-02  5.62693167E-04
3.08618602E-01  3.06199268E-02  5.58204134E-04
3.08917217E-01  3.11227366E-02  5.54350787E-04
3.09215832E-01  3.16051543E-02  5.63480076E-04
3.09514447E-01  3.17363590E-02  5.55838051E-04
3.09813062E-01  3.05599459E-02  5.46672905E-04
3.10111677E-01  3.05477027E-02  5.44108392E-04
3.10410292E-01  3.00515182E-02  5.32992533E-04
3.10708907E-01  3.16210128E-02  5.52042678E-04
3.11007522E-01  3.01192310E-02  5.31276921E-04
3.11306137E-01  3.17353047E-02  5.52273414E-04
3.11604752E-01  3.17643434E-02  5.46040304E-04
3.11903367E-01  3.10306773E-02  5.39113942E-04
3.12201982E-01  3.14446688E-02  5.42552851E-04
3.12500597E-01  3.07753496E-02  5.31875819E-04
3.12799212E-01  3.14127170E-02  5.41840272E-04
3.13097827E-01  3.09867486E-02  5.34413208E-04
3.13396442E-01  3.13917473E-02  5.37180342E-04
3.13695057E-01  3.20929773E-02  5.45912655E-04
3.13993672E-01  3.24523449E-02  5.43444767E-04
3.14292287E-01  3.19014862E-02  5.40237757E-04
3.14590902E-01  3.09803076E-02  5.30839723E-04
3.14889517E-01  3.15989964E-02  5.36115549E-04
3.15188132E-01  3.23832557E-02  5.45897230E-04
3.15486747E-01  3.21548581E-02  5.36734937E-04
3.15785362E-01  3.26304547E-02  5.44370443E-04
3.16083977E-01  3.14791277E-02  5.30656020E-04
3.16382592E-01  3.18250507E-02  5.36487321E-04
3.16681207E-01  3.22977453E-02  5.38071559E-04
3.16979822E-01  3.24926786E-02  5.38857013E-04
3.17278437E-01  3.29105668E-02  5.44143550E-04
3.17577052E-01  3.10703237E-02  5.27070079E-04
3.17875667E-01  3.26354355E-02  5.47741016E-04
3.18174282E-01  3.27027291E-02  5.53330639E-04
3.18472897E-01  3.33612897E-02  5.66913222E-04
3.18771512E-01  3.21282558E-02  5.54182625E-04
3.19070127E-01  3.22160386E-02  5.59285982E-04
3.19368742E-01  3.35252210E-02  5.71019598E-04
3.19667357E-01  3.17797288E-02  5.56426996E-04
3.19965972E-01  3.16889137E-02  5.56889339E-04
3.20264587E-01  3.17613818E-02  5.60068816E-04
3.20563202E-01  3.28903422E-02  5.69449738E-04
3.20861817E-01  3.36954333E-02  5.77532337E-04
3.21160432E-01  3.28257158E-02  5.68245654E-04
3.21459047E-01  3.21907103E-02  5.68081159E-04
3.21757662E-01  3.37949991E-02  5.78389852E-04
3.22056277E-01  3.45277861E-02  5.84294263E-04
3.22354892E-01  3.36416401E-02  5.81760250E-04
3.22653507E-01  3.29281054E-02  5.73726546E-04
3.22952122E-01  3.33567858E-02  5.82523528E-04
3.23250737E-01  3.29623073E-02  5.68146759E-04
3.23549352E-01  3.34840119E-02  5.79728221E-04
3.23847967E-01  3.28963697E-02  5.77306957E-04
3.24146582E-01  3.34301740E-02  5.80276537E-04
3.24445197E-01  3.37718762E-02  5.83576271E-04
3.24743812E-01  3.39859501E-02  5.84403228E-04
3.25042427E-01  3.37064005E-02  5.88180730E-04
3.25341042E-01  3.37165296E-02  5.81578875E-04
3.25639657E-01  3.27230766E-02  5.76131919E-04
3.25938272E-01  3.38452756E-02  5.87481831E-04
3.26236887E-01  3.29537429E-02  5.75134356E-04
3.26535502E-01  3.38246375E-02  5.91506134E-04
3.26834117E-01  3.27394046E-02  5.75439131E-04
3.27132732E-01  3.34565416E-02  5.84622321E-04
3.27431347E-01  3.40169072E-02  5.90372074E-04
3.27729962E-01  3.42457891E-02  5.89569041E-04
3.28028577E-01  3.36581767E-02  5.93978097E-04
3.28327192E-01  3.34222578E-02  5.77880070E-04
3.28625807E-01  3.49425673E-02  6.00675121E-04
3.28924422E-01  3.46226320E-02  5.97563980E-04
3.29223037E-01  3.41520756E-02  5.91029180E-04
3.29521652E-01  3.40272002E-02  5.91174234E-04
3.29820267E-01  3.41741703E-02  5.90351643E-04
3.30118882E-01  3.44882421E-02  5.99636813E-04
3.30417497E-01  3.37366462E-02  5.89877251E-04
3.30716112E-01  3.39202024E-02  5.87985734E-04
3.31014727E-01  3.36929858E-02  5.87053539E-04
3.31313342E-01  3.45526822E-02  5.92399389E-04
3.31611957E-01  3.50189246E-02  6.02789863E-04
3.31910572E-01  3.43175344E-02  5.92474709E-04
3.32209187E-01  3.47966924E-02  5.93969773E-04
3.32507802E-01  3.41793224E-02  5.95346559E-04
3.32806417E-01  3.45539302E-02  5.90687094E-04
3.33105032E-01  3.45328227E-02  5.95925201E-04
3.33403647E-01  3.47571447E-02  5.93987410E-04
3.33702262E-01  3.37107517E-02  5.85323141E-04
3.34000877E-01  3.49402763E-02  5.95553720E-04
3.34299492E-01  3.48712057E-02  5.96896221E-04
3.34598107E-01  3.44010741E-02  5.93386649E-04
3.34896722E-01  3.49370912E-02  5.92239143E-04
3.35195337E-01  3.54527943E-02  5.97811537E-04
3.35493952E-01  3.41575928E-02  5.90241398E-04
3.35792567E-01  3.41304913E-02  5.87932707E-04
3.36091182E-01  3.34081426E-02  5.82532783E-04
3.36389797E-01  3.43961008E-02  5.87474264E-04
3.36688412E-01  3.41802761E-02  5.89402742E-04
3.36987027E-01  3.37036476E-02  5.81702916E-04
3.37285642E-01  3.47188637E-02  5.92814002E-04
3.37584257E-01  3.35824154E-02  5.83887508E-04
3.37882872E-01  3.51208001E-02  5.94329496E-04
3.38181487E-01  3.36656757E-02  5.84100373E-04
3.38480102E-01  3.50014456E-02  5.86707960E-04
3.38778717E-01  3.42245623E-02  5.88071707E-04
3.39077332E-01  3.47790495E-02  5.90409036E-04
3.39375947E-01  3.44586112E-02  5.87514427E-04
3.39674562E-01  3.40207145E-02  5.87525370E-04
3.39973177E-01  3.59009579E-02  5.97271894E-04
3.40271792E-01  3.43475826E-02  5.88278053E-04
3.40570407E-01  3.41578946E-02  5.85630827E-04
3.40869022E-01  3.53442915E-02  5.92288503E-04
3.41167637E-01  3.46000977E-02  5.87879564E-04
3.41466252E-01  3.50246690E-02  5.87923802E-04
3.41764867E-01  3.42668444E-02  5.88624505E-04
3.42063482E-01  3.51282954E-02  5.91331802E-04
3.42362097E-01  3.54477391E-02  5.90795651E-04
3.42660712E-01  3.45810838E-02  5.88918221E-04
3.42959327E-01  3.47192436E-02  5.84032503E-04
3.43257942E-01  3.46918292E-02  5.89864037E-04
3.43556557E-01  3.38113271E-02  5.77992527E-04
3.43855172E-01  3.41175534E-02  5.80771652E-04
3.44153787E-01  3.47700715E-02  5.85966161E-04
3.44452402E-01  3.48979831E-02  5.86375827E-04
3.44751017E-01  3.47509980E-02  5.86311216E-04
3.45049632E-01  3.46028283E-02  5.79456624E-04
3.45348247E-01  3.60176265E-02  5.96904370E-04
3.45646862E-01  3.50250006E-02  5.86115522E-04
3.45945477E-01  3.49667743E-02  5.85962203E-04
3.46244092E-01  3.49009857E-02  5.78557723E-04
3.46542707E-01  3.50265875E-02  5.80082124E-04
3.46841322E-01  3.45846042E-02  5.80618682E-04
3.47139937E-01  3.34908515E-02  5.69443859E-04
3.47438552E-01  3.52054276E-02  5.79478859E-04
3.47737167E-01  3.51475552E-02  5.83688612E-04
3.48035782E-01  3.46811265E-02  5.74676262E-04
3.48334397E-01  3.51080857E-02  5.82711829E-04
3.48633012E-01  3.45301442E-02  5.69832337E-04
3.48931627E-01  3.52358222E-02  5.80057735E-04
3.49230242E-01  3.44329663E-02  5.75001875E-04
3.49528857E-01  3.54363285E-02  5.81548957E-04
3.49827472E-01  3.55733633E-02  5.83640649E-04
3.50126087E-01  3.55270281E-02  5.77694329E-04
3.50424702E-01  3.53332050E-02  5.81188593E-04
3.50723317E-01  3.47964987E-02  5.74384234E-04
3.51021932E-01  3.53328399E-02  5.80868335E-04
3.51320547E-01  3.54767367E-02  5.79023967E-04
3.51619162E-01  3.41652781E-02  5.66985342E-04
3.51917777E-01  3.41616087E-02  5.69439260E-04
3.52216392E-01  3.38231213E-02  5.65528171E-04
3.52515007E-01  3.51515524E-02  5.73869445E-04
3.52813622E-01  3.40930969E-02  5.65165246E-04
3.53112237E-01  3.41680869E-02  5.72016113E-04
3.53410852E-01  3.49524170E-02  5.77587809E-04
3.53709467E-01  3.46641392E-02  5.64260234E-04
3.54008082E-01  3.47781628E-02  5.71286480E-04
3.54306697E-01  3.37451659E-02  5.63045382E-04
3.54605312E-01  3.44103388E-02  5.71524608E-04
3.54903927E-01  3.41801345E-02  5.71337761E-04
3.55202542E-01  3.43721807E-02  5.60846820E-04
3.55501157E-01  3.50160673E-02  5.74806822E-04
3.55799772E-01  3.47133912E-02  5.69684664E-04
3.56098387E-01  3.37088555E-02  5.62753004E-04
3.56397002E-01  3.44515294E-02  5.68457530E-04
3.56695617E-01  3.50883454E-02  5.67419105E-04
3.56994232E-01  3.48492675E-02  5.75804675E-04
3.57292847E-01  3.41695547E-02  5.60986402E-04
3.57591462E-01  3.44999656E-02  5.67175972E-04
3.57890077E-01  3.39525342E-02  5.61601832E-04
3.58188692E-01  3.46675888E-02  5.65215771E-04
3.58487307E-01  3.43474336E-02  5.70243865E-04
3.58785922E-01  3.43477502E-02  5.60224522E-04
3.59084537E-01  3.44824828E-02  5.66888542E-04
3.59383152E-01  3.38731855E-02  5.59753564E-04
3.59681767E-01  3.42057459E-02  5.62947884E-04
3.59980382E-01  3.46230567E-02  5.71754994E-04
3.60278997E-01  3.37358192E-02  5.52600832E-04
3.60577612E-01  3.43343094E-02  5.65830618E-04
3.60876227E-01  3.40123698E-02  5.61211316E-04
3.61174842E-01  3.49986963E-02  5.65821421E-04
3.61473457E-01  3.47976759E-02  5.64195972E-04
3.61772072E-01  3.43573093E-02  5.62253292E-04
3.62070687E-01  3.40562537E-02  5.63240377E-04
3.62369302E-01  3.41746584E-02  5.60165034E-04
3.62667917E-01  3.42026427E-02  5.60247572E-04
3.62966532E-01  3.52085680E-02  5.66628529E-04
3.63265147E-01  3.43312584E-02  5.61601424E-04
3.63563762E-01  3.46070826E-02  5.64004411E-04
3.63862377E-01  3.34394984E-02  5.52360725E-04
3.64160992E-01  3.40227149E-02  5.57599647E-04
3.64459607E-01  3.39491218E-02  5.57292311E-04
3.64758222E-01  3.45897228E-02  5.62527450E-04
3.65056837E-01  3.48009393E-02  5.65140974E-04
3.65355452E-01  3.37882340E-02  5.51906705E-04
3.65654067E-01  3.46361734E-02  5.63506503E-04
3.65952682E-01  3.43831778E-02  5.57328982E-04
3.66251297E-01  3.44155170E-02  5.63205802E-04
3.66549912E-01  3.41482460E-02  5.55715407E-04
3.66848527E-01  3.50483358E-02  5.60074870E-04
3.67147142E-01  3.41307223E-02  5.60726854E-04
3.67445757E-01  3.32661681E-02  5.47781470E-04
3.67744372E-01  3.36129256E-02  5.52071142E-04
3.68042987E-01  3.39785293E-02  5.53907827E-04
3.68341602E-01  3.42130996E-02  5.56108425E-04
3.68640217E-01  3.37714627E-02  5.55124425E-04
3.68938832E-01  3.37396823E-02  5.47834730E-04
3.69237447E-01  3.40332910E-02  5.54505852E-04
3.69536062E-01  3.48715112E-02  5.58821077E-04
3.69834677E-01  3.41134593E-02  5.56033512E-04
3.70133292E-01  3.39922383E-02  5.56651736E-04
3.70431907E-01  3.41329426E-02  5.50602970E-04
3.70730522E-01  3.41798849E-02  5.55128732E-04
3.71029137E-01  3.51567380E-02  5.59809327E-04
3.71327752E-01  3.45951505E-02  5.57768682E-04
3.71626367E-01  3.45146656E-02  5.56543353E-04
3.71924982E-01  3.38788778E-02  5.50967117E-04
3.72223597E-01  3.36726271E-02  5.52010257E-04
3.72522212E-01  3.37999426E-02  5.46941825E-04
3.72820827E-01  3.41051668E-02  5.51953155E-04
3.73119442E-01  3.41855623E-02  5.52747748E-04
3.73418057E-01  3.44732627E-02  5.52368176E-04
3.73716672E-01  3.39710116E-02  5.55040373E-04
3.74015287E-01  3.43076549E-02  5.49221353E-04
3.74313902E-01  3.34436297E-02  5.44898445E-04
3.74612517E-01  3.35805453E-02  5.47420001E-04
3.74911132E-01  3.34416442E-02  5.45445655E-04
3.75209747E-01  3.29563096E-02  5.42311638E-04
3.75508362E-01  3.48895080E-02  5.54290717E-04
3.75806977E-01  3.41554880E-02  5.50394063E-04
3.76105592E-01  3.46080586E-02  5.53888502E-04
3.76404207E-01  3.41379531E-02  5.50397439E-04
3.76702822E-01  3.32978554E-02  5.41231828E-04
3.77001437E-01  3.48555632E-02  5.54171216E-04
3.77300052E-01  3.40463258E-02  5.51361998E-04
3.77598667E-01  3.35159637E-02  5.45787334E-04
3.77897282E-01  3.45308408E-02  5.49912686E-04
3.78195897E-01  3.36058699E-02  5.41677990E-04
3.78494512E-01  3.39736193E-02  5.47961565E-04
3.78793127E-01  3.39761749E-02  5.47007599E-04
3.79091742E-01  3.34878638E-02  5.41962800E-04
3.79390357E-01  3.44181471E-02  5.49023855E-04
3.79688972E-01  3.39710638E-02  5.45724295E-04
3.79987587E-01  3.36067080E-02  5.41832298E-04
3.80286202E-01  3.35227288E-02  5.42527065E-04
3.80584817E-01  3.40936705E-02  5.47129428E-04
3.80883432E-01  3.33056338E-02  5.38590597E-04
3.81182047E-01  3.37622352E-02  5.43915841E-04
3.81480662E-01  3.35866809E-02  5.42639056E-04
3.81779277E-01  3.31376679E-02  5.34687191E-04
3.82077892E-01  3.34643945E-02  5.41653950E-04
3.82376507E-01  3.32080871E-02  5.38352237E-04
3.82675122E-01  3.30718979E-02  5.38199267E-04
3.82973737E-01  3.34061012E-02  5.38737979E-04
3.83272352E-01  3.37823108E-02  5.38265274E-04
3.83570967E-01  3.31573635E-02  5.37812710E-04
3.83869582E-01  3.43977250E-02  5.46133262E-04
3.84168197E-01  3.40748988E-02  5.44658338E-04
3.84466812E-01  3.36995721E-02  5.39486704E-04
3.84765427E-01  3.45033221E-02  5.45204792E-04
3.85064042E-01  3.33115235E-02  5.39887231E-04
3.85362657E-01  3.41752768E-02  5.43286616E-04
3.85661272E-01  3.40966359E-02  5.38913126E-04
3.85959887E-01  3.26688439E-02  5.32911799E-04
3.86258502E-01  3.41798253E-02  5.41039510E-04
3.86557117E-01  3.37813012E-02  5.44930575E-04
3.86855732E-01  3.40874344E-02  5.39644621E-04
3.87154347E-01  3.33286077E-02  5.33343060E-04
3.87452962E-01  3.42871137E-02  5.45823714E-04
3.87751577E-01  3.39384787E-02  5.36882959E-04
3.88050192E-01  3.28364857E-02  5.34156163E-04
3.88348807E-01  3.45340185E-02  5.40121750E-04
3.88647422E-01  3.43007781E-02  5.42682188E-04
3.88946037E-01  3.34727876E-02  5.35034109E-04
3.89244652E-01  3.37088108E-02  5.37982676E-04
3.89543267E-01  3.36656310E-02  5.37773187E-04
3.89841882E-01  3.41630355E-02  5.37484302E-04
3.90140497E-01  3.43867056E-02  5.44587208E-04
3.90439112E-01  3.42680328E-02  5.42299880E-04
3.90737727E-01  3.47212888E-02  5.40020934E-04
3.91036342E-01  3.41983251E-02  5.42693888E-04
3.91334957E-01  3.42839882E-02  5.37395652E-04
3.91633572E-01  3.33764255E-02  5.35205880E-04
3.91932187E-01  3.44867073E-02  5.38854802E-04
3.92230802E-01  3.38339396E-02  5.35296218E-04
3.92529417E-01  3.44413444E-02  5.43682720E-04
3.92828032E-01  3.32769603E-02  5.28939243E-04
3.93126647E-01  3.41637805E-02  5.38563530E-04
3.93425262E-01  3.40239145E-02  5.35627012E-04
3.93723877E-01  3.41969132E-02  5.39622561E-04
3.94022492E-01  3.38747017E-02  5.36680513E-04
3.94321107E-01  3.42113860E-02  5.36323525E-04
3.94619722E-01  3.44721079E-02  5.38626686E-04
3.94918337E-01  3.43129188E-02  5.36992215E-04
3.95216952E-01  3.38298082E-02  5.34628984E-04
3.95515567E-01  3.29649709E-02  5.28268458E-04
3.95814182E-01  3.36274207E-02  5.28665085E-04
3.96112797E-01  3.37389000E-02  5.33525541E-04
3.96411412E-01  3.46082672E-02  5.39307774E-04
3.96710027E-01  3.34374011E-02  5.30752412E-04
3.97008642E-01  3.36244591E-02  5.29666839E-04
3.97307257E-01  3.40233967E-02  5.33573213E-04
3.97605872E-01  3.33557390E-02  5.29723184E-04
3.97904487E-01  3.38146389E-02  5.34656399E-04
3.98203102E-01  3.31791900E-02  5.23889204E-04
3.98501717E-01  3.30061652E-02  5.23775409E-04
3.98800332E-01  3.41517814E-02  5.33686718E-04
3.99098947E-01  3.38753238E-02  5.32036705E-04
3.99397562E-01  3.35679948E-02  5.31288155E-04
3.99696177E-01  3.36854607E-02  5.30036225E-04
3.99994792E-01  3.42467874E-02  5.32898877E-04
4.00293407E-01  3.35853472E-02  5.29379235E-04
4.00592022E-01  3.32349353E-02  5.25096781E-04
4.00890637E-01  3.44879925E-02  5.34777937E-04
4.01189252E-01  3.37022655E-02  5.28147444E-04
4.01487867E-01  3.26090194E-02  5.21761016E-04
4.01786482E-01  3.19741443E-02  5.15913358E-04
4.02085097E-01  3.32063362E-02  5.21272654E-04
4.02383712E-01  3.32535207E-02  5.28299774E-04
4.02682327E-01  3.35111916E-02  5.23293100E-04
4.02980942E-01  3.28000858E-02  5.22416201E-04
4.03279557E-01  3.36653739E-02  5.27116470E-04
4.03578172E-01  3.26149464E-02  5.16010216E-04
4.03876787E-01  3.26621942E-02  5.20947331E-04
4.04175402E-01  3.30435708E-02  5.20129397E-04
4.04474017E-01  3.32075842E-02  5.24402887E-04
4.04772632E-01  3.29441838E-02  5.19595924E-04
4.05071247E-01  3.22667845E-02  5.14837273E-04
4.05369862E-01  3.16544622E-02  5.14587678E-04
4.05668477E-01  3.29645909E-02  5.15512424E-04
4.05967092E-01  3.28934677E-02  5.19572059E-04
4.06265707E-01  3.21878567E-02  5.13120904E-04
4.06564322E-01  3.29528302E-02  5.18572633E-04
4.06862937E-01  3.25608142E-02  5.20656584E-04
4.07161552E-01  3.10932938E-02  5.01961971E-04
4.07460167E-01  3.30408514E-02  5.20990987E-04
4.07758782E-01  3.28105018E-02  5.14678541E-04
4.08057397E-01  3.24011929E-02  5.13980980E-04
4.08356012E-01  3.21543291E-02  5.13959676E-04
4.08654627E-01  3.29080969E-02  5.15448977E-04
4.08953242E-01  3.27317044E-02  5.19420020E-04
4.09251857E-01  3.26336734E-02  5.14378771E-04
4.09550472E-01  3.26076746E-02  5.14416432E-04
4.09849087E-01  3.12738083E-02  5.04023104E-04
4.10147702E-01  3.21251154E-02  5.08578785E-04
4.10446317E-01  3.17177474E-02  5.10713668E-04
4.10744932E-01  3.03991735E-02  4.96814027E-04
4.11043547E-01  3.19324508E-02  5.04833297E-04
4.11342162E-01  3.15134674E-02  5.05722768E-04
4.11640777E-01  3.24712992E-02  5.14317129E-04
4.11939392E-01  3.13002914E-02  5.05435455E-04
4.12238007E-01  3.11863199E-02  4.99252812E-04
4.12536622E-01  3.20795439E-02  5.08942700E-04
4.12835237E-01  3.10248733E-02  4.98652982E-04
4.13133852E-01  3.11336555E-02  5.01503819E-04
4.13432467E-01  3.09953000E-02  4.99924179E-04
4.13731082E-01  3.03062275E-02  4.92735300E-04
4.14029697E-01  3.17631103E-02  5.06671786E-04
4.14328312E-01  3.13485004E-02  5.01720526E-04
4.14626927E-01  3.18389423E-02  5.07043558E-04
4.14925542E-01  3.08250058E-02  4.94547072E-04
4.15224157E-01  3.13430466E-02  5.02148003E-04
4.15522772E-01  3.15181091E-02  5.04370430E-04
4.15821387E-01  3.05506811E-02  4.93137923E-04
4.16120002E-01  3.09192520E-02  4.97019559E-04
4.16418617E-01  3.04145068E-02  4.93973785E-04
4.16717232E-01  3.06302235E-02  4.94808832E-04
4.17015847E-01  3.09243426E-02  4.98909503E-04
4.17314462E-01  3.04484703E-02  4.88631893E-04
4.17613077E-01  3.10289022E-02  4.98139008E-04
4.17911692E-01  3.01466081E-02  4.89429105E-04
4.18210307E-01  2.95658838E-02  4.88175749E-04
4.18508922E-01  2.93997042E-02  4.81897616E-04
4.18807537E-01  2.98163593E-02  4.85412806E-04
4.19106152E-01  2.99344026E-02  4.89283586E-04
4.19404767E-01  2.98533067E-02  4.88284335E-04
4.19703382E-01  2.99534220E-02  4.85206925E-04
4.20001997E-01  3.03467978E-02  4.90614504E-04
4.20300612E-01  2.89216768E-02  4.77213791E-04
4.20599227E-01  2.96132751E-02  4.86773468E-04
4.20897842E-01  2.99601629E-02  4.86594596E-04
4.21196457E-01  2.92942952E-02  4.79847629E-04
4.21495072E-01  2.99931224E-02  4.87644691E-04
4.21793687E-01  2.86286566E-02  4.74906934E-04
4.22092302E-01  2.95101404E-02  4.84816264E-04
4.22390917E-01  2.90153939E-02  4.73819411E-04
4.22689532E-01  3.00150998E-02  4.88389516E-04
4.22988147E-01  3.00664064E-02  4.85700730E-04
4.23286762E-01  2.93583870E-02  4.82909993E-04
4.23585377E-01  2.95089260E-02  4.80854011E-04
4.23883992E-01  2.93661579E-02  4.78718313E-04
4.24182607E-01  2.95568798E-02  4.80488525E-04
4.24481222E-01  2.95620933E-02  4.83262702E-04
4.24779837E-01  2.87759062E-02  4.74743953E-04
4.25078452E-01  2.83235740E-02  4.69200924E-04
4.25377067E-01  2.98187155E-02  4.84809076E-04
4.25675682E-01  2.87723355E-02  4.72694985E-04
4.25974297E-01  2.89494991E-02  4.77802969E-04
4.26272912E-01  2.87426896E-02  4.70875384E-04
4.26571527E-01  2.79720575E-02  4.69671068E-04
4.26870142E-01  2.82945633E-02  4.68656042E-04
4.27168757E-01  2.89755687E-02  4.75009321E-04
4.27467372E-01  2.85420567E-02  4.69863910E-04
4.27765987E-01  2.90469378E-02  4.76884685E-04
4.28064602E-01  2.83109453E-02  4.68798797E-04
4.28363217E-01  2.81519312E-02  4.68743354E-04
4.28661832E-01  2.94408165E-02  4.78601753E-04
4.28960447E-01  2.83483025E-02  4.68903367E-04
4.29259062E-01  2.90152095E-02  4.73753229E-04
4.29557677E-01  2.85038557E-02  4.70191677E-04
4.29856292E-01  2.89482828E-02  4.71843523E-04
4.30154907E-01  2.81427633E-02  4.66269674E-04
4.30453522E-01  2.91853976E-02  4.76532005E-04
4.30752137E-01  2.81750690E-02  4.67061385E-04
4.31050752E-01  2.84575168E-02  4.67522914E-04
4.31349367E-01  2.89906226E-02  4.72722080E-04
4.31647982E-01  2.82026436E-02  4.66048019E-04
4.31946597E-01  2.83121839E-02  4.69463383E-04
4.32245212E-01  2.79492438E-02  4.62619180E-04
4.32543827E-01  2.81434786E-02  4.66601836E-04
4.32842442E-01  2.86802519E-02  4.73681837E-04
4.33141057E-01  2.97056474E-02  4.76833957E-04
4.33439672E-01  2.84319092E-02  4.69516177E-04
4.33738287E-01  2.86288206E-02  4.68632759E-04
4.34036902E-01  2.88071409E-02  4.72502259E-04
4.34335517E-01  2.86425911E-02  4.70626954E-04
4.34634132E-01  2.80790627E-02  4.66496567E-04
4.34932747E-01  2.86833998E-02  4.69086459E-04
4.35231362E-01  2.82147583E-02  4.65549499E-04
4.35529977E-01  2.82979719E-02  4.68841143E-04
4.35828592E-01  2.87130475E-02  4.71530104E-04
4.36127207E-01  2.85367630E-02  4.67376376E-04
4.36425822E-01  2.81080827E-02  4.64675744E-04
4.36724437E-01  2.90508922E-02  4.72825632E-04
4.37023052E-01  2.77443975E-02  4.62278229E-04
4.37321667E-01  2.76943203E-02  4.59218165E-04
4.37620282E-01  2.86117662E-02  4.70183964E-04
4.37918897E-01  2.79205032E-02  4.63542558E-04
4.38217512E-01  2.82596368E-02  4.67181206E-04
4.38516127E-01  2.80109029E-02  4.62248776E-04
4.38814742E-01  2.81458776E-02  4.61036281E-04
4.39113357E-01  2.68508699E-02  4.54382127E-04
4.39411972E-01  2.82101333E-02  4.65536577E-04
4.39710587E-01  2.79261749E-02  4.61353397E-04
4.40009202E-01  2.73610447E-02  4.58379043E-04
4.40307817E-01  2.91184951E-02  4.68739483E-04
4.40606432E-01  2.81217247E-02  4.64710814E-04
4.40905047E-01  2.82892883E-02  4.64759098E-04
4.41203662E-01  2.71152891E-02  4.52235661E-04
4.41502277E-01  2.82095019E-02  4.63698700E-04
4.41800892E-01  2.82523688E-02  4.63340402E-04
4.42099507E-01  2.77115069E-02  4.59187606E-04
4.42398122E-01  2.74833124E-02  4.56095673E-04
4.42696737E-01  2.80710366E-02  4.61049058E-04
4.42995352E-01  2.74642278E-02  4.57039394E-04
4.43293967E-01  2.78590657E-02  4.61632706E-04
4.43592582E-01  2.76879109E-02  4.60315816E-04
4.43891197E-01  2.78814174E-02  4.57502960E-04
4.44189812E-01  2.85944883E-02  4.67382459E-04
4.44488427E-01  2.79419348E-02  4.59797739E-04
4.44787042E-01  2.78307963E-02  4.60595533E-04
4.45085657E-01  2.70949490E-02  4.52778884E-04
4.45384272E-01  2.83697266E-02  4.64018725E-04
4.45682887E-01  2.76952591E-02  4.61715914E-04
4.45981502E-01  2.84937620E-02  4.63819335E-04
4.46280117E-01  2.78375205E-02  4.59450122E-04
4.46578732E-01  2.78970841E-02  4.60245181E-04
4.46877347E-01  2.79161893E-02  4.61314368E-04
4.47175962E-01  2.79586781E-02  4.66301921E-04
4.47474577E-01  2.73683611E-02  4.53688495E-04
4.47773192E-01  2.87534166E-02  4.67365375E-04
4.48071807E-01  2.70595737E-02  4.53392160E-04
4.48370422E-01  2.76731737E-02  4.59816714E-04
4.48669037E-01  2.77558789E-02  4.59292758E-04
4.48967652E-01  2.75361612E-02  4.56972717E-04
4.49266267E-01  2.77135335E-02  4.60360228E-04
4.49564882E-01  2.83428822E-02  4.65765334E-04
4.49863497E-01  2.74850149E-02  4.56753332E-04
4.50162112E-01  2.83211470E-02  4.65282530E-04
4.50460727E-01  2.73320414E-02  4.57187969E-04
4.50759342E-01  2.75661908E-02  4.59245202E-04
4.51057957E-01  2.72113066E-02  4.55678703E-04
4.51356572E-01  2.79717054E-02  4.58984461E-04
4.51655187E-01  2.70876680E-02  4.55850852E-04
4.51953802E-01  2.77385265E-02  4.59572242E-04
4.52252417E-01  2.69306302E-02  4.57372022E-04
4.52551032E-01  2.68865395E-02  4.51571803E-04
4.52849647E-01  2.81703491E-02  4.63242905E-04
4.53148262E-01  2.77058892E-02  4.59410017E-04
4.53446877E-01  2.72501465E-02  4.55118279E-04
4.53745492E-01  2.79047340E-02  4.61566407E-04
4.54044107E-01  2.78166439E-02  4.61754622E-04
4.54342722E-01  2.75782570E-02  4.59064147E-04
4.54641337E-01  2.77849380E-02  4.61801275E-04
4.54939952E-01  2.80776098E-02  4.62594355E-04
4.55238567E-01  2.74471771E-02  4.57072223E-04
4.55537182E-01  2.76175514E-02  4.61640971E-04
4.55835797E-01  2.81235594E-02  4.64614306E-04
4.56134412E-01  2.79523414E-02  4.61974822E-04
4.56433027E-01  2.76622232E-02  4.60079522E-04
4.56731642E-01  2.81932969E-02  4.63557604E-04
4.57030257E-01  2.78190244E-02  4.62303986E-04
4.57328872E-01  2.74855997E-02  4.58411785E-04
4.57627487E-01  2.71942578E-02  4.55776812E-04
4.57926102E-01  2.78194230E-02  4.61292599E-04
4.58224717E-01  2.78016068E-02  4.62781987E-04
4.58523332E-01  2.72964705E-02  4.57040762E-04
4.58821947E-01  2.84349769E-02  4.63723351E-04
4.59120562E-01  2.82076951E-02  4.66258818E-04
4.59419177E-01  2.80211773E-02  4.64510289E-04
4.59717792E-01  2.86247227E-02  4.69383929E-04
4.60016407E-01  2.84051374E-02  4.66033875E-04
4.60315022E-01  2.90040411E-02  4.70198458E-04
4.60613637E-01  2.79907733E-02  4.63751494E-04
4.60912252E-01  2.83898450E-02  4.68502229E-04
4.61210867E-01  2.87857726E-02  4.69257036E-04
4.61509482E-01  2.79109571E-02  4.66936908E-04
4.61808097E-01  2.80014239E-02  4.78255213E-04
4.62106712E-01  2.83727963E-02  4.83471144E-04
4.62405327E-01  2.85587981E-02  4.89491504E-04
4.62703942E-01  2.82976497E-02  4.86662379E-04
4.63002557E-01  2.77570765E-02  4.90833831E-04
4.63301172E-01  2.70702522E-02  4.86431527E-04
4.63599787E-01  2.79694926E-02  4.97083238E-04
4.63898402E-01  2.77113002E-02  4.97068686E-04
4.64197017E-01  2.86321342E-02  5.05912292E-04
4.64495632E-01  2.77268570E-02  5.04124677E-04
4.64794247E-01  2.83025876E-02  5.10142883E-04
4.65092862E-01  2.83575151E-02  5.08088269E-04
4.65391477E-01  2.84282956E-02  5.16366272E-04
4.65690092E-01  2.73257643E-02  5.06119453E-04
4.65988707E-01  2.98576355E-02  5.33682818E-04
4.66287322E-01  2.78815422E-02  5.16147877E-04
4.66585937E-01  2.79241689E-02  5.17114240E-04
4.66884552E-01  2.78243683E-02  5.22575225E-04
4.67183167E-01  2.67956574E-02  5.15015505E-04
4.67481782E-01  2.74820104E-02  5.15146879E-04
4.67780397E-01  2.84674522E-02  5.31753700E-04
4.68079012E-01  2.82145105E-02  5.31215803E-04
4.68377627E-01  2.74307635E-02  5.26833232E-04
4.68676242E-01  2.82508247E-02  5.35903790E-04
4.68974857E-01  2.85458695E-02  5.38697233E-04
4.69273472E-01  2.83869710E-02  5.42305177E-04
4.69572087E-01  2.75287163E-02  5.32459409E-04
4.69870702E-01  2.82476936E-02  5.41624788E-04
4.70169317E-01  2.82444879E-02  5.44372480E-04
4.70467932E-01  2.78063230E-02  5.41282352E-04
4.70766547E-01  2.82635745E-02  5.51438483E-04
4.71065162E-01  2.78914701E-02  5.47628966E-04
4.71363777E-01  2.88638230E-02  5.53336809E-04
4.71662392E-01  2.82946825E-02  5.54158876E-04
4.71961007E-01  2.84839086E-02  5.57757972E-04
4.72259622E-01  2.78940108E-02  5.55993000E-04
4.72558237E-01  2.76210885E-02  5.50116121E-04
4.72856852E-01  2.88577545E-02  5.54137689E-04
4.73155467E-01  2.94179581E-02  5.55253529E-04
4.73454082E-01  2.89597381E-02  5.44379058E-04
4.73752697E-01  2.80030221E-02  5.27140510E-04
4.74051312E-01  2.92870700E-02  5.39401546E-04
4.74349927E-01  2.82522831E-02  5.26633114E-04
4.74648542E-01  2.92114466E-02  5.35651809E-04
4.74947157E-01  2.86250543E-02  5.25075709E-04
4.75245772E-01  2.86262967E-02  5.24217321E-04
4.75544387E-01  2.84300689E-02  5.21411304E-04
4.75843002E-01  2.77685504E-02  5.16451022E-04
4.76141617E-01  2.85597313E-02  5.19182009E-04
4.76440232E-01  2.86321715E-02  5.19983645E-04
4.76738847E-01  2.80598328E-02  5.12813160E-04
4.77037462E-01  2.91505959E-02  5.22970047E-04
4.77336077E-01  2.81937942E-02  5.15433610E-04
4.77634692E-01  2.85494886E-02  5.14092331E-04
4.77933307E-01  2.86075026E-02  5.15304157E-04
4.78231922E-01  2.75266059E-02  5.02397364E-04
4.78530537E-01  2.78735328E-02  5.10432350E-04
4.78829152E-01  2.82498449E-02  5.06159093E-04
4.79127767E-01  2.88906973E-02  5.13617473E-04
4.79426382E-01  2.82072481E-02  5.10334736E-04
4.79724997E-01  2.80187577E-02  5.06344717E-04
4.80023612E-01  2.88702846E-02  5.12768631E-04
4.80322227E-01  2.85669733E-02  5.07942575E-04
4.80620842E-01  2.81865429E-02  5.07063756E-04
4.80919457E-01  2.90707331E-02  5.13341685E-04
4.81218072E-01  2.80786511E-02  5.03982417E-04
4.81516687E-01  2.76823360E-02  5.01330360E-04
4.81815302E-01  2.86030956E-02  5.04612108E-04
4.82113917E-01  2.91481670E-02  5.15110733E-04
4.82412532E-01  2.88911276E-02  5.08981175E-04
4.82711147E-01  2.85823364E-02  5.04953612E-04
4.83009762E-01  2.84400303E-02  5.05126838E-04
4.83308377E-01  2.85853706E-02  5.07468125E-04
4.83606992E-01  2.79457569E-02  4.98792855E-04
4.83905607E-01  2.80294567E-02  5.01085597E-04
4.84204222E-01  2.89906431E-02  5.07127086E-04
4.84502837E-01  2.79911850E-02  5.01524599E-04
4.84801452E-01  2.88963560E-02  5.07344143E-04
4.85100067E-01  2.87007932E-02  5.02287410E-04
4.85398682E-01  2.78687105E-02  4.97734873E-04
4.85697297E-01  2.85864025E-02  5.03847376E-04
4.85995912E-01  2.89895367E-02  5.08823316E-04
4.86294527E-01  2.93259230E-02  5.07736811E-04
4.86593142E-01  2.77560316E-02  4.95091139E-04
4.86891757E-01  2.88184695E-02  5.05509379E-04
4.87190372E-01  2.94019524E-02  5.11125778E-04
4.87488987E-01  2.90999785E-02  5.03749412E-04
4.87787602E-01  2.86954418E-02  5.04049764E-04
4.88086217E-01  2.84729414E-02  4.99679125E-04
4.88384832E-01  2.84974929E-02  5.01036702E-04
4.88683447E-01  2.87758727E-02  5.04762225E-04
4.88982062E-01  2.83209402E-02  4.97471425E-04
4.89280677E-01  2.84431130E-02  5.01711678E-04
4.89579292E-01  2.81551555E-02  4.97019093E-04
4.89877907E-01  2.86795646E-02  5.00996073E-04
4.90176522E-01  2.82312054E-02  4.95818735E-04
4.90475137E-01  2.97427736E-02  5.10459824E-04
4.90773752E-01  2.84471754E-02  4.98842972E-04
4.91072367E-01  2.84785666E-02  4.99624002E-04
4.91370982E-01  2.85307597E-02  4.98701120E-04
4.91669597E-01  2.86753606E-02  5.00846247E-04
4.91968212E-01  2.91605461E-02  5.06088661E-04
4.92266827E-01  2.87367851E-02  5.01766044E-04
4.92565442E-01  2.94787027E-02  5.05406933E-04
4.92864057E-01  2.95755006E-02  5.07888326E-04
4.93162672E-01  2.81746592E-02  4.96590277E-04
4.93461287E-01  2.88663674E-02  5.02651324E-04
4.93759902E-01  2.82016881E-02  4.92873834E-04
4.94058517E-01  2.86006946E-02  4.98706067E-04
4.94357132E-01  2.80364435E-02  4.92778257E-04
4.94655747E-01  2.80898977E-02  4.97107918E-04
4.94954362E-01  2.86832303E-02  4.96089284E-04
4.95252977E-01  3.00673265E-02  5.11086022E-04
4.95551592E-01  2.85536125E-02  4.99558693E-04
4.95850207E-01  2.82761976E-02  4.96379274E-04
4.96148822E-01  2.97469292E-02  5.05712989E-04
4.96447437E-01  2.89331675E-02  5.01613948E-04
4.96746052E-01  2.76190937E-02  4.89235972E-04
4.97044667E-01  2.79999394E-02  4.95826593E-04
4.97343282E-01  2.88141482E-02  4.96869499E-04
4.97641897E-01  2.86439378E-02  4.94670414E-04
4.97940512E-01  2.94168480E-02  5.06434881E-04
4.98239127E-01  2.92637497E-02  5.03351795E-04
4.98537742E-01  2.88074650E-02  5.00413240E-04
4.98836357E-01  2.89324950E-02  4.98391862E-04
4.99134972E-01  2.88749076E-02  5.00003109E-04
4.99433587E-01  2.92318519E-02  5.04597789E-04
4.99732202E-01  2.84682196E-02  4.95118205E-04
5.00030817E-01  2.86987219E-02  4.96505760E-04
5.00329432E-01  3.01624071E-02  5.10275306E-04
5.00628047E-01  2.86001544E-02  4.96887020E-04
5.00926662E-01  2.85936482E-02  4.99571441E-04
5.01225277E-01  2.91108638E-02  4.98222478E-04
5.01523892E-01  2.91199032E-02  4.98669397E-04
5.01822507E-01  2.86361706E-02  4.96838358E-04
5.02121122E-01  2.88514923E-02  4.99822490E-04
5.02419737E-01  2.93036681E-02  5.02849638E-04
5.02718352E-01  2.94903517E-02  5.04200638E-04
5.03016967E-01  2.86746807E-02  4.97057859E-04
5.03315582E-01  3.00971307E-02  5.10634505E-04
5.03614197E-01  2.89935507E-02  4.97235276E-04
5.03912812E-01  2.91807167E-02  5.01182745E-04
5.04211427E-01  2.90599819E-02  4.99035523E-04
5.04510042E-01  2.89228242E-02  5.00457827E-04
5.04808657E-01  2.92244386E-02  4.98852925E-04
5.05107272E-01  2.92995777E-02  5.02335897E-04
5.05405887E-01  2.89154407E-02  4.97066649E-04
5.05704502E-01  2.84176357E-02  4.96572058E-04
5.06003117E-01  2.89672893E-02  4.98621492E-04
5.06301732E-01  2.96849348E-02  5.04513271E-04
5.06600347E-01  2.87946220E-02  4.95062908E-04
5.06898962E-01  2.85426043E-02  4.96186840E-04
5.07197577E-01  2.94247977E-02  5.04928234E-04
5.07496192E-01  2.89007183E-02  4.94408712E-04
5.07794807E-01  2.91629136E-02  5.03182935E-04
5.08093422E-01  2.88720354E-02  4.97202855E-04
5.08392037E-01  2.91842986E-02  5.00875001E-04
5.08690652E-01  2.87937541E-02  4.94828622E-04
5.08989267E-01  2.93780062E-02  5.01547358E-04
5.09287882E-01  2.89960857E-02  5.00006834E-04
5.09586497E-01  2.95634605E-02  5.02884679E-04
5.09885112E-01  2.79484503E-02  4.88597318E-04
5.10183727E-01  2.91992463E-02  5.00028138E-04
5.10482342E-01  2.87948381E-02  4.95579618E-04
5.10780957E-01  2.94805318E-02  5.02931362E-04
5.11079572E-01  2.94160657E-02  5.01394039E-04
5.11378187E-01  2.86698155E-02  4.95117332E-04
5.11676802E-01  2.90649794E-02  5.02241310E-04
5.11975417E-01  2.87030656E-02  4.94073320E-04
5.12274032E-01  2.94531919E-02  5.01226576E-04
5.12572647E-01  2.88220532E-02  4.96194989E-04
5.12871262E-01  2.93907523E-02  5.00453927E-04
5.13169877E-01  2.96421759E-02  5.06204902E-04
5.13468492E-01  2.86302436E-02  4.91655781E-04
5.13767107E-01  2.88407151E-02  4.95270127E-04
5.14065722E-01  2.91149616E-02  5.00570459E-04
5.14364337E-01  3.03697325E-02  5.10361628E-04
5.14662952E-01  2.95269787E-02  5.02118841E-04
5.14961567E-01  2.90740244E-02  4.96792316E-04
5.15260182E-01  2.90155057E-02  4.99229587E-04
5.15558797E-01  2.94390805E-02  5.01131581E-04
5.15857412E-01  2.83483285E-02  4.91400715E-04
5.16156027E-01  2.90987939E-02  4.98966838E-04
5.16454642E-01  2.94446275E-02  5.02172741E-04
5.16753257E-01  2.99908128E-02  5.05566888E-04
5.17051872E-01  2.97644269E-02  5.05645236E-04
5.17350487E-01  2.86466386E-02  4.92664287E-04
5.17649102E-01  2.95084137E-02  5.01368369E-04
5.17947717E-01  2.99100466E-02  5.04277006E-04
5.18246332E-01  2.94263810E-02  5.00552938E-04
5.18544947E-01  2.94953138E-02  5.02744806E-04
5.18843562E-01  2.93247309E-02  5.01662376E-04
5.19142177E-01  2.85368115E-02  4.92453342E-04
5.19440792E-01  2.95169353E-02  5.00718772E-04
5.19739407E-01  2.92175747E-02  4.98663110E-04
5.20038022E-01  2.91974191E-02  5.00952650E-04
5.20336637E-01  3.01055294E-02  5.06064622E-04
5.20635252E-01  2.94873863E-02  5.00722090E-04
5.20933867E-01  2.89775077E-02  4.96741035E-04
5.21232482E-01  2.86945961E-02  4.93708183E-04
5.21531097E-01  2.92035602E-02  5.00028720E-04
5.21829712E-01  2.91949306E-02  4.99588088E-04
5.22128327E-01  2.91263368E-02  4.98268462E-04
5.22426942E-01  2.90012732E-02  4.94899403E-04
5.22725557E-01  2.90673561E-02  4.98134876E-04
5.23024172E-01  2.93109976E-02  4.99240647E-04
5.23322787E-01  2.88857352E-02  4.96702793E-04
5.23621402E-01  2.85632331E-02  4.92835941E-04
5.23920017E-01  2.95275804E-02  5.03807329E-04
5.24218632E-01  2.97774784E-02  5.01614355E-04
5.24517247E-01  2.90288422E-02  4.96600580E-04
5.24815862E-01  2.86414139E-02  4.95217973E-04
5.25114477E-01  2.95128319E-02  5.00361260E-04
5.25413092E-01  2.93765310E-02  5.00429480E-04
5.25711707E-01  2.98360046E-02  5.04825613E-04
5.26010322E-01  2.87988968E-02  4.93316969E-04
5.26308937E-01  2.83073392E-02  4.90763923E-04
5.26607552E-01  2.93908063E-02  4.99947753E-04
5.26906167E-01  2.88753379E-02  4.95062384E-04
5.27204782E-01  2.89059244E-02  4.98378009E-04
5.27503397E-01  3.00294664E-02  5.05357573E-04
5.27802012E-01  2.95339208E-02  5.01295493E-04
5.28100627E-01  2.88871471E-02  4.96874040E-04
5.28399242E-01  2.85002571E-02  4.88991151E-04
5.28697857E-01  3.01423240E-02  5.07185003E-04
5.28996472E-01  2.90017780E-02  4.96646564E-04
5.29295087E-01  2.87139360E-02  4.95879271E-04
5.29593702E-01  2.91036200E-02  4.96068445E-04
5.29892317E-01  2.95885485E-02  5.01284841E-04
5.30190932E-01  2.84889881E-02  4.94061736E-04
5.30489547E-01  2.89294459E-02  4.95917164E-04
5.30788162E-01  2.94944365E-02  4.99762187E-04
5.31086777E-01  2.91938521E-02  4.98548790E-04
5.31385392E-01  2.95433141E-02  4.99088026E-04
5.31684007E-01  2.85783652E-02  4.93390893E-04
5.31982622E-01  2.90414263E-02  4.97252622E-04
5.32281237E-01  2.93508619E-02  4.99774702E-04
5.32579852E-01  2.85981204E-02  4.94174019E-04
5.32878467E-01  2.94731501E-02  5.00696944E-04
5.33177082E-01  2.93757506E-02  5.00852417E-04
5.33475697E-01  2.91655548E-02  4.95542947E-04
5.33774312E-01  2.93087251E-02  4.98695823E-04
5.34072927E-01  2.84707341E-02  4.94787877E-04
5.34371542E-01  3.00267301E-02  5.03178511E-04
5.34670157E-01  2.92726010E-02  4.95860993E-04
5.34968772E-01  2.88932808E-02  4.97347559E-04
5.35267387E-01  2.93101128E-02  4.98719455E-04
5.35566002E-01  2.91705430E-02  4.99609858E-04
5.35864617E-01  2.85470542E-02  4.90516599E-04
5.36163232E-01  2.92387903E-02  4.99461894E-04
5.36461847E-01  2.83643268E-02  4.91456594E-04
5.36760462E-01  2.97043454E-02  5.01951668E-04
5.37059077E-01  2.92062387E-02  4.96880093E-04
5.37357692E-01  2.86527332E-02  4.95413668E-04
5.37656307E-01  2.83747800E-02  4.88929742E-04
5.37954922E-01  2.87573803E-02  4.98042617E-04
5.38253537E-01  2.82220114E-02  4.84573917E-04
5.38552152E-01  2.98780892E-02  5.03309187E-04
5.38850767E-01  2.87037417E-02  4.94892127E-04
5.39149382E-01  2.87578348E-02  4.95603774E-04
5.39447997E-01  2.91497745E-02  4.97144065E-04
5.39746612E-01  2.82544661E-02  4.90289589E-04
5.40045227E-01  2.78817266E-02  4.85505705E-04
5.40343842E-01  2.86308136E-02  4.94517502E-04
5.40642457E-01  2.91703101E-02  4.96844412E-04
5.40941072E-01  2.90463530E-02  4.95308195E-04
5.41239687E-01  2.87491363E-02  4.97750589E-04
5.41538302E-01  2.87838988E-02  4.94513253E-04
5.41836917E-01  2.83210296E-02  4.90044826E-04
5.42135532E-01  2.83163078E-02  4.86695440E-04
5.42434147E-01  2.87167635E-02  4.93943342E-04
5.42732762E-01  2.84761563E-02  4.93320171E-04
5.43031377E-01  2.86165047E-02  4.96123917E-04
5.43329992E-01  2.92908810E-02  4.95247776E-04
5.43628607E-01  2.86583919E-02  4.93450556E-04
5.43927222E-01  2.88991872E-02  4.96127934E-04
5.44225837E-01  2.90016942E-02  4.97374916E-04
5.44524452E-01  2.98423991E-02  5.00863709E-04
5.44823067E-01  2.89653465E-02  4.96459659E-04
5.45121682E-01  2.88100578E-02  4.94524953E-04
5.45420297E-01  2.86600497E-02  4.93479136E-04
5.45718912E-01  2.86085568E-02  4.91718587E-04
5.46017527E-01  2.88193822E-02  4.94612148E-04
5.46316142E-01  2.89471187E-02  4.94985317E-04
5.46614757E-01  2.85639465E-02  4.94841021E-04
5.46913372E-01  2.92195678E-02  4.95389279E-04
5.47211987E-01  2.81296335E-02  4.88786143E-04
5.47510602E-01  2.93087345E-02  4.99782444E-04
5.47809217E-01  2.92305537E-02  4.97293775E-04
5.48107832E-01  2.90538091E-02  4.98341979E-04
5.48406447E-01  2.89801136E-02  4.95404645E-04
5.48705062E-01  2.82500405E-02  4.87940735E-04
5.49003677E-01  2.81460732E-02  4.91227140E-04
5.49302292E-01  2.79666949E-02  4.84203716E-04
5.49600907E-01  2.90835369E-02  4.98119683E-04
5.49899522E-01  2.78568417E-02  4.85957280E-04
5.50198137E-01  2.86775865E-02  4.94514650E-04
5.50496752E-01  2.75338311E-02  4.82901058E-04
5.50795367E-01  2.82688234E-02  4.88119549E-04
5.51093982E-01  2.89798062E-02  4.95906861E-04
5.51392597E-01  2.84026861E-02  4.92269057E-04
5.51691212E-01  2.89634429E-02  4.95409302E-04
5.51989827E-01  2.81397682E-02  4.88078862E-04
5.52288442E-01  2.89139953E-02  4.92478721E-04
5.52587057E-01  2.88207456E-02  4.93474072E-04
5.52885672E-01  2.94918325E-02  4.99431335E-04
5.53184287E-01  2.88645159E-02  4.92064399E-04
5.53482902E-01  2.83259973E-02  4.88161633E-04
5.53781517E-01  2.83486936E-02  4.89425729E-04
5.54080132E-01  2.88561601E-02  4.93429950E-04
5.54378747E-01  2.90441085E-02  4.91005194E-04
5.54677362E-01  2.92236377E-02  4.94889566E-04
5.54975977E-01  2.82748099E-02  4.88441379E-04
5.55274592E-01  2.91125178E-02  4.94071632E-04
5.55573207E-01  2.87849288E-02  4.85929748E-04
5.55871822E-01  2.80383583E-02  4.83132811E-04
5.56170437E-01  2.87309755E-02  4.90358216E-04
5.56469052E-01  2.80454848E-02  4.85059194E-04
5.56767667E-01  2.95859817E-02  4.95583867E-04
5.57066282E-01  2.85306517E-02  4.87365323E-04
5.57364897E-01  2.88002118E-02  4.86187724E-04
5.57663512E-01  2.82274298E-02  4.84310149E-04
5.57962127E-01  2.82053277E-02  4.82512609E-04
5.58260742E-01  2.87557151E-02  4.84677468E-04
5.58559357E-01  2.88480017E-02  4.90785460E-04
5.58857972E-01  2.85406709E-02  4.87465382E-04
5.59156587E-01  2.89526340E-02  4.86341363E-04
5.59455202E-01  2.82055903E-02  4.82870528E-04
5.59753817E-01  2.84726806E-02  4.82865318E-04
5.60052432E-01  2.88926046E-02  4.88025689E-04
5.60351047E-01  2.81558055E-02  4.80401766E-04
5.60649662E-01  2.90545914E-02  4.86069388E-04
5.60948277E-01  2.84701101E-02  4.82059782E-04
5.61246892E-01  2.88479999E-02  4.86163859E-04
5.61545507E-01  2.83421762E-02  4.81205992E-04
5.61844122E-01  2.90796161E-02  4.84592980E-04
5.62142737E-01  2.82403920E-02  4.81704774E-04
5.62441352E-01  2.78543532E-02  4.75050882E-04
5.62739967E-01  2.88973376E-02  4.83303360E-04
5.63038582E-01  2.87153497E-02  4.83242620E-04
5.63337197E-01  2.84805205E-02  4.79698501E-04
5.63635812E-01  2.83249356E-02  4.82096017E-04
5.63934427E-01  2.76123583E-02  4.71678883E-04
5.64233042E-01  2.83275135E-02  4.76648362E-04
5.64531657E-01  2.82563716E-02  4.78372182E-04
5.64830272E-01  2.81314030E-02  4.76871966E-04
5.65128887E-01  2.88291741E-02  4.83313837E-04
5.65427502E-01  2.87996661E-02  4.80061135E-04
5.65726117E-01  2.81135999E-02  4.75955079E-04
5.66024732E-01  2.89144702E-02  4.82242845E-04
5.66323347E-01  2.88957842E-02  4.82535572E-04
5.66621962E-01  2.83489954E-02  4.73801192E-04
5.66920577E-01  2.90145483E-02  4.83307347E-04
5.67219192E-01  2.81075519E-02  4.76467627E-04
5.67517807E-01  2.79445890E-02  4.74866451E-04
5.67816422E-01  2.83330195E-02  4.72282612E-04
5.68115037E-01  2.80446652E-02  4.73096123E-04
5.68413652E-01  2.83253696E-02  4.76006215E-04
5.68712267E-01  2.82376613E-02  4.75271052E-04
5.69010882E-01  2.77966764E-02  4.70252824E-04
5.69309497E-01  2.81537827E-02  4.73591062E-04
5.69608112E-01  2.87560560E-02  4.79400769E-04
5.69906727E-01  2.87418496E-02  4.77969850E-04
5.70205342E-01  2.84684133E-02  4.73750319E-04
5.70503957E-01  2.85907835E-02  4.78578062E-04
5.70802572E-01  2.93238349E-02  4.83454787E-04
5.71101187E-01  2.90960558E-02  4.82793257E-04
5.71399802E-01  2.85033528E-02  4.75452252E-04
5.71698417E-01  2.80060694E-02  4.72042186E-04
5.71997032E-01  2.87384689E-02  4.80377610E-04
5.72295647E-01  2.82640513E-02  4.75850073E-04
5.72594262E-01  2.86439471E-02  4.77067952E-04
5.72892877E-01  2.81192567E-02  4.69371909E-04
5.73191492E-01  2.86128279E-02  4.78344300E-04
5.73490107E-01  2.85121743E-02  4.78605129E-04
5.73788722E-01  2.81096734E-02  4.72715328E-04
5.74087337E-01  2.85286196E-02  4.77537484E-04
5.74385952E-01  2.78060418E-02  4.72648593E-04
5.74684567E-01  2.82933898E-02  4.76006797E-04
5.74983182E-01  2.84462757E-02  4.74896748E-04
5.75281797E-01  2.79686749E-02  4.69614286E-04
5.75580412E-01  2.78810598E-02  4.72968124E-04
5.75879027E-01  2.83882078E-02  4.75720619E-04
5.76177642E-01  2.87916884E-02  4.79861483E-04
5.76476257E-01  2.78372280E-02  4.69797378E-04
5.76774872E-01  2.83915196E-02  4.76848625E-04
5.77073487E-01  2.80327667E-02  4.73502150E-04
5.77372102E-01  2.82297377E-02  4.76150424E-04
5.77670717E-01  2.86657754E-02  4.76638845E-04
5.77969332E-01  2.93100048E-02  4.83621319E-04
5.78267947E-01  2.82748155E-02  4.76098765E-04
5.78566562E-01  2.81136017E-02  4.73652879E-04
5.78865177E-01  2.82034706E-02  4.72359650E-04
5.79163792E-01  2.88666245E-02  4.80510149E-04
5.79462407E-01  2.76084058E-02  4.69492690E-04
5.79761022E-01  2.79301833E-02  4.74074390E-04
5.80059637E-01  2.81989630E-02  4.71689127E-04
5.80358252E-01  2.79990733E-02  4.73135558E-04
5.80656867E-01  2.82248948E-02  4.76136483E-04
5.80955482E-01  2.78717671E-02  4.73151013E-04


### HEADER:
#
#{
#    "analysis": {},
#    "calibration_params": {
#        "Beam_Center_X": 1061.0,
#        "Beam_Center_Y": 2093.0,
#        "Detector Tilt": 0.0,
#        "Detector Tilt Plane Rotation": 0.0,
#        "Detector_X_Pixel_Size": 75.0,
#        "Detector_Y_Pixel_Size": 75.0,
#        "Integration Method": "nosplit_csr",
#        "Radial_Average_Method": "pyFAI",
#        "Sample-to-detector distance (mm)": 1782.0,
#        "Wavelength (A)": 0.8823505857220345
#    },
#    "config_file": "/Users/jwinnikoff/Library/Application Support/RAW/backup.cfg",
#    "counters": {
#        "Epoch": "165.398",
#        "I1": "0",
#        "I2": "0",
#        "I3": "0",
#        "Seconds": "1",
#        "Time": "2.00272e-05",
#        "date": "Tue Feb 21 00:18:28 2023",
#        "diode": "45022"
#    },
#    "filename": "JWL0316A_04-80C_lh_10_data_000001_00001.h5",
#    "history": {},
#    "imageHeader": {},
#    "load_path": "/Users/jwinnikoff/Documents/MBARI/SAXS/HPSAXS_7A_Feb2023/JWL0316A_AL95_pPCSlp/JWL0316A_04-80C_lh_10_data_000001.h5",
#    "normalizations": {
#        "Absolute_scale": {
#            "Absolute_scale_factor": 0.005174693841759343,
#            "Method": "Water"
#        },
#        "Counter_norms": [
#            [
#                "/",
#                "diode/150000"
#            ]
#        ],
#        "Polarization": {
#            "Used": false
#        },
#        "Solid_Angle_Correction": "On"
#    },
#    "raw_version": "2.1.4"
#}

