### DATA:
#
# 1908
#      Q             I(Q)           Error     
1.14966775E-02  0.00000000E+00  0.00000000E+00
1.17952925E-02  8.15304875E-01  3.70593108E-02
1.20939075E-02  8.02671194E-01  2.60010697E-02
1.23925225E-02  7.85545409E-01  2.10020859E-02
1.26911375E-02  7.42177606E-01  1.91757306E-02
1.29897525E-02  7.04221129E-01  1.81526821E-02
1.32883675E-02  6.59984708E-01  1.68838780E-02
1.35869825E-02  6.43250167E-01  1.58742554E-02
1.38855975E-02  5.70673048E-01  1.40066184E-02
1.41842125E-02  5.52664995E-01  1.40740732E-02
1.44828275E-02  5.68524718E-01  1.41251097E-02
1.47814425E-02  5.15924931E-01  1.30540719E-02
1.50800575E-02  4.80240911E-01  1.21279145E-02
1.53786725E-02  4.75197375E-01  1.13626365E-02
1.56772875E-02  4.71941590E-01  1.14160860E-02
1.59759025E-02  4.39659715E-01  1.02860201E-02
1.62745175E-02  4.41484720E-01  1.01631824E-02
1.65731325E-02  4.05728877E-01  9.88114160E-03
1.68717475E-02  4.01646733E-01  9.02861916E-03
1.71703625E-02  3.56444836E-01  8.94754380E-03
1.74689775E-02  3.52792591E-01  8.21782276E-03
1.77675925E-02  3.65226775E-01  8.22240952E-03
1.80662075E-02  3.37506294E-01  8.22696835E-03
1.83648225E-02  3.44841510E-01  7.47363176E-03
1.86634375E-02  3.26443136E-01  7.60817714E-03
1.89620525E-02  3.17540854E-01  7.07044359E-03
1.92606675E-02  2.99489230E-01  6.96486607E-03
1.95592825E-02  3.00242037E-01  7.04165176E-03
1.98578975E-02  2.89625376E-01  6.40300428E-03
2.01565125E-02  2.77567625E-01  6.49025803E-03
2.04551275E-02  2.67118007E-01  5.97592909E-03
2.07537425E-02  2.57273465E-01  5.72993560E-03
2.10523575E-02  2.48581886E-01  5.31916134E-03
2.13509725E-02  2.48768970E-01  4.99439426E-03
2.16495875E-02  2.43609026E-01  4.92768316E-03
2.19482025E-02  2.32670531E-01  4.46043396E-03
2.22468175E-02  2.24697828E-01  4.58566984E-03
2.25454325E-02  2.22846344E-01  4.18827869E-03
2.28440475E-02  2.11309820E-01  4.17719316E-03
2.31426625E-02  2.10989788E-01  4.02854802E-03
2.34412775E-02  2.00580448E-01  3.77580966E-03
2.37398925E-02  1.98239177E-01  3.89604061E-03
2.40385075E-02  2.02617884E-01  3.70236603E-03
2.43371225E-02  1.91184774E-01  3.59639362E-03
2.46357375E-02  1.85299113E-01  3.63681326E-03
2.49343525E-02  1.83233857E-01  3.43892770E-03
2.52329675E-02  1.84090957E-01  3.61728389E-03
2.55315825E-02  1.76939055E-01  3.32254288E-03
2.58301975E-02  1.74384639E-01  3.31695215E-03
2.61288125E-02  1.70610338E-01  3.39057599E-03
2.64274275E-02  1.64080307E-01  3.11420159E-03
2.67260425E-02  1.63603842E-01  3.27469758E-03
2.70246575E-02  1.56323344E-01  2.99791456E-03
2.73232725E-02  1.53079137E-01  3.06219538E-03
2.76218875E-02  1.48328304E-01  3.05912853E-03
2.79205025E-02  1.55294091E-01  3.01385717E-03
2.82191175E-02  1.42547518E-01  2.87754671E-03
2.85177325E-02  1.43972680E-01  2.84328940E-03
2.88163475E-02  1.49877027E-01  2.99215945E-03
2.91149625E-02  1.32285014E-01  2.72999355E-03
2.94135775E-02  1.33002400E-01  2.70589557E-03
2.97121925E-02  1.26649141E-01  2.66231829E-03
3.00108075E-02  1.32828504E-01  2.63608806E-03
3.03094225E-02  1.24028780E-01  2.66129221E-03
3.06080375E-02  1.25886977E-01  2.59464281E-03
3.09066525E-02  1.19270638E-01  2.49021500E-03
3.12052675E-02  1.21840321E-01  2.59410939E-03
3.15038825E-02  1.19183645E-01  2.45543825E-03
3.18024975E-02  1.16510883E-01  2.46504531E-03
3.21011125E-02  1.17333166E-01  2.39355769E-03
3.23997275E-02  1.16762191E-01  2.32457509E-03
3.26983425E-02  1.12790264E-01  2.30376190E-03
3.29969575E-02  1.12584159E-01  2.17475276E-03
3.32955725E-02  1.10609800E-01  2.15559988E-03
3.35941875E-02  1.12762615E-01  2.07542465E-03
3.38928025E-02  1.05568737E-01  2.06759176E-03
3.41914175E-02  1.08505830E-01  2.03357101E-03
3.44900325E-02  1.07654326E-01  2.01196689E-03
3.47886474E-02  1.02235816E-01  1.92657870E-03
3.50872624E-02  1.03066236E-01  1.89792493E-03
3.53858774E-02  1.01706356E-01  1.94477523E-03
3.56844924E-02  1.01211749E-01  1.86535739E-03
3.59831074E-02  1.03632726E-01  1.85562077E-03
3.62817224E-02  9.83888134E-02  1.85244018E-03
3.65803374E-02  9.79609191E-02  1.79180154E-03
3.68789524E-02  9.82376859E-02  1.85486232E-03
3.71775674E-02  9.66959968E-02  1.79777073E-03
3.74761824E-02  9.41399932E-02  1.72654027E-03
3.77747974E-02  9.72708091E-02  1.76332169E-03
3.80734124E-02  9.31163654E-02  1.69808452E-03
3.83720274E-02  9.18261558E-02  1.74158229E-03
3.86706424E-02  9.04938132E-02  1.64697622E-03
3.89692574E-02  8.96325186E-02  1.68787804E-03
3.92678724E-02  9.03285518E-02  1.70735409E-03
3.95664874E-02  9.19327885E-02  1.66002079E-03
3.98651024E-02  9.65409130E-02  1.70263241E-03
4.01637174E-02  9.13162604E-02  1.62857166E-03
4.04623324E-02  8.95229653E-02  1.66961201E-03
4.07609474E-02  8.90716016E-02  1.60704739E-03
4.10595624E-02  8.77617672E-02  1.62773172E-03
4.13581774E-02  8.80410448E-02  1.60048169E-03
4.16567924E-02  8.47046077E-02  1.53830496E-03
4.19554074E-02  8.81900191E-02  1.61443301E-03
4.22540224E-02  8.87395218E-02  1.60681969E-03
4.25526374E-02  8.56171846E-02  1.55693339E-03
4.28512524E-02  8.65102708E-02  1.57032057E-03
4.31498674E-02  9.10797715E-02  1.59250817E-03
4.34484824E-02  8.70130584E-02  1.60503550E-03
4.37470974E-02  8.50981995E-02  1.51936838E-03
4.40457124E-02  8.91059563E-02  1.56230095E-03
4.43443274E-02  9.18280557E-02  1.61650067E-03
4.46429424E-02  8.35227370E-02  1.50766992E-03
4.49415574E-02  9.00583789E-02  1.61593314E-03
4.52401724E-02  8.64818990E-02  1.51350419E-03
4.55387874E-02  8.95633027E-02  1.56503636E-03
4.58374024E-02  8.77310857E-02  1.54894614E-03
4.61360174E-02  9.05546024E-02  1.55117479E-03
4.64346324E-02  8.93674195E-02  1.57099566E-03
4.67332474E-02  9.15394425E-02  1.54027378E-03
4.70318624E-02  9.15409550E-02  1.58609101E-03
4.73304774E-02  9.18660611E-02  1.57991063E-03
4.76290924E-02  9.16777030E-02  1.54500792E-03
4.79277074E-02  9.09695700E-02  1.52960257E-03
4.82263224E-02  8.99903327E-02  1.51100277E-03
4.85249374E-02  9.35303494E-02  1.58777088E-03
4.88235524E-02  9.27185267E-02  1.54188625E-03
4.91221674E-02  9.71004069E-02  1.56838121E-03
4.94207824E-02  9.52552781E-02  1.57002348E-03
4.97193974E-02  9.59116220E-02  1.54716289E-03
5.00180124E-02  9.47242901E-02  1.58027525E-03
5.03166274E-02  9.84403118E-02  1.56510994E-03
5.06152424E-02  1.02104388E-01  1.59870216E-03
5.09138574E-02  9.97191891E-02  1.59904163E-03
5.12124724E-02  9.94252339E-02  1.55465840E-03
5.15110874E-02  1.05308846E-01  1.62844406E-03
5.18097024E-02  1.03132300E-01  1.58796681E-03
5.21083174E-02  1.08392477E-01  1.62560272E-03
5.24069324E-02  1.08159028E-01  1.62502821E-03
5.27055474E-02  1.10381640E-01  1.63103815E-03
5.30041624E-02  1.10565923E-01  1.66363327E-03
5.33027774E-02  1.13934822E-01  1.65001675E-03
5.36013924E-02  1.16741188E-01  1.67977286E-03
5.39000074E-02  1.16920918E-01  1.65285054E-03
5.41986224E-02  1.19992062E-01  1.70790986E-03
5.44972374E-02  1.20982409E-01  1.69309694E-03
5.47958524E-02  1.24141216E-01  1.70312321E-03
5.50944674E-02  1.27976194E-01  1.75623223E-03
5.53930824E-02  1.32376015E-01  1.74663484E-03
5.56916974E-02  1.31786600E-01  1.73328409E-03
5.59903124E-02  1.37172937E-01  1.80537603E-03
5.62889274E-02  1.37842432E-01  1.77026854E-03
5.65875424E-02  1.42972827E-01  1.83540001E-03
5.68861574E-02  1.46891266E-01  1.82745245E-03
5.71847724E-02  1.47425458E-01  1.81854353E-03
5.74833874E-02  1.57052681E-01  1.89730281E-03
5.77820024E-02  1.57638907E-01  1.87798496E-03
5.80806174E-02  1.59820929E-01  1.93782861E-03
5.83792324E-02  1.68839157E-01  1.92073616E-03
5.86778474E-02  1.74309000E-01  1.98270520E-03
5.89764624E-02  1.76050261E-01  2.01427331E-03
5.92750774E-02  1.79268017E-01  1.95029425E-03
5.95736924E-02  1.87547952E-01  2.05662497E-03
5.98723074E-02  1.90311104E-01  2.02872325E-03
6.01709224E-02  1.96640357E-01  2.05954118E-03
6.04695374E-02  2.04477236E-01  2.13321415E-03
6.07681524E-02  2.06391022E-01  2.12087855E-03
6.10667674E-02  2.13460505E-01  2.16814550E-03
6.13653824E-02  2.24394619E-01  2.17245403E-03
6.16639974E-02  2.25287735E-01  2.20446964E-03
6.19626124E-02  2.39728913E-01  2.27694516E-03
6.22612274E-02  2.47415632E-01  2.26986827E-03
6.25598424E-02  2.55444318E-01  2.35645333E-03
6.28584574E-02  2.60740042E-01  2.34179781E-03
6.31570724E-02  2.69574344E-01  2.40222667E-03
6.34556874E-02  2.78595120E-01  2.37655872E-03
6.37543024E-02  2.86025822E-01  2.44056783E-03
6.40529174E-02  2.98217505E-01  2.52663204E-03
6.43515324E-02  3.06873262E-01  2.51400354E-03
6.46501474E-02  3.16937089E-01  2.60970718E-03
6.49487624E-02  3.26077551E-01  2.54973839E-03
6.52473774E-02  3.38241369E-01  2.61864509E-03
6.55459924E-02  3.37752432E-01  2.64556240E-03
6.58446074E-02  3.50690037E-01  2.66640121E-03
6.61432224E-02  3.59926105E-01  2.73102662E-03
6.64418374E-02  3.66423219E-01  2.68703443E-03
6.67404524E-02  3.70660633E-01  2.73798313E-03
6.70390674E-02  3.79421860E-01  2.78355298E-03
6.73376824E-02  3.89076531E-01  2.74488050E-03
6.76362974E-02  3.91106486E-01  2.81926617E-03
6.79349124E-02  3.92988741E-01  2.76341802E-03
6.82335274E-02  3.98563981E-01  2.80241412E-03
6.85321424E-02  4.11177754E-01  2.88030296E-03
6.88307574E-02  4.16649222E-01  2.84211896E-03
6.91293724E-02  4.16829586E-01  2.88624107E-03
6.94279874E-02  4.26764607E-01  2.85029598E-03
6.97266024E-02  4.39138323E-01  2.94161122E-03
7.00252174E-02  4.46779042E-01  2.94309598E-03
7.03238324E-02  4.51544493E-01  2.93520279E-03
7.06224474E-02  4.58501250E-01  3.00226011E-03
7.09210624E-02  4.73457187E-01  3.01241409E-03
7.12196774E-02  4.81692523E-01  3.03161191E-03
7.15182924E-02  4.85222429E-01  2.97604082E-03
7.18169074E-02  4.98170346E-01  3.09709460E-03
7.21155224E-02  4.99272197E-01  3.08994367E-03
7.24141374E-02  5.13523459E-01  3.11610033E-03
7.27127524E-02  5.29287875E-01  3.14946310E-03
7.30113674E-02  5.39976180E-01  3.15662194E-03
7.33099824E-02  5.47318637E-01  3.19556170E-03
7.36085974E-02  5.54567814E-01  3.22739664E-03
7.39072124E-02  5.69169521E-01  3.20935296E-03
7.42058274E-02  5.77844262E-01  3.30180535E-03
7.45044424E-02  5.88071525E-01  3.27277603E-03
7.48030574E-02  6.02979958E-01  3.33571108E-03
7.51016724E-02  6.09285712E-01  3.34944320E-03
7.54002874E-02  6.19967222E-01  3.32461554E-03
7.56989024E-02  6.40405774E-01  3.43768019E-03
7.59975174E-02  6.50477350E-01  3.40905320E-03
7.62961324E-02  6.67463839E-01  3.46431904E-03
7.65947474E-02  6.77100062E-01  3.47812101E-03
7.68933624E-02  6.94958389E-01  3.52743478E-03
7.71919774E-02  7.09940970E-01  3.60376132E-03
7.74905924E-02  7.19305634E-01  3.54746869E-03
7.77892074E-02  7.22235501E-01  3.57704540E-03
7.80878224E-02  7.32622743E-01  3.57274944E-03
7.83864374E-02  7.37305641E-01  3.57860536E-03
7.86850524E-02  7.47903883E-01  3.66324792E-03
7.89836674E-02  7.45291412E-01  3.61099117E-03
7.92822824E-02  7.48600662E-01  3.58930673E-03
7.95808974E-02  7.46290326E-01  3.55126802E-03
7.98795124E-02  7.45978773E-01  3.62018985E-03
8.01781274E-02  7.41627872E-01  3.64011340E-03
8.04767424E-02  7.42377102E-01  3.54907941E-03
8.07753574E-02  7.37707198E-01  3.57407727E-03
8.10739724E-02  7.24191070E-01  3.50181898E-03
8.13725874E-02  7.30779231E-01  3.50365718E-03
8.16712024E-02  7.29009807E-01  3.55661078E-03
8.19698174E-02  7.16000199E-01  3.43398470E-03
8.22684324E-02  7.11052477E-01  3.49459006E-03
8.25670474E-02  7.13251889E-01  3.45794950E-03
8.28656624E-02  6.95582688E-01  3.43888858E-03
8.31642774E-02  6.89003587E-01  3.37523874E-03
8.34628924E-02  6.80286884E-01  3.35711916E-03
8.37615074E-02  6.72269821E-01  3.38762044E-03
8.40601224E-02  6.50922239E-01  3.26466560E-03
8.43587374E-02  6.45957232E-01  3.26490961E-03
8.46573524E-02  6.39382362E-01  3.23246233E-03
8.49559674E-02  6.25471652E-01  3.21903825E-03
8.52545824E-02  6.20008647E-01  3.21127335E-03
8.55531974E-02  6.07020557E-01  3.12544475E-03
8.58518124E-02  6.01940513E-01  3.12731182E-03
8.61504274E-02  5.92157125E-01  3.06940801E-03
8.64490424E-02  5.85598409E-01  3.10257636E-03
8.67476574E-02  5.80129981E-01  3.08205048E-03
8.70462724E-02  5.74650228E-01  3.01658851E-03
8.73448874E-02  5.67250788E-01  3.01989866E-03
8.76435024E-02  5.66794515E-01  2.98888865E-03
8.79421174E-02  5.68337917E-01  3.04172025E-03
8.82407324E-02  5.70118129E-01  3.03477654E-03
8.85393474E-02  5.72174370E-01  2.99744424E-03
8.88379624E-02  5.62791824E-01  2.99518416E-03
8.91365774E-02  5.55303693E-01  2.93655321E-03
8.94351924E-02  5.52456796E-01  2.95085669E-03
8.97338074E-02  5.40776134E-01  2.90324748E-03
9.00324224E-02  5.20400405E-01  2.84015830E-03
9.03310374E-02  5.02874672E-01  2.82326806E-03
9.06296524E-02  4.75489944E-01  2.71235127E-03
9.09282674E-02  4.62650090E-01  2.67302804E-03
9.12268824E-02  4.47158277E-01  2.62309168E-03
9.15254974E-02  4.24530745E-01  2.54657865E-03
9.18241124E-02  4.13161188E-01  2.54950370E-03
9.21227274E-02  4.03811812E-01  2.49728491E-03
9.24213424E-02  3.93966854E-01  2.42479029E-03
9.27199574E-02  3.80151272E-01  2.40327860E-03
9.30185724E-02  3.72501016E-01  2.38327752E-03
9.33171874E-02  3.63079160E-01  2.37672427E-03
9.36158024E-02  3.56755316E-01  2.27542152E-03
9.39144174E-02  3.49164367E-01  2.30951235E-03
9.42130324E-02  3.42566103E-01  2.27524526E-03
9.45116474E-02  3.32182735E-01  2.23051989E-03
9.48102624E-02  3.22831362E-01  2.20873998E-03
9.51088774E-02  3.16536576E-01  2.14518514E-03
9.54074924E-02  3.16709965E-01  2.17409641E-03
9.57061074E-02  3.09751272E-01  2.14439048E-03
9.60047224E-02  3.09867293E-01  2.14668619E-03
9.63033374E-02  2.98990905E-01  2.08849763E-03
9.66019524E-02  2.91929185E-01  2.07449333E-03
9.69005674E-02  2.88894773E-01  2.05829018E-03
9.71991824E-02  2.90370584E-01  2.05817563E-03
9.74977974E-02  2.83665031E-01  2.02726503E-03
9.77964124E-02  2.81051278E-01  2.01100064E-03
9.80950274E-02  2.76717156E-01  2.00920971E-03
9.83936424E-02  2.72606224E-01  1.99509505E-03
9.86922574E-02  2.70502537E-01  1.98566401E-03
9.89908724E-02  2.67330766E-01  1.95298495E-03
9.92894874E-02  2.63245553E-01  1.93228899E-03
9.95881024E-02  2.60533810E-01  1.93787133E-03
9.98867174E-02  2.58120626E-01  1.93551159E-03
1.00185332E-01  2.59713054E-01  1.89784029E-03
1.00483947E-01  2.54498124E-01  1.90877775E-03
1.00782562E-01  2.53296912E-01  1.88123470E-03
1.01081177E-01  2.52339065E-01  1.89664296E-03
1.01379792E-01  2.49654517E-01  1.87938730E-03
1.01678407E-01  2.46052057E-01  1.84574223E-03
1.01977022E-01  2.45085627E-01  1.86211406E-03
1.02275637E-01  2.44237185E-01  1.85888982E-03
1.02574252E-01  2.40394101E-01  1.83651468E-03
1.02872867E-01  2.42428005E-01  1.82462460E-03
1.03171482E-01  2.38222376E-01  1.80725800E-03
1.03470097E-01  2.38106593E-01  1.80976791E-03
1.03768712E-01  2.36284330E-01  1.81924109E-03
1.04067327E-01  2.37068683E-01  1.78982213E-03
1.04365942E-01  2.34552339E-01  1.80062989E-03
1.04664557E-01  2.35976458E-01  1.80460978E-03
1.04963172E-01  2.33949468E-01  1.78374420E-03
1.05261787E-01  2.33639717E-01  1.78689649E-03
1.05560402E-01  2.29149774E-01  1.75127713E-03
1.05859017E-01  2.29880318E-01  1.77679386E-03
1.06157632E-01  2.29768559E-01  1.76489376E-03
1.06456247E-01  2.30704397E-01  1.76848588E-03
1.06754862E-01  2.27319688E-01  1.73465849E-03
1.07053477E-01  2.28310034E-01  1.74946361E-03
1.07352092E-01  2.28538364E-01  1.75033987E-03
1.07650707E-01  2.23115966E-01  1.73082971E-03
1.07949322E-01  2.26610214E-01  1.74155890E-03
1.08247937E-01  2.26331398E-01  1.73910812E-03
1.08546552E-01  2.26672813E-01  1.74736325E-03
1.08845167E-01  2.25800484E-01  1.71544065E-03
1.09143782E-01  2.23225832E-01  1.72577240E-03
1.09442397E-01  2.24242479E-01  1.70819496E-03
1.09741012E-01  2.20530421E-01  1.69925590E-03
1.10039627E-01  2.25341991E-01  1.73119898E-03
1.10338242E-01  2.20772251E-01  1.70283893E-03
1.10636857E-01  2.23127469E-01  1.69094198E-03
1.10935472E-01  2.22328439E-01  1.68663112E-03
1.11234087E-01  2.25360885E-01  1.71378336E-03
1.11532702E-01  2.23217547E-01  1.70429843E-03
1.11831317E-01  2.24126220E-01  1.69860851E-03
1.12129932E-01  2.21057519E-01  1.69017259E-03
1.12428547E-01  2.23535717E-01  1.69897056E-03
1.12727162E-01  2.22013429E-01  1.68608606E-03
1.13025777E-01  2.25456670E-01  1.69717905E-03
1.13324392E-01  2.22966760E-01  1.68522960E-03
1.13623007E-01  2.24290103E-01  1.69407076E-03
1.13921622E-01  2.23785892E-01  1.69345352E-03
1.14220237E-01  2.23179683E-01  1.67468516E-03
1.14518852E-01  2.24857092E-01  1.66734727E-03
1.14817467E-01  2.22810522E-01  1.68337557E-03
1.15116082E-01  2.21649721E-01  1.67772081E-03
1.15414697E-01  2.25100607E-01  1.68313924E-03
1.15713312E-01  2.23134398E-01  1.65973743E-03
1.16011927E-01  2.21697301E-01  1.66047923E-03
1.16310542E-01  2.22922549E-01  1.68000779E-03
1.16609157E-01  2.25921273E-01  1.67252752E-03
1.16907772E-01  2.25498423E-01  1.67713605E-03
1.17206387E-01  2.25385129E-01  1.66993192E-03
1.17505002E-01  2.24207982E-01  1.65526883E-03
1.17803617E-01  2.27258250E-01  1.68492063E-03
1.18102232E-01  2.25804865E-01  1.66357099E-03
1.18400847E-01  2.27398321E-01  1.67186570E-03
1.18699462E-01  2.28806645E-01  1.67337887E-03
1.18998077E-01  2.28951141E-01  1.65832625E-03
1.19296692E-01  2.26100922E-01  1.67938916E-03
1.19595307E-01  2.25177154E-01  1.64577866E-03
1.19893922E-01  2.27583051E-01  1.65101746E-03
1.20192537E-01  2.30673909E-01  1.68142351E-03
1.20491152E-01  2.27774128E-01  1.64703827E-03
1.20789767E-01  2.31116131E-01  1.67453475E-03
1.21088382E-01  2.34154925E-01  1.68308755E-03
1.21386997E-01  2.29931265E-01  1.65482424E-03
1.21685612E-01  2.33653367E-01  1.68370677E-03
1.21984227E-01  2.29167491E-01  1.65676710E-03
1.22282842E-01  2.31624782E-01  1.65391434E-03
1.22581457E-01  2.31021017E-01  1.64030434E-03
1.22880072E-01  2.33945906E-01  1.67993689E-03
1.23178687E-01  2.32928753E-01  1.66089821E-03
1.23477302E-01  2.30530247E-01  1.65699085E-03
1.23775917E-01  2.30727419E-01  1.63813715E-03
1.24074532E-01  2.35381022E-01  1.67079829E-03
1.24373147E-01  2.38469809E-01  1.67936494E-03
1.24671762E-01  2.37261027E-01  1.66577939E-03
1.24970377E-01  2.36416847E-01  1.65821856E-03
1.25268992E-01  2.37923875E-01  1.66120578E-03
1.25567607E-01  2.38904938E-01  1.65666698E-03
1.25866222E-01  2.41551310E-01  1.69256690E-03
1.26164837E-01  2.39897251E-01  1.66808628E-03
1.26463452E-01  2.39664748E-01  1.65930483E-03
1.26762067E-01  2.44885102E-01  1.68418325E-03
1.27060682E-01  2.42256373E-01  1.67053496E-03
1.27359297E-01  2.43611172E-01  1.70037628E-03
1.27657912E-01  2.42011398E-01  1.65505207E-03
1.27956527E-01  2.45285317E-01  1.67353265E-03
1.28255142E-01  2.43243068E-01  1.67853665E-03
1.28553757E-01  2.46481031E-01  1.66026608E-03
1.28852372E-01  2.45483935E-01  1.66354293E-03
1.29150987E-01  2.47186735E-01  1.66930456E-03
1.29449602E-01  2.48670727E-01  1.68448116E-03
1.29748217E-01  2.47719690E-01  1.68012164E-03
1.30046832E-01  2.51131743E-01  1.67809438E-03
1.30345447E-01  2.50561148E-01  1.67174567E-03
1.30644062E-01  2.51023769E-01  1.67107978E-03
1.30942677E-01  2.54000843E-01  1.69330125E-03
1.31241292E-01  2.52804846E-01  1.68368279E-03
1.31539907E-01  2.53926069E-01  1.67850382E-03
1.31838522E-01  2.53197968E-01  1.68387534E-03
1.32137137E-01  2.56546825E-01  1.71038823E-03
1.32435752E-01  2.57992089E-01  1.73768494E-03
1.32734367E-01  2.61911690E-01  1.74841064E-03
1.33032982E-01  2.60782391E-01  1.76304975E-03
1.33331597E-01  2.64263451E-01  1.77477987E-03
1.33630212E-01  2.62510836E-01  1.77644088E-03
1.33928827E-01  2.64199018E-01  1.80945511E-03
1.34227442E-01  2.66242087E-01  1.77266402E-03
1.34526057E-01  2.64714897E-01  1.80328684E-03
1.34824672E-01  2.69765854E-01  1.83382689E-03
1.35123287E-01  2.70270467E-01  1.82477769E-03
1.35421902E-01  2.69366443E-01  1.83791888E-03
1.35720517E-01  2.71977514E-01  1.82786537E-03
1.36019132E-01  2.72380143E-01  1.86208286E-03
1.36317747E-01  2.74001539E-01  1.84954714E-03
1.36616362E-01  2.73219585E-01  1.84146035E-03
1.36914977E-01  2.74785370E-01  1.86747417E-03
1.37213592E-01  2.72713780E-01  1.86323200E-03
1.37512207E-01  2.78527707E-01  1.90175581E-03
1.37810822E-01  2.78914601E-01  1.88430003E-03
1.38109437E-01  2.81002998E-01  1.89134374E-03
1.38408052E-01  2.81077087E-01  1.89877953E-03
1.38706667E-01  2.79506475E-01  1.89780723E-03
1.39005282E-01  2.82750815E-01  1.92955649E-03
1.39303897E-01  2.82924354E-01  1.89210032E-03
1.39602512E-01  2.84007102E-01  1.93233404E-03
1.39901127E-01  2.88747072E-01  1.94536219E-03
1.40199742E-01  2.88389683E-01  1.93515257E-03
1.40498357E-01  2.86573291E-01  1.94943300E-03
1.40796972E-01  2.87334979E-01  1.92642794E-03
1.41095587E-01  2.89565623E-01  1.96190597E-03
1.41394202E-01  2.90841281E-01  1.95393618E-03
1.41692817E-01  2.91069150E-01  1.96699775E-03
1.41991432E-01  2.92226344E-01  1.97090628E-03
1.42290047E-01  2.96485752E-01  1.97127811E-03
1.42588662E-01  2.93054432E-01  1.98627333E-03
1.42887277E-01  2.95459479E-01  1.98335154E-03
1.43185892E-01  2.94187009E-01  1.97285507E-03
1.43484507E-01  2.97293693E-01  1.99899985E-03
1.43783122E-01  2.97936976E-01  1.98461534E-03
1.44081737E-01  2.97504157E-01  1.98942702E-03
1.44380352E-01  2.97457039E-01  1.97298848E-03
1.44678967E-01  2.98574120E-01  1.95480790E-03
1.44977582E-01  3.02507848E-01  2.00688699E-03
1.45276197E-01  3.00156236E-01  1.96973095E-03
1.45574812E-01  3.03798348E-01  2.00484390E-03
1.45873427E-01  3.01861852E-01  1.95225526E-03
1.46172042E-01  3.01545799E-01  1.96527084E-03
1.46470657E-01  3.07207823E-01  2.00742274E-03
1.46769272E-01  3.03174019E-01  1.97057449E-03
1.47067887E-01  3.01773340E-01  1.96155300E-03
1.47366502E-01  3.03923815E-01  1.95892435E-03
1.47665117E-01  3.03799540E-01  1.96146709E-03
1.47963732E-01  3.06024879E-01  1.99120888E-03
1.48262347E-01  3.04905146E-01  1.96651625E-03
1.48560962E-01  3.09108585E-01  1.98301417E-03
1.48859577E-01  3.07645828E-01  1.95197947E-03
1.49158192E-01  3.07399094E-01  1.99186127E-03
1.49456807E-01  3.10434103E-01  1.97833078E-03
1.49755422E-01  3.07074755E-01  1.96246943E-03
1.50054037E-01  3.10132980E-01  1.98481302E-03
1.50352652E-01  3.11613172E-01  1.96453836E-03
1.50651267E-01  3.10600877E-01  1.98931550E-03
1.50949882E-01  3.07774961E-01  1.94954441E-03
1.51248497E-01  3.10485810E-01  1.96750532E-03
1.51547112E-01  3.10761452E-01  2.00274633E-03
1.51845727E-01  3.17670196E-01  1.96629157E-03
1.52144342E-01  3.17310691E-01  2.01374781E-03
1.52442957E-01  3.14886183E-01  1.94645091E-03
1.52741572E-01  3.15756619E-01  1.97757734E-03
1.53040187E-01  3.13270479E-01  1.99786760E-03
1.53338802E-01  3.16621453E-01  1.96803594E-03
1.53637417E-01  3.16194206E-01  1.99069106E-03
1.53936032E-01  3.14304829E-01  1.95586705E-03
1.54234647E-01  3.22909862E-01  1.98677089E-03
1.54533262E-01  3.16790134E-01  1.99852674E-03
1.54831877E-01  3.24365884E-01  1.99414487E-03
1.55130492E-01  3.20087582E-01  1.98384025E-03
1.55429107E-01  3.18217576E-01  1.96730695E-03
1.55727722E-01  3.17991316E-01  1.98604981E-03
1.56026337E-01  3.21978807E-01  1.98680442E-03
1.56324952E-01  3.20287853E-01  1.97512959E-03
1.56623567E-01  3.19453955E-01  1.99502916E-03
1.56922182E-01  3.19200486E-01  1.96539937E-03
1.57220797E-01  3.16996098E-01  1.98514550E-03
1.57519412E-01  3.16483289E-01  1.95913250E-03
1.57818027E-01  3.18621069E-01  1.96432834E-03
1.58116642E-01  3.20056796E-01  1.99545035E-03
1.58415257E-01  3.16249222E-01  1.95700885E-03
1.58713872E-01  3.17259103E-01  1.97870005E-03
1.59012487E-01  3.17682087E-01  1.95165293E-03
1.59311102E-01  3.18751901E-01  1.98480883E-03
1.59609717E-01  3.15509498E-01  1.97832007E-03
1.59908332E-01  3.15077841E-01  1.93132181E-03
1.60206947E-01  3.17473739E-01  1.95799908E-03
1.60505562E-01  3.13863963E-01  1.94683857E-03
1.60804177E-01  3.13456893E-01  1.94349128E-03
1.61102792E-01  3.15104932E-01  1.94929331E-03
1.61401407E-01  3.09606820E-01  1.92465784E-03
1.61700022E-01  3.10473144E-01  1.92462152E-03
1.61998637E-01  3.10348243E-01  1.92833564E-03
1.62297252E-01  3.08079451E-01  1.93021481E-03
1.62595867E-01  3.06358874E-01  1.92344072E-03
1.62894482E-01  3.05078566E-01  1.89779222E-03
1.63193097E-01  3.06063503E-01  1.92874612E-03
1.63491712E-01  3.06202114E-01  1.89730723E-03
1.63790327E-01  3.02469641E-01  1.91532413E-03
1.64088942E-01  3.01237166E-01  1.87924865E-03
1.64387557E-01  3.00513089E-01  1.89151638E-03
1.64686172E-01  3.00455958E-01  1.91377115E-03
1.64984787E-01  2.98353285E-01  1.87284627E-03
1.65283402E-01  2.98372656E-01  1.88477628E-03
1.65582017E-01  2.94793814E-01  1.85776385E-03
1.65880632E-01  2.94037133E-01  1.86316029E-03
1.66179247E-01  2.94495732E-01  1.87981536E-03
1.66477862E-01  2.88479507E-01  1.83458591E-03
1.66776477E-01  2.87753612E-01  1.84833782E-03
1.67075092E-01  2.86817431E-01  1.84924237E-03
1.67373707E-01  2.88996845E-01  1.85037823E-03
1.67672322E-01  2.84451276E-01  1.83448242E-03
1.67970937E-01  2.81403631E-01  1.80758710E-03
1.68269552E-01  2.82335371E-01  1.82509248E-03
1.68568167E-01  2.79819429E-01  1.79878459E-03
1.68866782E-01  2.77463913E-01  1.81757042E-03
1.69165397E-01  2.76631504E-01  1.80090859E-03
1.69464012E-01  2.72367150E-01  1.77589629E-03
1.69762627E-01  2.72578567E-01  1.78829452E-03
1.70061242E-01  2.69192606E-01  1.77100394E-03
1.70359857E-01  2.68798798E-01  1.79024239E-03
1.70658472E-01  2.69040465E-01  1.75899803E-03
1.70957087E-01  2.67251432E-01  1.75975705E-03
1.71255702E-01  2.65385836E-01  1.77508662E-03
1.71554317E-01  2.58920759E-01  1.71395554E-03
1.71852932E-01  2.59261549E-01  1.73684489E-03
1.72151547E-01  2.59484500E-01  1.73162925E-03
1.72450162E-01  2.57589549E-01  1.72945112E-03
1.72748777E-01  2.54182726E-01  1.72213523E-03
1.73047392E-01  2.50043780E-01  1.70042738E-03
1.73346007E-01  2.48317376E-01  1.69746263E-03
1.73644622E-01  2.49384746E-01  1.69297308E-03
1.73943237E-01  2.48026028E-01  1.68893312E-03
1.74241852E-01  2.42691532E-01  1.68102630E-03
1.74540467E-01  2.43094310E-01  1.66133163E-03
1.74839082E-01  2.44515270E-01  1.68675347E-03
1.75137697E-01  2.38647804E-01  1.65052444E-03
1.75436312E-01  2.37826720E-01  1.65838632E-03
1.75734927E-01  2.37739399E-01  1.63798581E-03
1.76033542E-01  2.35899717E-01  1.63657533E-03
1.76332157E-01  2.34035552E-01  1.65479851E-03
1.76630772E-01  2.33948261E-01  1.62542483E-03
1.76929387E-01  2.28958249E-01  1.63279404E-03
1.77228002E-01  2.28588969E-01  1.60028599E-03
1.77526617E-01  2.25932255E-01  1.60271931E-03
1.77825232E-01  2.26631194E-01  1.61063846E-03
1.78123847E-01  2.22109616E-01  1.58803735E-03
1.78422462E-01  2.24506035E-01  1.59658387E-03
1.78721077E-01  2.24101737E-01  1.59946235E-03
1.79019692E-01  2.20164672E-01  1.58588961E-03
1.79318307E-01  2.17125311E-01  1.57544133E-03
1.79616922E-01  2.15645343E-01  1.54664961E-03
1.79915537E-01  2.13966504E-01  1.56130025E-03
1.80214152E-01  2.11538360E-01  1.53895945E-03
1.80512767E-01  2.08390370E-01  1.54291303E-03
1.80811382E-01  2.07131296E-01  1.53409538E-03
1.81109997E-01  2.03597277E-01  1.50680565E-03
1.81408612E-01  2.02622220E-01  1.51833391E-03
1.81707227E-01  1.97557792E-01  1.49071566E-03
1.82005842E-01  1.94543824E-01  1.47930312E-03
1.82304457E-01  1.91517577E-01  1.45950192E-03
1.82603072E-01  1.89865187E-01  1.45946559E-03
1.82901687E-01  1.88528508E-01  1.46458903E-03
1.83200302E-01  1.88184023E-01  1.45010289E-03
1.83498917E-01  1.85535908E-01  1.43417495E-03
1.83797532E-01  1.81978315E-01  1.41803198E-03
1.84096147E-01  1.84333548E-01  1.44045753E-03
1.84394762E-01  1.79936916E-01  1.42555870E-03
1.84693377E-01  1.78020805E-01  1.40808232E-03
1.84991992E-01  1.74182042E-01  1.40023872E-03
1.85290607E-01  1.72681123E-01  1.37639313E-03
1.85589222E-01  1.71405017E-01  1.38122099E-03
1.85887837E-01  1.70028210E-01  1.37159671E-03
1.86186452E-01  1.69097483E-01  1.36515521E-03
1.86485067E-01  1.63879499E-01  1.35101203E-03
1.86783682E-01  1.65336341E-01  1.35299063E-03
1.87082297E-01  1.63142130E-01  1.34975789E-03
1.87380912E-01  1.61230519E-01  1.33302994E-03
1.87679527E-01  1.59458116E-01  1.31456263E-03
1.87978142E-01  1.56674191E-01  1.31924753E-03
1.88276757E-01  1.57481492E-01  1.31960516E-03
1.88575372E-01  1.55480400E-01  1.31508289E-03
1.88873987E-01  1.52996123E-01  1.29643769E-03
1.89172602E-01  1.49614930E-01  1.27499341E-03
1.89471217E-01  1.51314586E-01  1.29182509E-03
1.89769832E-01  1.46489948E-01  1.27440388E-03
1.90068447E-01  1.48761511E-01  1.26606692E-03
1.90367062E-01  1.46114305E-01  1.26654329E-03
1.90665677E-01  1.45659581E-01  1.26170134E-03
1.90964292E-01  1.42983869E-01  1.24763791E-03
1.91262907E-01  1.40966758E-01  1.24403962E-03
1.91561522E-01  1.42958552E-01  1.23719173E-03
1.91860137E-01  1.39813557E-01  1.24015647E-03
1.92158752E-01  1.37760192E-01  1.22464390E-03
1.92457367E-01  1.38575748E-01  1.22985465E-03
1.92755982E-01  1.31997168E-01  1.19529129E-03
1.93054597E-01  1.33977205E-01  1.20499858E-03
1.93353212E-01  1.30211055E-01  1.18188246E-03
1.93651827E-01  1.29332751E-01  1.19045319E-03
1.93950442E-01  1.29264072E-01  1.18361984E-03
1.94249057E-01  1.28381431E-01  1.17132242E-03
1.94547672E-01  1.27000496E-01  1.17396947E-03
1.94846287E-01  1.25788182E-01  1.16610585E-03
1.95144902E-01  1.24431200E-01  1.16617244E-03
1.95443517E-01  1.24564052E-01  1.14226085E-03
1.95742132E-01  1.23304509E-01  1.15232822E-03
1.96040747E-01  1.20460384E-01  1.14115118E-03
1.96339362E-01  1.19950429E-01  1.14129856E-03
1.96637977E-01  1.18242122E-01  1.12200133E-03
1.96936592E-01  1.18916556E-01  1.12733571E-03
1.97235207E-01  1.17287181E-01  1.12351053E-03
1.97533822E-01  1.16150580E-01  1.11379882E-03
1.97832437E-01  1.14075139E-01  1.10731681E-03
1.98131052E-01  1.12884685E-01  1.09560636E-03
1.98429667E-01  1.12204105E-01  1.09333522E-03
1.98728282E-01  1.11373931E-01  1.09274185E-03
1.99026897E-01  1.10399500E-01  1.08110183E-03
1.99325512E-01  1.10649839E-01  1.08574203E-03
1.99624127E-01  1.10186435E-01  1.08312594E-03
1.99922742E-01  1.06578343E-01  1.06323475E-03
2.00221357E-01  1.06758431E-01  1.07020955E-03
2.00519972E-01  1.06858015E-01  1.05997617E-03
2.00818587E-01  1.05462499E-01  1.05205062E-03
2.01117202E-01  1.03834681E-01  1.05411850E-03
2.01415817E-01  1.03153147E-01  1.04014843E-03
2.01714432E-01  1.03330791E-01  1.04593532E-03
2.02013047E-01  1.02746770E-01  1.03874737E-03
2.02311662E-01  1.02865689E-01  1.04358245E-03
2.02610277E-01  1.00012146E-01  1.03160134E-03
2.02908892E-01  9.85700861E-02  1.01301540E-03
2.03207507E-01  9.75102037E-02  1.01162330E-03
2.03506122E-01  9.75219831E-02  1.01011607E-03
2.03804737E-01  9.62681100E-02  1.00453827E-03
2.04103352E-01  9.60161388E-02  1.00635679E-03
2.04401967E-01  9.30939168E-02  9.89689026E-04
2.04700582E-01  9.31506157E-02  9.81457531E-04
2.04999197E-01  9.36990157E-02  9.87071311E-04
2.05297812E-01  9.15072933E-02  9.84917860E-04
2.05596427E-01  9.35304835E-02  9.87710315E-04
2.05895042E-01  8.92263576E-02  9.67113301E-04
2.06193657E-01  8.95982087E-02  9.62865073E-04
2.06492272E-01  8.95133838E-02  9.61232290E-04
2.06790887E-01  8.96410048E-02  9.72693786E-04
2.07089502E-01  8.86305943E-02  9.51258990E-04
2.07388117E-01  8.93297121E-02  9.67381522E-04
2.07686732E-01  8.65152851E-02  9.48201690E-04
2.07985347E-01  8.61809179E-02  9.43178486E-04
2.08283962E-01  8.61384645E-02  9.45264706E-04
2.08582577E-01  8.58169794E-02  9.36897879E-04
2.08881192E-01  8.40141699E-02  9.31251561E-04
2.09179807E-01  8.45011622E-02  9.38264944E-04
2.09478422E-01  8.45891088E-02  9.27648274E-04
2.09777037E-01  8.23305845E-02  9.24712571E-04
2.10075652E-01  8.07683542E-02  9.07280541E-04
2.10374267E-01  8.04376751E-02  9.16851044E-04
2.10672882E-01  8.02958012E-02  9.13219061E-04
2.10971497E-01  7.98732564E-02  8.96039419E-04
2.11270112E-01  7.88006112E-02  9.03845590E-04
2.11568727E-01  7.93711990E-02  8.97781574E-04
2.11867342E-01  7.77662322E-02  8.97070451E-04
2.12165957E-01  7.68341571E-02  8.83852132E-04
2.12464572E-01  7.68784359E-02  8.83310160E-04
2.12763187E-01  7.69496858E-02  8.88005772E-04
2.13061802E-01  7.40072131E-02  8.70071235E-04
2.13360417E-01  7.53949359E-02  8.81405314E-04
2.13659032E-01  7.45029896E-02  8.66958755E-04
2.13957647E-01  7.34380782E-02  8.61773617E-04
2.14256262E-01  7.44823292E-02  8.71809490E-04
2.14554877E-01  7.33703896E-02  8.60091473E-04
2.14853492E-01  7.10927546E-02  8.47905932E-04
2.15152107E-01  7.19217211E-02  8.51815916E-04
2.15450722E-01  7.03442991E-02  8.50863056E-04
2.15749337E-01  6.95639253E-02  8.40256806E-04
2.16047952E-01  7.04578832E-02  8.42855545E-04
2.16346567E-01  6.98560402E-02  8.39751738E-04
2.16645182E-01  6.84421137E-02  8.26525677E-04
2.16943797E-01  6.72925860E-02  8.23956507E-04
2.17242412E-01  6.85070083E-02  8.36883846E-04
2.17541027E-01  6.68902919E-02  8.13981809E-04
2.17839642E-01  6.66858405E-02  8.26690986E-04
2.18138257E-01  6.71889707E-02  8.14366911E-04
2.18436872E-01  6.53190091E-02  8.11306702E-04
2.18735487E-01  6.64282888E-02  8.14045314E-04
2.19034102E-01  6.49191886E-02  8.05223419E-04
2.19332717E-01  6.52702302E-02  8.12709448E-04
2.19631332E-01  6.46365657E-02  8.05381511E-04
2.19929947E-01  6.43797815E-02  8.00691545E-04
2.20228562E-01  6.41229823E-02  7.96512759E-04
2.20527177E-01  6.30374923E-02  7.93945743E-04
2.20825792E-01  6.19947724E-02  7.88288540E-04
2.21124407E-01  6.17384352E-02  7.84331991E-04
2.21423022E-01  6.16596565E-02  7.82447634E-04
2.21721637E-01  5.97852021E-02  7.68881873E-04
2.22020252E-01  6.08967990E-02  7.75771157E-04
2.22318867E-01  5.93794286E-02  7.71031366E-04
2.22617482E-01  5.90687171E-02  7.60044612E-04
2.22916097E-01  5.95820472E-02  7.73727545E-04
2.23214712E-01  5.87593019E-02  7.60482915E-04
2.23513327E-01  5.69848493E-02  7.53989560E-04
2.23811942E-01  5.72003424E-02  7.51206826E-04
2.24110557E-01  5.79005331E-02  7.52717082E-04
2.24409172E-01  5.85886426E-02  7.62953132E-04
2.24707787E-01  5.73452301E-02  7.47585669E-04
2.25006402E-01  5.69460727E-02  7.53740431E-04
2.25305017E-01  5.52016906E-02  7.28866202E-04
2.25603632E-01  5.60237765E-02  7.44539022E-04
2.25902247E-01  5.46482056E-02  7.36207294E-04
2.26200862E-01  5.52413836E-02  7.36093905E-04
2.26499477E-01  5.41672893E-02  7.26374623E-04
2.26798092E-01  5.32614700E-02  7.24260521E-04
2.27096707E-01  5.39610162E-02  7.27941107E-04
2.27395322E-01  5.35414889E-02  7.27866427E-04
2.27693937E-01  5.20605259E-02  7.08847947E-04
2.27992552E-01  5.19930013E-02  7.10833643E-04
2.28291167E-01  5.10014892E-02  7.03619444E-04
2.28589782E-01  5.37705794E-02  7.28360610E-04
2.28888397E-01  5.13386205E-02  7.09216052E-04
2.29187012E-01  5.01609594E-02  6.95206400E-04
2.29485627E-01  5.06334342E-02  7.01081648E-04
2.29784242E-01  5.09277470E-02  7.06376624E-04
2.30082857E-01  5.08271344E-02  7.01013952E-04
2.30381472E-01  4.98249866E-02  6.92682108E-04
2.30680087E-01  4.94339280E-02  6.91738853E-04
2.30978702E-01  4.93179709E-02  6.90928544E-04
2.31277317E-01  4.86069433E-02  6.86719606E-04
2.31575932E-01  4.81234752E-02  6.83100894E-04
2.31874547E-01  4.79421392E-02  6.76584896E-04
2.32173162E-01  4.89672460E-02  6.87094696E-04
2.32471777E-01  4.60278243E-02  6.67490647E-04
2.32770392E-01  4.73956950E-02  6.75018120E-04
2.33069007E-01  4.74763773E-02  6.75209158E-04
2.33367622E-01  4.62794974E-02  6.64192601E-04
2.33666237E-01  4.69612516E-02  6.74811483E-04
2.33964852E-01  4.56805006E-02  6.60442922E-04
2.34263467E-01  4.64159362E-02  6.65739470E-04
2.34562082E-01  4.58859503E-02  6.63621351E-04
2.34860697E-01  4.47735675E-02  6.54413714E-04
2.35159312E-01  4.47796471E-02  6.55202777E-04
2.35457927E-01  4.44912650E-02  6.49594062E-04
2.35756542E-01  4.45957519E-02  6.47813722E-04
2.36055157E-01  4.39000838E-02  6.48187939E-04
2.36353772E-01  4.29944620E-02  6.40923623E-04
2.36652387E-01  4.37519886E-02  6.50052913E-04
2.36951002E-01  4.24806774E-02  6.28946640E-04
2.37249617E-01  4.17408682E-02  6.33310294E-04
2.37548232E-01  4.35542390E-02  6.43994776E-04
2.37846847E-01  4.23345566E-02  6.32775947E-04
2.38145462E-01  4.22447808E-02  6.31575182E-04
2.38444077E-01  4.18528244E-02  6.24460401E-04
2.38742692E-01  4.13747579E-02  6.31252828E-04
2.39041307E-01  4.12381105E-02  6.24533161E-04
2.39339922E-01  4.02951352E-02  6.16145087E-04
2.39638537E-01  4.12877612E-02  6.24212262E-04
2.39937152E-01  4.07486074E-02  6.18397724E-04
2.40235767E-01  3.92581373E-02  6.11248368E-04
2.40534382E-01  4.06346098E-02  6.17878453E-04
2.40832997E-01  3.99027169E-02  6.10930845E-04
2.41131612E-01  3.91837806E-02  6.08616974E-04
2.41430227E-01  3.96054387E-02  6.06806250E-04
2.41728842E-01  3.96103114E-02  6.12954202E-04
2.42027457E-01  3.89669649E-02  5.99917897E-04
2.42326072E-01  3.81046087E-02  5.95529913E-04
2.42624687E-01  3.78465466E-02  5.99155843E-04
2.42923302E-01  3.81363928E-02  5.97928301E-04
2.43221917E-01  3.80092151E-02  5.91372722E-04
2.43520532E-01  3.64025012E-02  5.81121189E-04
2.43819147E-01  3.73362675E-02  5.89014438E-04
2.44117762E-01  3.75297852E-02  5.93323843E-04
2.44416377E-01  3.75018157E-02  5.94593119E-04
2.44714992E-01  3.65409628E-02  5.79213200E-04
2.45013607E-01  3.68719175E-02  5.87941031E-04
2.45312222E-01  3.67417634E-02  5.83349611E-04
2.45610837E-01  3.56139615E-02  5.76069579E-04
2.45909452E-01  3.61886211E-02  5.74857229E-04
2.46208067E-01  3.58205922E-02  5.76627499E-04
2.46506682E-01  3.53126265E-02  5.71270066E-04
2.46805297E-01  3.53285931E-02  5.75992628E-04
2.47103912E-01  3.57288830E-02  5.71973389E-04
2.47402527E-01  3.50789204E-02  5.66748204E-04
2.47701142E-01  3.48912366E-02  5.68635354E-04
2.47999757E-01  3.53521183E-02  5.71908953E-04
2.48298372E-01  3.49310003E-02  5.71794808E-04
2.48596987E-01  3.47789563E-02  5.59787091E-04
2.48895602E-01  3.43732685E-02  5.60417189E-04
2.49194217E-01  3.43015157E-02  5.60440414E-04
2.49492832E-01  3.47265825E-02  5.64977410E-04
2.49791447E-01  3.37616391E-02  5.58444241E-04
2.50090062E-01  3.45453359E-02  5.61064167E-04
2.50388677E-01  3.34477052E-02  5.55996492E-04
2.50687292E-01  3.32114100E-02  5.52068523E-04
2.50985907E-01  3.33084017E-02  5.49745397E-04
2.51284522E-01  3.34407911E-02  5.54275699E-04
2.51583137E-01  3.29746567E-02  5.46399504E-04
2.51881752E-01  3.31141800E-02  5.49920718E-04
2.52180367E-01  3.31143253E-02  5.49923163E-04
2.52478982E-01  3.35270315E-02  5.51404606E-04
2.52777597E-01  3.23429368E-02  5.42602560E-04
2.53076212E-01  3.32895480E-02  5.50635450E-04
2.53374827E-01  3.20316739E-02  5.41743764E-04
2.53673442E-01  3.29328179E-02  5.42292313E-04
2.53972057E-01  3.13680992E-02  5.33504994E-04
2.54270672E-01  3.19680721E-02  5.38439490E-04
2.54569287E-01  3.20524238E-02  5.41630143E-04
2.54867902E-01  3.16803791E-02  5.35725791E-04
2.55166517E-01  3.14206965E-02  5.30123129E-04
2.55465132E-01  3.21905129E-02  5.39590023E-04
2.55763747E-01  3.24146226E-02  5.41902089E-04
2.56062362E-01  3.13832648E-02  5.33069484E-04
2.56360977E-01  3.08251046E-02  5.24801435E-04
2.56659592E-01  3.13383937E-02  5.27758908E-04
2.56958207E-01  3.13887708E-02  5.32548816E-04
2.57256822E-01  3.12343780E-02  5.30387566E-04
2.57555437E-01  3.09195202E-02  5.25192474E-04
2.57854052E-01  3.10136657E-02  5.27248136E-04
2.58152667E-01  3.03448774E-02  5.23343158E-04
2.58451282E-01  3.11830454E-02  5.30664751E-04
2.58749897E-01  2.95727924E-02  5.12011058E-04
2.59048512E-01  3.02407425E-02  5.18853427E-04
2.59347127E-01  3.02356947E-02  5.18537883E-04
2.59645742E-01  3.01822573E-02  5.20693429E-04
2.59944357E-01  3.04412916E-02  5.23761148E-04
2.60242972E-01  3.08054648E-02  5.20261645E-04
2.60541587E-01  3.07060704E-02  5.24220348E-04
2.60840202E-01  3.03573087E-02  5.19859605E-04
2.61138817E-01  3.09196413E-02  5.26182179E-04
2.61437432E-01  2.97030788E-02  5.13958745E-04
2.61736047E-01  2.95893736E-02  5.10693237E-04
2.62034662E-01  3.01105194E-02  5.17610519E-04
2.62333277E-01  2.94034146E-02  5.11228456E-04
2.62631892E-01  3.00421491E-02  5.13785053E-04
2.62930507E-01  2.97921281E-02  5.11910359E-04
2.63229122E-01  2.90008560E-02  5.05991396E-04
2.63527737E-01  3.00044231E-02  5.17933862E-04
2.63826352E-01  3.09653431E-02  5.21624461E-04
2.64124967E-01  2.97968127E-02  5.11688821E-04
2.64423582E-01  2.91658957E-02  5.06639539E-04
2.64722197E-01  2.93501355E-02  5.06262586E-04
2.65020812E-01  3.01615205E-02  5.18334040E-04
2.65319427E-01  2.93451734E-02  5.04528463E-04
2.65618042E-01  2.93589290E-02  5.09915757E-04
2.65916657E-01  2.88661998E-02  5.03641961E-04
2.66215272E-01  2.93610897E-02  5.07282384E-04
2.66513887E-01  2.96001527E-02  5.09741716E-04
2.66812502E-01  3.00330650E-02  5.10282582E-04
2.67111117E-01  2.97454875E-02  5.11259947E-04
2.67409732E-01  2.93293260E-02  5.06355835E-04
2.67708347E-01  2.92016491E-02  5.06040524E-04
2.68006962E-01  3.03261988E-02  5.14891639E-04
2.68305577E-01  2.92725451E-02  5.04174794E-04
2.68604192E-01  3.00175864E-02  5.11870021E-04
2.68902807E-01  2.97574960E-02  5.08991303E-04
2.69201422E-01  2.94666830E-02  5.04164549E-04
2.69500037E-01  2.96836309E-02  5.08099620E-04
2.69798652E-01  2.92535555E-02  5.04146912E-04
2.70097267E-01  2.92653330E-02  5.07525227E-04
2.70395882E-01  2.94701792E-02  5.01515635E-04
2.70694497E-01  2.92325746E-02  5.03710529E-04
2.70993112E-01  2.93992776E-02  5.06057404E-04
2.71291727E-01  2.91713309E-02  5.03703195E-04
2.71590342E-01  2.85007395E-02  4.99168644E-04
2.71888957E-01  2.87785865E-02  4.95226588E-04
2.72187572E-01  2.92978454E-02  5.02601732E-04
2.72486187E-01  2.94443592E-02  5.04373573E-04
2.72784802E-01  2.97564045E-02  5.08081517E-04
2.73083417E-01  3.02708074E-02  5.07268647E-04
2.73382032E-01  2.87765693E-02  4.97480447E-04
2.73680647E-01  2.90777404E-02  5.02386829E-04
2.73979262E-01  2.84871217E-02  4.94848588E-04
2.74277877E-01  2.88624465E-02  4.96082415E-04
2.74576492E-01  2.94805728E-02  5.02128969E-04
2.74875107E-01  3.00912708E-02  5.08853409E-04
2.75173722E-01  2.96917353E-02  5.06239885E-04
2.75472337E-01  2.87347659E-02  4.92507534E-04
2.75770952E-01  3.01605500E-02  5.09442587E-04
2.76069567E-01  2.95644198E-02  4.99444606E-04
2.76368182E-01  2.95195803E-02  5.05810487E-04
2.76666797E-01  3.01899426E-02  5.10084617E-04
2.76965412E-01  2.96975151E-02  5.00196358E-04
2.77264027E-01  3.01642735E-02  5.08058001E-04
2.77562642E-01  2.97227297E-02  4.99912479E-04
2.77861257E-01  2.90135685E-02  5.00308292E-04
2.78159872E-01  3.02076079E-02  5.03600051E-04
2.78458487E-01  2.98257358E-02  5.02284791E-04
2.78757102E-01  2.98106838E-02  5.05847449E-04
2.79055717E-01  3.12662311E-02  5.14919055E-04
2.79354332E-01  2.95046512E-02  5.00078837E-04
2.79652947E-01  2.96977013E-02  5.01839386E-04
2.79951562E-01  3.02647352E-02  5.02462033E-04
2.80250177E-01  2.92500909E-02  5.00312308E-04
2.80548792E-01  2.95771938E-02  4.99945832E-04
2.80847407E-01  2.99440809E-02  5.01160568E-04
2.81146022E-01  2.99708694E-02  5.03516581E-04
2.81444637E-01  3.08530852E-02  5.12159371E-04
2.81743252E-01  3.00265886E-02  5.03105461E-04
2.82041867E-01  3.02152913E-02  5.00332739E-04
2.82340482E-01  3.02579999E-02  5.04790980E-04
2.82639097E-01  2.99933199E-02  5.02830429E-04
2.82937712E-01  3.08130700E-02  5.08768600E-04
2.83236327E-01  3.01363952E-02  5.02902316E-04
2.83534942E-01  3.05462480E-02  5.03813848E-04
2.83833557E-01  3.00640333E-02  5.02675597E-04
2.84132172E-01  3.07052303E-02  5.07126271E-04
2.84430787E-01  3.05038374E-02  5.08115103E-04
2.84729402E-01  3.07655241E-02  5.04014315E-04
2.85028017E-01  3.13637815E-02  5.12031897E-04
2.85326632E-01  3.12478654E-02  5.14407351E-04
2.85625247E-01  3.11390664E-02  5.05341915E-04
2.85923862E-01  3.12367827E-02  5.10366808E-04
2.86222477E-01  3.01517174E-02  5.00930939E-04
2.86521092E-01  3.06163654E-02  5.04901691E-04
2.86819707E-01  3.02683879E-02  5.05527423E-04
2.87118322E-01  3.03296112E-02  4.98615729E-04
2.87416937E-01  3.16463038E-02  5.11690392E-04
2.87715552E-01  3.05225383E-02  5.01787465E-04
2.88014167E-01  3.11216302E-02  5.10190672E-04
2.88312782E-01  3.10225934E-02  5.08498808E-04
2.88611397E-01  3.22100148E-02  5.12109429E-04
2.88910012E-01  3.06583568E-02  5.06007171E-04
2.89208627E-01  3.10294256E-02  5.06438373E-04
2.89507242E-01  3.10005937E-02  5.05833072E-04
2.89805857E-01  3.09062265E-02  5.03222633E-04
2.90104472E-01  3.11189573E-02  5.04219381E-04
2.90403087E-01  3.16456966E-02  5.13969979E-04
2.90701702E-01  3.07586305E-02  5.02755749E-04
2.91000317E-01  3.20302546E-02  5.12172759E-04
2.91298932E-01  3.16937417E-02  5.10592014E-04
2.91597547E-01  3.15558054E-02  5.10227168E-04
2.91896162E-01  3.14603634E-02  5.09083329E-04
2.92194777E-01  3.24184746E-02  5.14773536E-04
2.92493392E-01  3.24569605E-02  5.15579653E-04
2.92792007E-01  3.22815143E-02  5.14810148E-04
2.93090622E-01  3.22093144E-02  5.13985637E-04
2.93389237E-01  3.19651775E-02  5.11786842E-04
2.93687852E-01  3.16510908E-02  5.05722070E-04
2.93986467E-01  3.18170637E-02  5.10726357E-04
2.94285082E-01  3.09280697E-02  5.00994909E-04
2.94583697E-01  3.22609395E-02  5.15532040E-04
2.94882312E-01  3.23946476E-02  5.13231847E-04
2.95180927E-01  3.18827853E-02  5.05884760E-04
2.95479542E-01  3.24857235E-02  5.15321910E-04
2.95778157E-01  3.16603072E-02  5.06775745E-04
2.96076772E-01  3.33796069E-02  5.20730624E-04
2.96375387E-01  3.29836346E-02  5.17012842E-04
2.96674002E-01  3.27497758E-02  5.14931045E-04
2.96972617E-01  3.15634944E-02  5.08823956E-04
2.97271232E-01  3.28259394E-02  5.19153429E-04
2.97569847E-01  3.18800397E-02  5.11869206E-04
2.97868462E-01  3.35141793E-02  5.26364660E-04
2.98167077E-01  3.31527479E-02  5.26101561E-04
2.98465692E-01  3.20461653E-02  5.20474219E-04
2.98764307E-01  3.19100134E-02  5.14878600E-04
2.99062922E-01  3.21476609E-02  5.20000816E-04
2.99361537E-01  3.28568146E-02  5.27416356E-04
2.99660152E-01  3.27517875E-02  5.27500408E-04
2.99958767E-01  3.31336297E-02  5.30834950E-04
3.00257382E-01  3.33782099E-02  5.34273684E-04
3.00555997E-01  3.37205268E-02  5.36736101E-04
3.00854612E-01  3.27754430E-02  5.28361357E-04
3.01153227E-01  3.32714766E-02  5.35870553E-04
3.01451842E-01  3.28401364E-02  5.29955432E-04
3.01750457E-01  3.22232731E-02  5.31040598E-04
3.02049072E-01  3.36777121E-02  5.38998633E-04
3.02347687E-01  3.21390070E-02  5.37069282E-04
3.02646302E-01  3.26125808E-02  5.47897827E-04
3.02944917E-01  3.38737704E-02  5.58240921E-04
3.03243532E-01  3.30940858E-02  5.62291418E-04
3.03542147E-01  3.30344029E-02  5.62741363E-04
3.03840762E-01  3.31599116E-02  5.63491136E-04
3.04139377E-01  3.28195281E-02  5.67883311E-04
3.04437992E-01  3.29815485E-02  5.64220070E-04
3.04736607E-01  3.38227451E-02  5.80738939E-04
3.05035222E-01  3.43617909E-02  5.80571475E-04
3.05333837E-01  3.34949046E-02  5.77069703E-04
3.05632452E-01  3.29953991E-02  5.77358122E-04
3.05931067E-01  3.39536071E-02  5.82728244E-04
3.06229682E-01  3.43049392E-02  5.92080818E-04
3.06528297E-01  3.46962251E-02  5.89768286E-04
3.06826912E-01  3.32498401E-02  5.84501075E-04
3.07125527E-01  3.32577340E-02  5.85999573E-04
3.07424142E-01  3.46085206E-02  5.97053673E-04
3.07722757E-01  3.43079977E-02  5.99226332E-04
3.08021372E-01  3.34760547E-02  5.87028277E-04
3.08319987E-01  3.34504545E-02  5.82385925E-04
3.08618602E-01  3.39244418E-02  5.80775377E-04
3.08917217E-01  3.44414562E-02  5.76431106E-04
3.09215832E-01  3.39721106E-02  5.77459810E-04
3.09514447E-01  3.41948047E-02  5.70309581E-04
3.09813062E-01  3.32222469E-02  5.63412730E-04
3.10111677E-01  3.47330905E-02  5.73493831E-04
3.10410292E-01  3.36201005E-02  5.57247724E-04
3.10708907E-01  3.36923748E-02  5.63263311E-04
3.11007522E-01  3.44093516E-02  5.61303983E-04
3.11306137E-01  3.47823016E-02  5.71508659E-04
3.11604752E-01  3.34202424E-02  5.53631049E-04
3.11903367E-01  3.45560052E-02  5.62351139E-04
3.12201982E-01  3.37966159E-02  5.55988750E-04
3.12500597E-01  3.46768051E-02  5.58070664E-04
3.12799212E-01  3.41348536E-02  5.58313855E-04
3.13097827E-01  3.48866805E-02  5.60505490E-04
3.13396442E-01  3.42821963E-02  5.54890838E-04
3.13695057E-01  3.49497683E-02  5.63120237E-04
3.13993672E-01  3.41887213E-02  5.51359262E-04
3.14292287E-01  3.38424146E-02  5.50010533E-04
3.14590902E-01  3.51842530E-02  5.59185049E-04
3.14889517E-01  3.33092473E-02  5.44082839E-04
3.15188132E-01  3.39961424E-02  5.52874175E-04
3.15486747E-01  3.48049700E-02  5.51973295E-04
3.15785362E-01  3.39938067E-02  5.49216697E-04
3.16083977E-01  3.36238444E-02  5.42108552E-04
3.16382592E-01  3.40021700E-02  5.48137003E-04
3.16681207E-01  3.48851010E-02  5.52757701E-04
3.16979822E-01  3.46461535E-02  5.50008263E-04
3.17278437E-01  3.47752012E-02  5.52893558E-04
3.17577052E-01  3.35637182E-02  5.41491201E-04
3.17875667E-01  3.41144018E-02  5.53554390E-04
3.18174282E-01  3.50993425E-02  5.66634582E-04
3.18472897E-01  3.43279466E-02  5.68433839E-04
3.18771512E-01  3.50524969E-02  5.72176068E-04
3.19070127E-01  3.49586755E-02  5.75885642E-04
3.19368742E-01  3.50083560E-02  5.76782331E-04
3.19667357E-01  3.43062095E-02  5.71452780E-04
3.19965972E-01  3.41653004E-02  5.71569079E-04
3.20264587E-01  3.44680361E-02  5.76714461E-04
3.20563202E-01  3.42936814E-02  5.74763399E-04
3.20861817E-01  3.36091928E-02  5.70138858E-04
3.21160432E-01  3.50329950E-02  5.80267864E-04
3.21459047E-01  3.42243239E-02  5.78993175E-04
3.21757662E-01  3.50798890E-02  5.82484587E-04
3.22056277E-01  3.46342176E-02  5.78443287E-04
3.22354892E-01  3.41969244E-02  5.79775486E-04
3.22653507E-01  3.40089835E-02  5.76340652E-04
3.22952122E-01  3.35060544E-02  5.77090483E-04
3.23250737E-01  3.47034596E-02  5.76234190E-04
3.23549352E-01  3.40496674E-02  5.77860512E-04
3.23847967E-01  3.41116451E-02  5.81092201E-04
3.24146582E-01  3.47496830E-02  5.84792753E-04
3.24445197E-01  3.45342308E-02  5.83318528E-04
3.24743812E-01  3.51111479E-02  5.87146264E-04
3.25042427E-01  3.49489190E-02  5.92014519E-04
3.25341042E-01  3.43839452E-02  5.80531661E-04
3.25639657E-01  3.38654220E-02  5.79340616E-04
3.25938272E-01  3.43840867E-02  5.85308764E-04
3.26236887E-01  3.49733271E-02  5.85660979E-04
3.26535502E-01  3.50296423E-02  5.95006102E-04
3.26834117E-01  3.48047987E-02  5.86468203E-04
3.27132732E-01  3.35874110E-02  5.79007261E-04
3.27431347E-01  3.36170159E-02  5.80121356E-04
3.27729962E-01  3.47792022E-02  5.87288814E-04
3.28028577E-01  3.47705670E-02  5.96749247E-04
3.28327192E-01  3.42078283E-02  5.77887695E-04
3.28625807E-01  3.42721827E-02  5.88022522E-04
3.28924422E-01  3.46245095E-02  5.90686512E-04
3.29223037E-01  3.41481678E-02  5.84177673E-04
3.29521652E-01  3.47318649E-02  5.90374111E-04
3.29820267E-01  3.58514264E-02  5.97689825E-04
3.30118882E-01  3.43184993E-02  5.91259042E-04
3.30417497E-01  3.49882990E-02  5.93790144E-04
3.30716112E-01  3.34508270E-02  5.77167491E-04
3.31014727E-01  3.40794064E-02  5.83599438E-04
3.31313342E-01  3.48913707E-02  5.88428404E-04
3.31611957E-01  3.54220495E-02  5.99255785E-04
3.31910572E-01  3.39700729E-02  5.82667592E-04
3.32209187E-01  3.29979584E-02  5.71741548E-04
3.32507802E-01  3.41754556E-02  5.88445342E-04
3.32806417E-01  3.48564237E-02  5.86423033E-04
3.33105032E-01  3.41325440E-02  5.85626753E-04
3.33403647E-01  3.38705927E-02  5.79598767E-04
3.33702262E-01  3.41191217E-02  5.82064735E-04
3.34000877E-01  3.40495221E-02  5.81131142E-04
3.34299492E-01  3.43508199E-02  5.85591479E-04
3.34598107E-01  3.41819860E-02  5.84670634E-04
3.34896722E-01  3.43710929E-02  5.80645807E-04
3.35195337E-01  3.36447805E-02  5.75650309E-04
3.35493952E-01  3.46097611E-02  5.87281364E-04
3.35792567E-01  3.46834585E-02  5.85839152E-04
3.36091182E-01  3.41701768E-02  5.82342793E-04
3.36389797E-01  3.32051441E-02  5.70555334E-04
3.36688412E-01  3.41906585E-02  5.82691864E-04
3.36987027E-01  3.41567136E-02  5.78844221E-04
3.37285642E-01  3.31807062E-02  5.72847959E-04
3.37584257E-01  3.41511406E-02  5.82018343E-04
3.37882872E-01  3.43544744E-02  5.81028755E-04
3.38181487E-01  3.45470048E-02  5.84870751E-04
3.38480102E-01  3.41312885E-02  5.72685502E-04
3.38778717E-01  3.48118208E-02  5.86253649E-04
3.39077332E-01  3.35307866E-02  5.73029334E-04
3.39375947E-01  3.44022140E-02  5.80261461E-04
3.39674562E-01  3.43010724E-02  5.83135756E-04
3.39973177E-01  3.43104452E-02  5.77155850E-04
3.40271792E-01  3.39239314E-02  5.77894447E-04
3.40570407E-01  3.47379707E-02  5.83769637E-04
3.40869022E-01  3.40486467E-02  5.74624923E-04
3.41167637E-01  3.30354199E-02  5.67806652E-04
3.41466252E-01  3.41248177E-02  5.73627593E-04
3.41764867E-01  3.49429324E-02  5.87545917E-04
3.42063482E-01  3.35249715E-02  5.71015349E-04
3.42362097E-01  3.38938124E-02  5.71036828E-04
3.42660712E-01  3.33468691E-02  5.71641896E-04
3.42959327E-01  3.33852805E-02  5.66096220E-04
3.43257942E-01  3.39058377E-02  5.76416496E-04
3.43556557E-01  3.40011269E-02  5.72926132E-04
3.43855172E-01  3.39241661E-02  5.72442601E-04
3.44153787E-01  3.39049436E-02  5.71955403E-04
3.44452402E-01  3.32503207E-02  5.65763155E-04
3.44751017E-01  3.32096294E-02  5.66548959E-04
3.45049632E-01  3.41124684E-02  5.68699150E-04
3.45348247E-01  3.34516689E-02  5.68613235E-04
3.45646862E-01  3.29949185E-02  5.62313537E-04
3.45945477E-01  3.43661532E-02  5.74206526E-04
3.46244092E-01  3.37724201E-02  5.62561210E-04
3.46542707E-01  3.35660614E-02  5.61308523E-04
3.46841322E-01  3.32007818E-02  5.62321395E-04
3.47139937E-01  3.41416299E-02  5.68317249E-04
3.47438552E-01  3.31490561E-02  5.55813720E-04
3.47737167E-01  3.29585671E-02  5.58700005E-04
3.48035782E-01  3.39507125E-02  5.62033150E-04
3.48334397E-01  3.29892263E-02  5.58338012E-04
3.48633012E-01  3.32786664E-02  5.52957412E-04
3.48931627E-01  3.44648734E-02  5.67058974E-04
3.49230242E-01  3.45531441E-02  5.69359690E-04
3.49528857E-01  3.31221484E-02  5.55753242E-04
3.49827472E-01  3.26616205E-02  5.52793324E-04
3.50126087E-01  3.33536975E-02  5.53288381E-04
3.50424702E-01  3.37661169E-02  5.61599853E-04
3.50723317E-01  3.33868936E-02  5.56139334E-04
3.51021932E-01  3.35986391E-02  5.59899607E-04
3.51320547E-01  3.30655277E-02  5.52552170E-04
3.51619162E-01  3.33447903E-02  5.53674123E-04
3.51917777E-01  3.24041843E-02  5.48200798E-04
3.52216392E-01  3.33706178E-02  5.55252307E-04
3.52515007E-01  3.32101397E-02  5.51362289E-04
3.52813622E-01  3.41440439E-02  5.59062755E-04
3.53112237E-01  3.35807987E-02  5.60537039E-04
3.53410852E-01  3.34045924E-02  5.58140338E-04
3.53709467E-01  3.35997529E-02  5.49121120E-04
3.54008082E-01  3.35402787E-02  5.54555270E-04
3.54306697E-01  3.27783301E-02  5.48519311E-04
3.54605312E-01  3.39270718E-02  5.60950488E-04
3.54903927E-01  3.33774202E-02  5.58075961E-04
3.55202542E-01  3.31634767E-02  5.44542330E-04
3.55501157E-01  3.33646648E-02  5.54616097E-04
3.55799772E-01  3.34969088E-02  5.53158112E-04
3.56098387E-01  3.23756710E-02  5.45150077E-04
3.56397002E-01  3.15167531E-02  5.37434302E-04
3.56695617E-01  3.40144970E-02  5.52224170E-04
3.56994232E-01  3.30552347E-02  5.54318482E-04
3.57292847E-01  3.33137512E-02  5.47526754E-04
3.57591462E-01  3.37085761E-02  5.54165570E-04
3.57890077E-01  3.26109752E-02  5.44045470E-04
3.58188692E-01  3.29359584E-02  5.44563401E-04
3.58487307E-01  3.31062824E-02  5.53387799E-04
3.58785922E-01  3.18367742E-02  5.33136423E-04
3.59084537E-01  3.23347300E-02  5.42617578E-04
3.59383152E-01  3.28521542E-02  5.44893497E-04
3.59681767E-01  3.21266241E-02  5.39277215E-04
3.59980382E-01  3.25557627E-02  5.48027165E-04
3.60278997E-01  3.38552110E-02  5.47191768E-04
3.60577612E-01  3.28087285E-02  5.46736235E-04
3.60876227E-01  3.27345431E-02  5.44216833E-04
3.61174842E-01  3.27390134E-02  5.40937530E-04
3.61473457E-01  3.38653885E-02  5.50166005E-04
3.61772072E-01  3.30837257E-02  5.45369054E-04
3.62070687E-01  3.28017659E-02  5.46392635E-04
3.62369302E-01  3.31843942E-02  5.45621791E-04
3.62667917E-01  3.15440781E-02  5.31826459E-04
3.62966532E-01  3.22001912E-02  5.35629340E-04
3.63265147E-01  3.30231264E-02  5.44444076E-04
3.63563762E-01  3.19631621E-02  5.35779051E-04
3.63862377E-01  3.16383280E-02  5.31080703E-04
3.64160992E-01  3.22422385E-02  5.36551524E-04
3.64459607E-01  3.19994390E-02  5.34811639E-04
3.64758222E-01  3.17851231E-02  5.33019367E-04
3.65056837E-01  3.21464874E-02  5.36894484E-04
3.65355452E-01  3.26696485E-02  5.36433712E-04
3.65654067E-01  3.19336988E-02  5.34834573E-04
3.65952682E-01  3.08405347E-02  5.21747570E-04
3.66251297E-01  3.27345319E-02  5.42942609E-04
3.66549912E-01  3.21543850E-02  5.33026992E-04
3.66848527E-01  3.31775099E-02  5.38635708E-04
3.67147142E-01  3.19346823E-02  5.36130858E-04
3.67445757E-01  3.31376307E-02  5.40415174E-04
3.67744372E-01  3.19559425E-02  5.32081991E-04
3.68042987E-01  3.12581509E-02  5.25143114E-04
3.68341602E-01  3.29425409E-02  5.39389730E-04
3.68640217E-01  3.15167904E-02  5.30087098E-04
3.68938832E-01  3.30352634E-02  5.35832194E-04
3.69237447E-01  3.19020227E-02  5.30669524E-04
3.69536062E-01  3.23041454E-02  5.31651953E-04
3.69834677E-01  3.19938026E-02  5.32269827E-04
3.70133292E-01  3.20279226E-02  5.34095569E-04
3.70431907E-01  3.23953778E-02  5.30217541E-04
3.70730522E-01  3.19951661E-02  5.30898455E-04
3.71029137E-01  3.12584080E-02  5.21771261E-04
3.71327752E-01  3.27735581E-02  5.36622887E-04
3.71626367E-01  3.25392149E-02  5.34147955E-04
3.71924982E-01  3.16572003E-02  5.26451389E-04
3.72223597E-01  3.26614864E-02  5.37387445E-04
3.72522212E-01  3.23068723E-02  5.28556586E-04
3.72820827E-01  3.23365889E-02  5.31251426E-04
3.73119442E-01  3.21875811E-02  5.30164572E-04
3.73418057E-01  3.23853418E-02  5.29203331E-04
3.73716672E-01  3.16057093E-02  5.29192912E-04
3.74015287E-01  3.16736884E-02  5.21629408E-04
3.74313902E-01  3.23381685E-02  5.29635989E-04
3.74612517E-01  3.24440412E-02  5.31869533E-04
3.74911132E-01  3.21442969E-02  5.28591860E-04
3.75209747E-01  3.24531905E-02  5.31948055E-04
3.75508362E-01  3.24027911E-02  5.28010132E-04
3.75806977E-01  3.19334753E-02  5.26050513E-04
3.76105592E-01  3.18913534E-02  5.25570591E-04
3.76404207E-01  3.13260034E-02  5.21159905E-04
3.76702822E-01  3.21558379E-02  5.25733863E-04
3.77001437E-01  3.17402743E-02  5.22726041E-04
3.77300052E-01  3.30995806E-02  5.37370506E-04
3.77598667E-01  3.21045332E-02  5.28009376E-04
3.77897282E-01  3.16765979E-02  5.20619331E-04
3.78195897E-01  3.26217189E-02  5.27530909E-04
3.78494512E-01  3.16917524E-02  5.23134309E-04
3.78793127E-01  3.12521458E-02  5.18569432E-04
3.79091742E-01  3.29939276E-02  5.31745260E-04
3.79390357E-01  3.13952826E-02  5.18311106E-04
3.79688972E-01  3.19155268E-02  5.22854156E-04
3.79987587E-01  3.10945809E-02  5.15175401E-04
3.80286202E-01  3.24792378E-02  5.27856057E-04
3.80584817E-01  3.21277231E-02  5.24993578E-04
3.80883432E-01  3.16140689E-02  5.18681773E-04
3.81182047E-01  3.23713347E-02  5.26450167E-04
3.81480662E-01  3.10773496E-02  5.15953230E-04
3.81779277E-01  3.13575640E-02  5.14127489E-04
3.82077892E-01  3.12233940E-02  5.17167617E-04
3.82376507E-01  3.21564041E-02  5.23647701E-04
3.82675122E-01  3.26042213E-02  5.28215722E-04
3.82973737E-01  3.24954912E-02  5.25215000E-04
3.83272352E-01  3.25632617E-02  5.22367947E-04
3.83570967E-01  3.16978693E-02  5.19776891E-04
3.83869582E-01  3.09484527E-02  5.12052036E-04
3.84168197E-01  3.17706503E-02  5.19853260E-04
3.84466812E-01  3.23696099E-02  5.22634597E-04
3.84765427E-01  3.30132060E-02  5.27149648E-04
3.85064042E-01  3.19232903E-02  5.22420858E-04
3.85362657E-01  3.15348543E-02  5.15856897E-04
3.85661272E-01  3.16167325E-02  5.12958621E-04
3.85959887E-01  3.08322571E-02  5.11743128E-04
3.86258502E-01  3.14126164E-02  5.12692553E-04
3.86557117E-01  3.20015177E-02  5.24262956E-04
3.86855732E-01  3.22036706E-02  5.18470770E-04
3.87154347E-01  3.23806256E-02  5.19638765E-04
3.87452962E-01  3.26940790E-02  5.26844349E-04
3.87751577E-01  3.22305597E-02  5.17163950E-04
3.88050192E-01  3.15568820E-02  5.17604232E-04
3.88348807E-01  3.12326681E-02  5.07730816E-04
3.88647422E-01  3.25492248E-02  5.22546296E-04
3.88946037E-01  3.32313813E-02  5.26951393E-04
3.89244652E-01  3.24825607E-02  5.22014510E-04
3.89543267E-01  3.27506959E-02  5.24296425E-04
3.89841882E-01  3.23300734E-02  5.16834785E-04
3.90140497E-01  3.24771404E-02  5.23144787E-04
3.90439112E-01  3.29369269E-02  5.25529787E-04
3.90737727E-01  3.25215459E-02  5.16605622E-04
3.91036342E-01  3.24293636E-02  5.22375223E-04
3.91334957E-01  3.21806967E-02  5.14644140E-04
3.91633572E-01  3.21244560E-02  5.19014779E-04
3.91932187E-01  3.22559886E-02  5.15124178E-04
3.92230802E-01  3.19241770E-02  5.13971027E-04
3.92529417E-01  3.32487896E-02  5.28024742E-04
3.92828032E-01  3.19139548E-02  5.12017868E-04
3.93126647E-01  3.21109295E-02  5.16108819E-04
3.93425262E-01  3.23536545E-02  5.16289030E-04
3.93723877E-01  3.24057750E-02  5.19240682E-04
3.94022492E-01  3.20259705E-02  5.15810389E-04
3.94321107E-01  3.16357575E-02  5.09790203E-04
3.94619722E-01  3.23327854E-02  5.15627849E-04
3.94918337E-01  3.26554477E-02  5.17818844E-04
3.95216952E-01  3.18567865E-02  5.12819563E-04
3.95515567E-01  3.26719880E-02  5.19848778E-04
3.95814182E-01  3.19708996E-02  5.09532809E-04
3.96112797E-01  3.24538834E-02  5.17230306E-04
3.96411412E-01  3.25169973E-02  5.16729022E-04
3.96710027E-01  3.16990837E-02  5.10810642E-04
3.97008642E-01  3.25026102E-02  5.14748506E-04
3.97307257E-01  3.30140144E-02  5.19535446E-04
3.97605872E-01  3.25166173E-02  5.16984146E-04
3.97904487E-01  3.21799591E-02  5.15556196E-04
3.98203102E-01  3.23776864E-02  5.11552673E-04
3.98501717E-01  3.32966670E-02  5.20006579E-04
3.98800332E-01  3.29528004E-02  5.18187298E-04
3.99098947E-01  3.18736099E-02  5.10124722E-04
3.99397562E-01  3.28719243E-02  5.19685796E-04
3.99696177E-01  3.29209045E-02  5.17941895E-04
3.99994792E-01  3.16463597E-02  5.06357930E-04
4.00293407E-01  3.07848938E-02  5.00981463E-04
4.00592022E-01  3.23833972E-02  5.12346742E-04
4.00890637E-01  3.24815549E-02  5.13001636E-04
4.01189252E-01  3.22175398E-02  5.10425889E-04
4.01487867E-01  3.26848589E-02  5.16341359E-04
4.01786482E-01  3.18181701E-02  5.08716446E-04
4.02085097E-01  3.15651484E-02  5.02364826E-04
4.02383712E-01  3.32697779E-02  5.22332964E-04
4.02682327E-01  3.22953761E-02  5.07786463E-04
4.02980942E-01  3.25598642E-02  5.14495187E-04
4.03279557E-01  3.25866938E-02  5.12620376E-04
4.03578172E-01  3.14360559E-02  5.00754453E-04
4.03876787E-01  3.17749493E-02  5.07895602E-04
4.04175402E-01  3.13256606E-02  5.00586233E-04
4.04474017E-01  3.17257196E-02  5.06655837E-04
4.04772632E-01  3.16520073E-02  5.03428571E-04
4.05071247E-01  3.13741267E-02  5.01809409E-04
4.05369862E-01  3.14596184E-02  5.07083489E-04
4.05668477E-01  3.21454071E-02  5.03194227E-04
4.05967092E-01  3.24917510E-02  5.10432583E-04
4.06265707E-01  3.10179219E-02  4.97898553E-04
4.06564322E-01  3.15351300E-02  5.01442817E-04
4.06862937E-01  3.14885266E-02  5.06105134E-04
4.07161552E-01  3.05700731E-02  4.91979008E-04
4.07460167E-01  3.10949981E-02  4.99586517E-04
4.07758782E-01  3.20657566E-02  5.02934214E-04
4.08057397E-01  3.12198009E-02  4.98703565E-04
4.08356012E-01  3.16735990E-02  5.04218624E-04
4.08654627E-01  3.11513934E-02  4.95717104E-04
4.08953242E-01  3.14332321E-02  5.03141084E-04
4.09251857E-01  3.16157527E-02  5.00452297E-04
4.09550472E-01  3.17566097E-02  5.01802540E-04
4.09849087E-01  3.14294659E-02  4.99446993E-04
4.10147702E-01  3.12230010E-02  4.95603192E-04
4.10446317E-01  3.24605443E-02  5.10699116E-04
4.10744932E-01  3.06776334E-02  4.93326865E-04
4.11043547E-01  3.24554406E-02  5.03079325E-04
4.11342162E-01  3.01958676E-02  4.89326834E-04
4.11640777E-01  3.23791206E-02  5.07661898E-04
4.11939392E-01  3.11086159E-02  4.98072652E-04
4.12238007E-01  3.04084700E-02  4.87300189E-04
4.12536622E-01  3.05232015E-02  4.90716600E-04
4.12835237E-01  3.10258046E-02  4.92907944E-04
4.13133852E-01  3.06089148E-02  4.91523242E-04
4.13432467E-01  3.01188566E-02  4.87120415E-04
4.13731082E-01  3.05972882E-02  4.89384402E-04
4.14029697E-01  3.05606890E-02  4.91255778E-04
4.14328312E-01  2.98056081E-02  4.83574462E-04
4.14626927E-01  2.94438936E-02  4.81974886E-04
4.14925542E-01  3.03814951E-02  4.85312543E-04
4.15224157E-01  3.13000679E-02  4.96014836E-04
4.15522772E-01  3.04481313E-02  4.90016537E-04
4.15821387E-01  3.02931983E-02  4.85390628E-04
4.16120002E-01  2.95542777E-02  4.80319315E-04
4.16418617E-01  2.97089946E-02  4.82578936E-04
4.16717232E-01  3.07788830E-02  4.90286155E-04
4.17015847E-01  2.98453476E-02  4.84474294E-04
4.17314462E-01  3.03016528E-02  4.81829164E-04
4.17613077E-01  3.06218676E-02  4.89152269E-04
4.17911692E-01  3.10699083E-02  4.91135579E-04
4.18210307E-01  2.97776181E-02  4.84268938E-04
4.18508922E-01  2.98752468E-02  4.80175397E-04
4.18807537E-01  3.00821234E-02  4.81946714E-04
4.19106152E-01  3.06073744E-02  4.89045517E-04
4.19404767E-01  2.98161730E-02  4.82351228E-04
4.19703382E-01  3.03875227E-02  4.83072450E-04
4.20001997E-01  3.01931612E-02  4.83725627E-04
4.20300612E-01  2.91968528E-02  4.73947410E-04
4.20599227E-01  2.96923146E-02  4.81799740E-04
4.20897842E-01  3.00605223E-02  4.81786148E-04
4.21196457E-01  3.04193720E-02  4.83334530E-04
4.21495072E-01  2.96072289E-02  4.78908361E-04
4.21793687E-01  2.91958172E-02  4.74055531E-04
4.22092302E-01  2.98371222E-02  4.81871073E-04
4.22390917E-01  2.99525224E-02  4.75856679E-04
4.22689532E-01  2.89538912E-02  4.74144530E-04
4.22988147E-01  2.89014149E-02  4.70704574E-04
4.23286762E-01  2.92825419E-02  4.76722169E-04
4.23585377E-01  2.87171863E-02  4.68887185E-04
4.23883992E-01  3.03318873E-02  4.80913586E-04
4.24182607E-01  2.86957137E-02  4.67975507E-04
4.24481222E-01  2.92390399E-02  4.75070556E-04
4.24779837E-01  2.93632001E-02  4.74031811E-04
4.25078452E-01  2.92155184E-02  4.71034262E-04
4.25377067E-01  2.87727378E-02  4.70736384E-04
4.25675682E-01  2.89697368E-02  4.68842074E-04
4.25974297E-01  2.89557744E-02  4.72342246E-04
4.26272912E-01  2.85280552E-02  4.63702279E-04
4.26571527E-01  2.90563796E-02  4.73165681E-04
4.26870142E-01  2.96174884E-02  4.73955646E-04
4.27168757E-01  2.82728598E-02  4.63801232E-04
4.27467372E-01  2.90663112E-02  4.68689570E-04
4.27765987E-01  2.88319699E-02  4.69635852E-04
4.28064602E-01  2.88750827E-02  4.67984850E-04
4.28363217E-01  2.90313121E-02  4.70516912E-04
4.28661832E-01  2.84309946E-02  4.64896468E-04
4.28960447E-01  2.95395069E-02  4.73132008E-04
4.29259062E-01  2.90903058E-02  4.68893617E-04
4.29557677E-01  2.81986091E-02  4.62272263E-04
4.29856292E-01  2.79385801E-02  4.58194234E-04
4.30154907E-01  2.85539143E-02  4.64245270E-04
4.30453522E-01  2.88656186E-02  4.68447135E-04
4.30752137E-01  2.82852575E-02  4.62575263E-04
4.31050752E-01  2.88103558E-02  4.64985671E-04
4.31349367E-01  2.88678724E-02  4.66278463E-04
4.31647982E-01  2.94368993E-02  4.70644125E-04
4.31946597E-01  2.98076048E-02  4.76145244E-04
4.32245212E-01  2.87296381E-02  4.63622535E-04
4.32543827E-01  2.86392365E-02  4.65263671E-04
4.32842442E-01  2.95893494E-02  4.75580251E-04
4.33141057E-01  2.87250914E-02  4.63488803E-04
4.33439672E-01  2.87266634E-02  4.66499332E-04
4.33738287E-01  2.86916476E-02  4.63734614E-04
4.34036902E-01  2.78661624E-02  4.59360075E-04
4.34335517E-01  2.78495625E-02  4.58712660E-04
4.34634132E-01  2.86768414E-02  4.65997582E-04
4.34932747E-01  2.84976475E-02  4.62171301E-04
4.35231362E-01  2.91511957E-02  4.67753183E-04
4.35529977E-01  2.84685232E-02  4.64827055E-04
4.35828592E-01  2.79484801E-02  4.59843170E-04
4.36127207E-01  2.84730121E-02  4.61468415E-04
4.36425822E-01  2.79511847E-02  4.58031544E-04
4.36724437E-01  2.88055670E-02  4.65393532E-04
4.37023052E-01  2.83948854E-02  4.62271069E-04
4.37321667E-01  2.91050263E-02  4.65338060E-04
4.37620282E-01  2.75855232E-02  4.56348847E-04
4.37918897E-01  2.86560711E-02  4.64191515E-04
4.38217512E-01  2.88338698E-02  4.66460013E-04
4.38516127E-01  2.84863543E-02  4.60777781E-04
4.38814742E-01  2.84225754E-02  4.57952323E-04
4.39113357E-01  2.82408781E-02  4.60619194E-04
4.39411972E-01  2.81034764E-02  4.59295436E-04
4.39710587E-01  2.77100559E-02  4.54263209E-04
4.40009202E-01  2.85866689E-02  4.63128032E-04
4.40307817E-01  2.76100822E-02  4.51171625E-04
4.40606432E-01  2.82569751E-02  4.60453215E-04
4.40905047E-01  2.86549628E-02  4.62357275E-04
4.41203662E-01  2.84683183E-02  4.58035822E-04
4.41502277E-01  2.77336948E-02  4.54467576E-04
4.41800892E-01  2.83838641E-02  4.59059927E-04
4.42099507E-01  2.84214504E-02  4.59667790E-04
4.42398122E-01  2.83763390E-02  4.58100199E-04
4.42696737E-01  2.87440941E-02  4.61161573E-04
4.42995352E-01  2.79340539E-02  4.55614761E-04
4.43293967E-01  2.73620151E-02  4.52218374E-04
4.43592582E-01  2.78752819E-02  4.56542592E-04
4.43891197E-01  2.80926991E-02  4.53935441E-04
4.44189812E-01  2.76250653E-02  4.54091933E-04
4.44488427E-01  2.82102711E-02  4.56670648E-04
4.44787042E-01  2.85404641E-02  4.61050280E-04
4.45085657E-01  2.82033235E-02  4.56618000E-04
4.45384272E-01  2.84975786E-02  4.59698174E-04
4.45682887E-01  2.74360031E-02  4.54248424E-04
4.45981502E-01  2.84819305E-02  4.58373514E-04
4.46280117E-01  2.79102363E-02  4.54742665E-04
4.46578732E-01  2.77987402E-02  4.54133202E-04
4.46877347E-01  2.92049441E-02  4.66399390E-04
4.47175962E-01  2.84495447E-02  4.64951241E-04
4.47474577E-01  2.86143851E-02  4.58549737E-04
4.47773192E-01  2.72922255E-02  4.50082502E-04
4.48071807E-01  2.81014927E-02  4.56708483E-04
4.48370422E-01  2.87852027E-02  4.63554490E-04
4.48669037E-01  2.79434584E-02  4.55525878E-04
4.48967652E-01  2.89718099E-02  4.63326607E-04
4.49266267E-01  2.83853821E-02  4.60532290E-04
4.49564882E-01  2.91958991E-02  4.67268954E-04
4.49863497E-01  2.76555046E-02  4.52882348E-04
4.50162112E-01  2.86498908E-02  4.62576601E-04
4.50460727E-01  2.80500427E-02  4.57811169E-04
4.50759342E-01  2.81373933E-02  4.58626397E-04
4.51057957E-01  2.79216841E-02  4.56263486E-04
4.51356572E-01  2.91035026E-02  4.62777272E-04
4.51655187E-01  2.89547853E-02  4.65862773E-04
4.51953802E-01  2.83000022E-02  4.58845199E-04
4.52252417E-01  2.95004696E-02  4.73174878E-04
4.52551032E-01  2.76851766E-02  4.52943321E-04
4.52849647E-01  2.85512842E-02  4.60984535E-04
4.53148262E-01  2.84547545E-02  4.60206444E-04
4.53446877E-01  2.92392913E-02  4.65998077E-04
4.53745492E-01  2.83537246E-02  4.59897623E-04
4.54044107E-01  2.80173589E-02  4.58071590E-04
4.54342722E-01  2.82671675E-02  4.59401053E-04
4.54641337E-01  2.84374673E-02  4.61802993E-04
4.54939952E-01  2.91313827E-02  4.65759455E-04
4.55238567E-01  2.91378926E-02  4.65506688E-04
4.55537182E-01  2.89217010E-02  4.66965197E-04
4.55835797E-01  2.91208439E-02  4.67326347E-04
4.56134412E-01  2.85718888E-02  4.61678428E-04
4.56433027E-01  2.83061694E-02  4.60034935E-04
4.56731642E-01  2.96689793E-02  4.70048806E-04
4.57030257E-01  2.85545699E-02  4.62972675E-04
4.57328872E-01  2.78785191E-02  4.56350885E-04
4.57627487E-01  2.83542555E-02  4.60027310E-04
4.57926102E-01  2.83994656E-02  4.60700161E-04
4.58224717E-01  2.91885510E-02  4.68714774E-04
4.58523332E-01  2.81058978E-02  4.58417606E-04
4.58821947E-01  2.88984533E-02  4.62094380E-04
4.59120562E-01  2.80576367E-02  4.59652540E-04
4.59419177E-01  2.81458106E-02  4.60171694E-04
4.59717792E-01  2.82689184E-02  4.61076532E-04
4.60016407E-01  2.85155643E-02  4.61552263E-04
4.60315022E-01  2.88377218E-02  4.63439734E-04
4.60613637E-01  2.88576428E-02  4.65445832E-04
4.60912252E-01  2.85469014E-02  4.64376819E-04
4.61210867E-01  2.79909242E-02  4.57394897E-04
4.61509482E-01  2.95833405E-02  4.75176901E-04
4.61808097E-01  2.89154109E-02  4.80391376E-04
4.62106712E-01  2.85268910E-02  4.79189825E-04
4.62405327E-01  2.93136314E-02  4.90197272E-04
4.62703942E-01  2.84172297E-02  4.82063595E-04
4.63002557E-01  2.90538948E-02  4.96375898E-04
4.63301172E-01  2.91480254E-02  4.98931564E-04
4.63599787E-01  2.84586549E-02  4.95626940E-04
4.63898402E-01  2.91228592E-02  5.03692892E-04
4.64197017E-01  2.94863451E-02  5.07480931E-04
4.64495632E-01  2.90252548E-02  5.09843056E-04
4.64794247E-01  2.83361580E-02  5.04556869E-04
4.65092862E-01  2.76269745E-02  4.95715591E-04
4.65391477E-01  2.78861504E-02  5.05519158E-04
4.65690092E-01  2.88513452E-02  5.14056417E-04
4.65988707E-01  2.85296310E-02  5.15661202E-04
4.66287322E-01  2.84743011E-02  5.15588443E-04
4.66585937E-01  2.81069949E-02  5.12819388E-04
4.66884552E-01  2.85957605E-02  5.23658120E-04
4.67183167E-01  2.96337530E-02  5.35355532E-04
4.67481782E-01  2.87291408E-02  5.20629750E-04
4.67780397E-01  2.90566776E-02  5.31031226E-04
4.68079012E-01  2.89842673E-02  5.32202306E-04
4.68377627E-01  2.94114947E-02  5.39229426E-04
4.68676242E-01  2.90132165E-02  5.36821724E-04
4.68974857E-01  2.81592440E-02  5.28864563E-04
4.69273472E-01  2.98412982E-02  5.49609191E-04
4.69572087E-01  2.87990645E-02  5.38323773E-04
4.69870702E-01  2.86550075E-02  5.39222732E-04
4.70169317E-01  2.90932860E-02  5.46118128E-04
4.70467932E-01  2.88156755E-02  5.44662355E-04
4.70766547E-01  2.85403039E-02  5.47738979E-04
4.71065162E-01  3.05189304E-02  5.66234405E-04
4.71363777E-01  2.92899888E-02  5.50976547E-04
4.71662392E-01  2.92893145E-02  5.57310705E-04
4.71961007E-01  2.93458309E-02  5.59603039E-04
4.72259622E-01  2.83261277E-02  5.53819642E-04
4.72558237E-01  2.87645347E-02  5.54911210E-04
4.72856852E-01  2.90587153E-02  5.49649063E-04
4.73155467E-01  2.85588261E-02  5.40774374E-04
4.73454082E-01  2.97352020E-02  5.45255956E-04
4.73752697E-01  2.86501646E-02  5.27045806E-04
4.74051312E-01  2.85376050E-02  5.26312739E-04
4.74349927E-01  2.96759605E-02  5.33512561E-04
4.74648542E-01  2.95394529E-02  5.32436883E-04
4.74947157E-01  2.85707098E-02  5.18525543E-04
4.75245772E-01  2.85136532E-02  5.17149456E-04
4.75544387E-01  2.98988651E-02  5.28542267E-04
4.75843002E-01  2.80137472E-02  5.12742146E-04
4.76141617E-01  2.88083218E-02  5.15421387E-04
4.76440232E-01  2.94332020E-02  5.21125330E-04
4.76738847E-01  2.99068857E-02  5.23314928E-04
4.77037462E-01  2.97561307E-02  5.22278540E-04
4.77336077E-01  2.85782348E-02  5.12949424E-04
4.77634692E-01  2.92603821E-02  5.14449610E-04
4.77933307E-01  2.97107045E-02  5.19088004E-04
4.78231922E-01  2.88751349E-02  5.08620520E-04
4.78530537E-01  2.87045334E-02  5.12009836E-04
4.78829152E-01  2.92145163E-02  5.08790778E-04
4.79127767E-01  2.89506279E-02  5.08218713E-04
4.79426382E-01  2.83270199E-02  5.05517353E-04
4.79724997E-01  2.89585199E-02  5.08827856E-04
4.80023612E-01  2.94449162E-02  5.11872640E-04
4.80322227E-01  2.93500610E-02  5.08918078E-04
4.80620842E-01  2.92333718E-02  5.10436832E-04
4.80919457E-01  2.97324099E-02  5.13161940E-04
4.81218072E-01  2.87161339E-02  5.03791845E-04
4.81516687E-01  2.90610250E-02  5.07737219E-04
4.81815302E-01  2.97213830E-02  5.08447993E-04
4.82113917E-01  3.02761905E-02  5.18927234E-04
4.82412532E-01  2.92972568E-02  5.06633427E-04
4.82711147E-01  2.87460107E-02  5.00555558E-04
4.83009762E-01  2.95934081E-02  5.09323552E-04
4.83308377E-01  2.93028113E-02  5.07869816E-04
4.83606992E-01  2.91575026E-02  5.03614603E-04
4.83905607E-01  2.87256222E-02  5.01418253E-04
4.84204222E-01  2.95650940E-02  5.06218930E-04
4.84502837E-01  2.82709785E-02  4.98210546E-04
4.84801452E-01  2.88514402E-02  5.01101546E-04
4.85100067E-01  2.86694113E-02  4.96221532E-04
4.85398682E-01  2.89578717E-02  5.01514936E-04
4.85697297E-01  2.94838119E-02  5.05791977E-04
4.85995912E-01  2.94676535E-02  5.07084129E-04
4.86294527E-01  2.86188629E-02  4.95792425E-04
4.86593142E-01  2.93023475E-02  5.02826995E-04
4.86891757E-01  2.94396523E-02  5.05034404E-04
4.87190372E-01  2.91094966E-02  5.02710463E-04
4.87488987E-01  2.97360737E-02  5.03350981E-04
4.87787602E-01  2.82794237E-02  4.94610227E-04
4.88086217E-01  2.90021673E-02  4.98483889E-04
4.88384832E-01  2.94274893E-02  5.03273041E-04
4.88683447E-01  2.96124127E-02  5.06139651E-04
4.88982062E-01  2.87812147E-02  4.95712389E-04
4.89280677E-01  2.90876739E-02  5.01511618E-04
4.89579292E-01  2.99010500E-02  5.06288663E-04
4.89877907E-01  2.88425852E-02  4.96622059E-04
4.90176522E-01  2.93873530E-02  5.00033726E-04
4.90475137E-01  2.94200201E-02  5.01826056E-04
4.90773752E-01  2.88288090E-02  4.96384862E-04
4.91072367E-01  2.88444478E-02  4.97022644E-04
4.91370982E-01  2.99800076E-02  5.05312928E-04
4.91669597E-01  2.86329761E-02  4.94702486E-04
4.91968212E-01  2.89464723E-02  4.98410838E-04
4.92266827E-01  2.92760301E-02  5.00609574E-04
4.92565442E-01  2.85739042E-02  4.91850020E-04
4.92864057E-01  2.94254180E-02  5.00753929E-04
4.93162672E-01  2.93328036E-02  5.00848633E-04
4.93461287E-01  2.86146980E-02  4.94682114E-04
4.93759902E-01  2.90107839E-02  4.94127278E-04
4.94058517E-01  2.88367476E-02  4.94983105E-04
4.94357132E-01  2.93989461E-02  4.98788955E-04
4.94655747E-01  2.97147688E-02  5.05385338E-04
4.94954362E-01  2.99282707E-02  5.00895956E-04
4.95252977E-01  2.85457745E-02  4.92241699E-04
4.95551592E-01  2.92478707E-02  4.99762828E-04
4.95850207E-01  2.89216843E-02  4.96221764E-04
4.96148822E-01  2.97701824E-02  5.00074413E-04
4.96447437E-01  2.92721186E-02  4.98723180E-04
4.96746052E-01  2.91701257E-02  4.96985449E-04
4.97044667E-01  2.94079743E-02  5.02278621E-04
4.97343282E-01  2.92665884E-02  4.94978565E-04
4.97641897E-01  2.89217215E-02  4.91329120E-04
4.97940512E-01  2.95939278E-02  5.02097071E-04
4.98239127E-01  2.96583455E-02  5.00888389E-04
4.98537742E-01  2.93272175E-02  4.99082787E-04
4.98836357E-01  2.94767413E-02  4.97254368E-04
4.99134972E-01  2.96083745E-02  5.00472845E-04
4.99433587E-01  2.93187425E-02  4.99517540E-04
4.99732202E-01  2.84798611E-02  4.89506579E-04
5.00030817E-01  2.93328986E-02  4.96171007E-04
5.00329432E-01  2.86607929E-02  4.91673185E-04
5.00628047E-01  2.87875682E-02  4.92761552E-04
5.00926662E-01  2.91401912E-02  4.98505426E-04
5.01225277E-01  2.86930334E-02  4.88927995E-04
5.01523892E-01  2.92445738E-02  4.93970816E-04
5.01822507E-01  2.91078947E-02  4.95135318E-04
5.02121122E-01  3.02878227E-02  5.06205135E-04
5.02419737E-01  2.95167230E-02  4.98852402E-04
5.02718352E-01  2.93276571E-02  4.97007568E-04
5.03016967E-01  2.92291865E-02  4.96051623E-04
5.03315582E-01  2.93390173E-02  4.98346344E-04
5.03614197E-01  2.87450664E-02  4.89388534E-04
5.03912812E-01  2.96046995E-02  4.98987094E-04
5.04211427E-01  2.93730386E-02  4.95928514E-04
5.04510042E-01  2.88770124E-02  4.94292588E-04
5.04808657E-01  2.83959825E-02  4.86058765E-04
5.05107272E-01  2.93764044E-02  4.97191504E-04
5.05405887E-01  2.93792337E-02  4.95257264E-04
5.05704502E-01  2.85118409E-02  4.91656538E-04
5.06003117E-01  2.88814474E-02  4.92138555E-04
5.06301732E-01  2.91129090E-02  4.93864936E-04
5.06600347E-01  2.89491061E-02  4.90662816E-04
5.06898962E-01  2.88655050E-02  4.93229309E-04
5.07197577E-01  2.82503441E-02  4.89041442E-04
5.07496192E-01  2.97004804E-02  4.95421002E-04
5.07794807E-01  2.85872612E-02  4.92444844E-04
5.08093422E-01  2.95482837E-02  4.97189467E-04
5.08392037E-01  2.90859807E-02  4.94262262E-04
5.08690652E-01  2.93546375E-02  4.93861211E-04
5.08989267E-01  2.98753623E-02  4.99940419E-04
5.09287882E-01  2.90975589E-02  4.95102839E-04
5.09586497E-01  2.89605297E-02  4.91988438E-04
5.09885112E-01  2.90766470E-02  4.92612307E-04
5.10183727E-01  2.94162873E-02  4.96093358E-04
5.10482342E-01  2.93843616E-02  4.94851731E-04
5.10780957E-01  2.85444055E-02  4.89172991E-04
5.11079572E-01  2.78645270E-02  4.82362550E-04
5.11378187E-01  2.91149374E-02  4.93190251E-04
5.11676802E-01  2.92462241E-02  4.97992965E-04
5.11975417E-01  2.92910784E-02  4.93350788E-04
5.12274032E-01  2.88109053E-02  4.90012579E-04
5.12572647E-01  2.91207489E-02  4.93005849E-04
5.12871262E-01  2.91078854E-02  4.92294494E-04
5.13169877E-01  2.93422993E-02  4.97827947E-04
5.13468492E-01  2.99038421E-02  4.96675784E-04
5.13767107E-01  2.84866113E-02  4.86542034E-04
5.14065722E-01  2.94561572E-02  4.97686677E-04
5.14364337E-01  2.87010223E-02  4.90418752E-04
5.14662952E-01  2.82072611E-02  4.85107885E-04
5.14961567E-01  2.90208571E-02  4.90612118E-04
5.15260182E-01  2.90213227E-02  4.93519939E-04
5.15558797E-01  2.79969703E-02  4.83065523E-04
5.15857412E-01  2.94541456E-02  4.95115062E-04
5.16156027E-01  2.90499162E-02  4.92796360E-04
5.16454642E-01  2.93214880E-02  4.95340675E-04
5.16753257E-01  2.86949836E-02  4.88819322E-04
5.17051872E-01  2.90313065E-02  4.93618369E-04
5.17350487E-01  2.90657170E-02  4.90530045E-04
5.17649102E-01  2.90812198E-02  4.91984189E-04
5.17947717E-01  2.95894500E-02  4.95781074E-04
5.18246332E-01  2.94335540E-02  4.94838867E-04
5.18544947E-01  2.90782787E-02  4.93419473E-04
5.18843562E-01  2.87946016E-02  4.91372601E-04
5.19142177E-01  3.05558462E-02  5.03698189E-04
5.19440792E-01  2.88232509E-02  4.89092025E-04
5.19739407E-01  2.91959699E-02  4.92728315E-04
5.20038022E-01  2.86620297E-02  4.90612700E-04
5.20336637E-01  2.89079305E-02  4.90176200E-04
5.20635252E-01  2.91349776E-02  4.91979299E-04
5.20933867E-01  2.88785528E-02  4.90171602E-04
5.21232482E-01  2.91319359E-02  4.91717597E-04
5.21531097E-01  2.90439408E-02  4.92907770E-04
5.21829712E-01  2.82662902E-02  4.85907542E-04
5.22128327E-01  2.84332260E-02  4.86624980E-04
5.22426942E-01  2.85918172E-02  4.85724653E-04
5.22725557E-01  2.92930547E-02  4.94296371E-04
5.23024172E-01  2.88795773E-02  4.89836268E-04
5.23322787E-01  2.95917261E-02  4.96936555E-04
5.23621402E-01  3.00100595E-02  4.99336107E-04
5.23920017E-01  2.88082566E-02  4.91892162E-04
5.24218632E-01  2.88797580E-02  4.88296559E-04
5.24517247E-01  2.88692862E-02  4.89520899E-04
5.24815862E-01  2.87791863E-02  4.90681094E-04
5.25114477E-01  2.88772844E-02  4.89234691E-04
5.25413092E-01  2.86360327E-02  4.88382298E-04
5.25711707E-01  2.87927352E-02  4.90200066E-04
5.26010322E-01  2.87079830E-02  4.86855803E-04
5.26308937E-01  2.94453371E-02  4.94757376E-04
5.26607552E-01  2.95558441E-02  4.95565939E-04
5.26906167E-01  2.91086212E-02  4.91324114E-04
5.27204782E-01  2.97876485E-02  5.00085705E-04
5.27503397E-01  2.88337488E-02  4.89481608E-04
5.27802012E-01  2.90725995E-02  4.91627376E-04
5.28100627E-01  2.94102728E-02  4.95569257E-04
5.28399242E-01  2.84203105E-02  4.82671778E-04
5.28697857E-01  2.90089641E-02  4.91818646E-04
5.28996472E-01  2.86273547E-02  4.87737998E-04
5.29295087E-01  2.94107590E-02  4.96070657E-04
5.29593702E-01  2.77172681E-02  4.78524482E-04
5.29892317E-01  2.89015230E-02  4.89715661E-04
5.30190932E-01  2.97609456E-02  4.99145244E-04
5.30489547E-01  2.88887993E-02  4.89851809E-04
5.30788162E-01  2.84207221E-02  4.84921824E-04
5.31086777E-01  2.84825861E-02  4.86757373E-04
5.31385392E-01  2.91951392E-02  4.90414968E-04
5.31684007E-01  2.88549587E-02  4.90053557E-04
5.31982622E-01  2.87329555E-02  4.88898950E-04
5.32281237E-01  2.97086164E-02  4.97010886E-04
5.32579852E-01  2.86429599E-02  4.88856051E-04
5.32878467E-01  2.94453166E-02  4.94687178E-04
5.33177082E-01  2.91608013E-02  4.93259984E-04
5.33475697E-01  2.96071041E-02  4.93520289E-04
5.33774312E-01  2.85700895E-02  4.86691715E-04
5.34072927E-01  2.92795226E-02  4.95978224E-04
5.34371542E-01  2.87694819E-02  4.86849720E-04
5.34670157E-01  2.88637429E-02  4.86705743E-04
5.34968772E-01  2.94015445E-02  4.95915301E-04
5.35267387E-01  2.86128987E-02  4.87067737E-04
5.35566002E-01  2.83091087E-02  4.86499863E-04
5.35864617E-01  2.87321955E-02  4.86427743E-04
5.36163232E-01  2.91932989E-02  4.93315863E-04
5.36461847E-01  2.90115904E-02  4.91298619E-04
5.36760462E-01  2.88654994E-02  4.89105238E-04
5.37059077E-01  2.91144382E-02  4.90375620E-04
5.37357692E-01  2.84976326E-02  4.88371414E-04
5.37656307E-01  2.84071136E-02  4.83564741E-04
5.37954922E-01  2.83505470E-02  4.88802558E-04
5.38253537E-01  2.84038186E-02  4.80524235E-04
5.38552152E-01  2.95157954E-02  4.94477514E-04
5.38850767E-01  2.87039261E-02  4.89184633E-04
5.39149382E-01  2.80063655E-02  4.83443553E-04
5.39447997E-01  2.88373325E-02  4.88768332E-04
5.39746612E-01  2.86204852E-02  4.87762591E-04
5.40045227E-01  2.88694110E-02  4.88331018E-04
5.40343842E-01  2.84163654E-02  4.86978708E-04
5.40642457E-01  2.84184925E-02  4.84742690E-04
5.40941072E-01  2.85616163E-02  4.85491881E-04
5.41239687E-01  2.84685716E-02  4.89601865E-04
5.41538302E-01  2.86133848E-02  4.87358571E-04
5.41836917E-01  2.89638136E-02  4.89857804E-04
5.42135532E-01  2.91951783E-02  4.88489692E-04
5.42434147E-01  2.80829370E-02  4.82826988E-04
5.42732762E-01  2.85661165E-02  4.88398888E-04
5.43031377E-01  2.87332404E-02  4.91399900E-04
5.43329992E-01  2.95271296E-02  4.91504848E-04
5.43628607E-01  2.84990910E-02  4.86400619E-04
5.43927222E-01  2.83361357E-02  4.85603785E-04
5.44225837E-01  2.86614634E-02  4.88744932E-04
5.44524452E-01  2.80900951E-02  4.80330491E-04
5.44823067E-01  2.92819683E-02  4.93407308E-04
5.45121682E-01  2.87712235E-02  4.88490565E-04
5.45420297E-01  2.84592304E-02  4.86074394E-04
5.45718912E-01  2.92157363E-02  4.91176907E-04
5.46017527E-01  2.85481196E-02  4.86599951E-04
5.46316142E-01  2.92506851E-02  4.91833955E-04
5.46614757E-01  2.87128147E-02  4.90405539E-04
5.46913372E-01  2.85739228E-02  4.84234246E-04
5.47211987E-01  2.84469873E-02  4.85865312E-04
5.47510602E-01  2.92942561E-02  4.93894913E-04
5.47809217E-01  2.84856409E-02  4.85253171E-04
5.48107832E-01  2.87214145E-02  4.89767233E-04
5.48406447E-01  2.79760882E-02  4.81132185E-04
5.48705062E-01  2.89854109E-02  4.88549005E-04
5.49003677E-01  2.84051094E-02  4.87789628E-04
5.49302292E-01  2.78412029E-02  4.77542926E-04
5.49600907E-01  2.88665220E-02  4.90532955E-04
5.49899522E-01  2.83277556E-02  4.84394375E-04
5.50198137E-01  2.78614517E-02  4.81804222E-04
5.50496752E-01  2.84744985E-02  4.85415629E-04
5.50795367E-01  2.88720969E-02  4.87609737E-04
5.51093982E-01  2.84062475E-02  4.85311059E-04
5.51392597E-01  2.92183291E-02  4.93527506E-04
5.51691212E-01  2.90442016E-02  4.90376493E-04
5.51989827E-01  2.92312764E-02  4.91716200E-04
5.52288442E-01  2.82999165E-02  4.81600408E-04
5.52587057E-01  2.87705399E-02  4.87356359E-04
5.52885672E-01  2.86252592E-02  4.86362958E-04
5.53184287E-01  2.92924624E-02  4.89980273E-04
5.53482902E-01  2.86954921E-02  4.85667173E-04
5.53781517E-01  2.85735279E-02  4.85694356E-04
5.54080132E-01  2.89856512E-02  4.88830847E-04
5.54378747E-01  2.94159856E-02  4.88438178E-04
5.54677362E-01  2.90118363E-02  4.87404614E-04
5.54975977E-01  2.90607028E-02  4.89470549E-04
5.55274592E-01  2.82153171E-02  4.80787712E-04
5.55573207E-01  2.92948261E-02  4.84559627E-04
5.55871822E-01  2.83387303E-02  4.80110612E-04
5.56170437E-01  2.95601487E-02  4.91645944E-04
5.56469052E-01  2.83365957E-02  4.81945579E-04
5.56767667E-01  2.78853383E-02  4.75579349E-04
5.57066282E-01  2.76646987E-02  4.74375905E-04
5.57364897E-01  2.86046844E-02  4.78944945E-04
5.57663512E-01  2.83512212E-02  4.79771727E-04
5.57962127E-01  2.81470791E-02  4.76453599E-04
5.58260742E-01  2.85590384E-02  4.77445050E-04
5.58559357E-01  2.94670835E-02  4.90301580E-04
5.58857972E-01  2.82845851E-02  4.79675422E-04
5.59156587E-01  2.77377293E-02  4.70536703E-04
5.59455202E-01  2.89559010E-02  4.83606913E-04
5.59753817E-01  2.81795952E-02  4.74832108E-04
5.60052432E-01  2.86969822E-02  4.80760005E-04
5.60351047E-01  2.82867886E-02  4.75963112E-04
5.60649662E-01  2.91826297E-02  4.81519586E-04
5.60948277E-01  2.86783446E-02  4.78238187E-04
5.61246892E-01  2.90348083E-02  4.82108939E-04
5.61545507E-01  2.84184646E-02  4.76294575E-04
5.61844122E-01  2.86413785E-02  4.75379667E-04
5.62142737E-01  2.85720192E-02  4.78935399E-04
5.62441352E-01  2.84423940E-02  4.74501430E-04
5.62739967E-01  2.80844085E-02  4.70960425E-04
5.63038582E-01  2.81043258E-02  4.72558575E-04
5.63337197E-01  2.88455673E-02  4.77193797E-04
5.63635812E-01  2.92064678E-02  4.83893149E-04
5.63934427E-01  2.78606787E-02  4.68329381E-04
5.64233042E-01  2.86964290E-02  4.74207773E-04
5.64531657E-01  2.86764484E-02  4.76355606E-04
5.64830272E-01  2.97213215E-02  4.84508055E-04
5.65128887E-01  2.81836987E-02  4.72359854E-04
5.65427502E-01  2.92336345E-02  4.78084956E-04
5.65726117E-01  2.87756156E-02  4.75971465E-04
5.66024732E-01  2.93278154E-02  4.80074785E-04
5.66323347E-01  2.78471652E-02  4.68234561E-04
5.66621962E-01  2.90758982E-02  4.74301778E-04
5.66920577E-01  2.86714919E-02  4.74899280E-04
5.67219192E-01  2.81178001E-02  4.71056963E-04
5.67517807E-01  2.84625739E-02  4.73718741E-04
5.67816422E-01  2.87445728E-02  4.70212661E-04
5.68115037E-01  2.87191756E-02  4.73228720E-04
5.68413652E-01  2.85275355E-02  4.72191110E-04
5.68712267E-01  2.86059808E-02  4.72842279E-04
5.69010882E-01  2.76098885E-02  4.63263597E-04
5.69309497E-01  2.80061308E-02  4.66898549E-04
5.69608112E-01  2.97597200E-02  4.82069183E-04
5.69906727E-01  2.86028795E-02  4.71312436E-04
5.70205342E-01  2.82544475E-02  4.66522033E-04
5.70503957E-01  2.85454579E-02  4.72682063E-04
5.70802572E-01  2.84564849E-02  4.70757223E-04
5.71101187E-01  2.88434699E-02  4.75147826E-04
5.71399802E-01  2.77952757E-02  4.64093289E-04
5.71698417E-01  2.80244108E-02  4.66749509E-04
5.71997032E-01  2.88010314E-02  4.75352572E-04
5.72295647E-01  2.86646020E-02  4.73681866E-04
5.72594262E-01  2.87244059E-02  4.72226326E-04
5.72892877E-01  2.86990516E-02  4.68716054E-04
5.73191492E-01  2.81830709E-02  4.69261839E-04
5.73490107E-01  2.72458717E-02  4.62459167E-04
5.73788722E-01  2.82726604E-02  4.68614773E-04
5.74087337E-01  2.81944182E-02  4.69255698E-04
5.74385952E-01  2.78354362E-02  4.67443024E-04
5.74684567E-01  2.90449765E-02  4.76724061E-04
5.74983182E-01  2.81190947E-02  4.66710975E-04
5.75281797E-01  2.91992463E-02  4.74298809E-04
5.75580412E-01  2.86290534E-02  4.73741675E-04
5.75879027E-01  2.81420480E-02  4.68189537E-04
5.76177642E-01  2.76233144E-02  4.64601995E-04
5.76476257E-01  2.83451863E-02  4.68595506E-04
5.76774872E-01  2.78654546E-02  4.66960482E-04
5.77073487E-01  2.86087841E-02  4.72824031E-04
5.77372102E-01  2.83511858E-02  4.71668900E-04
5.77670717E-01  2.87515912E-02  4.71845036E-04
5.77969332E-01  2.84817312E-02  4.71239327E-04
5.78267947E-01  2.81510204E-02  4.69575141E-04
5.78566562E-01  2.81938259E-02  4.68856335E-04
5.78865177E-01  2.91333813E-02  4.74545464E-04
5.79163792E-01  2.86655426E-02  4.73309803E-04
5.79462407E-01  2.79423967E-02  4.66875266E-04
5.79761022E-01  2.86889579E-02  4.74928092E-04
5.80059637E-01  2.90785003E-02  4.73463122E-04
5.80358252E-01  2.81614196E-02  4.69031365E-04
5.80656867E-01  2.92961337E-02  4.79491951E-04
5.80955482E-01  2.85979658E-02  4.73746419E-04


### HEADER:
#
#{
#    "analysis": {},
#    "calibration_params": {
#        "Beam_Center_X": 1061.0,
#        "Beam_Center_Y": 2093.0,
#        "Detector Tilt": 0.0,
#        "Detector Tilt Plane Rotation": 0.0,
#        "Detector_X_Pixel_Size": 75.0,
#        "Detector_Y_Pixel_Size": 75.0,
#        "Integration Method": "nosplit_csr",
#        "Radial_Average_Method": "pyFAI",
#        "Sample-to-detector distance (mm)": 1782.0,
#        "Wavelength (A)": 0.8823505857220345
#    },
#    "config_file": "/Users/jwinnikoff/Documents/MBARI/SAXS/HPSAXS_7A_Feb2023/HPSAXS_02_19_23.cfg",
#    "counters": {
#        "Epoch": "398.010",
#        "I1": "0",
#        "I2": "0",
#        "I3": "0",
#        "Seconds": "1",
#        "Time": "1.50204e-05",
#        "date": "Mon Feb 20 20:25:50 2023",
#        "diode": "46079"
#    },
#    "filename": "JWL0312_04-80C_000MPa_rh_26_data_000001_00001.h5",
#    "history": {},
#    "imageHeader": {},
#    "load_path": "/Users/jwinnikoff/Documents/MBARI/SAXS/HPSAXS_7A_Feb2023/JWL0312_BL21_pPlsAR/JWL0312_04-80C_000MPa_rh_26_data_000001.h5",
#    "normalizations": {
#        "Absolute_scale": {
#            "Absolute_scale_factor": 0.005174693841759343,
#            "Method": "Water"
#        },
#        "Counter_norms": [
#            [
#                "/",
#                "diode/150000"
#            ]
#        ],
#        "Polarization": {
#            "Used": false
#        },
#        "Solid_Angle_Correction": "On"
#    },
#    "raw_version": "2.1.4"
#}

