### DATA:
#
# 1908
#      Q             I(Q)           Error     
1.14966775E-02  0.00000000E+00  0.00000000E+00
1.17952925E-02  1.32280624E+00  3.99568267E-02
1.20939075E-02  1.25883877E+00  2.75621396E-02
1.23925225E-02  1.50706649E+00  2.46234275E-02
1.26911375E-02  1.29604149E+00  2.14492921E-02
1.29897525E-02  1.20593524E+00  2.01073010E-02
1.32883675E-02  1.12400281E+00  1.86506715E-02
1.35869825E-02  1.05060065E+00  1.71722714E-02
1.38855975E-02  9.65799868E-01  1.54237058E-02
1.41842125E-02  9.14194524E-01  1.53219355E-02
1.44828275E-02  8.73273253E-01  1.48182791E-02
1.47814425E-02  8.02498698E-01  1.37809906E-02
1.50800575E-02  7.58179784E-01  1.28987655E-02
1.53786725E-02  7.03725934E-01  1.17044067E-02
1.56772875E-02  6.64214849E-01  1.14639131E-02
1.59759025E-02  6.39163136E-01  1.04978522E-02
1.62745175E-02  5.75142622E-01  9.81895253E-03
1.65731325E-02  5.77781737E-01  9.98105854E-03
1.68717475E-02  5.22621810E-01  8.71763192E-03
1.71703625E-02  5.17538249E-01  9.12608393E-03
1.74689775E-02  4.85384285E-01  8.15915968E-03
1.77675925E-02  4.55058545E-01  7.76885357E-03
1.80662075E-02  4.22718734E-01  7.79345725E-03
1.83648225E-02  4.09665704E-01  6.89512677E-03
1.86634375E-02  3.91432136E-01  7.05197267E-03
1.89620525E-02  3.83290559E-01  6.57531340E-03
1.92606675E-02  3.57674479E-01  6.44275546E-03
1.95592825E-02  3.43270421E-01  6.37327274E-03
1.98578975E-02  3.41089904E-01  5.88173466E-03
2.01565125E-02  3.25550169E-01  5.94965834E-03
2.04551275E-02  3.12753320E-01  5.47343958E-03
2.07537425E-02  2.99543172E-01  5.23344241E-03
2.10523575E-02  2.76049256E-01  4.74468339E-03
2.13509725E-02  2.73000896E-01  4.42865957E-03
2.16495875E-02  2.65029460E-01  4.35059564E-03
2.19482025E-02  2.57381052E-01  3.97100300E-03
2.22468175E-02  2.48297006E-01  4.08032350E-03
2.25454325E-02  2.37499058E-01  3.65990051E-03
2.28440475E-02  2.26836294E-01  3.66341812E-03
2.31426625E-02  2.23865196E-01  3.51250242E-03
2.34412775E-02  2.14603677E-01  3.30590131E-03
2.37398925E-02  2.04743490E-01  3.35150049E-03
2.40385075E-02  1.98299423E-01  3.10032140E-03
2.43371225E-02  1.92919105E-01  3.05797346E-03
2.46357375E-02  1.91374242E-01  3.12846713E-03
2.49343525E-02  1.82523385E-01  2.90525961E-03
2.52329675E-02  1.79006606E-01  3.01930099E-03
2.55315825E-02  1.72907948E-01  2.78017251E-03
2.58301975E-02  1.71867326E-01  2.78732274E-03
2.61288125E-02  1.63422301E-01  2.80887238E-03
2.64274275E-02  1.65671140E-01  2.64878944E-03
2.67260425E-02  1.61695138E-01  2.75567803E-03
2.70246575E-02  1.55957505E-01  2.53463816E-03
2.73232725E-02  1.54271647E-01  2.60209688E-03
2.76218875E-02  1.45829976E-01  2.56752479E-03
2.79205025E-02  1.43243030E-01  2.45012064E-03
2.82191175E-02  1.43711895E-01  2.44565075E-03
2.85177325E-02  1.36668563E-01  2.34488142E-03
2.88163475E-02  1.37859330E-01  2.42907437E-03
2.91149625E-02  1.37367994E-01  2.35480303E-03
2.94135775E-02  1.33949548E-01  2.29856838E-03
2.97121925E-02  1.33367807E-01  2.31254334E-03
3.00108075E-02  1.24707453E-01  2.16205139E-03
3.03094225E-02  1.18446507E-01  2.20139511E-03
3.06080375E-02  1.21156648E-01  2.15459825E-03
3.09066525E-02  1.19206831E-01  2.10729893E-03
3.12052675E-02  1.16304405E-01  2.14534113E-03
3.15038825E-02  1.16818793E-01  2.05770251E-03
3.18024975E-02  1.16437219E-01  2.08589807E-03
3.21011125E-02  1.11426242E-01  1.97438919E-03
3.23997275E-02  1.08859643E-01  1.89990317E-03
3.26983425E-02  1.11156166E-01  1.93586061E-03
3.29969575E-02  1.07935376E-01  1.80243107E-03
3.32955725E-02  1.04714833E-01  1.77533773E-03
3.35941875E-02  1.06657214E-01  1.70853944E-03
3.38928025E-02  1.00881152E-01  1.71083328E-03
3.41914175E-02  1.02238037E-01  1.67087733E-03
3.44900325E-02  9.86326933E-02  1.63012545E-03
3.47886474E-02  9.71305370E-02  1.58952957E-03
3.50872624E-02  9.68588144E-02  1.55738473E-03
3.53858774E-02  9.46932882E-02  1.58840232E-03
3.56844924E-02  9.73713025E-02  1.54870097E-03
3.59831074E-02  9.36303213E-02  1.49298192E-03
3.62817224E-02  9.20854807E-02  1.51695404E-03
3.65803374E-02  9.24962163E-02  1.47377420E-03
3.68789524E-02  9.27947089E-02  1.52594806E-03
3.71775674E-02  9.31820646E-02  1.49383186E-03
3.74761824E-02  8.86861831E-02  1.41847972E-03
3.77747974E-02  8.88405815E-02  1.42643345E-03
3.80734124E-02  8.63528028E-02  1.38417189E-03
3.83720274E-02  8.67847800E-02  1.43313827E-03
3.86706424E-02  8.69160518E-02  1.36626011E-03
3.89692574E-02  8.46942067E-02  1.38880289E-03
3.92678724E-02  8.24545324E-02  1.38077803E-03
3.95664874E-02  8.32651928E-02  1.33725919E-03
3.98651024E-02  8.50488096E-02  1.35271042E-03
4.01637174E-02  8.04314911E-02  1.29375304E-03
4.04623324E-02  8.20800215E-02  1.35323289E-03
4.07609474E-02  8.12903419E-02  1.29952317E-03
4.10595624E-02  7.93848112E-02  1.31040148E-03
4.13581774E-02  8.00494850E-02  1.29179296E-03
4.16567924E-02  7.95056745E-02  1.26151810E-03
4.19554074E-02  7.62949735E-02  1.27105333E-03
4.22540224E-02  7.83611089E-02  1.27809879E-03
4.25526374E-02  7.70045519E-02  1.24983676E-03
4.28512524E-02  7.56060258E-02  1.24261959E-03
4.31498674E-02  7.40161240E-02  1.21517654E-03
4.34484824E-02  7.48808160E-02  1.26032694E-03
4.37470974E-02  7.67934024E-02  1.22171640E-03
4.40457124E-02  7.63258487E-02  1.22391898E-03
4.43443274E-02  7.08911717E-02  1.20223616E-03
4.46429424E-02  7.29468539E-02  1.19264913E-03
4.49415574E-02  7.28566945E-02  1.23027328E-03
4.52401724E-02  7.18890950E-02  1.16804091E-03
4.55387874E-02  7.23813549E-02  1.19090814E-03
4.58374024E-02  7.10098147E-02  1.17957150E-03
4.61360174E-02  7.19827861E-02  1.17064524E-03
4.64346324E-02  7.00066984E-02  1.17695716E-03
4.67332474E-02  6.92268386E-02  1.13380025E-03
4.70318624E-02  7.18104392E-02  1.18910370E-03
4.73304774E-02  6.92476183E-02  1.16108207E-03
4.76290924E-02  7.02755675E-02  1.14500278E-03
4.79277074E-02  6.78877980E-02  1.11848954E-03
4.82263224E-02  6.98216334E-02  1.12659507E-03
4.85249374E-02  6.99491724E-02  1.16227358E-03
4.88235524E-02  6.56236857E-02  1.09800638E-03
4.91221674E-02  6.84644207E-02  1.11475412E-03
4.94207824E-02  6.89170733E-02  1.13039592E-03
4.97193974E-02  6.48931488E-02  1.07722241E-03
5.00180124E-02  6.59046620E-02  1.11574680E-03
5.03166274E-02  6.65022880E-02  1.08888536E-03
5.06152424E-02  6.59649819E-02  1.08769618E-03
5.09138574E-02  6.84349760E-02  1.12128223E-03
5.12124724E-02  6.64475337E-02  1.07580016E-03
5.15110874E-02  6.68647587E-02  1.09835959E-03
5.18097024E-02  6.57297522E-02  1.07307627E-03
5.21083174E-02  6.66051060E-02  1.07863406E-03
5.24069324E-02  6.57745600E-02  1.07266475E-03
5.27055474E-02  6.69308230E-02  1.07506395E-03
5.30041624E-02  6.27550781E-02  1.06090598E-03
5.33027774E-02  6.49916381E-02  1.05485891E-03
5.36013924E-02  6.42656609E-02  1.05495390E-03
5.39000074E-02  6.27459288E-02  1.02491002E-03
5.41986224E-02  6.41141981E-02  1.05674763E-03
5.44972374E-02  6.24232069E-02  1.02943578E-03
5.47958524E-02  6.35831654E-02  1.03172672E-03
5.50944674E-02  6.55844212E-02  1.06419984E-03
5.53930824E-02  6.39023632E-02  1.02721516E-03
5.56916974E-02  6.41906634E-02  1.02394249E-03
5.59903124E-02  6.39956221E-02  1.04379235E-03
5.62889274E-02  6.34799823E-02  1.01688446E-03
5.65875424E-02  6.57208860E-02  1.05332211E-03
5.68861574E-02  6.40176609E-02  1.02118286E-03
5.71847724E-02  6.36474714E-02  1.01142470E-03
5.74833874E-02  6.15186505E-02  1.00513152E-03
5.77820024E-02  6.46327063E-02  1.01786945E-03
5.80806174E-02  6.21709339E-02  1.02305203E-03
5.83792324E-02  6.28107861E-02  9.91639332E-04
5.86778474E-02  6.41017258E-02  1.01774419E-03
5.89764624E-02  6.22518919E-02  1.01386907E-03
5.92750774E-02  6.32718578E-02  9.80752870E-04
5.95736924E-02  6.26153201E-02  1.00587669E-03
5.98723074E-02  6.45368099E-02  9.99999931E-04
6.01709224E-02  6.32279143E-02  9.88539658E-04
6.04695374E-02  6.21072724E-02  9.95150418E-04
6.07681524E-02  6.33358806E-02  9.94490925E-04
6.10667674E-02  6.07478768E-02  9.79040633E-04
6.13653824E-02  6.24029301E-02  9.69733461E-04
6.16639974E-02  6.09099381E-02  9.70252848E-04
6.19626124E-02  6.42273948E-02  9.97603638E-04
6.22612274E-02  6.18606508E-02  9.60726640E-04
6.25598424E-02  6.14751503E-02  9.78511758E-04
6.28584574E-02  6.41664192E-02  9.83342878E-04
6.31570724E-02  6.27925694E-02  9.81373480E-04
6.34556874E-02  6.24020547E-02  9.52065340E-04
6.37543024E-02  6.39648065E-02  9.76932002E-04
6.40529174E-02  6.07988723E-02  9.65669926E-04
6.43515324E-02  6.28479943E-02  9.63025144E-04
6.46501474E-02  6.16013296E-02  9.73880815E-04
6.49487624E-02  6.26113191E-02  9.45729902E-04
6.52473774E-02  6.26784712E-02  9.54174844E-04
6.55459924E-02  6.18094616E-02  9.57969693E-04
6.58446074E-02  6.20830581E-02  9.49633075E-04
6.61432224E-02  6.17650636E-02  9.57626617E-04
6.64418374E-02  6.32347167E-02  9.44854692E-04
6.67404524E-02  6.53250888E-02  9.72944545E-04
6.70390674E-02  6.18325546E-02  9.51157475E-04
6.73376824E-02  6.35598972E-02  9.39080957E-04
6.76362974E-02  6.40970692E-02  9.66080173E-04
6.79349124E-02  6.36268333E-02  9.41200589E-04
6.82335274E-02  6.24586679E-02  9.39042307E-04
6.85321424E-02  6.36078119E-02  9.58923833E-04
6.88307574E-02  6.38834536E-02  9.42012586E-04
6.91293724E-02  6.29040971E-02  9.49070149E-04
6.94279874E-02  6.44881651E-02  9.37867095E-04
6.97266024E-02  6.38991073E-02  9.49811714E-04
7.00252174E-02  6.31336644E-02  9.36470402E-04
7.03238324E-02  6.51676208E-02  9.43863764E-04
7.06224474E-02  6.45249188E-02  9.53338866E-04
7.09210624E-02  6.40910566E-02  9.38163488E-04
7.12196774E-02  6.67673275E-02  9.55380092E-04
7.15182924E-02  6.65811077E-02  9.33145697E-04
7.18169074E-02  6.76676556E-02  9.66187974E-04
7.21155224E-02  6.74398243E-02  9.61270474E-04
7.24141374E-02  6.54907897E-02  9.41947917E-04
7.27127524E-02  6.55928776E-02  9.38478683E-04
7.30113674E-02  6.61472976E-02  9.35183547E-04
7.33099824E-02  6.53693303E-02  9.34801996E-04
7.36085974E-02  6.70851246E-02  9.50153219E-04
7.39072124E-02  6.67227879E-02  9.30120645E-04
7.42058274E-02  6.71424791E-02  9.52687056E-04
7.45044424E-02  6.85260147E-02  9.45658830E-04
7.48030574E-02  7.05770627E-02  9.65993677E-04
7.51016724E-02  6.91563860E-02  9.55176831E-04
7.54002874E-02  7.10103735E-02  9.52408940E-04
7.56989024E-02  6.93741739E-02  9.57728189E-04
7.59975174E-02  7.09819570E-02  9.53228853E-04
7.62961324E-02  7.07022473E-02  9.54390562E-04
7.65947474E-02  7.22878575E-02  9.61958838E-04
7.68933624E-02  7.16077536E-02  9.58440476E-04
7.71919774E-02  7.31366426E-02  9.79079399E-04
7.74905924E-02  7.21030459E-02  9.50701535E-04
7.77892074E-02  7.50693157E-02  9.76161740E-04
7.80878224E-02  7.58371577E-02  9.72991169E-04
7.83864374E-02  7.81414732E-02  9.86134983E-04
7.86850524E-02  7.68646076E-02  9.94058908E-04
7.89836674E-02  7.67416432E-02  9.80808982E-04
7.92822824E-02  7.88291171E-02  9.85903316E-04
7.95808974E-02  8.05540979E-02  9.87595064E-04
7.98795124E-02  8.16691667E-02  1.01391773E-03
8.01781274E-02  8.24149102E-02  1.02714158E-03
8.04767424E-02  8.29698890E-02  1.00431324E-03
8.07753574E-02  8.53330046E-02  1.02893030E-03
8.10739724E-02  8.65886509E-02  1.02495099E-03
8.13725874E-02  8.73785168E-02  1.02550164E-03
8.16712024E-02  8.85550454E-02  1.04925688E-03
8.19698174E-02  9.28922966E-02  1.04697701E-03
8.22684324E-02  9.49375033E-02  1.08086097E-03
8.25670474E-02  9.80997682E-02  1.08551723E-03
8.28656624E-02  1.01422630E-01  1.11151848E-03
8.31642774E-02  1.02509774E-01  1.10200082E-03
8.34628924E-02  1.05453499E-01  1.11881096E-03
8.37615074E-02  1.10774875E-01  1.16398954E-03
8.40601224E-02  1.10817216E-01  1.14020589E-03
8.43587374E-02  1.16698891E-01  1.17464911E-03
8.46573524E-02  1.19489662E-01  1.18283404E-03
8.49559674E-02  1.24695778E-01  1.21661648E-03
8.52545824E-02  1.29847899E-01  1.24394556E-03
8.55531974E-02  1.35708705E-01  1.25089101E-03
8.58518124E-02  1.42640308E-01  1.28860865E-03
8.61504274E-02  1.48021653E-01  1.29898544E-03
8.64490424E-02  1.56347379E-01  1.35697960E-03
8.67476574E-02  1.64045975E-01  1.38728402E-03
8.70462724E-02  1.73547149E-01  1.40322908E-03
8.73448874E-02  1.88361228E-01  1.47301133E-03
8.76435024E-02  1.96462318E-01  1.48950540E-03
8.79421174E-02  2.09856465E-01  1.56452553E-03
8.82407324E-02  2.26118073E-01  1.61777250E-03
8.85393474E-02  2.44323209E-01  1.65796292E-03
8.88379624E-02  2.66969681E-01  1.74616836E-03
8.91365774E-02  2.93604493E-01  1.80742168E-03
8.94351924E-02  3.19580346E-01  1.89974147E-03
8.97338074E-02  3.49726021E-01  1.97626324E-03
9.00324224E-02  3.88344258E-01  2.07676669E-03
9.03310374E-02  4.36464041E-01  2.22639367E-03
9.06296524E-02  4.93356198E-01  2.33862759E-03
9.09282674E-02  5.56764424E-01  2.48209527E-03
9.12268824E-02  6.34486020E-01  2.64483993E-03
9.15254974E-02  7.26617098E-01  2.82007596E-03
9.18241124E-02  8.39519441E-01  3.07621551E-03
9.21227274E-02  9.80485380E-01  3.29385628E-03
9.24213424E-02  1.14791524E+00  3.50352144E-03
9.27199574E-02  1.36525035E+00  3.85511690E-03
9.30185724E-02  1.62194598E+00  4.20953939E-03
9.33171874E-02  1.93106973E+00  4.63962229E-03
9.36158024E-02  2.30606198E+00  4.89685917E-03
9.39144174E-02  2.76539063E+00  5.50160091E-03
9.42130324E-02  3.24849319E+00  5.93065284E-03
9.45116474E-02  3.75275707E+00  6.34597428E-03
9.48102624E-02  4.23982906E+00  6.77542342E-03
9.51088774E-02  4.61028862E+00  6.92982692E-03
9.54074924E-02  4.78989267E+00  7.15675810E-03
9.57061074E-02  4.74455070E+00  7.10395863E-03
9.60047224E-02  4.45526314E+00  6.89005805E-03
9.63033374E-02  3.98399949E+00  6.45312667E-03
9.66019524E-02  3.39005804E+00  5.98387280E-03
9.69005674E-02  2.78612566E+00  5.41056506E-03
9.71991824E-02  2.22888613E+00  4.82675899E-03
9.74977974E-02  1.77461052E+00  4.29204898E-03
9.77964124E-02  1.43781388E+00  3.85013781E-03
9.80950274E-02  1.17064226E+00  3.49804084E-03
9.83936424E-02  9.62529182E-01  3.17327864E-03
9.86922574E-02  8.09318185E-01  2.90726917E-03
9.89908724E-02  6.83848739E-01  2.64399103E-03
9.92894874E-02  5.91458917E-01  2.45165499E-03
9.95881024E-02  5.15261531E-01  2.30681244E-03
9.98867174E-02  4.53540146E-01  2.17168988E-03
1.00185332E-01  4.01646167E-01  1.99774536E-03
1.00483947E-01  3.63645256E-01  1.93133473E-03
1.00782562E-01  3.28342944E-01  1.81299832E-03
1.01081177E-01  2.98617780E-01  1.74645206E-03
1.01379792E-01  2.75814295E-01  1.67209317E-03
1.01678407E-01  2.58345246E-01  1.60089671E-03
1.01977022E-01  2.42464840E-01  1.56775163E-03
1.02275637E-01  2.24999338E-01  1.51023280E-03
1.02574252E-01  2.15114430E-01  1.47052633E-03
1.02872867E-01  2.04731554E-01  1.41931907E-03
1.03171482E-01  1.93307966E-01  1.37803191E-03
1.03470097E-01  1.86488658E-01  1.35571661E-03
1.03768712E-01  1.80194706E-01  1.34477415E-03
1.04067327E-01  1.74911603E-01  1.30133051E-03
1.04365942E-01  1.69332400E-01  1.29503082E-03
1.04664557E-01  1.67364493E-01  1.28643005E-03
1.04963172E-01  1.62185445E-01  1.25713821E-03
1.05261787E-01  1.60370335E-01  1.25312281E-03
1.05560402E-01  1.59254804E-01  1.23579649E-03
1.05859017E-01  1.52771696E-01  1.22606393E-03
1.06157632E-01  1.50378108E-01  1.20856799E-03
1.06456247E-01  1.48552328E-01  1.20120996E-03
1.06754862E-01  1.48115173E-01  1.18522486E-03
1.07053477E-01  1.46562189E-01  1.18647586E-03
1.07352092E-01  1.45870909E-01  1.18367560E-03
1.07650707E-01  1.43804401E-01  1.17619848E-03
1.07949322E-01  1.42542243E-01  1.16916490E-03
1.08247937E-01  1.43570706E-01  1.17244537E-03
1.08546552E-01  1.42421663E-01  1.17240322E-03
1.08845167E-01  1.41894922E-01  1.15107128E-03
1.09143782E-01  1.44022897E-01  1.17336353E-03
1.09442397E-01  1.45200521E-01  1.16350455E-03
1.09741012E-01  1.43880025E-01  1.16179709E-03
1.10039627E-01  1.46656558E-01  1.18217606E-03
1.10338242E-01  1.49551988E-01  1.18632289E-03
1.10636857E-01  1.47134140E-01  1.16228976E-03
1.10935472E-01  1.48506150E-01  1.16681051E-03
1.11234087E-01  1.50487915E-01  1.18542206E-03
1.11532702E-01  1.51896715E-01  1.19003886E-03
1.11831317E-01  1.56046480E-01  1.19971880E-03
1.12129932E-01  1.55209959E-01  1.19879167E-03
1.12428547E-01  1.57755911E-01  1.20812177E-03
1.12727162E-01  1.61070809E-01  1.21563743E-03
1.13025777E-01  1.67002633E-01  1.23641221E-03
1.13324392E-01  1.71152398E-01  1.24978705E-03
1.13623007E-01  1.75636262E-01  1.26893411E-03
1.13921622E-01  1.79980427E-01  1.28550886E-03
1.14220237E-01  1.86908543E-01  1.29725679E-03
1.14518852E-01  1.93406016E-01  1.30892044E-03
1.14817467E-01  2.01914713E-01  1.35644653E-03
1.15116082E-01  2.08252907E-01  1.37653470E-03
1.15414697E-01  2.19534144E-01  1.40698114E-03
1.15713312E-01  2.29673877E-01  1.42533658E-03
1.16011927E-01  2.42739573E-01  1.47071679E-03
1.16310542E-01  2.59454310E-01  1.53415860E-03
1.16609157E-01  2.75604188E-01  1.56366301E-03
1.16907772E-01  3.05269808E-01  1.65174890E-03
1.17206387E-01  3.32556218E-01  1.71701540E-03
1.17505002E-01  3.74110103E-01  1.80987350E-03
1.17803617E-01  4.22206908E-01  1.94396207E-03
1.18102232E-01  4.90103722E-01  2.07455130E-03
1.18400847E-01  5.85364103E-01  2.27052509E-03
1.18699462E-01  7.22744286E-01  2.51743244E-03
1.18998077E-01  9.48413312E-01  2.85695167E-03
1.19296692E-01  1.28428710E+00  3.38794827E-03
1.19595307E-01  1.81796873E+00  3.95829324E-03
1.19893922E-01  2.57914233E+00  4.70462395E-03
1.20192537E-01  3.51911807E+00  5.55904675E-03
1.20491152E-01  4.53237104E+00  6.21898798E-03
1.20789767E-01  5.41994810E+00  6.86407648E-03
1.21088382E-01  5.86777258E+00  7.13176839E-03
1.21386997E-01  5.72096872E+00  6.98703900E-03
1.21685612E-01  4.97755909E+00  6.57800445E-03
1.21984227E-01  3.85955024E+00  5.75517910E-03
1.22282842E-01  2.72413301E+00  4.80109360E-03
1.22581457E-01  1.80959702E+00  3.88593157E-03
1.22880072E-01  1.22722435E+00  3.25688720E-03
1.23178687E-01  8.85938466E-01  2.74181878E-03
1.23477302E-01  6.79712832E-01  2.40837666E-03
1.23775917E-01  5.51450193E-01  2.14367686E-03
1.24074532E-01  4.57782060E-01  1.97230093E-03
1.24373147E-01  3.99784267E-01  1.84054626E-03
1.24671762E-01  3.47985089E-01  1.70761556E-03
1.24970377E-01  3.09906483E-01  1.60702784E-03
1.25268992E-01  2.84538448E-01  1.53773115E-03
1.25567607E-01  2.60455787E-01  1.46418239E-03
1.25866222E-01  2.41746590E-01  1.43326621E-03
1.26164837E-01  2.28686035E-01  1.37857755E-03
1.26463452E-01  2.13819966E-01  1.32664200E-03
1.26762067E-01  2.02454835E-01  1.29621709E-03
1.27060682E-01  1.91575885E-01  1.25745917E-03
1.27359297E-01  1.84401035E-01  1.25222863E-03
1.27657912E-01  1.75994173E-01  1.19467126E-03
1.27956527E-01  1.69756323E-01  1.17846567E-03
1.28255142E-01  1.64430529E-01  1.16817339E-03
1.28553757E-01  1.57130510E-01  1.12207467E-03
1.28852372E-01  1.54038563E-01  1.11543108E-03
1.29150987E-01  1.48611084E-01  1.09560520E-03
1.29449602E-01  1.45639822E-01  1.09118759E-03
1.29748217E-01  1.43369406E-01  1.08191778E-03
1.30046832E-01  1.36605352E-01  1.04762288E-03
1.30345447E-01  1.34987339E-01  1.03864085E-03
1.30644062E-01  1.32423401E-01  1.02737185E-03
1.30942677E-01  1.31705970E-01  1.03210751E-03
1.31241292E-01  1.26836956E-01  1.00947602E-03
1.31539907E-01  1.25501245E-01  9.98845208E-04
1.31838522E-01  1.25024140E-01  1.00157224E-03
1.32137137E-01  1.21523857E-01  9.96432034E-04
1.32435752E-01  1.19884014E-01  1.00266072E-03
1.32734367E-01  1.18255995E-01  9.94450413E-04
1.33032982E-01  1.17972642E-01  1.00374082E-03
1.33331597E-01  1.15769573E-01  9.94325732E-04
1.33630212E-01  1.14710800E-01  9.93996393E-04
1.33928827E-01  1.13103665E-01  1.00213452E-03
1.34227442E-01  1.14897542E-01  9.85709485E-04
1.34526057E-01  1.12405404E-01  9.94660193E-04
1.34824672E-01  1.10040218E-01  9.91393579E-04
1.35123287E-01  1.09583236E-01  9.83531470E-04
1.35421902E-01  1.08485430E-01  9.87292500E-04
1.35720517E-01  1.08208068E-01  9.75917384E-04
1.36019132E-01  1.08327910E-01  9.94001399E-04
1.36317747E-01  1.06179230E-01  9.74572671E-04
1.36616362E-01  1.03579849E-01  9.59731173E-04
1.36914977E-01  1.06574744E-01  9.84442770E-04
1.37213592E-01  1.03111804E-01  9.69779736E-04
1.37512207E-01  1.02209613E-01  9.75151197E-04
1.37810822E-01  1.03130542E-01  9.69870191E-04
1.38109437E-01  1.02446720E-01  9.66650608E-04
1.38408052E-01  1.01544790E-01  9.66042280E-04
1.38706667E-01  1.01586141E-01  9.68453765E-04
1.39005282E-01  1.02865130E-01  9.85133694E-04
1.39303897E-01  9.97834504E-02  9.51138500E-04
1.39602512E-01  1.02789946E-01  9.84007609E-04
1.39901127E-01  1.01324819E-01  9.75450210E-04
1.40199742E-01  9.80344489E-02  9.55037074E-04
1.40498357E-01  1.01371452E-01  9.81417601E-04
1.40796972E-01  1.00118697E-01  9.62546328E-04
1.41095587E-01  9.96879488E-02  9.74387105E-04
1.41394202E-01  9.92736444E-02  9.66284133E-04
1.41692817E-01  1.00297980E-01  9.77366348E-04
1.41991432E-01  9.84696075E-02  9.68418201E-04
1.42290047E-01  9.99557823E-02  9.68847657E-04
1.42588662E-01  9.95548815E-02  9.79944947E-04
1.42887277E-01  1.00505136E-01  9.79152624E-04
1.43185892E-01  9.92486402E-02  9.69954184E-04
1.43484507E-01  1.00514002E-01  9.83872218E-04
1.43783122E-01  1.01946577E-01  9.82666155E-04
1.44081737E-01  9.82535854E-02  9.67745611E-04
1.44380352E-01  1.00468062E-01  9.70581372E-04
1.44678967E-01  9.89162698E-02  9.52395669E-04
1.44977582E-01  9.94575992E-02  9.74045193E-04
1.45276197E-01  9.98658687E-02  9.61716927E-04
1.45574812E-01  9.98478755E-02  9.72887850E-04
1.45873427E-01  1.02088682E-01  9.61007550E-04
1.46172042E-01  1.01773351E-01  9.66425345E-04
1.46470657E-01  1.01992019E-01  9.79064498E-04
1.46769272E-01  1.02682404E-01  9.70734342E-04
1.47067887E-01  1.05697252E-01  9.82645783E-04
1.47366502E-01  1.04776822E-01  9.73584014E-04
1.47665117E-01  1.03168346E-01  9.67534026E-04
1.47963732E-01  1.03366099E-01  9.79564385E-04
1.48262347E-01  1.06168509E-01  9.82242054E-04
1.48560962E-01  1.05805680E-01  9.82042518E-04
1.48859577E-01  1.06485806E-01  9.72077949E-04
1.49158192E-01  1.08390503E-01  1.00117247E-03
1.49456807E-01  1.07738443E-01  9.86518222E-04
1.49755422E-01  1.10709138E-01  9.97420168E-04
1.50054037E-01  1.10316560E-01  1.00200868E-03
1.50352652E-01  1.10977426E-01  9.92374145E-04
1.50651267E-01  1.12339519E-01  1.01268431E-03
1.50949882E-01  1.15085639E-01  1.00909616E-03
1.51248497E-01  1.16130017E-01  1.01852766E-03
1.51547112E-01  1.17427848E-01  1.04208570E-03
1.51845727E-01  1.17645279E-01  1.01286697E-03
1.52144342E-01  1.19485095E-01  1.04598422E-03
1.52442957E-01  1.22785144E-01  1.02883345E-03
1.52741572E-01  1.24539472E-01  1.05127483E-03
1.53040187E-01  1.27213135E-01  1.07765186E-03
1.53338802E-01  1.30593941E-01  1.06986728E-03
1.53637417E-01  1.31867826E-01  1.08818279E-03
1.53936032E-01  1.34582609E-01  1.08333747E-03
1.54234647E-01  1.39031008E-01  1.10349024E-03
1.54533262E-01  1.40246153E-01  1.12557679E-03
1.54831877E-01  1.44794419E-01  1.12776994E-03
1.55130492E-01  1.48838013E-01  1.14507717E-03
1.55429107E-01  1.55000746E-01  1.16220419E-03
1.55727722E-01  1.56960845E-01  1.18109188E-03
1.56026337E-01  1.63260043E-01  1.19753159E-03
1.56324952E-01  1.68421134E-01  1.21235335E-03
1.56623567E-01  1.74369380E-01  1.24762987E-03
1.56922182E-01  1.80365831E-01  1.25055190E-03
1.57220797E-01  1.86712980E-01  1.28960924E-03
1.57519412E-01  1.97561339E-01  1.31022208E-03
1.57818027E-01  2.06718504E-01  1.33928191E-03
1.58116642E-01  2.15777814E-01  1.38687179E-03
1.58415257E-01  2.25739539E-01  1.39954663E-03
1.58713872E-01  2.37694114E-01  1.44973176E-03
1.59012487E-01  2.51884967E-01  1.47100061E-03
1.59311102E-01  2.65813708E-01  1.53421599E-03
1.59609717E-01  2.81972706E-01  1.58306735E-03
1.59908332E-01  3.05490643E-01  1.60971936E-03
1.60206947E-01  3.25202852E-01  1.67741801E-03
1.60505562E-01  3.48158240E-01  1.73561368E-03
1.60804177E-01  3.74142647E-01  1.79728854E-03
1.61102792E-01  4.07735556E-01  1.87691406E-03
1.61401407E-01  4.41020966E-01  1.94439024E-03
1.61700022E-01  4.84284550E-01  2.03464739E-03
1.61998637E-01  5.28811216E-01  2.13065837E-03
1.62297252E-01  5.79338551E-01  2.24050554E-03
1.62595867E-01  6.43420756E-01  2.35948176E-03
1.62894482E-01  7.08091736E-01  2.44733295E-03
1.63193097E-01  7.83680499E-01  2.61242804E-03
1.63491712E-01  8.67886543E-01  2.70377519E-03
1.63790327E-01  9.47344661E-01  2.86920066E-03
1.64088942E-01  1.04138684E+00  2.95761437E-03
1.64387557E-01  1.12201667E+00  3.09373834E-03
1.64686172E-01  1.19812191E+00  3.23486072E-03
1.64984787E-01  1.25234056E+00  3.24790599E-03
1.65283402E-01  1.28819096E+00  3.31494212E-03
1.65582017E-01  1.29911196E+00  3.30111105E-03
1.65880632E-01  1.27034402E+00  3.27804801E-03
1.66179247E-01  1.23189938E+00  3.25438427E-03
1.66477862E-01  1.16581070E+00  3.12176417E-03
1.66776477E-01  1.08058572E+00  3.03183869E-03
1.67075092E-01  9.85002935E-01  2.90078367E-03
1.67373707E-01  8.82370353E-01  2.73681176E-03
1.67672322E-01  7.79794753E-01  2.57101911E-03
1.67970937E-01  6.87820315E-01  2.39208946E-03
1.68269552E-01  6.05249703E-01  2.26190849E-03
1.68568167E-01  5.29957056E-01  2.09539593E-03
1.68866782E-01  4.67143685E-01  1.99626759E-03
1.69165397E-01  4.15955663E-01  1.86926068E-03
1.69464012E-01  3.75339031E-01  1.76464615E-03
1.69762627E-01  3.34556609E-01  1.67700171E-03
1.70061242E-01  3.03269327E-01  1.59113749E-03
1.70359857E-01  2.79994875E-01  1.54660258E-03
1.70658472E-01  2.55751312E-01  1.45168032E-03
1.70957087E-01  2.37112597E-01  1.40305771E-03
1.71255702E-01  2.21860498E-01  1.37380848E-03
1.71554317E-01  2.07910240E-01  1.30004855E-03
1.71852932E-01  1.95754424E-01  1.27747760E-03
1.72151547E-01  1.85835645E-01  1.24042132E-03
1.72450162E-01  1.77697092E-01  1.21587759E-03
1.72748777E-01  1.69504717E-01  1.19039381E-03
1.73047392E-01  1.59252822E-01  1.14868023E-03
1.73346007E-01  1.54887810E-01  1.13477779E-03
1.73644622E-01  1.51096225E-01  1.11544307E-03
1.73943237E-01  1.45143196E-01  1.09362311E-03
1.74241852E-01  1.39965102E-01  1.08059414E-03
1.74540467E-01  1.36966258E-01  1.05555588E-03
1.74839082E-01  1.33274823E-01  1.05409126E-03
1.75137697E-01  1.28213212E-01  1.02403585E-03
1.75436312E-01  1.25981927E-01  1.02168042E-03
1.75734927E-01  1.22736372E-01  9.96211893E-04
1.76033542E-01  1.22366123E-01  9.97719355E-04
1.76332157E-01  1.20578237E-01  1.00541231E-03
1.76630772E-01  1.18822560E-01  9.80532379E-04
1.76929387E-01  1.18519381E-01  9.94382543E-04
1.77228002E-01  1.16262458E-01  9.66040301E-04
1.77526617E-01  1.14672117E-01  9.66502004E-04
1.77825232E-01  1.15590394E-01  9.73653921E-04
1.78123847E-01  1.15388855E-01  9.68867738E-04
1.78422462E-01  1.14705861E-01  9.65997635E-04
1.78721077E-01  1.14853121E-01  9.69233282E-04
1.79019692E-01  1.16740145E-01  9.77495569E-04
1.79318307E-01  1.15075104E-01  9.70830035E-04
1.79616922E-01  1.15650550E-01  9.58740944E-04
1.79915537E-01  1.16221666E-01  9.74008173E-04
1.80214152E-01  1.16453655E-01  9.66528547E-04
1.80512767E-01  1.19483955E-01  9.88924061E-04
1.80811382E-01  1.18482016E-01  9.82112600E-04
1.81109997E-01  1.20235398E-01  9.80151002E-04
1.81408612E-01  1.23770215E-01  1.00447086E-03
1.81707227E-01  1.25284463E-01  1.00485154E-03
1.82005842E-01  1.27670482E-01  1.01437652E-03
1.82304457E-01  1.28829211E-01  1.01324171E-03
1.82603072E-01  1.32387504E-01  1.03157351E-03
1.82901687E-01  1.34899721E-01  1.04866864E-03
1.83200302E-01  1.37009934E-01  1.04734313E-03
1.83498917E-01  1.41108304E-01  1.05869281E-03
1.83797532E-01  1.45190805E-01  1.07213948E-03
1.84096147E-01  1.51510209E-01  1.10541342E-03
1.84394762E-01  1.55627176E-01  1.12220761E-03
1.84693377E-01  1.63332179E-01  1.14165281E-03
1.84991992E-01  1.67424202E-01  1.16202375E-03
1.85290607E-01  1.76177800E-01  1.17679592E-03
1.85589222E-01  1.85850158E-01  1.21741428E-03
1.85887837E-01  1.93132728E-01  1.23736949E-03
1.86186452E-01  2.07016200E-01  1.27856003E-03
1.86485067E-01  2.16937304E-01  1.31573842E-03
1.86783682E-01  2.31212467E-01  1.35432149E-03
1.87082297E-01  2.46149793E-01  1.40338903E-03
1.87380912E-01  2.62113959E-01  1.43868884E-03
1.87679527E-01  2.82908291E-01  1.48213003E-03
1.87978142E-01  3.06212038E-01  1.56114856E-03
1.88276757E-01  3.30936313E-01  1.61922420E-03
1.88575372E-01  3.56635839E-01  1.68590574E-03
1.88873987E-01  3.85950148E-01  1.74294051E-03
1.89172602E-01  4.16491181E-01  1.80064829E-03
1.89471217E-01  4.49000239E-01  1.88361504E-03
1.89769832E-01  4.80214506E-01  1.95310835E-03
1.90068447E-01  5.03146887E-01  1.97089859E-03
1.90367062E-01  5.31393051E-01  2.04449985E-03
1.90665677E-01  5.51911533E-01  2.07886985E-03
1.90964292E-01  5.61561584E-01  2.09290348E-03
1.91262907E-01  5.63838422E-01  2.10600160E-03
1.91561522E-01  5.60557187E-01  2.07370706E-03
1.91860137E-01  5.41521549E-01  2.06592819E-03
1.92158752E-01  5.21000206E-01  2.01591593E-03
1.92457367E-01  4.92554963E-01  1.96265080E-03
1.92755982E-01  4.62365955E-01  1.89360697E-03
1.93054597E-01  4.30658549E-01  1.82870287E-03
1.93353212E-01  3.95524234E-01  1.74358219E-03
1.93651827E-01  3.55879754E-01  1.67153403E-03
1.93950442E-01  3.25419992E-01  1.58964796E-03
1.94249057E-01  2.92622000E-01  1.49687100E-03
1.94547672E-01  2.66048729E-01  1.43826928E-03
1.94846287E-01  2.42549047E-01  1.37063989E-03
1.95144902E-01  2.23053113E-01  1.32162357E-03
1.95443517E-01  2.04015061E-01  1.23738695E-03
1.95742132E-01  1.89810231E-01  1.21018582E-03
1.96040747E-01  1.76366538E-01  1.16878515E-03
1.96339362E-01  1.66106001E-01  1.13683275E-03
1.96637977E-01  1.55868262E-01  1.09041459E-03
1.96936592E-01  1.47272721E-01  1.06193707E-03
1.97235207E-01  1.38097599E-01  1.03193044E-03
1.97533822E-01  1.32449418E-01  1.00676157E-03
1.97832437E-01  1.26917377E-01  9.88649786E-04
1.98131052E-01  1.21069953E-01  9.60419013E-04
1.98429667E-01  1.15307726E-01  9.38174606E-04
1.98728282E-01  1.13437049E-01  9.33488132E-04
1.99026897E-01  1.08728781E-01  9.08156799E-04
1.99325512E-01  1.04675733E-01  8.93881079E-04
1.99624127E-01  1.01016976E-01  8.77844461E-04
1.99922742E-01  9.85158011E-02  8.65272945E-04
2.00221357E-01  9.65156630E-02  8.61335080E-04
2.00519972E-01  9.45905000E-02  8.44154332E-04
2.00818587E-01  9.15944576E-02  8.29903700E-04
2.01117202E-01  8.90107080E-02  8.26123229E-04
2.01415817E-01  8.81414413E-02  8.13859864E-04
2.01714432E-01  8.63470882E-02  8.09318270E-04
2.02013047E-01  8.29321966E-02  7.89937912E-04
2.02311662E-01  8.33134353E-02  7.94977008E-04
2.02610277E-01  8.12183321E-02  7.86897377E-04
2.02908892E-01  7.98294023E-02  7.71667867E-04
2.03207507E-01  7.97159970E-02  7.74233660E-04
2.03506122E-01  7.79472589E-02  7.64409255E-04
2.03804737E-01  7.62978941E-02  7.56984635E-04
2.04103352E-01  7.37826154E-02  7.46727921E-04
2.04401967E-01  7.50461668E-02  7.52155902E-04
2.04700582E-01  7.42026344E-02  7.41470431E-04
2.04999197E-01  7.31394812E-02  7.38180359E-04
2.05297812E-01  7.28938356E-02  7.44085875E-04
2.05596427E-01  7.07803741E-02  7.27302278E-04
2.05895042E-01  7.07119629E-02  7.28757004E-04
2.06193657E-01  6.99346587E-02  7.20058102E-04
2.06492272E-01  6.93865344E-02  7.16353650E-04
2.06790887E-01  6.88097998E-02  7.21362303E-04
2.07089502E-01  6.87626824E-02  7.09232874E-04
2.07388117E-01  6.68562725E-02  7.08396547E-04
2.07686732E-01  6.72666356E-02  7.07717089E-04
2.07985347E-01  6.53940439E-02  6.95445284E-04
2.08283962E-01  6.67045191E-02  7.04106002E-04
2.08582577E-01  6.57304078E-02  6.94055692E-04
2.08881192E-01  6.43889233E-02  6.90083834E-04
2.09179807E-01  6.48886859E-02  6.95959781E-04
2.09478422E-01  6.46235719E-02  6.86320709E-04
2.09777037E-01  6.44735843E-02  6.92663947E-04
2.10075652E-01  6.39014468E-02  6.83096179E-04
2.10374267E-01  6.15789369E-02  6.79032586E-04
2.10672882E-01  6.35217726E-02  6.87535910E-04
2.10971497E-01  6.39049262E-02  6.78420707E-04
2.11270112E-01  6.24469109E-02  6.81067933E-04
2.11568727E-01  6.15908802E-02  6.69426518E-04
2.11867342E-01  6.13018461E-02  6.74176088E-04
2.12165957E-01  6.15490340E-02  6.69604866E-04
2.12464572E-01  6.05001263E-02  6.63276471E-04
2.12763187E-01  6.02073669E-02  6.64879102E-04
2.13061802E-01  5.99661320E-02  6.62943174E-04
2.13360417E-01  6.04207069E-02  6.67886983E-04
2.13659032E-01  5.86357079E-02  6.51025795E-04
2.13957647E-01  5.88055253E-02  6.52750372E-04
2.14256262E-01  5.76211959E-02  6.49070076E-04
2.14554877E-01  5.81606589E-02  6.48193120E-04
2.14853492E-01  5.77773042E-02  6.47022156E-04
2.15152107E-01  5.74513637E-02  6.44423533E-04
2.15450722E-01  5.64477481E-02  6.45169814E-04
2.15749337E-01  5.73102534E-02  6.45567547E-04
2.16047952E-01  5.69481030E-02  6.41406747E-04
2.16346567E-01  5.62642664E-02  6.37926685E-04
2.16645182E-01  5.67261130E-02  6.36929937E-04
2.16943797E-01  5.56238480E-02  6.34098484E-04
2.17242412E-01  5.57211153E-02  6.38870872E-04
2.17541027E-01  5.53569272E-02  6.26793772E-04
2.17839642E-01  5.56880720E-02  6.39459467E-04
2.18138257E-01  5.54600321E-02  6.26277353E-04
2.18436872E-01  5.43960296E-02  6.26692374E-04
2.18735487E-01  5.37064336E-02  6.19570434E-04
2.19034102E-01  5.36772087E-02  6.19769678E-04
2.19332717E-01  5.45525774E-02  6.28913403E-04
2.19631332E-01  5.55436648E-02  6.31953706E-04
2.19929947E-01  5.33267520E-02  6.16834383E-04
2.20228562E-01  5.26639111E-02  6.11009425E-04
2.20527177E-01  5.28964624E-02  6.15616387E-04
2.20825792E-01  5.36112860E-02  6.20499311E-04
2.21124407E-01  5.37446029E-02  6.19433995E-04
2.21423022E-01  5.33558205E-02  6.16099918E-04
2.21721637E-01  5.35692833E-02  6.16064528E-04
2.22020252E-01  5.32407165E-02  6.13993616E-04
2.22318867E-01  5.31613417E-02  6.17529266E-04
2.22617482E-01  5.22791706E-02  6.05243549E-04
2.22916097E-01  5.24158664E-02  6.14281278E-04
2.23214712E-01  5.29888533E-02  6.11292315E-04
2.23513327E-01  5.31736910E-02  6.16509176E-04
2.23811942E-01  5.28163426E-02  6.11012219E-04
2.24110557E-01  5.07820845E-02  5.96693484E-04
2.24409172E-01  5.01076803E-02  5.97239879E-04
2.24707787E-01  5.15966304E-02  6.00244966E-04
2.25006402E-01  5.15807196E-02  6.07210270E-04
2.25305017E-01  5.18527888E-02  5.97947685E-04
2.25603632E-01  5.13419174E-02  6.03313209E-04
2.25902247E-01  5.10364845E-02  6.02223969E-04
2.26200862E-01  5.02058566E-02  5.93996199E-04
2.26499477E-01  5.11144362E-02  5.97268227E-04
2.26798092E-01  4.99456972E-02  5.93666860E-04
2.27096707E-01  5.13554811E-02  6.01111620E-04
2.27395322E-01  5.10241129E-02  6.01450272E-04
2.27693937E-01  5.02808727E-02  5.89665491E-04
2.27992552E-01  5.00367768E-02  5.90263226E-04
2.28291167E-01  5.03202006E-02  5.91593096E-04
2.28589782E-01  5.12362607E-02  6.01822394E-04
2.28888397E-01  4.92227487E-02  5.87820716E-04
2.29187012E-01  5.07756360E-02  5.92057710E-04
2.29485627E-01  5.00636697E-02  5.90087962E-04
2.29784242E-01  4.99393716E-02  5.92087861E-04
2.30082857E-01  4.93991114E-02  5.84983907E-04
2.30381472E-01  4.96711209E-02  5.85420465E-04
2.30680087E-01  4.99208681E-02  5.88404830E-04
2.30978702E-01  4.92760800E-02  5.84593683E-04
2.31277317E-01  4.79159281E-02  5.77132800E-04
2.31575932E-01  4.82498519E-02  5.78975072E-04
2.31874547E-01  4.95035984E-02  5.81952452E-04
2.32173162E-01  4.92662899E-02  5.83370100E-04
2.32471777E-01  4.96724136E-02  5.86945971E-04
2.32770392E-01  4.98358123E-02  5.85898350E-04
2.33069007E-01  4.94352728E-02  5.83208108E-04
2.33367622E-01  4.94138822E-02  5.80937893E-04
2.33666237E-01  4.97936159E-02  5.88172814E-04
2.33964852E-01  4.98128943E-02  5.83776040E-04
2.34263467E-01  5.00936024E-02  5.85419766E-04
2.34562082E-01  5.03846444E-02  5.88620140E-04
2.34860697E-01  4.97131944E-02  5.83690824E-04
2.35159312E-01  4.92287986E-02  5.81501052E-04
2.35457927E-01  4.99807782E-02  5.82789478E-04
2.35756542E-01  4.97120954E-02  5.78948529E-04
2.36055157E-01  4.97902222E-02  5.84313413E-04
2.36353772E-01  4.92814220E-02  5.80827473E-04
2.36652387E-01  5.05857281E-02  5.91656077E-04
2.36951002E-01  4.98454943E-02  5.76682214E-04
2.37249617E-01  5.06642349E-02  5.90598152E-04
2.37548232E-01  5.14418557E-02  5.92421682E-04
2.37846847E-01  5.18685877E-02  5.92870987E-04
2.38145462E-01  5.06248623E-02  5.85229194E-04
2.38444077E-01  5.17699644E-02  5.87877643E-04
2.38742692E-01  5.29753417E-02  6.04613742E-04
2.39041307E-01  5.38347289E-02  6.04008324E-04
2.39339922E-01  5.40228151E-02  6.03880209E-04
2.39638537E-01  5.66290319E-02  6.18794875E-04
2.39937152E-01  5.70606887E-02  6.19420374E-04
2.40235767E-01  5.86224161E-02  6.32252020E-04
2.40534382E-01  6.17628172E-02  6.44798565E-04
2.40832997E-01  6.53427318E-02  6.61751546E-04
2.41131612E-01  6.84836581E-02  6.81067060E-04
2.41430227E-01  7.42264017E-02  7.03165133E-04
2.41728842E-01  7.69860521E-02  7.23328267E-04
2.42027457E-01  7.90335536E-02  7.23193982E-04
2.42326072E-01  8.56460184E-02  7.55742658E-04
2.42624687E-01  8.51016715E-02  7.60503579E-04
2.42923302E-01  8.53249431E-02  7.57046975E-04
2.43221917E-01  8.11856315E-02  7.31580192E-04
2.43520532E-01  7.88045824E-02  7.23739620E-04
2.43819147E-01  7.24570453E-02  6.94554474E-04
2.44117762E-01  6.97211921E-02  6.84528728E-04
2.44416377E-01  6.45062700E-02  6.60085527E-04
2.44714992E-01  6.13944642E-02  6.35504432E-04
2.45013607E-01  6.10518642E-02  6.40384620E-04
2.45312222E-01  5.87621108E-02  6.24457840E-04
2.45610837E-01  5.85317686E-02  6.25123968E-04
2.45909452E-01  5.86752035E-02  6.19593426E-04
2.46208067E-01  5.71563318E-02  6.16547710E-04
2.46506682E-01  5.96740060E-02  6.28600304E-04
2.46805297E-01  5.91031872E-02  6.30615628E-04
2.47103912E-01  6.08298331E-02  6.31727686E-04
2.47402527E-01  6.13943152E-02  6.34653436E-04
2.47701142E-01  6.19570315E-02  6.41396386E-04
2.47999757E-01  6.33137822E-02  6.47849054E-04
2.48298372E-01  6.41990304E-02  6.56151969E-04
2.48596987E-01  6.50407150E-02  6.47981768E-04
2.48895602E-01  6.60089552E-02  6.57367113E-04
2.49194217E-01  6.87374696E-02  6.71544869E-04
2.49492832E-01  6.93488866E-02  6.75811141E-04
2.49791447E-01  7.27153867E-02  6.93724025E-04
2.50090062E-01  7.38103464E-02  6.94195740E-04
2.50388677E-01  7.57225007E-02  7.08120002E-04
2.50687292E-01  7.68510774E-02  7.10853084E-04
2.50985907E-01  7.97998309E-02  7.20263168E-04
2.51284522E-01  8.07269067E-02  7.28957588E-04
2.51583137E-01  8.27301294E-02  7.32584158E-04
2.51881752E-01  8.51742178E-02  7.46539328E-04
2.52180367E-01  8.50764439E-02  7.46112375E-04
2.52478982E-01  8.52882266E-02  7.44428311E-04
2.52777597E-01  8.51671174E-02  7.45304278E-04
2.53076212E-01  8.47631842E-02  7.43737037E-04
2.53374827E-01  8.20530131E-02  7.33933819E-04
2.53673442E-01  8.14090520E-02  7.21706892E-04
2.53972057E-01  8.06615651E-02  7.24157842E-04
2.54270672E-01  7.69798011E-02  7.07249390E-04
2.54569287E-01  7.48044103E-02  7.00392528E-04
2.54867902E-01  7.15233684E-02  6.81360369E-04
2.55166517E-01  6.90760016E-02  6.65331259E-04
2.55465132E-01  6.63153231E-02  6.55559939E-04
2.55763747E-01  6.45010769E-02  6.47052191E-04
2.56062362E-01  6.09115884E-02  6.28622947E-04
2.56360977E-01  5.83004393E-02  6.10919727E-04
2.56659592E-01  5.53891733E-02  5.93902543E-04
2.56958207E-01  5.49361967E-02  5.96358033E-04
2.57256822E-01  5.21470681E-02  5.80092659E-04
2.57555437E-01  4.99510020E-02  5.65040682E-04
2.57854052E-01  4.79550324E-02  5.54959290E-04
2.58152667E-01  4.73832563E-02  5.53556310E-04
2.58451282E-01  4.53318171E-02  5.41586778E-04
2.58749897E-01  4.34824713E-02  5.25527925E-04
2.59048512E-01  4.32515517E-02  5.25236421E-04
2.59347127E-01  4.16260064E-02  5.15001419E-04
2.59645742E-01  4.11975421E-02  5.14929066E-04
2.59944357E-01  4.04193029E-02  5.10859711E-04
2.60242972E-01  4.03664336E-02  5.04108029E-04
2.60541587E-01  3.92754041E-02  5.01842704E-04
2.60840202E-01  3.94256301E-02  5.01475006E-04
2.61138817E-01  3.82059179E-02  4.95096378E-04
2.61437432E-01  3.82438861E-02  4.93644213E-04
2.61736047E-01  3.78540382E-02  4.88938065E-04
2.62034662E-01  3.74738686E-02  4.88780322E-04
2.62333277E-01  3.77211608E-02  4.90133243E-04
2.62631892E-01  3.74719128E-02  4.85707045E-04
2.62930507E-01  3.72086316E-02  4.84251010E-04
2.63229122E-01  3.64278518E-02  4.80020739E-04
2.63527737E-01  3.63786221E-02  4.82736679E-04
2.63826352E-01  3.53698134E-02  4.71891224E-04
2.64124967E-01  3.50677781E-02  4.69873165E-04
2.64423582E-01  3.60812619E-02  4.76988353E-04
2.64722197E-01  3.47315259E-02  4.66163474E-04
2.65020812E-01  3.49175707E-02  4.72074636E-04
2.65319427E-01  3.59106511E-02  4.72426764E-04
2.65618042E-01  3.50717269E-02  4.71750565E-04
2.65916657E-01  3.53835635E-02  4.71990672E-04
2.66215272E-01  3.49778868E-02  4.68668732E-04
2.66513887E-01  3.43407728E-02  4.64743964E-04
2.66812502E-01  3.51289697E-02  4.67142236E-04
2.67111117E-01  3.47042494E-02  4.67442354E-04
2.67409732E-01  3.49819325E-02  4.68093058E-04
2.67708347E-01  3.45696323E-02  4.66052123E-04
2.68006962E-01  3.50323692E-02  4.68432612E-04
2.68305577E-01  3.41823101E-02  4.61165822E-04
2.68604192E-01  3.47907431E-02  4.66454367E-04
2.68902807E-01  3.43581103E-02  4.62948112E-04
2.69201422E-01  3.33685800E-02  4.54130932E-04
2.69500037E-01  3.46782319E-02  4.64862358E-04
2.69798652E-01  3.38521153E-02  4.59056551E-04
2.70097267E-01  3.35746035E-02  4.60141979E-04
2.70395882E-01  3.40422653E-02  4.56255220E-04
2.70694497E-01  3.38240080E-02  4.58633265E-04
2.70993112E-01  3.29602174E-02  4.53557121E-04
2.71291727E-01  3.50468941E-02  4.67333448E-04
2.71590342E-01  3.47086489E-02  4.66276600E-04
2.71888957E-01  3.41441743E-02  4.56596958E-04
2.72187572E-01  3.39647233E-02  4.58063500E-04
2.72486187E-01  3.45544033E-02  4.62496508E-04
2.72784802E-01  3.40377465E-02  4.59969538E-04
2.73083417E-01  3.40588689E-02  4.55456233E-04
2.73382032E-01  3.41068581E-02  4.58440452E-04
2.73680647E-01  3.40184271E-02  4.59960516E-04
2.73979262E-01  3.38373035E-02  4.56511189E-04
2.74277877E-01  3.44009995E-02  4.58435534E-04
2.74576492E-01  3.49224210E-02  4.62599332E-04
2.74875107E-01  3.53458039E-02  4.66817262E-04
2.75173722E-01  3.43968906E-02  4.61215270E-04
2.75472337E-01  3.42935324E-02  4.55428992E-04
2.75770952E-01  3.48654166E-02  4.63637523E-04
2.76069567E-01  3.51472497E-02  4.60950017E-04
2.76368182E-01  3.49114127E-02  4.65609657E-04
2.76666797E-01  3.55985649E-02  4.68848826E-04
2.76965412E-01  3.54271419E-02  4.62438591E-04
2.77264027E-01  3.49539146E-02  4.62935306E-04
2.77562642E-01  3.56521122E-02  4.63444565E-04
2.77861257E-01  3.54749300E-02  4.68277663E-04
2.78159872E-01  3.57797407E-02  4.63929173E-04
2.78458487E-01  3.73094194E-02  4.75520443E-04
2.78757102E-01  3.63160074E-02  4.72593936E-04
2.79055717E-01  3.65103185E-02  4.70993080E-04
2.79354332E-01  3.67654525E-02  4.72518383E-04
2.79652947E-01  3.69116962E-02  4.73577296E-04
2.79951562E-01  3.67643051E-02  4.68763174E-04
2.80250177E-01  3.74695510E-02  4.79316455E-04
2.80548792E-01  3.76063772E-02  4.77178342E-04
2.80847407E-01  3.69597413E-02  4.71293431E-04
2.81146022E-01  3.89293469E-02  4.85744822E-04
2.81444637E-01  3.90646458E-02  4.87812882E-04
2.81743252E-01  3.93795446E-02  4.87693440E-04
2.82041867E-01  4.14043777E-02  4.95763030E-04
2.82340482E-01  4.05413955E-02  4.94591193E-04
2.82639097E-01  4.13129032E-02  4.99525515E-04
2.82937712E-01  4.18072380E-02  5.01630653E-04
2.83236327E-01  4.24814299E-02  5.05409087E-04
2.83534942E-01  4.31471057E-02  5.06841927E-04
2.83833557E-01  4.34184782E-02  5.11336722E-04
2.84132172E-01  4.51222770E-02  5.20368456E-04
2.84430787E-01  4.63373214E-02  5.30097575E-04
2.84729402E-01  4.58908714E-02  5.21050009E-04
2.85028017E-01  4.67705056E-02  5.29266428E-04
2.85326632E-01  4.72895764E-02  5.35655068E-04
2.85625247E-01  4.79886569E-02  5.31015627E-04
2.85923862E-01  4.89201061E-02  5.40627923E-04
2.86222477E-01  4.89491336E-02  5.40256326E-04
2.86521092E-01  4.95700985E-02  5.43807808E-04
2.86819707E-01  4.96654473E-02  5.48128970E-04
2.87118322E-01  4.85773906E-02  5.34140097E-04
2.87416937E-01  4.94210981E-02  5.41261921E-04
2.87715552E-01  4.89632301E-02  5.37960033E-04
2.88014167E-01  4.77188975E-02  5.34751569E-04
2.88312782E-01  4.81634028E-02  5.36308857E-04
2.88611397E-01  4.59930599E-02  5.17987181E-04
2.88910012E-01  4.39747907E-02  5.12967235E-04
2.89208627E-01  4.46363874E-02  5.14149899E-04
2.89507242E-01  4.45061140E-02  5.13023871E-04
2.89805857E-01  4.40180488E-02  5.08344441E-04
2.90104472E-01  4.19353880E-02  4.95453482E-04
2.90403087E-01  4.06706221E-02  4.93203755E-04
2.90701702E-01  3.98549885E-02  4.84418182E-04
2.91000317E-01  3.92974056E-02  4.80201765E-04
2.91298932E-01  3.78550179E-02  4.72339772E-04
2.91597547E-01  3.76883559E-02  4.71990264E-04
2.91896162E-01  3.67480442E-02  4.65725112E-04
2.92194777E-01  3.68150398E-02  4.64342098E-04
2.92493392E-01  3.58010530E-02  4.58347960E-04
2.92792007E-01  3.60000283E-02  4.60179348E-04
2.93090622E-01  3.52717973E-02  4.55281057E-04
2.93389237E-01  3.39637436E-02  4.46543621E-04
2.93687852E-01  3.38342339E-02  4.42589662E-04
2.93986467E-01  3.36457714E-02  4.44558566E-04
2.94285082E-01  3.35506313E-02  4.41685144E-04
2.94583697E-01  3.30133960E-02  4.41436016E-04
2.94882312E-01  3.30679566E-02  4.38920833E-04
2.95180927E-01  3.20571549E-02  4.29379696E-04
2.95479542E-01  3.24126743E-02  4.35707771E-04
2.95778157E-01  3.18847783E-02  4.30482498E-04
2.96076772E-01  3.19425948E-02  4.31184511E-04
2.96375387E-01  3.15119289E-02  4.27754974E-04
2.96674002E-01  3.19923647E-02  4.30797925E-04
2.96972617E-01  3.14717256E-02  4.30071639E-04
2.97271232E-01  3.14495414E-02  4.30130138E-04
2.97569847E-01  3.09444554E-02  4.26870858E-04
2.97868462E-01  3.11737657E-02  4.29707143E-04
2.98167077E-01  3.20982486E-02  4.38183488E-04
2.98465692E-01  3.14098485E-02  4.36163769E-04
2.98764307E-01  3.05240229E-02  4.26253304E-04
2.99062922E-01  3.05727553E-02  4.29241947E-04
2.99361537E-01  3.02990023E-02  4.28706990E-04
2.99660152E-01  3.02719288E-02  4.29270323E-04
2.99958767E-01  3.08144223E-02  4.33318841E-04
3.00257382E-01  3.09739560E-02  4.35648399E-04
3.00555997E-01  3.01592704E-02  4.29664564E-04
3.00854612E-01  3.04221362E-02  4.30880784E-04
3.01153227E-01  3.02761160E-02  4.32692585E-04
3.01451842E-01  2.98287701E-02  4.27523570E-04
3.01750457E-01  3.02359816E-02  4.35422116E-04
3.02049072E-01  2.94699948E-02  4.26787738E-04
3.02347687E-01  2.96699479E-02  4.36795322E-04
3.02646302E-01  2.97969133E-02  4.43300436E-04
3.02944917E-01  2.95369569E-02  4.41243435E-04
3.03243532E-01  2.98654288E-02  4.52143373E-04
3.03542147E-01  3.08807995E-02  4.60548501E-04
3.03840762E-01  3.03176753E-02  4.56072506E-04
3.04139377E-01  3.05271465E-02  4.63598000E-04
3.04437992E-01  2.91843172E-02  4.49255400E-04
3.04736607E-01  2.90775951E-02  4.55786299E-04
3.05035222E-01  3.00176181E-02  4.59315866E-04
3.05333837E-01  2.96833068E-02  4.59833420E-04
3.05632452E-01  3.02713830E-02  4.68101731E-04
3.05931067E-01  2.95727476E-02  4.60335461E-04
3.06229682E-01  3.00412402E-02  4.68993792E-04
3.06528297E-01  2.90542841E-02  4.56826092E-04
3.06826912E-01  3.00293416E-02  4.70185187E-04
3.07125527E-01  2.94587445E-02  4.66835190E-04
3.07424142E-01  2.94977520E-02  4.66575410E-04
3.07722757E-01  2.91557163E-02  4.67584992E-04
3.08021372E-01  2.94800978E-02  4.66296158E-04
3.08319987E-01  2.96626613E-02  4.64216340E-04
3.08618602E-01  3.02407406E-02  4.64144890E-04
3.08917217E-01  2.88313199E-02  4.46420803E-04
3.09215832E-01  2.96646040E-02  4.56757058E-04
3.09514447E-01  2.94412337E-02  4.47934115E-04
3.09813062E-01  2.96499189E-02  4.50535910E-04
3.10111677E-01  2.93570235E-02  4.46291437E-04
3.10410292E-01  2.93032825E-02  4.40364645E-04
3.10708907E-01  2.93151475E-02  4.44730802E-04
3.11007522E-01  2.96595991E-02  4.41111129E-04
3.11306137E-01  2.93080024E-02  4.44060657E-04
3.11604752E-01  2.92482488E-02  4.38400544E-04
3.11903367E-01  2.81883758E-02  4.29918699E-04
3.12201982E-01  3.00672147E-02  4.43896279E-04
3.12500597E-01  3.00644413E-02  4.39847092E-04
3.12799212E-01  2.94495597E-02  4.38959338E-04
3.13097827E-01  2.89705954E-02  4.32348781E-04
3.13396442E-01  2.90160142E-02  4.32113302E-04
3.13695057E-01  2.91432366E-02  4.35264665E-04
3.13993672E-01  2.98729260E-02  4.36252216E-04
3.14292287E-01  2.98005864E-02  4.36876086E-04
3.14590902E-01  3.00740413E-02  4.37605544E-04
3.14889517E-01  2.87306439E-02  4.27721243E-04
3.15188132E-01  2.93442085E-02  4.34788672E-04
3.15486747E-01  2.98986137E-02  4.33040463E-04
3.15785362E-01  2.95695718E-02  4.33582609E-04
3.16083977E-01  3.04286797E-02  4.36525559E-04
3.16382592E-01  2.95854639E-02  4.32793284E-04
3.16681207E-01  2.98959576E-02  4.33138281E-04
3.16979822E-01  2.96282563E-02  4.30526852E-04
3.17278437E-01  3.07294820E-02  4.39936324E-04
3.17577052E-01  3.03261671E-02  4.35683032E-04
3.17875667E-01  2.98229009E-02  4.38098592E-04
3.18174282E-01  2.97035333E-02  4.41228098E-04
3.18472897E-01  2.97818836E-02  4.48164676E-04
3.18771512E-01  2.95114145E-02  4.44396603E-04
3.19070127E-01  2.98871845E-02  4.50719934E-04
3.19368742E-01  2.98084170E-02  4.50506457E-04
3.19667357E-01  3.04523259E-02  4.55732225E-04
3.19965972E-01  3.02889198E-02  4.55536880E-04
3.20264587E-01  3.04759834E-02  4.59025614E-04
3.20563202E-01  3.09761893E-02  4.62382683E-04
3.20861817E-01  3.07401381E-02  4.61540767E-04
3.21160432E-01  3.02105360E-02  4.56115260E-04
3.21459047E-01  2.93288752E-02  4.53690009E-04
3.21757662E-01  3.02694347E-02  4.57997376E-04
3.22056277E-01  3.04772612E-02  4.59305447E-04
3.22354892E-01  3.08896005E-02  4.66420868E-04
3.22653507E-01  3.05044204E-02  4.62029129E-04
3.22952122E-01  3.09930593E-02  4.69807565E-04
3.23250737E-01  3.14939581E-02  4.64656216E-04
3.23549352E-01  3.14018019E-02  4.69731167E-04
3.23847967E-01  3.20864022E-02  4.77045425E-04
3.24146582E-01  3.21747065E-02  4.76309651E-04
3.24445197E-01  3.11181955E-02  4.68698534E-04
3.24743812E-01  3.07988375E-02  4.65475081E-04
3.25042427E-01  3.13779972E-02  4.74825036E-04
3.25341042E-01  3.13776433E-02  4.69422317E-04
3.25639657E-01  3.13866399E-02  4.72099637E-04
3.25938272E-01  3.22672538E-02  4.79946466E-04
3.26236887E-01  3.19655798E-02  4.73941385E-04
3.26535502E-01  3.22528705E-02  4.83273820E-04
3.26834117E-01  3.29948962E-02  4.83341166E-04
3.27132732E-01  3.38341631E-02  4.91902407E-04
3.27431347E-01  3.31886075E-02  4.87909507E-04
3.27729962E-01  3.28771658E-02  4.83330979E-04
3.28028577E-01  3.27278823E-02  4.90061357E-04
3.28327192E-01  3.35888080E-02  4.84711723E-04
3.28625807E-01  3.33746783E-02  4.91176033E-04
3.28924422E-01  3.39054577E-02  4.94772510E-04
3.29223037E-01  3.46846730E-02  4.98351234E-04
3.29521652E-01  3.52245122E-02  5.03258663E-04
3.29820267E-01  3.46256606E-02  4.97195520E-04
3.30118882E-01  3.52302417E-02  5.07080578E-04
3.30417497E-01  3.56681943E-02  5.07478486E-04
3.30716112E-01  3.55905220E-02  5.03931078E-04
3.31014727E-01  3.54663953E-02  5.03944699E-04
3.31313342E-01  3.52593511E-02  5.00699622E-04
3.31611957E-01  3.46191041E-02  5.01462899E-04
3.31910572E-01  3.56460363E-02  5.05223754E-04
3.32209187E-01  3.54463905E-02  5.01588685E-04
3.32507802E-01  3.53975073E-02  5.06921671E-04
3.32806417E-01  3.56766060E-02  5.02188632E-04
3.33105032E-01  3.47793289E-02  5.00383147E-04
3.33403647E-01  3.46858166E-02  4.96475142E-04
3.33702262E-01  3.45631428E-02  4.95888991E-04
3.34000877E-01  3.57095450E-02  5.03751449E-04
3.34299492E-01  3.47544439E-02  4.98582376E-04
3.34598107E-01  3.45655568E-02  4.97668225E-04
3.34896722E-01  3.43394801E-02  4.91266313E-04
3.35195337E-01  3.42398323E-02  4.91554034E-04
3.35493952E-01  3.43225077E-02  4.95041895E-04
3.35792567E-01  3.38192359E-02  4.89671249E-04
3.36091182E-01  3.40822823E-02  4.92294435E-04
3.36389797E-01  3.41590233E-02  4.89838945E-04
3.36688412E-01  3.36900353E-02  4.89600061E-04
3.36987027E-01  3.49383280E-02  4.95541724E-04
3.37285642E-01  3.39138322E-02  4.90219390E-04
3.37584257E-01  3.33526060E-02  4.86860430E-04
3.37882872E-01  3.36269327E-02  4.86580946E-04
3.38181487E-01  3.43514644E-02  4.93665575E-04
3.38480102E-01  3.36253196E-02  4.81147901E-04
3.38778717E-01  3.44354697E-02  4.93549509E-04
3.39077332E-01  3.51877883E-02  4.96885681E-04
3.39375947E-01  3.37511003E-02  4.86496836E-04
3.39674562E-01  3.35049145E-02  4.87837940E-04
3.39973177E-01  3.41478921E-02  4.87379613E-04
3.40271792E-01  3.47382687E-02  4.94999811E-04
3.40570407E-01  3.40200476E-02  4.89003840E-04
3.40869022E-01  3.46721373E-02  4.90829116E-04
3.41167637E-01  3.54030058E-02  4.97549365E-04
3.41466252E-01  3.54212709E-02  4.94689215E-04
3.41764867E-01  3.35233212E-02  4.87125857E-04
3.42063482E-01  3.53929214E-02  4.96623514E-04
3.42362097E-01  3.56859267E-02  4.95972869E-04
3.42660712E-01  3.49158458E-02  4.95123270E-04
3.42959327E-01  3.55915464E-02  4.94756678E-04
3.43257942E-01  3.55200917E-02  4.99392161E-04
3.43556557E-01  3.54632288E-02  4.95275250E-04
3.43855172E-01  3.53798978E-02  4.94835840E-04
3.44153787E-01  3.52705941E-02  4.93790314E-04
3.44452402E-01  3.57560515E-02  4.96611814E-04
3.44751017E-01  3.62110026E-02  5.00761846E-04
3.45049632E-01  3.57924327E-02  4.93091065E-04
3.45348247E-01  3.58167142E-02  4.98031091E-04
3.45646862E-01  3.48806679E-02  4.89387545E-04
3.45945477E-01  3.57934833E-02  4.96032531E-04
3.46244092E-01  3.59473415E-02  4.91278304E-04
3.46542707E-01  3.58796641E-02  4.91225801E-04
3.46841322E-01  3.68421748E-02  5.01404924E-04
3.47139937E-01  3.58358510E-02  4.92848107E-04
3.47438552E-01  3.52626145E-02  4.85239812E-04
3.47737167E-01  3.54828686E-02  4.90692502E-04
3.48035782E-01  3.51848267E-02  4.84307006E-04
3.48334397E-01  3.54852155E-02  4.90162871E-04
3.48633012E-01  3.45611200E-02  4.76988789E-04
3.48931627E-01  3.48747969E-02  4.82837786E-04
3.49230242E-01  3.46248932E-02  4.82439296E-04
3.49528857E-01  3.35197411E-02  4.73236927E-04
3.49827472E-01  3.41206007E-02  4.78253089E-04
3.50126087E-01  3.41892764E-02  4.74165572E-04
3.50424702E-01  3.44593227E-02  4.80225601E-04
3.50723317E-01  3.42891440E-02  4.77067078E-04
3.51021932E-01  3.31047438E-02  4.70435334E-04
3.51320547E-01  3.38199548E-02  4.73017921E-04
3.51619162E-01  3.33502740E-02  4.68700542E-04
3.51917777E-01  3.36564817E-02  4.72910528E-04
3.52216392E-01  3.32830250E-02  4.69380640E-04
3.52515007E-01  3.34491134E-02  4.68381273E-04
3.52813622E-01  3.42429243E-02  4.73907974E-04
3.53112237E-01  3.31910923E-02  4.71709995E-04
3.53410852E-01  3.31883617E-02  4.70910862E-04
3.53709467E-01  3.39825749E-02  4.67448495E-04
3.54008082E-01  3.28804739E-02  4.64767829E-04
3.54306697E-01  3.37450467E-02  4.71095584E-04
3.54605312E-01  3.44225839E-02  4.78275993E-04
3.54903927E-01  3.36422846E-02  4.74258559E-04
3.55202542E-01  3.37168984E-02  4.64762357E-04
3.55501157E-01  3.38270403E-02  4.72701067E-04
3.55799772E-01  3.38503644E-02  4.70689061E-04
3.56098387E-01  3.29570845E-02  4.65571706E-04
3.56397002E-01  3.31466533E-02  4.66530473E-04
3.56695617E-01  3.33705470E-02  4.62988886E-04
3.56994232E-01  3.28416154E-02  4.67688864E-04
3.57292847E-01  3.40949148E-02  4.68860759E-04
3.57591462E-01  3.52748409E-02  4.79852111E-04
3.57890077E-01  3.43946703E-02  4.72938205E-04
3.58188692E-01  3.50362360E-02  4.75420093E-04
3.58487307E-01  3.42053175E-02  4.76131274E-04
3.58785922E-01  3.44080664E-02  4.69147606E-04
3.59084537E-01  3.53939719E-02  4.80539893E-04
3.59383152E-01  3.50581259E-02  4.76463436E-04
3.59681767E-01  3.67231555E-02  4.88039601E-04
3.59980382E-01  3.61092500E-02  4.88543068E-04
3.60278997E-01  3.69114019E-02  4.83629265E-04
3.60577612E-01  3.82081345E-02  4.99420741E-04
3.60876227E-01  3.91094834E-02  5.03518444E-04
3.61174842E-01  3.99406776E-02  5.05740289E-04
3.61473457E-01  4.21502702E-02  5.19542897E-04
3.61772072E-01  4.36273366E-02  5.30112651E-04
3.62070687E-01  4.53349575E-02  5.43723814E-04
3.62369302E-01  4.58685942E-02  5.42985217E-04
3.62667917E-01  4.82601449E-02  5.56814892E-04
3.62966532E-01  5.01960553E-02  5.66076953E-04
3.63265147E-01  5.15147895E-02  5.75593207E-04
3.63563762E-01  5.22889122E-02  5.80057676E-04
3.63862377E-01  5.47265448E-02  5.91232500E-04
3.64160992E-01  5.28879426E-02  5.81678061E-04
3.64459607E-01  5.35654053E-02  5.85702888E-04
3.64758222E-01  5.27075715E-02  5.80995926E-04
3.65056837E-01  5.05112894E-02  5.69668133E-04
3.65355452E-01  4.84559126E-02  5.52996935E-04
3.65654067E-01  4.69477810E-02  5.48918557E-04
3.65952682E-01  4.41370420E-02  5.28331671E-04
3.66251297E-01  4.11655009E-02  5.15374704E-04
3.66549912E-01  4.03155200E-02  5.05208620E-04
3.66848527E-01  3.70605849E-02  4.81875526E-04
3.67147142E-01  3.74426916E-02  4.91392508E-04
3.67445757E-01  3.53932343E-02  4.72750980E-04
3.67744372E-01  3.62707675E-02  4.79829148E-04
3.68042987E-01  3.39324847E-02  4.63136908E-04
3.68341602E-01  3.43098491E-02  4.65949735E-04
3.68640217E-01  3.49103138E-02  4.72235552E-04
3.68938832E-01  3.40875424E-02  4.60726616E-04
3.69237447E-01  3.43811624E-02  4.66316560E-04
3.69536062E-01  3.26935388E-02  4.52725304E-04
3.69834677E-01  3.26369740E-02  4.55050293E-04
3.70133292E-01  3.37196402E-02  4.63875622E-04
3.70431907E-01  3.22765522E-02  4.47983097E-04
3.70730522E-01  3.34017649E-02  4.59155184E-04
3.71029137E-01  3.33231241E-02  4.56010748E-04
3.71327752E-01  3.22326310E-02  4.50464693E-04
3.71626367E-01  3.18770111E-02  4.47509636E-04
3.71924982E-01  3.18402685E-02  4.46905702E-04
3.72223597E-01  3.29169221E-02  4.56651265E-04
3.72522212E-01  3.27573232E-02  4.50509280E-04
3.72820827E-01  3.31055634E-02  4.54997498E-04
3.73119442E-01  3.24283801E-02  4.50437627E-04
3.73418057E-01  3.27641666E-02  4.50560823E-04
3.73716672E-01  3.16347480E-02  4.48145380E-04
3.74015287E-01  3.22897620E-02  4.45810903E-04
3.74313902E-01  3.22751962E-02  4.47877974E-04
3.74612517E-01  3.30477580E-02  4.54374705E-04
3.74911132E-01  3.23232822E-02  4.48674866E-04
3.75209747E-01  3.16113159E-02  4.44393110E-04
3.75508362E-01  3.29750739E-02  4.50868043E-04
3.75806977E-01  3.20569277E-02  4.46139631E-04
3.76105592E-01  3.21834609E-02  4.46906284E-04
3.76404207E-01  3.15208957E-02  4.42510209E-04
3.76702822E-01  3.22280377E-02  4.45511076E-04
3.77001437E-01  3.16051394E-02  4.41522803E-04
3.77300052E-01  3.22979279E-02  4.49319690E-04
3.77598667E-01  3.20929252E-02  4.46857041E-04
3.77897282E-01  3.15610655E-02  4.39878146E-04
3.78195897E-01  3.23337205E-02  4.44557401E-04
3.78494512E-01  3.20865996E-02  4.45561280E-04
3.78793127E-01  3.10231335E-02  4.37336130E-04
3.79091742E-01  3.19537334E-02  4.42948192E-04
3.79390357E-01  3.19545045E-02  4.42618853E-04
3.79688972E-01  3.13058496E-02  4.38326620E-04
3.79987587E-01  3.17825899E-02  4.40872420E-04
3.80286202E-01  3.14215124E-02  4.39472438E-04
3.80584817E-01  3.17720808E-02  4.41918732E-04
3.80883432E-01  3.21811810E-02  4.42962832E-04
3.81182047E-01  3.23891006E-02  4.45740327E-04
3.81480662E-01  3.24670933E-02  4.46391146E-04
3.81779277E-01  3.25958878E-02  4.43697121E-04
3.82077892E-01  3.26455198E-02  4.47619095E-04
3.82376507E-01  3.18500176E-02  4.41129232E-04
3.82675122E-01  3.22450511E-02  4.44643025E-04
3.82973737E-01  3.17370296E-02  4.39353636E-04
3.83272352E-01  3.30036432E-02  4.45142447E-04
3.83570967E-01  3.20302546E-02  4.42270160E-04
3.83869582E-01  3.25846300E-02  4.44740377E-04
3.84168197E-01  3.29170339E-02  4.47902625E-04
3.84466812E-01  3.25638875E-02  4.43713914E-04
3.84765427E-01  3.26941907E-02  4.44048987E-04
3.85064042E-01  3.22509669E-02  4.44471138E-04
3.85362657E-01  3.22803818E-02  4.41782700E-04
3.85661272E-01  3.26529294E-02  4.41255805E-04
3.85959887E-01  3.18585820E-02  4.40319680E-04
3.86258502E-01  3.25732119E-02  4.41917044E-04
3.86557117E-01  3.24240290E-02  4.46686521E-04
3.86855732E-01  3.18653286E-02  4.36552335E-04
3.87154347E-01  3.30649652E-02  4.44476143E-04
3.87452962E-01  3.26405354E-02  4.45586425E-04
3.87751577E-01  3.15892622E-02  4.33380716E-04
3.88050192E-01  3.28964666E-02  4.47332975E-04
3.88348807E-01  3.28631662E-02  4.40848322E-04
3.88647422E-01  3.22770812E-02  4.40460630E-04
3.88946037E-01  3.23054492E-02  4.39784373E-04
3.89244652E-01  3.30949798E-02  4.46009421E-04
3.89543267E-01  3.28470208E-02  4.44447156E-04
3.89841882E-01  3.22629698E-02  4.37024835E-04
3.90140497E-01  3.25858854E-02  4.43560944E-04
3.90439112E-01  3.29413116E-02  4.44868609E-04
3.90737727E-01  3.28736268E-02  4.39645752E-04
3.91036342E-01  3.32252420E-02  4.47561732E-04
3.91334957E-01  3.30702662E-02  4.41604701E-04
3.91633572E-01  3.30623835E-02  4.45691578E-04
3.91932187E-01  3.30074951E-02  4.41081211E-04
3.92230802E-01  3.23002338E-02  4.37609851E-04
3.92529417E-01  3.27025801E-02  4.43264405E-04
3.92828032E-01  3.29071395E-02  4.40093951E-04
3.93126647E-01  3.24157365E-02  4.38933086E-04
3.93425262E-01  3.37238945E-02  4.46175371E-04
3.93723877E-01  3.29946578E-02  4.43491008E-04
3.94022492E-01  3.26784365E-02  4.41037089E-04
3.94321107E-01  3.31378356E-02  4.41641576E-04
3.94619722E-01  3.28874700E-02  4.40185337E-04
3.94918337E-01  3.39164510E-02  4.46694641E-04
3.95216952E-01  3.27855982E-02  4.40362870E-04
3.95515567E-01  3.32766250E-02  4.44083242E-04
3.95814182E-01  3.35079245E-02  4.41544020E-04
3.96112797E-01  3.34353186E-02  4.44384466E-04
3.96411412E-01  3.41000222E-02  4.47909697E-04
3.96710027E-01  3.33339162E-02  4.43389377E-04
3.97008642E-01  3.39534059E-02  4.45331272E-04
3.97307257E-01  3.29039097E-02  4.39031108E-04
3.97605872E-01  3.27619091E-02  4.39252937E-04
3.97904487E-01  3.30936536E-02  4.42548771E-04
3.98203102E-01  3.30428630E-02  4.37433249E-04
3.98501717E-01  3.26837860E-02  4.36094037E-04
3.98800332E-01  3.35298069E-02  4.42447403E-04
3.99098947E-01  3.35245468E-02  4.42840887E-04
3.99397562E-01  3.37304585E-02  4.45599755E-04
3.99696177E-01  3.42428125E-02  4.47131664E-04
3.99994792E-01  3.40231284E-02  4.44414676E-04
4.00293407E-01  3.34069468E-02  4.41750220E-04
4.00592022E-01  3.38424407E-02  4.43342287E-04
4.00890637E-01  3.30427885E-02  4.37969866E-04
4.01189252E-01  3.32232229E-02  4.38745745E-04
4.01487867E-01  3.39967459E-02  4.45746380E-04
4.01786482E-01  3.35434824E-02  4.42127755E-04
4.02085097E-01  3.43252346E-02  4.43432597E-04
4.02383712E-01  3.37908641E-02  4.45582002E-04
4.02682327E-01  3.40597704E-02  4.41405049E-04
4.02980942E-01  3.35399769E-02  4.42004763E-04
4.03279557E-01  3.35921273E-02  4.40554868E-04
4.03578172E-01  3.36683393E-02  4.38659132E-04
4.03876787E-01  3.38763371E-02  4.43900644E-04
4.04175402E-01  3.42285410E-02  4.42923250E-04
4.04474017E-01  3.33982371E-02  4.40022239E-04
4.04772632E-01  3.41925696E-02  4.42902994E-04
4.05071247E-01  3.35320458E-02  4.39125375E-04
4.05369862E-01  3.33511122E-02  4.41940123E-04
4.05668477E-01  3.41838486E-02  4.39230178E-04
4.05967092E-01  3.32022421E-02  4.36758186E-04
4.06265707E-01  3.42494734E-02  4.42860561E-04
4.06564322E-01  3.40776481E-02  4.41229378E-04
4.06862937E-01  3.39438878E-02  4.44785779E-04
4.07161552E-01  3.35440561E-02  4.36226110E-04
4.07460167E-01  3.29531245E-02  4.35330672E-04
4.07758782E-01  3.33460160E-02  4.34128160E-04
4.08057397E-01  3.41495425E-02  4.41494602E-04
4.08356012E-01  3.35404500E-02  4.39197785E-04
4.08654627E-01  3.33976075E-02  4.34468588E-04
4.08953242E-01  3.26255113E-02  4.33889800E-04
4.09251857E-01  3.42141762E-02  4.40676085E-04
4.09550472E-01  3.32522616E-02  4.34642221E-04
4.09849087E-01  3.36362496E-02  4.37351089E-04
4.10147702E-01  3.34297009E-02  4.34078771E-04
4.10446317E-01  3.36430743E-02  4.40089032E-04
4.10744932E-01  3.29902880E-02  4.33034409E-04
4.11043547E-01  3.31769660E-02  4.30543034E-04
4.11342162E-01  3.37764062E-02  4.38063958E-04
4.11640777E-01  3.40918861E-02  4.40933480E-04
4.11939392E-01  3.35335769E-02  4.37721435E-04
4.12238007E-01  3.39791812E-02  4.36024886E-04
4.12536622E-01  3.39490585E-02  4.38061485E-04
4.12835237E-01  3.42591368E-02  4.38427727E-04
4.13133852E-01  3.41633148E-02  4.39547264E-04
4.13432467E-01  3.34508270E-02  4.34536283E-04
4.13731082E-01  3.29597555E-02  4.29938314E-04
4.14029697E-01  3.31841931E-02  4.33308509E-04
4.14328312E-01  3.34919356E-02  4.33900335E-04
4.14626927E-01  3.39112282E-02  4.37828538E-04
4.14925542E-01  3.38880010E-02  4.33855836E-04
4.15224157E-01  3.35098132E-02  4.34423739E-04
4.15522772E-01  3.41730453E-02  4.39417927E-04
4.15821387E-01  3.29222269E-02  4.28320578E-04
4.16120002E-01  3.27250920E-02  4.27824678E-04
4.16418617E-01  3.33278514E-02  4.32646862E-04
4.16717232E-01  3.48278806E-02  4.41460899E-04
4.17015847E-01  3.34479697E-02  4.34133050E-04
4.17314462E-01  3.37438062E-02  4.30390297E-04
4.17613077E-01  3.30140330E-02  4.29915410E-04
4.17911692E-01  3.36645506E-02  4.32736357E-04
4.18210307E-01  3.28467116E-02  4.30519780E-04
4.18508922E-01  3.38250026E-02  4.32482571E-04
4.18807537E-01  3.26346532E-02  4.24903003E-04
4.19106152E-01  3.28081064E-02  4.28580417E-04
4.19404767E-01  3.27629894E-02  4.27991064E-04
4.19703382E-01  3.23367193E-02  4.21811215E-04
4.20001997E-01  3.25718708E-02  4.25276812E-04
4.20300612E-01  3.25117297E-02  4.23338410E-04
4.20599227E-01  3.28076668E-02  4.28684434E-04
4.20897842E-01  3.24703716E-02  4.23843187E-04
4.21196457E-01  3.27671133E-02  4.24616941E-04
4.21495072E-01  3.11206505E-02  4.15607530E-04
4.21793687E-01  3.21306363E-02  4.20953438E-04
4.22092302E-01  3.12641338E-02  4.17523697E-04
4.22390917E-01  3.18552591E-02  4.15389542E-04
4.22689532E-01  3.11317332E-02  4.16163937E-04
4.22988147E-01  3.18523794E-02  4.18278301E-04
4.23286762E-01  3.11846584E-02  4.16425202E-04
4.23585377E-01  3.18864509E-02  4.18221171E-04
4.23883992E-01  3.15170996E-02  4.14950191E-04
4.24182607E-01  3.18136811E-02  4.17087431E-04
4.24481222E-01  3.09431311E-02  4.13679692E-04
4.24779837E-01  3.17523740E-02  4.17252944E-04
4.25078452E-01  3.05365603E-02  4.07625455E-04
4.25377067E-01  3.10886744E-02  4.14184440E-04
4.25675682E-01  3.07216812E-02  4.08678985E-04
4.25974297E-01  3.09707914E-02  4.13495582E-04
4.26272912E-01  3.12460959E-02  4.10777400E-04
4.26571527E-01  3.11203189E-02  4.14495677E-04
4.26870142E-01  3.13283503E-02  4.12608235E-04
4.27168757E-01  3.14652659E-02  4.14160080E-04
4.27467372E-01  3.09191681E-02  4.09175613E-04
4.27765987E-01  3.03756613E-02  4.08030348E-04
4.28064602E-01  3.03185023E-02  4.05909814E-04
4.28363217E-01  3.03022377E-02  4.06897248E-04
4.28661832E-01  3.01691350E-02  4.05365863E-04
4.28960447E-01  3.13019753E-02  4.12260852E-04
4.29259062E-01  3.08068544E-02  4.08441032E-04
4.29557677E-01  3.11341304E-02  4.11157205E-04
4.29856292E-01  3.13510969E-02  4.10846289E-04
4.30154907E-01  3.09826937E-02  4.09335829E-04
4.30453522E-01  3.07152048E-02  4.09027358E-04
4.30752137E-01  3.12095396E-02  4.11293207E-04
4.31050752E-01  3.03909108E-02  4.04243125E-04
4.31349367E-01  3.09795085E-02  4.08865773E-04
4.31647982E-01  2.99278479E-02  4.01688943E-04
4.31946597E-01  3.12042814E-02  4.12371388E-04
4.32245212E-01  3.06195058E-02  4.05139028E-04
4.32543827E-01  3.07552833E-02  4.08116175E-04
4.32842442E-01  3.04836147E-02  4.08596708E-04
4.33141057E-01  3.04512978E-02  4.03940096E-04
4.33439672E-01  3.00268698E-02  4.03709506E-04
4.33738287E-01  3.12817134E-02  4.09866625E-04
4.34036902E-01  3.04913539E-02  4.06732172E-04
4.34335517E-01  3.10623739E-02  4.10066568E-04
4.34634132E-01  3.06600146E-02  4.07858664E-04
4.34932747E-01  3.08960043E-02  4.07338201E-04
4.35231362E-01  3.19698080E-02  4.14633250E-04
4.35529977E-01  3.10448054E-02  4.10874258E-04
4.35828592E-01  3.05522587E-02  4.06965701E-04
4.36127207E-01  3.08501869E-02  4.06592793E-04
4.36425822E-01  3.08952425E-02  4.07611660E-04
4.36724437E-01  3.06755789E-02  4.06521984E-04
4.37023052E-01  3.05574816E-02  4.05920466E-04
4.37321667E-01  3.08271497E-02  4.05374827E-04
4.37620282E-01  3.12915519E-02  4.11410554E-04
4.37918897E-01  3.06549780E-02  4.06391744E-04
4.38217512E-01  3.05265561E-02  4.06263105E-04
4.38516127E-01  3.07488497E-02  4.05222032E-04
4.38814742E-01  3.09010111E-02  4.04185208E-04
4.39113357E-01  3.11239697E-02  4.09313390E-04
4.39411972E-01  3.06556206E-02  4.06043604E-04
4.39710587E-01  3.14804390E-02  4.09840402E-04
4.40009202E-01  3.03737260E-02  4.04086022E-04
4.40307817E-01  2.99139302E-02  3.97511962E-04
4.40606432E-01  3.05193514E-02  4.05056722E-04
4.40905047E-01  3.07831913E-02  4.05639381E-04
4.41203662E-01  3.01339459E-02  3.98889009E-04
4.41502277E-01  2.98544578E-02  3.99125216E-04
4.41800892E-01  3.04387007E-02  4.02394624E-04
4.42099507E-01  2.94296611E-02  3.95930634E-04
4.42398122E-01  3.01447399E-02  3.99662677E-04
4.42696737E-01  2.93311644E-02  3.94320145E-04
4.42995352E-01  2.98114531E-02  3.98407865E-04
4.43293967E-01  2.96934694E-02  3.98758682E-04
4.43592582E-01  2.95246523E-02  3.97712836E-04
4.43891197E-01  2.98559237E-02  3.96112126E-04
4.44189812E-01  2.97672339E-02  3.98994482E-04
4.44488427E-01  2.89361756E-02  3.91494395E-04
4.44787042E-01  2.95955520E-02  3.97407915E-04
4.45085657E-01  2.96675954E-02  3.96414544E-04
4.45384272E-01  2.94505563E-02  3.95567913E-04
4.45682887E-01  2.94110533E-02  3.98101489E-04
4.45981502E-01  2.91914530E-02  3.92797025E-04
4.46280117E-01  2.93511786E-02  3.94731906E-04
4.46578732E-01  2.90763415E-02  3.93138995E-04
4.46877347E-01  2.91382335E-02  3.94336443E-04
4.47175962E-01  2.92800162E-02  3.99264711E-04
4.47474577E-01  2.83363033E-02  3.86252534E-04
4.47773192E-01  2.86911409E-02  3.90617846E-04
4.48071807E-01  2.92657278E-02  3.94511415E-04
4.48370422E-01  2.94442587E-02  3.96845979E-04
4.48669037E-01  2.88906153E-02  3.92063928E-04
4.48967652E-01  2.87002679E-02  3.90344387E-04
4.49266267E-01  2.88606305E-02  3.93071125E-04
4.49564882E-01  2.89613474E-02  3.93931696E-04
4.49863497E-01  2.82212682E-02  3.87247273E-04
4.50162112E-01  2.94372365E-02  3.96895543E-04
4.50460727E-01  2.88347807E-02  3.92901304E-04
4.50759342E-01  2.90084109E-02  3.94170958E-04
4.51057957E-01  2.87290737E-02  3.91751993E-04
4.51356572E-01  2.84183323E-02  3.87083099E-04
4.51655187E-01  2.85812709E-02  3.91781679E-04
4.51953802E-01  2.87519917E-02  3.91482608E-04
4.52252417E-01  2.91467551E-02  3.98114353E-04
4.52551032E-01  2.91330814E-02  3.93295457E-04
4.52849647E-01  2.82693543E-02  3.88272805E-04
4.53148262E-01  2.85202265E-02  3.89993424E-04
4.53446877E-01  2.88091674E-02  3.91535898E-04
4.53745492E-01  2.82894932E-02  3.88842949E-04
4.54044107E-01  2.90568806E-02  3.94866016E-04
4.54342722E-01  2.86144447E-02  3.91245208E-04
4.54641337E-01  2.85478514E-02  3.91654874E-04
4.54939952E-01  2.89022829E-02  3.92692600E-04
4.55238567E-01  2.84861457E-02  3.89600231E-04
4.55537182E-01  2.88251825E-02  3.94606439E-04
4.55835797E-01  2.85380241E-02  3.91593756E-04
4.56134412E-01  2.86333971E-02  3.91211885E-04
4.56433027E-01  2.81075239E-02  3.88031593E-04
4.56731642E-01  2.82473862E-02  3.88227490E-04
4.57030257E-01  2.83168238E-02  3.90252186E-04
4.57328872E-01  2.84259766E-02  3.90056259E-04
4.57627487E-01  2.77755037E-02  3.85399326E-04
4.57926102E-01  2.78392434E-02  3.86097963E-04
4.58224717E-01  2.90888604E-02  3.96069372E-04
4.58523332E-01  2.86019798E-02  3.91440815E-04
4.58821947E-01  2.87102796E-02  3.89868015E-04
4.59120562E-01  2.80126352E-02  3.88764514E-04
4.59419177E-01  2.87965853E-02  3.93993483E-04
4.59717792E-01  2.85577346E-02  3.92270653E-04
4.60016407E-01  2.87224520E-02  3.92099406E-04
4.60315022E-01  2.78339088E-02  3.85394407E-04
4.60613637E-01  2.84325406E-02  3.91067821E-04
4.60912252E-01  2.83557735E-02  3.91757494E-04
4.61210867E-01  2.80720070E-02  3.87726031E-04
4.61509482E-01  2.83272378E-02  3.93585738E-04
4.61808097E-01  2.85117812E-02  4.03783168E-04
4.62106712E-01  2.79886574E-02  4.01769445E-04
4.62405327E-01  2.80685630E-02  4.06023959E-04
4.62703942E-01  2.92256661E-02  4.13810194E-04
4.63002557E-01  2.88799126E-02  4.18901531E-04
4.63301172E-01  2.83128358E-02  4.16230236E-04
4.63599787E-01  2.78118160E-02  4.14732349E-04
4.63898402E-01  2.81005073E-02  4.18804557E-04
4.64197017E-01  2.78790034E-02  4.17689356E-04
4.64495632E-01  2.70589925E-02  4.16686875E-04
4.64794247E-01  2.92051248E-02  4.33585432E-04
4.65092862E-01  2.85955835E-02  4.26894869E-04
4.65391477E-01  2.84896623E-02  4.32506349E-04
4.65690092E-01  2.85270046E-02  4.32674569E-04
4.65988707E-01  2.83412635E-02  4.35042341E-04
4.66287322E-01  2.81341337E-02  4.33809357E-04
4.66585937E-01  2.88735647E-02  4.39959753E-04
4.66884552E-01  2.84243505E-02  4.41924203E-04
4.67183167E-01  2.80372109E-02  4.40779986E-04
4.67481782E-01  2.87164599E-02  4.40594071E-04
4.67780397E-01  2.87458822E-02  4.47085331E-04
4.68079012E-01  2.73485593E-02  4.37590934E-04
4.68377627E-01  2.82060597E-02  4.46983788E-04
4.68676242E-01  2.81605665E-02  4.47670405E-04
4.68974857E-01  2.82035004E-02  4.48013394E-04
4.69273472E-01  2.85902452E-02  4.55364934E-04
4.69572087E-01  2.81468369E-02  4.50479129E-04
4.69870702E-01  2.86664311E-02  4.56520473E-04
4.70169317E-01  2.79036313E-02  4.52716224E-04
4.70467932E-01  2.85019167E-02  4.58517083E-04
4.70766547E-01  2.87338831E-02  4.65207879E-04
4.71065162E-01  2.73087285E-02  4.53385728E-04
4.71363777E-01  2.80333534E-02  4.56264388E-04
4.71662392E-01  2.85986923E-02  4.66145371E-04
4.71961007E-01  2.82589961E-02  4.64826357E-04
4.72259622E-01  2.85113547E-02  4.70315368E-04
4.72558237E-01  2.79038046E-02  4.62628173E-04
4.72856852E-01  2.83811893E-02  4.59799106E-04
4.73155467E-01  2.86719631E-02  4.58648690E-04
4.73454082E-01  2.89845690E-02  4.55673638E-04
4.73752697E-01  2.79050302E-02  4.40282660E-04
4.74051312E-01  2.89247856E-02  4.48513689E-04
4.74349927E-01  2.81897467E-02  4.40142554E-04
4.74648542E-01  2.87353992E-02  4.44509526E-04
4.74947157E-01  2.89192032E-02  4.41578886E-04
4.75245772E-01  2.92199757E-02  4.43134020E-04
4.75544387E-01  2.89200824E-02  4.40005038E-04
4.75843002E-01  2.86852568E-02  4.39185824E-04
4.76141617E-01  2.85167098E-02  4.34068905E-04
4.76440232E-01  2.89886147E-02  4.37766634E-04
4.76738847E-01  2.83629429E-02  4.31378663E-04
4.77037462E-01  2.92476956E-02  4.38293791E-04
4.77336077E-01  2.88274456E-02  4.36079281E-04
4.77634692E-01  2.96682902E-02  4.38484887E-04
4.77933307E-01  2.88251527E-02  4.32788627E-04
4.78231922E-01  2.97268946E-02  4.36829694E-04
4.78530537E-01  2.96425354E-02  4.40419186E-04
4.78829152E-01  2.96742320E-02  4.34045389E-04
4.79127767E-01  2.97495704E-02  4.36081347E-04
4.79426382E-01  2.97201667E-02  4.38295247E-04
4.79724997E-01  3.04469839E-02  4.41631826E-04
4.80023612E-01  2.97934208E-02  4.35835362E-04
4.80322227E-01  3.11010201E-02  4.43441386E-04
4.80620842E-01  3.09073273E-02  4.44261590E-04
4.80919457E-01  2.99968328E-02  4.36297385E-04
4.81218072E-01  3.07324789E-02  4.41156270E-04
4.81516687E-01  3.12393215E-02  4.45594516E-04
4.81815302E-01  3.27995941E-02  4.52117965E-04
4.82113917E-01  3.19144242E-02  4.50977503E-04
4.82412532E-01  3.24912183E-02  4.51615546E-04
4.82711147E-01  3.26367877E-02  4.51463537E-04
4.83009762E-01  3.33564542E-02  4.57711401E-04
4.83308377E-01  3.36970352E-02  4.60998068E-04
4.83606992E-01  3.45712826E-02  4.64180019E-04
4.83905607E-01  3.49110663E-02  4.67899430E-04
4.84204222E-01  3.50257680E-02  4.66388825E-04
4.84502837E-01  3.57875489E-02  4.74475703E-04
4.84801452E-01  3.59496213E-02  4.73472377E-04
4.85100067E-01  3.54397409E-02  4.67000151E-04
4.85398682E-01  3.53103019E-02  4.68766695E-04
4.85697297E-01  3.56972292E-02  4.71088919E-04
4.85995912E-01  3.55931744E-02  4.71732841E-04
4.86294527E-01  3.51947993E-02  4.65391524E-04
4.86593142E-01  3.57086100E-02  4.69850143E-04
4.86891757E-01  3.45326103E-02  4.62993456E-04
4.87190372E-01  3.41930576E-02  4.61184885E-04
4.87488987E-01  3.44247930E-02  4.58427094E-04
4.87787602E-01  3.36253196E-02  4.56527079E-04
4.88086217E-01  3.24680656E-02  4.46446677E-04
4.88384832E-01  3.17779072E-02  4.42685414E-04
4.88683447E-01  3.18596549E-02  4.44385107E-04
4.88982062E-01  3.11494078E-02  4.36521455E-04
4.89280677E-01  3.06544639E-02  4.35791619E-04
4.89579292E-01  2.97464710E-02  4.27443010E-04
4.89877907E-01  3.07071805E-02  4.33744950E-04
4.90176522E-01  2.94683501E-02  4.23840567E-04
4.90475137E-01  3.00334059E-02  4.29180043E-04
4.90773752E-01  2.99270377E-02  4.28097381E-04
4.91072367E-01  2.98588648E-02  4.28042840E-04
4.91370982E-01  2.95111686E-02  4.24368627E-04
4.91669597E-01  2.93582901E-02  4.24015510E-04
4.91968212E-01  2.92867310E-02  4.24356258E-04
4.92266827E-01  2.95688380E-02  4.25858860E-04
4.92565442E-01  2.87713315E-02  4.17766307E-04
4.92864057E-01  2.90632416E-02  4.21250646E-04
4.93162672E-01  2.88780537E-02  4.20648343E-04
4.93461287E-01  2.88292859E-02  4.20294848E-04
4.93759902E-01  2.87096165E-02  4.16081399E-04
4.94058517E-01  2.91230362E-02  4.21057164E-04
4.94357132E-01  2.86614783E-02  4.16874944E-04
4.94655747E-01  2.85452418E-02  4.19284566E-04
4.94954362E-01  2.86572073E-02  4.14886366E-04
4.95252977E-01  2.92347986E-02  4.21660632E-04
4.95551592E-01  2.78881062E-02  4.13077825E-04
4.95850207E-01  2.90061180E-02  4.20643657E-04
4.96148822E-01  2.87570916E-02  4.16027353E-04
4.96447437E-01  2.79561803E-02  4.12550289E-04
4.96746052E-01  2.79497765E-02  4.11783782E-04
4.97044667E-01  2.77949497E-02  4.13333502E-04
4.97343282E-01  2.93545667E-02  4.19607939E-04
4.97641897E-01  2.77551450E-02  4.07415675E-04
4.97940512E-01  2.77407188E-02  4.11481917E-04
4.98239127E-01  2.88444161E-02  4.18122858E-04
4.98537742E-01  2.86437254E-02  4.17500909E-04
4.98836357E-01  2.80135311E-02  4.10325301E-04
4.99134972E-01  2.84693874E-02  4.15401271E-04
4.99433587E-01  2.86165774E-02  4.17726871E-04
4.99732202E-01  2.79830713E-02  4.10717126E-04
5.00030817E-01  2.85455268E-02  4.14312904E-04
5.00329432E-01  2.86755711E-02  4.16288094E-04
5.00628047E-01  2.86093485E-02  4.15808958E-04
5.00926662E-01  2.79849116E-02  4.13514936E-04
5.01225277E-01  2.84855608E-02  4.12358146E-04
5.01523892E-01  2.78702322E-02  4.08182561E-04
5.01822507E-01  2.78013777E-02  4.09597415E-04
5.02121122E-01  2.75565907E-02  4.08705790E-04
5.02419737E-01  2.83550322E-02  4.13864909E-04
5.02718352E-01  2.75426228E-02  4.07692278E-04
5.03016967E-01  2.83374693E-02  4.13432426E-04
5.03315582E-01  2.82263309E-02  4.13753063E-04
5.03614197E-01  2.83144675E-02  4.11132525E-04
5.03912812E-01  2.81896219E-02  4.12153633E-04
5.04211427E-01  2.85506509E-02  4.13864502E-04
5.04510042E-01  2.84557547E-02  4.15335031E-04
5.04808657E-01  2.73975469E-02  4.04130551E-04
5.05107272E-01  2.82709282E-02  4.12857276E-04
5.05405887E-01  2.71095391E-02  4.02695878E-04
5.05704502E-01  2.83313952E-02  4.14847716E-04
5.06003117E-01  2.76812110E-02  4.07826999E-04
5.06301732E-01  2.72159390E-02  4.04187216E-04
5.06600347E-01  2.82793809E-02  4.10493260E-04
5.06898962E-01  2.81092525E-02  4.11992631E-04
5.07197577E-01  2.83327308E-02  4.14556300E-04
5.07496192E-01  2.81899702E-02  4.08550288E-04
5.07794807E-01  2.82136202E-02  4.14100970E-04
5.08093422E-01  2.83520035E-02  4.12242895E-04
5.08392037E-01  2.88195424E-02  4.16451745E-04
5.08690652E-01  2.78308038E-02  4.07037965E-04
5.08989267E-01  2.86824536E-02  4.14643961E-04
5.09287882E-01  2.79645324E-02  4.10843495E-04
5.09586497E-01  2.77384929E-02  4.07566607E-04
5.09885112E-01  2.75543183E-02  4.05913452E-04
5.10183727E-01  2.84137391E-02  4.12704510E-04
5.10482342E-01  2.72574853E-02  4.03427402E-04
5.10780957E-01  2.73471810E-02  4.05288010E-04
5.11079572E-01  2.73355395E-02  4.04405524E-04
5.11378187E-01  2.73492411E-02  4.04608203E-04
5.11676802E-01  2.85734460E-02  4.16653609E-04
5.11975417E-01  2.72977352E-02  4.03140992E-04
5.12274032E-01  2.79814918E-02  4.08761261E-04
5.12572647E-01  2.76642069E-02  4.06738633E-04
5.12871262E-01  2.74176542E-02  4.04427148E-04
5.13169877E-01  2.69965082E-02  4.04195511E-04
5.13468492E-01  2.79747695E-02  4.06628940E-04
5.13767107E-01  2.83769052E-02  4.11043729E-04
5.14065722E-01  2.81963479E-02  4.12163878E-04
5.14364337E-01  2.78169885E-02  4.08675842E-04
5.14662952E-01  2.78018136E-02  4.07661748E-04
5.14961567E-01  2.75618322E-02  4.04708844E-04
5.15260182E-01  2.76365150E-02  4.07655461E-04
5.15558797E-01  2.71303132E-02  4.02516278E-04
5.15857412E-01  2.77346857E-02  4.06677427E-04
5.16156027E-01  2.68635601E-02  4.01127414E-04
5.16454642E-01  2.72799991E-02  4.04425606E-04
5.16753257E-01  2.69436035E-02  4.00939374E-04
5.17051872E-01  2.72892471E-02  4.05097264E-04
5.17350487E-01  2.77532786E-02  4.05730621E-04
5.17649102E-01  2.80105285E-02  4.08706022E-04
5.17947717E-01  2.72417460E-02  4.02665552E-04
5.18246332E-01  2.74787415E-02  4.04712278E-04
5.18544947E-01  2.85069905E-02  4.13535832E-04
5.18843562E-01  2.72097252E-02  4.04317921E-04
5.19142177E-01  2.78838333E-02  4.07291198E-04
5.19440792E-01  2.80131754E-02  4.08136810E-04
5.19739407E-01  2.76691187E-02  4.06021689E-04
5.20038022E-01  2.71367747E-02  4.04082442E-04
5.20336637E-01  2.74357405E-02  4.04210499E-04
5.20635252E-01  2.79404279E-02  4.07813408E-04
5.20933867E-01  2.74869781E-02  4.04789665E-04
5.21232482E-01  2.76044048E-02  4.05159313E-04
5.21531097E-01  2.68392842E-02  4.01078054E-04
5.21829712E-01  2.79968865E-02  4.09335684E-04
5.22128327E-01  2.72702966E-02  4.03396174E-04
5.22426942E-01  2.77696326E-02  4.05191036E-04
5.22725557E-01  2.82492414E-02  4.10879031E-04
5.23024172E-01  2.73531657E-02  4.03519807E-04
5.23322787E-01  2.79288124E-02  4.08646243E-04
5.23621402E-01  2.77465656E-02  4.06414969E-04
5.23920017E-01  2.77899541E-02  4.08941181E-04
5.24218632E-01  2.70629954E-02  4.00110846E-04
5.24517247E-01  2.78867390E-02  4.07246727E-04
5.24815862E-01  2.73695104E-02  4.05041064E-04
5.25114477E-01  2.79414449E-02  4.07351239E-04
5.25413092E-01  2.80130953E-02  4.08874039E-04
5.25711707E-01  2.74405554E-02  4.05073544E-04
5.26010322E-01  2.66149119E-02  3.96795775E-04
5.26308937E-01  2.68213712E-02  3.99696175E-04
5.26607552E-01  2.72550080E-02  4.02817590E-04
5.26906167E-01  2.70415992E-02  4.00847290E-04
5.27204782E-01  2.69308928E-02  4.02491947E-04
5.27503397E-01  2.73867510E-02  4.03795624E-04
5.27802012E-01  2.75969803E-02  4.05443570E-04
5.28100627E-01  2.66124904E-02  3.99027776E-04
5.28399242E-01  2.71172654E-02  3.99085489E-04
5.28697857E-01  2.73922794E-02  4.04537219E-04
5.28996472E-01  2.73939874E-02  4.03858430E-04
5.29295087E-01  2.75771748E-02  4.06603242E-04
5.29593702E-01  2.70984676E-02  4.00503981E-04
5.29892317E-01  2.77648401E-02  4.06290550E-04
5.30190932E-01  2.74955723E-02  4.06106992E-04
5.30489547E-01  2.71319207E-02  4.01833124E-04
5.30788162E-01  2.73169298E-02  4.02416365E-04
5.31086777E-01  2.77981088E-02  4.07038955E-04
5.31385392E-01  2.76290867E-02  4.03828715E-04
5.31684007E-01  2.73113474E-02  4.03562095E-04
5.31982622E-01  2.78227367E-02  4.07224987E-04
5.32281237E-01  2.73685288E-02  4.03790356E-04
5.32579852E-01  2.69427970E-02  4.01327474E-04
5.32878467E-01  2.71829683E-02  4.02324513E-04
5.33177082E-01  2.71405820E-02  4.02801641E-04
5.33475697E-01  2.73549985E-02  4.01541940E-04
5.33774312E-01  2.88222674E-02  4.13778354E-04
5.34072927E-01  2.68176030E-02  4.01787198E-04
5.34371542E-01  2.77084317E-02  4.04427235E-04
5.34670157E-01  2.71605942E-02  3.99636629E-04
5.34968772E-01  2.70711035E-02  4.02792066E-04
5.35267387E-01  2.81642303E-02  4.09037282E-04
5.35566002E-01  2.73697898E-02  4.04912222E-04
5.35864617E-01  2.75724065E-02  4.03345097E-04
5.36163232E-01  2.76242066E-02  4.06194391E-04
5.36461847E-01  2.76180450E-02  4.05753031E-04
5.36760462E-01  2.72255056E-02  4.02074278E-04
5.37059077E-01  2.70502679E-02  4.00097604E-04
5.37357692E-01  2.79619936E-02  4.09482571E-04
5.37656307E-01  2.79380810E-02  4.05924162E-04
5.37954922E-01  2.73898430E-02  4.06680192E-04
5.38253537E-01  2.76027024E-02  4.00966645E-04
5.38552152E-01  2.72137895E-02  4.01901256E-04
5.38850767E-01  2.68679634E-02  4.00613004E-04
5.39149382E-01  2.73908898E-02  4.04693274E-04
5.39447997E-01  2.70246305E-02  4.00507764E-04
5.39746612E-01  2.75462661E-02  4.05048369E-04
5.40045227E-01  2.64314190E-02  3.95513343E-04
5.40343842E-01  2.69494560E-02  4.01426660E-04
5.40642457E-01  2.76128761E-02  4.04456747E-04
5.40941072E-01  2.74885446E-02  4.03154932E-04
5.41239687E-01  2.70518605E-02  4.03984159E-04
5.41538302E-01  2.76859030E-02  4.05787665E-04
5.41836917E-01  2.74897087E-02  4.03954764E-04
5.42135532E-01  2.70201843E-02  3.97786003E-04
5.42434147E-01  2.67469622E-02  3.98853124E-04
5.42732762E-01  2.67673358E-02  4.00181627E-04
5.43031377E-01  2.75358036E-02  4.07190033E-04
5.43329992E-01  2.66896598E-02  3.95543466E-04
5.43628607E-01  2.79078409E-02  4.07424610E-04
5.43927222E-01  2.70522442E-02  4.01623314E-04
5.44225837E-01  2.73192208E-02  4.03898972E-04
5.44524452E-01  2.74353437E-02  4.01813275E-04
5.44823067E-01  2.70980410E-02  4.01772239E-04
5.45121682E-01  2.74719168E-02  4.04042483E-04
5.45420297E-01  2.77548004E-02  4.06317704E-04
5.45718912E-01  2.75534689E-02  4.03759885E-04
5.46017527E-01  2.68249698E-02  3.99262441E-04
5.46316142E-01  2.72564851E-02  4.01874946E-04
5.46614757E-01  2.70539001E-02  4.02937731E-04
5.46913372E-01  2.67936066E-02  3.96909658E-04
5.47211987E-01  2.74217911E-02  4.03785903E-04
5.47510602E-01  2.71819979E-02  4.02707316E-04
5.47809217E-01  2.76591387E-02  4.04743798E-04
5.48107832E-01  2.76456401E-02  4.06729494E-04
5.48406447E-01  2.70937458E-02  4.00784542E-04
5.48705062E-01  2.67739426E-02  3.97447788E-04
5.49003677E-01  2.70860102E-02  4.03192418E-04
5.49302292E-01  2.74541564E-02  4.01400583E-04
5.49600907E-01  2.71567591E-02  4.02731384E-04
5.49899522E-01  2.64923982E-02  3.96514602E-04
5.50198137E-01  2.71021873E-02  4.02231817E-04
5.50496752E-01  2.75224820E-02  4.03956888E-04
5.50795367E-01  2.77080238E-02  4.04335151E-04
5.51093982E-01  2.67984923E-02  3.99000972E-04
5.51392597E-01  2.73435060E-02  4.04125545E-04
5.51691212E-01  2.74954382E-02  4.03864600E-04
5.51989827E-01  2.71548461E-02  4.01162019E-04
5.52288442E-01  2.76814718E-02  4.03175742E-04
5.52587057E-01  2.70375591E-02  3.99909652E-04
5.52885672E-01  2.71588471E-02  4.01002384E-04
5.53184287E-01  2.71420293E-02  3.99233832E-04
5.53482902E-01  2.69501302E-02  3.98398668E-04
5.53781517E-01  2.67132800E-02  3.97512020E-04
5.54080132E-01  2.74838936E-02  4.02913429E-04
5.54378747E-01  2.70964429E-02  3.96807241E-04
5.54677362E-01  2.66830549E-02  3.95662879E-04
5.54975977E-01  2.71598268E-02  4.00536868E-04
5.55274592E-01  2.69253626E-02  3.97554977E-04
5.55573207E-01  2.65426636E-02  3.90417728E-04
5.55871822E-01  2.67443061E-02  3.94795585E-04
5.56170437E-01  2.73372028E-02  4.00204270E-04
5.56469052E-01  2.71802023E-02  3.99536075E-04
5.56767667E-01  2.72206161E-02  3.97731084E-04
5.57066282E-01  2.73223445E-02  3.99047101E-04
5.57364897E-01  2.72404980E-02  3.95621668E-04
5.57663512E-01  2.72881445E-02  3.98420147E-04
5.57962127E-01  2.65177693E-02  3.91451496E-04
5.58260742E-01  2.76338365E-02  3.97537166E-04
5.58559357E-01  2.67418567E-02  3.95362993E-04
5.58857972E-01  2.70733424E-02  3.97236377E-04
5.59156587E-01  2.70284321E-02  3.93164228E-04
5.59455202E-01  2.67247036E-02  3.93265567E-04
5.59753817E-01  2.72645466E-02  3.95345996E-04
5.60052432E-01  2.72378884E-02  3.96462798E-04
5.60351047E-01  2.68546715E-02  3.92551767E-04
5.60649662E-01  2.66359132E-02  3.89395631E-04
5.60948277E-01  2.75646672E-02  3.96870746E-04
5.61246892E-01  2.70378422E-02  3.93801369E-04
5.61545507E-01  2.73737535E-02  3.95683572E-04
5.61844122E-01  2.72769388E-02  3.92687420E-04
5.62142737E-01  2.70979889E-02  3.94803064E-04
5.62441352E-01  2.72189099E-02  3.92912043E-04
5.62739967E-01  2.78123748E-02  3.96712887E-04
5.63038582E-01  2.71788798E-02  3.93360155E-04
5.63337197E-01  2.66122259E-02  3.87972890E-04
5.63635812E-01  2.80375276E-02  4.01314930E-04
5.63934427E-01  2.75146477E-02  3.93951777E-04
5.64233042E-01  2.70063337E-02  3.89397435E-04
5.64531657E-01  2.67092269E-02  3.89138993E-04
5.64830272E-01  2.66598705E-02  3.88419925E-04
5.65128887E-01  2.70908941E-02  3.92004615E-04
5.65427502E-01  2.74999198E-02  3.92495713E-04
5.65726117E-01  2.73922011E-02  3.93086026E-04
5.66024732E-01  2.70828381E-02  3.90500558E-04
5.66323347E-01  2.76071094E-02  3.94628965E-04
5.66621962E-01  2.69804224E-02  3.86739091E-04
5.66920577E-01  2.75088605E-02  3.93747847E-04
5.67219192E-01  2.68125478E-02  3.89365363E-04
5.67517807E-01  2.71607935E-02  3.91706009E-04
5.67816422E-01  2.72086449E-02  3.87235661E-04
5.68115037E-01  2.78625358E-02  3.94549017E-04
5.68413652E-01  2.68516541E-02  3.87772248E-04
5.68712267E-01  2.80111209E-02  3.96057847E-04
5.69010882E-01  2.70279441E-02  3.87978711E-04
5.69309497E-01  2.75895689E-02  3.92259943E-04
5.69608112E-01  2.71190181E-02  3.89526889E-04
5.69906727E-01  2.78109182E-02  3.93384456E-04
5.70205342E-01  2.69773789E-02  3.85863881E-04
5.70503957E-01  2.71093380E-02  3.89911118E-04
5.70802572E-01  2.75756959E-02  3.92260990E-04
5.71101187E-01  2.66556237E-02  3.86638363E-04
5.71399802E-01  2.70716250E-02  3.87688109E-04
5.71698417E-01  2.73088962E-02  3.90007714E-04
5.71997032E-01  2.76060719E-02  3.93930532E-04
5.72295647E-01  2.67071780E-02  3.87019914E-04
5.72594262E-01  2.73001436E-02  3.89684079E-04
5.72892877E-01  2.72376649E-02  3.86515138E-04
5.73191492E-01  2.69276388E-02  3.88262764E-04
5.73490107E-01  2.72827651E-02  3.91717302E-04
5.73788722E-01  2.69742478E-02  3.87447479E-04
5.74087337E-01  2.70224158E-02  3.88862070E-04
5.74385952E-01  2.75423154E-02  3.93582159E-04
5.74684567E-01  2.71623842E-02  3.90230300E-04
5.74983182E-01  2.75288094E-02  3.90882808E-04
5.75281797E-01  2.72690766E-02  3.87977867E-04
5.75580412E-01  2.72526070E-02  3.91243957E-04
5.75879027E-01  2.73125805E-02  3.90418834E-04
5.76177642E-01  2.71991249E-02  3.90234956E-04
5.76476257E-01  2.76190229E-02  3.91532783E-04
5.76774872E-01  2.68391408E-02  3.87915294E-04
5.77073487E-01  2.72895414E-02  3.90889036E-04
5.77372102E-01  2.77685579E-02  3.95124371E-04
5.77670717E-01  2.79349200E-02  3.93683935E-04
5.77969332E-01  2.83451136E-02  3.97926604E-04
5.78267947E-01  2.73310337E-02  3.91644106E-04
5.78566562E-01  2.71446053E-02  3.89412657E-04
5.78865177E-01  2.79572941E-02  3.93491617E-04
5.79163792E-01  2.70283278E-02  3.89027700E-04
5.79462407E-01  2.65989695E-02  3.85573308E-04
5.79761022E-01  2.65716072E-02  3.86887667E-04
5.80059637E-01  2.75731217E-02  3.90255154E-04
5.80358252E-01  2.74088234E-02  3.91674548E-04
5.80656867E-01  2.65796315E-02  3.86594940E-04
5.80955482E-01  2.76426505E-02  3.94251838E-04


### HEADER:
#
#{
#    "analysis": {},
#    "calibration_params": {
#        "Beam_Center_X": 1061.0,
#        "Beam_Center_Y": 2093.0,
#        "Detector Tilt": 0.0,
#        "Detector Tilt Plane Rotation": 0.0,
#        "Detector_X_Pixel_Size": 75.0,
#        "Detector_Y_Pixel_Size": 75.0,
#        "Integration Method": "nosplit_csr",
#        "Radial_Average_Method": "pyFAI",
#        "Sample-to-detector distance (mm)": 1782.0,
#        "Wavelength (A)": 0.8823505857220345
#    },
#    "config_file": "/Users/jwinnikoff/Documents/MBARI/SAXS/HPSAXS_7A_Feb2023/HPSAXS_02_19_23.cfg",
#    "counters": {
#        "Epoch": "150.498",
#        "I1": "0",
#        "I2": "0",
#        "I3": "0",
#        "Seconds": "1",
#        "Time": "2.59876e-05",
#        "date": "Sun Feb 19 15:41:26 2023",
#        "diode": "64312"
#    },
#    "filename": "JWL0317_35C_010MPa_dn_3_data_000001_00001.h5",
#    "history": {},
#    "imageHeader": {},
#    "load_path": "/Users/jwinnikoff/Documents/MBARI/SAXS/HPSAXS_7A_Feb2023/JWL0317_SOPE_DOPE_TS-/JWL0317_35C_010MPa_dn_3_data_000001.h5",
#    "normalizations": {
#        "Absolute_scale": {
#            "Absolute_scale_factor": 0.005174693841759343,
#            "Method": "Water"
#        },
#        "Counter_norms": [
#            [
#                "/",
#                "diode/150000"
#            ]
#        ],
#        "Polarization": {
#            "Used": false
#        },
#        "Solid_Angle_Correction": "On"
#    },
#    "raw_version": "2.1.4"
#}

