### DATA:
#
# 1908
#      Q             I(Q)           Error     
1.14966775E-02  0.00000000E+00  0.00000000E+00
1.17952925E-02  6.84236228E-01  3.12962346E-02
1.20939075E-02  8.57442617E-01  2.47728880E-02
1.23925225E-02  7.64875233E-01  1.91039797E-02
1.26911375E-02  7.33411431E-01  1.75720975E-02
1.29897525E-02  6.79147124E-01  1.64331179E-02
1.32883675E-02  6.66545570E-01  1.56412665E-02
1.35869825E-02  6.53810263E-01  1.47530222E-02
1.38855975E-02  6.10560954E-01  1.33553687E-02
1.41842125E-02  5.38472295E-01  1.28062572E-02
1.44828275E-02  5.12343168E-01  1.23608802E-02
1.47814425E-02  4.74346489E-01  1.15385791E-02
1.50800575E-02  4.45834786E-01  1.07719731E-02
1.53786725E-02  4.22511756E-01  9.87673178E-03
1.56772875E-02  3.90249103E-01  9.56964400E-03
1.59759025E-02  3.61341745E-01  8.59606825E-03
1.62745175E-02  3.53889167E-01  8.38797726E-03
1.65731325E-02  3.26986849E-01  8.17722734E-03
1.68717475E-02  2.96985388E-01  7.15679349E-03
1.71703625E-02  3.07287395E-01  7.65829021E-03
1.74689775E-02  2.85316706E-01  6.81259204E-03
1.77675925E-02  2.71978140E-01  6.54088520E-03
1.80662075E-02  2.60731012E-01  6.66571874E-03
1.83648225E-02  2.41834968E-01  5.76943439E-03
1.86634375E-02  2.40787536E-01  6.02345401E-03
1.89620525E-02  2.33850673E-01  5.59329754E-03
1.92606675E-02  2.30411008E-01  5.63151855E-03
1.95592825E-02  2.16684774E-01  5.51448204E-03
1.98578975E-02  1.99082211E-01  4.89365635E-03
2.01565125E-02  2.06337690E-01  5.15844254E-03
2.04551275E-02  1.94838732E-01  4.70482279E-03
2.07537425E-02  1.83705166E-01  4.46338812E-03
2.10523575E-02  1.81835294E-01  4.19371855E-03
2.13509725E-02  1.73650920E-01  3.84658203E-03
2.16495875E-02  1.77028000E-01  3.87229840E-03
2.19482025E-02  1.64655492E-01  3.45896580E-03
2.22468175E-02  1.59529552E-01  3.56185040E-03
2.25454325E-02  1.56926796E-01  3.23991128E-03
2.28440475E-02  1.52058885E-01  3.26649752E-03
2.31426625E-02  1.45108253E-01  3.07975104E-03
2.34412775E-02  1.46408975E-01  2.97372881E-03
2.37398925E-02  1.43407717E-01  3.05468682E-03
2.40385075E-02  1.36191338E-01  2.79812398E-03
2.43371225E-02  1.30499989E-01  2.73903483E-03
2.46357375E-02  1.23980403E-01  2.74228514E-03
2.49343525E-02  1.22525647E-01  2.59230100E-03
2.52329675E-02  1.23638585E-01  2.73271976E-03
2.55315825E-02  1.19024754E-01  2.51205498E-03
2.58301975E-02  1.18003182E-01  2.51526455E-03
2.61288125E-02  1.10052139E-01  2.51027802E-03
2.64274275E-02  1.06482029E-01  2.31264182E-03
2.67260425E-02  1.07277513E-01  2.44444655E-03
2.70246575E-02  1.05577864E-01  2.27114838E-03
2.73232725E-02  1.05513252E-01  2.34358176E-03
2.76218875E-02  1.01329684E-01  2.33080424E-03
2.79205025E-02  9.94085819E-02  2.22284347E-03
2.82191175E-02  9.59094465E-02  2.17583007E-03
2.85177325E-02  9.56709161E-02  2.13659764E-03
2.88163475E-02  9.24881920E-02  2.16676644E-03
2.91149625E-02  9.04373899E-02  2.08080816E-03
2.94135775E-02  8.82750452E-02  2.03213235E-03
2.97121925E-02  9.15486440E-02  2.08658725E-03
3.00108075E-02  8.95347297E-02  1.99508667E-03
3.03094225E-02  8.34631175E-02  2.01247446E-03
3.06080375E-02  8.12541097E-02  1.92159379E-03
3.09066525E-02  8.15154612E-02  1.89776230E-03
3.12052675E-02  8.26510489E-02  1.96955772E-03
3.15038825E-02  7.90974870E-02  1.84396969E-03
3.18024975E-02  8.14134181E-02  1.89950911E-03
3.21011125E-02  8.12424794E-02  1.83601759E-03
3.23997275E-02  8.15637559E-02  1.79098872E-03
3.26983425E-02  7.58532882E-02  1.74156914E-03
3.29969575E-02  7.63940886E-02  1.65140221E-03
3.32955725E-02  7.55373761E-02  1.64211681E-03
3.35941875E-02  7.42041990E-02  1.55199517E-03
3.38928025E-02  7.31922835E-02  1.58701686E-03
3.41914175E-02  7.66921267E-02  1.57601351E-03
3.44900325E-02  7.28212222E-02  1.52540719E-03
3.47886474E-02  7.18836039E-02  1.48919609E-03
3.50872624E-02  7.00307712E-02  1.44217187E-03
3.53858774E-02  7.34712109E-02  1.52372196E-03
3.56844924E-02  7.01437145E-02  1.43150450E-03
3.59831074E-02  7.04176426E-02  1.41004589E-03
3.62817224E-02  7.00637847E-02  1.44101947E-03
3.65803374E-02  6.67851046E-02  1.36381364E-03
3.68789524E-02  6.47005960E-02  1.38764537E-03
3.71775674E-02  6.62925020E-02  1.37218914E-03
3.74761824E-02  6.46063015E-02  1.31849607E-03
3.77747974E-02  6.37524873E-02  1.31595368E-03
3.80734124E-02  6.38654307E-02  1.29637599E-03
3.83720274E-02  6.41654581E-02  1.34203304E-03
3.86706424E-02  6.50803894E-02  1.28752214E-03
3.89692574E-02  6.10149428E-02  1.28374307E-03
3.92678724E-02  6.25259802E-02  1.30946247E-03
3.95664874E-02  6.15908839E-02  1.25253038E-03
3.98651024E-02  6.09862320E-02  1.24747783E-03
4.01637174E-02  6.08395524E-02  1.22539909E-03
4.04623324E-02  5.85309044E-02  1.24449364E-03
4.07609474E-02  5.81724755E-02  1.19720784E-03
4.10595624E-02  6.01854920E-02  1.24258979E-03
4.13581774E-02  5.84229454E-02  1.20185374E-03
4.16567924E-02  5.91839030E-02  1.18533871E-03
4.19554074E-02  5.71856573E-02  1.19841052E-03
4.22540224E-02  5.58764935E-02  1.17537088E-03
4.25526374E-02  5.62505983E-02  1.16333528E-03
4.28512524E-02  5.73337972E-02  1.17845112E-03
4.31498674E-02  5.52735962E-02  1.14361884E-03
4.34484824E-02  5.49466163E-02  1.17574900E-03
4.37470974E-02  5.41722886E-02  1.11748895E-03
4.40457124E-02  5.32809459E-02  1.11365085E-03
4.43443274E-02  5.47223128E-02  1.15032925E-03
4.46429424E-02  5.34455106E-02  1.11176062E-03
4.49415574E-02  5.40829860E-02  1.15436572E-03
4.52401724E-02  5.47855571E-02  1.11046736E-03
4.55387874E-02  5.31946607E-02  1.11184735E-03
4.58374024E-02  5.31947054E-02  1.11184828E-03
4.61360174E-02  5.41004948E-02  1.10524311E-03
4.64346324E-02  5.34598716E-02  1.12008525E-03
4.67332474E-02  5.21081649E-02  1.07126869E-03
4.70318624E-02  5.35719804E-02  1.11851294E-03
4.73304774E-02  5.24592102E-02  1.10056973E-03
4.76290924E-02  5.18410131E-02  1.07099477E-03
4.79277074E-02  5.01369573E-02  1.04679412E-03
4.82263224E-02  4.96945865E-02  1.03507924E-03
4.85249374E-02  5.00469953E-02  1.07066182E-03
4.88235524E-02  4.98101451E-02  1.04178884E-03
4.91221674E-02  5.02227433E-02  1.03978382E-03
4.94207824E-02  4.95656319E-02  1.04400772E-03
4.97193974E-02  4.95424122E-02  1.02503982E-03
5.00180124E-02  4.92195562E-02  1.05008064E-03
5.03166274E-02  4.93749976E-02  1.02179463E-03
5.06152424E-02  5.00513874E-02  1.03182287E-03
5.09138574E-02  4.88081425E-02  1.03126024E-03
5.12124724E-02  4.73468862E-02  9.88972257E-04
5.15110874E-02  4.98158187E-02  1.03246607E-03
5.18097024E-02  4.90347110E-02  1.00936356E-03
5.21083174E-02  4.74840552E-02  9.91837354E-04
5.24069324E-02  4.66815270E-02  9.84132988E-04
5.27055474E-02  4.71250117E-02  9.82410857E-04
5.30041624E-02  4.80522364E-02  1.01101014E-03
5.33027774E-02  4.77393344E-02  9.84577811E-04
5.36013924E-02  4.83694747E-02  9.96726332E-04
5.39000074E-02  4.79706191E-02  9.75948409E-04
5.41986224E-02  4.73886430E-02  9.89412889E-04
5.44972374E-02  4.79608253E-02  9.82688274E-04
5.47958524E-02  4.84870002E-02  9.81188612E-04
5.50944674E-02  4.65928800E-02  9.76852141E-04
5.53930824E-02  4.68446016E-02  9.57809098E-04
5.56916974E-02  4.63569053E-02  9.47639404E-04
5.59903124E-02  4.66425568E-02  9.70457157E-04
5.62889274E-02  4.58648056E-02  9.41324164E-04
5.65875424E-02  4.57707122E-02  9.57303273E-04
5.68861574E-02  4.69661169E-02  9.52559640E-04
5.71847724E-02  4.65885960E-02  9.42386396E-04
5.74833874E-02  4.61614877E-02  9.48212401E-04
5.77820024E-02  4.53052260E-02  9.28081863E-04
5.80806174E-02  4.70808521E-02  9.69554938E-04
5.83792324E-02  4.68656980E-02  9.32847033E-04
5.86778474E-02  4.79690172E-02  9.58805264E-04
5.89764624E-02  4.55917865E-02  9.44920175E-04
5.92750774E-02  4.72752303E-02  9.23245738E-04
5.95736924E-02  4.75667082E-02  9.54777584E-04
5.98723074E-02  4.79834862E-02  9.39049234E-04
6.01709224E-02  4.64492217E-02  9.22731066E-04
6.04695374E-02  4.58983667E-02  9.31670482E-04
6.07681524E-02  4.78190035E-02  9.41071077E-04
6.10667674E-02  4.81319875E-02  9.49070090E-04
6.13653824E-02  4.81492803E-02  9.27664631E-04
6.16639974E-02  4.81725372E-02  9.39694874E-04
6.19626124E-02  4.59806956E-02  9.19246231E-04
6.22612274E-02  4.96375673E-02  9.37225414E-04
6.25598424E-02  4.76404950E-02  9.38103185E-04
6.28584574E-02  4.72916476E-02  9.19368293E-04
6.31570724E-02  4.70233336E-02  9.24875203E-04
6.34556874E-02  4.73244637E-02  9.02934815E-04
6.37543024E-02  4.76912633E-02  9.18669801E-04
6.40529174E-02  4.91518266E-02  9.45577223E-04
6.43515324E-02  4.75166775E-02  9.11929295E-04
6.46501474E-02  4.91574146E-02  9.47439519E-04
6.49487624E-02  4.98274714E-02  9.18800710E-04
6.52473774E-02  4.90820259E-02  9.19551880E-04
6.55459924E-02  5.02920337E-02  9.41066013E-04
6.58446074E-02  5.11667058E-02  9.38878162E-04
6.61432224E-02  5.05562909E-02  9.43536288E-04
6.64418374E-02  5.00319637E-02  9.15286888E-04
6.67404524E-02  5.29517457E-02  9.53969371E-04
6.70390674E-02  5.21811396E-02  9.51583381E-04
6.73376824E-02  5.41062169E-02  9.43585474E-04
6.76362974E-02  5.53661212E-02  9.77827702E-04
6.79349124E-02  5.45577668E-02  9.49153735E-04
6.82335274E-02  5.32305054E-02  9.44094209E-04
6.85321424E-02  5.70430867E-02  9.88955144E-04
6.88307574E-02  5.59810214E-02  9.60349105E-04
6.91293724E-02  5.96437119E-02  1.00643886E-03
6.94279874E-02  6.00809641E-02  9.85861639E-04
6.97266024E-02  6.11844771E-02  1.01217814E-03
7.00252174E-02  6.33290485E-02  1.02143618E-03
7.03238324E-02  6.49516433E-02  1.02620630E-03
7.06224474E-02  6.76405877E-02  1.06300053E-03
7.09210624E-02  6.70064166E-02  1.04468223E-03
7.12196774E-02  7.08698630E-02  1.07194181E-03
7.15182924E-02  7.23589063E-02  1.05941517E-03
7.18169074E-02  7.80954957E-02  1.13039510E-03
7.21155224E-02  7.85550103E-02  1.12984946E-03
7.24141374E-02  8.28956142E-02  1.15411414E-03
7.27127524E-02  8.86396021E-02  1.18810870E-03
7.30113674E-02  9.28629488E-02  1.20672490E-03
7.33099824E-02  9.96308476E-02  1.25682761E-03
7.36085974E-02  1.03425711E-01  1.28481619E-03
7.39072124E-02  1.10905372E-01  1.30594452E-03
7.42058274E-02  1.20498717E-01  1.38991745E-03
7.45044424E-02  1.31250754E-01  1.42529199E-03
7.48030574E-02  1.42729685E-01  1.49604923E-03
7.51016724E-02  1.52447537E-01  1.54445076E-03
7.54002874E-02  1.68379024E-01  1.59717596E-03
7.56989024E-02  1.86606228E-01  1.71061652E-03
7.59975174E-02  2.04673186E-01  1.76278723E-03
7.62961324E-02  2.21920684E-01  1.84142764E-03
7.65947474E-02  2.49613613E-01  1.94672297E-03
7.68933624E-02  2.72738278E-01  2.03706254E-03
7.71919774E-02  3.00968498E-01  2.16300320E-03
7.74905924E-02  3.33469778E-01  2.22659810E-03
7.77892074E-02  3.66357356E-01  2.34849285E-03
7.80878224E-02  3.99516344E-01  2.43209978E-03
7.83864374E-02  4.47033256E-01  2.56868987E-03
7.86850524E-02  4.86233443E-01  2.72281142E-03
7.89836674E-02  5.24248421E-01  2.79179588E-03
7.92822824E-02  5.68474889E-01  2.88331998E-03
7.95808974E-02  6.06448531E-01  2.95106135E-03
7.98795124E-02  6.48827791E-01  3.11232242E-03
8.01781274E-02  6.88517451E-01  3.23318900E-03
8.04767424E-02  7.31261015E-01  3.24706780E-03
8.07753574E-02  7.58829951E-01  3.34153417E-03
8.10739724E-02  7.97106087E-01  3.38670146E-03
8.13725874E-02  8.15587044E-01  3.41205020E-03
8.16712024E-02  8.36170435E-01  3.51130706E-03
8.19698174E-02  8.43744040E-01  3.43636191E-03
8.22684324E-02  8.59027743E-01  3.54079460E-03
8.25670474E-02  8.66366088E-01  3.51317413E-03
8.28656624E-02  8.66990924E-01  3.53918062E-03
8.31642774E-02  8.60001504E-01  3.47612286E-03
8.34628924E-02  8.50727201E-01  3.46072903E-03
8.37615074E-02  8.33068252E-01  3.47628165E-03
8.40601224E-02  8.13634574E-01  3.36465542E-03
8.43587374E-02  7.90632784E-01  3.32972547E-03
8.46573524E-02  7.58718550E-01  3.24597559E-03
8.49559674E-02  7.23522604E-01  3.19153862E-03
8.52545824E-02  6.80841386E-01  3.10208090E-03
8.55531974E-02  6.26733661E-01  2.92754360E-03
8.58518124E-02  5.78973353E-01  2.82732304E-03
8.61504274E-02  5.27143657E-01  2.66963802E-03
8.64490424E-02  4.73363161E-01  2.57141097E-03
8.67476574E-02  4.31993574E-01  2.45170086E-03
8.70462724E-02  3.76741588E-01  2.25158222E-03
8.73448874E-02  3.32081318E-01  2.12999596E-03
8.76435024E-02  2.93159127E-01  1.98152871E-03
8.79421174E-02  2.59103417E-01  1.89323386E-03
8.82407324E-02  2.27176726E-01  1.76594814E-03
8.85393474E-02  1.98367938E-01  1.62695081E-03
8.88379624E-02  1.77259564E-01  1.54955219E-03
8.91365774E-02  1.60808817E-01  1.45673077E-03
8.94351924E-02  1.39535844E-01  1.36707898E-03
8.97338074E-02  1.25828117E-01  1.29096932E-03
9.00324224E-02  1.15834363E-01  1.23521965E-03
9.03310374E-02  1.09034710E-01  1.21187093E-03
9.06296524E-02  9.72018912E-02  1.13048381E-03
9.09282674E-02  9.05407220E-02  1.09006127E-03
9.12268824E-02  8.70850086E-02  1.06710289E-03
9.15254974E-02  8.17673802E-02  1.03025394E-03
9.18241124E-02  7.79940784E-02  1.02112384E-03
9.21227274E-02  7.38609210E-02  9.84549755E-04
9.24213424E-02  7.26812780E-02  9.60079837E-04
9.27199574E-02  6.92022219E-02  9.45230364E-04
9.30185724E-02  6.78849742E-02  9.37884673E-04
9.33171874E-02  6.42930493E-02  9.21959640E-04
9.36158024E-02  6.45491406E-02  8.92223325E-04
9.39144174E-02  5.98432384E-02  8.81382904E-04
9.42130324E-02  5.99184074E-02  8.77178332E-04
9.45116474E-02  5.86731657E-02  8.64149828E-04
9.48102624E-02  5.87371849E-02  8.68490431E-04
9.51088774E-02  5.57167381E-02  8.29654746E-04
9.54074924E-02  5.55486456E-02  8.39337066E-04
9.57061074E-02  5.51667809E-02  8.34234059E-04
9.60047224E-02  5.36845550E-02  8.23677343E-04
9.63033374E-02  5.34306914E-02  8.13864579E-04
9.66019524E-02  5.35532869E-02  8.19064444E-04
9.69005674E-02  5.35852686E-02  8.17167689E-04
9.71991824E-02  5.35921268E-02  8.15095264E-04
9.74977974E-02  5.32851294E-02  8.09957797E-04
9.77964124E-02  5.48776090E-02  8.19160079E-04
9.80950274E-02  5.48816957E-02  8.24845803E-04
9.83936424E-02  5.31302169E-02  8.11929407E-04
9.86922574E-02  5.36948666E-02  8.15526757E-04
9.89908724E-02  5.26310615E-02  7.98816909E-04
9.92894874E-02  5.19353524E-02  7.91179133E-04
9.95881024E-02  4.99991104E-02  7.82574643E-04
9.98867174E-02  4.97270674E-02  7.83127674E-04
1.00185332E-01  4.81063090E-02  7.52948923E-04
1.00483947E-01  4.72142696E-02  7.57881731E-04
1.00782562E-01  4.69457433E-02  7.46582635E-04
1.01081177E-01  4.64816950E-02  7.50388310E-04
1.01379792E-01  4.51206341E-02  7.36522372E-04
1.01678407E-01  4.41685244E-02  7.20884593E-04
1.01977022E-01  4.37862910E-02  7.25551392E-04
1.02275637E-01  4.32453491E-02  7.21056364E-04
1.02574252E-01  4.32668701E-02  7.18227471E-04
1.02872867E-01  4.19066697E-02  6.99319178E-04
1.03171482E-01  4.32366654E-02  7.09752145E-04
1.03470097E-01  4.08764780E-02  6.91234891E-04
1.03768712E-01  4.21597138E-02  7.08391541E-04
1.04067327E-01  4.23257239E-02  6.97150768E-04
1.04365942E-01  4.21938263E-02  7.04013160E-04
1.04664557E-01  4.16674241E-02  6.99035183E-04
1.04963172E-01  4.00104709E-02  6.80001918E-04
1.05261787E-01  4.12039869E-02  6.91747235E-04
1.05560402E-01  4.07853387E-02  6.81081263E-04
1.05859017E-01  4.03669886E-02  6.86358544E-04
1.06157632E-01  4.07229699E-02  6.84927683E-04
1.06456247E-01  4.22897600E-02  6.97980053E-04
1.06754862E-01  3.98534127E-02  6.69545261E-04
1.07053477E-01  4.11240160E-02  6.84450322E-04
1.07352092E-01  4.04178090E-02  6.78548589E-04
1.07650707E-01  3.93184870E-02  6.69790781E-04
1.07949322E-01  3.94438617E-02  6.69791887E-04
1.08247937E-01  3.96084897E-02  6.70656387E-04
1.08546552E-01  4.03258055E-02  6.79401855E-04
1.08845167E-01  4.06107455E-02  6.70633861E-04
1.09143782E-01  3.94212827E-02  6.68541528E-04
1.09442397E-01  4.08135615E-02  6.71788410E-04
1.09741012E-01  4.03775088E-02  6.70264184E-04
1.10039627E-01  3.87997665E-02  6.62204635E-04
1.10338242E-01  4.00124602E-02  6.68268010E-04
1.10636857E-01  3.85923795E-02  6.48268207E-04
1.10935472E-01  3.95341665E-02  6.55632757E-04
1.11234087E-01  3.84628624E-02  6.52663293E-04
1.11532702E-01  3.92328650E-02  6.58655365E-04
1.11831317E-01  3.98088321E-02  6.59915619E-04
1.12129932E-01  3.97089794E-02  6.60350488E-04
1.12428547E-01  3.95798720E-02  6.59024110E-04
1.12727162E-01  4.03807759E-02  6.62871287E-04
1.13025777E-01  3.95507626E-02  6.55277516E-04
1.13324392E-01  3.83380540E-02  6.44177839E-04
1.13623007E-01  4.00785282E-02  6.60137041E-04
1.13921622E-01  3.87130082E-02  6.49287656E-04
1.14220237E-01  3.91798615E-02  6.46828325E-04
1.14518852E-01  3.95561457E-02  6.44661137E-04
1.14817467E-01  3.86480317E-02  6.46291766E-04
1.15116082E-01  3.91618013E-02  6.50083530E-04
1.15414697E-01  3.90996709E-02  6.46651082E-04
1.15713312E-01  3.90159264E-02  6.39777281E-04
1.16011927E-01  4.07729559E-02  6.56434044E-04
1.16310542E-01  3.97222452E-02  6.53736817E-04
1.16609157E-01  3.86783928E-02  6.37941237E-04
1.16907772E-01  3.94947566E-02  6.47020468E-04
1.17206387E-01  3.83978151E-02  6.35391101E-04
1.17505002E-01  3.92433777E-02  6.38378027E-04
1.17803617E-01  3.97870988E-02  6.49893947E-04
1.18102232E-01  3.83995362E-02  6.32396434E-04
1.18400847E-01  4.07364890E-02  6.52305898E-04
1.18699462E-01  4.04862761E-02  6.48881833E-04
1.18998077E-01  4.01137397E-02  6.39877573E-04
1.19296692E-01  3.95060144E-02  6.47118082E-04
1.19595307E-01  4.02018391E-02  6.41038234E-04
1.19893922E-01  4.04783227E-02  6.41866529E-04
1.20192537E-01  4.05872539E-02  6.50166301E-04
1.20491152E-01  4.10086885E-02  6.44230342E-04
1.20789767E-01  4.13124450E-02  6.52636285E-04
1.21088382E-01  4.08238061E-02  6.47833745E-04
1.21386997E-01  4.07458134E-02  6.42164203E-04
1.21685612E-01  4.18075956E-02  6.56537886E-04
1.21984227E-01  4.10998017E-02  6.46780012E-04
1.22282842E-01  4.21897732E-02  6.50692557E-04
1.22581457E-01  4.15869355E-02  6.41547609E-04
1.22880072E-01  4.23988886E-02  6.59271376E-04
1.23178687E-01  4.18758951E-02  6.49180147E-04
1.23477302E-01  4.23961245E-02  6.55044743E-04
1.23775917E-01  4.36251685E-02  6.56630378E-04
1.24074532E-01  4.38801870E-02  6.65004016E-04
1.24373147E-01  4.36465628E-02  6.62300561E-04
1.24671762E-01  4.46229614E-02  6.65940170E-04
1.24970377E-01  4.51377183E-02  6.67919463E-04
1.25268992E-01  4.62061651E-02  6.74848270E-04
1.25567607E-01  4.59996052E-02  6.70118257E-04
1.25866222E-01  4.70554233E-02  6.88648724E-04
1.26164837E-01  4.56249490E-02  6.70592708E-04
1.26463452E-01  4.70347106E-02  6.77618256E-04
1.26762067E-01  4.89188433E-02  6.93901733E-04
1.27060682E-01  4.94052097E-02  6.95434283E-04
1.27359297E-01  4.88943830E-02  7.02227233E-04
1.27657912E-01  5.06010205E-02  6.97629992E-04
1.27956527E-01  5.15222512E-02  7.07045838E-04
1.28255142E-01  5.37719578E-02  7.27512175E-04
1.28553757E-01  5.49957156E-02  7.22939789E-04
1.28852372E-01  5.58204651E-02  7.31258537E-04
1.29150987E-01  5.63283153E-02  7.34578294E-04
1.29449602E-01  5.81396967E-02  7.50830572E-04
1.29748217E-01  5.84679060E-02  7.52438442E-04
1.30046832E-01  6.11172169E-02  7.63131015E-04
1.30345447E-01  6.21207356E-02  7.67332094E-04
1.30644062E-01  6.31101653E-02  7.72398023E-04
1.30942677E-01  6.49707541E-02  7.89454964E-04
1.31241292E-01  6.84644952E-02  8.07703589E-04
1.31539907E-01  6.85354918E-02  8.03855888E-04
1.31838522E-01  7.43975788E-02  8.41416419E-04
1.32137137E-01  7.59022012E-02  8.57610896E-04
1.32435752E-01  7.71892592E-02  8.76189442E-04
1.32734367E-01  7.92270601E-02  8.86450580E-04
1.33032982E-01  8.34302157E-02  9.19261016E-04
1.33331597E-01  8.61044005E-02  9.33878415E-04
1.33630212E-01  8.93443748E-02  9.55349940E-04
1.33928827E-01  9.27987993E-02  9.88564687E-04
1.34227442E-01  9.81587917E-02  9.92211862E-04
1.34526057E-01  1.01027675E-01  1.02694589E-03
1.34824672E-01  1.05795756E-01  1.05864590E-03
1.35123287E-01  1.10076040E-01  1.07351667E-03
1.35421902E-01  1.12308361E-01  1.09398761E-03
1.35720517E-01  1.17271721E-01  1.10643543E-03
1.36019132E-01  1.22507945E-01  1.15118513E-03
1.36317747E-01  1.28201187E-01  1.16623659E-03
1.36616362E-01  1.33268028E-01  1.18555361E-03
1.36914977E-01  1.36979967E-01  1.21545279E-03
1.37213592E-01  1.42900273E-01  1.24331645E-03
1.37512207E-01  1.46027863E-01  1.26937567E-03
1.37810822E-01  1.51436090E-01  1.27991417E-03
1.38109437E-01  1.57840505E-01  1.30670017E-03
1.38408052E-01  1.62257627E-01  1.32989127E-03
1.38706667E-01  1.63878337E-01  1.33958005E-03
1.39005282E-01  1.70205027E-01  1.38004578E-03
1.39303897E-01  1.72453359E-01  1.36174739E-03
1.39602512E-01  1.79481402E-01  1.41605164E-03
1.39901127E-01  1.78856745E-01  1.41138688E-03
1.40199742E-01  1.84960946E-01  1.42862124E-03
1.40498357E-01  1.87391788E-01  1.45317358E-03
1.40796972E-01  1.89841568E-01  1.44346384E-03
1.41095587E-01  1.88604176E-01  1.45959412E-03
1.41394202E-01  1.89980194E-01  1.45575486E-03
1.41692817E-01  1.94964632E-01  1.48400525E-03
1.41991432E-01  1.94377735E-01  1.48177182E-03
1.42290047E-01  1.95633695E-01  1.47611287E-03
1.42588662E-01  1.95581481E-01  1.49582396E-03
1.42887277E-01  1.97967261E-01  1.49657729E-03
1.43185892E-01  1.98669612E-01  1.49451708E-03
1.43484507E-01  1.96687371E-01  1.49885588E-03
1.43783122E-01  1.95032284E-01  1.48019567E-03
1.44081737E-01  1.94715470E-01  1.48365682E-03
1.44380352E-01  1.92408651E-01  1.46277144E-03
1.44678967E-01  1.87965721E-01  1.42977957E-03
1.44977582E-01  1.89870030E-01  1.46566448E-03
1.45276197E-01  1.84864715E-01  1.42499048E-03
1.45574812E-01  1.81921721E-01  1.43015094E-03
1.45873427E-01  1.80894777E-01  1.39314798E-03
1.46172042E-01  1.76660821E-01  1.38665247E-03
1.46470657E-01  1.71938851E-01  1.38439948E-03
1.46769272E-01  1.69238701E-01  1.35721429E-03
1.47067887E-01  1.66184887E-01  1.34185981E-03
1.47366502E-01  1.59352556E-01  1.30757492E-03
1.47665117E-01  1.54763147E-01  1.29054452E-03
1.47963732E-01  1.49590462E-01  1.28334120E-03
1.48262347E-01  1.45727858E-01  1.25325134E-03
1.48560962E-01  1.37606293E-01  1.21966668E-03
1.48859577E-01  1.33177474E-01  1.18390494E-03
1.49158192E-01  1.29255369E-01  1.19064923E-03
1.49456807E-01  1.23044707E-01  1.14814681E-03
1.49755422E-01  1.16723590E-01  1.11535192E-03
1.50054037E-01  1.13145910E-01  1.10513868E-03
1.50352652E-01  1.08804084E-01  1.07010629E-03
1.50651267E-01  1.03224613E-01  1.05717208E-03
1.50949882E-01  9.91987288E-02  1.02028449E-03
1.51248497E-01  9.53215957E-02  1.00494537E-03
1.51547112E-01  9.11771506E-02  1.00001646E-03
1.51845727E-01  8.78693312E-02  9.53301031E-04
1.52144342E-01  8.45992267E-02  9.58512246E-04
1.52442957E-01  8.27254206E-02  9.19682439E-04
1.52741572E-01  7.99471438E-02  9.17298021E-04
1.53040187E-01  7.94394016E-02  9.27420508E-04
1.53338802E-01  7.60714412E-02  8.89253162E-04
1.53637417E-01  7.65855089E-02  9.03133536E-04
1.53936032E-01  7.34740496E-02  8.71731027E-04
1.54234647E-01  7.34199807E-02  8.73305136E-04
1.54533262E-01  7.34230652E-02  8.86935683E-04
1.54831877E-01  7.19879344E-02  8.66005546E-04
1.55130492E-01  7.17384368E-02  8.65764916E-04
1.55429107E-01  7.26779029E-02  8.66688322E-04
1.55727722E-01  7.32576996E-02  8.78740975E-04
1.56026337E-01  7.25929737E-02  8.69642012E-04
1.56324952E-01  7.31664896E-02  8.70228396E-04
1.56623567E-01  7.49701411E-02  8.90924770E-04
1.56922182E-01  7.62419850E-02  8.85457906E-04
1.57220797E-01  7.74985477E-02  9.04823595E-04
1.57519412E-01  7.89834037E-02  9.02210944E-04
1.57818027E-01  8.03211704E-02  9.09166818E-04
1.58116642E-01  8.10663030E-02  9.25761939E-04
1.58415257E-01  8.07641372E-02  9.11672891E-04
1.58713872E-01  8.26476738E-02  9.30979149E-04
1.59012487E-01  8.43313113E-02  9.26941633E-04
1.59311102E-01  8.65711868E-02  9.53522045E-04
1.59609717E-01  8.71218443E-02  9.58309101E-04
1.59908332E-01  8.78432915E-02  9.40051745E-04
1.60206947E-01  9.10728797E-02  9.66729305E-04
1.60505562E-01  9.09602568E-02  9.66132735E-04
1.60804177E-01  9.34073254E-02  9.77993361E-04
1.61102792E-01  9.59337205E-02  9.91486828E-04
1.61401407E-01  9.63746011E-02  9.89877153E-04
1.61700022E-01  9.79472473E-02  9.96508868E-04
1.61998637E-01  9.83143076E-02  1.00050226E-03
1.62297252E-01  9.96219516E-02  1.01182063E-03
1.62595867E-01  9.92434844E-02  1.00917462E-03
1.62894482E-01  1.01975642E-01  1.01144612E-03
1.63193097E-01  1.01117134E-01  1.02195889E-03
1.63491712E-01  1.01819284E-01  1.00855681E-03
1.63790327E-01  1.00569680E-01  1.01809110E-03
1.64088942E-01  1.03319921E-01  1.01455068E-03
1.64387557E-01  1.01991490E-01  1.01580913E-03
1.64686172E-01  1.02074012E-01  1.02827419E-03
1.64984787E-01  1.01970613E-01  1.00931327E-03
1.65283402E-01  1.04450874E-01  1.02798815E-03
1.65582017E-01  1.04809508E-01  1.02113560E-03
1.65880632E-01  1.03834592E-01  1.02063827E-03
1.66179247E-01  1.04494631E-01  1.03222509E-03
1.66477862E-01  1.02633439E-01  1.00873422E-03
1.66776477E-01  1.04743339E-01  1.02798291E-03
1.67075092E-01  1.01743303E-01  1.01530307E-03
1.67373707E-01  1.01039700E-01  1.00858312E-03
1.67672322E-01  1.03120036E-01  1.01819949E-03
1.67970937E-01  1.00413479E-01  9.95364506E-04
1.68269552E-01  1.01338193E-01  1.00795366E-03
1.68568167E-01  9.75639671E-02  9.79121774E-04
1.68866782E-01  9.53385830E-02  9.82141588E-04
1.69165397E-01  9.63112190E-02  9.79559962E-04
1.69464012E-01  9.48256478E-02  9.65950545E-04
1.69762627E-01  9.46041793E-02  9.71180853E-04
1.70061242E-01  8.84556100E-02  9.35841701E-04
1.70359857E-01  8.80176276E-02  9.44353873E-04
1.70658472E-01  8.68699327E-02  9.21389030E-04
1.70957087E-01  8.46024901E-02  9.12716729E-04
1.71255702E-01  8.07453766E-02  9.02591506E-04
1.71554317E-01  7.94443265E-02  8.75183847E-04
1.71852932E-01  7.73698539E-02  8.74640595E-04
1.72151547E-01  7.53471926E-02  8.60170345E-04
1.72450162E-01  7.16947317E-02  8.41084344E-04
1.72748777E-01  7.05252662E-02  8.36215797E-04
1.73047392E-01  6.67423159E-02  8.09845980E-04
1.73346007E-01  6.62129372E-02  8.08015757E-04
1.73644622E-01  6.27099350E-02  7.82591291E-04
1.73943237E-01  6.17462769E-02  7.76820991E-04
1.74241852E-01  5.90806082E-02  7.64577358E-04
1.74540467E-01  5.56405336E-02  7.32683344E-04
1.74839082E-01  5.72406165E-02  7.52319815E-04
1.75137697E-01  5.35074472E-02  7.20447104E-04
1.75436312E-01  5.10996170E-02  7.08624197E-04
1.75734927E-01  5.12494259E-02  7.01060984E-04
1.76033542E-01  4.82701436E-02  6.82438200E-04
1.76332157E-01  4.80340198E-02  6.91083318E-04
1.76630772E-01  4.70617302E-02  6.72036142E-04
1.76929387E-01  4.42399569E-02  6.61625701E-04
1.77228002E-01  4.35165688E-02  6.43648906E-04
1.77526617E-01  4.27806899E-02  6.42900763E-04
1.77825232E-01  4.16900180E-02  6.36804325E-04
1.78123847E-01  4.11216952E-02  6.29889430E-04
1.78422462E-01  3.95008810E-02  6.17352023E-04
1.78721077E-01  3.88612896E-02  6.13990647E-04
1.79019692E-01  3.89071554E-02  6.14561897E-04
1.79318307E-01  3.88753749E-02  6.14519988E-04
1.79616922E-01  3.76303121E-02  5.95583406E-04
1.79915537E-01  3.74954082E-02  6.02496206E-04
1.80214152E-01  3.62202600E-02  5.87029790E-04
1.80512767E-01  3.57139967E-02  5.88807859E-04
1.80811382E-01  3.56084816E-02  5.86351438E-04
1.81109997E-01  3.47785987E-02  5.74088772E-04
1.81408612E-01  3.56664322E-02  5.87226066E-04
1.81707227E-01  3.48032378E-02  5.76778839E-04
1.82005842E-01  3.43158543E-02  5.72726887E-04
1.82304457E-01  3.50464396E-02  5.75538084E-04
1.82603072E-01  3.42056826E-02  5.71047247E-04
1.82901687E-01  3.23990621E-02  5.59686974E-04
1.83200302E-01  3.31488289E-02  5.61039313E-04
1.83498917E-01  3.21431793E-02  5.50280733E-04
1.83797532E-01  3.25637944E-02  5.52962185E-04
1.84096147E-01  3.26177813E-02  5.58569503E-04
1.84394762E-01  3.17577869E-02  5.52079757E-04
1.84693377E-01  3.23584639E-02  5.53398975E-04
1.84991992E-01  3.14893797E-02  5.48825366E-04
1.85290607E-01  3.18744518E-02  5.45121322E-04
1.85589222E-01  3.04836240E-02  5.36953215E-04
1.85887837E-01  3.14037763E-02  5.43386210E-04
1.86186452E-01  3.09810303E-02  5.38658001E-04
1.86485067E-01  3.13747935E-02  5.44927956E-04
1.86783682E-01  3.05779316E-02  5.36372419E-04
1.87082297E-01  3.08887344E-02  5.41407964E-04
1.87380912E-01  3.07472982E-02  5.36625739E-04
1.87679527E-01  3.04178093E-02  5.29265613E-04
1.87978142E-01  3.06129791E-02  5.37566375E-04
1.88276757E-01  3.12994458E-02  5.42312104E-04
1.88575372E-01  3.05684973E-02  5.37531683E-04
1.88873987E-01  3.03769317E-02  5.32519014E-04
1.89172602E-01  3.00904606E-02  5.27092256E-04
1.89471217E-01  3.06181740E-02  5.35679108E-04
1.89769832E-01  3.05437874E-02  5.36434120E-04
1.90068447E-01  2.99506839E-02  5.23680588E-04
1.90367062E-01  3.05629093E-02  5.33977232E-04
1.90665677E-01  3.08144148E-02  5.34953142E-04
1.90964292E-01  2.91594770E-02  5.19381661E-04
1.91262907E-01  2.99941227E-02  5.28987846E-04
1.91561522E-01  2.93606911E-02  5.16852713E-04
1.91860137E-01  2.92210747E-02  5.22638846E-04
1.92158752E-01  3.04735471E-02  5.30959282E-04
1.92457367E-01  2.95044463E-02  5.23125229E-04
1.92755982E-01  2.95342952E-02  5.21202455E-04
1.93054597E-01  2.88724210E-02  5.15661144E-04
1.93353212E-01  2.87609715E-02  5.12039987E-04
1.93651827E-01  2.82790232E-02  5.13147272E-04
1.93950442E-01  2.93055773E-02  5.19517518E-04
1.94249057E-01  2.83703841E-02  5.07586112E-04
1.94547672E-01  2.90207360E-02  5.17320936E-04
1.94846287E-01  2.86979321E-02  5.13446401E-04
1.95144902E-01  2.89306231E-02  5.18356741E-04
1.95443517E-01  2.92755570E-02  5.10473561E-04
1.95742132E-01  2.89360210E-02  5.14585874E-04
1.96040747E-01  2.98282579E-02  5.23463939E-04
1.96339362E-01  2.91046202E-02  5.18240151E-04
1.96637977E-01  2.87522543E-02  5.10029087E-04
1.96936592E-01  2.87345368E-02  5.10841259E-04
1.97235207E-01  2.90278010E-02  5.15241351E-04
1.97533822E-01  2.98510417E-02  5.20508154E-04
1.97832437E-01  3.00231334E-02  5.23668132E-04
1.98131052E-01  2.87616793E-02  5.09795384E-04
1.98429667E-01  2.86080632E-02  5.08914643E-04
1.98728282E-01  2.93822344E-02  5.17392298E-04
1.99026897E-01  2.95352358E-02  5.15471911E-04
1.99325512E-01  2.93416809E-02  5.15401247E-04
1.99624127E-01  2.96670701E-02  5.18088462E-04
1.99922742E-01  2.86088064E-02  5.07804216E-04
2.00221357E-01  2.88909059E-02  5.13215840E-04
2.00519972E-01  2.99854521E-02  5.17606386E-04
2.00818587E-01  2.97422986E-02  5.15022955E-04
2.01117202E-01  2.90270410E-02  5.13773062E-04
2.01415817E-01  2.83871014E-02  5.02998068E-04
2.01714432E-01  2.93472484E-02  5.13837032E-04
2.02013047E-01  2.90830247E-02  5.09445090E-04
2.02311662E-01  2.95273922E-02  5.15413529E-04
2.02610277E-01  2.98664179E-02  5.19671477E-04
2.02908892E-01  3.00440211E-02  5.15554042E-04
2.03207507E-01  2.91723646E-02  5.10071870E-04
2.03506122E-01  3.00599784E-02  5.16970875E-04
2.03804737E-01  2.93055549E-02  5.10918908E-04
2.04103352E-01  3.08961570E-02  5.26239979E-04
2.04401967E-01  2.98446175E-02  5.16562490E-04
2.04700582E-01  3.00002135E-02  5.13443432E-04
2.04999197E-01  3.13243270E-02  5.26106451E-04
2.05297812E-01  2.94124316E-02  5.14741696E-04
2.05596427E-01  3.06768734E-02  5.21447160E-04
2.05895042E-01  3.06335408E-02  5.22373477E-04
2.06193657E-01  3.12501751E-02  5.24196075E-04
2.06492272E-01  3.15246508E-02  5.25849231E-04
2.06790887E-01  3.11138220E-02  5.28264267E-04
2.07089502E-01  3.12334448E-02  5.20557398E-04
2.07388117E-01  3.10512874E-02  5.25764655E-04
2.07686732E-01  3.21361721E-02  5.32725069E-04
2.07985347E-01  3.12445350E-02  5.23512543E-04
2.08283962E-01  3.13454866E-02  5.25646959E-04
2.08582577E-01  3.13603766E-02  5.22093149E-04
2.08881192E-01  3.07975225E-02  5.19757043E-04
2.09179807E-01  3.16230096E-02  5.29111829E-04
2.09478422E-01  3.27033363E-02  5.31708822E-04
2.09777037E-01  3.06962542E-02  5.20499831E-04
2.10075652E-01  3.22951898E-02  5.28861128E-04
2.10374267E-01  3.14461477E-02  5.28450706E-04
2.10672882E-01  3.24088261E-02  5.34825318E-04
2.10971497E-01  3.22714336E-02  5.25033858E-04
2.11270112E-01  3.24021690E-02  5.34279156E-04
2.11568727E-01  3.24811563E-02  5.29427722E-04
2.11867342E-01  3.37145738E-02  5.44492097E-04
2.12165957E-01  3.23218405E-02  5.28447970E-04
2.12464572E-01  3.26517150E-02  5.30659221E-04
2.12763187E-01  3.24031971E-02  5.31199970E-04
2.13061802E-01  3.31440680E-02  5.36750478E-04
2.13360417E-01  3.21000032E-02  5.30162302E-04
2.13659032E-01  3.30055803E-02  5.31933096E-04
2.13957647E-01  3.23200375E-02  5.27011638E-04
2.14256262E-01  3.27521898E-02  5.32925944E-04
2.14554877E-01  3.13669033E-02  5.18408138E-04
2.14853492E-01  3.22516598E-02  5.26456861E-04
2.15152107E-01  3.18917148E-02  5.22885239E-04
2.15450722E-01  3.18080597E-02  5.27430850E-04
2.15749337E-01  3.16784829E-02  5.22701710E-04
2.16047952E-01  3.19158547E-02  5.22929709E-04
2.16346567E-01  3.09419371E-02  5.15198277E-04
2.16645182E-01  3.10522076E-02  5.13207051E-04
2.16943797E-01  3.06664705E-02  5.12748433E-04
2.17242412E-01  3.13621648E-02  5.21978305E-04
2.17541027E-01  3.21370289E-02  5.20101108E-04
2.17839642E-01  3.05938721E-02  5.16173081E-04
2.18138257E-01  3.04140002E-02  5.05079399E-04
2.18436872E-01  3.11870258E-02  5.16777975E-04
2.18735487E-01  3.10092494E-02  5.12707164E-04
2.19034102E-01  3.03756017E-02  5.07743098E-04
2.19332717E-01  3.11979596E-02  5.17955632E-04
2.19631332E-01  3.05203963E-02  5.10163431E-04
2.19929947E-01  3.08955777E-02  5.11317165E-04
2.20228562E-01  3.01330574E-02  5.03337418E-04
2.20527177E-01  3.02762445E-02  5.07217366E-04
2.20825792E-01  2.89769825E-02  4.96805063E-04
2.21124407E-01  2.95510646E-02  5.00219234E-04
2.21423022E-01  2.93708835E-02  4.97811590E-04
2.21721637E-01  3.00067440E-02  5.02138981E-04
2.22020252E-01  2.91494839E-02  4.94770240E-04
2.22318867E-01  2.98704933E-02  5.04111929E-04
2.22617482E-01  2.86211595E-02  4.87703248E-04
2.22916097E-01  2.78600100E-02  4.87722427E-04
2.23214712E-01  2.84621511E-02  4.87906655E-04
2.23513327E-01  2.81033590E-02  4.88108606E-04
2.23811942E-01  2.75900066E-02  4.80936636E-04
2.24110557E-01  2.81310845E-02  4.83654789E-04
2.24409172E-01  2.88152285E-02  4.93235071E-04
2.24707787E-01  2.74046902E-02  4.76405228E-04
2.25006402E-01  2.71883141E-02  4.80101211E-04
2.25305017E-01  2.72981413E-02  4.72487038E-04
2.25603632E-01  2.71923058E-02  4.78163041E-04
2.25902247E-01  2.75176279E-02  4.81581053E-04
2.26200862E-01  2.70720664E-02  4.75021661E-04
2.26499477E-01  2.69011632E-02  4.71877604E-04
2.26798092E-01  2.67477185E-02  4.73133114E-04
2.27096707E-01  2.62527391E-02  4.68053244E-04
2.27395322E-01  2.63857432E-02  4.71023814E-04
2.27693937E-01  2.68603954E-02  4.69360733E-04
2.27992552E-01  2.69388184E-02  4.71668143E-04
2.28291167E-01  2.65697222E-02  4.68157115E-04
2.28589782E-01  2.59820409E-02  4.66726517E-04
2.28888397E-01  2.56845262E-02  4.62427852E-04
2.29187012E-01  2.65037809E-02  4.65839694E-04
2.29485627E-01  2.54812781E-02  4.58471390E-04
2.29784242E-01  2.52768788E-02  4.58746275E-04
2.30082857E-01  2.57818513E-02  4.60243435E-04
2.30381472E-01  2.46642269E-02  4.49258048E-04
2.30680087E-01  2.49644164E-02  4.53150104E-04
2.30978702E-01  2.56225616E-02  4.59085451E-04
2.31277317E-01  2.51621995E-02  4.55466390E-04
2.31575932E-01  2.40849089E-02  4.45482437E-04
2.31874547E-01  2.51450352E-02  4.51691012E-04
2.32173162E-01  2.51108520E-02  4.53571964E-04
2.32471777E-01  2.49979328E-02  4.53459768E-04
2.32770392E-01  2.51375493E-02  4.53167944E-04
2.33069007E-01  2.47255079E-02  4.49183630E-04
2.33367622E-01  2.43172012E-02  4.43821395E-04
2.33666237E-01  2.46047247E-02  4.50270600E-04
2.33964852E-01  2.45209709E-02  4.46057064E-04
2.34263467E-01  2.55110022E-02  4.54973662E-04
2.34562082E-01  2.54296605E-02  4.55409958E-04
2.34860697E-01  2.49124840E-02  4.49988904E-04
2.35159312E-01  2.42115762E-02  4.44118312E-04
2.35457927E-01  2.58712750E-02  4.56630922E-04
2.35756542E-01  2.52615456E-02  4.49453830E-04
2.36055157E-01  2.48782337E-02  4.49810730E-04
2.36353772E-01  2.62893792E-02  4.61999938E-04
2.36652387E-01  2.55494881E-02  4.57923190E-04
2.36951002E-01  2.48071663E-02  4.43055760E-04
2.37249617E-01  2.62352899E-02  4.62839584E-04
2.37548232E-01  2.54806448E-02  4.54071327E-04
2.37846847E-01  2.56871078E-02  4.54372261E-04
2.38145462E-01  2.53873300E-02  4.51334781E-04
2.38444077E-01  2.48451401E-02  4.43521800E-04
2.38742692E-01  2.57637706E-02  4.59189614E-04
2.39041307E-01  2.51651090E-02  4.49735613E-04
2.39339922E-01  2.57553775E-02  4.54090477E-04
2.39638537E-01  2.56864280E-02  4.53863468E-04
2.39937152E-01  2.57669725E-02  4.53309593E-04
2.40235767E-01  2.61708442E-02  4.60058945E-04
2.40534382E-01  2.62589492E-02  4.57873393E-04
2.40832997E-01  2.62856856E-02  4.57090529E-04
2.41131612E-01  2.65575573E-02  4.61888034E-04
2.41430227E-01  2.53286622E-02  4.47332539E-04
2.41728842E-01  2.64216661E-02  4.61483025E-04
2.42027457E-01  2.57668551E-02  4.49703191E-04
2.42326072E-01  2.64879465E-02  4.57710325E-04
2.42624687E-01  2.68008448E-02  4.64785611E-04
2.42923302E-01  2.61138603E-02  4.56106878E-04
2.43221917E-01  2.69668605E-02  4.59180883E-04
2.43520532E-01  2.58413181E-02  4.51346597E-04
2.43819147E-01  2.65237205E-02  4.57645772E-04
2.44117762E-01  2.69817226E-02  4.63756849E-04
2.44416377E-01  2.73257885E-02  4.67877166E-04
2.44714992E-01  2.65030544E-02  4.54724301E-04
2.45013607E-01  2.57083513E-02  4.52558539E-04
2.45312222E-01  2.62795370E-02  4.54788504E-04
2.45610837E-01  2.57662162E-02  4.51691449E-04
2.45909452E-01  2.63445787E-02  4.52138367E-04
2.46208067E-01  2.67163217E-02  4.59059578E-04
2.46506682E-01  2.56098621E-02  4.48468403E-04
2.46805297E-01  2.60472074E-02  4.55917325E-04
2.47103912E-01  2.66265962E-02  4.55172121E-04
2.47402527E-01  2.70002037E-02  4.58355353E-04
2.47701142E-01  2.65705138E-02  4.57432907E-04
2.47999757E-01  2.61416808E-02  4.53354238E-04
2.48298372E-01  2.57383902E-02  4.52456792E-04
2.48596987E-01  2.69357190E-02  4.54130466E-04
2.48895602E-01  2.61891782E-02  4.50934749E-04
2.49194217E-01  2.65729483E-02  4.54720343E-04
2.49492832E-01  2.61822883E-02  4.52226086E-04
2.49791447E-01  2.59895530E-02  4.51667904E-04
2.50090062E-01  2.55071949E-02  4.44427482E-04
2.50388677E-01  2.60197241E-02  4.52055712E-04
2.50687292E-01  2.50014793E-02  4.41554119E-04
2.50985907E-01  2.54132450E-02  4.42656165E-04
2.51284522E-01  2.58486457E-02  4.49219107E-04
2.51583137E-01  2.64283791E-02  4.50927968E-04
2.51881752E-01  2.51052156E-02  4.41394397E-04
2.52180367E-01  2.53381431E-02  4.43438301E-04
2.52478982E-01  2.52614394E-02  4.41218406E-04
2.52777597E-01  2.59293560E-02  4.47857397E-04
2.53076212E-01  2.49527842E-02  4.39462165E-04
2.53374827E-01  2.52654143E-02  4.43525962E-04
2.53673442E-01  2.51550395E-02  4.36901202E-04
2.53972057E-01  2.54143793E-02  4.42675926E-04
2.54270672E-01  2.53545977E-02  4.42037155E-04
2.54569287E-01  2.42507029E-02  4.34296438E-04
2.54867902E-01  2.52198279E-02  4.40626056E-04
2.55166517E-01  2.50511896E-02  4.36349772E-04
2.55465132E-01  2.41649505E-02  4.30967630E-04
2.55763747E-01  2.40884963E-02  4.30632586E-04
2.56062362E-01  2.39679608E-02  4.29439562E-04
2.56360977E-01  2.41443813E-02  4.28156462E-04
2.56659592E-01  2.35264264E-02  4.21528501E-04
2.56958207E-01  2.45004911E-02  4.33721958E-04
2.57256822E-01  2.28378940E-02  4.18077369E-04
2.57555437E-01  2.37275027E-02  4.24111320E-04
2.57854052E-01  2.38410197E-02  4.26140352E-04
2.58152667E-01  2.35850215E-02  4.25317965E-04
2.58451282E-01  2.33982224E-02  4.23744583E-04
2.58749897E-01  2.26367600E-02  4.12944821E-04
2.59048512E-01  2.26189047E-02  4.13652830E-04
2.59347127E-01  2.32601836E-02  4.19255550E-04
2.59645742E-01  2.27550566E-02  4.16770461E-04
2.59944357E-01  2.25293972E-02  4.15363436E-04
2.60242972E-01  2.27356106E-02  4.12014953E-04
2.60541587E-01  2.22374201E-02  4.11240326E-04
2.60840202E-01  2.24077068E-02  4.11722780E-04
2.61138817E-01  2.22418122E-02  4.11391899E-04
2.61437432E-01  2.17495002E-02  4.05418803E-04
2.61736047E-01  2.21856926E-02  4.07643442E-04
2.62034662E-01  2.16401871E-02  4.04507155E-04
2.62333277E-01  2.15419624E-02  4.03376442E-04
2.62631892E-01  2.19300352E-02  4.04657272E-04
2.62930507E-01  2.14671418E-02  4.00573306E-04
2.63229122E-01  2.14333050E-02  4.00990451E-04
2.63527737E-01  2.20477469E-02  4.09275293E-04
2.63826352E-01  2.26398036E-02  4.11157351E-04
2.64124967E-01  2.11689137E-02  3.97577707E-04
2.64423582E-01  2.10899431E-02  3.97146592E-04
2.64722197E-01  2.13864669E-02  3.98375007E-04
2.65020812E-01  2.14823671E-02  4.03251470E-04
2.65319427E-01  2.08310094E-02  3.91853973E-04
2.65618042E-01  2.11629141E-02  3.99087206E-04
2.65916657E-01  2.03331821E-02  3.89656139E-04
2.66215272E-01  2.10401714E-02  3.95858573E-04
2.66513887E-01  2.11029332E-02  3.96758609E-04
2.66812502E-01  2.14691479E-02  3.97713244E-04
2.67111117E-01  2.04903800E-02  3.91163165E-04
2.67409732E-01  2.13723816E-02  3.98458389E-04
2.67708347E-01  2.13869344E-02  3.99215671E-04
2.68006962E-01  2.09491421E-02  3.94495175E-04
2.68305577E-01  2.12666560E-02  3.96143208E-04
2.68604192E-01  2.13173814E-02  3.97640368E-04
2.68902807E-01  2.11959276E-02  3.95995390E-04
2.69201422E-01  2.12796219E-02  3.94948409E-04
2.69500037E-01  2.06052084E-02  3.90238944E-04
2.69798652E-01  2.01263446E-02  3.85480089E-04
2.70097267E-01  2.13984903E-02  4.00059158E-04
2.70395882E-01  2.08945461E-02  3.89279303E-04
2.70694497E-01  2.11975276E-02  3.95404699E-04
2.70993112E-01  2.11483557E-02  3.95659386E-04
2.71291727E-01  2.15074867E-02  3.98697186E-04
2.71590342E-01  2.10469216E-02  3.95426061E-04
2.71888957E-01  2.01392304E-02  3.81893595E-04
2.72187572E-01  2.15921514E-02  3.97746015E-04
2.72486187E-01  2.09830310E-02  3.92497692E-04
2.72784802E-01  2.06860453E-02  3.90511326E-04
2.73083417E-01  2.06090175E-02  3.85839230E-04
2.73382032E-01  2.09529046E-02  3.91318521E-04
2.73680647E-01  2.13460661E-02  3.96797201E-04
2.73979262E-01  2.10300945E-02  3.91940732E-04
2.74277877E-01  2.13674512E-02  3.93473369E-04
2.74576492E-01  2.07566060E-02  3.88398214E-04
2.74875107E-01  2.14320738E-02  3.95873358E-04
2.75173722E-01  2.04710662E-02  3.87490029E-04
2.75472337E-01  2.08242144E-02  3.86496104E-04
2.75770952E-01  2.09278371E-02  3.91191599E-04
2.76069567E-01  2.02332549E-02  3.80879210E-04
2.76368182E-01  2.02756710E-02  3.86431144E-04
2.76666797E-01  2.09894869E-02  3.92070098E-04
2.76965412E-01  2.11840719E-02  3.89436755E-04
2.77264027E-01  2.08989270E-02  3.89834808E-04
2.77562642E-01  2.05633342E-02  3.83308245E-04
2.77861257E-01  2.05054935E-02  3.87725187E-04
2.78159872E-01  2.05542631E-02  3.82939616E-04
2.78458487E-01  2.09747907E-02  3.88288900E-04
2.78757102E-01  2.01827250E-02  3.83685372E-04
2.79055717E-01  2.13159192E-02  3.91926791E-04
2.79354332E-01  2.15574149E-02  3.94042727E-04
2.79652947E-01  2.11575907E-02  3.90470464E-04
2.79951562E-01  2.13869270E-02  3.89368419E-04
2.80250177E-01  2.16344390E-02  3.96645133E-04
2.80548792E-01  2.12704875E-02  3.90827336E-04
2.80847407E-01  2.10265629E-02  3.87130392E-04
2.81146022E-01  2.11266801E-02  3.89700930E-04
2.81444637E-01  2.18183566E-02  3.97025666E-04
2.81743252E-01  2.10100748E-02  3.87946260E-04
2.82041867E-01  2.10436191E-02  3.84908461E-04
2.82340482E-01  2.10752040E-02  3.88355198E-04
2.82639097E-01  2.13327464E-02  3.90916888E-04
2.82937712E-01  2.13156678E-02  3.90080328E-04
2.83236327E-01  2.15584505E-02  3.92101472E-04
2.83534942E-01  2.15087775E-02  3.89718305E-04
2.83833557E-01  2.20193919E-02  3.96568823E-04
2.84132172E-01  2.06263214E-02  3.83153296E-04
2.84430787E-01  2.10161619E-02  3.88788379E-04
2.84729402E-01  2.23968960E-02  3.96420772E-04
2.85028017E-01  2.15660632E-02  3.91399226E-04
2.85326632E-01  2.13652346E-02  3.92105168E-04
2.85625247E-01  2.12692916E-02  3.85000021E-04
2.85923862E-01  2.14777086E-02  3.90117086E-04
2.86222477E-01  2.14213319E-02  3.89221503E-04
2.86521092E-01  2.14603059E-02  3.89672437E-04
2.86819707E-01  2.05555093E-02  3.84030689E-04
2.87118322E-01  2.15381347E-02  3.87336418E-04
2.87416937E-01  2.11622342E-02  3.85725434E-04
2.87715552E-01  2.07498111E-02  3.81389109E-04
2.88014167E-01  2.15778369E-02  3.91612935E-04
2.88312782E-01  2.07809471E-02  3.83650069E-04
2.88611397E-01  2.10542660E-02  3.81670950E-04
2.88910012E-01  2.15816367E-02  3.91359761E-04
2.89208627E-01  2.15776507E-02  3.89308203E-04
2.89507242E-01  2.10902318E-02  3.84604733E-04
2.89805857E-01  2.20856890E-02  3.92142916E-04
2.90104472E-01  2.11330503E-02  3.83036240E-04
2.90403087E-01  2.13658083E-02  3.89306661E-04
2.90701702E-01  2.15220321E-02  3.87674256E-04
2.91000317E-01  2.21380685E-02  3.92516464E-04
2.91298932E-01  2.16061305E-02  3.88622109E-04
2.91597547E-01  2.16415301E-02  3.89510940E-04
2.91896162E-01  2.12879553E-02  3.86034168E-04
2.92194777E-01  2.15052404E-02  3.86494939E-04
2.92493392E-01  2.21038405E-02  3.92217975E-04
2.92792007E-01  2.15158351E-02  3.87436943E-04
2.93090622E-01  2.21153647E-02  3.92607937E-04
2.93389237E-01  2.15787459E-02  3.87628272E-04
2.93687852E-01  2.20965594E-02  3.89521680E-04
2.93986467E-01  2.16939449E-02  3.88757908E-04
2.94285082E-01  2.20268425E-02  3.89748806E-04
2.94583697E-01  2.20730212E-02  3.93097056E-04
2.94882312E-01  2.16549113E-02  3.86818225E-04
2.95180927E-01  2.17181854E-02  3.84890329E-04
2.95479542E-01  2.15064697E-02  3.86517058E-04
2.95778157E-01  2.21684873E-02  3.90911155E-04
2.96076772E-01  2.14343425E-02  3.84662038E-04
2.96375387E-01  2.21681055E-02  3.90722184E-04
2.96674002E-01  2.15277597E-02  3.84854065E-04
2.96972617E-01  2.25281157E-02  3.96268180E-04
2.97271232E-01  2.19501033E-02  3.91342648E-04
2.97569847E-01  2.14547664E-02  3.87091102E-04
2.97868462E-01  2.19040513E-02  3.92271177E-04
2.98167077E-01  2.15460621E-02  3.90971865E-04
2.98465692E-01  2.21031047E-02  3.98464414E-04
2.98764307E-01  2.17721127E-02  3.92051734E-04
2.99062922E-01  2.18860488E-02  3.95516632E-04
2.99361537E-01  2.14100759E-02  3.92465736E-04
2.99660152E-01  2.14061607E-02  3.93121183E-04
2.99958767E-01  2.20493469E-02  3.99185403E-04
3.00257382E-01  2.14891527E-02  3.95178795E-04
3.00555997E-01  2.18450427E-02  3.98237171E-04
3.00854612E-01  2.16270648E-02  3.95646464E-04
3.01153227E-01  2.20391918E-02  4.02043865E-04
3.01451842E-01  2.18239110E-02  3.98249191E-04
3.01750457E-01  2.11355425E-02  3.96461808E-04
3.02049072E-01  2.13831998E-02  3.95917305E-04
3.02347687E-01  2.16443241E-02  4.06291598E-04
3.02646302E-01  2.13227570E-02  4.08395019E-04
3.02944917E-01  2.17021480E-02  4.11901128E-04
3.03243532E-01  2.13191919E-02  4.16028779E-04
3.03542147E-01  2.18806732E-02  4.22189740E-04
3.03840762E-01  2.11968869E-02  4.15305985E-04
3.04139377E-01  2.13761423E-02  4.22483106E-04
3.04437992E-01  2.22279206E-02  4.26986546E-04
3.04736607E-01  2.10224483E-02  4.22055833E-04
3.05035222E-01  2.17977073E-02  4.26260376E-04
3.05333837E-01  2.16197930E-02  4.27382154E-04
3.05632452E-01  2.13423278E-02  4.28046769E-04
3.05931067E-01  2.09151637E-02  4.21604724E-04
3.06229682E-01  2.14055162E-02  4.31138935E-04
3.06528297E-01  2.12461650E-02  4.25434118E-04
3.06826912E-01  2.15840545E-02  4.34118992E-04
3.07125527E-01  2.12685578E-02  4.31988039E-04
3.07424142E-01  2.07353942E-02  4.26019775E-04
3.07722757E-01  2.10517477E-02  4.32702131E-04
3.08021372E-01  2.15190109E-02  4.33865149E-04
3.08319987E-01  2.08687931E-02  4.24043363E-04
3.08618602E-01  2.10972428E-02  4.22198267E-04
3.08917217E-01  2.09053271E-02  4.13987174E-04
3.09215832E-01  2.09445544E-02  4.17972566E-04
3.09514447E-01  2.14680582E-02  4.16561117E-04
3.09813062E-01  2.11512242E-02  4.14411363E-04
3.10111677E-01  2.04788391E-02  4.05939645E-04
3.10410292E-01  2.11995039E-02  4.07909101E-04
3.10708907E-01  2.15892084E-02  4.15638468E-04
3.11007522E-01  2.09692065E-02  4.03926737E-04
3.11306137E-01  2.15055011E-02  4.14257316E-04
3.11604752E-01  2.05983240E-02  4.00666759E-04
3.11903367E-01  2.11448334E-02  4.05508210E-04
3.12201982E-01  2.03951113E-02  3.98147648E-04
3.12500597E-01  2.03165896E-02  3.93773778E-04
3.12799212E-01  2.14564260E-02  4.08046646E-04
3.13097827E-01  2.08683759E-02  3.99618963E-04
3.13396442E-01  2.13091131E-02  4.03280923E-04
3.13695057E-01  2.14572810E-02  4.06741136E-04
3.13993672E-01  2.07184572E-02  3.95661424E-04
3.14292287E-01  2.10029036E-02  3.99421813E-04
3.14590902E-01  2.07984149E-02  3.96322081E-04
3.14889517E-01  2.10024379E-02  3.98262317E-04
3.15188132E-01  2.09504776E-02  4.00092307E-04
3.15486747E-01  2.08953712E-02  3.94252274E-04
3.15785362E-01  2.08188891E-02  3.96209012E-04
3.16083977E-01  2.11379845E-02  3.96228861E-04
3.16382592E-01  2.06644330E-02  3.93912051E-04
3.16681207E-01  2.11448390E-02  3.96705989E-04
3.16979822E-01  2.09532566E-02  3.94293107E-04
3.17278437E-01  2.16030534E-02  4.01713100E-04
3.17577052E-01  2.16101818E-02  4.00532066E-04
3.17875667E-01  2.09597852E-02  3.99978424E-04
3.18174282E-01  2.07860544E-02  4.01967874E-04
3.18472897E-01  2.02285312E-02  4.02244361E-04
3.18771512E-01  2.15165876E-02  4.13245987E-04
3.19070127E-01  2.08875928E-02  4.10350243E-04
3.19368742E-01  1.99135486E-02  4.01007157E-04
3.19667357E-01  2.09099017E-02  4.11264977E-04
3.19965972E-01  2.12647095E-02  4.15678514E-04
3.20264587E-01  2.01061554E-02  4.06039995E-04
3.20563202E-01  2.11196784E-02  4.15793271E-04
3.20861817E-01  2.15907041E-02  4.21246950E-04
3.21160432E-01  2.00101025E-02  4.04265127E-04
3.21459047E-01  2.02515181E-02  4.10569337E-04
3.21757662E-01  2.14184746E-02  4.19567019E-04
3.22056277E-01  2.07127109E-02  4.12361696E-04
3.22354892E-01  2.06650198E-02  4.15466464E-04
3.22653507E-01  2.11894251E-02  4.19366523E-04
3.22952122E-01  2.08962187E-02  4.20114666E-04
3.23250737E-01  2.00015586E-02  4.03270329E-04
3.23549352E-01  2.03841738E-02  4.12159075E-04
3.23847967E-01  2.06847098E-02  4.17128787E-04
3.24146582E-01  2.04138234E-02  4.13181144E-04
3.24445197E-01  2.14675888E-02  4.23959398E-04
3.24743812E-01  2.06920113E-02  4.15505579E-04
3.25042427E-01  2.06996016E-02  4.19998949E-04
3.25341042E-01  2.03897078E-02  4.12102556E-04
3.25639657E-01  2.14002896E-02  4.24538739E-04
3.25938272E-01  2.08874382E-02  4.20533499E-04
3.26236887E-01  2.08352692E-02  4.16705385E-04
3.26535502E-01  2.03801952E-02  4.18368989E-04
3.26834117E-01  2.04312708E-02  4.14213573E-04
3.27132732E-01  2.05771737E-02  4.17772972E-04
3.27431347E-01  2.02213973E-02  4.14759706E-04
3.27729962E-01  2.15654057E-02  4.26307030E-04
3.28028577E-01  2.00346056E-02  4.17568896E-04
3.28327192E-01  2.12043878E-02  4.19416319E-04
3.28625807E-01  2.08846387E-02  4.23144142E-04
3.28924422E-01  2.02946849E-02  4.16877185E-04
3.29223037E-01  2.05598865E-02  4.17852803E-04
3.29521652E-01  2.06795800E-02  4.19938675E-04
3.29820267E-01  2.07450669E-02  4.19113669E-04
3.30118882E-01  2.06019208E-02  4.22298210E-04
3.30417497E-01  2.12372504E-02  4.26454237E-04
3.30716112E-01  2.03862414E-02  4.15354356E-04
3.31014727E-01  2.09682528E-02  4.21989535E-04
3.31313342E-01  2.01797299E-02  4.12519061E-04
3.31611957E-01  2.09774747E-02  4.25112376E-04
3.31910572E-01  2.02722140E-02  4.14930139E-04
3.32209187E-01  2.07507052E-02  4.17950039E-04
3.32507802E-01  2.03539599E-02  4.18625015E-04
3.32806417E-01  2.08086763E-02  4.17679898E-04
3.33105032E-01  2.00396311E-02  4.13650123E-04
3.33403647E-01  2.01855730E-02  4.12466179E-04
3.33702262E-01  2.09688470E-02  4.20640776E-04
3.34000877E-01  2.13910621E-02  4.24606376E-04
3.34299492E-01  2.07073092E-02  4.19121352E-04
3.34598107E-01  2.04552505E-02  4.16933472E-04
3.34896722E-01  2.09054854E-02  4.17442323E-04
3.35195337E-01  1.98861063E-02  4.07968386E-04
3.35493952E-01  2.05018055E-02  4.16672381E-04
3.35792567E-01  2.08371915E-02  4.18589683E-04
3.36091182E-01  2.10418645E-02  4.21258766E-04
3.36389797E-01  2.04107855E-02  4.12360154E-04
3.36688412E-01  2.07338091E-02  4.18289070E-04
3.36987027E-01  2.05979291E-02  4.14368929E-04
3.37285642E-01  2.08844487E-02  4.18947689E-04
3.37584257E-01  2.06592698E-02  4.17295116E-04
3.37882872E-01  2.08763890E-02  4.17527801E-04
3.38181487E-01  2.03876104E-02  4.14180453E-04
3.38480102E-01  2.15569418E-02  4.19551390E-04
3.38778717E-01  2.09491514E-02  4.19234653E-04
3.39077332E-01  2.14700568E-02  4.22691315E-04
3.39375947E-01  2.03266460E-02  4.11164045E-04
3.39674562E-01  2.07575355E-02  4.18172480E-04
3.39973177E-01  2.11452059E-02  4.17674164E-04
3.40271792E-01  2.01526042E-02  4.10594192E-04
3.40570407E-01  2.07161196E-02  4.15570976E-04
3.40869022E-01  2.08328925E-02  4.14343987E-04
3.41167637E-01  2.09902097E-02  4.17225383E-04
3.41466252E-01  2.04111263E-02  4.08959313E-04
3.41764867E-01  2.03749966E-02  4.13582980E-04
3.42063482E-01  2.11743340E-02  4.18331125E-04
3.42362097E-01  2.10435893E-02  4.14777838E-04
3.42660712E-01  2.07179580E-02  4.15357208E-04
3.42959327E-01  2.13141665E-02  4.16964089E-04
3.43257942E-01  2.10596267E-02  4.18770680E-04
3.43556557E-01  2.05009356E-02  4.10100736E-04
3.43855172E-01  2.11366136E-02  4.16530471E-04
3.44153787E-01  2.08830386E-02  4.13789268E-04
3.44452402E-01  2.03856714E-02  4.08367341E-04
3.44751017E-01  2.06973571E-02  4.12301219E-04
3.45049632E-01  2.07862034E-02  4.09227971E-04
3.45348247E-01  2.06976105E-02  4.12306254E-04
3.45646862E-01  2.07660403E-02  4.11228888E-04
3.45945477E-01  1.97461750E-02  4.01232304E-04
3.46244092E-01  2.08314080E-02  4.07286250E-04
3.46542707E-01  2.07067076E-02  4.06404695E-04
3.46841322E-01  2.06135772E-02  4.08449967E-04
3.47139937E-01  2.00572517E-02  4.01546771E-04
3.47438552E-01  2.04953384E-02  4.02877427E-04
3.47737167E-01  2.08042990E-02  4.09187924E-04
3.48035782E-01  2.08491627E-02  4.06007050E-04
3.48334397E-01  2.01477427E-02  4.02231497E-04
3.48633012E-01  2.06122249E-02  4.01164900E-04
3.48931627E-01  2.12559290E-02  4.10517503E-04
3.49230242E-01  2.07123086E-02  4.06358100E-04
3.49528857E-01  2.07848698E-02  4.05833736E-04
3.49827472E-01  2.06711516E-02  4.05394647E-04
3.50126087E-01  2.09960509E-02  4.04669147E-04
3.50424702E-01  2.19785608E-02  4.17674339E-04
3.50723317E-01  2.05542464E-02  4.02251928E-04
3.51021932E-01  2.05591228E-02  4.03741433E-04
3.51320547E-01  2.11070180E-02  4.06959094E-04
3.51619162E-01  2.07731463E-02  4.02849750E-04
3.51917777E-01  2.13811714E-02  4.10493783E-04
3.52216392E-01  2.12053079E-02  4.08020773E-04
3.52515007E-01  2.09246967E-02  4.03443788E-04
3.52813622E-01  2.11270750E-02  4.05391358E-04
3.53112237E-01  2.09269989E-02  4.07909683E-04
3.53410852E-01  2.07469240E-02  4.05479514E-04
3.53709467E-01  2.13226359E-02  4.03248094E-04
3.54008082E-01  2.09749788E-02  4.04263003E-04
3.54306697E-01  2.07482800E-02  4.02291917E-04
3.54605312E-01  2.03499049E-02  4.00483172E-04
3.54903927E-01  2.14964543E-02  4.12859285E-04
3.55202542E-01  2.12291740E-02  4.01624216E-04
3.55501157E-01  2.10978407E-02  4.06555482E-04
3.55799772E-01  2.15950608E-02  4.09426400E-04
3.56098387E-01  2.12482866E-02  4.07118059E-04
3.56397002E-01  2.06142124E-02  4.00672725E-04
3.56695617E-01  2.08594892E-02  3.98645585E-04
3.56994232E-01  2.12566908E-02  4.09768720E-04
3.57292847E-01  2.14345176E-02  4.04857477E-04
3.57591462E-01  2.12744772E-02  4.05835977E-04
3.57890077E-01  2.05468033E-02  3.98086238E-04
3.58188692E-01  2.06276607E-02  3.97273892E-04
3.58487307E-01  2.09954940E-02  4.06246050E-04
3.58785922E-01  2.13261284E-02  4.02236619E-04
3.59084537E-01  2.13178620E-02  4.06146602E-04
3.59383152E-01  2.11892016E-02  4.03402664E-04
3.59681767E-01  2.06848979E-02  3.98894423E-04
3.59980382E-01  2.09153704E-02  4.04923165E-04
3.60278997E-01  2.10734233E-02  3.97966098E-04
3.60577612E-01  2.13764794E-02  4.06820618E-04
3.60876227E-01  2.07896829E-02  3.99801618E-04
3.61174842E-01  2.19269861E-02  4.08089603E-04
3.61473457E-01  2.08030473E-02  3.97494354E-04
3.61772072E-01  2.16276795E-02  4.06480773E-04
3.62070687E-01  2.11607963E-02  4.04551625E-04
3.62369302E-01  2.17421539E-02  4.07125015E-04
3.62667917E-01  2.15707552E-02  4.05410916E-04
3.62966532E-01  2.17373688E-02  4.05686325E-04
3.63265147E-01  2.10142303E-02  4.00361838E-04
3.63563762E-01  2.10713148E-02  4.01012978E-04
3.63862377E-01  2.10371502E-02  3.99207755E-04
3.64160992E-01  2.15941481E-02  4.04779596E-04
3.64459607E-01  2.09638905E-02  3.99040844E-04
3.64758222E-01  2.16780175E-02  4.05781815E-04
3.65056837E-01  2.11527739E-02  4.01474157E-04
3.65355452E-01  2.06735376E-02  3.93371563E-04
3.65654067E-01  2.09936257E-02  3.99751676E-04
3.65952682E-01  2.08669808E-02  3.95622541E-04
3.66251297E-01  2.15418786E-02  4.06017149E-04
3.66549912E-01  2.11969092E-02  3.98948730E-04
3.66848527E-01  2.14311369E-02  3.99068609E-04
3.67147142E-01  2.18520761E-02  4.08825144E-04
3.67445757E-01  2.17711870E-02  4.03793762E-04
3.67744372E-01  2.13282648E-02  4.00711899E-04
3.68042987E-01  2.21390538E-02  4.07405896E-04
3.68341602E-01  2.09014770E-02  3.96063086E-04
3.68640217E-01  2.19257548E-02  4.07572894E-04
3.68938832E-01  2.17800140E-02  4.01070516E-04
3.69237447E-01  2.17686221E-02  4.04093851E-04
3.69536062E-01  2.16219295E-02  4.00956487E-04
3.69834677E-01  2.23264117E-02  4.09883214E-04
3.70133292E-01  2.12297775E-02  4.00847348E-04
3.70431907E-01  2.08696425E-02  3.92303133E-04
3.70730522E-01  2.10053399E-02  3.96538962E-04
3.71029137E-01  2.15742365E-02  3.99591430E-04
3.71327752E-01  2.20038351E-02  4.05329600E-04
3.71626367E-01  2.19509006E-02  4.04423103E-04
3.71924982E-01  2.17979252E-02  4.02699749E-04
3.72223597E-01  2.22474858E-02  4.08847874E-04
3.72522212E-01  2.18246840E-02  4.00469784E-04
3.72820827E-01  2.11227015E-02  3.95803363E-04
3.73119442E-01  2.22319886E-02  4.06169594E-04
3.73418057E-01  2.19059512E-02  4.01218655E-04
3.73716672E-01  2.16021240E-02  4.03302751E-04
3.74015287E-01  2.24551167E-02  4.04876133E-04
3.74313902E-01  2.24676654E-02  4.06958832E-04
3.74612517E-01  2.13907268E-02  3.98109143E-04
3.74911132E-01  2.07709242E-02  3.91695125E-04
3.75209747E-01  2.14947425E-02  3.99078534E-04
3.75508362E-01  2.23292764E-02  4.04054648E-04
3.75806977E-01  2.19446402E-02  4.01994708E-04
3.76105592E-01  2.14404128E-02  3.97249067E-04
3.76404207E-01  2.22803652E-02  4.05164523E-04
3.76702822E-01  2.17812713E-02  3.98868200E-04
3.77001437E-01  2.18585636E-02  3.99881508E-04
3.77300052E-01  2.22333614E-02  4.05991450E-04
3.77598667E-01  2.23447885E-02  4.06067586E-04
3.77897282E-01  2.23734565E-02  4.03338170E-04
3.78195897E-01  2.22696643E-02  4.01793659E-04
3.78494512E-01  2.23225020E-02  4.04727994E-04
3.78793127E-01  2.18044482E-02  3.99292621E-04
3.79091742E-01  2.15196013E-02  3.95872630E-04
3.79390357E-01  2.25632638E-02  4.05052240E-04
3.79688972E-01  2.14289278E-02  3.94940376E-04
3.79987587E-01  2.23035570E-02  4.02208796E-04
3.80286202E-01  2.14763973E-02  3.95680865E-04
3.80584817E-01  2.22419985E-02  4.02673177E-04
3.80883432E-01  2.26416513E-02  4.04637918E-04
3.81182047E-01  2.25028396E-02  4.04620019E-04
3.81480662E-01  2.22523361E-02  4.02464793E-04
3.81779277E-01  2.09879708E-02  3.87736480E-04
3.82077892E-01  2.22016834E-02  4.02009173E-04
3.82376507E-01  2.21663360E-02  4.00778255E-04
3.82675122E-01  2.28776317E-02  4.07879328E-04
3.82973737E-01  2.20737476E-02  3.99039011E-04
3.83272352E-01  2.19391752E-02  3.95252340E-04
3.83570967E-01  2.24816967E-02  4.03522921E-04
3.83869582E-01  2.24115495E-02  4.01681929E-04
3.84168197E-01  2.23934185E-02  4.02327452E-04
3.84466812E-01  2.26307698E-02  4.02838370E-04
3.84765427E-01  2.20095478E-02  3.96777788E-04
3.85064042E-01  2.23036110E-02  4.02537204E-04
3.85362657E-01  2.25093272E-02  4.01760131E-04
3.85661272E-01  2.19377950E-02  3.93887371E-04
3.85959887E-01  2.25193985E-02  4.03161888E-04
3.86258502E-01  2.22423188E-02  3.97691852E-04
3.86557117E-01  2.22603027E-02  4.03070619E-04
3.86855732E-01  2.18330920E-02  3.93532828E-04
3.87154347E-01  2.29171887E-02  4.02987294E-04
3.87452962E-01  2.24367250E-02  4.02327074E-04
3.87751577E-01  2.25018859E-02  3.98341450E-04
3.88050192E-01  2.25380342E-02  4.03237151E-04
3.88348807E-01  2.29074955E-02  4.00838588E-04
3.88647422E-01  2.35747229E-02  4.09948698E-04
3.88946037E-01  2.24166568E-02  3.98963864E-04
3.89244652E-01  2.20708642E-02  3.96660413E-04
3.89543267E-01  2.30234414E-02  4.05231782E-04
3.89841882E-01  2.19055880E-02  3.92172922E-04
3.90140497E-01  2.27287989E-02  4.03434475E-04
3.90439112E-01  2.29797233E-02  4.04650375E-04
3.90737727E-01  2.25941278E-02  3.96938383E-04
3.91036342E-01  2.27883160E-02  4.03665123E-04
3.91334957E-01  2.37794090E-02  4.07813495E-04
3.91633572E-01  2.34292783E-02  4.08594962E-04
3.91932187E-01  2.25867610E-02  3.97361204E-04
3.92230802E-01  2.29725987E-02  4.01916244E-04
3.92529417E-01  2.28597000E-02  4.03602025E-04
3.92828032E-01  2.25613173E-02  3.96852178E-04
3.93126647E-01  2.32056119E-02  4.04448394E-04
3.93425262E-01  2.35376786E-02  4.05942759E-04
3.93723877E-01  2.37975661E-02  4.10180975E-04
3.94022492E-01  2.26260852E-02  3.99664335E-04
3.94321107E-01  2.22549457E-02  3.94155300E-04
3.94619722E-01  2.25771982E-02  3.97192984E-04
3.94918337E-01  2.37516109E-02  4.07097366E-04
3.95216952E-01  2.27006972E-02  3.99057026E-04
3.95515567E-01  2.32934840E-02  4.04630118E-04
3.95814182E-01  2.33174525E-02  4.01131721E-04
3.96112797E-01  2.32494120E-02  4.03560232E-04
3.96411412E-01  2.31174622E-02  4.01633064E-04
3.96710027E-01  2.28870567E-02  4.00113582E-04
3.97008642E-01  2.25905217E-02  3.95595067E-04
3.97307257E-01  2.28367988E-02  3.98322998E-04
3.97605872E-01  2.28611771E-02  3.99600103E-04
3.97904487E-01  2.27342658E-02  3.99462006E-04
3.98203102E-01  2.33035572E-02  4.00064746E-04
3.98501717E-01  2.31602024E-02  3.99789482E-04
3.98800332E-01  2.33630612E-02  4.02214035E-04
3.99098947E-01  2.34013703E-02  4.02933249E-04
3.99397562E-01  2.35003419E-02  4.05057915E-04
3.99696177E-01  2.31904406E-02  4.00729594E-04
3.99994792E-01  2.29816567E-02  3.97775613E-04
4.00293407E-01  2.32157968E-02  4.01048019E-04
4.00592022E-01  2.29585469E-02  3.97673575E-04
4.00890637E-01  2.30578799E-02  3.98438977E-04
4.01189252E-01  2.28627957E-02  3.96371965E-04
4.01487867E-01  2.37059221E-02  4.05362691E-04
4.01786482E-01  2.35548001E-02  4.03487065E-04
4.02085097E-01  2.32495293E-02  3.97442345E-04
4.02383712E-01  2.34773681E-02  4.04481718E-04
4.02682327E-01  2.28234511E-02  3.93507769E-04
4.02980942E-01  2.32747253E-02  4.00990481E-04
4.03279557E-01  2.26341151E-02  3.93830385E-04
4.03578172E-01  2.32362431E-02  3.96867486E-04
4.03876787E-01  2.29243953E-02  3.97679047E-04
4.04175402E-01  2.32208911E-02  3.97301279E-04
4.04474017E-01  2.27105003E-02  3.95159499E-04
4.04772632E-01  2.32636053E-02  3.97857424E-04
4.05071247E-01  2.29097027E-02  3.95288749E-04
4.05369862E-01  2.27468014E-02  3.97479453E-04
4.05668477E-01  2.29990017E-02  3.92357906E-04
4.05967092E-01  2.30656564E-02  3.96448217E-04
4.06265707E-01  2.24055108E-02  3.90089001E-04
4.06564322E-01  2.33218241E-02  3.97518248E-04
4.06862937E-01  2.35438403E-02  4.03417740E-04
4.07161552E-01  2.30105110E-02  3.93471419E-04
4.07460167E-01  2.26245467E-02  3.92832269E-04
4.07758782E-01  2.28111073E-02  3.91034788E-04
4.08057397E-01  2.37948895E-02  4.01347905E-04
4.08356012E-01  2.24749763E-02  3.91535868E-04
4.08654627E-01  2.28451192E-02  3.91330424E-04
4.08953242E-01  2.25775223E-02  3.93083785E-04
4.09251857E-01  2.33994182E-02  3.96885443E-04
4.09550472E-01  2.22490858E-02  3.87189561E-04
4.09849087E-01  2.29445528E-02  3.93380149E-04
4.10147702E-01  2.29493733E-02  3.91682290E-04
4.10446317E-01  2.27500778E-02  3.94121744E-04
4.10744932E-01  2.21455526E-02  3.86383734E-04
4.11043547E-01  2.28881799E-02  3.89448542E-04
4.11342162E-01  2.26745736E-02  3.90882808E-04
4.11640777E-01  2.22933218E-02  3.88312328E-04
4.11939392E-01  2.24168058E-02  3.89754336E-04
4.12238007E-01  2.21242066E-02  3.83164181E-04
4.12536622E-01  2.28673872E-02  3.91539594E-04
4.12835237E-01  2.22125482E-02  3.84463579E-04
4.13133852E-01  2.13491339E-02  3.78409430E-04
4.13432467E-01  2.23070774E-02  3.86447209E-04
4.13731082E-01  2.26218123E-02  3.87903827E-04
4.14029697E-01  2.21916642E-02  3.85898224E-04
4.14328312E-01  2.18678471E-02  3.81829188E-04
4.14626927E-01  2.17623413E-02  3.81971826E-04
4.14925542E-01  2.18384042E-02  3.79296776E-04
4.15224157E-01  2.25702152E-02  3.88276938E-04
4.15522772E-01  2.18934137E-02  3.83035396E-04
4.15821387E-01  2.23122612E-02  3.84009851E-04
4.16120002E-01  2.21957155E-02  3.83712730E-04
4.16418617E-01  2.22483948E-02  3.84968735E-04
4.16717232E-01  2.22593751E-02  3.84354003E-04
4.17015847E-01  2.16594469E-02  3.80459009E-04
4.17314462E-01  2.18822416E-02  3.77448392E-04
4.17613077E-01  2.23166198E-02  3.84940999E-04
4.17911692E-01  2.20481828E-02  3.81390244E-04
4.18210307E-01  2.15899255E-02  3.80118436E-04
4.18508922E-01  2.15965081E-02  3.76346317E-04
4.18807537E-01  2.17967965E-02  3.78175027E-04
4.19106152E-01  2.20452007E-02  3.82600061E-04
4.19404767E-01  2.10202374E-02  3.73342977E-04
4.19703382E-01  2.17439141E-02  3.76690994E-04
4.20001997E-01  2.12252792E-02  3.73872288E-04
4.20300612E-01  2.10057646E-02  3.70580965E-04
4.20599227E-01  2.13254206E-02  3.76396085E-04
4.20897842E-01  2.17388738E-02  3.77682038E-04
4.21196457E-01  2.11182237E-02  3.71238624E-04
4.21495072E-01  2.15323344E-02  3.76487733E-04
4.21793687E-01  2.16440260E-02  3.76261392E-04
4.22092302E-01  2.14332156E-02  3.76485114E-04
4.22390917E-01  2.14634184E-02  3.71330534E-04
4.22689532E-01  2.10149065E-02  3.72368348E-04
4.22988147E-01  2.12437920E-02  3.72011738E-04
4.23286762E-01  2.14342754E-02  3.75982054E-04
4.23585377E-01  2.20935754E-02  3.79124773E-04
4.23883992E-01  2.08832677E-02  3.67847912E-04
4.24182607E-01  2.12329999E-02  3.71083821E-04
4.24481222E-01  2.07142271E-02  3.68606241E-04
4.24779837E-01  2.06015669E-02  3.66022403E-04
4.25078452E-01  2.06705406E-02  3.65235814E-04
4.25377067E-01  2.05236152E-02  3.66493128E-04
4.25675682E-01  2.10907813E-02  3.68767272E-04
4.25974297E-01  2.10570693E-02  3.71312781E-04
4.26272912E-01  2.08606347E-02  3.65526328E-04
4.26571527E-01  2.04746425E-02  3.66144377E-04
4.26870142E-01  2.09659599E-02  3.67597648E-04
4.27168757E-01  2.09286027E-02  3.67848406E-04
4.27467372E-01  2.07629874E-02  3.65163170E-04
4.27765987E-01  1.99697614E-02  3.60298349E-04
4.28064602E-01  2.03156173E-02  3.61856975E-04
4.28363217E-01  2.04968192E-02  3.64449108E-04
4.28661832E-01  2.05617733E-02  3.64453619E-04
4.28960447E-01  2.09225491E-02  3.67062254E-04
4.29259062E-01  2.05198750E-02  3.63027299E-04
4.29557677E-01  2.03110874E-02  3.61661543E-04
4.29856292E-01  2.04209946E-02  3.61108454E-04
4.30154907E-01  2.00567562E-02  3.58671386E-04
4.30453522E-01  2.05950141E-02  3.64756386E-04
4.30752137E-01  2.05711294E-02  3.63649626E-04
4.31050752E-01  2.01521367E-02  3.58490419E-04
4.31349367E-01  2.05631740E-02  3.62772873E-04
4.31647982E-01  2.04491466E-02  3.61606275E-04
4.31946597E-01  2.03659050E-02  3.62810213E-04
4.32245212E-01  2.02430282E-02  3.58747551E-04
4.32543827E-01  2.04637907E-02  3.62546067E-04
4.32842442E-01  2.02271324E-02  3.62472463E-04
4.33141057E-01  2.03680117E-02  3.59778001E-04
4.33439672E-01  2.04263330E-02  3.62623017E-04
4.33738287E-01  2.03560647E-02  3.60072881E-04
4.34036902E-01  1.98383871E-02  3.57288955E-04
4.34335517E-01  2.06417982E-02  3.64046631E-04
4.34634132E-01  2.04049591E-02  3.62357794E-04
4.34932747E-01  2.02802569E-02  3.59407335E-04
4.35231362E-01  2.04157960E-02  3.60847305E-04
4.35529977E-01  2.04898398E-02  3.63521365E-04
4.35828592E-01  2.01237593E-02  3.59697093E-04
4.36127207E-01  2.03378014E-02  3.59524915E-04
4.36425822E-01  2.03207526E-02  3.60011938E-04
4.36724437E-01  2.04400513E-02  3.61388957E-04
4.37023052E-01  2.04008128E-02  3.61203653E-04
4.37321667E-01  1.92702617E-02  3.49043956E-04
4.37620282E-01  2.01953277E-02  3.59942846E-04
4.37918897E-01  1.94758382E-02  3.52767587E-04
4.38217512E-01  2.00327430E-02  3.58413934E-04
4.38516127E-01  1.94821097E-02  3.51271447E-04
4.38814742E-01  2.03655735E-02  3.57345765E-04
4.39113357E-01  1.98486093E-02  3.55975179E-04
4.39411972E-01  2.02649198E-02  3.59530968E-04
4.39710587E-01  1.94149632E-02  3.50516842E-04
4.40009202E-01  1.95421595E-02  3.52985866E-04
4.40307817E-01  1.94590129E-02  3.49156471E-04
4.40606432E-01  2.02183202E-02  3.59043421E-04
4.40905047E-01  2.00520232E-02  3.56540288E-04
4.41203662E-01  1.93069689E-02  3.47718131E-04
4.41502277E-01  2.02132650E-02  3.57658893E-04
4.41800892E-01  1.92933735E-02  3.48890753E-04
4.42099507E-01  1.97042897E-02  3.52819916E-04
4.42398122E-01  1.98966041E-02  3.53609154E-04
4.42696737E-01  1.93081591E-02  3.48418311E-04
4.42995352E-01  1.98729280E-02  3.54252959E-04
4.43293967E-01  1.95805710E-02  3.52645700E-04
4.43592582E-01  1.97799858E-02  3.54516465E-04
4.43891197E-01  1.97960567E-02  3.51267867E-04
4.44189812E-01  1.99484136E-02  3.55711614E-04
4.44488427E-01  1.96377337E-02  3.51234252E-04
4.44787042E-01  1.97846331E-02  3.53861658E-04
4.45085657E-01  1.96254794E-02  3.51127412E-04
4.45384272E-01  1.97928809E-02  3.53162875E-04
4.45682887E-01  1.99016053E-02  3.56638979E-04
4.45981502E-01  1.97963547E-02  3.52272851E-04
4.46280117E-01  2.03426890E-02  3.57882003E-04
4.46578732E-01  1.99597832E-02  3.54731979E-04
4.46877347E-01  1.96085032E-02  3.52292787E-04
4.47175962E-01  1.96492020E-02  3.56200035E-04
4.47474577E-01  2.00820472E-02  3.54119606E-04
4.47773192E-01  1.99754629E-02  3.54954624E-04
4.48071807E-01  1.96224060E-02  3.51805211E-04
4.48370422E-01  2.00711489E-02  3.56823934E-04
4.48669037E-01  1.96439382E-02  3.52078088E-04
4.48967652E-01  1.97837465E-02  3.52943724E-04
4.49266267E-01  1.90988295E-02  3.48231319E-04
4.49564882E-01  2.07109433E-02  3.62791994E-04
4.49863497E-01  1.90578736E-02  3.46564106E-04
4.50162112E-01  1.92431882E-02  3.49472044E-04
4.50460727E-01  1.97343919E-02  3.53983691E-04
4.50759342E-01  1.99020635E-02  3.55564116E-04
4.51057957E-01  2.02551708E-02  3.58232181E-04
4.51356572E-01  1.96225382E-02  3.50290793E-04
4.51655187E-01  1.93630029E-02  3.51184979E-04
4.51953802E-01  2.06979867E-02  3.61733546E-04
4.52252417E-01  2.03284416E-02  3.62085382E-04
4.52551032E-01  2.00879015E-02  3.55663447E-04
4.52849647E-01  1.94109771E-02  3.50387796E-04
4.53148262E-01  2.01005489E-02  3.56558652E-04
4.53446877E-01  1.92930251E-02  3.48941510E-04
4.53745492E-01  1.94224715E-02  3.50881193E-04
4.54044107E-01  1.92389395E-02  3.49914597E-04
4.54342722E-01  1.90084614E-02  3.47277033E-04
4.54641337E-01  2.02844255E-02  3.59537662E-04
4.54939952E-01  1.98129341E-02  3.54084797E-04
4.55238567E-01  1.97111778E-02  3.52943258E-04
4.55537182E-01  1.94706023E-02  3.53194599E-04
4.55835797E-01  2.01193821E-02  3.58077756E-04
4.56134412E-01  2.00576540E-02  3.56584060E-04
4.56433027E-01  1.96064934E-02  3.52940871E-04
4.56731642E-01  1.94848217E-02  3.51149152E-04
4.57030257E-01  1.93851553E-02  3.51644587E-04
4.57328872E-01  2.01483034E-02  3.57630895E-04
4.57627487E-01  1.98580008E-02  3.54890188E-04
4.57926102E-01  2.00749524E-02  3.57060897E-04
4.58224717E-01  1.95525624E-02  3.53635580E-04
4.58523332E-01  1.93471014E-02  3.50608345E-04
4.58821947E-01  2.05637142E-02  3.59332014E-04
4.59120562E-01  1.92545746E-02  3.51012684E-04
4.59419177E-01  1.94358323E-02  3.52505856E-04
4.59717792E-01  1.93826314E-02  3.51946423E-04
4.60016407E-01  1.97244342E-02  3.53861979E-04
4.60315022E-01  1.96512733E-02  3.52662988E-04
4.60613637E-01  1.97251551E-02  3.54732270E-04
4.60912252E-01  1.99382491E-02  3.57755460E-04
4.61210867E-01  1.98544506E-02  3.55110387E-04
4.61509482E-01  1.97558999E-02  3.57957848E-04
4.61808097E-01  1.95867196E-02  3.64471111E-04
4.62106712E-01  1.95217244E-02  3.65419051E-04
4.62405327E-01  1.97482519E-02  3.70895985E-04
4.62703942E-01  1.95270535E-02  3.68369423E-04
4.63002557E-01  1.91258788E-02  3.71253846E-04
4.63301172E-01  2.03712992E-02  3.84501065E-04
4.63599787E-01  1.89242475E-02  3.72570765E-04
4.63898402E-01  1.95066072E-02  3.80006852E-04
4.64197017E-01  1.97054576E-02  3.82432016E-04
4.64495632E-01  1.97867211E-02  3.88049521E-04
4.64794247E-01  2.02467944E-02  3.93160153E-04
4.65092862E-01  1.96067374E-02  3.84964194E-04
4.65391477E-01  2.05430482E-02  3.99970071E-04
4.65690092E-01  1.98160633E-02  3.92724673E-04
4.65988707E-01  1.96262617E-02  3.94263829E-04
4.66287322E-01  2.00793147E-02  3.99119366E-04
4.66585937E-01  1.96944550E-02  3.95713607E-04
4.66884552E-01  2.02417970E-02  4.06137668E-04
4.67183167E-01  2.00453289E-02  4.05889004E-04
4.67481782E-01  1.88331008E-02  3.88579909E-04
4.67780397E-01  2.03041900E-02  4.09205677E-04
4.68079012E-01  1.96642037E-02  4.04096878E-04
4.68377627E-01  1.95492450E-02  4.05258179E-04
4.68676242E-01  1.93878114E-02  4.04527731E-04
4.68974857E-01  1.99788120E-02  4.10648761E-04
4.69273472E-01  1.98875610E-02  4.13606758E-04
4.69572087E-01  2.00860817E-02  4.14432434E-04
4.69870702E-01  1.97802931E-02  4.12986643E-04
4.70169317E-01  2.02712379E-02  4.20225173E-04
4.70467932E-01  1.94564760E-02  4.12569178E-04
4.70766547E-01  1.96434371E-02  4.18894691E-04
4.71065162E-01  1.91850569E-02  4.13851812E-04
4.71363777E-01  1.90064926E-02  4.09144064E-04
4.71662392E-01  1.96717381E-02  4.21032746E-04
4.71961007E-01  1.98319759E-02  4.24073951E-04
4.72259622E-01  1.86511967E-02  4.14266513E-04
4.72558237E-01  1.94218699E-02  4.20331664E-04
4.72856852E-01  1.95691437E-02  4.15800430E-04
4.73155467E-01  2.06487160E-02  4.23881254E-04
4.73454082E-01  1.95076652E-02  4.07117128E-04
4.73752697E-01  1.98312104E-02  4.04213817E-04
4.74051312E-01  2.02417579E-02  4.08611842E-04
4.74349927E-01  1.94065068E-02  3.97711061E-04
4.74648542E-01  1.91729944E-02  3.95424548E-04
4.74947157E-01  2.09359359E-02  4.09173546E-04
4.75245772E-01  1.97507720E-02  3.96765041E-04
4.75544387E-01  1.95318479E-02  3.93800059E-04
4.75843002E-01  1.95148084E-02  3.94500297E-04
4.76141617E-01  1.89794898E-02  3.85653693E-04
4.76440232E-01  2.00876631E-02  3.96862306E-04
4.76738847E-01  1.91889666E-02  3.86415952E-04
4.77037462E-01  1.99343320E-02  3.94063827E-04
4.77336077E-01  1.97472461E-02  3.93062714E-04
4.77634692E-01  2.01300420E-02  3.93347989E-04
4.77933307E-01  2.03150511E-02  3.95681040E-04
4.78231922E-01  1.95202436E-02  3.85501626E-04
4.78530537E-01  1.94331817E-02  3.88353074E-04
4.78829152E-01  1.94871128E-02  3.83058737E-04
4.79127767E-01  1.96811948E-02  3.86277243E-04
4.79426382E-01  1.92112569E-02  3.83764913E-04
4.79724997E-01  2.00801101E-02  3.90586734E-04
4.80023612E-01  2.01896261E-02  3.90726316E-04
4.80322227E-01  2.02391911E-02  3.89575551E-04
4.80620842E-01  1.93356760E-02  3.82678409E-04
4.80919457E-01  1.97791494E-02  3.85829044E-04
4.81218072E-01  2.00760700E-02  3.88310582E-04
4.81516687E-01  1.95165295E-02  3.83562874E-04
4.81815302E-01  1.94024611E-02  3.78697267E-04
4.82113917E-01  1.90238487E-02  3.79189907E-04
4.82412532E-01  1.97292268E-02  3.83254373E-04
4.82711147E-01  1.93391461E-02  3.78472090E-04
4.83009762E-01  1.91810895E-02  3.77993769E-04
4.83308377E-01  1.94778033E-02  3.81697639E-04
4.83606992E-01  1.93591062E-02  3.78283614E-04
4.83905607E-01  1.98584627E-02  3.84317333E-04
4.84204222E-01  1.98205058E-02  3.82083148E-04
4.84502837E-01  1.97414160E-02  3.83780920E-04
4.84801452E-01  2.01906394E-02  3.86428146E-04
4.85100067E-01  1.94141138E-02  3.76423530E-04
4.85398682E-01  1.95739307E-02  3.80094250E-04
4.85697297E-01  2.05347277E-02  3.89113527E-04
4.85995912E-01  1.94201898E-02  3.79477220E-04
4.86294527E-01  1.98819041E-02  3.80938116E-04
4.86593142E-01  1.96138117E-02  3.79227742E-04
4.86891757E-01  2.01947540E-02  3.85589927E-04
4.87190372E-01  1.85468383E-02  3.69902496E-04
4.87488987E-01  1.93680320E-02  3.74475640E-04
4.87787602E-01  2.02452466E-02  3.85781226E-04
4.88086217E-01  1.95487756E-02  3.77265795E-04
4.88384832E-01  1.92139950E-02  3.74875992E-04
4.88683447E-01  1.94297638E-02  3.77936609E-04
4.88982062E-01  1.93860941E-02  3.75035248E-04
4.89280677E-01  1.94128491E-02  3.77679040E-04
4.89579292E-01  2.00184379E-02  3.81875492E-04
4.89877907E-01  1.96121056E-02  3.77505057E-04
4.90176522E-01  1.99549533E-02  3.79836041E-04
4.90475137E-01  1.95085816E-02  3.76700598E-04
4.90773752E-01  1.98714677E-02  3.79902252E-04
4.91072367E-01  1.98680982E-02  3.80255020E-04
4.91370982E-01  1.93460155E-02  3.74189869E-04
4.91669597E-01  1.97993536E-02  3.79217265E-04
4.91968212E-01  1.99088156E-02  3.81034333E-04
4.92266827E-01  1.90294962E-02  3.72056093E-04
4.92565442E-01  2.00510100E-02  3.79811216E-04
4.92864057E-01  1.96172688E-02  3.76906857E-04
4.93162672E-01  1.97229907E-02  3.78588884E-04
4.93461287E-01  1.94833446E-02  3.76283453E-04
4.93759902E-01  2.02184319E-02  3.80263431E-04
4.94058517E-01  1.95662323E-02  3.75856936E-04
4.94357132E-01  1.96681153E-02  3.76083335E-04
4.94655747E-01  2.04154179E-02  3.86160071E-04
4.94954362E-01  2.00537369E-02  3.77968914E-04
4.95252977E-01  2.04056948E-02  3.83649749E-04
4.95551592E-01  1.95349455E-02  3.76508426E-04
4.95850207E-01  1.98163446E-02  3.78640922E-04
4.96148822E-01  1.94302946E-02  3.72422015E-04
4.96447437E-01  2.02318933E-02  3.82210361E-04
4.96746052E-01  1.99671257E-02  3.79039149E-04
4.97044667E-01  1.98215228E-02  3.80130223E-04
4.97343282E-01  1.93923302E-02  3.71421542E-04
4.97641897E-01  2.00020038E-02  3.76659504E-04
4.97940512E-01  1.98202766E-02  3.78785189E-04
4.98239127E-01  1.99409090E-02  3.78609693E-04
4.98537742E-01  1.99343208E-02  3.79305915E-04
4.98836357E-01  2.00374313E-02  3.77930206E-04
4.99134972E-01  2.01139655E-02  3.80254060E-04
4.99433587E-01  1.96638610E-02  3.77106655E-04
4.99732202E-01  1.89250316E-02  3.67840606E-04
5.00030817E-01  2.01835576E-02  3.79406265E-04
5.00329432E-01  1.98109988E-02  3.76822951E-04
5.00628047E-01  1.95029676E-02  3.73883609E-04
5.00926662E-01  2.02405285E-02  3.82989063E-04
5.01225277E-01  1.94763411E-02  3.71331756E-04
5.01523892E-01  1.92712657E-02  3.69645568E-04
5.01822507E-01  1.99970957E-02  3.78315162E-04
5.02121122E-01  1.97203364E-02  3.76531592E-04
5.02419737E-01  1.96734294E-02  3.75430711E-04
5.02718352E-01  1.97542794E-02  3.76016280E-04
5.03016967E-01  1.94227323E-02  3.72756651E-04
5.03315582E-01  1.96949076E-02  3.76389246E-04
5.03614197E-01  1.93432048E-02  3.70073569E-04
5.03912812E-01  1.96041167E-02  3.74312542E-04
5.04211427E-01  1.98445506E-02  3.75765609E-04
5.04510042E-01  1.98655389E-02  3.77928722E-04
5.04808657E-01  1.95204802E-02  3.71498696E-04
5.05107272E-01  2.06156448E-02  3.83949926E-04
5.05405887E-01  1.98079757E-02  3.74871481E-04
5.05704502E-01  1.97114218E-02  3.76842538E-04
5.06003117E-01  1.92693025E-02  3.70563503E-04
5.06301732E-01  1.94426719E-02  3.72044684E-04
5.06600347E-01  1.92858223E-02  3.69178480E-04
5.06898962E-01  1.92294270E-02  3.71102768E-04
5.07197577E-01  2.02223621E-02  3.81418242E-04
5.07496192E-01  2.01755092E-02  3.76406126E-04
5.07794807E-01  1.99748091E-02  3.79458594E-04
5.08093422E-01  1.92088075E-02  3.69536836E-04
5.08392037E-01  1.95919219E-02  3.73943389E-04
5.08690652E-01  1.97200272E-02  3.73140181E-04
5.08989267E-01  1.99984591E-02  3.77061049E-04
5.09287882E-01  1.89635511E-02  3.68450128E-04
5.09586497E-01  1.92404743E-02  3.69667483E-04
5.09885112E-01  1.90562457E-02  3.67623696E-04
5.10183727E-01  1.93166640E-02  3.70584545E-04
5.10482342E-01  2.01261882E-02  3.77528282E-04
5.10780957E-01  1.92269441E-02  3.70091235E-04
5.11079572E-01  2.05209386E-02  3.81590973E-04
5.11378187E-01  1.98922865E-02  3.75794683E-04
5.11676802E-01  2.00032033E-02  3.79655627E-04
5.11975417E-01  1.94819048E-02  3.70898924E-04
5.12274032E-01  1.94474012E-02  3.71117378E-04
5.12572647E-01  1.97174083E-02  3.73961986E-04
5.12871262E-01  1.97541397E-02  3.73852614E-04
5.13169877E-01  1.92857031E-02  3.72050301E-04
5.13468492E-01  2.01960169E-02  3.76265234E-04
5.13767107E-01  1.96242016E-02  3.72261158E-04
5.14065722E-01  2.00434420E-02  3.78447701E-04
5.14364337E-01  1.94402970E-02  3.72067385E-04
5.14662952E-01  1.90354660E-02  3.67359578E-04
5.14961567E-01  2.00446919E-02  3.75867327E-04
5.15260182E-01  1.98619049E-02  3.76364187E-04
5.15558797E-01  2.00938825E-02  3.77254299E-04
5.15857412E-01  1.97957624E-02  3.74171592E-04
5.16156027E-01  2.04022471E-02  3.80702550E-04
5.16454642E-01  2.01452188E-02  3.78485012E-04
5.16753257E-01  2.01810487E-02  3.77893099E-04
5.17051872E-01  1.99129190E-02  3.76857555E-04
5.17350487E-01  1.95920058E-02  3.71249858E-04
5.17649102E-01  1.91320051E-02  3.67855129E-04
5.17947717E-01  1.98853537E-02  3.74662195E-04
5.18246332E-01  1.94835272E-02  3.71131609E-04
5.18544947E-01  1.98007021E-02  3.75339267E-04
5.18843562E-01  1.98088419E-02  3.75696080E-04
5.19142177E-01  1.95447337E-02  3.71355505E-04
5.19440792E-01  1.92109477E-02  3.68082547E-04
5.19739407E-01  2.00331211E-02  3.76246171E-04
5.20038022E-01  1.92038305E-02  3.70195368E-04
5.20336637E-01  1.99459903E-02  3.75338626E-04
5.20635252E-01  2.01411471E-02  3.77079821E-04
5.20933867E-01  1.96477510E-02  3.72707873E-04
5.21232482E-01  1.93389617E-02  3.69317102E-04
5.21531097E-01  1.86883043E-02  3.64480744E-04
5.21829712E-01  1.98888686E-02  3.75730131E-04
5.22128327E-01  1.98800676E-02  3.75095609E-04
5.22426942E-01  2.02646852E-02  3.76956217E-04
5.22725557E-01  1.97325349E-02  3.73979885E-04
5.23024172E-01  1.97543278E-02  3.73455114E-04
5.23322787E-01  1.95369441E-02  3.72216688E-04
5.23621402E-01  1.98817793E-02  3.74661351E-04
5.23920017E-01  1.97414253E-02  3.75363830E-04
5.24218632E-01  1.91040244E-02  3.66101100E-04
5.24517247E-01  2.01027188E-02  3.76558426E-04
5.24815862E-01  1.96855031E-02  3.74097697E-04
5.25114477E-01  1.93552338E-02  3.69224086E-04
5.25413092E-01  2.06748340E-02  3.82539467E-04
5.25711707E-01  1.97227877E-02  3.73996707E-04
5.26010322E-01  2.03048605E-02  3.77442455E-04
5.26308937E-01  1.95964724E-02  3.72070033E-04
5.26607552E-01  1.98130198E-02  3.74030322E-04
5.26906167E-01  1.99718289E-02  3.75161180E-04
5.27204782E-01  1.95838660E-02  3.73789662E-04
5.27503397E-01  1.94816981E-02  3.70894995E-04
5.27802012E-01  1.93430595E-02  3.69665097E-04
5.28100627E-01  1.93649642E-02  3.70693480E-04
5.28399242E-01  1.98041089E-02  3.71421367E-04
5.28697857E-01  1.90392099E-02  3.67295084E-04
5.28996472E-01  1.93696283E-02  3.69835296E-04
5.29295087E-01  1.91265512E-02  3.68774199E-04
5.29593702E-01  1.92990582E-02  3.68085544E-04
5.29892317E-01  1.98847372E-02  3.74451251E-04
5.30190932E-01  2.00328734E-02  3.77508666E-04
5.30489547E-01  1.90787297E-02  3.66966502E-04
5.30788162E-01  1.92295536E-02  3.67697357E-04
5.31086777E-01  2.00190004E-02  3.76180076E-04
5.31385392E-01  1.98670197E-02  3.72929324E-04
5.31684007E-01  1.99443176E-02  3.75573232E-04
5.31982622E-01  1.97650809E-02  3.73792020E-04
5.32281237E-01  1.89571735E-02  3.65984946E-04
5.32579852E-01  1.93415787E-02  3.70313675E-04
5.32878467E-01  1.98451728E-02  3.74370575E-04
5.33177082E-01  1.96822714E-02  3.73564399E-04
5.33475697E-01  1.93221569E-02  3.67524772E-04
5.33774312E-01  1.98325347E-02  3.73799761E-04
5.34072927E-01  1.92622337E-02  3.70839232E-04
5.34371542E-01  1.99599061E-02  3.73817747E-04
5.34670157E-01  1.96876843E-02  3.70543508E-04
5.34968772E-01  1.99948456E-02  3.76992888E-04
5.35267387E-01  1.99602954E-02  3.75010713E-04
5.35566002E-01  2.00706385E-02  3.77617369E-04
5.35864617E-01  1.94263309E-02  3.68706736E-04
5.36163232E-01  1.97356585E-02  3.73904826E-04
5.36461847E-01  1.95275042E-02  3.71565082E-04
5.36760462E-01  1.97754409E-02  3.73187970E-04
5.37059077E-01  1.99048556E-02  3.73771269E-04
5.37357692E-01  1.91029813E-02  3.68593930E-04
5.37656307E-01  1.91662088E-02  3.66151595E-04
5.37954922E-01  1.92718152E-02  3.71505972E-04
5.38253537E-01  1.91491973E-02  3.63708910E-04
5.38552152E-01  1.98936425E-02  3.74221068E-04
5.38850767E-01  1.94893945E-02  3.71580623E-04
5.39149382E-01  1.94590837E-02  3.71475646E-04
5.39447997E-01  1.95140652E-02  3.70639027E-04
5.39746612E-01  1.91501845E-02  3.67797038E-04
5.40045227E-01  1.94224212E-02  3.69231537E-04
5.40343842E-01  1.94243696E-02  3.71151225E-04
5.40642457E-01  1.97508521E-02  3.72524984E-04
5.40941072E-01  1.97757855E-02  3.72399605E-04
5.41239687E-01  1.97770726E-02  3.76177661E-04
5.41538302E-01  2.02941708E-02  3.78356664E-04
5.41836917E-01  2.01351009E-02  3.76505050E-04
5.42135532E-01  1.95515659E-02  3.68504145E-04
5.42434147E-01  2.02171616E-02  3.77643591E-04
5.42732762E-01  2.02656165E-02  3.79210804E-04
5.43031377E-01  2.03318298E-02  3.81050661E-04
5.43329992E-01  2.00369600E-02  3.73237126E-04
5.43628607E-01  2.04718970E-02  3.80022568E-04
5.43927222E-01  1.91361587E-02  3.67867033E-04
5.44225837E-01  1.97594054E-02  3.74086259E-04
5.44524452E-01  2.01012511E-02  3.74564697E-04
5.44823067E-01  1.99869871E-02  3.75777570E-04
5.45121682E-01  2.05163322E-02  3.80258221E-04
5.45420297E-01  1.95347909E-02  3.71233618E-04
5.45718912E-01  1.94726698E-02  3.69652786E-04
5.46017527E-01  1.93962846E-02  3.69738205E-04
5.46316142E-01  1.97123010E-02  3.72195296E-04
5.46614757E-01  1.99223850E-02  3.76564945E-04
5.46913372E-01  1.99718177E-02  3.73190938E-04
5.47211987E-01  1.95122845E-02  3.70939902E-04
5.47510602E-01  2.04922035E-02  3.80793383E-04
5.47809217E-01  1.99776236E-02  3.74609692E-04
5.48107832E-01  2.01626848E-02  3.78279452E-04
5.48406447E-01  1.93365049E-02  3.68732697E-04
5.48705062E-01  2.01666728E-02  3.75653355E-04
5.49003677E-01  1.92761719E-02  3.70421738E-04
5.49302292E-01  1.98443811E-02  3.71654110E-04
5.49600907E-01  1.91324260E-02  3.68135516E-04
5.49899522E-01  1.97363812E-02  3.72716429E-04
5.50198137E-01  1.94774251E-02  3.71352391E-04
5.50496752E-01  1.94714312E-02  3.70029535E-04
5.50795367E-01  1.99581105E-02  3.73718562E-04
5.51093982E-01  1.90870576E-02  3.66719905E-04
5.51392597E-01  1.96152478E-02  3.72762588E-04
5.51691212E-01  1.92706063E-02  3.68213223E-04
5.51989827E-01  1.96597129E-02  3.71732865E-04
5.52288442E-01  1.95773039E-02  3.69251677E-04
5.52587057E-01  1.94886141E-02  3.69755668E-04
5.52885672E-01  1.93673093E-02  3.68784065E-04
5.53184287E-01  1.95360910E-02  3.68868234E-04
5.53482902E-01  2.01238263E-02  3.74920288E-04
5.53781517E-01  1.99243464E-02  3.73873685E-04
5.54080132E-01  1.87326428E-02  3.62258317E-04
5.54378747E-01  1.97039582E-02  3.68507550E-04
5.54677362E-01  1.97756886E-02  3.70953581E-04
5.54975977E-01  2.02113949E-02  3.76290613E-04
5.55274592E-01  1.90476496E-02  3.64152540E-04
5.55573207E-01  1.98811330E-02  3.67979868E-04
5.55871822E-01  1.91808883E-02  3.64113861E-04
5.56170437E-01  2.04568896E-02  3.77025484E-04
5.56469052E-01  1.93849634E-02  3.67458561E-04
5.56767667E-01  1.95676610E-02  3.67245288E-04
5.57066282E-01  1.98866967E-02  3.70759866E-04
5.57364897E-01  1.95373297E-02  3.64881096E-04
5.57663512E-01  1.97180174E-02  3.68834997E-04
5.57962127E-01  1.97174735E-02  3.67604924E-04
5.58260742E-01  2.01312434E-02  3.69520596E-04
5.58559357E-01  1.97993573E-02  3.70486174E-04
5.58857972E-01  1.94800291E-02  3.66960303E-04
5.59156587E-01  2.04370730E-02  3.72322393E-04
5.59455202E-01  1.91974640E-02  3.62992490E-04
5.59753817E-01  1.96764804E-02  3.65761633E-04
5.60052432E-01  1.91295929E-02  3.61838524E-04
5.60351047E-01  1.97702684E-02  3.66808614E-04
5.60649662E-01  1.98699720E-02  3.66270659E-04
5.60948277E-01  1.97820812E-02  3.66146531E-04
5.61246892E-01  1.97479464E-02  3.66520602E-04
5.61545507E-01  1.94076058E-02  3.62838240E-04
5.61844122E-01  1.97123364E-02  3.63550236E-04
5.62142737E-01  1.98795237E-02  3.68265639E-04
5.62441352E-01  1.92388203E-02  3.59745551E-04
5.62739967E-01  1.96641255E-02  3.63279425E-04
5.63038582E-01  2.00538635E-02  3.67976289E-04
5.63337197E-01  1.99103057E-02  3.65465152E-04
5.63635812E-01  2.00567786E-02  3.69651330E-04
5.63934427E-01  1.95877999E-02  3.61992978E-04
5.64233042E-01  2.06830427E-02  3.71119444E-04
5.64531657E-01  1.99843235E-02  3.66576860E-04
5.64830272E-01  2.01957300E-02  3.68170062E-04
5.65128887E-01  1.98258404E-02  3.65209067E-04
5.65427502E-01  1.95334144E-02  3.60250415E-04
5.65726117E-01  1.96090490E-02  3.62200139E-04
5.66024732E-01  2.02808585E-02  3.68013687E-04
5.66323347E-01  1.97097976E-02  3.63133062E-04
5.66621962E-01  1.98294744E-02  3.61073413E-04
5.66920577E-01  1.95783284E-02  3.61756160E-04
5.67219192E-01  1.93671715E-02  3.60385719E-04
5.67517807E-01  2.00126991E-02  3.66174470E-04
5.67816422E-01  2.02235114E-02  3.63576983E-04
5.68115037E-01  1.99585371E-02  3.63664760E-04
5.68413652E-01  2.01042239E-02  3.65410553E-04
5.68712267E-01  1.99383833E-02  3.63902102E-04
5.69010882E-01  2.03378424E-02  3.66521970E-04
5.69309497E-01  1.95920784E-02  3.59987956E-04
5.69608112E-01  1.98675897E-02  3.63094179E-04
5.69906727E-01  1.96929295E-02  3.60504695E-04
5.70205342E-01  1.94213111E-02  3.56549426E-04
5.70503957E-01  1.98008381E-02  3.62905994E-04
5.70802572E-01  1.89998150E-02  3.54595162E-04
5.71101187E-01  1.95617862E-02  3.60712351E-04
5.71399802E-01  1.98005158E-02  3.61085287E-04
5.71698417E-01  2.03529056E-02  3.66674358E-04
5.71997032E-01  2.01808549E-02  3.66803404E-04
5.72295647E-01  1.96157917E-02  3.61217215E-04
5.72594262E-01  2.03256533E-02  3.66183405E-04
5.72892877E-01  1.97625663E-02  3.58549791E-04
5.73191492E-01  1.98924132E-02  3.63426487E-04
5.73490107E-01  1.97709613E-02  3.63152183E-04
5.73788722E-01  1.97351277E-02  3.60914535E-04
5.74087337E-01  2.00232584E-02  3.64541600E-04
5.74385952E-01  1.99383274E-02  3.64691601E-04
5.74684567E-01  1.95019767E-02  3.60099570E-04
5.74983182E-01  1.97083373E-02  3.60183738E-04
5.75281797E-01  1.99680552E-02  3.61564540E-04
5.75580412E-01  1.93653218E-02  3.59171798E-04
5.75879027E-01  2.00555157E-02  3.64344771E-04
5.76177642E-01  1.96952280E-02  3.61639133E-04
5.76476257E-01  1.92419551E-02  3.55905591E-04
5.76774872E-01  2.01816335E-02  3.66333785E-04
5.77073487E-01  1.98286418E-02  3.62867489E-04
5.77372102E-01  2.00045146E-02  3.65230779E-04
5.77670717E-01  1.99314859E-02  3.62151302E-04
5.77969332E-01  2.02012211E-02  3.65846499E-04
5.78267947E-01  1.97286680E-02  3.62375344E-04
5.78566562E-01  1.96318273E-02  3.60657432E-04
5.78865177E-01  2.00602934E-02  3.62996769E-04
5.79163792E-01  2.00226549E-02  3.64651496E-04
5.79462407E-01  2.00922005E-02  3.64950974E-04
5.79761022E-01  1.93082206E-02  3.59164434E-04
5.80059637E-01  2.01638024E-02  3.63444502E-04
5.80358252E-01  1.89919956E-02  3.55068129E-04
5.80656867E-01  2.00201105E-02  3.65393760E-04
5.80955482E-01  2.00469922E-02  3.65640881E-04


### HEADER:
#
#{
#    "analysis": {},
#    "calibration_params": {
#        "Beam_Center_X": 1061.0,
#        "Beam_Center_Y": 2093.0,
#        "Detector Tilt": 0.0,
#        "Detector Tilt Plane Rotation": 0.0,
#        "Detector_X_Pixel_Size": 75.0,
#        "Detector_Y_Pixel_Size": 75.0,
#        "Integration Method": "nosplit_csr",
#        "Radial_Average_Method": "pyFAI",
#        "Sample-to-detector distance (mm)": 1782.0,
#        "Wavelength (A)": 0.8823505857220345
#    },
#    "config_file": "/Users/jwinnikoff/Documents/MBARI/SAXS/HPSAXS_7A_Feb2023/HPSAXS_02_19_23.cfg",
#    "counters": {
#        "Epoch": "84.895",
#        "I1": "0",
#        "I2": "0",
#        "I3": "0",
#        "Seconds": "1",
#        "Time": "2.09808e-05",
#        "date": "Sun Feb 19 18:47:28 2023",
#        "diode": "54225"
#    },
#    "filename": "JWL0321_35C_070MPa_up_2_data_000001_00001.h5",
#    "history": {},
#    "imageHeader": {},
#    "load_path": "/Users/jwinnikoff/Documents/MBARI/SAXS/HPSAXS_7A_Feb2023/JWL0321_SOPPE_DOPE_TS+/JWL0321_35C_070MPa_up_2_data_000001.h5",
#    "normalizations": {
#        "Absolute_scale": {
#            "Absolute_scale_factor": 0.005174693841759343,
#            "Method": "Water"
#        },
#        "Counter_norms": [
#            [
#                "/",
#                "diode/150000"
#            ]
#        ],
#        "Polarization": {
#            "Used": false
#        },
#        "Solid_Angle_Correction": "On"
#    },
#    "raw_version": "2.1.4"
#}

