### DATA:
#
# 1908
#      Q             I(Q)           Error     
1.14966775E-02  0.00000000E+00  0.00000000E+00
1.17952925E-02  7.94236362E-01  3.69112939E-02
1.20939075E-02  7.57355034E-01  2.54870262E-02
1.23925225E-02  7.18758404E-01  2.02728733E-02
1.26911375E-02  7.10887849E-01  1.89385004E-02
1.29897525E-02  6.89977884E-01  1.81322172E-02
1.32883675E-02  6.52737379E-01  1.69442184E-02
1.35869825E-02  6.27522886E-01  1.58221405E-02
1.38855975E-02  5.68537831E-01  1.41080292E-02
1.41842125E-02  5.42728543E-01  1.40743116E-02
1.44828275E-02  5.45716941E-01  1.39652248E-02
1.47814425E-02  5.10588884E-01  1.31049529E-02
1.50800575E-02  4.89673764E-01  1.23582510E-02
1.53786725E-02  4.61779475E-01  1.13033317E-02
1.56772875E-02  4.54726517E-01  1.13082472E-02
1.59759025E-02  4.23218399E-01  1.01839993E-02
1.62745175E-02  4.03600097E-01  9.80606023E-03
1.65731325E-02  4.01408285E-01  9.91812069E-03
1.68717475E-02  3.75945777E-01  8.81472696E-03
1.71703625E-02  3.78078789E-01  9.29920655E-03
1.74689775E-02  3.48152608E-01  8.23813491E-03
1.77675925E-02  3.45346510E-01  8.06849170E-03
1.80662075E-02  3.35528493E-01  8.27771798E-03
1.83648225E-02  3.22301626E-01  7.29122013E-03
1.86634375E-02  3.06609422E-01  7.44074909E-03
1.89620525E-02  2.84568071E-01  6.75440300E-03
1.92606675E-02  2.95086086E-01  6.97659561E-03
1.95592825E-02  2.74131715E-01  6.78993296E-03
1.98578975E-02  2.72450030E-01  6.26694597E-03
2.01565125E-02  2.60095775E-01  6.34002918E-03
2.04551275E-02  2.59220123E-01  5.94066782E-03
2.07537425E-02  2.45358184E-01  5.64676290E-03
2.10523575E-02  2.46766716E-01  5.34809055E-03
2.13509725E-02  2.34339893E-01  4.89164423E-03
2.16495875E-02  2.27776602E-01  4.80836770E-03
2.19482025E-02  2.28317708E-01  4.45885397E-03
2.22468175E-02  2.18526870E-01  4.56355000E-03
2.25454325E-02  2.16913953E-01  4.16988041E-03
2.28440475E-02  2.11485937E-01  4.21708636E-03
2.31426625E-02  2.05068693E-01  4.00787825E-03
2.34412775E-02  2.07516849E-01  3.87560506E-03
2.37398925E-02  1.99146375E-01  3.94059625E-03
2.40385075E-02  1.87320039E-01  3.59235820E-03
2.43371225E-02  1.89869165E-01  3.61671951E-03
2.46357375E-02  1.84336782E-01  3.66047444E-03
2.49343525E-02  1.79299384E-01  3.43286409E-03
2.52329675E-02  1.76972449E-01  3.57903726E-03
2.55315825E-02  1.67731822E-01  3.26447631E-03
2.58301975E-02  1.70580268E-01  3.31052230E-03
2.61288125E-02  1.58026397E-01  3.29293148E-03
2.64274275E-02  1.57038137E-01  3.07445461E-03
2.67260425E-02  1.55391037E-01  3.22058285E-03
2.70246575E-02  1.49237707E-01  2.95592658E-03
2.73232725E-02  1.50834307E-01  3.06741125E-03
2.76218875E-02  1.50213853E-01  3.10661714E-03
2.79205025E-02  1.50935397E-01  2.99838767E-03
2.82191175E-02  1.42145440E-01  2.89972010E-03
2.85177325E-02  1.41124129E-01  2.84072198E-03
2.88163475E-02  1.37114197E-01  2.88805505E-03
2.91149625E-02  1.33736178E-01  2.76998733E-03
2.94135775E-02  1.31181464E-01  2.71184323E-03
2.97121925E-02  1.33075669E-01  2.75394483E-03
3.00108075E-02  1.28499061E-01  2.61644321E-03
3.03094225E-02  1.28280967E-01  2.73123756E-03
3.06080375E-02  1.23294823E-01  2.59123393E-03
3.09066525E-02  1.21458419E-01  2.53589288E-03
3.12052675E-02  1.22837864E-01  2.62848753E-03
3.15038825E-02  1.16836496E-01  2.45333579E-03
3.18024975E-02  1.15567654E-01  2.47746124E-03
3.21011125E-02  1.11778274E-01  2.35754088E-03
3.23997275E-02  1.13531366E-01  2.31311633E-03
3.26983425E-02  1.14427917E-01  2.34161131E-03
3.29969575E-02  1.12510309E-01  2.19388795E-03
3.32955725E-02  1.09301902E-01  2.16238131E-03
3.35941875E-02  1.09035008E-01  2.05946504E-03
3.38928025E-02  1.07257761E-01  2.10309331E-03
3.41914175E-02  1.05644725E-01  2.02490087E-03
3.44900325E-02  1.06757157E-01  2.02185777E-03
3.47886474E-02  1.04074158E-01  1.96156953E-03
3.50872624E-02  1.03034884E-01  1.91496138E-03
3.53858774E-02  1.05654754E-01  2.00026226E-03
3.56844924E-02  1.00162484E-01  1.87260483E-03
3.59831074E-02  1.00999668E-01  1.84862060E-03
3.62817224E-02  1.02466650E-01  1.90769811E-03
3.65803374E-02  9.75884423E-02  1.80471945E-03
3.68789524E-02  9.47256088E-02  1.83803332E-03
3.71775674E-02  9.73805040E-02  1.82059396E-03
3.74761824E-02  9.84464735E-02  1.78170891E-03
3.77747974E-02  9.76553187E-02  1.78293406E-03
3.80734124E-02  9.70318168E-02  1.74924405E-03
3.83720274E-02  9.18959528E-02  1.75815041E-03
3.86706424E-02  9.42904577E-02  1.69651920E-03
3.89692574E-02  9.57110152E-02  1.76009559E-03
3.92678724E-02  9.68492776E-02  1.78404711E-03
3.95664874E-02  9.47179943E-02  1.70036289E-03
3.98651024E-02  9.51315314E-02  1.70558947E-03
4.01637174E-02  9.50616896E-02  1.67680520E-03
4.04623324E-02  9.18309912E-02  1.70643593E-03
4.07609474E-02  9.09121335E-02  1.63838884E-03
4.10595624E-02  9.21077579E-02  1.68277207E-03
4.13581774E-02  9.27373469E-02  1.65761053E-03
4.16567924E-02  9.41388085E-02  1.63651619E-03
4.19554074E-02  9.22154039E-02  1.66593888E-03
4.22540224E-02  9.21153575E-02  1.65204424E-03
4.25526374E-02  9.50299352E-02  1.65526231E-03
4.28512524E-02  9.14642662E-02  1.62939820E-03
4.31498674E-02  8.90075415E-02  1.58866064E-03
4.34484824E-02  9.08401906E-02  1.65492564E-03
4.37470974E-02  9.24051180E-02  1.59771007E-03
4.40457124E-02  9.07125324E-02  1.59071374E-03
4.43443274E-02  9.29039121E-02  1.64078723E-03
4.46429424E-02  9.35630426E-02  1.61028630E-03
4.49415574E-02  9.30390283E-02  1.65745197E-03
4.52401724E-02  9.35168639E-02  1.58822862E-03
4.55387874E-02  9.29328129E-02  1.60875893E-03
4.58374024E-02  9.04264525E-02  1.58691755E-03
4.61360174E-02  9.36768055E-02  1.59209350E-03
4.64346324E-02  9.35659036E-02  1.62215077E-03
4.67332474E-02  9.36936140E-02  1.57251873E-03
4.70318624E-02  9.44794416E-02  1.62605825E-03
4.73304774E-02  9.87253934E-02  1.65278534E-03
4.76290924E-02  9.81850773E-02  1.61349878E-03
4.79277074E-02  9.69335735E-02  1.59336289E-03
4.82263224E-02  9.73508283E-02  1.58593059E-03
4.85249374E-02  9.88417193E-02  1.64713326E-03
4.88235524E-02  9.97982398E-02  1.61427504E-03
4.91221674E-02  1.01203285E-01  1.61579193E-03
4.94207824E-02  1.02510162E-01  1.64358481E-03
4.97193974E-02  1.05041355E-01  1.63390813E-03
5.00180124E-02  1.05482459E-01  1.68282609E-03
5.03166274E-02  1.06986508E-01  1.64653093E-03
5.06152424E-02  1.08310737E-01  1.66160637E-03
5.09138574E-02  1.08311266E-01  1.68172212E-03
5.12124724E-02  1.10457942E-01  1.65360654E-03
5.15110874E-02  1.09650999E-01  1.67684816E-03
5.18097024E-02  1.15182854E-01  1.69349927E-03
5.21083174E-02  1.16438501E-01  1.70023984E-03
5.24069324E-02  1.18621267E-01  1.71734614E-03
5.27055474E-02  1.16087802E-01  1.68793625E-03
5.30041624E-02  1.19858988E-01  1.74795114E-03
5.33027774E-02  1.25928685E-01  1.75052974E-03
5.36013924E-02  1.30746216E-01  1.79390772E-03
5.39000074E-02  1.27131790E-01  1.73924828E-03
5.41986224E-02  1.31921977E-01  1.80715043E-03
5.44972374E-02  1.36882603E-01  1.81736378E-03
5.47958524E-02  1.35769442E-01  1.79736444E-03
5.50944674E-02  1.41809821E-01  1.86559570E-03
5.53930824E-02  1.41750932E-01  1.82392704E-03
5.56916974E-02  1.47482738E-01  1.85034098E-03
5.59903124E-02  1.51085883E-01  1.91202003E-03
5.62889274E-02  1.50326252E-01  1.86557253E-03
5.65875424E-02  1.58384174E-01  1.94942672E-03
5.68861574E-02  1.63430646E-01  1.94518943E-03
5.71847724E-02  1.66508719E-01  1.95030705E-03
5.74833874E-02  1.71253949E-01  1.99931534E-03
5.77820024E-02  1.78483650E-01  2.01653922E-03
5.80806174E-02  1.79070845E-01  2.06994126E-03
5.83792324E-02  1.84530437E-01  2.02633929E-03
5.86778474E-02  1.96775049E-01  2.12583854E-03
5.89764624E-02  1.99345529E-01  2.16296944E-03
5.92750774E-02  2.07965985E-01  2.11978564E-03
5.95736924E-02  2.15493232E-01  2.22465559E-03
5.98723074E-02  2.21044376E-01  2.20636581E-03
6.01709224E-02  2.30034009E-01  2.24790140E-03
6.04695374E-02  2.31457561E-01  2.29031243E-03
6.07681524E-02  2.45620608E-01  2.33480078E-03
6.10667674E-02  2.54334211E-01  2.38824612E-03
6.13653824E-02  2.64407575E-01  2.37973360E-03
6.16639974E-02  2.72716552E-01  2.44758697E-03
6.19626124E-02  2.77557373E-01  2.47238320E-03
6.22612274E-02  2.80921996E-01  2.44077086E-03
6.25598424E-02  2.93135971E-01  2.54737167E-03
6.28584574E-02  3.01120013E-01  2.53958302E-03
6.31570724E-02  3.04645866E-01  2.57702940E-03
6.34556874E-02  3.19276959E-01  2.56739464E-03
6.37543024E-02  3.17398906E-01  2.59440648E-03
6.40529174E-02  3.22413415E-01  2.65111774E-03
6.43515324E-02  3.36579561E-01  2.65691290E-03
6.46501474E-02  3.40344518E-01  2.72905105E-03
6.49487624E-02  3.40261281E-01  2.62838183E-03
6.52473774E-02  3.45250875E-01  2.66979379E-03
6.55459924E-02  3.53718221E-01  2.73208693E-03
6.58446074E-02  3.55533063E-01  2.70926068E-03
6.61432224E-02  3.62856388E-01  2.76715634E-03
6.64418374E-02  3.66422474E-01  2.71156384E-03
6.67404524E-02  3.73237520E-01  2.77256826E-03
6.70390674E-02  3.76399726E-01  2.79775728E-03
6.73376824E-02  3.88423979E-01  2.76761712E-03
6.76362974E-02  3.84373337E-01  2.82040983E-03
6.79349124E-02  3.95052403E-01  2.79595982E-03
6.82335274E-02  4.01660979E-01  2.83896574E-03
6.85321424E-02  4.02816892E-01  2.87689641E-03
6.88307574E-02  4.09741402E-01  2.84419232E-03
6.91293724E-02  4.20893580E-01  2.92675616E-03
6.94279874E-02  4.15827215E-01  2.83922139E-03
6.97266024E-02  4.35755759E-01  2.95701274E-03
7.00252174E-02  4.39614356E-01  2.94605619E-03
7.03238324E-02  4.44633037E-01  2.93924473E-03
7.06224474E-02  4.57042009E-01  3.02484515E-03
7.09210624E-02  4.63072419E-01  3.00639332E-03
7.12196774E-02  4.72633213E-01  3.03038512E-03
7.15182924E-02  4.77616787E-01  2.97958148E-03
7.18169074E-02  4.84994799E-01  3.08376388E-03
7.21155224E-02  4.91702080E-01  3.09442496E-03
7.24141374E-02  5.05613029E-01  3.12023587E-03
7.27127524E-02  5.12946546E-01  3.12877004E-03
7.30113674E-02  5.18423736E-01  3.12122284E-03
7.33099824E-02  5.25552511E-01  3.15996422E-03
7.36085974E-02  5.19715548E-01  3.15286173E-03
7.39072124E-02  5.38293362E-01  3.14958417E-03
7.42058274E-02  5.47040462E-01  3.24192410E-03
7.45044424E-02  5.45106471E-01  3.17972037E-03
7.48030574E-02  5.49321473E-01  3.21290083E-03
7.51016724E-02  5.56128085E-01  3.22921202E-03
7.54002874E-02  5.69356441E-01  3.21511272E-03
7.56989024E-02  5.72775900E-01  3.28078121E-03
7.59975174E-02  5.80954313E-01  3.25114024E-03
7.62961324E-02  5.91633201E-01  3.29137477E-03
7.65947474E-02  5.97239614E-01  3.29639786E-03
7.68933624E-02  6.11290991E-01  3.33849434E-03
7.71919774E-02  6.17170691E-01  3.39074084E-03
7.74905924E-02  6.28131866E-01  3.34529416E-03
7.77892074E-02  6.32991731E-01  3.37933376E-03
7.80878224E-02  6.41237617E-01  3.37301986E-03
7.83864374E-02  6.47621632E-01  3.38452519E-03
7.86850524E-02  6.59958482E-01  3.47255194E-03
7.89836674E-02  6.61132276E-01  3.43205780E-03
7.92822824E-02  6.59318626E-01  3.39922705E-03
7.95808974E-02  6.60030246E-01  3.37022194E-03
7.98795124E-02  6.68633759E-01  3.45867150E-03
8.01781274E-02  6.72610760E-01  3.49824992E-03
8.04767424E-02  6.65767312E-01  3.39165516E-03
8.07753574E-02  6.68661416E-01  3.43377702E-03
8.10739724E-02  6.61861658E-01  3.37829650E-03
8.13725874E-02  6.60329819E-01  3.36090312E-03
8.16712024E-02  6.51470542E-01  3.39284563E-03
8.19698174E-02  6.53610766E-01  3.31091788E-03
8.22684324E-02  6.43677175E-01  3.35526257E-03
8.25670474E-02  6.39915764E-01  3.30526009E-03
8.28656624E-02  6.38084114E-01  3.32376058E-03
8.31642774E-02  6.28970623E-01  3.25428811E-03
8.34628924E-02  6.23004675E-01  3.24200280E-03
8.37615074E-02  6.24245405E-01  3.29418248E-03
8.40601224E-02  6.12739742E-01  3.19638592E-03
8.43587374E-02  6.06114507E-01  3.19149136E-03
8.46573524E-02  5.97324193E-01  3.15286405E-03
8.49559674E-02  5.88541985E-01  3.15107033E-03
8.52545824E-02  5.86124301E-01  3.15079605E-03
8.55531974E-02  5.75105011E-01  3.06994608E-03
8.58518124E-02  5.68507314E-01  3.06696957E-03
8.61504274E-02  5.55466473E-01  2.99993670E-03
8.64490424E-02  5.52800953E-01  3.04196309E-03
8.67476574E-02  5.46901166E-01  3.01980251E-03
8.70462724E-02  5.42118907E-01  2.95670913E-03
8.73448874E-02  5.30389726E-01  2.94679124E-03
8.76435024E-02  5.21656573E-01  2.89358548E-03
8.79421174E-02  5.20492077E-01  2.93744705E-03
8.82407324E-02  5.23854017E-01  2.93559744E-03
8.85393474E-02  5.13302028E-01  2.86497246E-03
8.88379624E-02  5.05813956E-01  2.86544510E-03
8.91365774E-02  5.08021891E-01  2.83439807E-03
8.94351924E-02  5.03668666E-01  2.84327241E-03
8.97338074E-02  5.04236877E-01  2.82904366E-03
9.00324224E-02  4.96924102E-01  2.80069490E-03
9.03310374E-02  4.96344984E-01  2.83048651E-03
9.06296524E-02  4.86717045E-01  2.76923995E-03
9.09282674E-02  4.81595010E-01  2.75210617E-03
9.12268824E-02  4.70434725E-01  2.71506095E-03
9.15254974E-02  4.51840758E-01  2.65119853E-03
9.18241124E-02  4.43425357E-01  2.66534323E-03
9.21227274E-02  4.26788837E-01  2.59078946E-03
9.24213424E-02  4.17272747E-01  2.51826481E-03
9.27199574E-02  4.05164719E-01  2.50373711E-03
9.30185724E-02  3.79628807E-01  2.42793746E-03
9.33171874E-02  3.67806196E-01  2.41398579E-03
9.36158024E-02  3.53781551E-01  2.28660554E-03
9.39144174E-02  3.43512982E-01  2.31165998E-03
9.42130324E-02  3.34153444E-01  2.26765010E-03
9.45116474E-02  3.26135308E-01  2.23030103E-03
9.48102624E-02  3.17934662E-01  2.21193675E-03
9.51088774E-02  3.11254084E-01  2.14663101E-03
9.54074924E-02  3.04570377E-01  2.15148740E-03
9.57061074E-02  3.00194263E-01  2.13032356E-03
9.60047224E-02  2.95666426E-01  2.11606361E-03
9.63033374E-02  2.90985972E-01  2.07916088E-03
9.66019524E-02  2.85439521E-01  2.07003346E-03
9.69005674E-02  2.81037390E-01  2.04864074E-03
9.71991824E-02  2.79147118E-01  2.03643111E-03
9.74977974E-02  2.76489705E-01  2.01973389E-03
9.77964124E-02  2.73326427E-01  2.00127740E-03
9.80950274E-02  2.71423310E-01  2.00806558E-03
9.83936424E-02  2.69458354E-01  2.00165203E-03
9.86922574E-02  2.67597347E-01  1.99300330E-03
9.89908724E-02  2.64853537E-01  1.96166290E-03
9.92894874E-02  2.60058045E-01  1.93808903E-03
9.95881024E-02  2.61026680E-01  1.95741258E-03
9.98867174E-02  2.58273661E-01  1.95376133E-03
1.00185332E-01  2.53051639E-01  1.89044653E-03
1.00483947E-01  2.56585956E-01  1.93408947E-03
1.00782562E-01  2.52735615E-01  1.89630548E-03
1.01081177E-01  2.51306027E-01  1.91003724E-03
1.01379792E-01  2.51741439E-01  1.90445618E-03
1.01678407E-01  2.47576252E-01  1.86835369E-03
1.01977022E-01  2.47535363E-01  1.88848272E-03
1.02275637E-01  2.41657525E-01  1.86592829E-03
1.02574252E-01  2.44217858E-01  1.86796300E-03
1.02872867E-01  2.45937869E-01  1.85456430E-03
1.03171482E-01  2.47046009E-01  1.85722637E-03
1.03470097E-01  2.43832931E-01  1.84812094E-03
1.03768712E-01  2.43813619E-01  1.86487113E-03
1.04067327E-01  2.42297918E-01  1.82597432E-03
1.04365942E-01  2.42824391E-01  1.84883329E-03
1.04664557E-01  2.37972051E-01  1.82876957E-03
1.04963172E-01  2.40442887E-01  1.82483904E-03
1.05261787E-01  2.37229511E-01  1.81701069E-03
1.05560402E-01  2.40031600E-01  1.80874101E-03
1.05859017E-01  2.36656293E-01  1.81924924E-03
1.06157632E-01  2.38221392E-01  1.81347132E-03
1.06456247E-01  2.35226110E-01  1.80203607E-03
1.06754862E-01  2.36113012E-01  1.78403116E-03
1.07053477E-01  2.35815227E-01  1.79421867E-03
1.07352092E-01  2.37863392E-01  1.80199544E-03
1.07650707E-01  2.39528194E-01  1.80973252E-03
1.07949322E-01  2.38331482E-01  1.80233771E-03
1.08247937E-01  2.33626500E-01  1.78304478E-03
1.08546552E-01  2.35563055E-01  1.79756293E-03
1.08845167E-01  2.34667003E-01  1.76476268E-03
1.09143782E-01  2.32537791E-01  1.77748152E-03
1.09442397E-01  2.35445067E-01  1.76632381E-03
1.09741012E-01  2.35802382E-01  1.77315075E-03
1.10039627E-01  2.33660534E-01  1.77895767E-03
1.10338242E-01  2.34906703E-01  1.77254004E-03
1.10636857E-01  2.36459434E-01  1.75661885E-03
1.10935472E-01  2.37234414E-01  1.75816042E-03
1.11234087E-01  2.34272510E-01  1.76329247E-03
1.11532702E-01  2.31035635E-01  1.74971775E-03
1.11831317E-01  2.33061686E-01  1.74795173E-03
1.12129932E-01  2.34863818E-01  1.75805925E-03
1.12428547E-01  2.33961076E-01  1.75400660E-03
1.12727162E-01  2.33948886E-01  1.74661679E-03
1.13025777E-01  2.34249905E-01  1.74575322E-03
1.13324392E-01  2.33412415E-01  1.73999509E-03
1.13623007E-01  2.34020218E-01  1.74622505E-03
1.13921622E-01  2.31844917E-01  1.73941324E-03
1.14220237E-01  2.36909553E-01  1.74118206E-03
1.14518852E-01  2.33123884E-01  1.71322015E-03
1.14817467E-01  2.30770037E-01  1.72882061E-03
1.15116082E-01  2.34250560E-01  1.74049777E-03
1.15414697E-01  2.32651532E-01  1.72675890E-03
1.15713312E-01  2.35864356E-01  1.72200461E-03
1.16011927E-01  2.34097376E-01  1.72186282E-03
1.16310542E-01  2.34425232E-01  1.73853536E-03
1.16609157E-01  2.31767565E-01  1.70949602E-03
1.16907772E-01  2.36163795E-01  1.73200946E-03
1.17206387E-01  2.37948686E-01  1.73150934E-03
1.17505002E-01  2.38624737E-01  1.72324793E-03
1.17803617E-01  2.38665298E-01  1.74245390E-03
1.18102232E-01  2.40805119E-01  1.73362275E-03
1.18400847E-01  2.37878188E-01  1.72556809E-03
1.18699462E-01  2.37078965E-01  1.71891158E-03
1.18998077E-01  2.34899938E-01  1.69506774E-03
1.19296692E-01  2.39533931E-01  1.74433843E-03
1.19595307E-01  2.41299689E-01  1.71923265E-03
1.19893922E-01  2.40173623E-01  1.71155715E-03
1.20192537E-01  2.39585534E-01  1.72923983E-03
1.20491152E-01  2.40211502E-01  1.70685025E-03
1.20789767E-01  2.38283694E-01  1.71582599E-03
1.21088382E-01  2.41801023E-01  1.72596180E-03
1.21386997E-01  2.40516260E-01  1.70793803E-03
1.21685612E-01  2.43017316E-01  1.73279061E-03
1.21984227E-01  2.41982400E-01  1.71800295E-03
1.22282842E-01  2.39938393E-01  1.69870281E-03
1.22581457E-01  2.44011447E-01  1.70118222E-03
1.22880072E-01  2.44686648E-01  1.73375371E-03
1.23178687E-01  2.45378226E-01  1.72026956E-03
1.23477302E-01  2.43806705E-01  1.71959435E-03
1.23775917E-01  2.46235058E-01  1.70774350E-03
1.24074532E-01  2.48684138E-01  1.73304311E-03
1.24373147E-01  2.50648230E-01  1.73743162E-03
1.24671762E-01  2.45186031E-01  1.70883129E-03
1.24970377E-01  2.45313376E-01  1.70455186E-03
1.25268992E-01  2.51099467E-01  1.72216340E-03
1.25567607E-01  2.50470221E-01  1.71177916E-03
1.25866222E-01  2.49677792E-01  1.73651346E-03
1.26164837E-01  2.54431963E-01  1.73355953E-03
1.26463452E-01  2.51068503E-01  1.71382818E-03
1.26762067E-01  2.51040190E-01  1.72078575E-03
1.27060682E-01  2.49057993E-01  1.70928799E-03
1.27359297E-01  2.54702926E-01  1.75452861E-03
1.27657912E-01  2.52294332E-01  1.70527550E-03
1.27956527E-01  2.52598464E-01  1.71380269E-03
1.28255142E-01  2.56586850E-01  1.73970184E-03
1.28553757E-01  2.54225165E-01  1.70154043E-03
1.28852372E-01  2.57127345E-01  1.71808107E-03
1.29150987E-01  2.57656038E-01  1.71984837E-03
1.29449602E-01  2.59599775E-01  1.73681288E-03
1.29748217E-01  2.57323027E-01  1.72801234E-03
1.30046832E-01  2.57028580E-01  1.71318126E-03
1.30345447E-01  2.60995477E-01  1.72177679E-03
1.30644062E-01  2.58856922E-01  1.71244517E-03
1.30942677E-01  2.60763645E-01  1.73135940E-03
1.31241292E-01  2.61884063E-01  1.72929524E-03
1.31539907E-01  2.62154222E-01  1.72105269E-03
1.31838522E-01  2.58754700E-01  1.71779364E-03
1.32137137E-01  2.64840871E-01  1.75368227E-03
1.32435752E-01  2.66371578E-01  1.78179948E-03
1.32734367E-01  2.66276151E-01  1.77901331E-03
1.33032982E-01  2.67447323E-01  1.80173770E-03
1.33331597E-01  2.65408754E-01  1.79486000E-03
1.33630212E-01  2.71267951E-01  1.82231492E-03
1.33928827E-01  2.69146174E-01  1.84299157E-03
1.34227442E-01  2.66714782E-01  1.79043529E-03
1.34526057E-01  2.71834821E-01  1.84406072E-03
1.34824672E-01  2.77151555E-01  1.87573093E-03
1.35123287E-01  2.70498067E-01  1.84221275E-03
1.35421902E-01  2.75060862E-01  1.87420053E-03
1.35720517E-01  2.74251789E-01  1.85224949E-03
1.36019132E-01  2.74667084E-01  1.88695535E-03
1.36317747E-01  2.79625088E-01  1.88548910E-03
1.36616362E-01  2.76790440E-01  1.87037641E-03
1.36914977E-01  2.77667373E-01  1.89438078E-03
1.37213592E-01  2.75810540E-01  1.89088820E-03
1.37512207E-01  2.79709458E-01  1.92318554E-03
1.37810822E-01  2.79000878E-01  1.90179748E-03
1.38109437E-01  2.81088710E-01  1.90890231E-03
1.38408052E-01  2.80746758E-01  1.91498874E-03
1.38706667E-01  2.82953829E-01  1.92690804E-03
1.39005282E-01  2.90659398E-01  1.97421666E-03
1.39303897E-01  2.85536885E-01  1.91817014E-03
1.39602512E-01  2.87650198E-01  1.96244265E-03
1.39901127E-01  2.89799273E-01  1.96669647E-03
1.40199742E-01  2.90519208E-01  1.96001702E-03
1.40498357E-01  2.88413286E-01  1.97353633E-03
1.40796972E-01  2.88436204E-01  1.94773753E-03
1.41095587E-01  2.87012488E-01  1.97107042E-03
1.41394202E-01  2.93703139E-01  1.98145257E-03
1.41692817E-01  2.91927665E-01  1.98788126E-03
1.41991432E-01  2.92172045E-01  1.98871573E-03
1.42290047E-01  2.92554528E-01  1.97604345E-03
1.42588662E-01  2.94933975E-01  2.01082509E-03
1.42887277E-01  2.96676099E-01  2.00557569E-03
1.43185892E-01  2.94948608E-01  1.99344219E-03
1.43484507E-01  2.96450555E-01  2.01438786E-03
1.43783122E-01  2.98151702E-01  2.00345600E-03
1.44081737E-01  2.98016459E-01  2.00931774E-03
1.44380352E-01  2.95290500E-01  1.98373734E-03
1.44678967E-01  2.97821015E-01  1.97016541E-03
1.44977582E-01  2.99718440E-01  2.01585074E-03
1.45276197E-01  2.95394719E-01  1.97188510E-03
1.45574812E-01  2.99535513E-01  2.00890331E-03
1.45873427E-01  2.98964322E-01  1.96060096E-03
1.46172042E-01  2.97998965E-01  1.97151536E-03
1.46470657E-01  3.00005943E-01  2.00186437E-03
1.46769272E-01  3.00243944E-01  1.97893265E-03
1.47067887E-01  3.00647885E-01  1.97576708E-03
1.47366502E-01  3.03185552E-01  1.97440665E-03
1.47665117E-01  3.03929836E-01  1.97979948E-03
1.47963732E-01  3.01426291E-01  1.99423358E-03
1.48262347E-01  3.01611900E-01  1.97372399E-03
1.48560962E-01  3.02549124E-01  1.97977247E-03
1.48859577E-01  3.03918064E-01  1.95783027E-03
1.49158192E-01  2.99315959E-01  1.98344304E-03
1.49456807E-01  3.03816020E-01  1.97499781E-03
1.49755422E-01  3.02962452E-01  1.96708133E-03
1.50054037E-01  3.07827562E-01  1.99547550E-03
1.50352652E-01  3.02913070E-01  1.95460347E-03
1.50651267E-01  2.99002916E-01  1.96964084E-03
1.50949882E-01  3.03183973E-01  1.95261510E-03
1.51248497E-01  3.07153851E-01  1.97478617E-03
1.51547112E-01  3.09377253E-01  2.01652502E-03
1.51845727E-01  3.03827852E-01  1.94053061E-03
1.52144342E-01  3.07253718E-01  1.99966994E-03
1.52442957E-01  3.02883655E-01  1.92642282E-03
1.52741572E-01  3.05984467E-01  1.96450879E-03
1.53040187E-01  3.08182657E-01  1.99966901E-03
1.53338802E-01  3.08078587E-01  1.95902819E-03
1.53637417E-01  3.07750791E-01  1.98186259E-03
1.53936032E-01  3.05370510E-01  1.94546918E-03
1.54234647E-01  3.08256030E-01  1.95888965E-03
1.54533262E-01  3.06949884E-01  1.98520301E-03
1.54831877E-01  3.06557685E-01  1.95633061E-03
1.55130492E-01  3.11659992E-01  1.97542203E-03
1.55429107E-01  3.05364907E-01  1.94476277E-03
1.55727722E-01  3.06051552E-01  1.96619611E-03
1.56026337E-01  3.07010502E-01  1.95778557E-03
1.56324952E-01  3.08512688E-01  1.95618044E-03
1.56623567E-01  3.07347864E-01  1.97472796E-03
1.56922182E-01  3.08517516E-01  1.94987154E-03
1.57220797E-01  3.07657033E-01  1.97353959E-03
1.57519412E-01  3.09407383E-01  1.95479323E-03
1.57818027E-01  3.09087038E-01  1.95237959E-03
1.58116642E-01  3.04301292E-01  1.96347944E-03
1.58415257E-01  3.07941824E-01  1.94876478E-03
1.58713872E-01  3.06728631E-01  1.96334720E-03
1.59012487E-01  3.07551205E-01  1.93781347E-03
1.59311102E-01  3.05669814E-01  1.96139747E-03
1.59609717E-01  3.07250023E-01  1.97007763E-03
1.59908332E-01  3.04992288E-01  1.91750785E-03
1.60206947E-01  3.04888040E-01  1.93631428E-03
1.60505562E-01  3.02601576E-01  1.92904274E-03
1.60804177E-01  3.04996759E-01  1.93458737E-03
1.61102792E-01  3.03938687E-01  1.93192216E-03
1.61401407E-01  2.99921870E-01  1.91161048E-03
1.61700022E-01  3.02512020E-01  1.91713055E-03
1.61998637E-01  3.04205567E-01  1.92658696E-03
1.62297252E-01  2.96489209E-01  1.91084633E-03
1.62595867E-01  3.01771402E-01  1.92641409E-03
1.62894482E-01  2.97823042E-01  1.89220847E-03
1.63193097E-01  3.01379561E-01  1.93140446E-03
1.63491712E-01  2.99966663E-01  1.89503445E-03
1.63790327E-01  2.92962164E-01  1.90219120E-03
1.64088942E-01  2.95039028E-01  1.87679462E-03
1.64387557E-01  2.94422597E-01  1.88934396E-03
1.64686172E-01  2.98556387E-01  1.92512886E-03
1.64984787E-01  2.92991310E-01  1.87288504E-03
1.65283402E-01  2.92909622E-01  1.88449142E-03
1.65582017E-01  2.91629165E-01  1.86463504E-03
1.65880632E-01  2.88297892E-01  1.86173082E-03
1.66179247E-01  2.88228273E-01  1.87668344E-03
1.66477862E-01  2.86000878E-01  1.84336479E-03
1.66776477E-01  2.82815576E-01  1.84913946E-03
1.67075092E-01  2.86007702E-01  1.86348963E-03
1.67373707E-01  2.85369933E-01  1.85551774E-03
1.67672322E-01  2.83006430E-01  1.84652337E-03
1.67970937E-01  2.81161875E-01  1.82330632E-03
1.68269552E-01  2.81302869E-01  1.83838443E-03
1.68568167E-01  2.77286381E-01  1.80697255E-03
1.68866782E-01  2.77109444E-01  1.83299254E-03
1.69165397E-01  2.74231821E-01  1.80945091E-03
1.69464012E-01  2.75323242E-01  1.80180883E-03
1.69762627E-01  2.73325115E-01  1.80709094E-03
1.70061242E-01  2.70677656E-01  1.79209583E-03
1.70359857E-01  2.71944493E-01  1.81712734E-03
1.70658472E-01  2.66093731E-01  1.76530972E-03
1.70957087E-01  2.66005844E-01  1.77168020E-03
1.71255702E-01  2.65308678E-01  1.79103238E-03
1.71554317E-01  2.66096443E-01  1.75340683E-03
1.71852932E-01  2.60652095E-01  1.75739604E-03
1.72151547E-01  2.60478556E-01  1.75078260E-03
1.72450162E-01  2.60966510E-01  1.75664341E-03
1.72748777E-01  2.57051051E-01  1.74763589E-03
1.73047392E-01  2.53617615E-01  1.72817137E-03
1.73346007E-01  2.52494127E-01  1.72730628E-03
1.73644622E-01  2.49722466E-01  1.70958589E-03
1.73943237E-01  2.49881864E-01  1.71071733E-03
1.74241852E-01  2.50558138E-01  1.72364770E-03
1.74540467E-01  2.48744279E-01  1.69586984E-03
1.74839082E-01  2.47258574E-01  1.71167520E-03
1.75137697E-01  2.44152904E-01  1.68469478E-03
1.75436312E-01  2.41600364E-01  1.68675196E-03
1.75734927E-01  2.38974303E-01  1.65722775E-03
1.76033542E-01  2.39775911E-01  1.66503014E-03
1.76332157E-01  2.40115747E-01  1.69145933E-03
1.76630772E-01  2.38216579E-01  1.65516010E-03
1.76929387E-01  2.33003885E-01  1.66219473E-03
1.77228002E-01  2.33911425E-01  1.63358881E-03
1.77526617E-01  2.32357383E-01  1.64018793E-03
1.77825232E-01  2.30310380E-01  1.63848326E-03
1.78123847E-01  2.29849055E-01  1.63021707E-03
1.78422462E-01  2.26878226E-01  1.61965005E-03
1.78721077E-01  2.27049917E-01  1.62464741E-03
1.79019692E-01  2.24831328E-01  1.61724049E-03
1.79318307E-01  2.23529354E-01  1.61310006E-03
1.79616922E-01  2.23001122E-01  1.58716645E-03
1.79915537E-01  2.22207114E-01  1.60560815E-03
1.80214152E-01  2.23148763E-01  1.59505953E-03
1.80512767E-01  2.18529701E-01  1.59442786E-03
1.80811382E-01  2.16854811E-01  1.58402161E-03
1.81109997E-01  2.11647242E-01  1.55033171E-03
1.81408612E-01  2.13684574E-01  1.57346611E-03
1.81707227E-01  2.11330608E-01  1.55587960E-03
1.82005842E-01  2.14298099E-01  1.56676781E-03
1.82304457E-01  2.07195222E-01  1.53192412E-03
1.82603072E-01  2.09170789E-01  1.54585496E-03
1.82901687E-01  2.04905525E-01  1.54081720E-03
1.83200302E-01  2.02776045E-01  1.51901762E-03
1.83498917E-01  2.02463880E-01  1.51185098E-03
1.83797532E-01  1.97592750E-01  1.49110681E-03
1.84096147E-01  1.95257291E-01  1.49605982E-03
1.84394762E-01  1.97349489E-01  1.50657247E-03
1.84693377E-01  1.95724264E-01  1.48991682E-03
1.84991992E-01  1.91843256E-01  1.48293015E-03
1.85290607E-01  1.89489737E-01  1.45498978E-03
1.85589222E-01  1.89419776E-01  1.46524794E-03
1.85887837E-01  1.86453909E-01  1.44943502E-03
1.86186452E-01  1.81391135E-01  1.42681773E-03
1.86485067E-01  1.83081850E-01  1.44100876E-03
1.86783682E-01  1.79937229E-01  1.42435473E-03
1.87082297E-01  1.79496840E-01  1.42872380E-03
1.87380912E-01  1.73907474E-01  1.39708386E-03
1.87679527E-01  1.72503024E-01  1.37975940E-03
1.87978142E-01  1.71391994E-01  1.39241887E-03
1.88276757E-01  1.71788186E-01  1.39082642E-03
1.88575372E-01  1.66114196E-01  1.37172081E-03
1.88873987E-01  1.67929336E-01  1.37063477E-03
1.89172602E-01  1.65161029E-01  1.35182764E-03
1.89471217E-01  1.63063765E-01  1.35328446E-03
1.89769832E-01  1.60128474E-01  1.34457345E-03
1.90068447E-01  1.62627622E-01  1.33584347E-03
1.90367062E-01  1.57671392E-01  1.32769137E-03
1.90665677E-01  1.58626020E-01  1.32868276E-03
1.90964292E-01  1.55118614E-01  1.31136633E-03
1.91262907E-01  1.54866785E-01  1.31583679E-03
1.91561522E-01  1.53027803E-01  1.29170727E-03
1.91860137E-01  1.52224764E-01  1.30584475E-03
1.92158752E-01  1.50907889E-01  1.29345397E-03
1.92457367E-01  1.50987878E-01  1.29547261E-03
1.92755982E-01  1.48339719E-01  1.27869565E-03
1.93054597E-01  1.47460341E-01  1.27572112E-03
1.93353212E-01  1.46287695E-01  1.26415782E-03
1.93651827E-01  1.42462015E-01  1.26082450E-03
1.93950442E-01  1.43808693E-01  1.25983276E-03
1.94249057E-01  1.40432999E-01  1.23625190E-03
1.94547672E-01  1.40237421E-01  1.24489609E-03
1.94846287E-01  1.38553634E-01  1.23502023E-03
1.95144902E-01  1.37687698E-01  1.23792049E-03
1.95443517E-01  1.35723665E-01  1.20321638E-03
1.95742132E-01  1.34778127E-01  1.21574779E-03
1.96040747E-01  1.36199683E-01  1.22449256E-03
1.96339362E-01  1.33883595E-01  1.21677166E-03
1.96637977E-01  1.32749215E-01  1.19969342E-03
1.96936592E-01  1.30751282E-01  1.19289476E-03
1.97235207E-01  1.29981786E-01  1.19354879E-03
1.97533822E-01  1.29016161E-01  1.18458213E-03
1.97832437E-01  1.28076628E-01  1.18401821E-03
1.98131052E-01  1.28934920E-01  1.18159701E-03
1.98429667E-01  1.28366038E-01  1.18010608E-03
1.98728282E-01  1.26671404E-01  1.17601303E-03
1.99026897E-01  1.24714933E-01  1.15954957E-03
1.99325512E-01  1.24472544E-01  1.16207742E-03
1.99624127E-01  1.23288475E-01  1.15617388E-03
1.99922742E-01  1.23158522E-01  1.15338399E-03
2.00221357E-01  1.20920151E-01  1.14938128E-03
2.00519972E-01  1.19835898E-01  1.13274751E-03
2.00818587E-01  1.18511818E-01  1.12542219E-03
2.01117202E-01  1.18129879E-01  1.13460619E-03
2.01415817E-01  1.17050461E-01  1.11811806E-03
2.01714432E-01  1.16729908E-01  1.12183264E-03
2.02013047E-01  1.15240037E-01  1.11013197E-03
2.02311662E-01  1.14617579E-01  1.11164001E-03
2.02610277E-01  1.13256872E-01  1.10780890E-03
2.02908892E-01  1.14086330E-01  1.09978369E-03
2.03207507E-01  1.11097984E-01  1.08966732E-03
2.03506122E-01  1.10018626E-01  1.08268007E-03
2.03804737E-01  1.10704504E-01  1.08706357E-03
2.04103352E-01  1.09700121E-01  1.08550151E-03
2.04401967E-01  1.08794630E-01  1.07966457E-03
2.04700582E-01  1.08464755E-01  1.06873503E-03
2.04999197E-01  1.07065670E-01  1.06476352E-03
2.05297812E-01  1.06453344E-01  1.07201003E-03
2.05596427E-01  1.04922615E-01  1.05568557E-03
2.05895042E-01  1.05145782E-01  1.05943356E-03
2.06193657E-01  1.03127681E-01  1.04243855E-03
2.06492272E-01  1.02013662E-01  1.03552500E-03
2.06790887E-01  1.01388685E-01  1.04391365E-03
2.07089502E-01  1.02597579E-01  1.03281508E-03
2.07388117E-01  1.01156473E-01  1.03882817E-03
2.07686732E-01  1.00018524E-01  1.02882518E-03
2.07985347E-01  9.89566371E-02  1.01990055E-03
2.08283962E-01  9.85248610E-02  1.02017540E-03
2.08582577E-01  9.76509824E-02  1.00853504E-03
2.08881192E-01  9.61826295E-02  1.00550929E-03
2.09179807E-01  9.56100523E-02  1.00714725E-03
2.09478422E-01  9.65107679E-02  9.99910291E-04
2.09777037E-01  9.50202495E-02  1.00249285E-03
2.10075652E-01  9.38530937E-02  9.86943603E-04
2.10374267E-01  9.46838111E-02  1.00381556E-03
2.10672882E-01  9.30857584E-02  9.92241199E-04
2.10971497E-01  9.07763243E-02  9.63961647E-04
2.11270112E-01  9.24397334E-02  9.87883657E-04
2.11568727E-01  9.02066082E-02  9.65840532E-04
2.11867342E-01  9.19014663E-02  9.84100159E-04
2.12165957E-01  8.87733176E-02  9.58717661E-04
2.12464572E-01  8.86857584E-02  9.57381329E-04
2.12763187E-01  8.85254815E-02  9.61155281E-04
2.13061802E-01  8.90939236E-02  9.63360537E-04
2.13360417E-01  8.67883116E-02  9.54294053E-04
2.13659032E-01  8.70265886E-02  9.45550215E-04
2.13957647E-01  8.56908932E-02  9.39392077E-04
2.14256262E-01  8.50867257E-02  9.40313970E-04
2.14554877E-01  8.35667625E-02  9.26292327E-04
2.14853492E-01  8.30761120E-02  9.24953958E-04
2.15152107E-01  8.22715312E-02  9.19364102E-04
2.15450722E-01  8.17378834E-02  9.25558619E-04
2.15749337E-01  8.10308009E-02  9.15149576E-04
2.16047952E-01  8.09295699E-02  9.11567884E-04
2.16346567E-01  8.10267404E-02  9.12662421E-04
2.16645182E-01  8.01262632E-02  9.02462401E-04
2.16943797E-01  8.07426050E-02  9.10791801E-04
2.17242412E-01  7.97685310E-02  9.11298208E-04
2.17541027E-01  7.85572603E-02  8.90170864E-04
2.17839642E-01  7.69364610E-02  8.96065088E-04
2.18138257E-01  7.82519132E-02  8.86881608E-04
2.18436872E-01  7.61119574E-02  8.83769011E-04
2.18735487E-01  7.44632706E-02  8.69741372E-04
2.19034102E-01  7.41245672E-02  8.68276344E-04
2.19332717E-01  7.61542171E-02  8.85873567E-04
2.19631332E-01  7.57859647E-02  8.80043081E-04
2.19929947E-01  7.61883333E-02  8.78985622E-04
2.20228562E-01  7.31177628E-02  8.58310377E-04
2.20527177E-01  7.29410052E-02  8.61835259E-04
2.20825792E-01  7.39618540E-02  8.68877629E-04
2.21124407E-01  7.32411519E-02  8.62078334E-04
2.21423022E-01  7.08998740E-02  8.46690207E-04
2.21721637E-01  7.06696585E-02  8.43580056E-04
2.22020252E-01  7.26513863E-02  8.55077291E-04
2.22318867E-01  6.96750283E-02  8.42829351E-04
2.22617482E-01  7.00215623E-02  8.35070678E-04
2.22916097E-01  6.96073771E-02  8.43927264E-04
2.23214712E-01  7.00906217E-02  8.38162319E-04
2.23513327E-01  6.86669499E-02  8.35230865E-04
2.23811942E-01  6.74119741E-02  8.22954404E-04
2.24110557E-01  6.93759769E-02  8.31461395E-04
2.24409172E-01  6.79395050E-02  8.29085649E-04
2.24707787E-01  6.63170516E-02  8.11282196E-04
2.25006402E-01  6.68700710E-02  8.24238406E-04
2.25305017E-01  6.58675060E-02  8.03441508E-04
2.25603632E-01  6.46992549E-02  8.07417091E-04
2.25902247E-01  6.57303482E-02  8.14783387E-04
2.26200862E-01  6.40955716E-02  8.00132693E-04
2.26499477E-01  6.55364022E-02  8.06269876E-04
2.26798092E-01  6.21114448E-02  7.89261831E-04
2.27096707E-01  6.22509308E-02  7.88998499E-04
2.27395322E-01  6.24436811E-02  7.93227460E-04
2.27693937E-01  6.24411032E-02  7.83395604E-04
2.27992552E-01  6.28630817E-02  7.88751873E-04
2.28291167E-01  6.20001778E-02  7.82870455E-04
2.28589782E-01  6.14884719E-02  7.85991782E-04
2.28888397E-01  6.02820069E-02  7.75527733E-04
2.29187012E-01  6.06182851E-02  7.71222520E-04
2.29485627E-01  6.07160777E-02  7.74727203E-04
2.29784242E-01  5.95543981E-02  7.70837883E-04
2.30082857E-01  5.97148761E-02  7.66773592E-04
2.30381472E-01  5.76231033E-02  7.51719344E-04
2.30680087E-01  5.81377335E-02  7.57017173E-04
2.30978702E-01  5.91138378E-02  7.63347198E-04
2.31277317E-01  5.73728606E-02  7.52888387E-04
2.31575932E-01  5.75079843E-02  7.53559347E-04
2.31874547E-01  5.61822094E-02  7.39111623E-04
2.32173162E-01  5.66889383E-02  7.46036298E-04
2.32471777E-01  5.60592413E-02  7.43370969E-04
2.32770392E-01  5.56761585E-02  7.38291128E-04
2.33069007E-01  5.45275472E-02  7.30221451E-04
2.33367622E-01  5.55833653E-02  7.34546280E-04
2.33666237E-01  5.46361357E-02  7.34513218E-04
2.33964852E-01  5.58337718E-02  7.36826740E-04
2.34263467E-01  5.40059321E-02  7.24667043E-04
2.34562082E-01  5.36766723E-02  7.24303070E-04
2.34860697E-01  5.28806746E-02  7.17690273E-04
2.35159312E-01  5.26203364E-02  7.16736075E-04
2.35457927E-01  5.19040264E-02  7.08030944E-04
2.35756542E-01  5.21985292E-02  7.07260740E-04
2.36055157E-01  5.25412038E-02  7.15591770E-04
2.36353772E-01  5.08273244E-02  7.03227241E-04
2.36652387E-01  5.14983498E-02  7.11694302E-04
2.36951002E-01  5.17184325E-02  7.00305915E-04
2.37249617E-01  5.08336499E-02  7.05275044E-04
2.37548232E-01  5.12087904E-02  7.04671023E-04
2.37846847E-01  5.01807034E-02  6.95212977E-04
2.38145462E-01  4.88947369E-02  6.85672334E-04
2.38444077E-01  4.89111394E-02  6.81229460E-04
2.38742692E-01  5.00190519E-02  7.00406847E-04
2.39041307E-01  4.87560481E-02  6.85279025E-04
2.39339922E-01  4.82490845E-02  6.80374855E-04
2.39638537E-01  4.92143929E-02  6.87724911E-04
2.39937152E-01  4.70868461E-02  6.70823560E-04
2.40235767E-01  4.75668497E-02  6.78972341E-04
2.40534382E-01  4.72449251E-02  6.72325550E-04
2.40832997E-01  4.75690253E-02  6.73131610E-04
2.41131612E-01  4.62368727E-02  6.67163345E-04
2.41430227E-01  4.45923358E-02  6.49755239E-04
2.41728842E-01  4.56880890E-02  6.64312509E-04
2.42027457E-01  4.61903289E-02  6.59122423E-04
2.42326072E-01  4.63197343E-02  6.62590028E-04
2.42624687E-01  4.49062698E-02  6.58608333E-04
2.42923302E-01  4.58050109E-02  6.61276164E-04
2.43221917E-01  4.41315025E-02  6.43040403E-04
2.43520532E-01  4.47317921E-02  6.50064263E-04
2.43819147E-01  4.33107764E-02  6.40185026E-04
2.44117762E-01  4.35482971E-02  6.44965388E-04
2.44416377E-01  4.42474559E-02  6.51755836E-04
2.44714992E-01  4.35408838E-02  6.38034428E-04
2.45013607E-01  4.32764441E-02  6.42774627E-04
2.45312222E-01  4.13676165E-02  6.24634791E-04
2.45610837E-01  4.20840271E-02  6.31932227E-04
2.45909452E-01  4.19576503E-02  6.24635431E-04
2.46208067E-01  4.12417687E-02  6.24373788E-04
2.46506682E-01  4.23600115E-02  6.31395611E-04
2.46805297E-01  4.06434499E-02  6.23442058E-04
2.47103912E-01  4.13448997E-02  6.20903505E-04
2.47402527E-01  4.16994132E-02  6.23561151E-04
2.47701142E-01  4.17881422E-02  6.27984991E-04
2.47999757E-01  4.08151038E-02  6.20121369E-04
2.48298372E-01  4.00229730E-02  6.17641374E-04
2.48596987E-01  3.99495363E-02  6.05434994E-04
2.48895602E-01  4.02050316E-02  6.11629279E-04
2.49194217E-01  4.05628905E-02  6.15012948E-04
2.49492832E-01  4.01654579E-02  6.13159500E-04
2.49791447E-01  4.02506143E-02  6.15320459E-04
2.50090062E-01  3.91785130E-02  6.02960470E-04
2.50388677E-01  3.94259542E-02  6.09153882E-04
2.50687292E-01  3.98389734E-02  6.10169431E-04
2.50985907E-01  3.96203473E-02  6.05049485E-04
2.51284522E-01  3.82548347E-02  5.98243205E-04
2.51583137E-01  3.83001864E-02  5.94247889E-04
2.51881752E-01  3.85017619E-02  5.98384649E-04
2.52180367E-01  3.79439369E-02  5.94035373E-04
2.52478982E-01  3.79376300E-02  5.91909047E-04
2.52777597E-01  3.68944816E-02  5.84816851E-04
2.53076212E-01  3.77678573E-02  5.91859280E-04
2.53374827E-01  3.81241925E-02  5.96419035E-04
2.53673442E-01  3.67196389E-02  5.77850151E-04
2.53972057E-01  3.74783836E-02  5.88480209E-04
2.54270672E-01  3.78370620E-02  5.91131917E-04
2.54569287E-01  3.60796228E-02  5.79896383E-04
2.54867902E-01  3.64129581E-02  5.79592015E-04
2.55166517E-01  3.71522792E-02  5.81712753E-04
2.55465132E-01  3.61521095E-02  5.77050494E-04
2.55763747E-01  3.61643620E-02  5.77614061E-04
2.56062362E-01  3.62373292E-02  5.78042644E-04
2.56360977E-01  3.61400545E-02  5.73434983E-04
2.56659592E-01  3.47642489E-02  5.60932618E-04
2.56958207E-01  3.49272825E-02  5.66893781E-04
2.57256822E-01  3.54759730E-02  5.70415170E-04
2.57555437E-01  3.57563645E-02  5.69935655E-04
2.57854052E-01  3.51515599E-02  5.66445116E-04
2.58152667E-01  3.56626399E-02  5.72529156E-04
2.58451282E-01  3.54611687E-02  5.71063720E-04
2.58749897E-01  3.47282253E-02  5.59914217E-04
2.59048512E-01  3.49111781E-02  5.62571513E-04
2.59347127E-01  3.49107757E-02  5.62273082E-04
2.59645742E-01  3.43583338E-02  5.60620974E-04
2.59944357E-01  3.42666656E-02  5.60769869E-04
2.60242972E-01  3.45469527E-02  5.55980834E-04
2.60541587E-01  3.36297750E-02  5.53618767E-04
2.60840202E-01  3.40871587E-02  5.55900275E-04
2.61138817E-01  3.41768079E-02  5.58253843E-04
2.61437432E-01  3.43322977E-02  5.57604129E-04
2.61736047E-01  3.38212326E-02  5.50977653E-04
2.62034662E-01  3.38614136E-02  5.53915510E-04
2.62333277E-01  3.42060775E-02  5.56435494E-04
2.62631892E-01  3.43513712E-02  5.54415106E-04
2.62930507E-01  3.38767655E-02  5.50859899E-04
2.63229122E-01  3.24995853E-02  5.40534791E-04
2.63527737E-01  3.33316773E-02  5.50880330E-04
2.63826352E-01  3.27502899E-02  5.41345624E-04
2.64124967E-01  3.19898464E-02  5.35025029E-04
2.64423582E-01  3.39131430E-02  5.51305653E-04
2.64722197E-01  3.31076793E-02  5.42603026E-04
2.65020812E-01  3.20663676E-02  5.39330591E-04
2.65319427E-01  3.31429839E-02  5.41078392E-04
2.65618042E-01  3.28376032E-02  5.44203212E-04
2.65916657E-01  3.32345814E-02  5.45342395E-04
2.66215272E-01  3.28807011E-02  5.41727932E-04
2.66513887E-01  3.24226134E-02  5.38361841E-04
2.66812502E-01  3.26852836E-02  5.37197629E-04
2.67111117E-01  3.25640626E-02  5.39818197E-04
2.67409732E-01  3.25558186E-02  5.38351771E-04
2.67708347E-01  3.27824652E-02  5.41065005E-04
2.68006962E-01  3.25116143E-02  5.37988672E-04
2.68305577E-01  3.24712098E-02  5.35854837E-04
2.68604192E-01  3.18215042E-02  5.31837810E-04
2.68902807E-01  3.15445513E-02  5.28836448E-04
2.69201422E-01  3.19748744E-02  5.29978366E-04
2.69500037E-01  3.17426249E-02  5.30223304E-04
2.69798652E-01  3.21701802E-02  5.33508777E-04
2.70097267E-01  3.16485353E-02  5.32604405E-04
2.70395882E-01  3.20792608E-02  5.28022356E-04
2.70694497E-01  3.17221433E-02  5.29511948E-04
2.70993112E-01  3.19699347E-02  5.32536476E-04
2.71291727E-01  3.13095413E-02  5.26601332E-04
2.71590342E-01  3.14896367E-02  5.29480691E-04
2.71888957E-01  3.25087495E-02  5.31148980E-04
2.72187572E-01  3.11171692E-02  5.22700895E-04
2.72486187E-01  3.07059139E-02  5.19767753E-04
2.72784802E-01  3.16538997E-02  5.28815028E-04
2.73083417E-01  3.20552960E-02  5.26772346E-04
2.73382032E-01  3.26762646E-02  5.34958090E-04
2.73680647E-01  3.14673334E-02  5.27393713E-04
2.73979262E-01  3.21347229E-02  5.30374120E-04
2.74277877E-01  3.13455388E-02  5.21701586E-04
2.74576492E-01  3.08835674E-02  5.18630550E-04
2.74875107E-01  3.19050662E-02  5.28748671E-04
2.75173722E-01  3.20646167E-02  5.30882797E-04
2.75472337E-01  3.04051582E-02  5.11245744E-04
2.75770952E-01  3.17653269E-02  5.27593365E-04
2.76069567E-01  3.20657194E-02  5.24892239E-04
2.76368182E-01  3.16232443E-02  5.28302917E-04
2.76666797E-01  3.21040563E-02  5.30808757E-04
2.76965412E-01  3.09543442E-02  5.15333435E-04
2.77264027E-01  3.12927142E-02  5.22198388E-04
2.77562642E-01  3.08929849E-02  5.14311949E-04
2.77861257E-01  3.19530033E-02  5.29834244E-04
2.78159872E-01  3.21809500E-02  5.24534495E-04
2.78458487E-01  3.13634351E-02  5.19772468E-04
2.78757102E-01  3.06809191E-02  5.17862907E-04
2.79055717E-01  3.12179793E-02  5.19219087E-04
2.79354332E-01  3.26611660E-02  5.30953053E-04
2.79652947E-01  3.11578363E-02  5.18721237E-04
2.79951562E-01  3.18987481E-02  5.20557398E-04
2.80250177E-01  3.14598344E-02  5.23603871E-04
2.80548792E-01  3.13159116E-02  5.19127469E-04
2.80847407E-01  3.15012485E-02  5.18719200E-04
2.81146022E-01  3.14595886E-02  5.20580215E-04
2.81444637E-01  3.24406400E-02  5.29965444E-04
2.81743252E-01  3.07232998E-02  5.13555016E-04
2.82041867E-01  3.17566507E-02  5.17618668E-04
2.82340482E-01  3.14476341E-02  5.19316993E-04
2.82639097E-01  3.19770910E-02  5.23933093E-04
2.82937712E-01  3.03688310E-02  5.09699166E-04
2.83236327E-01  3.06122731E-02  5.11484861E-04
2.83534942E-01  3.20289209E-02  5.20606234E-04
2.83833557E-01  3.11803911E-02  5.16597123E-04
2.84132172E-01  3.15499231E-02  5.18747664E-04
2.84430787E-01  3.18649486E-02  5.24069066E-04
2.84729402E-01  3.22043337E-02  5.20373229E-04
2.85028017E-01  3.12921330E-02  5.16116153E-04
2.85326632E-01  3.14157382E-02  5.20496338E-04
2.85625247E-01  3.14096026E-02  5.12166007E-04
2.85923862E-01  3.02218199E-02  5.06590004E-04
2.86222477E-01  3.15692350E-02  5.17250504E-04
2.86521092E-01  3.19326073E-02  5.20348432E-04
2.86819707E-01  3.21390852E-02  5.25670825E-04
2.87118322E-01  3.21130380E-02  5.17750217E-04
2.87416937E-01  3.23363207E-02  5.21961076E-04
2.87715552E-01  3.13512348E-02  5.13196690E-04
2.88014167E-01  3.16584259E-02  5.19269728E-04
2.88312782E-01  3.14303748E-02  5.16502827E-04
2.88611397E-01  3.16400453E-02  5.12192142E-04
2.88910012E-01  3.20201628E-02  5.21844428E-04
2.89208627E-01  3.23140696E-02  5.21534006E-04
2.89507242E-01  3.27459387E-02  5.24623785E-04
2.89805857E-01  3.17317992E-02  5.14554675E-04
2.90104472E-01  3.17896083E-02  5.14276500E-04
2.90403087E-01  3.27022150E-02  5.27249358E-04
2.90701702E-01  3.23437788E-02  5.20254660E-04
2.91000317E-01  3.22174653E-02  5.18357032E-04
2.91298932E-01  3.23002301E-02  5.20160189E-04
2.91597547E-01  3.20926271E-02  5.19246561E-04
2.91896162E-01  3.16012129E-02  5.14879939E-04
2.92194777E-01  3.31046879E-02  5.24942472E-04
2.92493392E-01  3.21098715E-02  5.17497421E-04
2.92792007E-01  3.22716944E-02  5.19431254E-04
2.93090622E-01  3.23240384E-02  5.19601163E-04
2.93389237E-01  3.16586643E-02  5.13977255E-04
2.93687852E-01  3.28241326E-02  5.19710185E-04
2.93986467E-01  3.26010473E-02  5.21700247E-04
2.94285082E-01  3.25366892E-02  5.18549990E-04
2.94583697E-01  3.27520296E-02  5.24183444E-04
2.94882312E-01  3.25831287E-02  5.19422058E-04
2.95180927E-01  3.31051908E-02  5.20197907E-04
2.95479542E-01  3.19910981E-02  5.16052591E-04
2.95778157E-01  3.31662372E-02  5.23423718E-04
2.96076772E-01  3.22381072E-02  5.16421511E-04
2.96375387E-01  3.28789167E-02  5.20904199E-04
2.96674002E-01  3.28723006E-02  5.20603382E-04
2.96972617E-01  3.25935297E-02  5.21780399E-04
2.97271232E-01  3.24832499E-02  5.21151465E-04
2.97569847E-01  3.14855985E-02  5.13337029E-04
2.97868462E-01  3.25041451E-02  5.23104973E-04
2.98167077E-01  3.22815441E-02  5.23882627E-04
2.98465692E-01  3.30471881E-02  5.33366168E-04
2.98764307E-01  3.32482904E-02  5.30362828E-04
2.99062922E-01  3.32855359E-02  5.33954415E-04
2.99361537E-01  3.28646302E-02  5.32294915E-04
2.99660152E-01  3.34650241E-02  5.38081338E-04
2.99958767E-01  3.21218818E-02  5.27439348E-04
3.00257382E-01  3.31021696E-02  5.36917418E-04
3.00555997E-01  3.27469558E-02  5.33760118E-04
3.00854612E-01  3.43567766E-02  5.45896124E-04
3.01153227E-01  3.34862694E-02  5.42505644E-04
3.01451842E-01  3.23800258E-02  5.31034253E-04
3.01750457E-01  3.35184000E-02  5.46552124E-04
3.02049072E-01  3.28372009E-02  5.37089305E-04
3.02347687E-01  3.30209993E-02  5.49358956E-04
3.02646302E-01  3.35107483E-02  5.60461951E-04
3.02944917E-01  3.35582606E-02  5.60707820E-04
3.03243532E-01  3.38567942E-02  5.73926431E-04
3.03542147E-01  3.40210758E-02  5.76297403E-04
3.03840762E-01  3.32318507E-02  5.69252239E-04
3.04139377E-01  3.43221202E-02  5.86039678E-04
3.04437992E-01  3.40386741E-02  5.78424078E-04
3.04736607E-01  3.42603810E-02  5.89820207E-04
3.05035222E-01  3.47024016E-02  5.88768569E-04
3.05333837E-01  3.41396742E-02  5.87916467E-04
3.05632452E-01  3.30347903E-02  5.82977023E-04
3.05931067E-01  3.39246094E-02  5.87797258E-04
3.06229682E-01  3.46220024E-02  6.00241183E-04
3.06528297E-01  3.41688544E-02  5.90612413E-04
3.06826912E-01  3.38597447E-02  5.95222577E-04
3.07125527E-01  3.42568234E-02  6.00166211E-04
3.07424142E-01  3.52643207E-02  6.08186354E-04
3.07722757E-01  3.41592655E-02  6.03384979E-04
3.08021372E-01  3.46142463E-02  6.02374203E-04
3.08319987E-01  3.48487794E-02  5.99861087E-04
3.08618602E-01  3.36455889E-02  5.83664048E-04
3.08917217E-01  3.30493823E-02  5.69816970E-04
3.09215832E-01  3.46252508E-02  5.88306924E-04
3.09514447E-01  3.47736068E-02  5.80366759E-04
3.09813062E-01  3.43376063E-02  5.78021805E-04
3.10111677E-01  3.44830491E-02  5.76642866E-04
3.10410292E-01  3.43684740E-02  5.68559568E-04
3.10708907E-01  3.47323194E-02  5.77111321E-04
3.11007522E-01  3.53575498E-02  5.74179867E-04
3.11306137E-01  3.46361697E-02  5.75513637E-04
3.11604752E-01  3.39865722E-02  5.63399342E-04
3.11903367E-01  3.51712294E-02  5.72514662E-04
3.12201982E-01  3.48263793E-02  5.69548341E-04
3.12500597E-01  3.53037342E-02  5.68233721E-04
3.12799212E-01  3.48353833E-02  5.69163065E-04
3.13097827E-01  3.52148116E-02  5.68276562E-04
3.13396442E-01  3.58713865E-02  5.72788587E-04
3.13695057E-01  3.48609239E-02  5.67538722E-04
3.13993672E-01  3.46256904E-02  5.59937442E-04
3.14292287E-01  3.49001177E-02  5.63638750E-04
3.14590902E-01  3.49879712E-02  5.62714122E-04
3.14889517E-01  3.49067114E-02  5.62061905E-04
3.15188132E-01  3.47296111E-02  5.63908310E-04
3.15486747E-01  3.51581350E-02  5.59831562E-04
3.15785362E-01  3.52769941E-02  5.64594520E-04
3.16083977E-01  3.55044901E-02  5.62148809E-04
3.16382592E-01  3.47158574E-02  5.58916305E-04
3.16681207E-01  3.40265781E-02  5.50897792E-04
3.16979822E-01  3.58685106E-02  5.64735907E-04
3.17278437E-01  3.50281596E-02  5.59966953E-04
3.17577052E-01  3.51757593E-02  5.59403445E-04
3.17875667E-01  3.44566070E-02  5.61402994E-04
3.18174282E-01  3.52121927E-02  5.72726305E-04
3.18472897E-01  3.63666639E-02  5.90411481E-04
3.18771512E-01  3.55623066E-02  5.81583707E-04
3.19070127E-01  3.52811180E-02  5.83817309E-04
3.19368742E-01  3.37925069E-02  5.71851560E-04
3.19667357E-01  3.55171002E-02  5.86759008E-04
3.19965972E-01  3.51328067E-02  5.84897236E-04
3.20264587E-01  3.45794782E-02  5.82919805E-04
3.20563202E-01  3.57369408E-02  5.92090073E-04
3.20861817E-01  3.49643677E-02  5.86828915E-04
3.21160432E-01  3.44227999E-02  5.80443593E-04
3.21459047E-01  3.43334079E-02  5.85209695E-04
3.21757662E-01  3.51028554E-02  5.87994931E-04
3.22056277E-01  3.58499587E-02  5.93881065E-04
3.22354892E-01  3.60153690E-02  6.00422965E-04
3.22653507E-01  3.53389941E-02  5.92866039E-04
3.22952122E-01  3.52138095E-02  5.97015780E-04
3.23250737E-01  3.49015631E-02  5.83152461E-04
3.23549352E-01  3.64718698E-02  6.03521359E-04
3.23847967E-01  3.61183807E-02  6.03399414E-04
3.24146582E-01  3.42446044E-02  5.85827394E-04
3.24445197E-01  3.43549736E-02  5.87114424E-04
3.24743812E-01  3.47553268E-02  5.89496864E-04
3.25042427E-01  3.65193114E-02  6.10694231E-04
3.25341042E-01  3.58331203E-02  5.98049897E-04
3.25639657E-01  3.49912457E-02  5.94268204E-04
3.25938272E-01  3.42233852E-02  5.89270610E-04
3.26236887E-01  3.54750194E-02  5.95231890E-04
3.26535502E-01  3.56927738E-02  6.06095069E-04
3.26834117E-01  3.69728580E-02  6.09976996E-04
3.27132732E-01  3.52606103E-02  5.98670274E-04
3.27431347E-01  3.54774036E-02  6.01398293E-04
3.27729962E-01  3.58110182E-02  6.01377687E-04
3.28028577E-01  3.51267643E-02  6.05274166E-04
3.28327192E-01  3.41195092E-02  5.82410430E-04
3.28625807E-01  3.57741266E-02  6.06254092E-04
3.28924422E-01  3.64807844E-02  6.11849129E-04
3.29223037E-01  3.53139266E-02  5.99489082E-04
3.29521652E-01  3.55222411E-02  6.02504762E-04
3.29820267E-01  3.53116989E-02  5.98589366E-04
3.30118882E-01  3.58504876E-02  6.09829207E-04
3.30417497E-01  3.64613198E-02  6.11694821E-04
3.30716112E-01  3.50582600E-02  5.96266822E-04
3.31014727E-01  3.48470099E-02  5.95523103E-04
3.31313342E-01  3.61579321E-02  6.04482077E-04
3.31611957E-01  3.67118791E-02  6.15638448E-04
3.31910572E-01  3.54989767E-02  6.01073552E-04
3.32209187E-01  3.63370962E-02  6.05450128E-04
3.32507802E-01  3.57515849E-02  6.07356487E-04
3.32806417E-01  3.61086577E-02  6.02313085E-04
3.33105032E-01  3.51474620E-02  5.99695195E-04
3.33403647E-01  3.56028937E-02  5.99660911E-04
3.33702262E-01  3.55438218E-02  5.99516905E-04
3.34000877E-01  3.56740169E-02  6.00263127E-04
3.34299492E-01  3.54180485E-02  6.00047410E-04
3.34598107E-01  3.49413790E-02  5.96526428E-04
3.34896722E-01  3.57007943E-02  5.97173581E-04
3.35195337E-01  3.47734466E-02  5.90569223E-04
3.35493952E-01  3.61782424E-02  6.05923356E-04
3.35792567E-01  3.34655009E-02  5.80714841E-04
3.36091182E-01  3.55246328E-02  5.99193270E-04
3.36389797E-01  3.64698432E-02  6.03405235E-04
3.36688412E-01  3.60111110E-02  6.03462802E-04
3.36987027E-01  3.62217315E-02  6.01527223E-04
3.37285642E-01  3.52698267E-02  5.95998659E-04
3.37584257E-01  3.54139321E-02  5.98092331E-04
3.37882872E-01  3.54849920E-02  5.95902675E-04
3.38181487E-01  3.54327820E-02  5.97729057E-04
3.38480102E-01  3.49824205E-02  5.85075410E-04
3.38778717E-01  3.44751365E-02  5.88738243E-04
3.39077332E-01  3.45347710E-02  5.86854352E-04
3.39375947E-01  3.55913937E-02  5.95593650E-04
3.39674562E-01  3.61013301E-02  6.03704539E-04
3.39973177E-01  3.54440287E-02  5.91968361E-04
3.40271792E-01  3.55587229E-02  5.97056700E-04
3.40570407E-01  3.55649814E-02  5.96070488E-04
3.40869022E-01  3.54533717E-02  5.91711956E-04
3.41167637E-01  3.54899243E-02  5.93895675E-04
3.41466252E-01  3.55264992E-02  5.90633543E-04
3.41764867E-01  3.60064320E-02  6.01865177E-04
3.42063482E-01  3.60316299E-02  5.97382605E-04
3.42362097E-01  3.47604565E-02  5.83570974E-04
3.42660712E-01  3.55252512E-02  5.95404592E-04
3.42959327E-01  3.51608992E-02  5.86259353E-04
3.43257942E-01  3.58350351E-02  5.97998558E-04
3.43556557E-01  3.51458527E-02  5.87808725E-04
3.43855172E-01  3.53038609E-02  5.89298725E-04
3.44153787E-01  3.58336568E-02  5.93366800E-04
3.44452402E-01  3.53993326E-02  5.89089585E-04
3.44751017E-01  3.53640616E-02  5.89974923E-04
3.45049632E-01  3.54429968E-02  5.84976282E-04
3.45348247E-01  3.45574021E-02  5.83210960E-04
3.45646862E-01  3.55129018E-02  5.88701514E-04
3.45945477E-01  3.54068764E-02  5.88157331E-04
3.46244092E-01  3.60046253E-02  5.86158247E-04
3.46542707E-01  3.64089347E-02  5.89932664E-04
3.46841322E-01  3.59241068E-02  5.90269687E-04
3.47139937E-01  3.52014042E-02  5.82338776E-04
3.47438552E-01  3.62435766E-02  5.86484093E-04
3.47737167E-01  3.58778238E-02  5.88240044E-04
3.48035782E-01  3.55967432E-02  5.80750639E-04
3.48334397E-01  3.52206565E-02  5.82179462E-04
3.48633012E-01  3.51615772E-02  5.73574624E-04
3.48931627E-01  3.45269963E-02  5.72751625E-04
3.49230242E-01  3.54066938E-02  5.81611064E-04
3.49528857E-01  3.47362794E-02  5.74329926E-04
3.49827472E-01  3.46422270E-02  5.74505073E-04
3.50126087E-01  3.58441696E-02  5.78809762E-04
3.50424702E-01  3.49562019E-02  5.76627790E-04
3.50723317E-01  3.56407836E-02  5.79850806E-04
3.51021932E-01  3.50890793E-02  5.77407365E-04
3.51320547E-01  3.49602550E-02  5.73350117E-04
3.51619162E-01  3.47709395E-02  5.70552307E-04
3.51917777E-01  3.50952223E-02  5.75718470E-04
3.52216392E-01  3.54504287E-02  5.77518658E-04
3.52515007E-01  3.40243913E-02  5.63175709E-04
3.52813622E-01  3.60194705E-02  5.79453772E-04
3.53112237E-01  3.64644863E-02  5.89441741E-04
3.53410852E-01  3.49195227E-02  5.75866085E-04
3.53709467E-01  3.50111574E-02  5.65653376E-04
3.54008082E-01  3.44449617E-02  5.67115319E-04
3.54306697E-01  3.52303721E-02  5.73857629E-04
3.54605312E-01  3.48988548E-02  5.74121717E-04
3.54903927E-01  3.48733738E-02  5.75653219E-04
3.55202542E-01  3.51740196E-02  5.65926020E-04
3.55501157E-01  3.50938924E-02  5.74000005E-04
3.55799772E-01  3.57764438E-02  5.76889375E-04
3.56098387E-01  3.49793062E-02  5.71819954E-04
3.56397002E-01  3.49039845E-02  5.70741133E-04
3.56695617E-01  3.58709469E-02  5.72271121E-04
3.56994232E-01  3.56494524E-02  5.80915192E-04
3.57292847E-01  3.46487761E-02  5.63487818E-04
3.57591462E-01  3.42805050E-02  5.63949230E-04
3.57890077E-01  3.39485779E-02  5.60158747E-04
3.58188692E-01  3.50621529E-02  5.66995528E-04
3.58487307E-01  3.55598368E-02  5.78763720E-04
3.58785922E-01  3.50300521E-02  5.64340560E-04
3.59084537E-01  3.52275074E-02  5.71540848E-04
3.59383152E-01  3.51297967E-02  5.68610092E-04
3.59681767E-01  3.46149020E-02  5.64882532E-04
3.59980382E-01  3.49472687E-02  5.72983059E-04
3.60278997E-01  3.45932990E-02  5.58174273E-04
3.60577612E-01  3.50342132E-02  5.70133212E-04
3.60876227E-01  3.50395180E-02  5.68191812E-04
3.61174842E-01  3.49687487E-02  5.64158836E-04
3.61473457E-01  3.47232260E-02  5.62176632E-04
3.61772072E-01  3.45145352E-02  5.62122965E-04
3.62070687E-01  3.49512771E-02  5.69160504E-04
3.62369302E-01  3.50538269E-02  5.65899769E-04
3.62667917E-01  3.54189649E-02  5.68690477E-04
3.62966532E-01  3.52769159E-02  5.65753842E-04
3.63265147E-01  3.48811522E-02  5.64659538E-04
3.63563762E-01  3.42322662E-02  5.59533073E-04
3.63862377E-01  3.49149071E-02  5.62997244E-04
3.64160992E-01  3.49340662E-02  5.63599286E-04
3.64459607E-01  3.48710939E-02  5.63390437E-04
3.64758222E-01  3.42887640E-02  5.58668282E-04
3.65056837E-01  3.50920558E-02  5.66074566E-04
3.65355452E-01  3.42376456E-02  5.54169703E-04
3.65654067E-01  3.54475789E-02  5.68637042E-04
3.65952682E-01  3.40758637E-02  5.53439255E-04
3.66251297E-01  3.48022692E-02  5.64939168E-04
3.66549912E-01  3.40039320E-02  5.53147169E-04
3.66848527E-01  3.42224389E-02  5.52046578E-04
3.67147142E-01  3.48119251E-02  5.64872636E-04
3.67445757E-01  3.49032283E-02  5.59688837E-04
3.67744372E-01  3.43825817E-02  5.56953601E-04
3.68042987E-01  3.48861925E-02  5.59847686E-04
3.68341602E-01  3.43112797E-02  5.55507140E-04
3.68640217E-01  3.54814343E-02  5.67575858E-04
3.68938832E-01  3.59689407E-02  5.64223039E-04
3.69237447E-01  3.42041515E-02  5.54499915E-04
3.69536062E-01  3.57836261E-02  5.64660586E-04
3.69834677E-01  3.48981917E-02  5.60980116E-04
3.70133292E-01  3.54724340E-02  5.67214214E-04
3.70431907E-01  3.44565995E-02  5.51817880E-04
3.70730522E-01  3.36585529E-02  5.49495395E-04
3.71029137E-01  3.47941145E-02  5.55516104E-04
3.71327752E-01  3.48331891E-02  5.58278698E-04
3.71626367E-01  3.50915641E-02  5.59765962E-04
3.71924982E-01  3.39318030E-02  5.50012453E-04
3.72223597E-01  3.55746113E-02  5.65961178E-04
3.72522212E-01  3.35775428E-02  5.43770380E-04
3.72820827E-01  3.45828906E-02  5.54409518E-04
3.73119442E-01  3.43786590E-02  5.52914571E-04
3.73418057E-01  3.47142145E-02  5.52903104E-04
3.73716672E-01  3.46938781E-02  5.59505948E-04
3.74015287E-01  3.48441526E-02  5.52108919E-04
3.74313902E-01  3.45213823E-02  5.52218407E-04
3.74612517E-01  3.54453996E-02  5.61002293E-04
3.74911132E-01  3.55222337E-02  5.60745364E-04
3.75209747E-01  3.54458690E-02  5.61009685E-04
3.75508362E-01  3.42763886E-02  5.48019016E-04
3.75806977E-01  3.39223705E-02  5.47135016E-04
3.76105592E-01  3.48048955E-02  5.54066384E-04
3.76404207E-01  3.55294980E-02  5.60092914E-04
3.76702822E-01  3.54416519E-02  5.56980609E-04
3.77001437E-01  3.44177075E-02  5.49296441E-04
3.77300052E-01  3.42842005E-02  5.51895238E-04
3.77598667E-01  3.51076275E-02  5.57193765E-04
3.77897282E-01  3.47584337E-02  5.50336321E-04
3.78195897E-01  3.51747349E-02  5.52785874E-04
3.78494512E-01  3.50782797E-02  5.55400504E-04
3.78793127E-01  3.48221771E-02  5.52385172E-04
3.79091742E-01  3.53096351E-02  5.55111561E-04
3.79390357E-01  3.59185450E-02  5.59454435E-04
3.79688972E-01  3.41495499E-02  5.45781862E-04
3.79987587E-01  3.59414108E-02  5.58929925E-04
3.80286202E-01  3.52939814E-02  5.55277336E-04
3.80584817E-01  3.54776755E-02  5.56722400E-04
3.80883432E-01  3.41178030E-02  5.43748843E-04
3.81182047E-01  3.49006578E-02  5.51621022E-04
3.81480662E-01  3.56687494E-02  5.57801046E-04
3.81779277E-01  3.44736390E-02  5.43989241E-04
3.82077892E-01  3.47532965E-02  5.50600118E-04
3.82376507E-01  3.45264077E-02  5.47555566E-04
3.82675122E-01  3.39778736E-02  5.44151175E-04
3.82973737E-01  3.50711681E-02  5.50614612E-04
3.83272352E-01  3.54389735E-02  5.49920835E-04
3.83570967E-01  3.40412520E-02  5.43565315E-04
3.83869582E-01  3.47945765E-02  5.47895150E-04
3.84168197E-01  3.45622860E-02  5.47162083E-04
3.84466812E-01  3.49140130E-02  5.47742355E-04
3.84765427E-01  3.51445563E-02  5.48865763E-04
3.85064042E-01  3.54863703E-02  5.55833220E-04
3.85362657E-01  3.42960022E-02  5.42878523E-04
3.85661272E-01  3.62901203E-02  5.54581115E-04
3.85959887E-01  3.48576270E-02  5.49092249E-04
3.86258502E-01  3.54910567E-02  5.49935095E-04
3.86557117E-01  3.39266993E-02  5.44730516E-04
3.86855732E-01  3.51404808E-02  5.46540658E-04
3.87154347E-01  3.34925987E-02  5.33310813E-04
3.87452962E-01  3.45127992E-02  5.46241819E-04
3.87751577E-01  3.53653654E-02  5.46676514E-04
3.88050192E-01  3.52567956E-02  5.52101876E-04
3.88348807E-01  3.46465521E-02  5.39642351E-04
3.88647422E-01  3.48292179E-02  5.45473129E-04
3.88946037E-01  3.51428464E-02  5.46842057E-04
3.89244652E-01  3.51372436E-02  5.47883625E-04
3.89543267E-01  3.48643064E-02  5.45888790E-04
3.89841882E-01  3.43786851E-02  5.37823886E-04
3.90140497E-01  3.58704180E-02  5.54815109E-04
3.90439112E-01  3.53086554E-02  5.49089862E-04
3.90737727E-01  3.51487957E-02  5.41970716E-04
3.91036342E-01  3.55862901E-02  5.52206824E-04
3.91334957E-01  3.59558910E-02  5.48960874E-04
3.91633572E-01  3.51388492E-02  5.47775533E-04
3.91932187E-01  3.46236601E-02  5.38567663E-04
3.92230802E-01  3.37231904E-02  5.33077226E-04
3.92529417E-01  3.45162079E-02  5.42906346E-04
3.92828032E-01  3.64979878E-02  5.52556012E-04
3.93126647E-01  3.46935280E-02  5.41359943E-04
3.93425262E-01  3.44824679E-02  5.37870161E-04
3.93723877E-01  3.48980241E-02  5.43757109E-04
3.94022492E-01  3.58113125E-02  5.50422410E-04
3.94321107E-01  3.51607539E-02  5.42348600E-04
3.94619722E-01  3.53710204E-02  5.44234004E-04
3.94918337E-01  3.59301865E-02  5.48121461E-04
3.95216952E-01  3.51312533E-02  5.43447328E-04
3.95515567E-01  3.62109579E-02  5.52276149E-04
3.95814182E-01  3.54268849E-02  5.41262852E-04
3.96112797E-01  3.52989137E-02  5.44350129E-04
3.96411412E-01  3.57642062E-02  5.46863535E-04
3.96710027E-01  3.45186330E-02  5.37911023E-04
3.97008642E-01  3.55062932E-02  5.42919792E-04
3.97307257E-01  3.44355218E-02  5.35446859E-04
3.97605872E-01  3.61180231E-02  5.49836492E-04
3.97904487E-01  3.61263230E-02  5.51241857E-04
3.98203102E-01  3.45600843E-02  5.33337181E-04
3.98501717E-01  3.50652412E-02  5.38510154E-04
3.98800332E-01  3.44949327E-02  5.35014202E-04
3.99098947E-01  3.49524990E-02  5.39072149E-04
3.99397562E-01  3.57255191E-02  5.46719530E-04
3.99696177E-01  3.62963751E-02  5.48812328E-04
3.99994792E-01  3.45535167E-02  5.33935672E-04
4.00293407E-01  3.42304893E-02  5.33097249E-04
4.00592022E-01  3.43229175E-02  5.32282167E-04
4.00890637E-01  3.39519456E-02  5.29273006E-04
4.01189252E-01  3.41590568E-02  5.30379242E-04
4.01487867E-01  3.48875634E-02  5.38326742E-04
4.01786482E-01  3.48120667E-02  5.36970096E-04
4.02085097E-01  3.49205285E-02  5.33215527E-04
4.02383712E-01  3.52162085E-02  5.42301510E-04
4.02682327E-01  3.50586101E-02  5.33894345E-04
4.02980942E-01  3.39518860E-02  5.30174759E-04
4.03279557E-01  3.43751609E-02  5.31306549E-04
4.03578172E-01  3.40109430E-02  5.25614305E-04
4.03876787E-01  3.50033008E-02  5.37939661E-04
4.04175402E-01  3.40915769E-02  5.26986376E-04
4.04474017E-01  3.43346186E-02  5.31888334E-04
4.04772632E-01  3.45483236E-02  5.30759455E-04
4.05071247E-01  3.37559320E-02  5.25260926E-04
4.05369862E-01  3.36264484E-02  5.29042154E-04
4.05668477E-01  3.36735472E-02  5.19717869E-04
4.05967092E-01  3.43942717E-02  5.29958575E-04
4.06265707E-01  3.51110063E-02  5.34568331E-04
4.06564322E-01  3.39242816E-02  5.24839445E-04
4.06862937E-01  3.42861488E-02  5.32931008E-04
4.07161552E-01  3.33964899E-02  5.18914487E-04
4.07460167E-01  3.51228975E-02  5.35806117E-04
4.07758782E-01  3.37705165E-02  5.20842441E-04
4.08057397E-01  3.38286757E-02  5.23862080E-04
4.08356012E-01  3.42490450E-02  5.29104494E-04
4.08654627E-01  3.27108763E-02  5.12611470E-04
4.08953242E-01  3.49212848E-02  5.35164610E-04
4.09251857E-01  3.32282670E-02  5.17740089E-04
4.09550472E-01  3.34857255E-02  5.19987254E-04
4.09849087E-01  3.42205279E-02  5.25909825E-04
4.10147702E-01  3.33498605E-02  5.16881293E-04
4.10446317E-01  3.45942155E-02  5.32029837E-04
4.10744932E-01  3.36478055E-02  5.21373877E-04
4.11043547E-01  3.34398821E-02  5.15314227E-04
4.11342162E-01  3.31803374E-02  5.17621986E-04
4.11640777E-01  3.39294970E-02  5.24418254E-04
4.11939392E-01  3.34008485E-02  5.20808622E-04
4.12238007E-01  3.27952802E-02  5.10683749E-04
4.12536622E-01  3.34771872E-02  5.18605579E-04
4.12835237E-01  3.37320715E-02  5.18648128E-04
4.13133852E-01  3.35093588E-02  5.18979446E-04
4.13432467E-01  3.27733122E-02  5.12772007E-04
4.13731082E-01  3.29280905E-02  5.12317230E-04
4.14029697E-01  3.30271386E-02  5.15357533E-04
4.14328312E-01  3.27492021E-02  5.11518971E-04
4.14626927E-01  3.30611169E-02  5.15385997E-04
4.14925542E-01  3.27229537E-02  5.08265046E-04
4.15224157E-01  3.27787213E-02  5.12230035E-04
4.15522772E-01  3.39539200E-02  5.22182614E-04
4.15821387E-01  3.24724913E-02  5.07135119E-04
4.16120002E-01  3.18134613E-02  5.02889277E-04
4.16418617E-01  3.24651189E-02  5.09072794E-04
4.16717232E-01  3.27193588E-02  5.10120357E-04
4.17015847E-01  3.23228836E-02  5.08785248E-04
4.17314462E-01  3.19653787E-02  4.99398098E-04
4.17613077E-01  3.27431411E-02  5.10429090E-04
4.17911692E-01  3.16161066E-02  4.99957008E-04
4.18210307E-01  3.23769636E-02  5.09573380E-04
4.18508922E-01  3.21601480E-02  5.02747833E-04
4.18807537E-01  3.16561013E-02  4.98908048E-04
4.19106152E-01  3.18292603E-02  5.03264833E-04
4.19404767E-01  3.11974604E-02  4.97902278E-04
4.19703382E-01  3.20084803E-02  5.00315800E-04
4.20001997E-01  3.19623537E-02  5.02239913E-04
4.20300612E-01  3.14716995E-02  4.96557157E-04
4.20599227E-01  3.18610631E-02  5.03641728E-04
4.20897842E-01  3.12645771E-02  4.95826127E-04
4.21196457E-01  3.07661984E-02  4.90519917E-04
4.21495072E-01  3.14834900E-02  4.98358684E-04
4.21793687E-01  3.14950123E-02  4.96863213E-04
4.22092302E-01  3.18267718E-02  5.02222043E-04
4.22390917E-01  3.22033390E-02  4.97917004E-04
4.22689532E-01  3.16435881E-02  5.00204042E-04
4.22988147E-01  3.15784179E-02  4.96513559E-04
4.23286762E-01  3.12739015E-02  4.97163273E-04
4.23585377E-01  3.14658917E-02  4.95295622E-04
4.23883992E-01  3.11212093E-02  4.91578190E-04
4.24182607E-01  3.11650373E-02  4.92147694E-04
4.24481222E-01  3.13474610E-02  4.96392022E-04
4.24779837E-01  3.07980068E-02  4.89907572E-04
4.25078452E-01  3.06485239E-02  4.86852659E-04
4.25377067E-01  3.09945494E-02  4.93034022E-04
4.25675682E-01  3.14019360E-02  4.92583145E-04
4.25974297E-01  3.16603743E-02  4.98418638E-04
4.26272912E-01  3.07629574E-02  4.85919387E-04
4.26571527E-01  3.23356539E-02  5.03709714E-04
4.26870142E-01  3.05160489E-02  4.85483848E-04
4.27168757E-01  3.03255692E-02  4.84728487E-04
4.27467372E-01  3.06307618E-02  4.85530210E-04
4.27765987E-01  3.02800648E-02  4.85679222E-04
4.28064602E-01  3.07332408E-02  4.87215846E-04
4.28363217E-01  3.06820888E-02  4.88125399E-04
4.28661832E-01  3.07330061E-02  4.87764046E-04
4.28960447E-01  3.10074054E-02  4.89170721E-04
4.29259062E-01  3.06937266E-02  4.86040022E-04
4.29557677E-01  3.11622210E-02  4.90394130E-04
4.29856292E-01  3.05248164E-02  4.83304728E-04
4.30154907E-01  3.07302568E-02  4.86009521E-04
4.30453522E-01  3.07498928E-02  4.87909158E-04
4.30752137E-01  3.06221638E-02  4.85699129E-04
4.31050752E-01  3.21817622E-02  4.95926419E-04
4.31349367E-01  3.09082959E-02  4.86880686E-04
4.31647982E-01  3.05285826E-02  4.83667565E-04
4.31946597E-01  3.02769113E-02  4.84260148E-04
4.32245212E-01  3.04985084E-02  4.82043019E-04
4.32543827E-01  3.02960500E-02  4.82901378E-04
4.32842442E-01  3.02099474E-02  4.84928983E-04
4.33141057E-01  3.10112275E-02  4.85976285E-04
4.33439672E-01  3.04262079E-02  4.84483928E-04
4.33738287E-01  3.00499015E-02  4.78917093E-04
4.34036902E-01  3.03822309E-02  4.84029180E-04
4.34335517E-01  2.95837671E-02  4.77095484E-04
4.34634132E-01  3.01436447E-02  4.82128642E-04
4.34932747E-01  3.02492809E-02  4.80510673E-04
4.35231362E-01  2.94031203E-02  4.74058936E-04
4.35529977E-01  3.05364802E-02  4.85808880E-04
4.35828592E-01  3.06569766E-02  4.86006786E-04
4.36127207E-01  3.01225055E-02  4.78980510E-04
4.36425822E-01  3.07951197E-02  4.85158060E-04
4.36724437E-01  3.07275206E-02  4.85057157E-04
4.37023052E-01  2.99886726E-02  4.79404727E-04
4.37321667E-01  3.05707976E-02  4.81265801E-04
4.37620282E-01  3.06900293E-02  4.85737954E-04
4.37918897E-01  2.95033138E-02  4.75303823E-04
4.38217512E-01  2.91014947E-02  4.72898188E-04
4.38516127E-01  2.99879853E-02  4.77082824E-04
4.38814742E-01  2.99432911E-02  4.74335218E-04
4.39113357E-01  3.05644590E-02  4.83568874E-04
4.39411972E-01  3.05528995E-02  4.83265030E-04
4.39710587E-01  3.06981578E-02  4.82494157E-04
4.40009202E-01  2.99744327E-02  4.78565955E-04
4.40307817E-01  3.06391381E-02  4.79615555E-04
4.40606432E-01  2.95928605E-02  4.75513865E-04
4.40905047E-01  3.05784531E-02  4.81983938E-04
4.41203662E-01  3.00336592E-02  4.74755187E-04
4.41502277E-01  2.99032871E-02  4.76217712E-04
4.41800892E-01  2.95018032E-02  4.72285843E-04
4.42099507E-01  2.98436973E-02  4.75329027E-04
4.42398122E-01  3.04407235E-02  4.78802947E-04
4.42696737E-01  2.91960016E-02  4.69015853E-04
4.42995352E-01  2.93545555E-02  4.71319712E-04
4.43293967E-01  2.94850618E-02  4.73720575E-04
4.43592582E-01  3.08003724E-02  4.84280172E-04
4.43891197E-01  2.96761356E-02  4.70812578E-04
4.44189812E-01  3.00700814E-02  4.78086469E-04
4.44488427E-01  2.93525755E-02  4.70077648E-04
4.44787042E-01  2.93825325E-02  4.72073298E-04
4.45085657E-01  2.99477782E-02  4.74823522E-04
4.45384272E-01  3.05079501E-02  4.79979120E-04
4.45682887E-01  3.08572594E-02  4.86137054E-04
4.45981502E-01  2.98682712E-02  4.73682012E-04
4.46280117E-01  2.99085695E-02  4.75038512E-04
4.46578732E-01  2.96081156E-02  4.72958607E-04
4.46877347E-01  3.03702038E-02  4.79955139E-04
4.47175962E-01  2.99463943E-02  4.81381110E-04
4.47474577E-01  2.99399514E-02  4.73333028E-04
4.47773192E-01  3.03174071E-02  4.78702539E-04
4.48071807E-01  2.93047931E-02  4.70642088E-04
4.48370422E-01  3.01114172E-02  4.78441420E-04
4.48669037E-01  2.97566988E-02  4.74364730E-04
4.48967652E-01  3.00012492E-02  4.75790905E-04
4.49266267E-01  2.98952069E-02  4.76936490E-04
4.49564882E-01  2.91907284E-02  4.71493287E-04
4.49863497E-01  3.01943757E-02  4.77534399E-04
4.50162112E-01  3.03162690E-02  4.80183342E-04
4.50460727E-01  3.00407298E-02  4.78103495E-04
4.50759342E-01  3.04424595E-02  4.81397728E-04
4.51057957E-01  3.00206803E-02  4.77421767E-04
4.51356572E-01  2.99296007E-02  4.73583845E-04
4.51655187E-01  2.99591422E-02  4.78199974E-04
4.51953802E-01  3.05161327E-02  4.80822491E-04
4.52252417E-01  3.07758283E-02  4.87707148E-04
4.52551032E-01  2.97399983E-02  4.73737455E-04
4.52849647E-01  3.08561847E-02  4.83606011E-04
4.53148262E-01  3.07048410E-02  4.82420495E-04
4.53446877E-01  2.91100815E-02  4.69212391E-04
4.53745492E-01  2.99676936E-02  4.77122434E-04
4.54044107E-01  2.95532532E-02  4.74754866E-04
4.54342722E-01  3.01770549E-02  4.79000882E-04
4.54641337E-01  3.04941107E-02  4.82576666E-04
4.54939952E-01  2.94685755E-02  4.72724088E-04
4.55238567E-01  2.96193548E-02  4.73621825E-04
4.55537182E-01  2.99973376E-02  4.79911338E-04
4.55835797E-01  3.03118024E-02  4.81139694E-04
4.56134412E-01  3.01671419E-02  4.78722912E-04
4.56433027E-01  2.96400543E-02  4.75047214E-04
4.56731642E-01  3.00387740E-02  4.77287191E-04
4.57030257E-01  3.02020367E-02  4.80488176E-04
4.57328872E-01  2.99265403E-02  4.77132853E-04
4.57627487E-01  3.00372355E-02  4.77805908E-04
4.57926102E-01  3.05642933E-02  4.82300267E-04
4.58224717E-01  3.09349895E-02  4.86938836E-04
4.58523332E-01  2.98853852E-02  4.77022695E-04
4.58821947E-01  2.97671426E-02  4.73270018E-04
4.59120562E-01  2.99526025E-02  4.79256967E-04
4.59419177E-01  2.95431744E-02  4.75760782E-04
4.59717792E-01  3.07403151E-02  4.85198689E-04
4.60016407E-01  2.93733645E-02  4.72719810E-04
4.60315022E-01  2.94652879E-02  4.72732208E-04
4.60613637E-01  3.07095442E-02  4.84532007E-04
4.60912252E-01  3.04321367E-02  4.83842829E-04
4.61210867E-01  2.97373943E-02  4.75752633E-04
4.61509482E-01  3.05379275E-02  4.87190206E-04
4.61808097E-01  2.94132959E-02  4.88933059E-04
4.62106712E-01  3.08780894E-02  5.03098010E-04
4.62405327E-01  3.10033131E-02  5.08729776E-04
4.62703942E-01  3.01876310E-02  5.01389266E-04
4.63002557E-01  3.06663271E-02  5.14619751E-04
4.63301172E-01  3.01262308E-02  5.11865481E-04
4.63599787E-01  3.18637975E-02  5.29228826E-04
4.63898402E-01  3.03845145E-02  5.19184861E-04
4.64197017E-01  3.00805792E-02  5.17248700E-04
4.64495632E-01  2.94664651E-02  5.18393528E-04
4.64794247E-01  3.07680666E-02  5.30562771E-04
4.65092862E-01  2.89670583E-02  5.12230210E-04
4.65391477E-01  2.94148680E-02  5.23930648E-04
4.65690092E-01  3.12646516E-02  5.40009758E-04
4.65988707E-01  3.06000356E-02  5.38920111E-04
4.66287322E-01  3.04321758E-02  5.37885877E-04
4.66585937E-01  2.99374461E-02  5.34086546E-04
4.66884552E-01  2.93351300E-02  5.35227067E-04
4.67183167E-01  3.01477779E-02  5.44908573E-04
4.67481782E-01  2.99959294E-02  5.36841224E-04
4.67780397E-01  3.06076109E-02  5.49995108E-04
4.68079012E-01  3.12176179E-02  5.57368621E-04
4.68377627E-01  2.96489615E-02  5.46344847E-04
4.68676242E-01  3.11738923E-02  5.61532273E-04
4.68974857E-01  3.02739237E-02  5.53369697E-04
4.69273472E-01  3.14091928E-02  5.69010852E-04
4.69572087E-01  3.05672288E-02  5.59666660E-04
4.69870702E-01  3.10509130E-02  5.66437666E-04
4.70169317E-01  3.02115493E-02  5.61595662E-04
4.70467932E-01  3.06861717E-02  5.67193667E-04
4.70766547E-01  2.96632927E-02  5.63509297E-04
4.71065162E-01  3.02763619E-02  5.69128664E-04
4.71363777E-01  2.96267178E-02  5.59193781E-04
4.71662392E-01  3.05284970E-02  5.74172649E-04
4.71961007E-01  3.14706974E-02  5.84799622E-04
4.72259622E-01  3.08635905E-02  5.83371206E-04
4.72558237E-01  3.00334599E-02  5.72195684E-04
4.72856852E-01  2.99305357E-02  5.62926347E-04
4.73155467E-01  3.03027146E-02  5.62126050E-04
4.73454082E-01  2.99955457E-02  5.52637561E-04
4.73752697E-01  3.08245402E-02  5.51671023E-04
4.74051312E-01  3.07612419E-02  5.51421952E-04
4.74349927E-01  3.07379793E-02  5.47932344E-04
4.74648542E-01  3.06188110E-02  5.47026168E-04
4.74947157E-01  3.00914403E-02  5.37004787E-04
4.75245772E-01  3.17206606E-02  5.50437195E-04
4.75544387E-01  3.08944955E-02  5.42175607E-04
4.75843002E-01  3.13851424E-02  5.47674485E-04
4.76141617E-01  2.95433495E-02  5.26720658E-04
4.76440232E-01  3.11663803E-02  5.41144982E-04
4.76738847E-01  3.06139924E-02  5.34299237E-04
4.77037462E-01  2.93124188E-02  5.23102528E-04
4.77336077E-01  3.05650681E-02  5.35323808E-04
4.77634692E-01  2.99813226E-02  5.25503070E-04
4.77933307E-01  2.99970917E-02  5.26345742E-04
4.78231922E-01  3.07094418E-02  5.29315788E-04
4.78530537E-01  2.93612648E-02  5.22561604E-04
4.78829152E-01  3.05083711E-02  5.24682284E-04
4.79127767E-01  3.15621942E-02  5.35491155E-04
4.79426382E-01  3.11157666E-02  5.34654129E-04
4.79724997E-01  3.07461377E-02  5.29084471E-04
4.80023612E-01  3.05287223E-02  5.25966578E-04
4.80322227E-01  3.11015788E-02  5.28666307E-04
4.80620842E-01  3.01961750E-02  5.23510680E-04
4.80919457E-01  3.05573903E-02  5.24982170E-04
4.81218072E-01  3.10789924E-02  5.28894016E-04
4.81516687E-01  3.06600574E-02  5.26280201E-04
4.81815302E-01  3.13294791E-02  5.26787713E-04
4.82113917E-01  3.05326506E-02  5.25878160E-04
4.82412532E-01  3.09766531E-02  5.25708077E-04
4.82711147E-01  3.09064966E-02  5.23763709E-04
4.83009762E-01  3.02433576E-02  5.19587076E-04
4.83308377E-01  3.07277236E-02  5.24819538E-04
4.83606992E-01  3.09236143E-02  5.23377850E-04
4.83905607E-01  3.12223136E-02  5.27527416E-04
4.84204222E-01  3.02486308E-02  5.16712142E-04
4.84502837E-01  3.11231166E-02  5.27510419E-04
4.84801452E-01  3.01694646E-02  5.17097942E-04
4.85100067E-01  3.08396071E-02  5.19359019E-04
4.85398682E-01  3.04708350E-02  5.19146270E-04
4.85697297E-01  3.09789181E-02  5.23191062E-04
4.85995912E-01  3.16965282E-02  5.30713471E-04
4.86294527E-01  3.09368800E-02  5.20186382E-04
4.86593142E-01  3.06657963E-02  5.19088644E-04
4.86891757E-01  3.03855091E-02  5.17767679E-04
4.87190372E-01  3.17564197E-02  5.29862766E-04
4.87488987E-01  3.06199118E-02  5.15440013E-04
4.87787602E-01  3.11679002E-02  5.23996772E-04
4.88086217E-01  2.95516048E-02  5.07777499E-04
4.88384832E-01  3.04405838E-02  5.16536005E-04
4.88683447E-01  3.06401253E-02  5.19548077E-04
4.88982062E-01  3.14914659E-02  5.23261377E-04
4.89280677E-01  3.10917236E-02  5.23233961E-04
4.89579292E-01  3.16193178E-02  5.25385723E-04
4.89877907E-01  3.02946791E-02  5.13616716E-04
4.90176522E-01  3.07321828E-02  5.16015571E-04
4.90475137E-01  3.13805118E-02  5.23008523E-04
4.90773752E-01  3.10461354E-02  5.19823574E-04
4.91072367E-01  3.08387317E-02  5.18609362E-04
4.91370982E-01  3.17615345E-02  5.24858595E-04
4.91669597E-01  3.08989789E-02  5.18596906E-04
4.91968212E-01  3.12602408E-02  5.22676331E-04
4.92266827E-01  3.14170159E-02  5.23326278E-04
4.92565442E-01  3.09172012E-02  5.16291533E-04
4.92864057E-01  3.04858498E-02  5.14350540E-04
4.93162672E-01  3.04369200E-02  5.14845713E-04
4.93461287E-01  3.09510026E-02  5.19177702E-04
4.93759902E-01  3.07256728E-02  5.13164792E-04
4.94058517E-01  3.16239335E-02  5.23084949E-04
4.94357132E-01  3.01450379E-02  5.09689795E-04
4.94655747E-01  3.12839523E-02  5.23292285E-04
4.94954362E-01  3.09980046E-02  5.14423300E-04
4.95252977E-01  3.00720800E-02  5.09842765E-04
4.95551592E-01  3.02713495E-02  5.13073697E-04
4.95850207E-01  3.07440329E-02  5.16287342E-04
4.96148822E-01  3.09407171E-02  5.14465326E-04
4.96447437E-01  3.11935116E-02  5.19531197E-04
4.96746052E-01  3.07485405E-02  5.14912943E-04
4.97044667E-01  3.05501968E-02  5.16614062E-04
4.97343282E-01  3.11503764E-02  5.15322376E-04
4.97641897E-01  3.03022247E-02  5.07510151E-04
4.97940512E-01  3.02061681E-02  5.11895458E-04
4.98239127E-01  3.05211041E-02  5.12760598E-04
4.98537742E-01  3.13441530E-02  5.20669855E-04
4.98836357E-01  3.09741646E-02  5.14381914E-04
4.99134972E-01  3.09009608E-02  5.15948399E-04
4.99433587E-01  3.04805338E-02  5.13968349E-04
4.99732202E-01  3.19753215E-02  5.23412484E-04
5.00030817E-01  3.06059737E-02  5.11451042E-04
5.00329432E-01  3.01914681E-02  5.09238918E-04
5.00628047E-01  3.14457901E-02  5.19711873E-04
5.00926662E-01  3.18631865E-02  5.26035845E-04
5.01225277E-01  3.06277145E-02  5.09754405E-04
5.01523892E-01  3.16757746E-02  5.18787303E-04
5.01822507E-01  3.06110121E-02  5.12394472E-04
5.02121122E-01  3.03092338E-02  5.11007209E-04
5.02419737E-01  3.04359142E-02  5.11185150E-04
5.02718352E-01  3.01743913E-02  5.08733850E-04
5.03016967E-01  3.08883954E-02  5.14592219E-04
5.03315582E-01  3.17304991E-02  5.22990711E-04
5.03614197E-01  3.12238280E-02  5.14709565E-04
5.03912812E-01  3.22375260E-02  5.25456620E-04
5.04211427E-01  3.09947245E-02  5.14085754E-04
5.04510042E-01  3.12850103E-02  5.19186258E-04
5.04808657E-01  3.06198355E-02  5.09341189E-04
5.05107272E-01  3.13377529E-02  5.18209476E-04
5.05405887E-01  3.07768267E-02  5.11528167E-04
5.05704502E-01  3.18062231E-02  5.24025352E-04
5.06003117E-01  3.09825521E-02  5.14379353E-04
5.06301732E-01  3.16432938E-02  5.19581023E-04
5.06600347E-01  3.09960470E-02  5.12348837E-04
5.06898962E-01  3.03476397E-02  5.10350801E-04
5.07197577E-01  3.04496512E-02  5.12356171E-04
5.07496192E-01  3.03546768E-02  5.05420147E-04
5.07794807E-01  3.06838378E-02  5.14841115E-04
5.08093422E-01  3.14448625E-02  5.17580251E-04
5.08392037E-01  3.15182991E-02  5.19211171E-04
5.08690652E-01  3.09507269E-02  5.11739578E-04
5.08989267E-01  3.10793724E-02  5.14570449E-04
5.09287882E-01  3.17931622E-02  5.22253104E-04
5.09586497E-01  2.98917852E-02  5.04399475E-04
5.09885112E-01  3.15137431E-02  5.17523556E-04
5.10183727E-01  3.06033809E-02  5.10624028E-04
5.10482342E-01  3.08568720E-02  5.11728926E-04
5.10780957E-01  3.00753452E-02  5.06703975E-04
5.11079572E-01  3.05610038E-02  5.09775069E-04
5.11378187E-01  3.13845426E-02  5.16727392E-04
5.11676802E-01  3.11643146E-02  5.18757210E-04
5.11975417E-01  3.13007422E-02  5.14650601E-04
5.12274032E-01  3.10028270E-02  5.12951694E-04
5.12572647E-01  3.10063381E-02  5.13361243E-04
5.12871262E-01  3.10577676E-02  5.13158797E-04
5.13169877E-01  3.10502872E-02  5.16787521E-04
5.13468492E-01  3.13176364E-02  5.12921601E-04
5.13767107E-01  3.06846984E-02  5.09574835E-04
5.14065722E-01  3.13751288E-02  5.18331712E-04
5.14364337E-01  3.06184571E-02  5.11160237E-04
5.14662952E-01  3.14688459E-02  5.17065229E-04
5.14961567E-01  3.09468061E-02  5.11255639E-04
5.15260182E-01  3.08270846E-02  5.13285922E-04
5.15558797E-01  3.11841760E-02  5.14475512E-04
5.15857412E-01  3.15962732E-02  5.17485139E-04
5.16156027E-01  3.04425955E-02  5.09076344E-04
5.16454642E-01  3.08563486E-02  5.12779050E-04
5.16753257E-01  2.95859668E-02  5.00881812E-04
5.17051872E-01  3.04783490E-02  5.10388345E-04
5.17350487E-01  3.08296978E-02  5.09808189E-04
5.17649102E-01  3.11064068E-02  5.13472070E-04
5.17947717E-01  3.09527665E-02  5.11703372E-04
5.18246332E-01  3.14560272E-02  5.16227854E-04
5.18544947E-01  3.02340779E-02  5.07723598E-04
5.18843562E-01  3.07146311E-02  5.12123981E-04
5.19142177E-01  3.06512788E-02  5.09090023E-04
5.19440792E-01  3.10676042E-02  5.12412866E-04
5.19739407E-01  3.11880261E-02  5.13909967E-04
5.20038022E-01  3.15823220E-02  5.19702036E-04
5.20336637E-01  3.13426144E-02  5.15060674E-04
5.20635252E-01  3.01347040E-02  5.04916941E-04
5.20933867E-01  3.12552936E-02  5.14599378E-04
5.21232482E-01  3.18046436E-02  5.18469722E-04
5.21531097E-01  3.05989292E-02  5.10549755E-04
5.21829712E-01  3.14216837E-02  5.16988628E-04
5.22128327E-01  3.17959748E-02  5.19295339E-04
5.22426942E-01  3.18808518E-02  5.17584500E-04
5.22725557E-01  3.08071692E-02  5.11538121E-04
5.23024172E-01  3.13383490E-02  5.14921034E-04
5.23322787E-01  3.08993626E-02  5.12433588E-04
5.23621402E-01  3.07212882E-02  5.09831065E-04
5.23920017E-01  3.15604582E-02  5.19553316E-04
5.24218632E-01  3.13684493E-02  5.13547275E-04
5.24517247E-01  3.08020003E-02  5.10257902E-04
5.24815862E-01  3.07724383E-02  5.12021303E-04
5.25114477E-01  3.00400238E-02  5.03542658E-04
5.25413092E-01  3.01537029E-02  5.05732489E-04
5.25711707E-01  3.07996720E-02  5.11625258E-04
5.26010322E-01  3.16728912E-02  5.16047759E-04
5.26308937E-01  3.11367866E-02  5.13414270E-04
5.26607552E-01  3.09779961E-02  5.11980557E-04
5.26906167E-01  3.07995491E-02  5.10007376E-04
5.27204782E-01  3.02399974E-02  5.08468715E-04
5.27503397E-01  3.08011621E-02  5.10524318E-04
5.27802012E-01  3.14430185E-02  5.15944848E-04
5.28100627E-01  3.16079520E-02  5.18441841E-04
5.28399242E-01  3.11036892E-02  5.09554287E-04
5.28697857E-01  3.14176418E-02  5.16502885E-04
5.28996472E-01  3.18519250E-02  5.19171532E-04
5.29295087E-01  3.06744985E-02  5.11241669E-04
5.29593702E-01  3.05897444E-02  5.07298915E-04
5.29892317E-01  3.05724256E-02  5.08271332E-04
5.30190932E-01  3.02386489E-02  5.07728779E-04
5.30489547E-01  3.11949942E-02  5.13676205E-04
5.30788162E-01  3.15118618E-02  5.15274005E-04
5.31086777E-01  3.03858314E-02  5.07347402E-04
5.31385392E-01  3.13329659E-02  5.12691622E-04
5.31684007E-01  3.12488340E-02  5.14632557E-04
5.31982622E-01  3.08526158E-02  5.11236663E-04
5.32281237E-01  3.14559154E-02  5.16086991E-04
5.32579852E-01  3.07911821E-02  5.11484279E-04
5.32878467E-01  3.10264155E-02  5.12430968E-04
5.33177082E-01  3.08172517E-02  5.11705526E-04
5.33475697E-01  3.06444541E-02  5.06675628E-04
5.33774312E-01  3.03183664E-02  5.05938951E-04
5.34072927E-01  3.04924976E-02  5.10768557E-04
5.34371542E-01  3.19148190E-02  5.17454464E-04
5.34670157E-01  3.16747762E-02  5.14510146E-04
5.34968772E-01  3.01452894E-02  5.06733020E-04
5.35267387E-01  3.07166371E-02  5.09263249E-04
5.35566002E-01  3.21828984E-02  5.23454859E-04
5.35864617E-01  3.03158835E-02  5.04215364E-04
5.36163232E-01  3.11889146E-02  5.14553685E-04
5.36461847E-01  3.10010258E-02  5.12501167E-04
5.36760462E-01  3.14626694E-02  5.15296997E-04
5.37059077E-01  3.08596566E-02  5.09468373E-04
5.37357692E-01  3.09039187E-02  5.13215375E-04
5.37656307E-01  3.13339792E-02  5.12502389E-04
5.37954922E-01  3.10762115E-02  5.16432745E-04
5.38253537E-01  3.07460856E-02  5.04508964E-04
5.38552152E-01  3.14913094E-02  5.15420572E-04
5.38850767E-01  3.04275062E-02  5.08255791E-04
5.39149382E-01  3.07891164E-02  5.11520542E-04
5.39447997E-01  3.08932420E-02  5.10510057E-04
5.39746612E-01  3.09908707E-02  5.12193365E-04
5.40045227E-01  3.03410739E-02  5.05193661E-04
5.40343842E-01  3.00934110E-02  5.05718053E-04
5.40642457E-01  3.10616307E-02  5.11410821E-04
5.40941072E-01  3.13629471E-02  5.13388426E-04
5.41239687E-01  3.14688347E-02  5.19454596E-04
5.41538302E-01  3.04907560E-02  5.07685938E-04
5.41836917E-01  3.00434884E-02  5.03459305E-04
5.42135532E-01  3.05630323E-02  5.04365191E-04
5.42434147E-01  3.04578245E-02  5.07418998E-04
5.42732762E-01  3.14370394E-02  5.17031411E-04
5.43031377E-01  3.04413196E-02  5.10412792E-04
5.43329992E-01  3.09768897E-02  5.08022727E-04
5.43628607E-01  3.04251797E-02  5.07156772E-04
5.43927222E-01  3.07626817E-02  5.10588347E-04
5.44225837E-01  3.04348059E-02  5.08235942E-04
5.44524452E-01  3.15077081E-02  5.13356412E-04
5.44823067E-01  3.10551990E-02  5.12766535E-04
5.45121682E-01  3.15371491E-02  5.16101660E-04
5.45420297E-01  3.03170346E-02  5.06269280E-04
5.45718912E-01  3.05168759E-02  5.06578304E-04
5.46017527E-01  3.08116917E-02  5.10138518E-04
5.46316142E-01  3.10083628E-02  5.11018909E-04
5.46614757E-01  3.17813158E-02  5.20655478E-04
5.46913372E-01  2.95576733E-02  4.96995810E-04
5.47211987E-01  3.11406050E-02  5.12989296E-04
5.47510602E-01  2.96450462E-02  5.01379312E-04
5.47809217E-01  3.07506640E-02  5.08779543E-04
5.48107832E-01  3.07280980E-02  5.11212798E-04
5.48406447E-01  2.98964418E-02  5.01912145E-04
5.48705062E-01  2.99112108E-02  5.00820868E-04
5.49003677E-01  3.05810161E-02  5.10748767E-04
5.49302292E-01  3.03371120E-02  5.03040035E-04
5.49600907E-01  3.08985021E-02  5.12137660E-04
5.49899522E-01  3.08548771E-02  5.10154816E-04
5.50198137E-01  3.04766949E-02  5.08510217E-04
5.50496752E-01  3.14153135E-02  5.14521438E-04
5.50795367E-01  3.06176841E-02  5.06718119E-04
5.51093982E-01  3.07088736E-02  5.09204518E-04
5.51392597E-01  3.06795929E-02  5.10335201E-04
5.51691212E-01  3.07151843E-02  5.08889556E-04
5.51989827E-01  3.11320182E-02  5.12084109E-04
5.52288442E-01  3.13645750E-02  5.11635910E-04
5.52587057E-01  3.04668471E-02  5.06096578E-04
5.52885672E-01  3.06145810E-02  5.07571211E-04
5.53184287E-01  3.12486496E-02  5.10697020E-04
5.53482902E-01  3.04272231E-02  5.04673051E-04
5.53781517E-01  3.18048000E-02  5.17099979E-04
5.54080132E-01  3.06422841E-02  5.07194665E-04
5.54378747E-01  3.06245442E-02  5.02921001E-04
5.54677362E-01  3.11283506E-02  5.09479956E-04
5.54975977E-01  3.05760242E-02  5.06653509E-04
5.55274592E-01  3.12273912E-02  5.10417798E-04
5.55573207E-01  3.07136793E-02  5.00685186E-04
5.55871822E-01  3.09044886E-02  5.05951582E-04
5.56170437E-01  3.05520315E-02  5.04389754E-04
5.56469052E-01  3.05759031E-02  5.05197095E-04
5.56767667E-01  3.18080932E-02  5.12567291E-04
5.57066282E-01  3.08477208E-02  5.05496573E-04
5.57364897E-01  3.13261300E-02  5.05786738E-04
5.57663512E-01  3.02767996E-02  5.00323367E-04
5.57962127E-01  3.09548080E-02  5.04214200E-04
5.58260742E-01  3.01964674E-02  4.95423621E-04
5.58559357E-01  3.12869921E-02  5.09827980E-04
5.58857972E-01  3.03690806E-02  5.01574483E-04
5.59156587E-01  2.98966076E-02  4.92964929E-04
5.59455202E-01  3.09017580E-02  5.04153257E-04
5.59753817E-01  3.05297449E-02  4.98748210E-04
5.60052432E-01  3.05356756E-02  5.00450376E-04
5.60351047E-01  3.05346455E-02  4.99028072E-04
5.60649662E-01  3.14493813E-02  5.04434574E-04
5.60948277E-01  3.05281729E-02  4.97925794E-04
5.61246892E-01  3.09532378E-02  5.02326177E-04
5.61545507E-01  3.09639014E-02  5.01707022E-04
5.61844122E-01  3.11754756E-02  5.00492111E-04
5.62142737E-01  3.10255010E-02  5.03631542E-04
5.62441352E-01  3.17694321E-02  5.06064913E-04
5.62739967E-01  3.15914154E-02  5.04061289E-04
5.63038582E-01  3.11039519E-02  5.01676637E-04
5.63337197E-01  3.06528900E-02  4.96407156E-04
5.63635812E-01  3.11954319E-02  5.04664204E-04
5.63934427E-01  3.14021073E-02  5.01743751E-04
5.64233042E-01  2.99410075E-02  4.88804304E-04
5.64531657E-01  3.05078682E-02  4.95817163E-04
5.64830272E-01  3.04514933E-02  4.94900974E-04
5.65128887E-01  3.06919832E-02  4.97431727E-04
5.65427502E-01  2.95310076E-02  4.84897406E-04
5.65726117E-01  3.02575119E-02  4.92529536E-04
5.66024732E-01  3.07620689E-02  4.96162393E-04
5.66323347E-01  3.06349415E-02  4.95596847E-04
5.66621962E-01  3.02395578E-02  4.88115882E-04
5.66920577E-01  2.97020599E-02  4.87771817E-04
5.67219192E-01  3.06667648E-02  4.96436551E-04
5.67517807E-01  3.06386352E-02  4.95981192E-04
5.67816422E-01  3.12692448E-02  4.94905282E-04
5.68115037E-01  3.03179789E-02  4.90661827E-04
5.68413652E-01  2.98944823E-02  4.87784797E-04
5.68712267E-01  2.97674369E-02  4.86749632E-04
5.69010882E-01  3.09976283E-02  4.95344226E-04
5.69309497E-01  3.00734583E-02  4.88241494E-04
5.69608112E-01  3.12200990E-02  4.98263573E-04
5.69906727E-01  3.04641034E-02  4.90845996E-04
5.70205342E-01  3.00042666E-02  4.85140248E-04
5.70503957E-01  3.10537666E-02  4.97513392E-04
5.70802572E-01  3.02552916E-02  4.89839818E-04
5.71101187E-01  2.93964576E-02  4.84060380E-04
5.71399802E-01  2.99543496E-02  4.86179662E-04
5.71698417E-01  3.00742351E-02  4.87932732E-04
5.71997032E-01  3.07194963E-02  4.95411281E-04
5.72295647E-01  3.11273895E-02  4.98117937E-04
5.72594262E-01  3.02790459E-02  4.89263504E-04
5.72892877E-01  3.04883551E-02  4.87517362E-04
5.73191492E-01  3.04266494E-02  4.92034073E-04
5.73490107E-01  2.99518649E-02  4.89307684E-04
5.73788722E-01  3.03811133E-02  4.90209262E-04
5.74087337E-01  3.04056518E-02  4.91758808E-04
5.74385952E-01  3.00487019E-02  4.90105478E-04
5.74684567E-01  2.95379087E-02  4.85141529E-04
5.74983182E-01  3.02046742E-02  4.88125486E-04
5.75281797E-01  3.05272546E-02  4.89392318E-04
5.75580412E-01  3.09184548E-02  4.96814260E-04
5.75879027E-01  3.01098097E-02  4.88702906E-04
5.76177642E-01  3.10424790E-02  4.97013796E-04
5.76476257E-01  3.01352181E-02  4.87576384E-04
5.76774872E-01  2.98109576E-02  4.87396144E-04
5.77073487E-01  3.18073817E-02  5.03107556E-04
5.77372102E-01  2.95184962E-02  4.85675031E-04
5.77670717E-01  3.05564366E-02  4.90870443E-04
5.77969332E-01  3.03539410E-02  4.90922481E-04
5.78267947E-01  3.01430393E-02  4.90341452E-04
5.78566562E-01  3.06483414E-02  4.93302476E-04
5.78865177E-01  3.06517165E-02  4.91198269E-04
5.79163792E-01  3.07511985E-02  4.94701788E-04
5.79462407E-01  3.05362381E-02  4.92519990E-04
5.79761022E-01  3.04081477E-02  4.93415166E-04
5.80059637E-01  3.17629091E-02  4.99352638E-04
5.80358252E-01  3.08178943E-02  4.95134445E-04
5.80656867E-01  2.99613811E-02  4.89332539E-04
5.80955482E-01  3.09367012E-02  4.97235858E-04


### HEADER:
#
#{
#    "analysis": {},
#    "calibration_params": {
#        "Beam_Center_X": 1061.0,
#        "Beam_Center_Y": 2093.0,
#        "Detector Tilt": 0.0,
#        "Detector Tilt Plane Rotation": 0.0,
#        "Detector_X_Pixel_Size": 75.0,
#        "Detector_Y_Pixel_Size": 75.0,
#        "Integration Method": "nosplit_csr",
#        "Radial_Average_Method": "pyFAI",
#        "Sample-to-detector distance (mm)": 1782.0,
#        "Wavelength (A)": 0.8823505857220345
#    },
#    "config_file": "/Users/jwinnikoff/Documents/MBARI/SAXS/HPSAXS_7A_Feb2023/HPSAXS_02_19_23.cfg",
#    "counters": {
#        "Epoch": "693.084",
#        "I1": "0",
#        "I2": "0",
#        "I3": "0",
#        "Seconds": "1",
#        "Time": "1.19209e-05",
#        "date": "Mon Feb 20 20:30:45 2023",
#        "diode": "45249"
#    },
#    "filename": "JWL0312_04-80C_000MPa_rh_33_data_000001_00001.h5",
#    "history": {},
#    "imageHeader": {},
#    "load_path": "/Users/jwinnikoff/Documents/MBARI/SAXS/HPSAXS_7A_Feb2023/JWL0312_BL21_pPlsAR/JWL0312_04-80C_000MPa_rh_33_data_000001.h5",
#    "normalizations": {
#        "Absolute_scale": {
#            "Absolute_scale_factor": 0.005174693841759343,
#            "Method": "Water"
#        },
#        "Counter_norms": [
#            [
#                "/",
#                "diode/150000"
#            ]
#        ],
#        "Polarization": {
#            "Used": false
#        },
#        "Solid_Angle_Correction": "On"
#    },
#    "raw_version": "2.1.4"
#}

