### DATA:
#
# 1908
#      Q             I(Q)           Error     
1.14966775E-02  0.00000000E+00  0.00000000E+00
1.17952925E-02  4.12482262E-01  2.29511280E-02
1.20939075E-02  4.30999339E-01  1.65891722E-02
1.23925225E-02  3.88644427E-01  1.28622530E-02
1.26911375E-02  3.60950381E-01  1.16435606E-02
1.29897525E-02  3.51539612E-01  1.11670233E-02
1.32883675E-02  3.42507660E-01  1.05902068E-02
1.35869825E-02  3.00252080E-01  9.44300927E-03
1.38855975E-02  2.97627777E-01  8.80725123E-03
1.41842125E-02  2.72796869E-01  8.60939268E-03
1.44828275E-02  2.59132177E-01  8.30313098E-03
1.47814425E-02  2.55908370E-01  8.00495781E-03
1.50800575E-02  2.38922223E-01  7.44815776E-03
1.53786725E-02  2.31720701E-01  6.90857647E-03
1.56772875E-02  2.13328287E-01  6.68284437E-03
1.59759025E-02  2.04326272E-01  6.10541506E-03
1.62745175E-02  1.98827967E-01  5.93847129E-03
1.65731325E-02  1.88819468E-01  5.86916879E-03
1.68717475E-02  1.84016883E-01  5.32098580E-03
1.71703625E-02  1.71804547E-01  5.40865213E-03
1.74689775E-02  1.65289745E-01  4.89760842E-03
1.77675925E-02  1.60121351E-01  4.74030664E-03
1.80662075E-02  1.49748355E-01  4.77137929E-03
1.83648225E-02  1.54227421E-01  4.35177842E-03
1.86634375E-02  1.53513968E-01  4.54270840E-03
1.89620525E-02  1.32239610E-01  3.97275388E-03
1.92606675E-02  1.31633729E-01  4.02040454E-03
1.95592825E-02  1.28706008E-01  4.01422987E-03
1.98578975E-02  1.28670275E-01  3.71593959E-03
2.01565125E-02  1.21952035E-01  3.74572701E-03
2.04551275E-02  1.20204426E-01  3.49042355E-03
2.07537425E-02  1.21029116E-01  3.42185190E-03
2.10523575E-02  1.16659902E-01  3.17273126E-03
2.13509725E-02  1.12425722E-01  2.92335520E-03
2.16495875E-02  1.10400356E-01  2.88832048E-03
2.19482025E-02  1.09294541E-01  2.66176485E-03
2.22468175E-02  1.09897099E-01  2.79228995E-03
2.25454325E-02  1.04312204E-01  2.49496475E-03
2.28440475E-02  1.02163941E-01  2.52893427E-03
2.31426625E-02  1.00589536E-01  2.42191157E-03
2.34412775E-02  9.41891968E-02  2.25284020E-03
2.37398925E-02  9.75202471E-02  2.37925048E-03
2.40385075E-02  9.14963707E-02  2.16623931E-03
2.43371225E-02  9.10861120E-02  2.16137781E-03
2.46357375E-02  8.92313346E-02  2.19738972E-03
2.49343525E-02  8.57729465E-02  2.04861048E-03
2.52329675E-02  8.16344395E-02  2.09733145E-03
2.55315825E-02  8.57045203E-02  2.01337482E-03
2.58301975E-02  8.03061798E-02  1.95985357E-03
2.61288125E-02  7.91263506E-02  2.01046001E-03
2.64274275E-02  7.58616030E-02  1.84371392E-03
2.67260425E-02  7.73190632E-02  1.96011597E-03
2.70246575E-02  7.46620744E-02  1.80393714E-03
2.73232725E-02  7.23511279E-02  1.83299626E-03
2.76218875E-02  7.29406029E-02  1.86781737E-03
2.79205025E-02  7.32978657E-02  1.80283049E-03
2.82191175E-02  6.78603053E-02  1.72867952E-03
2.85177325E-02  6.73436448E-02  1.69314200E-03
2.88163475E-02  6.82004839E-02  1.75741769E-03
2.91149625E-02  6.24863207E-02  1.63366424E-03
2.94135775E-02  6.68162331E-02  1.66988396E-03
2.97121925E-02  6.67382032E-02  1.68271339E-03
3.00108075E-02  6.37341961E-02  1.58988091E-03
3.03094225E-02  6.65372089E-02  1.69717905E-03
3.06080375E-02  6.34883717E-02  1.60434702E-03
3.09066525E-02  6.16065934E-02  1.55828788E-03
3.12052675E-02  6.07548617E-02  1.59495091E-03
3.15038825E-02  6.06702715E-02  1.52536121E-03
3.18024975E-02  5.96623905E-02  1.53587561E-03
3.21011125E-02  5.74865900E-02  1.45874987E-03
3.23997275E-02  5.91521636E-02  1.44059479E-03
3.26983425E-02  5.80745786E-02  1.43932493E-03
3.29969575E-02  5.56688160E-02  1.33150036E-03
3.32955725E-02  5.51592931E-02  1.32539321E-03
3.35941875E-02  5.69325164E-02  1.28401059E-03
3.38928025E-02  5.50123714E-02  1.29954517E-03
3.41914175E-02  5.57636246E-02  1.26932363E-03
3.44900325E-02  5.67271933E-02  1.27164170E-03
3.47886474E-02  5.48812076E-02  1.22902601E-03
3.50872624E-02  5.15069664E-02  1.16820179E-03
3.53858774E-02  5.23516946E-02  1.21485593E-03
3.56844924E-02  5.30638807E-02  1.17600756E-03
3.59831074E-02  5.09823821E-02  1.13322167E-03
3.62817224E-02  5.21143526E-02  1.17385387E-03
3.65803374E-02  5.37665635E-02  1.15580251E-03
3.68789524E-02  5.14814928E-02  1.16912846E-03
3.71775674E-02  5.22995368E-02  1.15117943E-03
3.74761824E-02  5.20195104E-02  1.11747242E-03
3.77747974E-02  5.30946814E-02  1.13430503E-03
3.80734124E-02  4.96513471E-02  1.07963232E-03
3.83720274E-02  5.00817709E-02  1.11986243E-03
3.86706424E-02  5.15151955E-02  1.08195597E-03
3.89692574E-02  4.93485667E-02  1.09045953E-03
3.92678724E-02  4.96155918E-02  1.10175298E-03
3.95664874E-02  4.79703583E-02  1.04406814E-03
3.98651024E-02  4.88071293E-02  1.05407345E-03
4.01637174E-02  4.89257760E-02  1.03792432E-03
4.04623324E-02  4.94784378E-02  1.08073780E-03
4.07609474E-02  4.66875024E-02  1.01303251E-03
4.10595624E-02  4.90925610E-02  1.05999061E-03
4.13581774E-02  4.96941805E-02  1.04694755E-03
4.16567924E-02  4.73562963E-02  1.00147887E-03
4.19554074E-02  4.55721617E-02  1.01047172E-03
4.22540224E-02  4.76650521E-02  1.02535135E-03
4.25526374E-02  4.65335846E-02  9.99394339E-04
4.28512524E-02  4.54655848E-02  9.91196837E-04
4.31498674E-02  4.73687947E-02  9.99956043E-04
4.34484824E-02  4.78295572E-02  1.03610707E-03
4.37470974E-02  4.80815470E-02  9.94388713E-04
4.40457124E-02  4.63079549E-02  9.80625511E-04
4.43443274E-02  4.75678034E-02  1.01299852E-03
4.46429424E-02  4.83195372E-02  9.98456962E-04
4.49415574E-02  4.69957367E-02  1.01637642E-03
4.52401724E-02  4.92971279E-02  9.94937611E-04
4.55387874E-02  4.69378605E-02  9.86472704E-04
4.58374024E-02  4.68757004E-02  9.85819730E-04
4.61360174E-02  4.42355424E-02  9.43963474E-04
4.64346324E-02  4.70437445E-02  9.92431073E-04
4.67332474E-02  4.71352562E-02  9.62344930E-04
4.70318624E-02  4.71052639E-02  9.90647473E-04
4.73304774E-02  4.66352627E-02  9.80113167E-04
4.76290924E-02  4.66235876E-02  9.59324942E-04
4.79277074E-02  4.70680706E-02  9.57982964E-04
4.82263224E-02  4.68340479E-02  9.49100533E-04
4.85249374E-02  4.69366573E-02  9.79335862E-04
4.88235524E-02  4.78190891E-02  9.64125851E-04
4.91221674E-02  4.80888747E-02  9.61009006E-04
4.94207824E-02  4.90446165E-02  9.80892335E-04
4.97193974E-02  4.71873246E-02  9.44881060E-04
5.00180124E-02  4.88265119E-02  9.87856649E-04
5.03166274E-02  4.76894006E-02  9.48491215E-04
5.06152424E-02  4.61131781E-02  9.35452874E-04
5.09138574E-02  4.92384136E-02  9.78332479E-04
5.12124724E-02  4.88736667E-02  9.49047913E-04
5.15110874E-02  4.70953509E-02  9.48185858E-04
5.18097024E-02  4.65995222E-02  9.29391768E-04
5.21083174E-02  4.88673970E-02  9.50360787E-04
5.24069324E-02  4.83089536E-02  9.45599808E-04
5.27055474E-02  4.65724729E-02  9.22453240E-04
5.30041624E-02  4.87323068E-02  9.61655402E-04
5.33027774E-02  4.88029309E-02  9.40258149E-04
5.36013924E-02  4.91798930E-02  9.49284353E-04
5.39000074E-02  4.91548069E-02  9.33113508E-04
5.41986224E-02  4.89662662E-02  9.49951005E-04
5.44972374E-02  4.79062870E-02  9.27643268E-04
5.47958524E-02  4.93320823E-02  9.34796000E-04
5.50944674E-02  4.91855815E-02  9.47982422E-04
5.53930824E-02  4.95134071E-02  9.30085545E-04
5.56916974E-02  4.94267866E-02  9.24228516E-04
5.59903124E-02  4.97889556E-02  9.47030552E-04
5.62889274E-02  4.92762439E-02  9.21574654E-04
5.65875424E-02  5.06394617E-02  9.51070164E-04
5.68861574E-02  5.09998947E-02  9.37555043E-04
5.71847724E-02  5.13242073E-02  9.34248965E-04
5.74833874E-02  5.19549884E-02  9.50148853E-04
5.77820024E-02  5.27653545E-02  9.46016866E-04
5.80806174E-02  5.20659648E-02  9.63029335E-04
5.83792324E-02  5.24612218E-02  9.32211347E-04
5.86778474E-02  5.33432141E-02  9.54996678E-04
5.89764624E-02  5.67471758E-02  9.95717710E-04
5.92750774E-02  5.41105010E-02  9.32939700E-04
5.95736924E-02  5.32920882E-02  9.54540446E-04
5.98723074E-02  5.44639528E-02  9.44951142E-04
6.01709224E-02  5.71699552E-02  9.66901309E-04
6.04695374E-02  5.74303679E-02  9.84343817E-04
6.07681524E-02  5.72495572E-02  9.72569163E-04
6.10667674E-02  5.80152571E-02  9.84158018E-04
6.13653824E-02  5.47541566E-02  9.34365846E-04
6.16639974E-02  5.63199036E-02  9.59688565E-04
6.19626124E-02  5.86942881E-02  9.80966841E-04
6.22612274E-02  5.87753542E-02  9.63271537E-04
6.25598424E-02  6.01674169E-02  9.95761715E-04
6.28584574E-02  5.89798279E-02  9.69753484E-04
6.31570724E-02  5.98992668E-02  9.85937659E-04
6.34556874E-02  6.19071908E-02  9.75430594E-04
6.37543024E-02  6.22962229E-02  9.91706504E-04
6.40529174E-02  6.32587746E-02  1.01321086E-03
6.43515324E-02  6.34377375E-02  9.95231792E-04
6.46501474E-02  6.69220164E-02  1.04412809E-03
6.49487624E-02  6.45547211E-02  9.87786800E-04
6.52473774E-02  6.49968460E-02  9.99478507E-04
6.55459924E-02  6.87609911E-02  1.03933096E-03
6.58446074E-02  6.71640784E-02  1.01600611E-03
6.61432224E-02  7.13218227E-02  1.05850887E-03
6.64418374E-02  7.09553510E-02  1.02952844E-03
6.67404524E-02  7.34273717E-02  1.06104941E-03
6.70390674E-02  7.35357180E-02  1.06696831E-03
6.73376824E-02  7.50612393E-02  1.04973058E-03
6.76362974E-02  7.68478364E-02  1.08809897E-03
6.79349124E-02  7.78549314E-02  1.07093633E-03
6.82335274E-02  7.91568607E-02  1.08740572E-03
6.85321424E-02  8.03187266E-02  1.10839820E-03
6.88307574E-02  8.49218741E-02  1.11719966E-03
6.91293724E-02  8.66018161E-02  1.14546251E-03
6.94279874E-02  8.55659619E-02  1.11124630E-03
6.97266024E-02  8.81053060E-02  1.14722783E-03
7.00252174E-02  9.08894837E-02  1.15578994E-03
7.03238324E-02  9.44532603E-02  1.16885430E-03
7.06224474E-02  9.52324718E-02  1.19133701E-03
7.09210624E-02  9.92569551E-02  1.20093313E-03
7.12196774E-02  1.01439998E-01  1.21131563E-03
7.15182924E-02  1.03727646E-01  1.19806326E-03
7.18169074E-02  1.05681196E-01  1.24201959E-03
7.21155224E-02  1.11152008E-01  1.26941781E-03
7.24141374E-02  1.15194179E-01  1.28502201E-03
7.27127524E-02  1.20661937E-01  1.30930170E-03
7.30113674E-02  1.22826807E-01  1.31082861E-03
7.33099824E-02  1.26337111E-01  1.33676967E-03
7.36085974E-02  1.31624892E-01  1.36901462E-03
7.39072124E-02  1.37436613E-01  1.37313094E-03
7.42058274E-02  1.41697571E-01  1.42361096E-03
7.45044424E-02  1.47552207E-01  1.42737513E-03
7.48030574E-02  1.56122774E-01  1.47786294E-03
7.51016724E-02  1.60709232E-01  1.49777497E-03
7.54002874E-02  1.69528842E-01  1.51371071E-03
7.56989024E-02  1.74057990E-01  1.56044646E-03
7.59975174E-02  1.85559854E-01  1.58534478E-03
7.62961324E-02  1.95267856E-01  1.63148635E-03
7.65947474E-02  2.04590455E-01  1.66465784E-03
7.68933624E-02  2.15979263E-01  1.71218091E-03
7.71919774E-02  2.28990540E-01  1.78204104E-03
7.74905924E-02  2.41790071E-01  1.79079187E-03
7.77892074E-02  2.57493079E-01  1.85965281E-03
7.80878224E-02  2.70694554E-01  1.89088960E-03
7.83864374E-02  2.90662616E-01  1.95635948E-03
7.86850524E-02  3.10555935E-01  2.05531018E-03
7.89836674E-02  3.31226826E-01  2.09599454E-03
7.92822824E-02  3.57021570E-01  2.15822505E-03
7.95808974E-02  3.82437617E-01  2.21347110E-03
7.98795124E-02  4.15865481E-01  2.35346961E-03
8.01781274E-02  4.41559702E-01  2.44557299E-03
8.04767424E-02  4.78842765E-01  2.48178374E-03
8.07753574E-02  5.17290235E-01  2.60587223E-03
8.10739724E-02  5.60294926E-01  2.68188096E-03
8.13725874E-02  6.13132477E-01  2.79427855E-03
8.16712024E-02  6.67001426E-01  2.96208216E-03
8.19698174E-02  7.29300082E-01  3.01758107E-03
8.22684324E-02  7.90797114E-01  3.20879510E-03
8.25670474E-02  8.63903642E-01  3.31355282E-03
8.28656624E-02  9.47191656E-01  3.49403033E-03
8.31642774E-02  1.02957916E+00  3.59242479E-03
8.34628924E-02  1.13349998E+00  3.77307553E-03
8.37615074E-02  1.23290634E+00  3.99440434E-03
8.40601224E-02  1.35678923E+00  4.10387758E-03
8.43587374E-02  1.47861362E+00  4.30091331E-03
8.46573524E-02  1.61482477E+00  4.47280426E-03
8.49559674E-02  1.73674166E+00  4.67039878E-03
8.52545824E-02  1.88991833E+00  4.88161994E-03
8.55531974E-02  2.02933073E+00  4.97565838E-03
8.58518124E-02  2.18148685E+00  5.18363900E-03
8.61504274E-02  2.32572937E+00  5.29638771E-03
8.64490424E-02  2.46458888E+00  5.54190157E-03
8.67476574E-02  2.58731151E+00  5.66716027E-03
8.70462724E-02  2.69520831E+00  5.68819558E-03
8.73448874E-02  2.78049421E+00  5.82143199E-03
8.76435024E-02  2.85401511E+00  5.83968079E-03
8.79421174E-02  2.88594508E+00  5.96793415E-03
8.82407324E-02  2.88623738E+00  5.94530813E-03
8.85393474E-02  2.87306619E+00  5.84822102E-03
8.88379624E-02  2.82057405E+00  5.83824655E-03
8.91365774E-02  2.73878336E+00  5.67826256E-03
8.94351924E-02  2.64839029E+00  5.62540768E-03
8.97338074E-02  2.51617026E+00  5.45267202E-03
9.00324224E-02  2.38089752E+00  5.28942095E-03
9.03310374E-02  2.22027278E+00  5.16522722E-03
9.06296524E-02  2.06441116E+00  4.92081884E-03
9.09282674E-02  1.89948118E+00  4.71583614E-03
9.12268824E-02  1.74482858E+00  4.51152399E-03
9.15254974E-02  1.58614421E+00  4.28585894E-03
9.18241124E-02  1.43400514E+00  4.13556909E-03
9.21227274E-02  1.30341232E+00  3.90646141E-03
9.24213424E-02  1.17135131E+00  3.64042376E-03
9.27199574E-02  1.05146194E+00  3.48005979E-03
9.30185724E-02  9.47486401E-01  3.30949249E-03
9.33171874E-02  8.50864708E-01  3.16790701E-03
9.36158024E-02  7.61322379E-01  2.89417617E-03
9.39144174E-02  6.83753908E-01  2.81396881E-03
9.42130324E-02  6.23560309E-01  2.67275586E-03
9.45116474E-02  5.64028502E-01  2.53065024E-03
9.48102624E-02  5.16595602E-01  2.43274239E-03
9.51088774E-02  4.66323197E-01  2.26704613E-03
9.54074924E-02  4.27710801E-01  2.19981978E-03
9.57061074E-02  3.94309551E-01  2.10658996E-03
9.60047224E-02  3.66493553E-01  2.03272165E-03
9.63033374E-02  3.40159088E-01  1.93959079E-03
9.66019524E-02  3.17982107E-01  1.88511843E-03
9.69005674E-02  2.97589421E-01  1.81890291E-03
9.71991824E-02  2.82307953E-01  1.76698039E-03
9.74977974E-02  2.67230153E-01  1.71322504E-03
9.77964124E-02  2.50612974E-01  1.65342784E-03
9.80950274E-02  2.36057833E-01  1.61577354E-03
9.83936424E-02  2.30207890E-01  1.59631972E-03
9.86922574E-02  2.15201706E-01  1.54208031E-03
9.89908724E-02  2.04081118E-01  1.48572994E-03
9.92894874E-02  1.99631706E-01  1.46511034E-03
9.95881024E-02  1.86125129E-01  1.42613100E-03
9.98867174E-02  1.85735568E-01  1.42953894E-03
1.00185332E-01  1.77733302E-01  1.36697700E-03
1.00483947E-01  1.71272933E-01  1.36339432E-03
1.00782562E-01  1.64983332E-01  1.32194115E-03
1.01081177E-01  1.60952210E-01  1.31888175E-03
1.01379792E-01  1.53515384E-01  1.28317706E-03
1.01678407E-01  1.51862904E-01  1.26254675E-03
1.01977022E-01  1.50705829E-01  1.27138302E-03
1.02275637E-01  1.43208861E-01  1.23935787E-03
1.02574252E-01  1.43303707E-01  1.23459718E-03
1.02872867E-01  1.38101876E-01  1.19907397E-03
1.03171482E-01  1.34873509E-01  1.18401239E-03
1.03470097E-01  1.32946998E-01  1.17744459E-03
1.03768712E-01  1.28274575E-01  1.16709748E-03
1.04067327E-01  1.27631187E-01  1.14344491E-03
1.04365942E-01  1.26968637E-01  1.15349796E-03
1.04664557E-01  1.23025864E-01  1.13451760E-03
1.04963172E-01  1.19022071E-01  1.10776932E-03
1.05261787E-01  1.19363189E-01  1.11205259E-03
1.05560402E-01  1.17568068E-01  1.09220436E-03
1.05859017E-01  1.16136827E-01  1.09960104E-03
1.06157632E-01  1.13789104E-01  1.08140323E-03
1.06456247E-01  1.12031914E-01  1.07302191E-03
1.06754862E-01  1.11348771E-01  1.05706626E-03
1.07053477E-01  1.10804893E-01  1.06117234E-03
1.07352092E-01  1.08183093E-01  1.04854384E-03
1.07650707E-01  1.08264096E-01  1.04977272E-03
1.07949322E-01  1.05373509E-01  1.03401823E-03
1.08247937E-01  1.06868006E-01  1.04049989E-03
1.08546552E-01  1.04761101E-01  1.03430240E-03
1.08845167E-01  1.00726061E-01  9.97581170E-04
1.09143782E-01  1.00711517E-01  1.00928755E-03
1.09442397E-01  9.92588773E-02  9.89526045E-04
1.09741012E-01  1.00997716E-01  1.00125419E-03
1.10039627E-01  1.00142077E-01  1.00484304E-03
1.10338242E-01  9.97995138E-02  9.96849383E-04
1.10636857E-01  9.81871635E-02  9.76660405E-04
1.10935472E-01  9.91440564E-02  9.80663463E-04
1.11234087E-01  9.61235017E-02  9.74530645E-04
1.11532702E-01  9.44955125E-02  9.65497340E-04
1.11831317E-01  9.54564437E-02  9.65191750E-04
1.12129932E-01  9.57540646E-02  9.68547829E-04
1.12428547E-01  9.42810103E-02  9.60701611E-04
1.12727162E-01  9.64539275E-02  9.67640663E-04
1.13025777E-01  9.53339860E-02  9.60912905E-04
1.13324392E-01  9.45534781E-02  9.55524447E-04
1.13623007E-01  9.47710276E-02  9.58800665E-04
1.13921622E-01  9.50513706E-02  9.60948586E-04
1.14220237E-01  9.40088853E-02  9.46355576E-04
1.14518852E-01  9.05421302E-02  9.21217434E-04
1.14817467E-01  9.29558054E-02  9.46706801E-04
1.15116082E-01  9.15643573E-02  9.38887126E-04
1.15414697E-01  9.11923796E-02  9.32770956E-04
1.15713312E-01  9.11495835E-02  9.23628861E-04
1.16011927E-01  9.14359018E-02  9.28486639E-04
1.16310542E-01  9.16738659E-02  9.38039506E-04
1.16609157E-01  9.02071372E-02  9.20193619E-04
1.16907772E-01  9.18774009E-02  9.32105235E-04
1.17206387E-01  9.28614661E-02  9.33292846E-04
1.17505002E-01  9.11239609E-02  9.18804959E-04
1.17803617E-01  9.22320038E-02  9.34597221E-04
1.18102232E-01  9.10828188E-02  9.19934595E-04
1.18400847E-01  9.02305320E-02  9.16956167E-04
1.18699462E-01  9.02179554E-02  9.14893404E-04
1.18998077E-01  9.26166028E-02  9.18347447E-04
1.19296692E-01  9.18032825E-02  9.31736955E-04
1.19595307E-01  8.99679214E-02  9.05768306E-04
1.19893922E-01  9.18181613E-02  9.13082564E-04
1.20192537E-01  9.13629010E-02  9.21354746E-04
1.20491152E-01  9.20217410E-02  9.11508512E-04
1.20789767E-01  9.09667015E-02  9.14711854E-04
1.21088382E-01  9.08891112E-02  9.13008931E-04
1.21386997E-01  8.97831693E-02  9.00356215E-04
1.21685612E-01  9.35610905E-02  9.27667017E-04
1.21984227E-01  9.27184746E-02  9.17555066E-04
1.22282842E-01  9.22070518E-02  9.08587186E-04
1.22581457E-01  9.10652354E-02  8.96683196E-04
1.22880072E-01  9.32181701E-02  9.23314248E-04
1.23178687E-01  9.25835595E-02  9.11722018E-04
1.23477302E-01  9.28724483E-02  9.15721990E-04
1.23775917E-01  9.52431113E-02  9.16392368E-04
1.24074532E-01  9.45486277E-02  9.21997882E-04
1.24373147E-01  9.48930979E-02  9.22379666E-04
1.24671762E-01  9.23856199E-02  9.05045716E-04
1.24970377E-01  9.53938365E-02  9.17121244E-04
1.25268992E-01  9.62481499E-02  9.19950893E-04
1.25567607E-01  9.58523825E-02  9.13667434E-04
1.25866222E-01  9.61143225E-02  9.29606729E-04
1.26164837E-01  9.71456766E-02  9.24233405E-04
1.26463452E-01  9.66281369E-02  9.17360303E-04
1.26762067E-01  9.91112366E-02  9.32896859E-04
1.27060682E-01  9.93904024E-02  9.31653078E-04
1.27359297E-01  9.81715173E-02  9.39838530E-04
1.27657912E-01  9.91054550E-02  9.22160631E-04
1.27956527E-01  9.89831090E-02  9.25641856E-04
1.28255142E-01  1.01641312E-01  9.44734435E-04
1.28553757E-01  1.01025373E-01  9.25476139E-04
1.28852372E-01  1.01708323E-01  9.32319497E-04
1.29150987E-01  1.02417894E-01  9.35567077E-04
1.29449602E-01  1.02481179E-01  9.41542443E-04
1.29748217E-01  1.03422672E-01  9.45218897E-04
1.30046832E-01  1.04517199E-01  9.42591403E-04
1.30345447E-01  1.04818106E-01  9.41446226E-04
1.30644062E-01  1.04398228E-01  9.38318670E-04
1.30942677E-01  1.07460111E-01  9.58968536E-04
1.31241292E-01  1.07637979E-01  9.56564792E-04
1.31539907E-01  1.10449374E-01  9.63860890E-04
1.31838522E-01  1.11205399E-01  9.71643196E-04
1.32137137E-01  1.11620598E-01  9.82307713E-04
1.32435752E-01  1.12108625E-01  9.97358700E-04
1.32734367E-01  1.14001565E-01  1.00435084E-03
1.33032982E-01  1.13763943E-01  1.01389212E-03
1.33331597E-01  1.15273230E-01  1.02059683E-03
1.33630212E-01  1.18201315E-01  1.03789242E-03
1.33928827E-01  1.21100344E-01  1.06664258E-03
1.34227442E-01  1.20944053E-01  1.04026590E-03
1.34526057E-01  1.20917134E-01  1.06116664E-03
1.34824672E-01  1.21401966E-01  1.07112888E-03
1.35123287E-01  1.26034692E-01  1.08497508E-03
1.35421902E-01  1.26983181E-01  1.09873188E-03
1.35720517E-01  1.29774824E-01  1.09935249E-03
1.36019132E-01  1.30137235E-01  1.12066581E-03
1.36317747E-01  1.33660197E-01  1.12474489E-03
1.36616362E-01  1.35263011E-01  1.12813222E-03
1.36914977E-01  1.37578130E-01  1.15052634E-03
1.37213592E-01  1.41796440E-01  1.16979587E-03
1.37512207E-01  1.43180192E-01  1.18720590E-03
1.37810822E-01  1.45744249E-01  1.18597131E-03
1.38109437E-01  1.47510678E-01  1.19313819E-03
1.38408052E-01  1.52435794E-01  1.21750101E-03
1.38706667E-01  1.54239282E-01  1.22748921E-03
1.39005282E-01  1.59590185E-01  1.26218412E-03
1.39303897E-01  1.62646160E-01  1.24909345E-03
1.39602512E-01  1.66308925E-01  1.28747686E-03
1.39901127E-01  1.70094326E-01  1.30002177E-03
1.40199742E-01  1.74743727E-01  1.31156610E-03
1.40498357E-01  1.76194280E-01  1.33091526E-03
1.40796972E-01  1.84009925E-01  1.34228019E-03
1.41095587E-01  1.86598480E-01  1.37126935E-03
1.41394202E-01  1.93747640E-01  1.38855982E-03
1.41692817E-01  1.99165672E-01  1.41669728E-03
1.41991432E-01  2.03227282E-01  1.43107155E-03
1.42290047E-01  2.10289627E-01  1.44550297E-03
1.42588662E-01  2.19134167E-01  1.49549160E-03
1.42887277E-01  2.23726213E-01  1.50270318E-03
1.43185892E-01  2.35400841E-01  1.53656688E-03
1.43484507E-01  2.40256354E-01  1.56466512E-03
1.43783122E-01  2.46361926E-01  1.57132116E-03
1.44081737E-01  2.58406878E-01  1.61434943E-03
1.44380352E-01  2.64690727E-01  1.62048801E-03
1.44678967E-01  2.77550012E-01  1.64101552E-03
1.44977582E-01  2.86834121E-01  1.70150818E-03
1.45276197E-01  3.00906718E-01  1.71716965E-03
1.45574812E-01  3.10530841E-01  1.76483556E-03
1.45873427E-01  3.22942555E-01  1.75816310E-03
1.46172042E-01  3.34228188E-01  1.80148776E-03
1.46470657E-01  3.47711772E-01  1.85950100E-03
1.46769272E-01  3.60204279E-01  1.87018828E-03
1.47067887E-01  3.74181032E-01  1.90179877E-03
1.47366502E-01  3.91452909E-01  1.93570473E-03
1.47665117E-01  4.06637788E-01  1.97585649E-03
1.47963732E-01  4.19237256E-01  2.02923524E-03
1.48262347E-01  4.36703205E-01  2.04914343E-03
1.48560962E-01  4.50405926E-01  2.08418537E-03
1.48859577E-01  4.65937912E-01  2.09159590E-03
1.49158192E-01  4.84504640E-01  2.17731250E-03
1.49456807E-01  5.01553476E-01  2.18945928E-03
1.49755422E-01  5.17369092E-01  2.21791631E-03
1.50054037E-01  5.29265940E-01  2.25759810E-03
1.50352652E-01  5.42701602E-01  2.25734105E-03
1.50651267E-01  5.56127250E-01  2.31767981E-03
1.50949882E-01  5.69059193E-01  2.30812468E-03
1.51248497E-01  5.75307548E-01  2.33189575E-03
1.51547112E-01  5.84926724E-01  2.39236350E-03
1.51845727E-01  5.93905568E-01  2.34089745E-03
1.52144342E-01  5.99994957E-01  2.41101859E-03
1.52442957E-01  6.07795179E-01  2.35455763E-03
1.52741572E-01  6.03942156E-01  2.38132663E-03
1.53040187E-01  6.05285287E-01  2.41797091E-03
1.53338802E-01  5.97551942E-01  2.35404493E-03
1.53637417E-01  5.95606506E-01  2.37886980E-03
1.53936032E-01  5.88832796E-01  2.33090087E-03
1.54234647E-01  5.75271726E-01  2.30891374E-03
1.54533262E-01  5.65023780E-01  2.32392200E-03
1.54831877E-01  5.53285658E-01  2.26765941E-03
1.55130492E-01  5.38132608E-01  2.23965431E-03
1.55429107E-01  5.22960663E-01  2.19587982E-03
1.55727722E-01  5.09297729E-01  2.18842877E-03
1.56026337E-01  4.86206383E-01  2.12576799E-03
1.56324952E-01  4.67274696E-01  2.07718671E-03
1.56623567E-01  4.50080663E-01  2.06183712E-03
1.56922182E-01  4.27231371E-01  1.97976967E-03
1.57220797E-01  4.06432062E-01  1.95714668E-03
1.57519412E-01  3.89292747E-01  1.89186702E-03
1.57818027E-01  3.70501369E-01  1.84431789E-03
1.58116642E-01  3.54371458E-01  1.82818784E-03
1.58415257E-01  3.33844215E-01  1.75070914E-03
1.58713872E-01  3.17680389E-01  1.72397972E-03
1.59012487E-01  3.04507703E-01  1.66367844E-03
1.59311102E-01  2.87819177E-01  1.64216280E-03
1.59609717E-01  2.74942309E-01  1.60795986E-03
1.59908332E-01  2.60122418E-01  1.52791303E-03
1.60206947E-01  2.49585256E-01  1.51158345E-03
1.60505562E-01  2.42005840E-01  1.48845662E-03
1.60804177E-01  2.31128305E-01  1.45306252E-03
1.61102792E-01  2.20022574E-01  1.41823187E-03
1.61401407E-01  2.12935835E-01  1.38975005E-03
1.61700022E-01  2.05658659E-01  1.36386335E-03
1.61998637E-01  1.95663542E-01  1.33314379E-03
1.62297252E-01  1.89182550E-01  1.31697895E-03
1.62595867E-01  1.87767699E-01  1.31110672E-03
1.62894482E-01  1.82737157E-01  1.27885200E-03
1.63193097E-01  1.78353757E-01  1.28195994E-03
1.63491712E-01  1.76510304E-01  1.25424576E-03
1.63790327E-01  1.74650624E-01  1.26721547E-03
1.64088942E-01  1.71167672E-01  1.23340264E-03
1.64387557E-01  1.70614392E-01  1.24093855E-03
1.64686172E-01  1.69436961E-01  1.25131803E-03
1.64984787E-01  1.69195667E-01  1.22799154E-03
1.65283402E-01  1.69433475E-01  1.23664190E-03
1.65582017E-01  1.69787496E-01  1.22757547E-03
1.65880632E-01  1.69890180E-01  1.23309705E-03
1.66179247E-01  1.69597149E-01  1.24207838E-03
1.66477862E-01  1.68944985E-01  1.22241105E-03
1.66776477E-01  1.70380786E-01  1.23835541E-03
1.67075092E-01  1.73960507E-01  1.25395064E-03
1.67373707E-01  1.76013336E-01  1.25733437E-03
1.67672322E-01  1.79076403E-01  1.26733910E-03
1.67970937E-01  1.79954499E-01  1.25857699E-03
1.68269552E-01  1.83459640E-01  1.28096284E-03
1.68568167E-01  1.85395151E-01  1.27483346E-03
1.68866782E-01  1.92365989E-01  1.31769897E-03
1.69165397E-01  1.93743169E-01  1.31225446E-03
1.69464012E-01  1.99196339E-01  1.32234558E-03
1.69762627E-01  2.02684566E-01  1.34266471E-03
1.70061242E-01  2.10364684E-01  1.36313366E-03
1.70359857E-01  2.14714408E-01  1.39313377E-03
1.70658472E-01  2.20202848E-01  1.38558145E-03
1.70957087E-01  2.25223944E-01  1.40657870E-03
1.71255702E-01  2.32882157E-01  1.44781417E-03
1.71554317E-01  2.36800313E-01  1.42715545E-03
1.71852932E-01  2.44232595E-01  1.46776938E-03
1.72151547E-01  2.49445081E-01  1.47825957E-03
1.72450162E-01  2.55481094E-01  1.49964204E-03
1.72748777E-01  2.60708749E-01  1.51857443E-03
1.73047392E-01  2.64083236E-01  1.52154395E-03
1.73346007E-01  2.73833513E-01  1.55204395E-03
1.73644622E-01  2.78226167E-01  1.55696238E-03
1.73943237E-01  2.84877419E-01  1.57600245E-03
1.74241852E-01  2.88816839E-01  1.59669691E-03
1.74540467E-01  2.93250024E-01  1.58873689E-03
1.74839082E-01  2.99478143E-01  1.62534381E-03
1.75137697E-01  3.03191274E-01  1.61981583E-03
1.75436312E-01  3.06538373E-01  1.63931295E-03
1.75734927E-01  3.05757701E-01  1.61738077E-03
1.76033542E-01  3.13834906E-01  1.64356525E-03
1.76332157E-01  3.15994233E-01  1.67420192E-03
1.76630772E-01  3.13336670E-01  1.63785939E-03
1.76929387E-01  3.13877165E-01  1.66455121E-03
1.77228002E-01  3.12564343E-01  1.62931008E-03
1.77526617E-01  3.09479415E-01  1.63323339E-03
1.77825232E-01  3.09290498E-01  1.63827033E-03
1.78123847E-01  3.04950118E-01  1.62015099E-03
1.78422462E-01  3.00027519E-01  1.60702388E-03
1.78721077E-01  2.93847382E-01  1.59469026E-03
1.79019692E-01  2.92150795E-01  1.59062108E-03
1.79318307E-01  2.85642266E-01  1.57333887E-03
1.79616922E-01  2.78607845E-01  1.53067370E-03
1.79915537E-01  2.71628797E-01  1.53167103E-03
1.80214152E-01  2.68731087E-01  1.51027355E-03
1.80512767E-01  2.54898816E-01  1.48576649E-03
1.80811382E-01  2.49270365E-01  1.46530790E-03
1.81109997E-01  2.39117548E-01  1.42180827E-03
1.81408612E-01  2.33280614E-01  1.41849276E-03
1.81707227E-01  2.23881930E-01  1.38172403E-03
1.82005842E-01  2.15465948E-01  1.35550706E-03
1.82304457E-01  2.09483743E-01  1.32904458E-03
1.82603072E-01  1.97407782E-01  1.29573839E-03
1.82901687E-01  1.92960307E-01  1.29010563E-03
1.83200302E-01  1.85840338E-01  1.25470455E-03
1.83498917E-01  1.77273065E-01  1.22060056E-03
1.83797532E-01  1.68617517E-01  1.18847925E-03
1.84096147E-01  1.63244888E-01  1.18027197E-03
1.84394762E-01  1.58637762E-01  1.16544636E-03
1.84693377E-01  1.51211455E-01  1.12992350E-03
1.84991992E-01  1.45206586E-01  1.11316005E-03
1.85290607E-01  1.39484897E-01  1.07707933E-03
1.85589222E-01  1.35359704E-01  1.06871070E-03
1.85887837E-01  1.30517751E-01  1.04632066E-03
1.86186452E-01  1.25402644E-01  1.02360127E-03
1.86485067E-01  1.22118182E-01  1.01543264E-03
1.86783682E-01  1.16763659E-01  9.89984721E-04
1.87082297E-01  1.14433728E-01  9.84269194E-04
1.87380912E-01  1.11868761E-01  9.66795778E-04
1.87679527E-01  1.07650168E-01  9.40436206E-04
1.87978142E-01  1.05258822E-01  9.41501174E-04
1.88276757E-01  1.03568897E-01  9.31768387E-04
1.88575372E-01  9.87198055E-02  9.12392046E-04
1.88873987E-01  9.58908498E-02  8.93643009E-04
1.89172602E-01  9.50549766E-02  8.84854700E-04
1.89471217E-01  9.24635604E-02  8.79250583E-04
1.89769832E-01  9.03782845E-02  8.71564029E-04
1.90068447E-01  8.99532810E-02  8.57203442E-04
1.90367062E-01  8.64667520E-02  8.48324969E-04
1.90665677E-01  8.60250592E-02  8.44235416E-04
1.90964292E-01  8.58241841E-02  8.41615838E-04
1.91262907E-01  8.41038898E-02  8.36657942E-04
1.91561522E-01  8.07228908E-02  8.09457968E-04
1.91860137E-01  8.03662390E-02  8.18658387E-04
1.92158752E-01  8.00893530E-02  8.13016552E-04
1.92457367E-01  7.78890625E-02  8.02809373E-04
1.92755982E-01  7.77727813E-02  7.98857422E-04
1.93054597E-01  7.71335512E-02  7.96080159E-04
1.93353212E-01  7.56656006E-02  7.84447067E-04
1.93651827E-01  7.55521655E-02  7.92219536E-04
1.93950442E-01  7.27222040E-02  7.72984640E-04
1.94249057E-01  7.23405182E-02  7.65561708E-04
1.94547672E-01  7.06690773E-02  7.62487703E-04
1.94846287E-01  7.05204457E-02  7.60220573E-04
1.95144902E-01  6.95162416E-02  7.58936279E-04
1.95443517E-01  6.91328645E-02  7.40926655E-04
1.95742132E-01  6.77854642E-02  7.43907702E-04
1.96040747E-01  6.97100759E-02  7.55845220E-04
1.96339362E-01  6.79252744E-02  7.47787359E-04
1.96637977E-01  6.72580078E-02  7.36789312E-04
1.96936592E-01  6.62014559E-02  7.32368964E-04
1.97235207E-01  6.57526106E-02  7.32440560E-04
1.97533822E-01  6.60709217E-02  7.31417385E-04
1.97832437E-01  6.33550584E-02  7.18507159E-04
1.98131052E-01  6.38853759E-02  7.17632065E-04
1.98429667E-01  6.35463074E-02  7.16404233E-04
1.98728282E-01  6.37310594E-02  7.19723059E-04
1.99026897E-01  6.22730181E-02  7.06963590E-04
1.99325512E-01  6.25050962E-02  7.10514549E-04
1.99624127E-01  6.26837835E-02  7.11306056E-04
1.99922742E-01  6.11850061E-02  7.01424957E-04
2.00221357E-01  6.02591671E-02  7.00072967E-04
2.00519972E-01  6.08586445E-02  6.96494593E-04
2.00818587E-01  6.11907952E-02  6.97741692E-04
2.01117202E-01  5.98634854E-02  6.96888426E-04
2.01415817E-01  5.99366315E-02  6.90341927E-04
2.01714432E-01  5.97868934E-02  6.92718837E-04
2.02013047E-01  5.97330555E-02  6.89600012E-04
2.02311662E-01  5.79252355E-02  6.81851001E-04
2.02610277E-01  5.82097434E-02  6.85247476E-04
2.02908892E-01  5.83335198E-02  6.78526121E-04
2.03207507E-01  5.78826852E-02  6.78628625E-04
2.03506122E-01  5.75050637E-02  6.75362709E-04
2.03804737E-01  5.72390035E-02  6.74427603E-04
2.04103352E-01  5.64297214E-02  6.71734801E-04
2.04401967E-01  5.63289933E-02  6.70298352E-04
2.04700582E-01  5.61147593E-02  6.63256098E-04
2.04999197E-01  5.66549376E-02  6.68288441E-04
2.05297812E-01  5.58865145E-02  6.70177280E-04
2.05596427E-01  5.51936999E-02  6.60635298E-04
2.05895042E-01  5.53491227E-02  6.63208659E-04
2.06193657E-01  5.47146797E-02  6.55136420E-04
2.06492272E-01  5.38766682E-02  6.49305061E-04
2.06790887E-01  5.46905361E-02  6.61519880E-04
2.07089502E-01  5.40717654E-02  6.46928500E-04
2.07388117E-01  5.35208732E-02  6.51966780E-04
2.07686732E-01  5.47625870E-02  6.56841090E-04
2.07985347E-01  5.50436340E-02  6.56305347E-04
2.08283962E-01  5.39777949E-02  6.51518116E-04
2.08582577E-01  5.39385080E-02  6.46724249E-04
2.08881192E-01  5.33226468E-02  6.45967433E-04
2.09179807E-01  5.41248992E-02  6.53817784E-04
2.09478422E-01  5.40781952E-02  6.45804743E-04
2.09777037E-01  5.31949066E-02  6.47180190E-04
2.10075652E-01  5.27009070E-02  6.38107827E-04
2.10374267E-01  5.30574545E-02  6.48345158E-04
2.10672882E-01  5.13530225E-02  6.35880686E-04
2.10971497E-01  5.25430366E-02  6.32773153E-04
2.11270112E-01  5.22332788E-02  6.40718266E-04
2.11568727E-01  5.31427898E-02  6.39625010E-04
2.11867342E-01  5.31259961E-02  6.45577849E-04
2.12165957E-01  5.22437766E-02  6.34576194E-04
2.12464572E-01  5.09724915E-02  6.26243069E-04
2.12763187E-01  5.16701527E-02  6.33572461E-04
2.13061802E-01  5.21656983E-02  6.36025215E-04
2.13360417E-01  5.17046489E-02  6.35526143E-04
2.13659032E-01  5.07831164E-02  6.23211265E-04
2.13957647E-01  5.08054271E-02  6.24096312E-04
2.14256262E-01  5.06555028E-02  6.25997083E-04
2.14554877E-01  5.05011007E-02  6.21296174E-04
2.14853492E-01  5.02156839E-02  6.20467064E-04
2.15152107E-01  5.07917292E-02  6.23270054E-04
2.15450722E-01  5.03789671E-02  6.26951398E-04
2.15749337E-01  4.97743040E-02  6.18851744E-04
2.16047952E-01  5.10294773E-02  6.24543871E-04
2.16346567E-01  4.97821048E-02  6.17233629E-04
2.16645182E-01  5.02441414E-02  6.16596953E-04
2.16943797E-01  4.85595651E-02  6.09427574E-04
2.17242412E-01  4.98117432E-02  6.21337560E-04
2.17541027E-01  5.03042154E-02  6.14609686E-04
2.17839642E-01  4.94281724E-02  6.19694591E-04
2.18138257E-01  5.06293476E-02  6.15511730E-04
2.18436872E-01  4.97247837E-02  6.16333506E-04
2.18735487E-01  4.97771502E-02  6.13551587E-04
2.19034102E-01  4.99271452E-02  6.14840188E-04
2.19332717E-01  4.89061773E-02  6.12524687E-04
2.19631332E-01  4.95793447E-02  6.14153512E-04
2.19929947E-01  4.94632870E-02  6.11077121E-04
2.20228562E-01  4.93468791E-02  6.08386705E-04
2.20527177E-01  4.93126214E-02  6.11412688E-04
2.20825792E-01  4.91108671E-02  6.10886491E-04
2.21124407E-01  5.01504652E-02  6.15493744E-04
2.21423022E-01  4.90778089E-02  6.07800961E-04
2.21721637E-01  4.99486141E-02  6.11911353E-04
2.22020252E-01  4.92827259E-02  6.07641996E-04
2.22318867E-01  5.08902930E-02  6.21492043E-04
2.22617482E-01  5.00662923E-02  6.09252136E-04
2.22916097E-01  5.10420837E-02  6.23531814E-04
2.23214712E-01  5.03133833E-02  6.12712814E-04
2.23513327E-01  5.00979125E-02  6.15544501E-04
2.23811942E-01  4.98181880E-02  6.10405172E-04
2.24110557E-01  5.08233197E-02  6.14024990E-04
2.24409172E-01  5.02987020E-02  6.15507830E-04
2.24707787E-01  5.07511906E-02  6.12349657E-04
2.25006402E-01  4.95921671E-02  6.12435688E-04
2.25305017E-01  5.05086370E-02  6.07041642E-04
2.25603632E-01  5.16457446E-02  6.22418593E-04
2.25902247E-01  5.20080030E-02  6.25332876E-04
2.26200862E-01  5.15749790E-02  6.19276427E-04
2.26499477E-01  5.01545072E-02  6.08570816E-04
2.26798092E-01  5.07184714E-02  6.15368655E-04
2.27096707E-01  5.09060733E-02  6.15609111E-04
2.27395322E-01  5.18720224E-02  6.23788103E-04
2.27693937E-01  5.11230119E-02  6.11605064E-04
2.27992552E-01  5.15281782E-02  6.16143632E-04
2.28291167E-01  5.20946085E-02  6.19165599E-04
2.28589782E-01  5.17735407E-02  6.22288906E-04
2.28888397E-01  5.13461083E-02  6.17553014E-04
2.29187012E-01  5.08173183E-02  6.09257317E-04
2.29485627E-01  5.19924238E-02  6.18563034E-04
2.29784242E-01  5.06708249E-02  6.13482436E-04
2.30082857E-01  5.10879532E-02  6.11930562E-04
2.30381472E-01  5.17527945E-02  6.14669058E-04
2.30680087E-01  5.08681424E-02  6.10965362E-04
2.30978702E-01  5.14700823E-02  6.14570861E-04
2.31277317E-01  5.13680279E-02  6.14668243E-04
2.31575932E-01  5.13240136E-02  6.14229531E-04
2.31874547E-01  4.96279188E-02  5.99363993E-04
2.32173162E-01  5.04756719E-02  6.07391703E-04
2.32471777E-01  5.00474982E-02  6.06024521E-04
2.32770392E-01  4.92317639E-02  5.99008112E-04
2.33069007E-01  4.95908819E-02  6.00847823E-04
2.33367622E-01  4.96604480E-02  5.99058229E-04
2.33666237E-01  5.01199104E-02  6.06990361E-04
2.33964852E-01  4.77979295E-02  5.88218158E-04
2.34263467E-01  4.88839559E-02  5.94864367E-04
2.34562082E-01  4.80866805E-02  5.91502991E-04
2.34860697E-01  4.68646400E-02  5.82945882E-04
2.35159312E-01  4.75309640E-02  5.87743358E-04
2.35457927E-01  4.72104624E-02  5.82623295E-04
2.35756542E-01  4.64139916E-02  5.75429236E-04
2.36055157E-01  4.55062166E-02  5.74602745E-04
2.36353772E-01  4.64359000E-02  5.79950574E-04
2.36652387E-01  4.54840511E-02  5.77089784E-04
2.36951002E-01  4.52503823E-02  5.65188413E-04
2.37249617E-01  4.29129861E-02  5.59106120E-04
2.37548232E-01  4.39261273E-02  5.63109177E-04
2.37846847E-01  4.36882041E-02  5.59691398E-04
2.38145462E-01  4.38226350E-02  5.60082262E-04
2.38444077E-01  4.22178730E-02  5.46078081E-04
2.38742692E-01  4.31140848E-02  5.61059918E-04
2.39041307E-01  4.18533310E-02  5.47816628E-04
2.39339922E-01  4.22756001E-02  5.49497374E-04
2.39638537E-01  4.14023362E-02  5.44249604E-04
2.39937152E-01  4.08165120E-02  5.38881752E-04
2.40235767E-01  4.08222340E-02  5.42706810E-04
2.40534382E-01  4.01714183E-02  5.34906168E-04
2.40832997E-01  3.99863534E-02  5.32489154E-04
2.41131612E-01  3.92368361E-02  5.30275982E-04
2.41430227E-01  3.92227918E-02  5.25782234E-04
2.41728842E-01  3.98800522E-02  5.35507803E-04
2.42027457E-01  3.80762629E-02  5.16338740E-04
2.42326072E-01  3.81164365E-02  5.18603018E-04
2.42624687E-01  3.79893668E-02  5.22663002E-04
2.42923302E-01  3.78661342E-02  5.18762798E-04
2.43221917E-01  3.73177603E-02  5.10197890E-04
2.43520532E-01  3.84555310E-02  5.20049362E-04
2.43819147E-01  3.77584212E-02  5.15740714E-04
2.44117762E-01  3.66362855E-02  5.10415121E-04
2.44416377E-01  3.74281332E-02  5.17198059E-04
2.44714992E-01  3.70911844E-02  5.08098397E-04
2.45013607E-01  3.78672779E-02  5.18778514E-04
2.45312222E-01  3.75295691E-02  5.13333653E-04
2.45610837E-01  3.67687121E-02  5.09645324E-04
2.45909452E-01  3.68565023E-02  5.05120610E-04
2.46208067E-01  3.59941311E-02  5.03279094E-04
2.46506682E-01  3.60187516E-02  5.02348179E-04
2.46805297E-01  3.72266769E-02  5.14807587E-04
2.47103912E-01  3.63115668E-02  5.02056500E-04
2.47402527E-01  3.72974388E-02  5.08827507E-04
2.47701142E-01  3.66592444E-02  5.07494668E-04
2.47999757E-01  3.71321775E-02  5.10338636E-04
2.48298372E-01  3.69971693E-02  5.12369152E-04
2.48596987E-01  3.74861993E-02  5.06016135E-04
2.48895602E-01  3.57143730E-02  4.97378001E-04
2.49194217E-01  3.67986113E-02  5.05420088E-04
2.49492832E-01  3.72526459E-02  5.09498233E-04
2.49791447E-01  3.70791852E-02  5.09562204E-04
2.50090062E-01  3.69173177E-02  5.05006465E-04
2.50388677E-01  3.59647535E-02  5.01985836E-04
2.50687292E-01  3.68377194E-02  5.06243843E-04
2.50985907E-01  3.70754376E-02  5.05000586E-04
2.51284522E-01  3.68154719E-02  5.06368640E-04
2.51583137E-01  3.69001105E-02  5.03266521E-04
2.51881752E-01  3.72474492E-02  5.07814868E-04
2.52180367E-01  3.77322510E-02  5.11110120E-04
2.52478982E-01  3.73794660E-02  5.06936340E-04
2.52777597E-01  3.73068303E-02  5.07399847E-04
2.53076212E-01  3.71337980E-02  5.06359502E-04
2.53374827E-01  3.71473394E-02  5.07962890E-04
2.53673442E-01  3.75580080E-02  5.04236552E-04
2.53972057E-01  3.80814075E-02  5.11817285E-04
2.54270672E-01  3.84805016E-02  5.14355139E-04
2.54569287E-01  3.64138559E-02  5.02654701E-04
2.54867902E-01  3.84532697E-02  5.13899315E-04
2.55166517E-01  3.85339372E-02  5.11157326E-04
2.55465132E-01  3.82203758E-02  5.11931023E-04
2.55763747E-01  3.85980196E-02  5.14869171E-04
2.56062362E-01  3.87490951E-02  5.15738560E-04
2.56360977E-01  3.94082591E-02  5.16654691E-04
2.56659592E-01  3.87427434E-02  5.10924147E-04
2.56958207E-01  3.90228331E-02  5.17006149E-04
2.57256822E-01  3.91507000E-02  5.17023960E-04
2.57555437E-01  4.11318913E-02  5.27418626E-04
2.57854052E-01  3.96162756E-02  5.18847024E-04
2.58152667E-01  3.89681235E-02  5.16371918E-04
2.58451282E-01  4.07897010E-02  5.28445584E-04
2.58749897E-01  4.11690995E-02  5.25996555E-04
2.59048512E-01  4.10258062E-02  5.26188116E-04
2.59347127E-01  4.02614027E-02  5.20989532E-04
2.59645742E-01  4.14450318E-02  5.31259226E-04
2.59944357E-01  4.10587750E-02  5.29625337E-04
2.60242972E-01  4.09522504E-02  5.22288959E-04
2.60541587E-01  4.17259969E-02  5.32070466E-04
2.60840202E-01  4.02035639E-02  5.20895701E-04
2.61138817E-01  4.07913551E-02  5.26219606E-04
2.61437432E-01  4.16987240E-02  5.30216144E-04
2.61736047E-01  4.12485600E-02  5.25001611E-04
2.62034662E-01  4.21055891E-02  5.32939448E-04
2.62333277E-01  4.17514704E-02  5.30415331E-04
2.62631892E-01  4.16465402E-02  5.26707445E-04
2.62930507E-01  4.16768044E-02  5.27174503E-04
2.63229122E-01  4.23047654E-02  5.32103877E-04
2.63527737E-01  4.25377339E-02  5.36948792E-04
2.63826352E-01  4.17072698E-02  5.27096214E-04
2.64124967E-01  4.09680419E-02  5.22405375E-04
2.64423582E-01  4.08588424E-02  5.22117771E-04
2.64722197E-01  4.11311686E-02  5.21819573E-04
2.65020812E-01  4.14766967E-02  5.29235869E-04
2.65319427E-01  4.16195951E-02  5.23154915E-04
2.65618042E-01  4.20232564E-02  5.31174475E-04
2.65916657E-01  4.09025773E-02  5.21995185E-04
2.66215272E-01  4.07832973E-02  5.20557689E-04
2.66513887E-01  3.97690348E-02  5.14445943E-04
2.66812502E-01  4.06921543E-02  5.17166336E-04
2.67111117E-01  4.10965420E-02  5.23236347E-04
2.67409732E-01  4.19111438E-02  5.27027878E-04
2.67708347E-01  3.96752842E-02  5.13577077E-04
2.68006962E-01  3.98437977E-02  5.13867592E-04
2.68305577E-01  4.01897654E-02  5.14366489E-04
2.68604192E-01  3.97360474E-02  5.12776547E-04
2.68902807E-01  3.93499658E-02  5.09622274E-04
2.69201422E-01  3.89097482E-02  5.04428870E-04
2.69500037E-01  3.89075987E-02  5.06490876E-04
2.69798652E-01  3.81036848E-02  5.00974129E-04
2.70097267E-01  3.77264284E-02  5.01727336E-04
2.70395882E-01  3.83032821E-02  4.97823174E-04
2.70694497E-01  3.76505144E-02  4.97733650E-04
2.70993112E-01  3.63734849E-02  4.90103615E-04
2.71291727E-01  3.62119414E-02  4.88637190E-04
2.71590342E-01  3.64725478E-02  4.91661660E-04
2.71888957E-01  3.60043943E-02  4.82293050E-04
2.72187572E-01  3.66235971E-02  4.89272352E-04
2.72486187E-01  3.60568613E-02  4.85969766E-04
2.72784802E-01  3.47123332E-02  4.77803231E-04
2.73083417E-01  3.45740169E-02  4.72024956E-04
2.73382032E-01  3.41708139E-02  4.72006766E-04
2.73680647E-01  3.38226035E-02  4.71764768E-04
2.73979262E-01  3.35411802E-02  4.67521109E-04
2.74277877E-01  3.35223973E-02  4.65499063E-04
2.74576492E-01  3.37476432E-02  4.67770762E-04
2.74875107E-01  3.39085534E-02  4.70317464E-04
2.75173722E-01  3.27629372E-02  4.63013886E-04
2.75472337E-01  3.22086960E-02  4.54003981E-04
2.75770952E-01  3.21868472E-02  4.58225113E-04
2.76069567E-01  3.29860635E-02  4.59337520E-04
2.76368182E-01  3.19191366E-02  4.57954535E-04
2.76666797E-01  3.18837985E-02  4.56415233E-04
2.76965412E-01  3.16214636E-02  4.49402549E-04
2.77264027E-01  3.14048640E-02  4.51366563E-04
2.77562642E-01  3.17436382E-02  4.49823361E-04
2.77861257E-01  3.14657241E-02  4.53649089E-04
2.78159872E-01  3.03154364E-02  4.39261901E-04
2.78458487E-01  3.06331869E-02  4.43215104E-04
2.78757102E-01  3.08116693E-02  4.47770261E-04
2.79055717E-01  3.07682771E-02  4.44750884E-04
2.79354332E-01  3.09136230E-02  4.45689308E-04
2.79652947E-01  3.00806910E-02  4.39755502E-04
2.79951562E-01  2.93311048E-02  4.30688262E-04
2.80250177E-01  2.99986061E-02  4.41155978E-04
2.80548792E-01  2.99629364E-02  4.38127667E-04
2.80847407E-01  3.00132390E-02  4.36859584E-04
2.81146022E-01  3.06858532E-02  4.43605823E-04
2.81444637E-01  3.01895458E-02  4.41111246E-04
2.81743252E-01  2.95372512E-02  4.34465328E-04
2.82041867E-01  2.98906118E-02  4.33288282E-04
2.82340482E-01  2.93165557E-02  4.32625413E-04
2.82639097E-01  2.95888204E-02  4.34847694E-04
2.82937712E-01  2.89509725E-02  4.29386564E-04
2.83236327E-01  2.86614913E-02  4.27023100E-04
2.83534942E-01  2.94630565E-02  4.30818269E-04
2.83833557E-01  2.93990970E-02  4.32807894E-04
2.84132172E-01  3.01543623E-02  4.37571522E-04
2.84430787E-01  2.96313688E-02  4.36038390E-04
2.84729402E-01  2.98084188E-02  4.31960711E-04
2.85028017E-01  2.95817964E-02  4.32971312E-04
2.85326632E-01  2.94155627E-02  4.34559857E-04
2.85625247E-01  2.93512829E-02  4.27179184E-04
2.85923862E-01  2.88011823E-02  4.26695886E-04
2.86222477E-01  2.90789343E-02  4.28326690E-04
2.86521092E-01  2.93585379E-02  4.30488202E-04
2.86819707E-01  2.93088555E-02  4.33125300E-04
2.87118322E-01  2.81757005E-02  4.18440730E-04
2.87416937E-01  2.88458299E-02  4.25354810E-04
2.87715552E-01  2.87426654E-02  4.23971855E-04
2.88014167E-01  2.87800096E-02  4.27179912E-04
2.88312782E-01  2.86933538E-02  4.25799924E-04
2.88611397E-01  2.87330952E-02  4.21136210E-04
2.88910012E-01  2.92442515E-02  4.30295244E-04
2.89208627E-01  2.88999341E-02  4.25551581E-04
2.89507242E-01  2.90892180E-02  4.26630868E-04
2.89805857E-01  2.89459825E-02  4.24028782E-04
2.90104472E-01  2.85152681E-02  4.20252007E-04
2.90403087E-01  2.95153204E-02  4.32183559E-04
2.90701702E-01  2.91243903E-02  4.25957289E-04
2.91000317E-01  2.88828705E-02  4.23467893E-04
2.91298932E-01  2.92715468E-02  4.27242194E-04
2.91597547E-01  2.85569504E-02  4.22613986E-04
2.91896162E-01  2.86214743E-02  4.22782556E-04
2.92194777E-01  2.91621704E-02  4.25102713E-04
2.92493392E-01  2.92933993E-02  4.26472281E-04
2.92792007E-01  3.02485600E-02  4.33896930E-04
2.93090622E-01  2.91187540E-02  4.25510923E-04
2.93389237E-01  2.90409513E-02  4.24736936E-04
2.93687852E-01  2.94222441E-02  4.24540864E-04
2.93986467E-01  2.90180631E-02  4.24674770E-04
2.94285082E-01  2.99373977E-02  4.29168635E-04
2.94583697E-01  2.90225167E-02  4.25744191E-04
2.94882312E-01  2.96501648E-02  4.27518156E-04
2.95180927E-01  3.00183073E-02  4.27396182E-04
2.95479542E-01  2.99508777E-02  4.30825254E-04
2.95778157E-01  2.94871796E-02  4.25832637E-04
2.96076772E-01  2.99548190E-02  4.29506676E-04
2.96375387E-01  2.90598478E-02  4.22535057E-04
2.96674002E-01  2.89093796E-02  4.21238772E-04
2.96972617E-01  2.95684543E-02  4.28798608E-04
2.97271232E-01  2.89375652E-02  4.24406666E-04
2.97569847E-01  3.01683787E-02  4.33550391E-04
2.97868462E-01  3.04648150E-02  4.36954026E-04
2.98167077E-01  3.00193187E-02  4.35887341E-04
2.98465692E-01  2.98952386E-02  4.37699666E-04
2.98764307E-01  2.97460109E-02  4.32832399E-04
2.99062922E-01  3.05820033E-02  4.41597251E-04
2.99361537E-01  2.99791787E-02  4.38646646E-04
2.99660152E-01  3.00526954E-02  4.39957832E-04
2.99958767E-01  3.04119308E-02  4.42803517E-04
3.00257382E-01  3.04518119E-02  4.44327161E-04
3.00555997E-01  3.02009583E-02  4.42270539E-04
3.00854612E-01  3.13107707E-02  4.49642830E-04
3.01153227E-01  3.06931324E-02  4.48134611E-04
3.01451842E-01  3.13406847E-02  4.50770138E-04
3.01750457E-01  3.10764071E-02  4.54069523E-04
3.02049072E-01  3.10441721E-02  4.50578489E-04
3.02347687E-01  3.14611122E-02  4.62663389E-04
3.02646302E-01  3.13808694E-02  4.67954407E-04
3.02944917E-01  3.16498987E-02  4.69829276E-04
3.03243532E-01  3.02237943E-02  4.67869570E-04
3.03542147E-01  3.13733816E-02  4.77496622E-04
3.03840762E-01  3.11927944E-02  4.75851673E-04
3.04139377E-01  3.20169814E-02  4.88367979E-04
3.04437992E-01  3.08353342E-02  4.75008506E-04
3.04736607E-01  3.17717046E-02  4.90073056E-04
3.05035222E-01  3.16865705E-02  4.85422031E-04
3.05333837E-01  3.13393734E-02  4.86013218E-04
3.05632452E-01  3.18226479E-02  4.93685948E-04
3.05931067E-01  3.29885557E-02  5.00113762E-04
3.06229682E-01  3.18633988E-02  4.96835622E-04
3.06528297E-01  3.07872519E-02  4.83715296E-04
3.06826912E-01  3.18434425E-02  4.98040405E-04
3.07125527E-01  3.15922946E-02  4.97285277E-04
3.07424142E-01  3.18902209E-02  4.99016256E-04
3.07722757E-01  3.28167081E-02  5.10275539E-04
3.08021372E-01  3.21130566E-02  5.00606780E-04
3.08319987E-01  3.25153284E-02  4.99940070E-04
3.08618602E-01  3.28939855E-02  4.97936679E-04
3.08917217E-01  3.31167579E-02  4.92146704E-04
3.09215832E-01  3.18487808E-02  4.86822799E-04
3.09514447E-01  3.26293111E-02  4.85063501E-04
3.09813062E-01  3.16471383E-02  4.78788163E-04
3.10111677E-01  3.26197371E-02  4.83906333E-04
3.10410292E-01  3.23355012E-02  4.75830922E-04
3.10708907E-01  3.26809846E-02  4.83011245E-04
3.11007522E-01  3.26107517E-02  4.75777953E-04
3.11306137E-01  3.17077637E-02  4.75106004E-04
3.11604752E-01  3.20732370E-02  4.72227257E-04
3.11903367E-01  3.11575066E-02  4.64933866E-04
3.12201982E-01  3.27287056E-02  4.76384739E-04
3.12500597E-01  3.15925963E-02  4.63795295E-04
3.12799212E-01  3.22883129E-02  4.72787622E-04
3.13097827E-01  3.28582153E-02  4.73626569E-04
3.13396442E-01  3.23761404E-02  4.69515391E-04
3.13695057E-01  3.21082734E-02  4.69949853E-04
3.13993672E-01  3.26526724E-02  4.69155319E-04
3.14292287E-01  3.22834961E-02  4.67729405E-04
3.14590902E-01  3.19553837E-02  4.63999429E-04
3.14889517E-01  3.21846344E-02  4.65662160E-04
3.15188132E-01  3.23912352E-02  4.69882507E-04
3.15486747E-01  3.27764526E-02  4.66382713E-04
3.15785362E-01  3.25649790E-02  4.68040322E-04
3.16083977E-01  3.24476585E-02  4.63679957E-04
3.16382592E-01  3.25697623E-02  4.67097067E-04
3.16681207E-01  3.21235545E-02  4.61839081E-04
3.16979822E-01  3.25536691E-02  4.64200595E-04
3.17278437E-01  3.28806676E-02  4.68102575E-04
3.17577052E-01  3.16635445E-02  4.57931135E-04
3.17875667E-01  3.22358496E-02  4.68516635E-04
3.18174282E-01  3.18377614E-02  4.69882099E-04
3.18472897E-01  3.29457968E-02  4.84864140E-04
3.18771512E-01  3.25352401E-02  4.79966839E-04
3.19070127E-01  3.29390503E-02  4.86719015E-04
3.19368742E-01  3.19574215E-02  4.79817361E-04
3.19667357E-01  3.21270749E-02  4.81497060E-04
3.19965972E-01  3.17217857E-02  4.79533512E-04
3.20264587E-01  3.21435034E-02  4.84912307E-04
3.20563202E-01  3.25195752E-02  4.87324811E-04
3.20861817E-01  3.11689693E-02  4.78053931E-04
3.21160432E-01  3.28248404E-02  4.89052210E-04
3.21459047E-01  3.20346653E-02  4.87730751E-04
3.21757662E-01  3.12794857E-02  4.78904753E-04
3.22056277E-01  3.19396667E-02  4.83656855E-04
3.22354892E-01  3.17148268E-02  4.86140198E-04
3.22653507E-01  3.13282385E-02  4.81631025E-04
3.22952122E-01  3.24313380E-02  4.94343403E-04
3.23250737E-01  3.11034154E-02  4.74985864E-04
3.23549352E-01  3.18872668E-02  4.86899429E-04
3.23847967E-01  3.12032606E-02  4.83902346E-04
3.24146582E-01  3.08277272E-02  4.79580311E-04
3.24445197E-01  3.10132429E-02  4.81302937E-04
3.24743812E-01  3.04661337E-02  4.76207759E-04
3.25042427E-01  3.20751406E-02  4.93814470E-04
3.25341042E-01  3.07032615E-02  4.77644033E-04
3.25639657E-01  3.12559642E-02  4.84603166E-04
3.25938272E-01  3.09990197E-02  4.83887357E-04
3.26236887E-01  3.01565491E-02  4.73513821E-04
3.26535502E-01  3.12757827E-02  4.89521422E-04
3.26834117E-01  3.21916491E-02  4.91089362E-04
3.27132732E-01  3.06990221E-02  4.81972267E-04
3.27431347E-01  3.00008375E-02  4.77166526E-04
3.27729962E-01  3.01553663E-02  4.76143934E-04
3.28028577E-01  3.06688268E-02  4.87976184E-04
3.28327192E-01  3.03958431E-02  4.74298577E-04
3.28625807E-01  2.98672561E-02  4.77952563E-04
3.28924422E-01  3.05728298E-02  4.83278069E-04
3.29223037E-01  3.08350697E-02  4.83334414E-04
3.29521652E-01  3.00809294E-02  4.78379894E-04
3.29820267E-01  3.09333727E-02  4.83392942E-04
3.30118882E-01  3.03724129E-02  4.84303193E-04
3.30417497E-01  3.04132886E-02  4.82022471E-04
3.30716112E-01  2.96624471E-02  4.73223132E-04
3.31014727E-01  3.06543149E-02  4.81924129E-04
3.31313342E-01  3.01676597E-02  4.76397458E-04
3.31611957E-01  2.91284956E-02  4.73149586E-04
3.31910572E-01  2.93365289E-02  4.71455860E-04
3.32209187E-01  2.93641388E-02  4.69600869E-04
3.32507802E-01  2.94341538E-02  4.75487148E-04
3.32806417E-01  2.84516718E-02  4.61304327E-04
3.33105032E-01  2.99131479E-02  4.77344205E-04
3.33403647E-01  2.94594467E-02  4.70643834E-04
3.33702262E-01  2.95996293E-02  4.72040789E-04
3.34000877E-01  2.82492228E-02  4.60877927E-04
3.34299492E-01  2.83421185E-02  4.63133736E-04
3.34598107E-01  2.88247410E-02  4.67476057E-04
3.34896722E-01  2.86297817E-02  4.61410702E-04
3.35195337E-01  2.92619430E-02  4.67428879E-04
3.35493952E-01  2.94258744E-02  4.71493433E-04
3.35792567E-01  2.87391953E-02  4.64321231E-04
3.36091182E-01  2.82669831E-02  4.61167685E-04
3.36389797E-01  2.86809150E-02  4.61695483E-04
3.36688412E-01  2.90894583E-02  4.67969017E-04
3.36987027E-01  2.88615096E-02  4.63283912E-04
3.37285642E-01  2.89556608E-02  4.65937133E-04
3.37584257E-01  2.81459615E-02  4.60051204E-04
3.37882872E-01  2.88304184E-02  4.63442091E-04
3.38181487E-01  2.84796618E-02  4.62366297E-04
3.38480102E-01  2.90438402E-02  4.59971488E-04
3.38778717E-01  2.74986681E-02  4.53672110E-04
3.39077332E-01  2.86195278E-02  4.60946234E-04
3.39375947E-01  2.82321386E-02  4.57684771E-04
3.39674562E-01  2.84763481E-02  4.62617434E-04
3.39973177E-01  2.83440184E-02  4.56745882E-04
3.40271792E-01  2.85687279E-02  4.61747928E-04
3.40570407E-01  2.92354412E-02  4.66292171E-04
3.40869022E-01  2.85987277E-02  4.58534400E-04
3.41167637E-01  2.73748003E-02  4.50038962E-04
3.41466252E-01  2.83116605E-02  4.54926863E-04
3.41764867E-01  2.80631278E-02  4.58452356E-04
3.42063482E-01  2.83056628E-02  4.56840149E-04
3.42362097E-01  2.81456094E-02  4.53078304E-04
3.42660712E-01  2.74421461E-02  4.51512315E-04
3.42959327E-01  2.81620659E-02  4.52698470E-04
3.43257942E-01  2.69893128E-02  4.47774277E-04
3.43556557E-01  2.82281004E-02  4.54524008E-04
3.43855172E-01  2.85739340E-02  4.57431830E-04
3.44153787E-01  2.82123331E-02  4.54270135E-04
3.44452402E-01  2.82869004E-02  4.54353081E-04
3.44751017E-01  2.71912944E-02  4.46359132E-04
3.45049632E-01  2.79738922E-02  4.48400911E-04
3.45348247E-01  2.75360104E-02  4.49182291E-04
3.45646862E-01  2.69823652E-02  4.42750490E-04
3.45945477E-01  2.68604159E-02  4.42000834E-04
3.46244092E-01  2.83877477E-02  4.49074316E-04
3.46542707E-01  2.85561811E-02  4.50780935E-04
3.46841322E-01  2.72201393E-02  4.43322409E-04
3.47139937E-01  2.73459032E-02  4.42852266E-04
3.47438552E-01  2.77797859E-02  4.43018798E-04
3.47737167E-01  2.72332821E-02  4.42189630E-04
3.48035782E-01  2.81433631E-02  4.45542915E-04
3.48334397E-01  2.78747883E-02  4.46869759E-04
3.48633012E-01  2.83909366E-02  4.44695412E-04
3.48931627E-01  2.77193561E-02  4.42787656E-04
3.49230242E-01  2.78022289E-02  4.44679172E-04
3.49528857E-01  2.69833431E-02  4.36751783E-04
3.49827472E-01  2.73284465E-02  4.40266303E-04
3.50126087E-01  2.70459149E-02  4.33804875E-04
3.50424702E-01  2.83102486E-02  4.47736296E-04
3.50723317E-01  2.81549878E-02  4.44669480E-04
3.51021932E-01  2.71759052E-02  4.38435120E-04
3.51320547E-01  2.74120737E-02  4.38046845E-04
3.51619162E-01  2.75926888E-02  4.38531977E-04
3.51917777E-01  2.74342801E-02  4.39187454E-04
3.52216392E-01  2.75886562E-02  4.39579628E-04
3.52515007E-01  2.81398874E-02  4.41902957E-04
3.52813622E-01  2.79179960E-02  4.40158648E-04
3.53112237E-01  2.73657832E-02  4.40582022E-04
3.53410852E-01  2.60169562E-02  4.28876840E-04
3.53709467E-01  2.70640701E-02  4.29102161E-04
3.54008082E-01  2.72829123E-02  4.35482681E-04
3.54306697E-01  2.79320255E-02  4.40873264E-04
3.54605312E-01  2.78998837E-02  4.42911114E-04
3.54903927E-01  2.67112292E-02  4.34688234E-04
3.55202542E-01  2.85034422E-02  4.39556083E-04
3.55501157E-01  2.79706996E-02  4.42145072E-04
3.55799772E-01  2.74023581E-02  4.35617083E-04
3.56098387E-01  2.80861724E-02  4.42096411E-04
3.56397002E-01  2.72486489E-02  4.35102120E-04
3.56695617E-01  2.70914417E-02  4.29104897E-04
3.56994232E-01  2.73636449E-02  4.39127121E-04
3.57292847E-01  2.74724159E-02  4.32918372E-04
3.57591462E-01  2.79028229E-02  4.38992865E-04
3.57890077E-01  2.70343963E-02  4.31296241E-04
3.58188692E-01  2.77879033E-02  4.35517111E-04
3.58487307E-01  2.83658188E-02  4.46001242E-04
3.58785922E-01  2.68428419E-02  4.26237966E-04
3.59084537E-01  2.76815873E-02  4.37138253E-04
3.59383152E-01  2.72759367E-02  4.32298344E-04
3.59681767E-01  2.76699066E-02  4.35760070E-04
3.59980382E-01  2.76599135E-02  4.39822616E-04
3.60278997E-01  2.80794334E-02  4.33895359E-04
3.60577612E-01  2.79460382E-02  4.39346622E-04
3.60876227E-01  2.76283696E-02  4.35321912E-04
3.61174842E-01  2.75095049E-02  4.31737484E-04
3.61473457E-01  2.74893548E-02  4.31580731E-04
3.61772072E-01  2.84749586E-02  4.40533418E-04
3.62070687E-01  2.77857501E-02  4.37856012E-04
3.62369302E-01  2.76735779E-02  4.33831883E-04
3.62667917E-01  2.77406536E-02  4.34243557E-04
3.62966532E-01  2.79842261E-02  4.34766262E-04
3.63265147E-01  2.81038955E-02  4.37312090E-04
3.63563762E-01  2.74790041E-02  4.32539149E-04
3.63862377E-01  2.77562197E-02  4.33109759E-04
3.64160992E-01  2.74348352E-02  4.30937274E-04
3.64459607E-01  2.83516981E-02  4.38311894E-04
3.64758222E-01  2.88872067E-02  4.42433375E-04
3.65056837E-01  2.84966435E-02  4.40132135E-04
3.65355452E-01  2.68904045E-02  4.23746882E-04
3.65654067E-01  2.79303566E-02  4.35508991E-04
3.65952682E-01  2.78301779E-02  4.31540480E-04
3.66251297E-01  2.76561696E-02  4.34521149E-04
3.66549912E-01  2.82079484E-02  4.34689224E-04
3.66848527E-01  2.76843943E-02  4.28405270E-04
3.67147142E-01  2.83857509E-02  4.40102391E-04
3.67445757E-01  2.75336821E-02  4.28906846E-04
3.67744372E-01  2.71945149E-02  4.27373336E-04
3.68042987E-01  2.79640686E-02  4.32474277E-04
3.68341602E-01  2.76653823E-02  4.30384389E-04
3.68640217E-01  2.74481829E-02  4.30722052E-04
3.68938832E-01  2.80025061E-02  4.29538835E-04
3.69237447E-01  2.72231940E-02  4.26823797E-04
3.69536062E-01  2.75345109E-02  4.27367020E-04
3.69834677E-01  2.85912808E-02  4.38106596E-04
3.70133292E-01  2.78252959E-02  4.33449488E-04
3.70431907E-01  2.85063647E-02  4.33059438E-04
3.70730522E-01  2.80689392E-02  4.32958535E-04
3.71029137E-01  2.83651929E-02  4.32766479E-04
3.71327752E-01  2.87091341E-02  4.37301991E-04
3.71626367E-01  2.84370780E-02  4.34775022E-04
3.71924982E-01  2.78024133E-02  4.29563457E-04
3.72223597E-01  2.82463059E-02  4.35125374E-04
3.72522212E-01  2.76124198E-02  4.25461534E-04
3.72820827E-01  2.82263625E-02  4.32159926E-04
3.73119442E-01  2.82874629E-02  4.32740489E-04
3.73418057E-01  2.90290173E-02  4.36243077E-04
3.73716672E-01  2.80646067E-02  4.34184913E-04
3.74015287E-01  2.81669423E-02  4.28298605E-04
3.74313902E-01  2.84218509E-02  4.32324625E-04
3.74612517E-01  2.78877113E-02  4.29346692E-04
3.74911132E-01  2.80193705E-02  4.29696433E-04
3.75209747E-01  2.76963878E-02  4.27874213E-04
3.75508362E-01  2.92544980E-02  4.36828966E-04
3.75806977E-01  2.88798194E-02  4.35577706E-04
3.76105592E-01  2.79590823E-02  4.28469677E-04
3.76404207E-01  2.78367493E-02  4.27751773E-04
3.76702822E-01  2.82481033E-02  4.29036998E-04
3.77001437E-01  2.88853105E-02  4.34181507E-04
3.77300052E-01  2.89222933E-02  4.37363953E-04
3.77598667E-01  2.86637768E-02  4.34399379E-04
3.77897282E-01  2.79775467E-02  4.26010112E-04
3.78195897E-01  2.85139345E-02  4.29424777E-04
3.78494512E-01  2.89878398E-02  4.35624243E-04
3.78793127E-01  2.86304150E-02  4.32160305E-04
3.79091742E-01  2.89108828E-02  4.33392444E-04
3.79390357E-01  2.84390636E-02  4.29516658E-04
3.79688972E-01  2.94291098E-02  4.37151699E-04
3.79987587E-01  2.83547603E-02  4.28341154E-04
3.80286202E-01  2.88629401E-02  4.33258334E-04
3.80584817E-01  2.82843094E-02  4.28894913E-04
3.80883432E-01  2.86632851E-02  4.30019136E-04
3.81182047E-01  2.90971696E-02  4.34576650E-04
3.81480662E-01  2.86120698E-02  4.31049382E-04
3.81779277E-01  2.93191150E-02  4.32851724E-04
3.82077892E-01  2.85475161E-02  4.30565764E-04
3.82376507E-01  2.94783972E-02  4.36537375E-04
3.82675122E-01  2.89277341E-02  4.33207199E-04
3.82973737E-01  2.91075613E-02  4.32805275E-04
3.83272352E-01  2.87583303E-02  4.27423540E-04
3.83570967E-01  2.93157306E-02  4.35227499E-04
3.83869582E-01  2.82662828E-02  4.26081853E-04
3.84168197E-01  2.89992299E-02  4.32439148E-04
3.84466812E-01  2.88063921E-02  4.29277279E-04
3.84765427E-01  2.96410732E-02  4.34911664E-04
3.85064042E-01  2.92565413E-02  4.35453927E-04
3.85362657E-01  2.94722971E-02  4.34215064E-04
3.85661272E-01  2.93883532E-02  4.30601474E-04
3.85959887E-01  2.92078666E-02  4.33673908E-04
3.86258502E-01  2.87747104E-02  4.27242514E-04
3.86557117E-01  2.98404694E-02  4.40788979E-04
3.86855732E-01  3.05645764E-02  4.39789437E-04
3.87154347E-01  2.96432730E-02  4.32898465E-04
3.87452962E-01  2.89818160E-02  4.31891473E-04
3.87751577E-01  2.94479690E-02  4.30413638E-04
3.88050192E-01  2.87698191E-02  4.30311920E-04
3.88348807E-01  2.95594204E-02  4.30071814E-04
3.88647422E-01  2.90066171E-02  4.29503823E-04
3.88946037E-01  2.94686724E-02  4.32056666E-04
3.89244652E-01  2.91151311E-02  4.30309447E-04
3.89543267E-01  2.99378745E-02  4.36456670E-04
3.89841882E-01  2.97772158E-02  4.31871449E-04
3.90140497E-01  2.99553480E-02  4.37455892E-04
3.90439112E-01  3.01694497E-02  4.37928829E-04
3.90737727E-01  2.92334873E-02  4.26459592E-04
3.91036342E-01  2.89608054E-02  4.29816137E-04
3.91334957E-01  2.86827795E-02  4.23042482E-04
3.91633572E-01  3.01639289E-02  4.37894807E-04
3.91932187E-01  2.95298714E-02  4.29142558E-04
3.92230802E-01  2.96531748E-02  4.31298948E-04
3.92529417E-01  2.97132023E-02  4.34615387E-04
3.92828032E-01  2.99296379E-02  4.31727356E-04
3.93126647E-01  3.00786383E-02  4.34918591E-04
3.93425262E-01  2.95990128E-02  4.29965759E-04
3.93723877E-01  2.89883204E-02  4.27595427E-04
3.94022492E-01  2.90843863E-02  4.27989318E-04
3.94321107E-01  2.97998954E-02  4.30798100E-04
3.94619722E-01  2.96919197E-02  4.30227316E-04
3.94918337E-01  3.02029178E-02  4.33599227E-04
3.95216952E-01  2.95015518E-02  4.29684878E-04
3.95515567E-01  2.94967294E-02  4.30071028E-04
3.95814182E-01  2.95069907E-02  4.26207640E-04
3.96112797E-01  2.99527533E-02  4.32646339E-04
3.96411412E-01  2.92702168E-02  4.26859187E-04
3.96710027E-01  2.98221037E-02  4.31389693E-04
3.97008642E-01  2.97080521E-02  4.28486470E-04
3.97307257E-01  2.84059942E-02  4.19599586E-04
3.97605872E-01  2.92184651E-02  4.26694751E-04
3.97904487E-01  2.96180006E-02  4.30650718E-04
3.98203102E-01  3.00110858E-02  4.28817322E-04
3.98501717E-01  2.94288229E-02  4.25656181E-04
3.98800332E-01  2.99173929E-02  4.29899083E-04
3.99098947E-01  2.96782404E-02  4.28591797E-04
3.99397562E-01  2.91432329E-02  4.26050625E-04
3.99696177E-01  2.96338554E-02  4.27861611E-04
3.99994792E-01  3.00227720E-02  4.29422886E-04
4.00293407E-01  2.99575832E-02  4.30298940E-04
4.00592022E-01  2.90912203E-02  4.22812504E-04
4.00890637E-01  3.00111249E-02  4.29344160E-04
4.01189252E-01  2.97026299E-02  4.26724931E-04
4.01487867E-01  2.96822321E-02  4.28426138E-04
4.01786482E-01  3.04909330E-02  4.33598296E-04
4.02085097E-01  2.91846860E-02  4.20588010E-04
4.02383712E-01  2.97602396E-02  4.30134940E-04
4.02682327E-01  2.98035480E-02  4.24726080E-04
4.02980942E-01  2.92260218E-02  4.24413243E-04
4.03279557E-01  2.92890780E-02  4.23148304E-04
4.03578172E-01  2.99393684E-02  4.25496663E-04
4.03876787E-01  2.92215217E-02  4.24079713E-04
4.04175402E-01  2.99276616E-02  4.26019222E-04
4.04474017E-01  2.95044687E-02  4.25417413E-04
4.04772632E-01  2.86148917E-02  4.16770839E-04
4.05071247E-01  2.92609762E-02  4.21950419E-04
4.05369862E-01  2.92156339E-02  4.25475417E-04
4.05668477E-01  2.92900037E-02  4.18215292E-04
4.05967092E-01  2.89664082E-02  4.19626769E-04
4.06265707E-01  2.95434240E-02  4.23086341E-04
4.06564322E-01  2.92020459E-02  4.20140685E-04
4.06862937E-01  2.86754481E-02  4.20517172E-04
4.07161552E-01  2.92076655E-02  4.18707554E-04
4.07460167E-01  2.85872258E-02  4.17076284E-04
4.07758782E-01  2.83815917E-02  4.11976915E-04
4.08057397E-01  2.83240788E-02  4.13589354E-04
4.08356012E-01  2.84722298E-02  4.16241091E-04
4.08654627E-01  2.84599494E-02  4.12549707E-04
4.08953242E-01  2.83354521E-02  4.15933930E-04
4.09251857E-01  2.93128937E-02  4.19569871E-04
4.09550472E-01  2.77776606E-02  4.08627588E-04
4.09849087E-01  2.84898300E-02  4.14028153E-04
4.10147702E-01  2.88229492E-02  4.14600683E-04
4.10446317E-01  2.82326881E-02  4.14693641E-04
4.10744932E-01  2.81403046E-02  4.11388610E-04
4.11043547E-01  2.88491715E-02  4.12974681E-04
4.11342162E-01  2.83920392E-02  4.13130823E-04
4.11640777E-01  2.84628272E-02  4.14424198E-04
4.11939392E-01  2.76461095E-02  4.08821215E-04
4.12238007E-01  2.84636859E-02  4.10495995E-04
4.12536622E-01  2.84865610E-02  4.12762020E-04
4.12835237E-01  2.87211947E-02  4.12923488E-04
4.13133852E-01  2.80335322E-02  4.09565168E-04
4.13432467E-01  2.81905960E-02  4.10329987E-04
4.13731082E-01  2.72843931E-02  4.02373931E-04
4.14029697E-01  2.82447804E-02  4.11205809E-04
4.14328312E-01  2.79071052E-02  4.07413841E-04
4.14626927E-01  2.70346105E-02  4.02115576E-04
4.14925542E-01  2.75870357E-02  4.02655365E-04
4.15224157E-01  2.74887849E-02  4.04728518E-04
4.15522772E-01  2.76383944E-02  4.06490959E-04
4.15821387E-01  2.73166876E-02  4.01325611E-04
4.16120002E-01  2.77667996E-02  4.05365543E-04
4.16418617E-01  2.75261439E-02  4.04446502E-04
4.16717232E-01  2.80168448E-02  4.07283544E-04
4.17015847E-01  2.71688942E-02  4.02469013E-04
4.17314462E-01  2.70259492E-02  3.96199961E-04
4.17613077E-01  2.65613478E-02  3.96658987E-04
4.17911692E-01  2.72679981E-02  4.00610297E-04
4.18210307E-01  2.74165776E-02  4.04587336E-04
4.18508922E-01  2.72413976E-02  3.99229757E-04
4.18807537E-01  2.72071939E-02  3.99071490E-04
4.19106152E-01  2.69355290E-02  3.99450568E-04
4.19404767E-01  2.72711758E-02  4.01655212E-04
4.19703382E-01  2.69025397E-02  3.95754003E-04
4.20001997E-01  2.76013762E-02  4.02693113E-04
4.20300612E-01  2.66602095E-02  3.94328323E-04
4.20599227E-01  2.64688991E-02  3.96074174E-04
4.20897842E-01  2.62602866E-02  3.92075628E-04
4.21196457E-01  2.73227263E-02  3.98840057E-04
4.21495072E-01  2.62860451E-02  3.92898335E-04
4.21793687E-01  2.65391078E-02  3.93528404E-04
4.22092302E-01  2.65311319E-02  3.95634648E-04
4.22390917E-01  2.63922643E-02  3.88921384E-04
4.22689532E-01  2.69180648E-02  3.98055126E-04
4.22988147E-01  2.58505978E-02  3.87603970E-04
4.23286762E-01  2.55646482E-02  3.87833163E-04
4.23585377E-01  2.59784348E-02  3.88300483E-04
4.23883992E-01  2.61912849E-02  3.89098685E-04
4.24182607E-01  2.67705172E-02  3.93556431E-04
4.24481222E-01  2.62389723E-02  3.91844718E-04
4.24779837E-01  2.57354174E-02  3.86398489E-04
4.25078452E-01  2.59136446E-02  3.86254891E-04
4.25377067E-01  2.57244967E-02  3.87547247E-04
4.25675682E-01  2.57642660E-02  3.84970306E-04
4.25974297E-01  2.57891603E-02  3.88125191E-04
4.26272912E-01  2.62954738E-02  3.87621345E-04
4.26571527E-01  2.61809193E-02  3.91064998E-04
4.26870142E-01  2.52015200E-02  3.80663289E-04
4.27168757E-01  2.50444766E-02  3.80073005E-04
4.27467372E-01  2.59541571E-02  3.85618478E-04
4.27765987E-01  2.54067723E-02  3.83851177E-04
4.28064602E-01  2.60187853E-02  3.86792206E-04
4.28363217E-01  2.60034706E-02  3.87723034E-04
4.28661832E-01  2.57663671E-02  3.85346008E-04
4.28960447E-01  2.54388284E-02  3.82290309E-04
4.29259062E-01  2.54740454E-02  3.82043829E-04
4.29557677E-01  2.56690178E-02  3.84018960E-04
4.29856292E-01  2.49743126E-02  3.77188378E-04
4.30154907E-01  2.55264025E-02  3.82184866E-04
4.30453522E-01  2.58136503E-02  3.85708205E-04
4.30752137E-01  2.52110213E-02  3.80243320E-04
4.31050752E-01  2.54084002E-02  3.80205107E-04
4.31349367E-01  2.51506921E-02  3.78945697E-04
4.31647982E-01  2.53053792E-02  3.79941805E-04
4.31946597E-01  2.46960763E-02  3.77358316E-04
4.32245212E-01  2.51774732E-02  3.77893652E-04
4.32543827E-01  2.48974394E-02  3.77711141E-04
4.32842442E-01  2.50162594E-02  3.80742480E-04
4.33141057E-01  2.47247145E-02  3.74402065E-04
4.33439672E-01  2.51489505E-02  3.80042708E-04
4.33738287E-01  2.52570938E-02  3.78832745E-04
4.34036902E-01  2.55284570E-02  3.82816797E-04
4.34335517E-01  2.46583652E-02  3.75818112E-04
4.34634132E-01  2.47251522E-02  3.76748503E-04
4.34932747E-01  2.47010048E-02  3.74644878E-04
4.35231362E-01  2.49957647E-02  3.77125427E-04
4.35529977E-01  2.44991835E-02  3.75447125E-04
4.35828592E-01  2.52888724E-02  3.80854792E-04
4.36127207E-01  2.51291823E-02  3.77466553E-04
4.36425822E-01  2.49111839E-02  3.76492651E-04
4.36724437E-01  2.47674976E-02  3.75739823E-04
4.37023052E-01  2.54629254E-02  3.81149061E-04
4.37321667E-01  2.52400544E-02  3.77306045E-04
4.37620282E-01  2.56057065E-02  3.82814847E-04
4.37918897E-01  2.45402474E-02  3.74017895E-04
4.38217512E-01  2.42903605E-02  3.72772600E-04
4.38516127E-01  2.52513513E-02  3.77728225E-04
4.38814742E-01  2.46126223E-02  3.71049246E-04
4.39113357E-01  2.42344681E-02  3.71521310E-04
4.39411972E-01  2.46911850E-02  3.74841009E-04
4.39710587E-01  2.52976846E-02  3.77914257E-04
4.40009202E-01  2.49081571E-02  3.76403914E-04
4.40307817E-01  2.51398925E-02  3.74846684E-04
4.40606432E-01  2.42657810E-02  3.71521426E-04
4.40905047E-01  2.43419781E-02  3.71039147E-04
4.41203662E-01  2.50792634E-02  3.74317373E-04
4.41502277E-01  2.47117039E-02  3.73520481E-04
4.41800892E-01  2.58574858E-02  3.81496706E-04
4.42099507E-01  2.41840221E-02  3.69189453E-04
4.42398122E-01  2.44948454E-02  3.70581460E-04
4.42696737E-01  2.42869835E-02  3.69087735E-04
4.42995352E-01  2.52950806E-02  3.77496472E-04
4.43293967E-01  2.52590198E-02  3.78308818E-04
4.43592582E-01  2.50833016E-02  3.77075281E-04
4.43891197E-01  2.41608694E-02  3.66536871E-04
4.44189812E-01  2.48244684E-02  3.74797033E-04
4.44488427E-01  2.45471504E-02  3.70906142E-04
4.44787042E-01  2.45783255E-02  3.72527167E-04
4.45085657E-01  2.51023788E-02  3.75080388E-04
4.45384272E-01  2.49939635E-02  3.74843861E-04
4.45682887E-01  2.48873308E-02  3.76691838E-04
4.45981502E-01  2.38235947E-02  3.65008105E-04
4.46280117E-01  2.42200326E-02  3.68837733E-04
4.46578732E-01  2.45838724E-02  3.71843256E-04
4.46877347E-01  2.50935256E-02  3.76421696E-04
4.47175962E-01  2.45574284E-02  3.76118958E-04
4.47474577E-01  2.41047945E-02  3.66446009E-04
4.47773192E-01  2.47023292E-02  3.72825540E-04
4.48071807E-01  2.42636204E-02  3.69501533E-04
4.48370422E-01  2.46630944E-02  3.73597490E-04
4.48669037E-01  2.37454604E-02  3.65617772E-04
4.48967652E-01  2.49744765E-02  3.74551630E-04
4.49266267E-01  2.45551523E-02  3.72947834E-04
4.49564882E-01  2.42878776E-02  3.71077680E-04
4.49863497E-01  2.39961557E-02  3.67307221E-04
4.50162112E-01  2.47317627E-02  3.74208583E-04
4.50460727E-01  2.42840331E-02  3.70889116E-04
4.50759342E-01  2.46349666E-02  3.73643241E-04
4.51057957E-01  2.46605687E-02  3.73345130E-04
4.51356572E-01  2.43729949E-02  3.68737994E-04
4.51655187E-01  2.51214225E-02  3.77819146E-04
4.51953802E-01  2.46690717E-02  3.73003946E-04
4.52252417E-01  2.47118715E-02  3.77071818E-04
4.52551032E-01  2.46285610E-02  3.71966453E-04
4.52849647E-01  2.49682665E-02  3.75345960E-04
4.53148262E-01  2.43308544E-02  3.70525406E-04
4.53446877E-01  2.43678242E-02  3.70401831E-04
4.53745492E-01  2.48598214E-02  3.74946365E-04
4.54044107E-01  2.45784875E-02  3.73560848E-04
4.54342722E-01  2.44462900E-02  3.71981529E-04
4.54641337E-01  2.48332359E-02  3.75743926E-04
4.54939952E-01  2.43991725E-02  3.71135684E-04
4.55238567E-01  2.50494443E-02  3.75802745E-04
4.55537182E-01  2.43662465E-02  3.73190822E-04
4.55835797E-01  2.47828644E-02  3.75368720E-04
4.56134412E-01  2.45107822E-02  3.72316863E-04
4.56433027E-01  2.38678791E-02  3.67808039E-04
4.56731642E-01  2.41971109E-02  3.69604677E-04
4.57030257E-01  2.48056185E-02  3.75713338E-04
4.57328872E-01  2.42325123E-02  3.70448019E-04
4.57627487E-01  2.43697967E-02  3.71333794E-04
4.57926102E-01  2.41869334E-02  3.70184076E-04
4.58224717E-01  2.47013345E-02  3.75427946E-04
4.58523332E-01  2.45550964E-02  3.73076095E-04
4.58821947E-01  2.46191882E-02  3.71359289E-04
4.59120562E-01  2.41991300E-02  3.71678994E-04
4.59419177E-01  2.37158462E-02  3.67786997E-04
4.59717792E-01  2.45720968E-02  3.74285999E-04
4.60016407E-01  2.38095168E-02  3.67214001E-04
4.60315022E-01  2.38776375E-02  3.67174507E-04
4.60613637E-01  2.52519529E-02  3.79096920E-04
4.60912252E-01  2.37546638E-02  3.68832785E-04
4.61210867E-01  2.41154358E-02  3.69653048E-04
4.61509482E-01  2.39663348E-02  3.72388778E-04
4.61808097E-01  2.45165043E-02  3.85144609E-04
4.62106712E-01  2.47567594E-02  3.88679211E-04
4.62405327E-01  2.46028658E-02  3.91014561E-04
4.62703942E-01  2.44569350E-02  3.89384368E-04
4.63002557E-01  2.40252651E-02  3.93012742E-04
4.63301172E-01  2.45510042E-02  3.98689765E-04
4.63599787E-01  2.40350161E-02  3.96582880E-04
4.63898402E-01  2.39735488E-02  3.97904660E-04
4.64197017E-01  2.42209006E-02  4.00468562E-04
4.64495632E-01  2.44143270E-02  4.07131709E-04
4.64794247E-01  2.48463247E-02  4.11372021E-04
4.65092862E-01  2.51517817E-02  4.11826564E-04
4.65391477E-01  2.49198880E-02  4.16083407E-04
4.65690092E-01  2.44066920E-02  4.11667192E-04
4.65988707E-01  2.42639314E-02  4.14057868E-04
4.66287322E-01  2.42122076E-02  4.13959497E-04
4.66585937E-01  2.51241345E-02  4.22150042E-04
4.66884552E-01  2.43683476E-02  4.20895318E-04
4.67183167E-01  2.43571009E-02  4.22596408E-04
4.67481782E-01  2.38467399E-02  4.12996364E-04
4.67780397E-01  2.40070783E-02  4.20272292E-04
4.68079012E-01  2.40621958E-02  4.22208774E-04
4.68377627E-01  2.40207314E-02  4.24299185E-04
4.68676242E-01  2.40732674E-02  4.25758888E-04
4.68974857E-01  2.45102067E-02  4.29607142E-04
4.69273472E-01  2.46717110E-02  4.35119757E-04
4.69572087E-01  2.47848630E-02  4.34822170E-04
4.69870702E-01  2.42080968E-02  4.31531284E-04
4.70169317E-01  2.46591754E-02  4.37767478E-04
4.70467932E-01  2.47954056E-02  4.39908763E-04
4.70766547E-01  2.40511615E-02  4.37800685E-04
4.71065162E-01  2.45700721E-02  4.42363031E-04
4.71363777E-01  2.43027285E-02  4.36983537E-04
4.71662392E-01  2.41578389E-02  4.40692704E-04
4.71961007E-01  2.46094000E-02  4.46191611E-04
4.72259622E-01  2.38300301E-02  4.42283839E-04
4.72558237E-01  2.40463633E-02  4.41757147E-04
4.72856852E-01  2.36531328E-02  4.31773195E-04
4.73155467E-01  2.52291877E-02  4.42549237E-04
4.73454082E-01  2.40961984E-02  4.27369261E-04
4.73752697E-01  2.44613849E-02  4.24022961E-04
4.74051312E-01  2.44012903E-02  4.23745922E-04
4.74349927E-01  2.47660764E-02  4.24360449E-04
4.74648542E-01  2.45183818E-02  4.22354235E-04
4.74947157E-01  2.47201193E-02  4.19951306E-04
4.75245772E-01  2.48231683E-02  4.20128636E-04
4.75544387E-01  2.43451446E-02  4.15262359E-04
4.75843002E-01  2.52784323E-02  4.24084632E-04
4.76141617E-01  2.51533687E-02  4.19339311E-04
4.76440232E-01  2.50903238E-02  4.18929150E-04
4.76738847E-01  2.47897953E-02  4.14837501E-04
4.77037462E-01  2.47820560E-02  4.14998649E-04
4.77336077E-01  2.35427991E-02  4.05368453E-04
4.77634692E-01  2.36703437E-02  4.02873935E-04
4.77933307E-01  2.44488753E-02  4.09994478E-04
4.78231922E-01  2.37852633E-02  4.01929487E-04
4.78530537E-01  2.41219457E-02  4.08670458E-04
4.78829152E-01  2.41023991E-02  4.02377831E-04
4.79127767E-01  2.37398781E-02  4.00705147E-04
4.79426382E-01  2.45865844E-02  4.10061271E-04
4.79724997E-01  2.47663520E-02  4.09711152E-04
4.80023612E-01  2.46428698E-02  4.07724176E-04
4.80322227E-01  2.40365453E-02  4.00999153E-04
4.80620842E-01  2.36821529E-02  4.00015793E-04
4.80919457E-01  2.41919626E-02  4.03031474E-04
4.81218072E-01  2.43762583E-02  4.04143590E-04
4.81516687E-01  2.44119093E-02  4.05180414E-04
4.81815302E-01  2.37121973E-02  3.95423034E-04
4.82113917E-01  2.46449038E-02  4.07646236E-04
4.82412532E-01  2.47275922E-02  4.05261439E-04
4.82711147E-01  2.37218998E-02  3.95915267E-04
4.83009762E-01  2.36310139E-02  3.96279385E-04
4.83308377E-01  2.43766066E-02  4.03318758E-04
4.83606992E-01  2.39376221E-02  3.97308351E-04
4.83905607E-01  2.35220511E-02  3.95063631E-04
4.84204222E-01  2.38326956E-02  3.95730371E-04
4.84502837E-01  2.42012013E-02  4.01351572E-04
4.84801452E-01  2.49734148E-02  4.05924220E-04
4.85100067E-01  2.42541917E-02  3.97396157E-04
4.85398682E-01  2.39810981E-02  3.97373689E-04
4.85697297E-01  2.42988225E-02  3.99794459E-04
4.85995912E-01  2.42976062E-02  4.00915655E-04
4.86294527E-01  2.41378192E-02  3.96448479E-04
4.86593142E-01  2.36598141E-02  3.93402443E-04
4.86891757E-01  2.45448556E-02  4.01512370E-04
4.87190372E-01  2.39437371E-02  3.96972639E-04
4.87488987E-01  2.36346237E-02  3.90721660E-04
4.87787602E-01  2.40816586E-02  3.97406577E-04
4.88086217E-01  2.43379250E-02  3.97595722E-04
4.88384832E-01  2.39925180E-02  3.95666255E-04
4.88683447E-01  2.45348085E-02  4.01133409E-04
4.88982062E-01  2.40651090E-02  3.94669129E-04
4.89280677E-01  2.38541048E-02  3.95432260E-04
4.89579292E-01  2.42602918E-02  3.97069962E-04
4.89877907E-01  2.41475012E-02  3.95648094E-04
4.90176522E-01  2.53230799E-02  4.04148886E-04
4.90475137E-01  2.38413401E-02  3.93333641E-04
4.90773752E-01  2.45636106E-02  3.98947101E-04
4.91072367E-01  2.35421453E-02  3.90959816E-04
4.91370982E-01  2.42194459E-02  3.95449199E-04
4.91669597E-01  2.38450132E-02  3.93073424E-04
4.91968212E-01  2.42084526E-02  3.96859890E-04
4.92266827E-01  2.34726798E-02  3.90290894E-04
4.92565442E-01  2.49417368E-02  4.00106190E-04
4.92864057E-01  2.40388568E-02  3.94079630E-04
4.93162672E-01  2.39682849E-02  3.94196017E-04
4.93461287E-01  2.44288035E-02  3.97966709E-04
4.93759902E-01  2.43283715E-02  3.93984956E-04
4.94058517E-01  2.45987009E-02  3.98049742E-04
4.94357132E-01  2.42249016E-02  3.94226692E-04
4.94655747E-01  2.38431394E-02  3.94168805E-04
4.94954362E-01  2.47605592E-02  3.96689720E-04
4.95252977E-01  2.38349363E-02  3.91632318E-04
4.95551592E-01  2.49890108E-02  4.02212347E-04
4.95850207E-01  2.38232035E-02  3.92128248E-04
4.96148822E-01  2.42755320E-02  3.93180817E-04
4.96447437E-01  2.31575109E-02  3.86226835E-04
4.96746052E-01  2.43734922E-02  3.95546434E-04
4.97044667E-01  2.32828110E-02  3.89129273E-04
4.97343282E-01  2.46621836E-02  3.95621726E-04
4.97641897E-01  2.39378605E-02  3.89194902E-04
4.97940512E-01  2.47859657E-02  4.00085992E-04
4.98239127E-01  2.35293973E-02  3.88451619E-04
4.98537742E-01  2.40230206E-02  3.93291877E-04
4.98836357E-01  2.45021842E-02  3.94734700E-04
4.99134972E-01  2.39789449E-02  3.92150105E-04
4.99433587E-01  2.46589668E-02  3.98868317E-04
4.99732202E-01  2.33893525E-02  3.86244879E-04
5.00030817E-01  2.44451798E-02  3.94379720E-04
5.00329432E-01  2.45604999E-02  3.96291784E-04
5.00628047E-01  2.42090281E-02  3.93447757E-04
5.00926662E-01  2.45479979E-02  3.98378412E-04
5.01225277E-01  2.39249673E-02  3.88728484E-04
5.01523892E-01  2.41122786E-02  3.90536647E-04
5.01822507E-01  2.45824903E-02  3.96182702E-04
5.02121122E-01  2.43787244E-02  3.95423092E-04
5.02419737E-01  2.45945659E-02  3.96480318E-04
5.02718352E-01  2.44043581E-02  3.94749892E-04
5.03016967E-01  2.43797041E-02  3.94454371E-04
5.03315582E-01  2.43660808E-02  3.95426148E-04
5.03614197E-01  2.36424319E-02  3.86440137E-04
5.03912812E-01  2.35910788E-02  3.87834938E-04
5.04211427E-01  2.41467040E-02  3.91505280E-04
5.04510042E-01  2.40020230E-02  3.92370130E-04
5.04808657E-01  2.47942936E-02  3.95457871E-04
5.05107272E-01  2.49432828E-02  3.98901117E-04
5.05405887E-01  2.41142772E-02  3.90671543E-04
5.05704502E-01  2.48349663E-02  3.99525976E-04
5.06003117E-01  2.39549242E-02  3.90246802E-04
5.06301732E-01  2.38489248E-02  3.89191933E-04
5.06600347E-01  2.37999558E-02  3.87362612E-04
5.06898962E-01  2.40234006E-02  3.91778478E-04
5.07197577E-01  2.45807078E-02  3.97186988E-04
5.07496192E-01  2.48152297E-02  3.94290109E-04
5.07794807E-01  2.41158176E-02  3.93809663E-04
5.08093422E-01  2.39671580E-02  3.89877445E-04
5.08392037E-01  2.44379211E-02  3.94467992E-04
5.08690652E-01  2.44584288E-02  3.92504706E-04
5.08989267E-01  2.33462546E-02  3.84799350E-04
5.09287882E-01  2.45432854E-02  3.95910931E-04
5.09586497E-01  2.39319634E-02  3.89407971E-04
5.09885112E-01  2.47826539E-02  3.95977986E-04
5.10183727E-01  2.45712195E-02  3.94772505E-04
5.10482342E-01  2.41211466E-02  3.90373199E-04
5.10780957E-01  2.37495322E-02  3.88502231E-04
5.11079572E-01  2.35993173E-02  3.86510685E-04
5.11378187E-01  2.50488408E-02  3.98303760E-04
5.11676802E-01  2.40101740E-02  3.92871007E-04
5.11975417E-01  2.43159719E-02  3.91379406E-04
5.12274032E-01  2.42740903E-02  3.91619484E-04
5.12572647E-01  2.46138331E-02  3.94643022E-04
5.12871262E-01  2.46673152E-02  3.94588656E-04
5.13169877E-01  2.46584602E-02  3.97355441E-04
5.13468492E-01  2.43649762E-02  3.90352099E-04
5.13767107E-01  2.49409825E-02  3.96388263E-04
5.14065722E-01  2.40838546E-02  3.91827605E-04
5.14364337E-01  2.43121479E-02  3.93001392E-04
5.14662952E-01  2.41226219E-02  3.90601752E-04
5.14961567E-01  2.43461188E-02  3.91256937E-04
5.15260182E-01  2.37508025E-02  3.88731103E-04
5.15558797E-01  2.43839398E-02  3.92524264E-04
5.15857412E-01  2.42473520E-02  3.91137204E-04
5.16156027E-01  2.46592239E-02  3.95319978E-04
5.16454642E-01  2.46139728E-02  3.95153533E-04
5.16753257E-01  2.42725350E-02  3.91441572E-04
5.17051872E-01  2.39048097E-02  3.90000088E-04
5.17350487E-01  2.38862019E-02  3.87179811E-04
5.17649102E-01  2.49995533E-02  3.97168711E-04
5.17947717E-01  2.38487907E-02  3.87541950E-04
5.18246332E-01  2.42750905E-02  3.91279318E-04
5.18544947E-01  2.42595449E-02  3.92407528E-04
5.18843562E-01  2.35901028E-02  3.87243694E-04
5.19142177E-01  2.43667569E-02  3.91639216E-04
5.19440792E-01  2.40656566E-02  3.89118592E-04
5.19739407E-01  2.44030058E-02  3.92221817E-04
5.20038022E-01  2.43071858E-02  3.93384020E-04
5.20336637E-01  2.45679412E-02  3.93452327E-04
5.20635252E-01  2.48017721E-02  3.95225419E-04
5.20933867E-01  2.42897142E-02  3.91413370E-04
5.21232482E-01  2.43564211E-02  3.91473062E-04
5.21531097E-01  2.37685926E-02  3.88243032E-04
5.21829712E-01  2.40566880E-02  3.90302390E-04
5.22128327E-01  2.41123959E-02  3.90180474E-04
5.22426942E-01  2.37961728E-02  3.85821884E-04
5.22725557E-01  2.45909989E-02  3.94327624E-04
5.23024172E-01  2.38840226E-02  3.87858483E-04
5.23322787E-01  2.44959891E-02  3.93665454E-04
5.23621402E-01  2.45395228E-02  3.93148541E-04
5.23920017E-01  2.41827611E-02  3.92399466E-04
5.24218632E-01  2.45851744E-02  3.92272224E-04
5.24517247E-01  2.44407058E-02  3.92169808E-04
5.24815862E-01  2.46969946E-02  3.95772979E-04
5.25114477E-01  2.37267502E-02  3.86119966E-04
5.25413092E-01  2.42664050E-02  3.91444541E-04
5.25711707E-01  2.46749632E-02  3.95115610E-04
5.26010322E-01  2.33659837E-02  3.82432743E-04
5.26308937E-01  2.42321752E-02  3.90790694E-04
5.26607552E-01  2.41134595E-02  3.89738707E-04
5.26906167E-01  2.38654036E-02  3.87351902E-04
5.27204782E-01  2.50325240E-02  3.99156008E-04
5.27503397E-01  2.42149234E-02  3.90563277E-04
5.27802012E-01  2.39938088E-02  3.88872955E-04
5.28100627E-01  2.44420469E-02  3.93357710E-04
5.28399242E-01  2.47211028E-02  3.91954323E-04
5.28697857E-01  2.36479547E-02  3.86633707E-04
5.28996472E-01  2.38695741E-02  3.87777283E-04
5.29295087E-01  2.41866540E-02  3.91689915E-04
5.29593702E-01  2.43507437E-02  3.90525238E-04
5.29892317E-01  2.34766956E-02  3.84296261E-04
5.30190932E-01  2.41104029E-02  3.91173875E-04
5.30489547E-01  2.43438818E-02  3.91524489E-04
5.30788162E-01  2.46883202E-02  3.93517461E-04
5.31086777E-01  2.35855132E-02  3.85664403E-04
5.31385392E-01  2.35131010E-02  3.83201696E-04
5.31684007E-01  2.45754868E-02  3.93775234E-04
5.31982622E-01  2.37816814E-02  3.87270382E-04
5.32281237E-01  2.38143895E-02  3.87443579E-04
5.32579852E-01  2.39091404E-02  3.88882210E-04
5.32878467E-01  2.43513267E-02  3.91694863E-04
5.33177082E-01  2.47951318E-02  3.96025716E-04
5.33475697E-01  2.40791962E-02  3.87518172E-04
5.33774312E-01  2.46759970E-02  3.93821625E-04
5.34072927E-01  2.44261306E-02  3.94431845E-04
5.34371542E-01  2.47707181E-02  3.93334689E-04
5.34670157E-01  2.42708120E-02  3.88594228E-04
5.34968772E-01  2.37732381E-02  3.88267130E-04
5.35267387E-01  2.41554622E-02  3.89654917E-04
5.35566002E-01  2.44655311E-02  3.93786642E-04
5.35864617E-01  2.41855271E-02  3.88575776E-04
5.36163232E-01  2.39073504E-02  3.88698856E-04
5.36461847E-01  2.44031791E-02  3.92325950E-04
5.36760462E-01  2.44903788E-02  3.92260496E-04
5.37059077E-01  2.41192430E-02  3.88615852E-04
5.37357692E-01  2.40786169E-02  3.90863977E-04
5.37656307E-01  2.41814274E-02  3.88459797E-04
5.37954922E-01  2.39140615E-02  3.90879984E-04
5.38253537E-01  2.45158356E-02  3.88699787E-04
5.38552152E-01  2.41595544E-02  3.89518274E-04
5.38850767E-01  2.39599627E-02  3.89143010E-04
5.39149382E-01  2.42114812E-02  3.91374138E-04
5.39447997E-01  2.37269048E-02  3.86020285E-04
5.39746612E-01  2.41675936E-02  3.90257046E-04
5.40045227E-01  2.39211563E-02  3.87035223E-04
5.40343842E-01  2.41491385E-02  3.90877394E-04
5.40642457E-01  2.36502867E-02  3.85028601E-04
5.40941072E-01  2.38798391E-02  3.86518543E-04
5.41239687E-01  2.41162926E-02  3.92355316E-04
5.41538302E-01  2.42027827E-02  3.90265952E-04
5.41836917E-01  2.43882015E-02  3.91377718E-04
5.42135532E-01  2.43326072E-02  3.88291781E-04
5.42434147E-01  2.46691778E-02  3.94014001E-04
5.42732762E-01  2.45806631E-02  3.94466275E-04
5.43031377E-01  2.39489190E-02  3.90615751E-04
5.43329992E-01  2.38297675E-02  3.84451094E-04
5.43628607E-01  2.40030251E-02  3.88665183E-04
5.43927222E-01  2.46424451E-02  3.94291739E-04
5.44225837E-01  2.42935289E-02  3.91780137E-04
5.44524452E-01  2.38543358E-02  3.85399588E-04
5.44823067E-01  2.41274219E-02  3.89964378E-04
5.45121682E-01  2.37040985E-02  3.86058207E-04
5.45420297E-01  2.38344818E-02  3.87309439E-04
5.45718912E-01  2.40015462E-02  3.87626234E-04
5.46017527E-01  2.40694769E-02  3.89027846E-04
5.46316142E-01  2.42752880E-02  3.90118657E-04
5.46614757E-01  2.37992145E-02  3.88743210E-04
5.46913372E-01  2.42997278E-02  3.88808112E-04
5.47211987E-01  2.43778415E-02  3.91615089E-04
5.47510602E-01  2.40576752E-02  3.89703375E-04
5.47809217E-01  2.39074547E-02  3.87066946E-04
5.48107832E-01  2.40024459E-02  3.89833003E-04
5.48406447E-01  2.43389383E-02  3.90738103E-04
5.48705062E-01  2.40901578E-02  3.87795066E-04
5.49003677E-01  2.40995269E-02  3.91203415E-04
5.49302292E-01  2.38573551E-02  3.84896179E-04
5.49600907E-01  2.38743741E-02  3.88419488E-04
5.49899522E-01  2.36731190E-02  3.85553634E-04
5.50198137E-01  2.47537382E-02  3.95415031E-04
5.50496752E-01  2.43468694E-02  3.90815083E-04
5.50795367E-01  2.37172209E-02  3.84794752E-04
5.51093982E-01  2.44074259E-02  3.91686190E-04
5.51392597E-01  2.39326470E-02  3.88904620E-04
5.51691212E-01  2.37194616E-02  3.85848136E-04
5.51989827E-01  2.36401744E-02  3.85017076E-04
5.52288442E-01  2.44241636E-02  3.89554451E-04
5.52587057E-01  2.44333558E-02  3.91046342E-04
5.52885672E-01  2.46515572E-02  3.92981397E-04
5.53184287E-01  2.42571197E-02  3.88225744E-04
5.53482902E-01  2.40909401E-02  3.87456384E-04
5.53781517E-01  2.33640596E-02  3.82401282E-04
5.54080132E-01  2.37177797E-02  3.85006570E-04
5.54378747E-01  2.44153980E-02  3.87448381E-04
5.54677362E-01  2.45204940E-02  3.90149158E-04
5.54975977E-01  2.41122246E-02  3.88200569E-04
5.55274592E-01  2.46383753E-02  3.91183916E-04
5.55573207E-01  2.40860321E-02  3.82559025E-04
5.55871822E-01  2.31979229E-02  3.78215831E-04
5.56170437E-01  2.41267718E-02  3.86734406E-04
5.56469052E-01  2.42100302E-02  3.87869688E-04
5.56767667E-01  2.40053441E-02  3.84196173E-04
5.57066282E-01  2.40313299E-02  3.84957326E-04
5.57364897E-01  2.40501836E-02  3.82375671E-04
5.57663512E-01  2.38566454E-02  3.83192935E-04
5.57962127E-01  2.38268357E-02  3.81681573E-04
5.58260742E-01  2.39863936E-02  3.80976446E-04
5.58559357E-01  2.50294153E-02  3.93445080E-04
5.58857972E-01  2.45014485E-02  3.88716056E-04
5.59156587E-01  2.39750016E-02  3.80891608E-04
5.59455202E-01  2.44559236E-02  3.86972446E-04
5.59753817E-01  2.43048426E-02  3.83957493E-04
5.60052432E-01  2.44418513E-02  3.86314758E-04
5.60351047E-01  2.46196520E-02  3.86621919E-04
5.60649662E-01  2.37075500E-02  3.77884542E-04
5.60948277E-01  2.40264907E-02  3.81132879E-04
5.61246892E-01  2.44388692E-02  3.85114865E-04
5.61545507E-01  2.45215632E-02  3.85224062E-04
5.61844122E-01  2.39920877E-02  3.78827681E-04
5.62142737E-01  2.40523741E-02  3.82603961E-04
5.62441352E-01  2.42207814E-02  3.81252408E-04
5.62739967E-01  2.43324190E-02  3.81687947E-04
5.63038582E-01  2.36371551E-02  3.77338118E-04
5.63337197E-01  2.38188989E-02  3.77554941E-04
5.63635812E-01  2.40985639E-02  3.82709783E-04
5.63934427E-01  2.41292007E-02  3.79481906E-04
5.64233042E-01  2.45826151E-02  3.82149097E-04
5.64531657E-01  2.40012463E-02  3.79445613E-04
5.64830272E-01  2.48490665E-02  3.85732303E-04
5.65128887E-01  2.41569411E-02  3.80766753E-04
5.65427502E-01  2.37743203E-02  3.75389180E-04
5.65726117E-01  2.37964150E-02  3.76867276E-04
5.66024732E-01  2.34786216E-02  3.73998075E-04
5.66323347E-01  2.38267351E-02  3.77111079E-04
5.66621962E-01  2.38432251E-02  3.73968243E-04
5.66920577E-01  2.34473813E-02  3.73927644E-04
5.67219192E-01  2.42536627E-02  3.80921469E-04
5.67517807E-01  2.43509598E-02  3.81509686E-04
5.67816422E-01  2.44037341E-02  3.77232034E-04
5.68115037E-01  2.36342102E-02  3.73783143E-04
5.68413652E-01  2.41509173E-02  3.78282770E-04
5.68712267E-01  2.42874399E-02  3.79352365E-04
5.69010882E-01  2.37360932E-02  3.73993884E-04
5.69309497E-01  2.41524819E-02  3.77520832E-04
5.69608112E-01  2.32239608E-02  3.70789232E-04
5.69906727E-01  2.46218201E-02  3.80739686E-04
5.70205342E-01  2.37089116E-02  3.72090522E-04
5.70503957E-01  2.39308178E-02  3.76828219E-04
5.70802572E-01  2.39049904E-02  3.75677075E-04
5.71101187E-01  2.41805241E-02  3.78792960E-04
5.71399802E-01  2.41968855E-02  3.77019285E-04
5.71698417E-01  2.35319883E-02  3.72399372E-04
5.71997032E-01  2.47961134E-02  3.84032232E-04
5.72295647E-01  2.46028230E-02  3.82094091E-04
5.72594262E-01  2.39830837E-02  3.75700009E-04
5.72892877E-01  2.39330940E-02  3.72682931E-04
5.73191492E-01  2.44280566E-02  3.80390440E-04
5.73490107E-01  2.29343195E-02  3.69428162E-04
5.73788722E-01  2.39302404E-02  3.75379197E-04
5.74087337E-01  2.38847062E-02  3.76055512E-04
5.74385952E-01  2.46250927E-02  3.82809434E-04
5.74684567E-01  2.45045274E-02  3.81257822E-04
5.74983182E-01  2.44354587E-02  3.78810189E-04
5.75281797E-01  2.43613143E-02  3.77207762E-04
5.75580412E-01  2.39383243E-02  3.77180317E-04
5.75879027E-01  2.44051348E-02  3.79619509E-04
5.76177642E-01  2.42409743E-02  3.78950295E-04
5.76476257E-01  2.38553006E-02  3.74295778E-04
5.76774872E-01  2.37410162E-02  3.75284610E-04
5.77073487E-01  2.37618592E-02  3.75192467E-04
5.77372102E-01  2.47828141E-02  3.83964420E-04
5.77670717E-01  2.44265832E-02  3.78672587E-04
5.77969332E-01  2.39977650E-02  3.76623822E-04
5.78267947E-01  2.41500661E-02  3.78687721E-04
5.78566562E-01  2.38091089E-02  3.75144329E-04
5.78865177E-01  2.44300719E-02  3.78363125E-04
5.79163792E-01  2.42730808E-02  3.79220583E-04
5.79462407E-01  2.40632258E-02  3.77233286E-04
5.79761022E-01  2.42048278E-02  3.79826699E-04
5.80059637E-01  2.42477711E-02  3.76443757E-04
5.80358252E-01  2.42214780E-02  3.78738099E-04
5.80656867E-01  2.37028040E-02  3.75526026E-04
5.80955482E-01  2.47085225E-02  3.83412087E-04


### HEADER:
#
#{
#    "analysis": {},
#    "calibration_params": {
#        "Beam_Center_X": 1061.0,
#        "Beam_Center_Y": 2093.0,
#        "Detector Tilt": 0.0,
#        "Detector Tilt Plane Rotation": 0.0,
#        "Detector_X_Pixel_Size": 75.0,
#        "Detector_Y_Pixel_Size": 75.0,
#        "Integration Method": "nosplit_csr",
#        "Radial_Average_Method": "pyFAI",
#        "Sample-to-detector distance (mm)": 1782.0,
#        "Wavelength (A)": 0.8823505857220345
#    },
#    "config_file": "/Users/jwinnikoff/Documents/MBARI/SAXS/HPSAXS_7A_Feb2023/HPSAXS_02_19_23.cfg",
#    "counters": {
#        "Epoch": "87.369",
#        "I1": "0",
#        "I2": "0",
#        "I3": "0",
#        "Seconds": "1",
#        "Time": "2.31266e-05",
#        "date": "Sun Feb 19 21:23:54 2023",
#        "diode": "60782"
#    },
#    "filename": "JWL0322_35C_020MPa_dn_1_data_000001_00001.h5",
#    "history": {},
#    "imageHeader": {},
#    "load_path": "/Users/jwinnikoff/Documents/MBARI/SAXS/HPSAXS_7A_Feb2023/JWL0322_DOPE_TS+/JWL0322_35C_020MPa_dn_1_data_000001.h5",
#    "normalizations": {
#        "Absolute_scale": {
#            "Absolute_scale_factor": 0.005174693841759343,
#            "Method": "Water"
#        },
#        "Counter_norms": [
#            [
#                "/",
#                "diode/150000"
#            ]
#        ],
#        "Polarization": {
#            "Used": false
#        },
#        "Solid_Angle_Correction": "On"
#    },
#    "raw_version": "2.1.4"
#}

