### DATA:
#
# 1908
#      Q             I(Q)           Error     
1.14966775E-02  0.00000000E+00  0.00000000E+00
1.17952925E-02  4.29373175E-01  2.76011527E-02
1.20939075E-02  3.78806561E-01  1.83317345E-02
1.23925225E-02  3.72005284E-01  1.48328217E-02
1.26911375E-02  3.22499722E-01  1.29728420E-02
1.29897525E-02  3.27747226E-01  1.27094928E-02
1.32883675E-02  3.04355741E-01  1.17670726E-02
1.35869825E-02  2.98737824E-01  1.11025032E-02
1.38855975E-02  2.69037575E-01  9.87003185E-03
1.41842125E-02  2.39338025E-01  9.50532779E-03
1.44828275E-02  2.35091165E-01  9.32197087E-03
1.47814425E-02  2.39700854E-01  9.13187489E-03
1.50800575E-02  2.34204143E-01  8.69213138E-03
1.53786725E-02  2.16060832E-01  7.86325894E-03
1.56772875E-02  2.16985077E-01  7.94438832E-03
1.59759025E-02  1.96691096E-01  7.06079882E-03
1.62745175E-02  1.89748943E-01  6.83807721E-03
1.65731325E-02  1.78694978E-01  6.73004193E-03
1.68717475E-02  1.76786378E-01  6.14746474E-03
1.71703625E-02  1.78610593E-01  6.50030468E-03
1.74689775E-02  1.77427799E-01  5.98108955E-03
1.77675925E-02  1.57930285E-01  5.54910442E-03
1.80662075E-02  1.48067817E-01  5.59244398E-03
1.83648225E-02  1.54055238E-01  5.12663741E-03
1.86634375E-02  1.55576363E-01  5.39040146E-03
1.89620525E-02  1.44263953E-01  4.89100628E-03
1.92606675E-02  1.28464803E-01  4.68151737E-03
1.95592825E-02  1.30461901E-01  4.76379553E-03
1.98578975E-02  1.27032667E-01  4.35206760E-03
2.01565125E-02  1.21482454E-01  4.40663192E-03
2.04551275E-02  1.21805996E-01  4.14152816E-03
2.07537425E-02  1.18420050E-01  3.98967275E-03
2.10523575E-02  1.27436832E-01  3.90866399E-03
2.13509725E-02  1.30219907E-01  3.70847923E-03
2.16495875E-02  1.31339192E-01  3.71334841E-03
2.19482025E-02  1.31135136E-01  3.43667436E-03
2.22468175E-02  1.26073018E-01  3.52522521E-03
2.25454325E-02  1.26107141E-01  3.23351659E-03
2.28440475E-02  1.22112848E-01  3.25895101E-03
2.31426625E-02  1.13019839E-01  3.02599068E-03
2.34412775E-02  1.15366332E-01  2.93885241E-03
2.37398925E-02  1.09925419E-01  2.97748926E-03
2.40385075E-02  1.13013156E-01  2.83777132E-03
2.43371225E-02  1.03607312E-01  2.71711615E-03
2.46357375E-02  1.01044528E-01  2.75621540E-03
2.49343525E-02  9.91837457E-02  2.59664655E-03
2.52329675E-02  9.70996246E-02  2.69617164E-03
2.55315825E-02  9.78491455E-02  2.53576902E-03
2.58301975E-02  9.31007490E-02  2.48733396E-03
2.61288125E-02  9.35409740E-02  2.57658330E-03
2.64274275E-02  9.31351110E-02  2.40795081E-03
2.67260425E-02  8.59534144E-02  2.43600667E-03
2.70246575E-02  9.11372676E-02  2.34924187E-03
2.73232725E-02  8.42631757E-02  2.33166525E-03
2.76218875E-02  8.60569701E-02  2.39139399E-03
2.79205025E-02  8.50802809E-02  2.28945492E-03
2.82191175E-02  8.32087249E-02  2.25631334E-03
2.85177325E-02  8.09674338E-02  2.18830886E-03
2.88163475E-02  7.87741318E-02  2.22628843E-03
2.91149625E-02  7.92800412E-02  2.16900557E-03
2.94135775E-02  7.85681829E-02  2.13440624E-03
2.97121925E-02  7.49807358E-02  2.10235524E-03
3.00108075E-02  7.57112056E-02  2.04252219E-03
3.03094225E-02  7.16941580E-02  2.07656552E-03
3.06080375E-02  7.26622641E-02  2.02308479E-03
3.09066525E-02  7.17391595E-02  1.98207749E-03
3.12052675E-02  6.98090345E-02  2.01521325E-03
3.15038825E-02  7.37965405E-02  1.98294711E-03
3.18024975E-02  6.97640851E-02  1.95762748E-03
3.21011125E-02  7.09212124E-02  1.90982688E-03
3.23997275E-02  7.21425638E-02  1.87525654E-03
3.26983425E-02  7.48881176E-02  1.92655169E-03
3.29969575E-02  7.78311044E-02  1.85575336E-03
3.32955725E-02  7.57957697E-02  1.83132861E-03
3.35941875E-02  7.11337849E-02  1.69174455E-03
3.38928025E-02  7.33187497E-02  1.76838611E-03
3.41914175E-02  7.39033744E-02  1.72241335E-03
3.44900325E-02  7.34285116E-02  1.70533557E-03
3.47886474E-02  6.73402399E-02  1.60470419E-03
3.50872624E-02  6.96478412E-02  1.60120544E-03
3.53858774E-02  6.96413815E-02  1.65158708E-03
3.56844924E-02  6.97419792E-02  1.58915459E-03
3.59831074E-02  7.15331435E-02  1.58221996E-03
3.62817224E-02  7.13038594E-02  1.61845365E-03
3.65803374E-02  6.87294826E-02  1.54030754E-03
3.68789524E-02  6.86493590E-02  1.59134122E-03
3.71775674E-02  6.61854893E-02  1.52645446E-03
3.74761824E-02  6.94392249E-02  1.52182416E-03
3.77747974E-02  6.72025830E-02  1.50420039E-03
3.80734124E-02  6.95383921E-02  1.50602101E-03
3.83720274E-02  6.82946593E-02  1.54143991E-03
3.86706424E-02  6.90793023E-02  1.47680880E-03
3.89692574E-02  6.84962794E-02  1.51430792E-03
3.92678724E-02  6.92061633E-02  1.53375475E-03
3.95664874E-02  6.72482699E-02  1.45710655E-03
3.98651024E-02  7.14166090E-02  1.50292472E-03
4.01637174E-02  7.12186024E-02  1.47605292E-03
4.04623324E-02  6.94980174E-02  1.50975666E-03
4.07609474E-02  7.12488145E-02  1.47509598E-03
4.10595624E-02  7.09422156E-02  1.50194822E-03
4.13581774E-02  7.25063160E-02  1.49062532E-03
4.16567924E-02  7.15332031E-02  1.45082548E-03
4.19554074E-02  7.43361041E-02  1.52118714E-03
4.22540224E-02  7.14339018E-02  1.47956214E-03
4.25526374E-02  7.66701102E-02  1.51208101E-03
4.28512524E-02  7.62583762E-02  1.51311059E-03
4.31498674E-02  7.54909366E-02  1.48795755E-03
4.34484824E-02  7.90510550E-02  1.57006877E-03
4.37470974E-02  7.72604793E-02  1.48577837E-03
4.40457124E-02  7.85047710E-02  1.50498375E-03
4.43443274E-02  8.22741911E-02  1.57033547E-03
4.46429424E-02  8.24980065E-02  1.53779367E-03
4.49415574E-02  8.31601322E-02  1.59364415E-03
4.52401724E-02  8.71282220E-02  1.55909604E-03
4.55387874E-02  8.64717662E-02  1.57822529E-03
4.58374024E-02  9.03892815E-02  1.61357981E-03
4.61360174E-02  9.25528929E-02  1.60943298E-03
4.64346324E-02  9.36928168E-02  1.65086263E-03
4.67332474E-02  9.64441895E-02  1.62257301E-03
4.70318624E-02  1.00384057E-01  1.70461065E-03
4.73304774E-02  1.03200197E-01  1.71857176E-03
4.76290924E-02  1.07066199E-01  1.71355275E-03
4.79277074E-02  1.11203663E-01  1.73565140E-03
4.82263224E-02  1.19209744E-01  1.78482500E-03
4.85249374E-02  1.26194298E-01  1.89279614E-03
4.88235524E-02  1.31634131E-01  1.88549655E-03
4.91221674E-02  1.39042690E-01  1.92613888E-03
4.94207824E-02  1.48601755E-01  2.01254711E-03
4.97193974E-02  1.58407167E-01  2.04061111E-03
5.00180124E-02  1.70774937E-01  2.17764243E-03
5.03166274E-02  1.90020114E-01  2.23167310E-03
5.06152424E-02  2.05571592E-01  2.32808758E-03
5.09138574E-02  2.26593584E-01  2.47381162E-03
5.12124724E-02  2.50259459E-01  2.53136246E-03
5.15110874E-02  2.68308550E-01  2.66765757E-03
5.18097024E-02  2.93536186E-01  2.74945935E-03
5.21083174E-02  3.09737563E-01  2.82022799E-03
5.24069324E-02  3.17927271E-01  2.85934028E-03
5.27055474E-02  3.28735054E-01  2.88875774E-03
5.30041624E-02  3.32602888E-01  2.96129985E-03
5.33027774E-02  3.40686917E-01  2.92826421E-03
5.36013924E-02  3.37545723E-01  2.93141440E-03
5.39000074E-02  3.33201051E-01  2.86360481E-03
5.41986224E-02  3.36447716E-01  2.93507962E-03
5.44972374E-02  3.32622230E-01  2.88116909E-03
5.47958524E-02  3.37410420E-01  2.88164010E-03
5.50944674E-02  3.37444633E-01  2.92678643E-03
5.53930824E-02  3.39834750E-01  2.87212781E-03
5.56916974E-02  3.43959868E-01  2.87382584E-03
5.59903124E-02  3.53884190E-01  2.97602429E-03
5.62889274E-02  3.65685463E-01  2.95919762E-03
5.65875424E-02  3.82805347E-01  3.08223255E-03
5.68861574E-02  3.93511951E-01  3.06972535E-03
5.71847724E-02  4.00346220E-01  3.07558523E-03
5.74833874E-02  4.09568638E-01  3.14448681E-03
5.77820024E-02  4.18135613E-01  3.13900062E-03
5.80806174E-02  4.34551924E-01  3.27938027E-03
5.83792324E-02  4.39214349E-01  3.17937555E-03
5.86778474E-02  4.44537073E-01  3.24956072E-03
5.89764624E-02  4.43708181E-01  3.28186899E-03
5.92750774E-02  4.48103547E-01  3.16453842E-03
5.95736924E-02  4.37958509E-01  3.22543154E-03
5.98723074E-02  4.38874573E-01  3.16179241E-03
6.01709224E-02  4.37478513E-01  3.15271690E-03
6.04695374E-02  4.36440617E-01  3.19850468E-03
6.07681524E-02  4.35579509E-01  3.16210696E-03
6.10667674E-02  4.31274384E-01  3.16285249E-03
6.13653824E-02  4.27841902E-01  3.07863671E-03
6.16639974E-02  4.29437846E-01  3.12361820E-03
6.19626124E-02  4.17283624E-01  3.08304932E-03
6.22612274E-02  4.16966468E-01  3.02419695E-03
6.25598424E-02  4.15774852E-01  3.08540557E-03
6.28584574E-02  4.05535996E-01  2.99731712E-03
6.31570724E-02  4.07993108E-01  3.03300773E-03
6.34556874E-02  4.20770109E-01  2.99748243E-03
6.37543024E-02  4.25150245E-01  3.05373897E-03
6.40529174E-02  4.28422391E-01  3.10802087E-03
6.43515324E-02  4.34248477E-01  3.06921965E-03
6.46501474E-02  4.37033892E-01  3.14510567E-03
6.49487624E-02  4.45300788E-01  3.05797788E-03
6.52473774E-02  4.39927161E-01  3.06496909E-03
6.55459924E-02  4.34847623E-01  3.08077340E-03
6.58446074E-02  4.24532175E-01  3.01086647E-03
6.61432224E-02  4.09115225E-01  2.98823346E-03
6.64418374E-02  4.04314727E-01  2.89676944E-03
6.67404524E-02  3.92987967E-01  2.89337407E-03
6.70390674E-02  4.00133103E-01  2.93368171E-03
6.73376824E-02  3.95754278E-01  2.84113036E-03
6.76362974E-02  3.99551928E-01  2.92447279E-03
6.79349124E-02  3.98516387E-01  2.85595958E-03
6.82335274E-02  3.97157341E-01  2.87102535E-03
6.85321424E-02  3.76705825E-01  2.82941712E-03
6.88307574E-02  3.71422023E-01  2.75399559E-03
6.91293724E-02  3.52860689E-01  2.72538210E-03
6.94279874E-02  3.41508895E-01  2.61679199E-03
6.97266024E-02  3.27196032E-01  2.60591996E-03
7.00252174E-02  3.13164860E-01  2.52881460E-03
7.03238324E-02  3.11194390E-01  2.50078388E-03
7.06224474E-02  2.99184293E-01  2.48897122E-03
7.09210624E-02  3.00781131E-01  2.46417779E-03
7.12196774E-02  2.96082914E-01  2.43931427E-03
7.15182924E-02  2.91384429E-01  2.36686808E-03
7.18169074E-02  2.88711399E-01  2.41974695E-03
7.21155224E-02  2.80541688E-01  2.37713032E-03
7.24141374E-02  2.75083125E-01  2.34064576E-03
7.27127524E-02  2.66180903E-01  2.29219440E-03
7.30113674E-02  2.66725481E-01  2.27687904E-03
7.33099824E-02  2.54763991E-01  2.23752833E-03
7.36085974E-02  2.48832136E-01  2.21871072E-03
7.39072124E-02  2.42184907E-01  2.14853603E-03
7.42058274E-02  2.36593544E-01  2.16830289E-03
7.45044424E-02  2.27795079E-01  2.09047901E-03
7.48030574E-02  2.23675638E-01  2.08506105E-03
7.51016724E-02  2.22081557E-01  2.07534735E-03
7.54002874E-02  2.21923321E-01  2.04141322E-03
7.56989024E-02  2.17534557E-01  2.05624290E-03
7.59975174E-02  2.19553024E-01  2.03263690E-03
7.62961324E-02  2.15239689E-01  2.01900606E-03
7.65947474E-02  2.14736119E-01  2.01021857E-03
7.68933624E-02  2.14777932E-01  2.01255083E-03
7.71919774E-02  2.11195573E-01  2.01725005E-03
7.74905924E-02  2.14755148E-01  1.98932644E-03
7.77892074E-02  2.11960554E-01  1.98877207E-03
7.80878224E-02  2.13225111E-01  1.97812612E-03
7.83864374E-02  2.14285642E-01  1.97997177E-03
7.86850524E-02  2.11060554E-01  1.99719006E-03
7.89836674E-02  2.12195188E-01  1.97744113E-03
7.92822824E-02  2.11301506E-01  1.95708266E-03
7.95808974E-02  2.11616382E-01  1.94078137E-03
7.98795124E-02  2.13136673E-01  1.98595622E-03
8.01781274E-02  2.08868280E-01  1.98257924E-03
8.04767424E-02  2.07251340E-01  1.92452921E-03
8.07753574E-02  2.11347535E-01  1.96332834E-03
8.10739724E-02  2.13505730E-01  1.95139099E-03
8.13725874E-02  2.11803094E-01  1.93582941E-03
8.16712024E-02  2.12039635E-01  1.96856889E-03
8.19698174E-02  2.11496592E-01  1.91542832E-03
8.22684324E-02  2.12067664E-01  1.95864192E-03
8.25670474E-02  2.14066818E-01  1.94421504E-03
8.28656624E-02  2.11826518E-01  1.94762938E-03
8.31642774E-02  2.13686436E-01  1.92909979E-03
8.34628924E-02  2.13129804E-01  1.92848046E-03
8.37615074E-02  2.11553186E-01  1.95031671E-03
8.40601224E-02  2.14163169E-01  1.92184770E-03
8.43587374E-02  2.10331678E-01  1.91202713E-03
8.46573524E-02  2.13645086E-01  1.91766187E-03
8.49559674E-02  2.16010600E-01  1.94147718E-03
8.52545824E-02  2.13973299E-01  1.93611265E-03
8.55531974E-02  2.20652744E-01  1.93391426E-03
8.58518124E-02  2.17458650E-01  1.92910200E-03
8.61504274E-02  2.17281699E-01  1.90818345E-03
8.64490424E-02  2.17027232E-01  1.93843863E-03
8.67476574E-02  2.17477396E-01  1.93667423E-03
8.70462724E-02  2.18680099E-01  1.90981524E-03
8.73448874E-02  2.17531621E-01  1.91928039E-03
8.76435024E-02  2.18687221E-01  1.90537760E-03
8.79421174E-02  2.20041677E-01  1.94240978E-03
8.82407324E-02  2.18864709E-01  1.92976568E-03
8.85393474E-02  2.19477311E-01  1.90525968E-03
8.88379624E-02  2.23874480E-01  1.93876133E-03
8.91365774E-02  2.21041575E-01  1.90143741E-03
8.94351924E-02  2.26226270E-01  1.93795154E-03
8.97338074E-02  2.24503353E-01  1.91981404E-03
9.00324224E-02  2.26513460E-01  1.92306156E-03
9.03310374E-02  2.25450769E-01  1.94008392E-03
9.06296524E-02  2.25527793E-01  1.91711308E-03
9.09282674E-02  2.29783267E-01  1.93334254E-03
9.12268824E-02  2.28150085E-01  1.92293932E-03
9.15254974E-02  2.30598584E-01  1.92620826E-03
9.18241124E-02  2.32037231E-01  1.96086243E-03
9.21227274E-02  2.29768485E-01  1.93328655E-03
9.24213424E-02  2.32771561E-01  1.91285356E-03
9.27199574E-02  2.27544159E-01  1.90823199E-03
9.30185724E-02  2.34021619E-01  1.93870300E-03
9.33171874E-02  2.35383779E-01  1.96398795E-03
9.36158024E-02  2.35911146E-01  1.89899257E-03
9.39144174E-02  2.34366670E-01  1.94189476E-03
9.42130324E-02  2.35282749E-01  1.93518947E-03
9.45116474E-02  2.42357239E-01  1.95532059E-03
9.48102624E-02  2.38180414E-01  1.94707280E-03
9.51088774E-02  2.40730256E-01  1.91995292E-03
9.54074924E-02  2.41264001E-01  1.94745138E-03
9.57061074E-02  2.46634513E-01  1.96379749E-03
9.60047224E-02  2.51471907E-01  1.98471360E-03
9.63033374E-02  2.46313617E-01  1.94545707E-03
9.66019524E-02  2.50188768E-01  1.97096821E-03
9.69005674E-02  2.51910150E-01  1.97256799E-03
9.71991824E-02  2.52307564E-01  1.96899078E-03
9.74977974E-02  2.52006888E-01  1.96103915E-03
9.77964124E-02  2.49937087E-01  1.94628851E-03
9.80950274E-02  2.55689383E-01  1.98214781E-03
9.83936424E-02  2.55157799E-01  1.98094570E-03
9.86922574E-02  2.57418871E-01  1.98798324E-03
9.89908724E-02  2.62474537E-01  1.98605121E-03
9.92894874E-02  2.59494275E-01  1.96891907E-03
9.95881024E-02  2.63651609E-01  2.00069346E-03
9.98867174E-02  2.64031857E-01  2.00902345E-03
1.00185332E-01  2.67679065E-01  1.97739038E-03
1.00483947E-01  2.68405259E-01  2.01178226E-03
1.00782562E-01  2.71060973E-01  1.99725688E-03
1.01081177E-01  2.74342984E-01  2.02961033E-03
1.01379792E-01  2.70497024E-01  2.00770656E-03
1.01678407E-01  2.76108265E-01  2.00664112E-03
1.01977022E-01  2.75996774E-01  2.02801800E-03
1.02275637E-01  2.77457654E-01  2.03337986E-03
1.02574252E-01  2.82433391E-01  2.04297458E-03
1.02872867E-01  2.85605311E-01  2.03253352E-03
1.03171482E-01  2.83639163E-01  2.02387827E-03
1.03470097E-01  2.90810347E-01  2.05264823E-03
1.03768712E-01  2.90050745E-01  2.06862716E-03
1.04067327E-01  2.91046590E-01  2.03529070E-03
1.04365942E-01  2.91296959E-01  2.05942011E-03
1.04664557E-01  2.95733482E-01  2.07334547E-03
1.04963172E-01  3.00276041E-01  2.07397901E-03
1.05261787E-01  3.01896155E-01  2.08462193E-03
1.05560402E-01  3.05234194E-01  2.07436015E-03
1.05859017E-01  3.03966612E-01  2.09686998E-03
1.06157632E-01  3.05137724E-01  2.08734209E-03
1.06456247E-01  3.12063515E-01  2.11089966E-03
1.06754862E-01  3.12963754E-01  2.08888669E-03
1.07053477E-01  3.12697917E-01  2.10124813E-03
1.07352092E-01  3.20591509E-01  2.12760642E-03
1.07650707E-01  3.19038242E-01  2.12413841E-03
1.07949322E-01  3.18391770E-01  2.11861357E-03
1.08247937E-01  3.20420891E-01  2.12366995E-03
1.08546552E-01  3.20755363E-01  2.13325536E-03
1.08845167E-01  3.23144168E-01  2.10612360E-03
1.09143782E-01  3.24805766E-01  2.13646400E-03
1.09442397E-01  3.30760121E-01  2.12915614E-03
1.09741012E-01  3.31079125E-01  2.13679508E-03
1.10039627E-01  3.28531146E-01  2.14529294E-03
1.10338242E-01  3.34464401E-01  2.15104106E-03
1.10636857E-01  3.38149667E-01  2.13638297E-03
1.10935472E-01  3.38728458E-01  2.13658856E-03
1.11234087E-01  3.40678692E-01  2.16252706E-03
1.11532702E-01  3.44991386E-01  2.17449316E-03
1.11831317E-01  3.44705701E-01  2.16193986E-03
1.12129932E-01  3.47879261E-01  2.17603124E-03
1.12428547E-01  3.50265563E-01  2.18264712E-03
1.12727162E-01  3.53151530E-01  2.18244386E-03
1.13025777E-01  3.49280894E-01  2.16798345E-03
1.13324392E-01  3.58220488E-01  2.19223276E-03
1.13623007E-01  3.53640229E-01  2.18313071E-03
1.13921622E-01  3.63465190E-01  2.21493375E-03
1.14220237E-01  3.63208920E-01  2.19258550E-03
1.14518852E-01  3.62842590E-01  2.17372365E-03
1.14817467E-01  3.64756405E-01  2.21048249E-03
1.15116082E-01  3.71162772E-01  2.22813105E-03
1.15414697E-01  3.70329291E-01  2.21563480E-03
1.15713312E-01  3.72950673E-01  2.20218720E-03
1.16011927E-01  3.70935678E-01  2.20432179E-03
1.16310542E-01  3.75864685E-01  2.23883707E-03
1.16609157E-01  3.73918653E-01  2.20828806E-03
1.16907772E-01  3.79892886E-01  2.23408430E-03
1.17206387E-01  3.83589208E-01  2.23584543E-03
1.17505002E-01  3.82143468E-01  2.21783202E-03
1.17803617E-01  3.82366359E-01  2.24301335E-03
1.18102232E-01  3.85335088E-01  2.23031593E-03
1.18400847E-01  3.84233296E-01  2.23037391E-03
1.18699462E-01  3.86710584E-01  2.23267451E-03
1.18998077E-01  3.93373072E-01  2.23086495E-03
1.19296692E-01  3.92591000E-01  2.27113417E-03
1.19595307E-01  3.97331744E-01  2.24366644E-03
1.19893922E-01  3.90175641E-01  2.21862667E-03
1.20192537E-01  3.95719796E-01  2.26018624E-03
1.20491152E-01  3.96024823E-01  2.22887192E-03
1.20789767E-01  3.96793485E-01  2.25182041E-03
1.21088382E-01  4.00280476E-01  2.25844583E-03
1.21386997E-01  4.00141925E-01  2.24043475E-03
1.21685612E-01  4.01396573E-01  2.26485124E-03
1.21984227E-01  3.98078948E-01  2.24100077E-03
1.22282842E-01  4.03210551E-01  2.23954022E-03
1.22581457E-01  4.02373463E-01  2.22170190E-03
1.22880072E-01  3.98199260E-01  2.24935450E-03
1.23178687E-01  4.07078415E-01  2.25342391E-03
1.23477302E-01  4.06671166E-01  2.25865701E-03
1.23775917E-01  4.03622359E-01  2.22362066E-03
1.24074532E-01  4.04830903E-01  2.24878290E-03
1.24373147E-01  4.07731384E-01  2.25365721E-03
1.24671762E-01  4.04683262E-01  2.23272038E-03
1.24970377E-01  4.05389965E-01  2.22849404E-03
1.25268992E-01  4.08843905E-01  2.23488733E-03
1.25567607E-01  4.11949068E-01  2.23263050E-03
1.25866222E-01  4.10669953E-01  2.26495741E-03
1.26164837E-01  4.09885049E-01  2.23773858E-03
1.26463452E-01  4.13343340E-01  2.23641307E-03
1.26762067E-01  4.11568254E-01  2.24079192E-03
1.27060682E-01  4.10337836E-01  2.23131664E-03
1.27359297E-01  4.08538580E-01  2.25988007E-03
1.27657912E-01  4.11984593E-01  2.21618824E-03
1.27956527E-01  4.13882285E-01  2.23104982E-03
1.28255142E-01  4.10877466E-01  2.23892322E-03
1.28553757E-01  4.11978424E-01  2.20290432E-03
1.28852372E-01  4.13968265E-01  2.21706508E-03
1.29150987E-01  4.12354350E-01  2.21274165E-03
1.29449602E-01  4.13751006E-01  2.22995342E-03
1.29748217E-01  4.12148237E-01  2.22412730E-03
1.30046832E-01  4.11685914E-01  2.20506289E-03
1.30345447E-01  4.12690938E-01  2.20190315E-03
1.30644062E-01  4.12363917E-01  2.19812570E-03
1.30942677E-01  4.11057621E-01  2.21075420E-03
1.31241292E-01  4.14335340E-01  2.21215724E-03
1.31539907E-01  4.12566394E-01  2.19577597E-03
1.31838522E-01  4.15154904E-01  2.21287739E-03
1.32137137E-01  4.11017478E-01  2.22184602E-03
1.32435752E-01  4.08144087E-01  2.24309159E-03
1.32734367E-01  4.04100865E-01  2.22886284E-03
1.33032982E-01  4.04000342E-01  2.25210539E-03
1.33331597E-01  4.05407369E-01  2.25602649E-03
1.33630212E-01  4.03471678E-01  2.26024794E-03
1.33928827E-01  3.98676783E-01  2.28120899E-03
1.34227442E-01  3.96425784E-01  2.21994100E-03
1.34526057E-01  3.98064137E-01  2.26947060E-03
1.34824672E-01  3.97440970E-01  2.28440762E-03
1.35123287E-01  3.93014073E-01  2.25832872E-03
1.35421902E-01  3.92253339E-01  2.27619964E-03
1.35720517E-01  3.93888623E-01  2.25754734E-03
1.36019132E-01  3.92857492E-01  2.29509803E-03
1.36317747E-01  3.93353164E-01  2.27432582E-03
1.36616362E-01  3.88226300E-01  2.25279341E-03
1.36914977E-01  3.92906874E-01  2.29179137E-03
1.37213592E-01  3.90353978E-01  2.28778459E-03
1.37512207E-01  3.84333074E-01  2.29269802E-03
1.37810822E-01  3.86749029E-01  2.27720151E-03
1.38109437E-01  3.78624529E-01  2.25315848E-03
1.38408052E-01  3.81939262E-01  2.27159751E-03
1.38706667E-01  3.77394617E-01  2.26321816E-03
1.39005282E-01  3.75138074E-01  2.28099106E-03
1.39303897E-01  3.74381661E-01  2.23377114E-03
1.39602512E-01  3.72172892E-01  2.27019098E-03
1.39901127E-01  3.70698661E-01  2.26216670E-03
1.40199742E-01  3.70842218E-01  2.25212425E-03
1.40498357E-01  3.65256101E-01  2.25871592E-03
1.40796972E-01  3.63753408E-01  2.22451054E-03
1.41095587E-01  3.57357562E-01  2.23680749E-03
1.41394202E-01  3.58325362E-01  2.22583790E-03
1.41692817E-01  3.54363143E-01  2.22742185E-03
1.41991432E-01  3.53888005E-01  2.22593080E-03
1.42290047E-01  3.48493785E-01  2.19339062E-03
1.42588662E-01  3.52541834E-01  2.23584985E-03
1.42887277E-01  3.53201687E-01  2.22553569E-03
1.43185892E-01  3.49646896E-01  2.20734742E-03
1.43484507E-01  3.48442882E-01  2.22104904E-03
1.43783122E-01  3.47327560E-01  2.19915691E-03
1.44081737E-01  3.43159944E-01  2.19281600E-03
1.44380352E-01  3.41315031E-01  2.16901489E-03
1.44678967E-01  3.44665378E-01  2.15550605E-03
1.44977582E-01  3.41189921E-01  2.18738453E-03
1.45276197E-01  3.37987423E-01  2.14514136E-03
1.45574812E-01  3.42365801E-01  2.18426576E-03
1.45873427E-01  3.33917558E-01  2.10729125E-03
1.46172042E-01  3.34071636E-01  2.12294119E-03
1.46470657E-01  3.32529545E-01  2.14343448E-03
1.46769272E-01  3.27179551E-01  2.10093381E-03
1.47067887E-01  3.30180973E-01  2.10575620E-03
1.47366502E-01  3.26115429E-01  2.08254042E-03
1.47665117E-01  3.22627842E-01  2.07448751E-03
1.47963732E-01  3.22794646E-01  2.09881435E-03
1.48262347E-01  3.21057737E-01  2.07099551E-03
1.48560962E-01  3.20031315E-01  2.07080366E-03
1.48859577E-01  3.18546027E-01  2.03848840E-03
1.49158192E-01  3.16382736E-01  2.07389402E-03
1.49456807E-01  3.14970344E-01  2.04513269E-03
1.49755422E-01  3.11653018E-01  2.02903245E-03
1.50054037E-01  3.15231651E-01  2.05368083E-03
1.50352652E-01  3.10475260E-01  2.01251218E-03
1.50651267E-01  3.06698531E-01  2.02875957E-03
1.50949882E-01  3.06042194E-01  1.99516839E-03
1.51248497E-01  3.04822862E-01  2.00074259E-03
1.51547112E-01  3.04901928E-01  2.03593960E-03
1.51845727E-01  3.01150918E-01  1.96482637E-03
1.52144342E-01  3.02665710E-01  2.01844424E-03
1.52442957E-01  3.02858472E-01  1.95911061E-03
1.52741572E-01  3.00175995E-01  1.97887188E-03
1.53040187E-01  2.98733532E-01  2.00226414E-03
1.53338802E-01  3.02607477E-01  1.97458174E-03
1.53637417E-01  2.95248032E-01  1.97420781E-03
1.53936032E-01  2.93464899E-01  1.93960941E-03
1.54234647E-01  2.95283318E-01  1.94984023E-03
1.54533262E-01  2.88916409E-01  1.95876649E-03
1.54831877E-01  2.92386293E-01  1.94307708E-03
1.55130492E-01  2.93097705E-01  1.94827805E-03
1.55429107E-01  2.91117817E-01  1.93115370E-03
1.55727722E-01  2.87456423E-01  1.93794270E-03
1.56026337E-01  2.86294550E-01  1.92273955E-03
1.56324952E-01  2.86345124E-01  1.91664963E-03
1.56623567E-01  2.83668071E-01  1.92940223E-03
1.56922182E-01  2.79627591E-01  1.88791100E-03
1.57220797E-01  2.83015847E-01  1.92505529E-03
1.57519412E-01  2.82608598E-01  1.89999968E-03
1.57818027E-01  2.76565403E-01  1.87822746E-03
1.58116642E-01  2.80435979E-01  1.91697606E-03
1.58415257E-01  2.80215055E-01  1.89058494E-03
1.58713872E-01  2.76788414E-01  1.89679023E-03
1.59012487E-01  2.80457288E-01  1.88196707E-03
1.59311102E-01  2.77469218E-01  1.90051855E-03
1.59609717E-01  2.75995314E-01  1.89895055E-03
1.59908332E-01  2.75804758E-01  1.85446651E-03
1.60206947E-01  2.72179604E-01  1.86062488E-03
1.60505562E-01  2.69878179E-01  1.85274449E-03
1.60804177E-01  2.71369010E-01  1.85586442E-03
1.61102792E-01  2.68325090E-01  1.84608914E-03
1.61401407E-01  2.67844111E-01  1.83722260E-03
1.61700022E-01  2.66068786E-01  1.82853267E-03
1.61998637E-01  2.63519108E-01  1.82362890E-03
1.62297252E-01  2.64639914E-01  1.83600711E-03
1.62595867E-01  2.63320267E-01  1.83011405E-03
1.62894482E-01  2.61747509E-01  1.80408289E-03
1.63193097E-01  2.62457192E-01  1.83303584E-03
1.63491712E-01  2.59316504E-01  1.79193018E-03
1.63790327E-01  2.58711368E-01  1.81794853E-03
1.64088942E-01  2.55904764E-01  1.77763088E-03
1.64387557E-01  2.54338712E-01  1.78589975E-03
1.64686172E-01  2.51074046E-01  1.79544836E-03
1.64984787E-01  2.53859460E-01  1.77298812E-03
1.65283402E-01  2.52033532E-01  1.77779584E-03
1.65582017E-01  2.54998147E-01  1.77325937E-03
1.65880632E-01  2.51546055E-01  1.76860264E-03
1.66179247E-01  2.51177937E-01  1.78171764E-03
1.66477862E-01  2.50480592E-01  1.75444607E-03
1.66776477E-01  2.48788729E-01  1.76383823E-03
1.67075092E-01  2.49167010E-01  1.76892232E-03
1.67373707E-01  2.49064341E-01  1.76295871E-03
1.67672322E-01  2.47195229E-01  1.75510091E-03
1.67970937E-01  2.46060327E-01  1.73471286E-03
1.68269552E-01  2.42503420E-01  1.73593545E-03
1.68568167E-01  2.40067825E-01  1.70993514E-03
1.68866782E-01  2.41132081E-01  1.73895340E-03
1.69165397E-01  2.41667002E-01  1.72751548E-03
1.69464012E-01  2.42387727E-01  1.71936466E-03
1.69762627E-01  2.39192128E-01  1.71925011E-03
1.70061242E-01  2.37282097E-01  1.70644734E-03
1.70359857E-01  2.37960353E-01  1.72871305E-03
1.70658472E-01  2.39465341E-01  1.70313986E-03
1.70957087E-01  2.38286287E-01  1.70535443E-03
1.71255702E-01  2.35568896E-01  1.71637465E-03
1.71554317E-01  2.34248847E-01  1.67312066E-03
1.71852932E-01  2.33907282E-01  1.69311429E-03
1.72151547E-01  2.31574491E-01  1.67886971E-03
1.72450162E-01  2.29805291E-01  1.67647318E-03
1.72748777E-01  2.30648860E-01  1.68361317E-03
1.73047392E-01  2.31065542E-01  1.67760637E-03
1.73346007E-01  2.30944753E-01  1.68005365E-03
1.73644622E-01  2.25606203E-01  1.65258208E-03
1.73943237E-01  2.27735311E-01  1.66093046E-03
1.74241852E-01  2.27672622E-01  1.67099456E-03
1.74540467E-01  2.22299621E-01  1.63046212E-03
1.74839082E-01  2.19942823E-01  1.64182158E-03
1.75137697E-01  2.23156393E-01  1.63802423E-03
1.75436312E-01  2.22752139E-01  1.64717133E-03
1.75734927E-01  2.24588677E-01  1.63390161E-03
1.76033542E-01  2.21358329E-01  1.62701914E-03
1.76332157E-01  2.19158486E-01  1.64344732E-03
1.76630772E-01  2.21886441E-01  1.62459374E-03
1.76929387E-01  2.17082426E-01  1.63169135E-03
1.77228002E-01  2.20142215E-01  1.61173660E-03
1.77526617E-01  2.15552986E-01  1.60663703E-03
1.77825232E-01  2.14605719E-01  1.60853786E-03
1.78123847E-01  2.13063553E-01  1.59626151E-03
1.78422462E-01  2.15707198E-01  1.60613656E-03
1.78721077E-01  2.12126762E-01  1.59706117E-03
1.79019692E-01  2.13209659E-01  1.60167727E-03
1.79318307E-01  2.12307364E-01  1.59882882E-03
1.79616922E-01  2.10929856E-01  1.56986888E-03
1.79915537E-01  2.09191516E-01  1.58437504E-03
1.80214152E-01  2.09578335E-01  1.57209300E-03
1.80512767E-01  2.08724990E-01  1.58475549E-03
1.80811382E-01  2.05530062E-01  1.56833790E-03
1.81109997E-01  2.05589011E-01  1.55397365E-03
1.81408612E-01  2.04802111E-01  1.56661903E-03
1.81707227E-01  2.00951755E-01  1.54300046E-03
1.82005842E-01  1.98570967E-01  1.53383531E-03
1.82304457E-01  2.02413291E-01  1.53989927E-03
1.82603072E-01  1.97689295E-01  1.52839348E-03
1.82901687E-01  1.98813453E-01  1.54355657E-03
1.83200302E-01  2.00753152E-01  1.53713161E-03
1.83498917E-01  1.98726237E-01  1.52330962E-03
1.83797532E-01  1.96981728E-01  1.51412457E-03
1.84096147E-01  1.94914088E-01  1.52017060E-03
1.84394762E-01  1.94449261E-01  1.52089971E-03
1.84693377E-01  1.94884911E-01  1.51200837E-03
1.84991992E-01  1.92829296E-01  1.51202618E-03
1.85290607E-01  1.94361836E-01  1.49864238E-03
1.85589222E-01  1.94195479E-01  1.50884071E-03
1.85887837E-01  1.89669609E-01  1.48674764E-03
1.86186452E-01  1.91387415E-01  1.49053626E-03
1.86485067E-01  1.91791743E-01  1.49997603E-03
1.86783682E-01  1.88221678E-01  1.48155540E-03
1.87082297E-01  1.86020032E-01  1.47919392E-03
1.87380912E-01  1.88383326E-01  1.47880171E-03
1.87679527E-01  1.86811358E-01  1.46026618E-03
1.87978142E-01  1.86796591E-01  1.47837459E-03
1.88276757E-01  1.84833333E-01  1.46720849E-03
1.88575372E-01  1.80577084E-01  1.45451783E-03
1.88873987E-01  1.82496473E-01  1.45315216E-03
1.89172602E-01  1.79456666E-01  1.43308751E-03
1.89471217E-01  1.80181965E-01  1.44674315E-03
1.89769832E-01  1.77883923E-01  1.44126546E-03
1.90068447E-01  1.76946327E-01  1.41711324E-03
1.90367062E-01  1.77246496E-01  1.43164361E-03
1.90665677E-01  1.75740808E-01  1.42231490E-03
1.90964292E-01  1.75668404E-01  1.41926762E-03
1.91262907E-01  1.72911897E-01  1.41403684E-03
1.91561522E-01  1.72273442E-01  1.39384193E-03
1.91860137E-01  1.71733648E-01  1.41059386E-03
1.92158752E-01  1.70625404E-01  1.39875687E-03
1.92457367E-01  1.71205699E-01  1.40294840E-03
1.92755982E-01  1.70917794E-01  1.39591016E-03
1.93054597E-01  1.68775097E-01  1.38802628E-03
1.93353212E-01  1.68628439E-01  1.38034672E-03
1.93651827E-01  1.65239170E-01  1.38097873E-03
1.93950442E-01  1.68879569E-01  1.38846296E-03
1.94249057E-01  1.64893508E-01  1.36238406E-03
1.94547672E-01  1.63703039E-01  1.36790168E-03
1.94846287E-01  1.66922525E-01  1.37863075E-03
1.95144902E-01  1.62269548E-01  1.36674999E-03
1.95443517E-01  1.63030535E-01  1.34114525E-03
1.95742132E-01  1.61044344E-01  1.35154929E-03
1.96040747E-01  1.59910798E-01  1.34937419E-03
1.96339362E-01  1.57887071E-01  1.34382921E-03
1.96637977E-01  1.56861007E-01  1.32628612E-03
1.96936592E-01  1.59382880E-01  1.33944652E-03
1.97235207E-01  1.56965539E-01  1.33390981E-03
1.97533822E-01  1.54771969E-01  1.31951587E-03
1.97832437E-01  1.55204192E-01  1.32556364E-03
1.98131052E-01  1.51995525E-01  1.30474276E-03
1.98429667E-01  1.53574571E-01  1.31274702E-03
1.98728282E-01  1.51479825E-01  1.30790332E-03
1.99026897E-01  1.47727475E-01  1.28347112E-03
1.99325512E-01  1.48739755E-01  1.29192474E-03
1.99624127E-01  1.49151027E-01  1.29330344E-03
1.99922742E-01  1.48220047E-01  1.28682819E-03
2.00221357E-01  1.48934633E-01  1.29729277E-03
2.00519972E-01  1.47071362E-01  1.27623032E-03
2.00818587E-01  1.47007346E-01  1.27476326E-03
2.01117202E-01  1.44444123E-01  1.27597037E-03
2.01415817E-01  1.43072531E-01  1.25720073E-03
2.01714432E-01  1.44319892E-01  1.26860233E-03
2.02013047E-01  1.44037068E-01  1.26222102E-03
2.02311662E-01  1.42313674E-01  1.25975837E-03
2.02610277E-01  1.40062451E-01  1.25290698E-03
2.02908892E-01  1.42596453E-01  1.25046121E-03
2.03207507E-01  1.38643414E-01  1.23798638E-03
2.03506122E-01  1.38081640E-01  1.23356038E-03
2.03804737E-01  1.38681859E-01  1.23739266E-03
2.04103352E-01  1.35272399E-01  1.22590514E-03
2.04401967E-01  1.35844067E-01  1.22696138E-03
2.04700582E-01  1.34536296E-01  1.21051690E-03
2.04999197E-01  1.34845197E-01  1.21526560E-03
2.05297812E-01  1.32080033E-01  1.21440389E-03
2.05596427E-01  1.32099092E-01  1.20469008E-03
2.05895042E-01  1.31685406E-01  1.20579090E-03
2.06193657E-01  1.31046489E-01  1.19509082E-03
2.06492272E-01  1.27649367E-01  1.17805647E-03
2.06790887E-01  1.29024744E-01  1.19765499E-03
2.07089502E-01  1.27840236E-01  1.17250078E-03
2.07388117E-01  1.26221284E-01  1.18015369E-03
2.07686732E-01  1.25626668E-01  1.17264793E-03
2.07985347E-01  1.25270665E-01  1.16703927E-03
2.08283962E-01  1.24707483E-01  1.16727606E-03
2.08582577E-01  1.21794224E-01  1.14549033E-03
2.08881192E-01  1.22749656E-01  1.15524291E-03
2.09179807E-01  1.21275760E-01  1.15359563E-03
2.09478422E-01  1.20287947E-01  1.13529724E-03
2.09777037E-01  1.18638799E-01  1.13923149E-03
2.10075652E-01  1.19186528E-01  1.13111560E-03
2.10374267E-01  1.16721973E-01  1.13349012E-03
2.10672882E-01  1.19712196E-01  1.14437984E-03
2.10971497E-01  1.15108430E-01  1.10395765E-03
2.11270112E-01  1.14436619E-01  1.11785217E-03
2.11568727E-01  1.16854303E-01  1.11797987E-03
2.11867342E-01  1.16875432E-01  1.12866506E-03
2.12165957E-01  1.14297383E-01  1.10635126E-03
2.12464572E-01  1.12605624E-01  1.09714351E-03
2.12763187E-01  1.12308256E-01  1.10100838E-03
2.13061802E-01  1.11522555E-01  1.09615398E-03
2.13360417E-01  1.11852095E-01  1.10179058E-03
2.13659032E-01  1.08576022E-01  1.07411551E-03
2.13957647E-01  1.09561116E-01  1.08027214E-03
2.14256262E-01  1.08470589E-01  1.07975036E-03
2.14554877E-01  1.06260978E-01  1.06229121E-03
2.14853492E-01  1.06079288E-01  1.06297422E-03
2.15152107E-01  1.06240332E-01  1.06250960E-03
2.15450722E-01  1.03664346E-01  1.06006465E-03
2.15749337E-01  1.04015410E-01  1.05448707E-03
2.16047952E-01  1.03501819E-01  1.04841869E-03
2.16346567E-01  1.04306586E-01  1.05311850E-03
2.16645182E-01  1.01788618E-01  1.03446713E-03
2.16943797E-01  1.01152718E-01  1.03676878E-03
2.17242412E-01  9.84422266E-02  1.02958176E-03
2.17541027E-01  9.97503698E-02  1.02014723E-03
2.17839642E-01  9.93082896E-02  1.03536050E-03
2.18138257E-01  9.74463820E-02  1.00652932E-03
2.18436872E-01  9.64167565E-02  1.01161201E-03
2.18735487E-01  9.86735523E-02  1.01822754E-03
2.19034102E-01  9.59399343E-02  1.00462034E-03
2.19332717E-01  9.46590528E-02  1.00445678E-03
2.19631332E-01  9.52451453E-02  1.00335898E-03
2.19929947E-01  9.18399468E-02  9.81473830E-04
2.20228562E-01  9.48014036E-02  9.93952621E-04
2.20527177E-01  9.29484814E-02  9.89429653E-04
2.20825792E-01  9.25257429E-02  9.88351414E-04
2.21124407E-01  9.06362012E-02  9.75316099E-04
2.21423022E-01  9.04628932E-02  9.72662994E-04
2.21721637E-01  8.81860629E-02  9.58374352E-04
2.22020252E-01  8.97794068E-02  9.66712134E-04
2.22318867E-01  8.93385485E-02  9.70612571E-04
2.22617482E-01  8.71230662E-02  9.47325665E-04
2.22916097E-01  8.62296447E-02  9.55280906E-04
2.23214712E-01  8.66254643E-02  9.47646506E-04
2.23513327E-01  8.53241757E-02  9.46878165E-04
2.23811942E-01  8.43141153E-02  9.36014985E-04
2.24110557E-01  8.40523392E-02  9.30760289E-04
2.24409172E-01  8.39478970E-02  9.37278150E-04
2.24707787E-01  8.23375657E-02  9.19356069E-04
2.25006402E-01  8.18476826E-02  9.27396701E-04
2.25305017E-01  8.11629742E-02  9.07032867E-04
2.25603632E-01  7.97276199E-02  9.11544950E-04
2.25902247E-01  8.08347166E-02  9.18932317E-04
2.26200862E-01  7.99110979E-02  9.08608781E-04
2.26499477E-01  7.84959570E-02  8.97404330E-04
2.26798092E-01  7.71055222E-02  8.94341560E-04
2.27096707E-01  7.72330910E-02  8.93779390E-04
2.27395322E-01  7.68634379E-02  8.95032485E-04
2.27693937E-01  7.65283033E-02  8.82027845E-04
2.27992552E-01  7.65969902E-02  8.85469955E-04
2.28291167E-01  7.62228742E-02  8.82798282E-04
2.28589782E-01  7.35223740E-02  8.74090241E-04
2.28888397E-01  7.40319416E-02  8.74054385E-04
2.29187012E-01  7.25625530E-02  8.58142739E-04
2.29485627E-01  7.32487515E-02  8.65411072E-04
2.29784242E-01  7.26706535E-02  8.65986338E-04
2.30082857E-01  7.23343119E-02  8.58268992E-04
2.30381472E-01  7.08791539E-02  8.47894989E-04
2.30680087E-01  7.12250397E-02  8.52154626E-04
2.30978702E-01  6.94105402E-02  8.41231784E-04
2.31277317E-01  7.13076964E-02  8.53632519E-04
2.31575932E-01  6.94388598E-02  8.42131849E-04
2.31874547E-01  6.91323876E-02  8.33828642E-04
2.32173162E-01  6.78342134E-02  8.29966506E-04
2.32471777E-01  6.78316355E-02  8.31617333E-04
2.32770392E-01  6.76516369E-02  8.27670679E-04
2.33069007E-01  6.58857822E-02  8.16333923E-04
2.33367622E-01  6.66772574E-02  8.18202854E-04
2.33666237E-01  6.62542880E-02  8.22606264E-04
2.33964852E-01  6.54232129E-02  8.11163161E-04
2.34263467E-01  6.26979247E-02  7.94090040E-04
2.34562082E-01  6.36964664E-02  8.02436320E-04
2.34860697E-01  6.32584319E-02  7.98312947E-04
2.35159312E-01  6.15344159E-02  7.88255245E-04
2.35457927E-01  6.26356676E-02  7.91020866E-04
2.35756542E-01  6.16017133E-02  7.81397859E-04
2.36055157E-01  6.20857105E-02  7.91109400E-04
2.36353772E-01  6.02797866E-02  7.78857968E-04
2.36652387E-01  6.10983931E-02  7.88382778E-04
2.36951002E-01  5.99563792E-02  7.66846060E-04
2.37249617E-01  6.06541857E-02  7.83499388E-04
2.37548232E-01  5.85722588E-02  7.66453042E-04
2.37846847E-01  5.84973022E-02  7.63383578E-04
2.38145462E-01  5.87673262E-02  7.64502562E-04
2.38444077E-01  5.74784577E-02  7.51047628E-04
2.38742692E-01  5.75275272E-02  7.63916469E-04
2.39041307E-01  5.71235009E-02  7.54372741E-04
2.39339922E-01  5.64043112E-02  7.48144113E-04
2.39638537E-01  5.77317551E-02  7.57532835E-04
2.39937152E-01  5.68771288E-02  7.49812636E-04
2.40235767E-01  5.51332124E-02  7.43416080E-04
2.40534382E-01  5.46549968E-02  7.35431735E-04
2.40832997E-01  5.39990701E-02  7.29384250E-04
2.41131612E-01  5.22341989E-02  7.21175224E-04
2.41430227E-01  5.39660342E-02  7.26951286E-04
2.41728842E-01  5.23308925E-02  7.23061734E-04
2.42027457E-01  5.36995903E-02  7.22772209E-04
2.42326072E-01  5.23596928E-02  7.16449867E-04
2.42624687E-01  5.20917848E-02  7.21412653E-04
2.42923302E-01  5.17212488E-02  7.14638270E-04
2.43221917E-01  5.01036197E-02  6.96825213E-04
2.43520532E-01  5.16113825E-02  7.10143766E-04
2.43819147E-01  5.11194132E-02  7.07336119E-04
2.44117762E-01  4.99231145E-02  7.02307036E-04
2.44416377E-01  4.90622222E-02  6.97974872E-04
2.44714992E-01  4.98119220E-02  6.94044866E-04
2.45013607E-01  4.84642163E-02  6.91781461E-04
2.45312222E-01  4.97620180E-02  6.96739298E-04
2.45610837E-01  4.79936004E-02  6.86323503E-04
2.45909452E-01  4.80812751E-02  6.80039928E-04
2.46208067E-01  4.72910441E-02  6.79971767E-04
2.46506682E-01  4.78238575E-02  6.82293437E-04
2.46805297E-01  4.78540026E-02  6.87995052E-04
2.47103912E-01  4.77110483E-02  6.78340904E-04
2.47402527E-01  4.65924963E-02  6.70343579E-04
2.47701142E-01  4.51057814E-02  6.63535611E-04
2.47999757E-01  4.55190428E-02  6.66021369E-04
2.48298372E-01  4.53001633E-02  6.68277731E-04
2.48596987E-01  4.45089079E-02  6.49920898E-04
2.48895602E-01  4.45197336E-02  6.54560397E-04
2.49194217E-01  4.39124890E-02  6.50787551E-04
2.49492832E-01  4.52322103E-02  6.61753700E-04
2.49791447E-01  4.26921099E-02  6.44487212E-04
2.50090062E-01  4.36228849E-02  6.47064298E-04
2.50388677E-01  4.32415418E-02  6.48801564E-04
2.50687292E-01  4.33033593E-02  6.46967674E-04
2.50985907E-01  4.30917889E-02  6.41733059E-04
2.51284522E-01  4.17639390E-02  6.35712466E-04
2.51583137E-01  4.29615527E-02  6.40077516E-04
2.51881752E-01  4.17850465E-02  6.33980613E-04
2.52180367E-01  4.12177071E-02  6.29663351E-04
2.52478982E-01  4.21812646E-02  6.34753436E-04
2.52777597E-01  4.04422842E-02  6.22705091E-04
2.53076212E-01  4.15962934E-02  6.31698698E-04
2.53374827E-01  4.03490439E-02  6.24012318E-04
2.53673442E-01  4.04907688E-02  6.17119716E-04
2.53972057E-01  4.04463522E-02  6.21736690E-04
2.54270672E-01  3.92212234E-02  6.12084928E-04
2.54569287E-01  3.95637043E-02  6.17580081E-04
2.54867902E-01  4.02958840E-02  6.20083476E-04
2.55166517E-01  3.84458192E-02  6.01818901E-04
2.55465132E-01  3.95264849E-02  6.13643962E-04
2.55763747E-01  3.85883898E-02  6.06807705E-04
2.56062362E-01  3.98649015E-02  6.16598583E-04
2.56360977E-01  3.82928774E-02  6.00308063E-04
2.56659592E-01  3.88590358E-02  6.03136607E-04
2.56958207E-01  3.84001508E-02  6.04520668E-04
2.57256822E-01  3.77746001E-02  5.98617306E-04
2.57555437E-01  3.72744501E-02  5.91807067E-04
2.57854052E-01  3.83213609E-02  6.01494103E-04
2.58152667E-01  3.73235419E-02  5.95672696E-04
2.58451282E-01  3.75719666E-02  5.97812992E-04
2.58749897E-01  3.55462693E-02  5.76106249E-04
2.59048512E-01  3.63902822E-02  5.84135472E-04
2.59347127E-01  3.62865366E-02  5.82996174E-04
2.59645742E-01  3.62089351E-02  5.85310801E-04
2.59944357E-01  3.66193391E-02  5.89561881E-04
2.60242972E-01  3.60099003E-02  5.77286410E-04
2.60541587E-01  3.51512507E-02  5.75631566E-04
2.60840202E-01  3.67194712E-02  5.86779730E-04
2.61138817E-01  3.60001959E-02  5.82698383E-04
2.61437432E-01  3.45922783E-02  5.69232274E-04
2.61736047E-01  3.50744799E-02  5.70637465E-04
2.62034662E-01  3.53043638E-02  5.75215498E-04
2.62333277E-01  3.55294868E-02  5.76743914E-04
2.62631892E-01  3.48913781E-02  5.68260439E-04
2.62930507E-01  3.47796679E-02  5.67646930E-04
2.63229122E-01  3.39215063E-02  5.61626628E-04
2.63527737E-01  3.47012952E-02  5.71645680E-04
2.63826352E-01  3.41331027E-02  5.62056899E-04
2.64124967E-01  3.40962410E-02  5.61754685E-04
2.64423582E-01  3.41311917E-02  5.62483212E-04
2.64722197E-01  3.37561220E-02  5.57210762E-04
2.65020812E-01  3.29320095E-02  5.55859064E-04
2.65319427E-01  3.39786187E-02  5.57176303E-04
2.65618042E-01  3.29661369E-02  5.54542465E-04
2.65916657E-01  3.21350358E-02  5.45367133E-04
2.66215272E-01  3.32333967E-02  5.53889899E-04
2.66513887E-01  3.23792957E-02  5.47153701E-04
2.66812502E-01  3.14871892E-02  5.36228996E-04
2.67111117E-01  3.29316296E-02  5.52090467E-04
2.67409732E-01  3.32676694E-02  5.53462771E-04
2.67708347E-01  3.22169550E-02  5.45501884E-04
2.68006962E-01  3.28075923E-02  5.49624965E-04
2.68305577E-01  3.16462815E-02  5.38002932E-04
2.68604192E-01  3.14607061E-02  5.37809508E-04
2.68902807E-01  3.15631293E-02  5.37990534E-04
2.69201422E-01  3.15091945E-02  5.35054191E-04
2.69500037E-01  3.17965671E-02  5.39700617E-04
2.69798652E-01  3.31458263E-02  5.50750177E-04
2.70097267E-01  3.25397179E-02  5.49237535E-04
2.70395882E-01  3.16337235E-02  5.33262093E-04
2.70694497E-01  3.14666629E-02  5.36346284E-04
2.70993112E-01  3.14153209E-02  5.36876789E-04
2.71291727E-01  3.20448205E-02  5.41811169E-04
2.71590342E-01  3.17320898E-02  5.40556386E-04
2.71888957E-01  3.14519331E-02  5.31331170E-04
2.72187572E-01  3.05047277E-02  5.26334858E-04
2.72486187E-01  3.07493228E-02  5.28982724E-04
2.72784802E-01  3.16617154E-02  5.37876796E-04
2.73083417E-01  3.20985951E-02  5.36094652E-04
2.73382032E-01  3.19856852E-02  5.38278196E-04
2.73680647E-01  2.99871061E-02  5.23597584E-04
2.73979262E-01  3.06840371E-02  5.27080207E-04
2.74277877E-01  3.05799283E-02  5.24056260E-04
2.74576492E-01  3.13216187E-02  5.31180180E-04
2.74875107E-01  3.10329814E-02  5.30342746E-04
2.75173722E-01  3.03464811E-02  5.25248935E-04
2.75472337E-01  3.08793224E-02  5.23980823E-04
2.75770952E-01  2.99276877E-02  5.20816364E-04
2.76069567E-01  3.02687697E-02  5.18647721E-04
2.76368182E-01  3.10650691E-02  5.32526639E-04
2.76666797E-01  3.06638479E-02  5.27590339E-04
2.76965412E-01  2.94518843E-02  5.11221937E-04
2.77264027E-01  3.03203780E-02  5.22765098E-04
2.77562642E-01  2.97211818E-02  5.13044593E-04
2.77861257E-01  3.03413961E-02  5.25082287E-04
2.78159872E-01  3.02607752E-02  5.17297070E-04
2.78458487E-01  2.97042988E-02  5.14442101E-04
2.78757102E-01  2.93558259E-02  5.15173073E-04
2.79055717E-01  3.01632620E-02  5.19054302E-04
2.79354332E-01  3.03982403E-02  5.20942616E-04
2.79652947E-01  3.08513287E-02  5.24943694E-04
2.79951562E-01  2.98827868E-02  5.12410188E-04
2.80250177E-01  2.98892185E-02  5.19047724E-04
2.80548792E-01  2.95509771E-02  5.12864732E-04
2.80847407E-01  3.00023537E-02  5.14839077E-04
2.81146022E-01  3.03382240E-02  5.19914087E-04
2.81444637E-01  3.03478576E-02  5.21305425E-04
2.81743252E-01  3.04278340E-02  5.19773341E-04
2.82041867E-01  2.96698119E-02  5.08833095E-04
2.82340482E-01  2.91914549E-02  5.08852361E-04
2.82639097E-01  2.91941110E-02  5.09130768E-04
2.82937712E-01  3.04905865E-02  5.19407447E-04
2.83236327E-01  2.90991701E-02  5.07166667E-04
2.83534942E-01  2.96793934E-02  5.09672391E-04
2.83833557E-01  3.00547387E-02  5.15813939E-04
2.84132172E-01  2.99769975E-02  5.14252519E-04
2.84430787E-01  3.05958018E-02  5.22261718E-04
2.84729402E-01  3.01696751E-02  5.12234110E-04
2.85028017E-01  3.01117897E-02  5.14900719E-04
2.85326632E-01  2.96750646E-02  5.14476153E-04
2.85625247E-01  3.02500427E-02  5.11173042E-04
2.85923862E-01  3.03101689E-02  5.15959808E-04
2.86222477E-01  2.98035145E-02  5.11126069E-04
2.86521092E-01  2.98797525E-02  5.11906808E-04
2.86819707E-01  3.02448645E-02  5.18618850E-04
2.87118322E-01  2.97094528E-02  5.06468350E-04
2.87416937E-01  2.99164616E-02  5.10591199E-04
2.87715552E-01  2.98289247E-02  5.09097183E-04
2.88014167E-01  2.92825270E-02  5.07899793E-04
2.88312782E-01  2.99979504E-02  5.13179228E-04
2.88611397E-01  3.11219264E-02  5.16622094E-04
2.88910012E-01  3.04446463E-02  5.17499750E-04
2.89208627E-01  2.99054999E-02  5.10255515E-04
2.89507242E-01  2.99922042E-02  5.10621176E-04
2.89805857E-01  3.05680484E-02  5.13621781E-04
2.90104472E-01  3.02987657E-02  5.10613085E-04
2.90403087E-01  2.99467966E-02  5.13130799E-04
2.90701702E-01  2.99739856E-02  5.09352307E-04
2.91000317E-01  2.98378821E-02  5.07332501E-04
2.91298932E-01  2.97175832E-02  5.07418648E-04
2.91597547E-01  3.07954401E-02  5.17296547E-04
2.91896162E-01  3.01691871E-02  5.11636201E-04
2.92194777E-01  2.97548957E-02  5.06141048E-04
2.92493392E-01  3.08134314E-02  5.15566091E-04
2.92792007E-01  2.99286284E-02  5.08728437E-04
2.93090622E-01  3.00724935E-02  5.09703299E-04
2.93389237E-01  2.97845453E-02  5.07012301E-04
2.93687852E-01  3.13204378E-02  5.16302127E-04
2.93986467E-01  3.07923369E-02  5.15646418E-04
2.94285082E-01  3.06441709E-02  5.11803548E-04
2.94583697E-01  3.06131318E-02  5.15398860E-04
2.94882312E-01  3.08319721E-02  5.13866195E-04
2.95180927E-01  3.03772930E-02  5.06781158E-04
2.95479542E-01  3.12461499E-02  5.18684217E-04
2.95778157E-01  3.05448119E-02  5.10857091E-04
2.96076772E-01  3.01783420E-02  5.08150843E-04
2.96375387E-01  3.11218668E-02  5.15415275E-04
2.96674002E-01  3.03929150E-02  5.09100500E-04
2.96972617E-01  3.08002625E-02  5.15851425E-04
2.97271232E-01  3.11676450E-02  5.19172405E-04
2.97569847E-01  3.14751528E-02  5.21982438E-04
2.97868462E-01  3.02408859E-02  5.13147388E-04
2.98167077E-01  3.07774432E-02  5.20233705E-04
2.98465692E-01  3.11003849E-02  5.26218908E-04
2.98764307E-01  3.04163657E-02  5.15902299E-04
2.99062922E-01  3.09989862E-02  5.24053350E-04
2.99361537E-01  3.00865043E-02  5.17963548E-04
2.99660152E-01  3.11590526E-02  5.28043660E-04
2.99958767E-01  3.15578617E-02  5.31681115E-04
3.00257382E-01  3.10131852E-02  5.28539997E-04
3.00555997E-01  3.06130350E-02  5.24854870E-04
3.00854612E-01  3.07717696E-02  5.25418553E-04
3.01153227E-01  3.14080231E-02  5.34338644E-04
3.01451842E-01  3.20227183E-02  5.37079293E-04
3.01750457E-01  3.16449553E-02  5.40091831E-04
3.02049072E-01  3.14197429E-02  5.34306106E-04
3.02347687E-01  3.19041200E-02  5.49173914E-04
3.02646302E-01  3.16840671E-02  5.54242579E-04
3.02944917E-01  3.07948794E-02  5.46262716E-04
3.03243532E-01  3.07719391E-02  5.56462794E-04
3.03542147E-01  3.15332003E-02  5.64263610E-04
3.03840762E-01  3.08218766E-02  5.57548192E-04
3.04139377E-01  3.07698697E-02  5.64323564E-04
3.04437992E-01  3.10281180E-02  5.61646651E-04
3.04736607E-01  3.15918997E-02  5.76018996E-04
3.05035222E-01  3.14399935E-02  5.69943048E-04
3.05333837E-01  3.21275778E-02  5.80029795E-04
3.05632452E-01  3.10823321E-02  5.75105892E-04
3.05931067E-01  3.20969298E-02  5.81469911E-04
3.06229682E-01  3.31620872E-02  5.97442384E-04
3.06528297E-01  3.13815437E-02  5.75638551E-04
3.06826912E-01  3.26297134E-02  5.94250567E-04
3.07125527E-01  3.23761813E-02  5.93384495E-04
3.07424142E-01  3.14077735E-02  5.83731162E-04
3.07722757E-01  3.20572071E-02  5.94467972E-04
3.08021372E-01  3.26575451E-02  5.95053600E-04
3.08319987E-01  3.18045504E-02  5.82809909E-04
3.08618602E-01  3.18257958E-02  5.77316387E-04
3.08917217E-01  3.24355327E-02  5.74102742E-04
3.09215832E-01  3.26082520E-02  5.80626249E-04
3.09514447E-01  3.24802287E-02  5.70443459E-04
3.09813062E-01  3.29494253E-02  5.75848855E-04
3.10111677E-01  3.23349312E-02  5.67891577E-04
3.10410292E-01  3.29890847E-02  5.66508446E-04
3.10708907E-01  3.27303074E-02  5.69761498E-04
3.11007522E-01  3.21054235E-02  5.56444051E-04
3.11306137E-01  3.29957679E-02  5.71274955E-04
3.11604752E-01  3.24865021E-02  5.60195418E-04
3.11903367E-01  3.33898365E-02  5.67316427E-04
3.12201982E-01  3.27264704E-02  5.61502122E-04
3.12500597E-01  3.30621675E-02  5.59252221E-04
3.12799212E-01  3.33855264E-02  5.66670904E-04
3.13097827E-01  3.37102786E-02  5.65462222E-04
3.13396442E-01  3.23248357E-02  5.52985643E-04
3.13695057E-01  3.31231356E-02  5.62622561E-04
3.13993672E-01  3.36128101E-02  5.61071327E-04
3.14292287E-01  3.26704457E-02  5.54613362E-04
3.14590902E-01  3.41758654E-02  5.65605471E-04
3.14889517E-01  3.30153219E-02  5.55920647E-04
3.15188132E-01  3.27391364E-02  5.56823448E-04
3.15486747E-01  3.31189111E-02  5.52596175E-04
3.15785362E-01  3.35620083E-02  5.60067303E-04
3.16083977E-01  3.41081582E-02  5.60356129E-04
3.16382592E-01  3.36546339E-02  5.59668231E-04
3.16681207E-01  3.33305523E-02  5.54508879E-04
3.16979822E-01  3.27951461E-02  5.49185264E-04
3.17278437E-01  3.27764191E-02  5.50883648E-04
3.17577052E-01  3.36406007E-02  5.56366111E-04
3.17875667E-01  3.38980332E-02  5.66305884E-04
3.18174282E-01  3.38959545E-02  5.71478566E-04
3.18472897E-01  3.33711393E-02  5.75193495E-04
3.18771512E-01  3.32016014E-02  5.71507786E-04
3.19070127E-01  3.33940275E-02  5.77651081E-04
3.19368742E-01  3.39310020E-02  5.82769513E-04
3.19667357E-01  3.35674435E-02  5.80130320E-04
3.19965972E-01  3.43440473E-02  5.88131312E-04
3.20264587E-01  3.34892459E-02  5.83415094E-04
3.20563202E-01  3.50860059E-02  5.96652506E-04
3.20861817E-01  3.39330398E-02  5.87943301E-04
3.21160432E-01  3.47838588E-02  5.93404984E-04
3.21459047E-01  3.45003195E-02  5.96609258E-04
3.21757662E-01  3.27213369E-02  5.77355444E-04
3.22056277E-01  3.46480012E-02  5.93771925E-04
3.22354892E-01  3.39069553E-02  5.92492870E-04
3.22653507E-01  3.58519293E-02  6.07310969E-04
3.22952122E-01  3.44956852E-02  6.00948290E-04
3.23250737E-01  3.47586796E-02  5.91856893E-04
3.23549352E-01  3.45520750E-02  5.97414968E-04
3.23847967E-01  3.37500907E-02  5.93203353E-04
3.24146582E-01  3.48390639E-02  6.00941537E-04
3.24445197E-01  3.51600945E-02  6.04057568E-04
3.24743812E-01  3.42931114E-02  5.95524500E-04
3.25042427E-01  3.40436511E-02  5.99661260E-04
3.25341042E-01  3.42441536E-02  5.94584679E-04
3.25639657E-01  3.38534787E-02  5.94469835E-04
3.25938272E-01  3.31622884E-02  5.89930627E-04
3.26236887E-01  3.58141214E-02  6.08243397E-04
3.26535502E-01  3.51396576E-02  6.11610245E-04
3.26834117E-01  3.54622900E-02  6.07548165E-04
3.27132732E-01  3.54190841E-02  6.10220537E-04
3.27431347E-01  3.53449471E-02  6.10485498E-04
3.27729962E-01  3.42298634E-02  5.97952865E-04
3.28028577E-01  3.68929133E-02  6.30855502E-04
3.28327192E-01  3.51667590E-02  6.01338921E-04
3.28625807E-01  3.59920226E-02  6.18441554E-04
3.28924422E-01  3.46756391E-02  6.06666319E-04
3.29223037E-01  3.60413492E-02  6.15934026E-04
3.29521652E-01  3.56311724E-02  6.13692391E-04
3.29820267E-01  3.48650068E-02  6.04908855E-04
3.30118882E-01  3.52565385E-02  6.15043624E-04
3.30417497E-01  3.51224467E-02  6.10571238E-04
3.30716112E-01  3.61142643E-02  6.15474768E-04
3.31014727E-01  3.57057676E-02  6.13070559E-04
3.31313342E-01  3.51199023E-02  6.05875917E-04
3.31611957E-01  3.57717723E-02  6.18042075E-04
3.31910572E-01  3.54221761E-02  6.10636431E-04
3.32209187E-01  3.56952436E-02  6.10286603E-04
3.32507802E-01  3.64979878E-02  6.24102424E-04
3.32806417E-01  3.67760099E-02  6.18193357E-04
3.33105032E-01  3.60147096E-02  6.17374899E-04
3.33403647E-01  3.61245088E-02  6.14312652E-04
3.33702262E-01  3.60207446E-02  6.13791868E-04
3.34000877E-01  3.60518061E-02  6.13697805E-04
3.34299492E-01  3.47195715E-02  6.04207104E-04
3.34598107E-01  3.46339382E-02  6.03998662E-04
3.34896722E-01  3.65124233E-02  6.14196528E-04
3.35195337E-01  3.64852287E-02  6.15220575E-04
3.35493952E-01  3.64643522E-02  6.18662219E-04
3.35792567E-01  3.59895006E-02  6.12459728E-04
3.36091182E-01  3.61580998E-02  6.14795019E-04
3.36389797E-01  3.51396129E-02  6.02373679E-04
3.36688412E-01  3.61483954E-02  6.14896708E-04
3.36987027E-01  3.51294279E-02  6.02464715E-04
3.37285642E-01  3.62195186E-02  6.14243152E-04
3.37584257E-01  3.58558744E-02  6.12049655E-04
3.37882872E-01  3.57709527E-02  6.08476228E-04
3.38181487E-01  3.50528061E-02  6.04628411E-04
3.38480102E-01  3.55349258E-02  5.99708233E-04
3.38778717E-01  3.65938880E-02  6.16877456E-04
3.39077332E-01  3.58228087E-02  6.07865164E-04
3.39375947E-01  3.71836536E-02  6.19125902E-04
3.39674562E-01  3.54917683E-02  6.08768314E-04
3.39973177E-01  3.70487012E-02  6.15515281E-04
3.40271792E-01  3.63432504E-02  6.13874756E-04
3.40570407E-01  3.69298831E-02  6.17732818E-04
3.40869022E-01  3.59752029E-02  6.06189715E-04
3.41167637E-01  3.66664715E-02  6.13928190E-04
3.41466252E-01  3.61360423E-02  6.05811598E-04
3.41764867E-01  3.51919048E-02  6.05140114E-04
3.42063482E-01  3.55776101E-02  6.03704480E-04
3.42362097E-01  3.62976268E-02  6.06478541E-04
3.42660712E-01  3.60732377E-02  6.10185030E-04
3.42959327E-01  3.72873247E-02  6.13996352E-04
3.43257942E-01  3.64452489E-02  6.13326964E-04
3.43556557E-01  3.58534642E-02  6.03795634E-04
3.43855172E-01  3.56299877E-02  6.02084736E-04
3.44153787E-01  3.55285555E-02  6.00885658E-04
3.44452402E-01  3.56100760E-02  6.00890897E-04
3.44751017E-01  3.57426330E-02  6.03213615E-04
3.45049632E-01  3.58401909E-02  5.98251179E-04
3.45348247E-01  3.56718078E-02  6.02619373E-04
3.45646862E-01  3.64386365E-02  6.06468820E-04
3.45945477E-01  3.61063182E-02  6.04041445E-04
3.46244092E-01  3.66477408E-02  6.01429492E-04
3.46542707E-01  3.65409404E-02  6.01054344E-04
3.46841322E-01  3.68256271E-02  6.07796188E-04
3.47139937E-01  3.67678814E-02  6.05278765E-04
3.47438552E-01  3.57398614E-02  5.92301076E-04
3.47737167E-01  3.56424004E-02  5.96280268E-04
3.48035782E-01  3.65142785E-02  5.98192972E-04
3.48334397E-01  3.59612741E-02  5.98275336E-04
3.48633012E-01  3.67744267E-02  5.96560014E-04
3.48931627E-01  3.58786806E-02  5.93786826E-04
3.49230242E-01  3.66215035E-02  6.01566222E-04
3.49528857E-01  3.54369953E-02  5.89961477E-04
3.49827472E-01  3.64319272E-02  5.99180174E-04
3.50126087E-01  3.66582945E-02  5.95303020E-04
3.50424702E-01  3.59194353E-02  5.94461337E-04
3.50723317E-01  3.64342965E-02  5.96242899E-04
3.51021932E-01  3.65091935E-02  5.98994491E-04
3.51320547E-01  3.67335565E-02  5.97708568E-04
3.51619162E-01  3.53926197E-02  5.85421920E-04
3.51917777E-01  3.60453650E-02  5.93384553E-04
3.52216392E-01  3.62580307E-02  5.93994977E-04
3.52515007E-01  3.60884368E-02  5.89872536E-04
3.52813622E-01  3.68503556E-02  5.96068741E-04
3.53112237E-01  3.67892087E-02  6.02131593E-04
3.53410852E-01  3.58916968E-02  5.93758363E-04
3.53709467E-01  3.72238085E-02  5.93175180E-04
3.54008082E-01  3.59358154E-02  5.89111703E-04
3.54306697E-01  3.64197940E-02  5.93389210E-04
3.54605312E-01  3.70535962E-02  6.01643114E-04
3.54903927E-01  3.56472656E-02  5.91905613E-04
3.55202542E-01  3.58251967E-02  5.80855820E-04
3.55501157E-01  3.66281271E-02  5.96387952E-04
3.55799772E-01  3.61476317E-02  5.89738193E-04
3.56098387E-01  3.59087326E-02  5.89222240E-04
3.56397002E-01  3.63235585E-02  5.92135766E-04
3.56695617E-01  3.62801403E-02  5.85315865E-04
3.56994232E-01  3.59424539E-02  5.93219651E-04
3.57292847E-01  3.65674123E-02  5.88725845E-04
3.57591462E-01  3.62627245E-02  5.89891337E-04
3.57890077E-01  3.66238132E-02  5.91708056E-04
3.58188692E-01  3.56012881E-02  5.81056811E-04
3.58487307E-01  3.59225161E-02  5.91602700E-04
3.58785922E-01  3.64012010E-02  5.85065049E-04
3.59084537E-01  3.62731218E-02  5.89826319E-04
3.59383152E-01  3.51642333E-02  5.78565756E-04
3.59681767E-01  3.59074250E-02  5.85118891E-04
3.59980382E-01  3.68459225E-02  5.98349958E-04
3.60278997E-01  3.59571911E-02  5.78751438E-04
3.60577612E-01  3.63226086E-02  5.90396929E-04
3.60876227E-01  3.68706919E-02  5.92764176E-04
3.61174842E-01  3.67710255E-02  5.88355237E-04
3.61473457E-01  3.65170836E-02  5.86322043E-04
3.61772072E-01  3.64562646E-02  5.87545917E-04
3.62070687E-01  3.57286558E-02  5.85244037E-04
3.62369302E-01  3.76266614E-02  5.96272876E-04
3.62667917E-01  3.61147597E-02  5.84017427E-04
3.62966532E-01  3.63089666E-02  5.83733374E-04
3.63265147E-01  3.64466496E-02  5.87009883E-04
3.63563762E-01  3.57473195E-02  5.81507164E-04
3.63862377E-01  3.53804454E-02  5.76378603E-04
3.64160992E-01  3.66217010E-02  5.86868147E-04
3.64459607E-01  3.55685502E-02  5.78675594E-04
3.64758222E-01  3.62278074E-02  5.84015681E-04
3.65056837E-01  3.61921787E-02  5.84658119E-04
3.65355452E-01  3.57370563E-02  5.75805258E-04
3.65654067E-01  3.67675722E-02  5.88978932E-04
3.65952682E-01  3.61282267E-02  5.79555810E-04
3.66251297E-01  3.57592106E-02  5.82394481E-04
3.66549912E-01  3.66969369E-02  5.84408350E-04
3.66848527E-01  3.61058339E-02  5.76679304E-04
3.67147142E-01  3.67552713E-02  5.90298558E-04
3.67445757E-01  3.50982249E-02  5.70797129E-04
3.67744372E-01  3.53196338E-02  5.74094360E-04
3.68042987E-01  3.52003463E-02  5.71928802E-04
3.68341602E-01  3.61582711E-02  5.79963147E-04
3.68640217E-01  3.56282704E-02  5.78423671E-04
3.68938832E-01  3.60862166E-02  5.74755366E-04
3.69237447E-01  3.54799740E-02  5.74353267E-04
3.69536062E-01  3.60713378E-02  5.76569699E-04
3.69834677E-01  3.54892984E-02  5.75334067E-04
3.70133292E-01  3.64549719E-02  5.84797293E-04
3.70431907E-01  3.60135697E-02  5.73743833E-04
3.70730522E-01  3.56948525E-02  5.75498911E-04
3.71029137E-01  3.61346826E-02  5.75746410E-04
3.71327752E-01  3.55008058E-02  5.73190395E-04
3.71626367E-01  3.66280414E-02  5.81617292E-04
3.71924982E-01  3.65529619E-02  5.80571534E-04
3.72223597E-01  3.64412926E-02  5.82557579E-04
3.72522212E-01  3.58225778E-02  5.71208773E-04
3.72820827E-01  3.52822132E-02  5.69512602E-04
3.73119442E-01  3.58341262E-02  5.74099715E-04
3.73418057E-01  3.59872393E-02  5.72525780E-04
3.73716672E-01  3.58935632E-02  5.78777923E-04
3.74015287E-01  3.59039344E-02  5.69975527E-04
3.74313902E-01  3.58428620E-02  5.72260178E-04
3.74612517E-01  3.58809195E-02  5.74039586E-04
3.74911132E-01  3.53676826E-02  5.69041935E-04
3.75209747E-01  3.58262882E-02  5.73606230E-04
3.75508362E-01  3.51805389E-02  5.64644055E-04
3.75806977E-01  3.44655775E-02  5.60879533E-04
3.76105592E-01  3.57162468E-02  5.70820994E-04
3.76404207E-01  3.54243331E-02  5.68776682E-04
3.76702822E-01  3.59424315E-02  5.70442935E-04
3.77001437E-01  3.52721550E-02  5.65532013E-04
3.77300052E-01  3.58556248E-02  5.74002333E-04
3.77598667E-01  3.71994004E-02  5.83309215E-04
3.77897282E-01  3.56175378E-02  5.66572417E-04
3.78195897E-01  3.61389816E-02  5.69842523E-04
3.78494512E-01  3.67547832E-02  5.78188512E-04
3.78793127E-01  3.57450359E-02  5.69176977E-04
3.79091742E-01  3.64669524E-02  5.73731668E-04
3.79390357E-01  3.49067189E-02  5.60899789E-04
3.79688972E-01  3.49693671E-02  5.61688968E-04
3.79987587E-01  3.58889624E-02  5.68022660E-04
3.80286202E-01  3.66856381E-02  5.75748854E-04
3.80584817E-01  3.52039933E-02  5.64004353E-04
3.80883432E-01  3.55572887E-02  5.64543647E-04
3.81182047E-01  3.60530131E-02  5.70190779E-04
3.81480662E-01  3.52865644E-02  5.64242073E-04
3.81779277E-01  3.54877412E-02  5.61320980E-04
3.82077892E-01  3.60990688E-02  5.70705044E-04
3.82376507E-01  3.51451710E-02  5.61837514E-04
3.82675122E-01  3.60089540E-02  5.69707714E-04
3.82973737E-01  3.58274058E-02  5.65986033E-04
3.83272352E-01  3.61782759E-02  5.65078692E-04
3.83570967E-01  3.68071832E-02  5.74831618E-04
3.83869582E-01  3.56403701E-02  5.63946844E-04
3.84168197E-01  3.56137305E-02  5.64870541E-04
3.84466812E-01  3.56141888E-02  5.62617672E-04
3.84765427E-01  3.56056318E-02  5.61851892E-04
3.85064042E-01  3.58574539E-02  5.68236108E-04
3.85362657E-01  3.50905135E-02  5.58471656E-04
3.85661272E-01  3.50983441E-02  5.54676284E-04
3.85959887E-01  3.57583687E-02  5.65601629E-04
3.86258502E-01  3.48843373E-02  5.54488564E-04
3.86557117E-01  3.58777568E-02  5.69703581E-04
3.86855732E-01  3.56252119E-02  5.59658045E-04
3.87154347E-01  3.59768122E-02  5.62137691E-04
3.87452962E-01  3.57237644E-02  5.65195689E-04
3.87751577E-01  3.47869657E-02  5.51410485E-04
3.88050192E-01  3.55990641E-02  5.64212212E-04
3.88348807E-01  3.57048735E-02  5.57141087E-04
3.88647422E-01  3.53880227E-02  5.59184409E-04
3.88946037E-01  3.55300978E-02  5.59199834E-04
3.89244652E-01  3.52206230E-02  5.57864085E-04
3.89543267E-01  3.64052877E-02  5.67311072E-04
3.89841882E-01  3.56713533E-02  5.57160936E-04
3.90140497E-01  3.53880934E-02  5.60446351E-04
3.90439112E-01  3.66879068E-02  5.69232507E-04
3.90737727E-01  3.49458568E-02  5.49596327E-04
3.91036342E-01  3.56196426E-02  5.61863184E-04
3.91334957E-01  3.52737159E-02  5.52977377E-04
3.91633572E-01  3.53375971E-02  5.58666652E-04
3.91932187E-01  3.60022299E-02  5.58526604E-04
3.92230802E-01  3.65623683E-02  5.64505754E-04
3.92529417E-01  3.56651321E-02  5.61255612E-04
3.92828032E-01  3.65821682E-02  5.62602887E-04
3.93126647E-01  3.62071469E-02  5.62450674E-04
3.93425262E-01  3.59085426E-02  5.58216358E-04
3.93723877E-01  3.61917727E-02  5.63163951E-04
3.94022492E-01  3.53336968E-02  5.56039857E-04
3.94321107E-01  3.52163203E-02  5.52009791E-04
3.94619722E-01  3.58570702E-02  5.57281543E-04
3.94918337E-01  3.43954116E-02  5.45409508E-04
3.95216952E-01  3.58236060E-02  5.58111118E-04
3.95515567E-01  3.57022248E-02  5.57711115E-04
3.95814182E-01  3.55817750E-02  5.51672012E-04
3.96112797E-01  3.63363735E-02  5.61686291E-04
3.96411412E-01  3.43101248E-02  5.44742448E-04
3.96710027E-01  3.54342014E-02  5.54268714E-04
3.97008642E-01  3.55996825E-02  5.52880752E-04
3.97307257E-01  3.39291617E-02  5.40536479E-04
3.97605872E-01  3.49850766E-02  5.50349243E-04
3.97904487E-01  3.51734608E-02  5.53175923E-04
3.98203102E-01  3.57373357E-02  5.51570382E-04
3.98501717E-01  3.61058116E-02  5.55737177E-04
3.98800332E-01  3.55582982E-02  5.52437967E-04
3.99098947E-01  3.50596048E-02  5.49081306E-04
3.99397562E-01  3.50993760E-02  5.51125384E-04
3.99696177E-01  3.40398736E-02  5.40519773E-04
3.99994792E-01  3.46552767E-02  5.43817121E-04
4.00293407E-01  3.53705920E-02  5.51120320E-04
4.00592022E-01  3.53553966E-02  5.49418270E-04
4.00890637E-01  3.52448486E-02  5.48429263E-04
4.01189252E-01  3.47263068E-02  5.43861417E-04
4.01487867E-01  3.56292054E-02  5.53272548E-04
4.01786482E-01  3.52354571E-02  5.49415068E-04
4.02085097E-01  3.51754762E-02  5.44261711E-04
4.02383712E-01  3.53707038E-02  5.52734709E-04
4.02682327E-01  3.56644057E-02  5.47647127E-04
4.02980942E-01  3.50910909E-02  5.48164535E-04
4.03279557E-01  3.48835774E-02  5.44325507E-04
4.03578172E-01  3.54719199E-02  5.45915740E-04
4.03876787E-01  3.47335227E-02  5.44977898E-04
4.04175402E-01  3.47810015E-02  5.41342655E-04
4.04474017E-01  3.51887941E-02  5.47623320E-04
4.04772632E-01  3.45445275E-02  5.39758243E-04
4.05071247E-01  3.46266739E-02  5.41041780E-04
4.05369862E-01  3.47285196E-02  5.46787225E-04
4.05668477E-01  3.41651663E-02  5.32402832E-04
4.05967092E-01  3.40878554E-02  5.36567182E-04
4.06265707E-01  3.44721079E-02  5.38692460E-04
4.06564322E-01  3.34253609E-02  5.29827550E-04
4.06862937E-01  3.41087803E-02  5.40592649E-04
4.07161552E-01  3.29494812E-02  5.24197647E-04
4.07460167E-01  3.45187597E-02  5.40213543E-04
4.07758782E-01  3.40983309E-02  5.32266917E-04
4.08057397E-01  3.39237191E-02  5.33521117E-04
4.08356012E-01  3.33105214E-02  5.30680758E-04
4.08654627E-01  3.38581167E-02  5.30394493E-04
4.08953242E-01  3.41938622E-02  5.38569468E-04
4.09251857E-01  3.36424187E-02  5.29818295E-04
4.09550472E-01  3.41084674E-02  5.33727231E-04
4.09849087E-01  3.39567848E-02  5.32790669E-04
4.10147702E-01  3.31186429E-02  5.23848226E-04
4.10446317E-01  3.35469395E-02  5.32826874E-04
4.10744932E-01  3.25211100E-02  5.21289476E-04
4.11043547E-01  3.39465551E-02  5.28035336E-04
4.11342162E-01  3.29239592E-02  5.24389208E-04
4.11640777E-01  3.32408510E-02  5.27898665E-04
4.11939392E-01  3.33877169E-02  5.29563637E-04
4.12238007E-01  3.34434323E-02  5.24477859E-04
4.12536622E-01  3.40108871E-02  5.31614816E-04
4.12835237E-01  3.25717106E-02  5.18318848E-04
4.13133852E-01  3.34203541E-02  5.27106051E-04
4.13432467E-01  3.21883596E-02  5.16819535E-04
4.13731082E-01  3.35961692E-02  5.26290969E-04
4.14029697E-01  3.35281678E-02  5.28084522E-04
4.14328312E-01  3.28316055E-02  5.20874222E-04
4.14626927E-01  3.20764109E-02  5.16288099E-04
4.14925542E-01  3.30944620E-02  5.19836845E-04
4.15224157E-01  3.21730077E-02  5.16107597E-04
4.15522772E-01  3.25605534E-02  5.20054367E-04
4.15821387E-01  3.28329727E-02  5.18616580E-04
4.16120002E-01  3.23705450E-02  5.15902124E-04
4.16418617E-01  3.22249420E-02  5.15813706E-04
4.16717232E-01  3.30275856E-02  5.21235575E-04
4.17015847E-01  3.25455591E-02  5.19219204E-04
4.17314462E-01  3.21421549E-02  5.09295496E-04
4.17613077E-01  3.21876369E-02  5.14689367E-04
4.17911692E-01  3.10163423E-02  5.03615593E-04
4.18210307E-01  3.18287760E-02  5.13835403E-04
4.18508922E-01  3.19629386E-02  5.09729725E-04
4.18807537E-01  3.13596651E-02  5.05013450E-04
4.19106152E-01  3.25756557E-02  5.17791894E-04
4.19404767E-01  3.27774286E-02  5.19035792E-04
4.19703382E-01  3.12544033E-02  5.02796960E-04
4.20001997E-01  3.21202725E-02  5.12043480E-04
4.20300612E-01  3.19680497E-02  5.08970523E-04
4.20599227E-01  3.25013250E-02  5.17329783E-04
4.20897842E-01  3.11742350E-02  5.03531191E-04
4.21196457E-01  3.05922758E-02  4.97451809E-04
4.21495072E-01  3.18538360E-02  5.09808247E-04
4.21793687E-01  3.07271201E-02  4.99116897E-04
4.22092302E-01  3.17875817E-02  5.10450453E-04
4.22390917E-01  3.09751481E-02  4.96636436E-04
4.22689532E-01  3.18869241E-02  5.10664948E-04
4.22988147E-01  3.18301879E-02  5.06968412E-04
4.23286762E-01  3.11615970E-02  5.04711585E-04
4.23585377E-01  3.09811160E-02  4.99825459E-04
4.23883992E-01  3.15625481E-02  5.03472518E-04
4.24182607E-01  3.05703469E-02  4.95720888E-04
4.24481222E-01  3.03660706E-02  4.96870605E-04
4.24779837E-01  3.01136449E-02  4.92674299E-04
4.25078452E-01  2.96683311E-02  4.87152225E-04
4.25377067E-01  3.05248406E-02  4.97606758E-04
4.25675682E-01  3.08729541E-02  4.96724795E-04
4.25974297E-01  3.09449695E-02  5.01137227E-04
4.26272912E-01  3.07705253E-02  4.94245847E-04
4.26571527E-01  3.04909535E-02  4.97451110E-04
4.26870142E-01  2.99893003E-02  4.89462225E-04
4.27168757E-01  3.00597921E-02  4.90808918E-04
4.27467372E-01  3.05195134E-02  4.92891762E-04
4.27765987E-01  2.98444796E-02  4.90375212E-04
4.28064602E-01  2.94948984E-02  4.85418190E-04
4.28363217E-01  3.04657239E-02  4.94675129E-04
4.28661832E-01  3.09867673E-02  4.98104899E-04
4.28960447E-01  3.04669105E-02  4.93136700E-04
4.29259062E-01  3.00989896E-02  4.89495345E-04
4.29557677E-01  2.93898024E-02  4.84344928E-04
4.29856292E-01  3.03374175E-02  4.90014791E-04
4.30154907E-01  3.02263908E-02  4.90207807E-04
4.30453522E-01  2.92586088E-02  4.84026794E-04
4.30752137E-01  2.99517252E-02  4.88523743E-04
4.31050752E-01  2.92467158E-02  4.80813032E-04
4.31349367E-01  2.98348684E-02  4.86488367E-04
4.31647982E-01  3.00780628E-02  4.88251942E-04
4.31946597E-01  2.94330884E-02  4.85586090E-04
4.32245212E-01  2.99846139E-02  4.86094970E-04
4.32543827E-01  2.95283049E-02  4.84853022E-04
4.32842442E-01  3.02400626E-02  4.93423548E-04
4.33141057E-01  2.96254735E-02  4.83073964E-04
4.33439672E-01  3.04567721E-02  4.92972613E-04
4.33738287E-01  3.01335696E-02  4.87741258E-04
4.34036902E-01  3.04436255E-02  4.92759806E-04
4.34335517E-01  2.95403674E-02  4.84855031E-04
4.34634132E-01  2.95348372E-02  4.85353026E-04
4.34932747E-01  3.03476565E-02  4.89478291E-04
4.35231362E-01  2.99534332E-02  4.86613688E-04
4.35529977E-01  2.93538719E-02  4.84411081E-04
4.35828592E-01  2.93021705E-02  4.83228971E-04
4.36127207E-01  2.95174662E-02  4.82211122E-04
4.36425822E-01  2.95116436E-02  4.83019219E-04
4.36724437E-01  2.98414566E-02  4.86143603E-04
4.37023052E-01  2.87980828E-02  4.77783207E-04
4.37321667E-01  2.92766169E-02  4.78980073E-04
4.37620282E-01  2.97391918E-02  4.86287783E-04
4.37918897E-01  2.95335017E-02  4.83636162E-04
4.38217512E-01  2.93051470E-02  4.82622243E-04
4.38516127E-01  2.99178232E-02  4.84630262E-04
4.38814742E-01  2.94629186E-02  4.78518661E-04
4.39113357E-01  2.87643876E-02  4.77092864E-04
4.39411972E-01  2.93637123E-02  4.81825758E-04
4.39710587E-01  3.04964203E-02  4.89086553E-04
4.40009202E-01  2.93748733E-02  4.81814350E-04
4.40307817E-01  2.89569702E-02  4.74194967E-04
4.40606432E-01  2.92251743E-02  4.80588817E-04
4.40905047E-01  2.97495909E-02  4.83493553E-04
4.41203662E-01  2.87587605E-02  4.72471991E-04
4.41502277E-01  2.98467875E-02  4.83860611E-04
4.41800892E-01  2.93644611E-02  4.79200273E-04
4.42099507E-01  2.88865343E-02  4.75599198E-04
4.42398122E-01  2.87899822E-02  4.73560445E-04
4.42696737E-01  2.92781517E-02  4.77664580E-04
4.42995352E-01  2.85144933E-02  4.72428481E-04
4.43293967E-01  2.89773736E-02  4.77612979E-04
4.43592582E-01  2.88958792E-02  4.77047986E-04
4.43891197E-01  2.91646328E-02  4.74676839E-04
4.44189812E-01  3.01898066E-02  4.87185898E-04
4.44488427E-01  2.84831133E-02  4.70940024E-04
4.44787042E-01  3.00690159E-02  4.85679542E-04
4.45085657E-01  2.93167345E-02  4.77785652E-04
4.45384272E-01  2.98519786E-02  4.82867297E-04
4.45682887E-01  2.95553505E-02  4.83864191E-04
4.45981502E-01  2.88184974E-02  4.73198015E-04
4.46280117E-01  2.92725004E-02  4.77954221E-04
4.46578732E-01  2.90845688E-02  4.76732181E-04
4.46877347E-01  2.93567646E-02  4.79906128E-04
4.47175962E-01  2.91410387E-02  4.82941658E-04
4.47474577E-01  2.86684558E-02  4.71051957E-04
4.47773192E-01  2.98956539E-02  4.83447278E-04
4.48071807E-01  2.98646204E-02  4.83198208E-04
4.48370422E-01  2.90373135E-02  4.77822701E-04
4.48669037E-01  2.96435356E-02  4.81515657E-04
4.48967652E-01  2.88453419E-02  4.74471046E-04
4.49266267E-01  2.80169137E-02  4.69564548E-04
4.49564882E-01  2.93730665E-02  4.81008872E-04
4.49863497E-01  2.89806388E-02  4.75796231E-04
4.50162112E-01  2.89964322E-02  4.77602822E-04
4.50460727E-01  2.90802792E-02  4.78400179E-04
4.50759342E-01  2.94791497E-02  4.81778057E-04
4.51057957E-01  2.88125947E-02  4.75673005E-04
4.51356572E-01  2.97008678E-02  4.79795737E-04
4.51655187E-01  2.92659812E-02  4.80675284E-04
4.51953802E-01  2.93377396E-02  4.79467009E-04
4.52252417E-01  3.02649438E-02  4.91869112E-04
4.52551032E-01  2.90354267E-02  4.76054585E-04
4.52849647E-01  2.97825038E-02  4.83199576E-04
4.53148262E-01  2.87714303E-02  4.74928733E-04
4.53446877E-01  2.88807172E-02  4.75310197E-04
4.53745492E-01  2.90473513E-02  4.77729249E-04
4.54044107E-01  3.01333703E-02  4.87546495E-04
4.54342722E-01  2.87038013E-02  4.75108682E-04
4.54641337E-01  2.90601086E-02  4.79106820E-04
4.54939952E-01  2.96560843E-02  4.82292438E-04
4.55238567E-01  2.86694691E-02  4.73891705E-04
4.55537182E-01  2.96527110E-02  4.85263066E-04
4.55835797E-01  2.94244066E-02  4.82108269E-04
4.56134412E-01  3.01099848E-02  4.86404751E-04
4.56433027E-01  2.92001497E-02  4.79529379E-04
4.56731642E-01  2.96183005E-02  4.81996773E-04
4.57030257E-01  2.88030952E-02  4.77210036E-04
4.57328872E-01  2.91751195E-02  4.79118346E-04
4.57627487E-01  2.94326693E-02  4.81018447E-04
4.57926102E-01  2.86925379E-02  4.75247885E-04
4.58224717E-01  2.88252756E-02  4.78037022E-04
4.58523332E-01  2.86820326E-02  4.75269509E-04
4.58821947E-01  3.01269256E-02  4.84220567E-04
4.59120562E-01  2.99809165E-02  4.87639627E-04
4.59419177E-01  2.97881309E-02  4.85855446E-04
4.59717792E-01  2.87771057E-02  4.77435184E-04
4.60016407E-01  2.90985648E-02  4.78506816E-04
4.60315022E-01  2.88837943E-02  4.76005924E-04
4.60613637E-01  2.93277781E-02  4.81560361E-04
4.60912252E-01  2.88267229E-02  4.78917937E-04
4.61210867E-01  2.92146858E-02  4.79574141E-04
4.61509482E-01  2.91337576E-02  4.83952113E-04
4.61808097E-01  2.97331531E-02  4.99946356E-04
4.62106712E-01  2.95042675E-02  5.00144146E-04
4.62405327E-01  2.92609576E-02  5.02635026E-04
4.62703942E-01  2.88633145E-02  4.98607696E-04
4.63002557E-01  2.94407643E-02  5.12808794E-04
4.63301172E-01  2.89380159E-02  5.10203245E-04
4.63599787E-01  2.89294682E-02  5.12850005E-04
4.63898402E-01  2.97294930E-02  5.22293965E-04
4.64197017E-01  2.99167149E-02  5.24612493E-04
4.64495632E-01  2.93266587E-02  5.25959418E-04
4.64794247E-01  3.01582534E-02  5.34213847E-04
4.65092862E-01  2.99328174E-02  5.29556302E-04
4.65391477E-01  2.82426737E-02  5.22118004E-04
4.65690092E-01  2.95010749E-02  5.33481187E-04
4.65988707E-01  2.86066644E-02  5.29934827E-04
4.66287322E-01  2.92343199E-02  5.36161417E-04
4.66585937E-01  2.94567794E-02  5.38793451E-04
4.66884552E-01  2.86851544E-02  5.38267370E-04
4.67183167E-01  2.97763571E-02  5.50753379E-04
4.67481782E-01  3.04089654E-02  5.49719203E-04
4.67780397E-01  2.98586767E-02  5.52465033E-04
4.68079012E-01  2.90052779E-02  5.46394731E-04
4.68377627E-01  2.90209707E-02  5.49722463E-04
4.68676242E-01  2.93246116E-02  5.53886406E-04
4.68974857E-01  2.96700988E-02  5.57142019E-04
4.69273472E-01  2.99599729E-02  5.65181894E-04
4.69572087E-01  2.95916386E-02  5.60029992E-04
4.69870702E-01  2.93268077E-02  5.59851353E-04
4.70169317E-01  3.00603807E-02  5.69717900E-04
4.70467932E-01  2.87462045E-02  5.58310305E-04
4.70766547E-01  2.93966699E-02  5.70513424E-04
4.71065162E-01  3.07840072E-02  5.83642104E-04
4.71363777E-01  2.91803740E-02  5.64405695E-04
4.71662392E-01  2.91074924E-02  5.70187403E-04
4.71961007E-01  3.00664641E-02  5.81326953E-04
4.72259622E-01  2.86949165E-02  5.72070654E-04
4.72558237E-01  2.89892256E-02  5.71722863E-04
4.72856852E-01  3.00266519E-02  5.73420431E-04
4.73155467E-01  2.89156865E-02  5.58451051E-04
4.73454082E-01  2.99083963E-02  5.61221095E-04
4.73752697E-01  2.98907775E-02  5.52491809E-04
4.74051312E-01  2.98945773E-02  5.52845420E-04
4.74349927E-01  3.04287635E-02  5.54442930E-04
4.74648542E-01  2.90108602E-02  5.41526417E-04
4.74947157E-01  2.91910283E-02  5.37906482E-04
4.75245772E-01  3.01416032E-02  5.45689021E-04
4.75544387E-01  2.87659299E-02  5.32064179E-04
4.75843002E-01  3.05443015E-02  5.49478806E-04
4.76141617E-01  3.12757455E-02  5.51162579E-04
4.76440232E-01  3.03989388E-02  5.43531904E-04
4.76738847E-01  3.06034181E-02  5.43294009E-04
4.77037462E-01  3.03857196E-02  5.41653018E-04
4.77336077E-01  2.97809374E-02  5.37401007E-04
4.77634692E-01  2.99143940E-02  5.33845276E-04
4.77933307E-01  2.91826762E-02  5.27982484E-04
4.78231922E-01  3.00267804E-02  5.32302714E-04
4.78530537E-01  2.96471938E-02  5.34032006E-04
4.78829152E-01  2.96791699E-02  5.26305812E-04
4.79127767E-01  2.92715821E-02  5.24465810E-04
4.79426382E-01  3.04064751E-02  5.37515618E-04
4.79724997E-01  3.03037465E-02  5.34199295E-04
4.80023612E-01  3.04045975E-02  5.33824903E-04
4.80322227E-01  2.95104180E-02  5.23725234E-04
4.80620842E-01  3.09036486E-02  5.38616732E-04
4.80919457E-01  3.01225465E-02  5.30099787E-04
4.81218072E-01  3.08885500E-02  5.36240113E-04
4.81516687E-01  3.04599721E-02  5.33483166E-04
4.81815302E-01  3.01781408E-02  5.25812269E-04
4.82113917E-01  3.02031022E-02  5.31929487E-04
4.82412532E-01  3.01015954E-02  5.27044816E-04
4.82711147E-01  2.98737232E-02  5.23697585E-04
4.83009762E-01  3.03115584E-02  5.29020908E-04
4.83308377E-01  3.07714250E-02  5.34126302E-04
4.83606992E-01  3.05461697E-02  5.29022305E-04
4.83905607E-01  2.99796294E-02  5.25715761E-04
4.84204222E-01  3.06017604E-02  5.28560136E-04
4.84502837E-01  3.03599257E-02  5.29865036E-04
4.84801452E-01  2.95453481E-02  5.20425965E-04
4.85100067E-01  3.02512664E-02  5.23130991E-04
4.85398682E-01  3.05099674E-02  5.28316072E-04
4.85697297E-01  2.99398080E-02  5.23090770E-04
4.85995912E-01  3.08263712E-02  5.32280887E-04
4.86294527E-01  3.05870380E-02  5.26035205E-04
4.86593142E-01  2.90914420E-02  5.14188549E-04
4.86891757E-01  3.01139746E-02  5.24217030E-04
4.87190372E-01  2.93711908E-02  5.18243411E-04
4.87488987E-01  2.98756156E-02  5.17797540E-04
4.87787602E-01  3.08796279E-02  5.30440011E-04
4.88086217E-01  3.10979616E-02  5.29754034E-04
4.88384832E-01  2.98531875E-02  5.20229340E-04
4.88683447E-01  3.06070689E-02  5.28100703E-04
4.88982062E-01  3.01259011E-02  5.20496280E-04
4.89280677E-01  3.06921806E-02  5.28704259E-04
4.89579292E-01  2.99141221E-02  5.19715308E-04
4.89877907E-01  3.03974040E-02  5.23238385E-04
4.90176522E-01  3.11324149E-02  5.28199424E-04
4.90475137E-01  3.01130507E-02  5.21052571E-04
4.90773752E-01  2.96716988E-02  5.16831293E-04
4.91072367E-01  3.06429490E-02  5.25754236E-04
4.91370982E-01  3.11199035E-02  5.28367469E-04
4.91669597E-01  3.06807607E-02  5.25552779E-04
4.91968212E-01  3.07147875E-02  5.26909251E-04
4.92266827E-01  2.91679036E-02  5.12823695E-04
4.92565442E-01  3.09970547E-02  5.25751559E-04
4.92864057E-01  3.11458651E-02  5.28732082E-04
4.93162672E-01  3.00039854E-02  5.19866240E-04
4.93461287E-01  3.14814895E-02  5.32514765E-04
4.93759902E-01  2.99892090E-02  5.15601307E-04
4.94058517E-01  3.06059178E-02  5.23350143E-04
4.94357132E-01  3.05732023E-02  5.22028073E-04
4.94655747E-01  3.09630632E-02  5.29457233E-04
4.94954362E-01  3.08606774E-02  5.22013637E-04
4.95252977E-01  3.05048451E-02  5.22233022E-04
4.95551592E-01  3.12200189E-02  5.29914571E-04
4.95850207E-01  3.10904309E-02  5.28019329E-04
4.96148822E-01  3.06220483E-02  5.20515256E-04
4.96447437E-01  3.07691600E-02  5.24762436E-04
4.96746052E-01  3.01268399E-02  5.18350804E-04
4.97044667E-01  3.01164985E-02  5.21659153E-04
4.97343282E-01  2.99001466E-02  5.13463339E-04
4.97641897E-01  3.00583318E-02  5.14061772E-04
4.97940512E-01  3.02286427E-02  5.20796631E-04
4.98239127E-01  3.04634422E-02  5.20990056E-04
4.98537742E-01  3.05856876E-02  5.23080700E-04
4.98836357E-01  2.87854914E-02  5.04310592E-04
4.99134972E-01  3.02504022E-02  5.19171997E-04
4.99433587E-01  2.95721758E-02  5.14863525E-04
4.99732202E-01  3.07151489E-02  5.21721027E-04
5.00030817E-01  3.08516286E-02  5.22234302E-04
5.00329432E-01  3.02056801E-02  5.18023153E-04
5.00628047E-01  3.04547027E-02  5.20156405E-04
5.00926662E-01  3.02347504E-02  5.21133887E-04
5.01225277E-01  3.13012227E-02  5.24094619E-04
5.01523892E-01  3.03458087E-02  5.16416854E-04
5.01822507E-01  2.96386480E-02  5.12767117E-04
5.02121122E-01  3.05917058E-02  5.22115733E-04
5.02419737E-01  3.05388775E-02  5.20759262E-04
5.02718352E-01  3.05177085E-02  5.20322588E-04
5.03016967E-01  3.09993997E-02  5.24285191E-04
5.03315582E-01  2.97432151E-02  5.14961663E-04
5.03614197E-01  3.14789675E-02  5.25599287E-04
5.03912812E-01  3.09960805E-02  5.24004281E-04
5.04211427E-01  3.10174804E-02  5.23022434E-04
5.04510042E-01  3.08345016E-02  5.24202245E-04
5.04808657E-01  3.07415016E-02  5.19033347E-04
5.05107272E-01  3.20761502E-02  5.33197308E-04
5.05405887E-01  3.01092416E-02  5.14556363E-04
5.05704502E-01  2.99417228E-02  5.17082692E-04
5.06003117E-01  2.93073840E-02  5.08790370E-04
5.06301732E-01  3.00375968E-02  5.14837797E-04
5.06600347E-01  3.08594815E-02  5.19914960E-04
5.06898962E-01  3.07674855E-02  5.22609975E-04
5.07197577E-01  3.08969524E-02  5.24884847E-04
5.07496192E-01  3.12829949E-02  5.21818292E-04
5.07794807E-01  3.01283300E-02  5.18837420E-04
5.08093422E-01  3.08319069E-02  5.21228823E-04
5.08392037E-01  2.98395604E-02  5.13788371E-04
5.08690652E-01  3.02448664E-02  5.14475629E-04
5.08989267E-01  3.07005625E-02  5.20124449E-04
5.09287882E-01  3.12158335E-02  5.26292308E-04
5.09586497E-01  3.04155853E-02  5.17454464E-04
5.09885112E-01  3.08632646E-02  5.20866539E-04
5.10183727E-01  3.05254273E-02  5.18648128E-04
5.10482342E-01  3.02390419E-02  5.15197113E-04
5.10780957E-01  3.09571270E-02  5.22823015E-04
5.11079572E-01  3.06860711E-02  5.19506284E-04
5.11378187E-01  3.16781960E-02  5.27969911E-04
5.11676802E-01  3.05187292E-02  5.22088318E-04
5.11975417E-01  3.01778540E-02  5.13930921E-04
5.12274032E-01  3.14959586E-02  5.25809708E-04
5.12572647E-01  3.03383097E-02  5.16438857E-04
5.12871262E-01  2.99923308E-02  5.12858038E-04
5.13169877E-01  3.04965004E-02  5.20870322E-04
5.13468492E-01  3.08629051E-02  5.17845619E-04
5.13767107E-01  3.02495249E-02  5.14554849E-04
5.14065722E-01  3.01222540E-02  5.16516448E-04
5.14364337E-01  2.99213603E-02  5.13903389E-04
5.14662952E-01  3.03692706E-02  5.16591768E-04
5.14961567E-01  3.06719914E-02  5.17638517E-04
5.15260182E-01  3.00726295E-02  5.15589723E-04
5.15558797E-01  3.10864989E-02  5.22406830E-04
5.15857412E-01  2.99014635E-02  5.11978345E-04
5.16156027E-01  3.08443122E-02  5.21140697E-04
5.16454642E-01  3.03109083E-02  5.16871805E-04
5.16753257E-01  3.12676392E-02  5.23679191E-04
5.17051872E-01  3.02776005E-02  5.17358014E-04
5.17350487E-01  3.03528234E-02  5.14454674E-04
5.17649102E-01  3.15950736E-02  5.26292250E-04
5.17947717E-01  3.07198204E-02  5.18445682E-04
5.18246332E-01  3.05637196E-02  5.17509063E-04
5.18544947E-01  3.04248091E-02  5.17986366E-04
5.18843562E-01  3.10089085E-02  5.23324474E-04
5.19142177E-01  3.10382601E-02  5.21007983E-04
5.19440792E-01  3.11107896E-02  5.21491282E-04
5.19739407E-01  3.02436035E-02  5.14677551E-04
5.20038022E-01  3.09852976E-02  5.23522787E-04
5.20336637E-01  3.07896435E-02  5.19180612E-04
5.20635252E-01  3.11161280E-02  5.21800714E-04
5.20933867E-01  2.97687929E-02  5.10755985E-04
5.21232482E-01  3.06142215E-02  5.17326989E-04
5.21531097E-01  3.04504987E-02  5.17973502E-04
5.21829712E-01  3.06697842E-02  5.19453897E-04
5.22128327E-01  3.05359550E-02  5.17558597E-04
5.22426942E-01  3.05672064E-02  5.15429827E-04
5.22725557E-01  3.01510394E-02  5.14669751E-04
5.23024172E-01  3.14859711E-02  5.24911971E-04
5.23322787E-01  3.07025891E-02  5.19488240E-04
5.23621402E-01  3.11015043E-02  5.21702226E-04
5.23920017E-01  3.08386311E-02  5.22313698E-04
5.24218632E-01  3.13924924E-02  5.22483024E-04
5.24517247E-01  2.97255740E-02  5.09789388E-04
5.24815862E-01  3.06827091E-02  5.19971247E-04
5.25114477E-01  3.16730812E-02  5.25843701E-04
5.25413092E-01  3.15392055E-02  5.26018790E-04
5.25711707E-01  3.11092287E-02  5.22936520E-04
5.26010322E-01  3.06637418E-02  5.16397355E-04
5.26308937E-01  3.03575471E-02  5.15572494E-04
5.26607552E-01  3.01679391E-02  5.13836567E-04
5.26906167E-01  3.06508653E-02  5.17429318E-04
5.27204782E-01  3.06496862E-02  5.20609086E-04
5.27503397E-01  3.04050911E-02  5.15859458E-04
5.27802012E-01  3.08405738E-02  5.19670139E-04
5.28100627E-01  3.03968303E-02  5.17060573E-04
5.28399242E-01  3.04181278E-02  5.12479106E-04
5.28697857E-01  2.96236780E-02  5.10071230E-04
5.28996472E-01  3.08616515E-02  5.19730267E-04
5.29295087E-01  3.05636246E-02  5.18997549E-04
5.29593702E-01  3.07430103E-02  5.17219130E-04
5.29892317E-01  3.02666668E-02  5.14325860E-04
5.30190932E-01  3.10204290E-02  5.22997812E-04
5.30489547E-01  3.18366103E-02  5.27759199E-04
5.30788162E-01  2.98304725E-02  5.09866746E-04
5.31086777E-01  3.04032490E-02  5.16125408E-04
5.31385392E-01  3.05858683E-02  5.15158987E-04
5.31684007E-01  3.08570303E-02  5.20095113E-04
5.31982622E-01  3.05004921E-02  5.16957487E-04
5.32281237E-01  3.07047945E-02  5.18561457E-04
5.32579852E-01  3.04239783E-02  5.17073728E-04
5.32878467E-01  3.01301144E-02  5.13564912E-04
5.33177082E-01  3.00554503E-02  5.13937382E-04
5.33475697E-01  3.03788185E-02  5.13056177E-04
5.33774312E-01  3.07385828E-02  5.18098706E-04
5.34072927E-01  3.14325094E-02  5.27402968E-04
5.34371542E-01  3.08490843E-02  5.17395267E-04
5.34670157E-01  3.09808366E-02  5.17498527E-04
5.34968772E-01  3.14967483E-02  5.26778109E-04
5.35267387E-01  3.10369600E-02  5.20619564E-04
5.35566002E-01  3.12088542E-02  5.24241012E-04
5.35864617E-01  3.13386768E-02  5.21370792E-04
5.36163232E-01  3.07751317E-02  5.19823516E-04
5.36461847E-01  3.07151377E-02  5.18810120E-04
5.36760462E-01  3.04820854E-02  5.15831169E-04
5.37059077E-01  2.98914723E-02  5.09941950E-04
5.37357692E-01  2.99631655E-02  5.13939653E-04
5.37656307E-01  3.11865583E-02  5.19992667E-04
5.37954922E-01  3.03227212E-02  5.18811052E-04
5.38253537E-01  3.01398691E-02  5.08007419E-04
5.38552152E-01  2.91427132E-02  5.04262571E-04
5.38850767E-01  3.09094861E-02  5.20979287E-04
5.39149382E-01  3.03424373E-02  5.16434258E-04
5.39447997E-01  3.05396430E-02  5.16214175E-04
5.39746612E-01  3.11523471E-02  5.22261253E-04
5.40045227E-01  3.03815436E-02  5.14129701E-04
5.40343842E-01  3.06424610E-02  5.18991146E-04
5.40642457E-01  2.98281927E-02  5.09678910E-04
5.40941072E-01  3.01356018E-02  5.11803140E-04
5.41239687E-01  3.08279842E-02  5.22883842E-04
5.41538302E-01  2.98319627E-02  5.10713493E-04
5.41836917E-01  3.12400851E-02  5.22120448E-04
5.42135532E-01  2.96918824E-02  5.05581440E-04
5.42434147E-01  3.09170205E-02  5.19925961E-04
5.42732762E-01  2.97363829E-02  5.11405698E-04
5.43031377E-01  3.03969961E-02  5.18717046E-04
5.43329992E-01  2.97388509E-02  5.06234472E-04
5.43628607E-01  3.07345893E-02  5.18399698E-04
5.43927222E-01  3.07926107E-02  5.19526191E-04
5.44225837E-01  3.01886164E-02  5.14786458E-04
5.44524452E-01  3.07374038E-02  5.15667256E-04
5.44823067E-01  3.10961381E-02  5.21832495E-04
5.45121682E-01  2.96053682E-02  5.08551195E-04
5.45420297E-01  3.00105866E-02  5.12272236E-04
5.45718912E-01  2.98504680E-02  5.09539095E-04
5.46017527E-01  2.93354113E-02  5.06234646E-04
5.46316142E-01  3.13144475E-02  5.22270275E-04
5.46614757E-01  3.08161508E-02  5.21409675E-04
5.46913372E-01  3.00531946E-02  5.09669131E-04
5.47211987E-01  3.01899686E-02  5.13690466E-04
5.47510602E-01  2.95921527E-02  5.09452890E-04
5.47809217E-01  2.93852482E-02  5.05815900E-04
5.48107832E-01  3.05332560E-02  5.18257730E-04
5.48406447E-01  3.01203784E-02  5.12358034E-04
5.48705062E-01  3.07900235E-02  5.16768254E-04
5.49003677E-01  3.05538550E-02  5.19206107E-04
5.49302292E-01  2.99372002E-02  5.08213765E-04
5.49600907E-01  2.98339110E-02  5.11797902E-04
5.49899522E-01  2.97237113E-02  5.09233505E-04
5.50198137E-01  3.09519339E-02  5.21176786E-04
5.50496752E-01  3.05582304E-02  5.16086177E-04
5.50795367E-01  3.09395771E-02  5.18039451E-04
5.51093982E-01  2.98412032E-02  5.10497775E-04
5.51392597E-01  3.06873508E-02  5.19081834E-04
5.51691212E-01  3.08795273E-02  5.18928689E-04
5.51989827E-01  2.94471178E-02  5.06505836E-04
5.52288442E-01  2.97301132E-02  5.06599783E-04
5.52587057E-01  3.08252312E-02  5.17723907E-04
5.52885672E-01  2.97588054E-02  5.08939265E-04
5.53184287E-01  3.02316844E-02  5.10862796E-04
5.53482902E-01  3.05015091E-02  5.13883890E-04
5.53781517E-01  2.99568642E-02  5.10389509E-04
5.54080132E-01  3.03650964E-02  5.13483945E-04
5.54378747E-01  2.99411677E-02  5.05736971E-04
5.54677362E-01  3.08595262E-02  5.15904219E-04
5.54975977E-01  3.03833596E-02  5.13645879E-04
5.55274592E-01  3.04866917E-02  5.12906816E-04
5.55573207E-01  3.02310139E-02  5.05185104E-04
5.55871822E-01  3.05854809E-02  5.11895400E-04
5.56170437E-01  3.03169731E-02  5.10992482E-04
5.56469052E-01  3.02004181E-02  5.10626181E-04
5.56767667E-01  3.03108767E-02  5.08869824E-04
5.57066282E-01  2.99698096E-02  5.06727025E-04
5.57364897E-01  3.04835681E-02  5.07425575E-04
5.57663512E-01  3.02210078E-02  5.08365047E-04
5.57962127E-01  3.15666497E-02  5.17834036E-04
5.58260742E-01  2.86431145E-02  4.90720442E-04
5.58559357E-01  3.10543496E-02  5.16569009E-04
5.58857972E-01  3.11282985E-02  5.16443339E-04
5.59156587E-01  2.90811472E-02  4.94465756E-04
5.59455202E-01  3.02009862E-02  5.06882090E-04
5.59753817E-01  2.96220835E-02  4.99635062E-04
5.60052432E-01  3.09980102E-02  5.12801809E-04
5.60351047E-01  2.97264960E-02  5.00755559E-04
5.60649662E-01  3.11308727E-02  5.10410755E-04
5.60948277E-01  2.93495990E-02  4.96524561E-04
5.61246892E-01  3.00337933E-02  5.03226183E-04
5.61545507E-01  3.04623786E-02  5.06092212E-04
5.61844122E-01  2.93364022E-02  4.93764062E-04
5.62142737E-01  3.03565376E-02  5.06646466E-04
5.62441352E-01  2.96994019E-02  4.97623347E-04
5.62739967E-01  2.98886020E-02  4.98628360E-04
5.63038582E-01  2.96185333E-02  4.97878355E-04
5.63337197E-01  3.00582498E-02  4.99930407E-04
5.63635812E-01  2.90991310E-02  4.95703949E-04
5.63934427E-01  2.91544497E-02  4.91677609E-04
5.64233042E-01  3.06216273E-02  5.02737530E-04
5.64531657E-01  2.97459997E-02  4.97915142E-04
5.64830272E-01  3.00737135E-02  5.00187569E-04
5.65128887E-01  3.07694133E-02  5.06530982E-04
5.65427502E-01  3.07006892E-02  5.02817275E-04
5.65726117E-01  2.99688615E-02  4.98512643E-04
5.66024732E-01  2.98144389E-02  4.96769324E-04
5.66323347E-01  2.98036095E-02  4.97141271E-04
5.66621962E-01  3.01932208E-02  4.96038469E-04
5.66920577E-01  3.02737448E-02  5.00820228E-04
5.67219192E-01  3.06882448E-02  5.05057978E-04
5.67517807E-01  3.02116554E-02  5.00890950E-04
5.67816422E-01  2.96766274E-02  4.90338600E-04
5.68115037E-01  2.96169836E-02  4.93205560E-04
5.68413652E-01  3.02368943E-02  4.98915149E-04
5.68712267E-01  2.97679566E-02  4.95033746E-04
5.69010882E-01  3.04319039E-02  4.99152055E-04
5.69309497E-01  2.94655729E-02  4.91502637E-04
5.69608112E-01  2.99306959E-02  4.96164605E-04
5.69906727E-01  3.02741528E-02  4.97636735E-04
5.70205342E-01  2.99870893E-02  4.93251428E-04
5.70503957E-01  2.92337704E-02  4.90925333E-04
5.70802572E-01  3.03582456E-02  4.99019050E-04
5.71101187E-01  3.02566569E-02  4.99445247E-04
5.71399802E-01  2.95864232E-02  4.91403742E-04
5.71698417E-01  2.97632590E-02  4.93660395E-04
5.71997032E-01  3.06165833E-02  5.02993760E-04
5.72295647E-01  2.97219772E-02  4.95022628E-04
5.72594262E-01  2.98378859E-02  4.93947882E-04
5.72892877E-01  2.97202393E-02  4.89524740E-04
5.73191492E-01  2.99069379E-02  4.96111752E-04
5.73490107E-01  2.93094181E-02  4.92265099E-04
5.73788722E-01  2.99509000E-02  4.95005457E-04
5.74087337E-01  3.03465594E-02  4.99637623E-04
5.74385952E-01  2.97981258E-02  4.96359775E-04
5.74684567E-01  3.06832232E-02  5.02868497E-04
5.74983182E-01  3.06290723E-02  4.99904098E-04
5.75281797E-01  2.95784101E-02  4.89921018E-04
5.75580412E-01  3.07159536E-02  5.03607909E-04
5.75879027E-01  2.98138130E-02  4.94566921E-04
5.76177642E-01  2.91527677E-02  4.89841448E-04
5.76476257E-01  2.96270233E-02  4.91671322E-04
5.76774872E-01  2.82539912E-02  4.82568983E-04
5.77073487E-01  3.02072093E-02  4.98629059E-04
5.77372102E-01  3.05147506E-02  5.02202602E-04
5.77670717E-01  2.92885043E-02  4.88753081E-04
5.77969332E-01  2.93176919E-02  4.90676961E-04
5.78267947E-01  2.93127205E-02  4.91766026E-04
5.78566562E-01  2.97781862E-02  4.94520529E-04
5.78865177E-01  3.02460343E-02  4.96236898E-04
5.79163792E-01  2.97484174E-02  4.94845677E-04
5.79462407E-01  2.92586908E-02  4.90307924E-04
5.79761022E-01  3.03914789E-02  5.01670816E-04
5.80059637E-01  2.88983583E-02  4.84405609E-04
5.80358252E-01  2.93328092E-02  4.91274113E-04
5.80656867E-01  2.88649891E-02  4.88465943E-04
5.80955482E-01  3.06755658E-02  5.03555231E-04


### HEADER:
#
#{
#    "analysis": {},
#    "calibration_params": {
#        "Beam_Center_X": 1061.0,
#        "Beam_Center_Y": 2093.0,
#        "Detector Tilt": 0.0,
#        "Detector Tilt Plane Rotation": 0.0,
#        "Detector_X_Pixel_Size": 75.0,
#        "Detector_Y_Pixel_Size": 75.0,
#        "Integration Method": "nosplit_csr",
#        "Radial_Average_Method": "pyFAI",
#        "Sample-to-detector distance (mm)": 1782.0,
#        "Wavelength (A)": 0.8823505857220345
#    },
#    "config_file": "/Users/jwinnikoff/Library/Application Support/RAW/backup.cfg",
#    "counters": {
#        "Epoch": "12.705",
#        "I1": "0",
#        "I2": "0",
#        "I3": "0",
#        "Seconds": "1",
#        "Time": "2.21729e-05",
#        "date": "Tue Feb 21 00:15:55 2023",
#        "diode": "43748"
#    },
#    "filename": "JWL0316A_04-80C_lh_1_data_000001_00001.h5",
#    "history": {},
#    "imageHeader": {},
#    "load_path": "/Users/jwinnikoff/Documents/MBARI/SAXS/HPSAXS_7A_Feb2023/JWL0316A_AL95_pPCSlp/JWL0316A_04-80C_lh_1_data_000001.h5",
#    "normalizations": {
#        "Absolute_scale": {
#            "Absolute_scale_factor": 0.005174693841759343,
#            "Method": "Water"
#        },
#        "Counter_norms": [
#            [
#                "/",
#                "diode/150000"
#            ]
#        ],
#        "Polarization": {
#            "Used": false
#        },
#        "Solid_Angle_Correction": "On"
#    },
#    "raw_version": "2.1.4"
#}

