### DATA:
#
# 1908
#      Q             I(Q)           Error     
1.14966775E-02  0.00000000E+00  0.00000000E+00
1.17952925E-02  3.94647002E+00  7.59217367E-02
1.20939075E-02  3.87490296E+00  5.31957820E-02
1.23925225E-02  3.65971231E+00  4.22109067E-02
1.26911375E-02  3.42633629E+00  3.83651964E-02
1.29897525E-02  3.38691092E+00  3.70691456E-02
1.32883675E-02  3.18892288E+00  3.45582440E-02
1.35869825E-02  3.07162452E+00  3.23006958E-02
1.38855975E-02  3.00193071E+00  2.99133025E-02
1.41842125E-02  2.82388449E+00  2.96235215E-02
1.44828275E-02  2.69811130E+00  2.86530927E-02
1.47814425E-02  2.60469580E+00  2.73121372E-02
1.50800575E-02  2.55866623E+00  2.60668024E-02
1.53786725E-02  2.42597294E+00  2.39061415E-02
1.56772875E-02  2.35320711E+00  2.37370953E-02
1.59759025E-02  2.28768349E+00  2.18479875E-02
1.62745175E-02  2.17524862E+00  2.10063588E-02
1.65731325E-02  2.07923937E+00  2.08288766E-02
1.68717475E-02  2.06469703E+00  1.90612674E-02
1.71703625E-02  1.96983612E+00  1.95860639E-02
1.74689775E-02  1.91966796E+00  1.78498477E-02
1.77675925E-02  1.87066758E+00  1.73276830E-02
1.80662075E-02  1.80347073E+00  1.77083407E-02
1.83648225E-02  1.73626709E+00  1.56154539E-02
1.86634375E-02  1.70949686E+00  1.62119567E-02
1.89620525E-02  1.65783024E+00  1.50432372E-02
1.92606675E-02  1.60776556E+00  1.50265032E-02
1.95592825E-02  1.55480623E+00  1.49211176E-02
1.98578975E-02  1.48746431E+00  1.35117993E-02
2.01565125E-02  1.44045281E+00  1.37673859E-02
2.04551275E-02  1.41769552E+00  1.28194606E-02
2.07537425E-02  1.40160966E+00  1.24534639E-02
2.10523575E-02  1.35607600E+00  1.15684411E-02
2.13509725E-02  1.30296564E+00  1.06432829E-02
2.16495875E-02  1.26388395E+00  1.04513913E-02
2.19482025E-02  1.22948933E+00  9.54757724E-03
2.22468175E-02  1.19816995E+00  9.86022875E-03
2.25454325E-02  1.15154529E+00  8.86538718E-03
2.28440475E-02  1.11692190E+00  8.94253235E-03
2.31426625E-02  1.05896163E+00  8.40392802E-03
2.34412775E-02  1.00891745E+00  7.88529590E-03
2.37398925E-02  9.75210726E-01  8.04641377E-03
2.40385075E-02  9.24748719E-01  7.36506796E-03
2.43371225E-02  9.08969998E-01  7.30196526E-03
2.46357375E-02  8.59027267E-01  7.29142176E-03
2.49343525E-02  8.04781973E-01  6.71094563E-03
2.52329675E-02  7.67521203E-01  6.87758485E-03
2.55315825E-02  7.24130929E-01  6.25880901E-03
2.58301975E-02  6.92716599E-01  6.15583966E-03
2.61288125E-02  6.68369234E-01  6.24889834E-03
2.64274275E-02  6.16372287E-01  5.62036410E-03
2.67260425E-02  5.89127004E-01  5.78633184E-03
2.70246575E-02  5.56273937E-01  5.26594231E-03
2.73232725E-02  5.15565217E-01  5.23288408E-03
2.76218875E-02  5.04372239E-01  5.25273755E-03
2.79205025E-02  4.70638216E-01  4.88554686E-03
2.82191175E-02  4.46843505E-01  4.74399980E-03
2.85177325E-02  4.27615821E-01  4.56280960E-03
2.88163475E-02  3.95295262E-01  4.52483166E-03
2.91149625E-02  3.82443845E-01  4.32229647E-03
2.94135775E-02  3.70831400E-01  4.20720736E-03
2.97121925E-02  3.40452164E-01  4.06453898E-03
3.00108075E-02  3.30496252E-01  3.87188070E-03
3.03094225E-02  3.13312650E-01  3.93862557E-03
3.06080375E-02  3.02415431E-01  3.74467019E-03
3.09066525E-02  2.84548253E-01  3.58156185E-03
3.12052675E-02  2.70955086E-01  3.60218342E-03
3.15038825E-02  2.62997627E-01  3.39641701E-03
3.18024975E-02  2.51198024E-01  3.37034371E-03
3.21011125E-02  2.37169549E-01  3.16874566E-03
3.23997275E-02  2.36346453E-01  3.07957968E-03
3.26983425E-02  2.25497574E-01  3.03317257E-03
3.29969575E-02  2.16870323E-01  2.81057856E-03
3.32955725E-02  2.10896865E-01  2.77160178E-03
3.35941875E-02  2.02002257E-01  2.58658594E-03
3.38928025E-02  1.96937561E-01  2.62957672E-03
3.41914175E-02  1.92457929E-01  2.52188416E-03
3.44900325E-02  1.87076613E-01  2.46967166E-03
3.47886474E-02  1.83238551E-01  2.40169605E-03
3.50872624E-02  1.75941169E-01  2.30902690E-03
3.53858774E-02  1.72211498E-01  2.35641003E-03
3.56844924E-02  1.68448552E-01  2.24080775E-03
3.59831074E-02  1.61849767E-01  2.15934101E-03
3.62817224E-02  1.56072125E-01  2.17249314E-03
3.65803374E-02  1.50325075E-01  2.06682459E-03
3.68789524E-02  1.46275207E-01  2.10757181E-03
3.71775674E-02  1.47395849E-01  2.06679339E-03
3.74761824E-02  1.42685816E-01  1.97926722E-03
3.77747974E-02  1.42737016E-01  1.98899186E-03
3.80734124E-02  1.39270023E-01  1.93374651E-03
3.83720274E-02  1.33776650E-01  1.95738091E-03
3.86706424E-02  1.32288575E-01  1.85422937E-03
3.89692574E-02  1.28811315E-01  1.88412482E-03
3.92678724E-02  1.30617633E-01  1.91177335E-03
3.95664874E-02  1.25687405E-01  1.80737639E-03
3.98651024E-02  1.24818012E-01  1.80271990E-03
4.01637174E-02  1.22416519E-01  1.75580883E-03
4.04623324E-02  1.20225929E-01  1.80165563E-03
4.07609474E-02  1.19616561E-01  1.73411984E-03
4.10595624E-02  1.17427118E-01  1.75322953E-03
4.13581774E-02  1.15337707E-01  1.70576107E-03
4.16567924E-02  1.10480778E-01  1.63589977E-03
4.19554074E-02  1.15237102E-01  1.71842612E-03
4.22540224E-02  1.14076607E-01  1.69641199E-03
4.25526374E-02  1.09757103E-01  1.64146000E-03
4.28512524E-02  1.09684452E-01  1.64646097E-03
4.31498674E-02  1.09319247E-01  1.62458874E-03
4.34484824E-02  1.08534709E-01  1.66917220E-03
4.37470974E-02  1.08360969E-01  1.59648107E-03
4.40457124E-02  1.06568180E-01  1.59092434E-03
4.43443274E-02  1.06834896E-01  1.62356312E-03
4.46429424E-02  1.03189640E-01  1.56043749E-03
4.49415574E-02  1.05312966E-01  1.62714650E-03
4.52401724E-02  1.03853561E-01  1.54438696E-03
4.55387874E-02  1.05257429E-01  1.57982938E-03
4.58374024E-02  1.04830697E-01  1.57662423E-03
4.61360174E-02  1.00426108E-01  1.52108399E-03
4.64346324E-02  1.01719461E-01  1.56067254E-03
4.67332474E-02  1.02718249E-01  1.51929457E-03
4.70318624E-02  9.83386189E-02  1.53075915E-03
4.73304774E-02  9.76053625E-02  1.51640852E-03
4.76290924E-02  1.01591893E-01  1.51444250E-03
4.79277074E-02  9.93699506E-02  1.48861529E-03
4.82263224E-02  9.77371782E-02  1.46629591E-03
4.85249374E-02  9.84608009E-02  1.51693739E-03
4.88235524E-02  9.70000923E-02  1.46851887E-03
4.91221674E-02  9.74586681E-02  1.46310590E-03
4.94207824E-02  9.94200110E-02  1.49356097E-03
4.97193974E-02  9.57553238E-02  1.43948221E-03
5.00180124E-02  9.79041383E-02  1.49598415E-03
5.03166274E-02  9.77596417E-02  1.45232084E-03
5.06152424E-02  9.57796946E-02  1.44180492E-03
5.09138574E-02  9.48441327E-02  1.45211176E-03
5.12124724E-02  9.64934677E-02  1.42613298E-03
5.15110874E-02  9.72259790E-02  1.45698804E-03
5.18097024E-02  9.76262391E-02  1.43863878E-03
5.21083174E-02  9.53778699E-02  1.41991733E-03
5.24069324E-02  9.88821164E-02  1.44681439E-03
5.27055474E-02  9.52477008E-02  1.41080620E-03
5.30041624E-02  9.43696275E-02  1.43115770E-03
5.33027774E-02  9.68199447E-02  1.41633814E-03
5.36013924E-02  9.39914286E-02  1.40348263E-03
5.39000074E-02  9.64543745E-02  1.39788946E-03
5.41986224E-02  9.30376053E-02  1.40036852E-03
5.44972374E-02  9.35379565E-02  1.38624199E-03
5.47958524E-02  9.31523815E-02  1.37375563E-03
5.50944674E-02  9.60425138E-02  1.41668564E-03
5.53930824E-02  9.36766416E-02  1.36816199E-03
5.56916974E-02  9.38090682E-02  1.36169849E-03
5.59903124E-02  9.20922831E-02  1.37742981E-03
5.62889274E-02  9.05597433E-02  1.33610214E-03
5.65875424E-02  9.29540172E-02  1.37804204E-03
5.68861574E-02  9.32408422E-02  1.35573756E-03
5.71847724E-02  8.99960101E-02  1.32304162E-03
5.74833874E-02  8.97293538E-02  1.33538246E-03
5.77820024E-02  8.88454244E-02  1.31281139E-03
5.80806174E-02  8.93133581E-02  1.34890422E-03
5.83792324E-02  8.82112682E-02  1.29275897E-03
5.86778474E-02  8.66848156E-02  1.30194961E-03
5.89764624E-02  8.78628790E-02  1.32503454E-03
5.92750774E-02  8.52331668E-02  1.25221082E-03
5.95736924E-02  8.53358284E-02  1.29178143E-03
5.98723074E-02  8.44368860E-02  1.25829142E-03
6.01709224E-02  8.62594098E-02  1.27016986E-03
6.04695374E-02  8.24335515E-02  1.26121286E-03
6.07681524E-02  8.30894932E-02  1.25304842E-03
6.10667674E-02  8.36529806E-02  1.26384781E-03
6.13653824E-02  8.35041776E-02  1.23402185E-03
6.16639974E-02  7.98446164E-02  1.22203201E-03
6.19626124E-02  8.08372572E-02  1.23118283E-03
6.22612274E-02  8.06203038E-02  1.20651769E-03
6.25598424E-02  7.90682659E-02  1.22077670E-03
6.28584574E-02  8.02220777E-02  1.20953075E-03
6.31570724E-02  7.84382150E-02  1.20659894E-03
6.34556874E-02  7.87675530E-02  1.17668405E-03
6.37543024E-02  7.74970353E-02  1.18291960E-03
6.40529174E-02  7.78816491E-02  1.20231265E-03
6.43515324E-02  7.75552839E-02  1.17683748E-03
6.46501474E-02  7.72296116E-02  1.19955896E-03
6.49487624E-02  7.47661963E-02  1.13687373E-03
6.52473774E-02  7.50239193E-02  1.14838511E-03
6.55459924E-02  7.36665279E-02  1.15047791E-03
6.58446074E-02  7.46549517E-02  1.14555901E-03
6.61432224E-02  7.64516592E-02  1.17202569E-03
6.64418374E-02  7.39775896E-02  1.12423277E-03
6.67404524E-02  7.43707567E-02  1.14200509E-03
6.70390674E-02  7.69511610E-02  1.16726733E-03
6.73376824E-02  7.40456060E-02  1.11501315E-03
6.76362974E-02  7.61923939E-02  1.15869404E-03
6.79349124E-02  7.56330267E-02  1.12885120E-03
6.82335274E-02  7.37047568E-02  1.12216175E-03
6.85321424E-02  7.50153810E-02  1.14557345E-03
6.88307574E-02  7.45346919E-02  1.11933635E-03
6.91293724E-02  7.48755038E-02  1.13906269E-03
6.94279874E-02  7.67526329E-02  1.12555525E-03
6.97266024E-02  7.52599537E-02  1.13394239E-03
7.00252174E-02  7.55604655E-02  1.12701510E-03
7.03238324E-02  7.40316734E-02  1.10667734E-03
7.06224474E-02  7.75902569E-02  1.15002180E-03
7.09210624E-02  7.55819082E-02  1.12074718E-03
7.12196774E-02  7.73902684E-02  1.13150442E-03
7.15182924E-02  7.96865746E-02  1.12301472E-03
7.18169074E-02  7.80980363E-02  1.14185247E-03
7.21155224E-02  7.54604563E-02  1.11857732E-03
7.24141374E-02  7.80074000E-02  1.13089837E-03
7.27127524E-02  7.99944326E-02  1.14010496E-03
7.30113674E-02  8.09758902E-02  1.13824976E-03
7.33099824E-02  8.18727389E-02  1.15085638E-03
7.36085974E-02  8.22413489E-02  1.15729624E-03
7.39072124E-02  8.49964917E-02  1.15483941E-03
7.42058274E-02  8.21028352E-02  1.15890964E-03
7.45044424E-02  8.37003216E-02  1.14971236E-03
7.48030574E-02  8.38085413E-02  1.15799194E-03
7.51016724E-02  8.65151584E-02  1.17525645E-03
7.54002874E-02  8.70923027E-02  1.16030278E-03
7.56989024E-02  8.86249244E-02  1.19080383E-03
7.59975174E-02  9.12120044E-02  1.18868856E-03
7.62961324E-02  9.32149217E-02  1.20551093E-03
7.65947474E-02  9.33190510E-02  1.20234152E-03
7.68933624E-02  9.51786041E-02  1.21555233E-03
7.71919774E-02  9.58656594E-02  1.23310718E-03
7.74905924E-02  9.67361853E-02  1.21138094E-03
7.77892074E-02  1.00092143E-01  1.23996509E-03
7.80878224E-02  1.00687072E-01  1.23331393E-03
7.83864374E-02  1.02860726E-01  1.24462706E-03
7.86850524E-02  1.04887657E-01  1.27740914E-03
7.89836674E-02  1.05732456E-01  1.26646133E-03
7.92822824E-02  1.08078234E-01  1.26992771E-03
7.95808974E-02  1.10244438E-01  1.27096125E-03
7.98795124E-02  1.14430197E-01  1.32027036E-03
8.01781274E-02  1.19625121E-01  1.36131141E-03
8.04767424E-02  1.18059427E-01  1.31788698E-03
8.07753574E-02  1.24840334E-01  1.36906409E-03
8.10739724E-02  1.27321661E-01  1.36723346E-03
8.13725874E-02  1.29292116E-01  1.37226796E-03
8.16712024E-02  1.36261299E-01  1.43179332E-03
8.19698174E-02  1.37603402E-01  1.40178297E-03
8.22684324E-02  1.39340147E-01  1.44048245E-03
8.25670474E-02  1.43745944E-01  1.44550437E-03
8.28656624E-02  1.50759444E-01  1.49076909E-03
8.31642774E-02  1.55018151E-01  1.49076595E-03
8.34628924E-02  1.60523191E-01  1.51849724E-03
8.37615074E-02  1.67385906E-01  1.57400745E-03
8.40601224E-02  1.69952482E-01  1.55332487E-03
8.43587374E-02  1.77565739E-01  1.59394473E-03
8.46573524E-02  1.82404220E-01  1.60766288E-03
8.49559674E-02  1.87975124E-01  1.64322462E-03
8.52545824E-02  1.94356397E-01  1.67418027E-03
8.55531974E-02  2.00575039E-01  1.67291146E-03
8.58518124E-02  2.04340920E-01  1.69666647E-03
8.61504274E-02  2.13518709E-01  1.71624194E-03
8.64490424E-02  2.15299651E-01  1.75173569E-03
8.67476574E-02  2.24713430E-01  1.78614212E-03
8.70462724E-02  2.30516613E-01  1.77905685E-03
8.73448874E-02  2.35569701E-01  1.81212823E-03
8.76435024E-02  2.39470020E-01  1.80903473E-03
8.79421174E-02  2.46221960E-01  1.86424830E-03
8.82407324E-02  2.54306585E-01  1.88732857E-03
8.85393474E-02  2.55311430E-01  1.86443166E-03
8.88379624E-02  2.65852213E-01  1.91687676E-03
8.91365774E-02  2.67918974E-01  1.89932261E-03
8.94351924E-02  2.73596674E-01  1.93365407E-03
8.97338074E-02  2.81668872E-01  1.95105339E-03
9.00324224E-02  2.89119303E-01  1.97122712E-03
9.03310374E-02  2.93750793E-01  2.00926024E-03
9.06296524E-02  2.99039721E-01  2.00292235E-03
9.09282674E-02  3.10704321E-01  2.03974196E-03
9.12268824E-02  3.17201346E-01  2.05719168E-03
9.15254974E-02  3.24013799E-01  2.07161321E-03
9.18241124E-02  3.30953628E-01  2.12473050E-03
9.21227274E-02  3.45227778E-01  2.15008599E-03
9.24213424E-02  3.55335027E-01  2.14431086E-03
9.27199574E-02  3.66683871E-01  2.19784072E-03
9.30185724E-02  3.80585194E-01  2.24316516E-03
9.33171874E-02  3.91311765E-01  2.29754485E-03
9.36158024E-02  4.12550628E-01  2.27845088E-03
9.39144174E-02  4.25966591E-01  2.37529469E-03
9.42130324E-02  4.46461469E-01  2.41864659E-03
9.45116474E-02  4.64375496E-01  2.45570741E-03
9.48102624E-02  4.86832500E-01  2.52563693E-03
9.51088774E-02  5.17348230E-01  2.55369325E-03
9.54074924E-02  5.39714456E-01  2.64273956E-03
9.57061074E-02  5.70084691E-01  2.70889048E-03
9.60047224E-02  6.13786221E-01  2.81328452E-03
9.63033374E-02  6.53400779E-01  2.87487684E-03
9.66019524E-02  6.98377371E-01  2.98773963E-03
9.69005674E-02  7.52776444E-01  3.09381355E-03
9.71991824E-02  8.13162744E-01  3.20715015E-03
9.74977974E-02  8.83081734E-01  3.33067682E-03
9.77964124E-02  9.67528760E-01  3.47436778E-03
9.80950274E-02  1.05948508E+00  3.66082601E-03
9.83936424E-02  1.16253471E+00  3.83639312E-03
9.86922574E-02  1.28767943E+00  4.03411593E-03
9.89908724E-02  1.45020378E+00  4.23558475E-03
9.92894874E-02  1.61487770E+00  4.45641670E-03
9.95881024E-02  1.83066964E+00  4.78324108E-03
9.98867174E-02  2.07456803E+00  5.10943262E-03
1.00185332E-01  2.37539601E+00  5.34447655E-03
1.00483947E-01  2.70181489E+00  5.79115609E-03
1.00782562E-01  3.10277343E+00  6.13094587E-03
1.01081177E-01  3.53325677E+00  6.60853740E-03
1.01379792E-01  3.98013496E+00  6.98746881E-03
1.01678407E-01  4.44029570E+00  7.30109354E-03
1.01977022E-01  4.86208344E+00  7.72294542E-03
1.02275637E-01  5.20910597E+00  7.99380895E-03
1.02574252E-01  5.47430849E+00  8.16059019E-03
1.02872867E-01  5.59808350E+00  8.16443656E-03
1.03171482E-01  5.63050842E+00  8.18138942E-03
1.03470097E-01  5.48197699E+00  8.08593351E-03
1.03768712E-01  5.23872042E+00  7.97645282E-03
1.04067327E-01  4.90710020E+00  7.58245168E-03
1.04365942E-01  4.54213953E+00  7.37834908E-03
1.04664557E-01  4.15431070E+00  7.05054821E-03
1.04963172E-01  3.76294851E+00  6.66131685E-03
1.05261787E-01  3.37517142E+00  6.32409519E-03
1.05560402E-01  3.00402880E+00  5.90434344E-03
1.05859017E-01  2.69879055E+00  5.66885248E-03
1.06157632E-01  2.41820431E+00  5.33143571E-03
1.06456247E-01  2.16237688E+00  5.04154619E-03
1.06754862E-01  1.93588758E+00  4.71367827E-03
1.07053477E-01  1.73637509E+00  4.49250545E-03
1.07352092E-01  1.56474686E+00  4.26470768E-03
1.07650707E-01  1.40968084E+00  4.05110791E-03
1.07949322E-01  1.26682663E+00  3.83425876E-03
1.08247937E-01  1.15448022E+00  3.65739479E-03
1.08546552E-01  1.05496526E+00  3.51016037E-03
1.08845167E-01  9.59238887E-01  3.29231261E-03
1.09143782E-01  8.76475990E-01  3.18423938E-03
1.09442397E-01  7.98045933E-01  3.00066033E-03
1.09741012E-01  7.40818262E-01  2.90004513E-03
1.10039627E-01  6.82526708E-01  2.80549913E-03
1.10338242E-01  6.26664579E-01  2.67142686E-03
1.10636857E-01  5.82172036E-01  2.54332740E-03
1.10935472E-01  5.39597273E-01  2.44670664E-03
1.11234087E-01  5.02876878E-01  2.38381140E-03
1.11532702E-01  4.71886247E-01  2.30740872E-03
1.11831317E-01  4.37952936E-01  2.21098145E-03
1.12129932E-01  4.15128082E-01  2.15672050E-03
1.12428547E-01  3.91298622E-01  2.09310465E-03
1.12727162E-01  3.67966056E-01  2.02124240E-03
1.13025777E-01  3.51665735E-01  1.97372003E-03
1.13324392E-01  3.28669786E-01  1.90521195E-03
1.13623007E-01  3.13714862E-01  1.86559965E-03
1.13921622E-01  2.96803534E-01  1.81600009E-03
1.14220237E-01  2.81853467E-01  1.75243511E-03
1.14518852E-01  2.67270774E-01  1.69267238E-03
1.14817467E-01  2.57590264E-01  1.68539735E-03
1.15116082E-01  2.42150709E-01  1.63287669E-03
1.15414697E-01  2.33182758E-01  1.59516034E-03
1.15713312E-01  2.21730292E-01  1.54061115E-03
1.16011927E-01  2.13974819E-01  1.51900423E-03
1.16310542E-01  2.05439553E-01  1.50176079E-03
1.16609157E-01  1.99601769E-01  1.46386598E-03
1.16907772E-01  1.92221820E-01  1.44185743E-03
1.17206387E-01  1.85048252E-01  1.40897417E-03
1.17505002E-01  1.77045658E-01  1.36965141E-03
1.17803617E-01  1.71321616E-01  1.36222888E-03
1.18102232E-01  1.66700959E-01  1.33096962E-03
1.18400847E-01  1.62061304E-01  1.31423143E-03
1.18699462E-01  1.59105897E-01  1.29935413E-03
1.18998077E-01  1.54460132E-01  1.26832677E-03
1.19296692E-01  1.50076762E-01  1.27403485E-03
1.19595307E-01  1.44501999E-01  1.22763868E-03
1.19893922E-01  1.43667996E-01  1.22147938E-03
1.20192537E-01  1.39562428E-01  1.21782976E-03
1.20491152E-01  1.35039210E-01  1.18088024E-03
1.20789767E-01  1.30739897E-01  1.17275561E-03
1.21088382E-01  1.27522066E-01  1.15657062E-03
1.21386997E-01  1.25911415E-01  1.14027562E-03
1.21685612E-01  1.23240076E-01  1.13862532E-03
1.21984227E-01  1.20957509E-01  1.12079398E-03
1.22282842E-01  1.20644860E-01  1.11147400E-03
1.22581457E-01  1.15867347E-01  1.08169205E-03
1.22880072E-01  1.13069370E-01  1.08750712E-03
1.23178687E-01  1.11157723E-01  1.06837985E-03
1.23477302E-01  1.09989569E-01  1.06575235E-03
1.23775917E-01  1.06450945E-01  1.03609555E-03
1.24074532E-01  1.05607763E-01  1.04210293E-03
1.24373147E-01  1.04593746E-01  1.03563245E-03
1.24671762E-01  1.00927934E-01  1.01165951E-03
1.24970377E-01  1.00754142E-01  1.00799510E-03
1.25268992E-01  9.98534784E-02  1.00209855E-03
1.25567607E-01  9.86019447E-02  9.91036883E-04
1.25866222E-01  9.69300792E-02  9.98377684E-04
1.26164837E-01  9.42022055E-02  9.73331626E-04
1.26463452E-01  9.36520472E-02  9.65844374E-04
1.26762067E-01  9.17632431E-02  9.59990488E-04
1.27060682E-01  9.23803374E-02  9.60576930E-04
1.27359297E-01  8.86537209E-02  9.55145108E-04
1.27657912E-01  8.94427896E-02  9.36894794E-04
1.27956527E-01  8.87457356E-02  9.37338744E-04
1.28255142E-01  8.71343762E-02  9.35469754E-04
1.28553757E-01  8.65230113E-02  9.15959303E-04
1.28852372E-01  8.56146961E-02  9.14789212E-04
1.29150987E-01  8.37088600E-02  9.04551125E-04
1.29449602E-01  8.41751620E-02  9.12578427E-04
1.29748217E-01  8.28857645E-02  9.04950604E-04
1.30046832E-01  8.24860707E-02  8.95530335E-04
1.30345447E-01  8.28715786E-02  8.95242207E-04
1.30644062E-01  8.30580816E-02  8.95066129E-04
1.30942677E-01  8.18058774E-02  8.94815137E-04
1.31241292E-01  8.12423378E-02  8.88757349E-04
1.31539907E-01  7.93766528E-02  8.73855199E-04
1.31838522E-01  7.69886822E-02  8.64604895E-04
1.32137137E-01  7.76834190E-02  8.76395090E-04
1.32435752E-01  7.79678151E-02  8.89508170E-04
1.32734367E-01  7.56166950E-02  8.74780875E-04
1.33032982E-01  7.63220713E-02  8.88126611E-04
1.33331597E-01  7.57745057E-02  8.84936075E-04
1.33630212E-01  7.43490309E-02  8.80317239E-04
1.33928827E-01  7.32175708E-02  8.86980910E-04
1.34227442E-01  7.19109252E-02  8.57847161E-04
1.34526057E-01  7.23751634E-02  8.78000574E-04
1.34824672E-01  7.10896477E-02  8.76581820E-04
1.35123287E-01  7.10381791E-02  8.71126016E-04
1.35421902E-01  7.07085207E-02  8.76828970E-04
1.35720517E-01  7.00858161E-02  8.64006812E-04
1.36019132E-01  6.78807274E-02  8.65583424E-04
1.36317747E-01  6.82947263E-02  8.59818771E-04
1.36616362E-01  6.78279996E-02  8.54349113E-04
1.36914977E-01  6.72806054E-02  8.60453059E-04
1.37213592E-01  6.63692355E-02  8.55896389E-04
1.37512207E-01  6.49742112E-02  8.55294056E-04
1.37810822E-01  6.51885197E-02  8.48251046E-04
1.38109437E-01  6.34778365E-02  8.37048166E-04
1.38408052E-01  6.19814135E-02  8.30265461E-04
1.38706667E-01  6.25898987E-02  8.36243387E-04
1.39005282E-01  6.23836331E-02  8.43947229E-04
1.39303897E-01  6.09358177E-02  8.17654305E-04
1.39602512E-01  6.16596453E-02  8.38383159E-04
1.39901127E-01  5.90247437E-02  8.18998553E-04
1.40199742E-01  5.80175892E-02  8.08220007E-04
1.40498357E-01  5.83418496E-02  8.19039764E-04
1.40796972E-01  5.84345832E-02  8.08942947E-04
1.41095587E-01  5.70164435E-02  8.10642086E-04
1.41394202E-01  5.58963493E-02  7.97624525E-04
1.41692817E-01  5.50112873E-02  7.96262175E-04
1.41991432E-01  5.60371988E-02  8.03653675E-04
1.42290047E-01  5.45029491E-02  7.87010300E-04
1.42588662E-01  5.46641648E-02  7.98804744E-04
1.42887277E-01  5.34018017E-02  7.85150856E-04
1.43185892E-01  5.38007729E-02  7.85601093E-04
1.43484507E-01  5.44608533E-02  7.96684821E-04
1.43783122E-01  5.17987721E-02  7.70545506E-04
1.44081737E-01  5.22067100E-02  7.76013127E-04
1.44380352E-01  5.20024151E-02  7.68154510E-04
1.44678967E-01  5.20448424E-02  7.59960967E-04
1.44977582E-01  5.18789403E-02  7.73881678E-04
1.45276197E-01  5.13535328E-02  7.58652342E-04
1.45574812E-01  5.01997806E-02  7.58862647E-04
1.45873427E-01  5.02051003E-02  7.41362863E-04
1.46172042E-01  5.00971638E-02  7.45893340E-04
1.46470657E-01  5.02140112E-02  7.55717629E-04
1.46769272E-01  4.95865643E-02  7.42084347E-04
1.47067887E-01  4.81455624E-02  7.29561958E-04
1.47366502E-01  4.90672030E-02  7.32917979E-04
1.47665117E-01  4.77214381E-02  7.23883451E-04
1.47963732E-01  4.81254868E-02  7.35276029E-04
1.48262347E-01  4.61879186E-02  7.12695066E-04
1.48560962E-01  4.69231158E-02  7.19429285E-04
1.48859577E-01  4.52954769E-02  6.97431504E-04
1.49158192E-01  4.67443168E-02  7.23263598E-04
1.49456807E-01  4.59666923E-02  7.08859647E-04
1.49755422E-01  4.52054255E-02  7.01133278E-04
1.50054037E-01  4.57406119E-02  7.09775486E-04
1.50352652E-01  4.60155718E-02  7.02958088E-04
1.50651267E-01  4.52384092E-02  7.06936466E-04
1.50949882E-01  4.44783121E-02  6.90104789E-04
1.51248497E-01  4.27872837E-02  6.80106343E-04
1.51547112E-01  4.47085276E-02  7.07346131E-04
1.51845727E-01  4.37730588E-02  6.79653429E-04
1.52144342E-01  4.35811058E-02  6.94922288E-04
1.52442957E-01  4.36280854E-02  6.74643205E-04
1.52741572E-01  4.39331979E-02  6.86875544E-04
1.53040187E-01  4.34717871E-02  6.93003007E-04
1.53338802E-01  4.25747335E-02  6.71990681E-04
1.53637417E-01  4.16090712E-02  6.72427297E-04
1.53936032E-01  4.18637916E-02  6.64672116E-04
1.54234647E-01  4.34981138E-02  6.78995275E-04
1.54533262E-01  4.18693163E-02  6.76544674E-04
1.54831877E-01  4.30827662E-02  6.76729775E-04
1.55130492E-01  4.13322672E-02  6.63806219E-04
1.55429107E-01  4.26778048E-02  6.70865527E-04
1.55727722E-01  4.22352180E-02  6.73975737E-04
1.56026337E-01  4.03088219E-02  6.54584845E-04
1.56324952E-01  4.14830856E-02  6.61889266E-04
1.56623567E-01  4.17746902E-02  6.71778573E-04
1.56922182E-01  4.08585444E-02  6.54764182E-04
1.57220797E-01  4.02704477E-02  6.58844656E-04
1.57519412E-01  4.10310812E-02  6.56854711E-04
1.57818027E-01  4.07307334E-02  6.53976807E-04
1.58116642E-01  4.10340242E-02  6.65309723E-04
1.58415257E-01  4.04474512E-02  6.51700480E-04
1.58713872E-01  4.03935090E-02  6.57435448E-04
1.59012487E-01  4.01073024E-02  6.45717198E-04
1.59311102E-01  3.88991423E-02  6.45634485E-04
1.59609717E-01  3.94510776E-02  6.51394657E-04
1.59908332E-01  3.95493396E-02  6.37147110E-04
1.60206947E-01  4.00390625E-02  6.47477922E-04
1.60505562E-01  3.92015390E-02  6.40671176E-04
1.60804177E-01  3.99011895E-02  6.45670632E-04
1.61102792E-01  3.93757001E-02  6.41635153E-04
1.61401407E-01  3.91306505E-02  6.37134654E-04
1.61700022E-01  3.91751602E-02  6.36594894E-04
1.61998637E-01  3.91137786E-02  6.37451711E-04
1.62297252E-01  3.93842831E-02  6.42628758E-04
1.62595867E-01  3.87730226E-02  6.37166318E-04
1.62894482E-01  3.75152975E-02  6.19685568E-04
1.63193097E-01  3.83398235E-02  6.35651057E-04
1.63491712E-01  3.79293710E-02  6.21792977E-04
1.63790327E-01  3.87936123E-02  6.38713245E-04
1.64088942E-01  3.84543166E-02  6.25211454E-04
1.64387557E-01  3.84634733E-02  6.30125520E-04
1.64686172E-01  3.68870050E-02  6.24396838E-04
1.64984787E-01  3.76954712E-02  6.19877246E-04
1.65283402E-01  3.75140831E-02  6.22302992E-04
1.65582017E-01  3.74269634E-02  6.16379315E-04
1.65880632E-01  3.59092727E-02  6.06285001E-04
1.66179247E-01  3.71734798E-02  6.21894491E-04
1.66477862E-01  3.63165326E-02  6.06118003E-04
1.66776477E-01  3.74810211E-02  6.21156534E-04
1.67075092E-01  3.71439569E-02  6.19668688E-04
1.67373707E-01  3.68372351E-02  6.15151192E-04
1.67672322E-01  3.62522192E-02  6.09819486E-04
1.67970937E-01  3.68165039E-02  6.08807604E-04
1.68269552E-01  3.68772522E-02  6.14194490E-04
1.68568167E-01  3.71464640E-02  6.10271876E-04
1.68866782E-01  3.64520997E-02  6.13442273E-04
1.69165397E-01  3.66366096E-02  6.10271236E-04
1.69464012E-01  3.64649110E-02  6.05065259E-04
1.69762627E-01  3.59095484E-02  6.04397384E-04
1.70061242E-01  3.53382118E-02  5.97495527E-04
1.70359857E-01  3.58839110E-02  6.09077397E-04
1.70658472E-01  3.62465233E-02  6.01193286E-04
1.70957087E-01  3.61187831E-02  6.02398184E-04
1.71255702E-01  3.55781950E-02  6.05197391E-04
1.71554317E-01  3.57098207E-02  5.92699216E-04
1.71852932E-01  3.58651280E-02  6.01523498E-04
1.72151547E-01  3.44972312E-02  5.87916584E-04
1.72450162E-01  3.62845697E-02  6.04407163E-04
1.72748777E-01  3.43764201E-02  5.89724223E-04
1.73047392E-01  3.51528749E-02  5.93683391E-04
1.73346007E-01  3.41672376E-02  5.86308248E-04
1.73644622E-01  3.36619020E-02  5.79173677E-04
1.73943237E-01  3.41037847E-02  5.83162415E-04
1.74241852E-01  3.30740288E-02  5.77850093E-04
1.74540467E-01  3.43075283E-02  5.81149769E-04
1.74839082E-01  3.40905711E-02  5.86462382E-04
1.75137697E-01  3.37413400E-02  5.77894854E-04
1.75436312E-01  3.32586877E-02  5.77473897E-04
1.75734927E-01  3.49428058E-02  5.84740017E-04
1.76033542E-01  3.41899283E-02  5.80157328E-04
1.76332157E-01  3.29919346E-02  5.78538806E-04
1.76630772E-01  3.37915197E-02  5.75221668E-04
1.76929387E-01  3.12980339E-02  5.62129251E-04
1.77228002E-01  3.21235098E-02  5.58606349E-04
1.77526617E-01  3.22452709E-02  5.63800917E-04
1.77825232E-01  3.27818766E-02  5.70400036E-04
1.78123847E-01  3.34720127E-02  5.74040285E-04
1.78422462E-01  3.29306573E-02  5.69380180E-04
1.78721077E-01  3.25251408E-02  5.67394833E-04
1.79019692E-01  3.17152739E-02  5.60476969E-04
1.79318307E-01  3.28866169E-02  5.70927572E-04
1.79616922E-01  3.27979736E-02  5.61655266E-04
1.79915537E-01  3.26966979E-02  5.68316027E-04
1.80214152E-01  3.19381617E-02  5.56816347E-04
1.80512767E-01  3.27557996E-02  5.69601485E-04
1.80811382E-01  3.16926762E-02  5.58770378E-04
1.81109997E-01  3.20244506E-02  5.56463317E-04
1.81408612E-01  3.12818624E-02  5.55513310E-04
1.81707227E-01  3.12588029E-02  5.52151585E-04
1.82005842E-01  3.12003829E-02  5.51636273E-04
1.82304457E-01  3.03780641E-02  5.41258603E-04
1.82603072E-01  3.22361849E-02  5.59973414E-04
1.82901687E-01  3.13020945E-02  5.55697421E-04
1.83200302E-01  3.11684180E-02  5.49527234E-04
1.83498917E-01  3.15570235E-02  5.50757686E-04
1.83797532E-01  3.15399542E-02  5.49706863E-04
1.84096147E-01  3.10852807E-02  5.50807803E-04
1.84394762E-01  3.12090702E-02  5.52827725E-04
1.84693377E-01  3.03127561E-02  5.41040499E-04
1.84991992E-01  2.97387056E-02  5.38748165E-04
1.85290607E-01  3.18474323E-02  5.50404133E-04
1.85589222E-01  3.09975352E-02  5.46939613E-04
1.85887837E-01  3.09584849E-02  5.44979528E-04
1.86186452E-01  3.07320636E-02  5.41918154E-04
1.86485067E-01  3.04485522E-02  5.42256341E-04
1.86783682E-01  3.09119187E-02  5.44751005E-04
1.87082297E-01  2.99484525E-02  5.38498396E-04
1.87380912E-01  2.92130467E-02  5.28359029E-04
1.87679527E-01  2.95425002E-02  5.26873046E-04
1.87978142E-01  2.92804372E-02  5.31056547E-04
1.88276757E-01  3.00952978E-02  5.37159154E-04
1.88575372E-01  3.09395343E-02  5.46256488E-04
1.88873987E-01  2.93469783E-02  5.28710021E-04
1.89172602E-01  3.02691702E-02  5.34004823E-04
1.89471217E-01  2.94814613E-02  5.30960562E-04
1.89769832E-01  3.02422382E-02  5.39180997E-04
1.90068447E-01  2.90183686E-02  5.20681613E-04
1.90367062E-01  2.95853801E-02  5.30684774E-04
1.90665677E-01  2.94323079E-02  5.28109027E-04
1.90964292E-01  3.02434526E-02  5.34299936E-04
1.91262907E-01  2.99759656E-02  5.34179038E-04
1.91561522E-01  2.93823387E-02  5.22275339E-04
1.91860137E-01  2.89379731E-02  5.25364012E-04
1.92158752E-01  2.91677695E-02  5.24715579E-04
1.92457367E-01  2.86566224E-02  5.20771369E-04
1.92755982E-01  2.93185636E-02  5.24550327E-04
1.93054597E-01  2.97698174E-02  5.28912176E-04
1.93353212E-01  2.91041620E-02  5.20298199E-04
1.93651827E-01  2.87402347E-02  5.22549730E-04
1.93950442E-01  2.91499123E-02  5.23379073E-04
1.94249057E-01  2.88548060E-02  5.17081295E-04
1.94547672E-01  2.90841274E-02  5.23126277E-04
1.94846287E-01  2.83068717E-02  5.15096239E-04
1.95144902E-01  2.94243377E-02  5.28050994E-04
1.95443517E-01  2.81182043E-02  5.05344011E-04
1.95742132E-01  2.82080453E-02  5.13212988E-04
1.96040747E-01  2.93570682E-02  5.24568022E-04
1.96339362E-01  2.87739132E-02  5.20501810E-04
1.96637977E-01  2.73523722E-02  5.02492010E-04
1.96936592E-01  2.79661249E-02  5.09064354E-04
1.97235207E-01  2.84611471E-02  5.15350257E-04
1.97533822E-01  2.79949103E-02  5.09166741E-04
1.97832437E-01  2.84157470E-02  5.14612533E-04
1.98131052E-01  2.86091324E-02  5.13586740E-04
1.98429667E-01  2.73979381E-02  5.03074494E-04
1.98728282E-01  2.85761878E-02  5.15409454E-04
1.99026897E-01  2.80431062E-02  5.07365039E-04
1.99325512E-01  2.77954359E-02  5.06713404E-04
1.99624127E-01  2.76764389E-02  5.05468808E-04
1.99922742E-01  2.71306485E-02  4.99515736E-04
2.00221357E-01  2.88088210E-02  5.17672219E-04
2.00519972E-01  2.70672534E-02  4.96751396E-04
2.00818587E-01  2.77083926E-02  5.02131763E-04
2.01117202E-01  2.71215215E-02  5.01648639E-04
2.01415817E-01  2.74730995E-02  4.99841466E-04
2.01714432E-01  2.89803315E-02  5.15781867E-04
2.02013047E-01  2.82450486E-02  5.07132499E-04
2.02311662E-01  2.78330669E-02  5.05471253E-04
2.02610277E-01  2.87578702E-02  5.15096181E-04
2.02908892E-01  3.02579664E-02  5.22622024E-04
2.03207507E-01  2.98931580E-02  5.21559792E-04
2.03506122E-01  2.89750192E-02  5.12691680E-04
2.03804737E-01  2.94563156E-02  5.17414883E-04
2.04103352E-01  2.99790222E-02  5.23616094E-04
2.04401967E-01  3.11815049E-02  5.33348473E-04
2.04700582E-01  3.17850150E-02  5.33843879E-04
2.04999197E-01  3.26376893E-02  5.42456808E-04
2.05297812E-01  3.31358686E-02  5.51881385E-04
2.05596427E-01  3.33809629E-02  5.49448305E-04
2.05895042E-01  3.38924341E-02  5.55017323E-04
2.06193657E-01  3.33572142E-02  5.47060161E-04
2.06492272E-01  3.42870168E-02  5.53953869E-04
2.06790887E-01  3.49955074E-02  5.65917755E-04
2.07089502E-01  3.39225270E-02  5.47993579E-04
2.07388117E-01  3.31544131E-02  5.48775773E-04
2.07686732E-01  3.30511630E-02  5.45722782E-04
2.07985347E-01  3.35089900E-02  5.47637756E-04
2.08283962E-01  3.25497128E-02  5.41069312E-04
2.08582577E-01  3.30625214E-02  5.41499467E-04
2.08881192E-01  3.23458426E-02  5.38052176E-04
2.09179807E-01  3.28353383E-02  5.44614624E-04
2.09478422E-01  3.23718190E-02  5.34360122E-04
2.09777037E-01  3.15547846E-02  5.33068727E-04
2.10075652E-01  3.22274938E-02  5.33652666E-04
2.10374267E-01  3.17324065E-02  5.36222360E-04
2.10672882E-01  3.31310928E-02  5.46224124E-04
2.10971497E-01  3.27012613E-02  5.33866987E-04
2.11270112E-01  3.25848460E-02  5.41204878E-04
2.11568727E-01  3.22701670E-02  5.33045444E-04
2.11867342E-01  3.23905312E-02  5.39093977E-04
2.12165957E-01  3.17362957E-02  5.28938253E-04
2.12464572E-01  3.28054987E-02  5.37289889E-04
2.12763187E-01  3.33999544E-02  5.44765673E-04
2.13061802E-01  3.22927497E-02  5.35173633E-04
2.13360417E-01  3.31013836E-02  5.43816073E-04
2.13659032E-01  3.27147506E-02  5.34943363E-04
2.13957647E-01  3.28371674E-02  5.36586565E-04
2.14256262E-01  3.25070731E-02  5.36300591E-04
2.14554877E-01  3.38058174E-02  5.43631206E-04
2.14853492E-01  3.44772264E-02  5.49826364E-04
2.15152107E-01  3.40974629E-02  5.46136464E-04
2.15450722E-01  3.40256169E-02  5.51026664E-04
2.15749337E-01  3.47428881E-02  5.52939193E-04
2.16047952E-01  3.41561511E-02  5.46445954E-04
2.16346567E-01  3.43459621E-02  5.48291078E-04
2.16645182E-01  3.40638086E-02  5.42957278E-04
2.16943797E-01  3.52091938E-02  5.54974657E-04
2.17242412E-01  3.38616036E-02  5.47867909E-04
2.17541027E-01  3.45427729E-02  5.44673414E-04
2.17839642E-01  3.56324762E-02  5.62695961E-04
2.18138257E-01  3.57483141E-02  5.53125050E-04
2.18436872E-01  3.55085619E-02  5.57001331E-04
2.18735487E-01  3.59561294E-02  5.57677238E-04
2.19034102E-01  3.53060588E-02  5.52941114E-04
2.19332717E-01  3.55352424E-02  5.58382482E-04
2.19631332E-01  3.52568291E-02  5.53870865E-04
2.19929947E-01  3.63419913E-02  5.60169283E-04
2.20228562E-01  3.53784822E-02  5.50908968E-04
2.20527177E-01  3.56347188E-02  5.55843406E-04
2.20825792E-01  3.52241732E-02  5.53289545E-04
2.21124407E-01  3.46533880E-02  5.47166332E-04
2.21423022E-01  3.48755084E-02  5.47948119E-04
2.21721637E-01  3.50326300E-02  5.48054231E-04
2.22020252E-01  3.33327539E-02  5.34436840E-04
2.22318867E-01  3.31691206E-02  5.36593550E-04
2.22617482E-01  3.31547819E-02  5.30222082E-04
2.22916097E-01  3.19201574E-02  5.27335797E-04
2.23214712E-01  3.23693492E-02  5.25584503E-04
2.23513327E-01  3.17544378E-02  5.24097646E-04
2.23811942E-01  3.17182317E-02  5.20881731E-04
2.24110557E-01  3.07565648E-02  5.10838756E-04
2.24409172E-01  3.08227558E-02  5.15289488E-04
2.24707787E-01  3.06831338E-02  5.09197882E-04
2.25006402E-01  3.13225538E-02  5.20526548E-04
2.25305017E-01  2.94471812E-02  4.95698827E-04
2.25603632E-01  2.92639583E-02  5.01062837E-04
2.25902247E-01  2.98746582E-02  5.06860029E-04
2.26200862E-01  2.90770158E-02  4.97279165E-04
2.26499477E-01  2.82338057E-02  4.88316291E-04
2.26798092E-01  2.83506736E-02  4.92033141E-04
2.27096707E-01  2.79958099E-02  4.88232996E-04
2.27395322E-01  2.78662015E-02  4.88955993E-04
2.27693937E-01  2.67958641E-02  4.73540480E-04
2.27992552E-01  2.72676945E-02  4.79340553E-04
2.28291167E-01  2.67061740E-02  4.74107306E-04
2.28589782E-01  2.56893039E-02  4.68786049E-04
2.28888397E-01  2.57652365E-02  4.67840611E-04
2.29187012E-01  2.60320231E-02  4.66347032E-04
2.29485627E-01  2.52673272E-02  4.61162475E-04
2.29784242E-01  2.54002623E-02  4.64518060E-04
2.30082857E-01  2.54595820E-02  4.61986056E-04
2.30381472E-01  2.39635687E-02  4.47311992E-04
2.30680087E-01  2.52288263E-02  4.60153329E-04
2.30978702E-01  2.45575011E-02  4.53990739E-04
2.31277317E-01  2.37728674E-02  4.47193510E-04
2.31575932E-01  2.34230068E-02  4.43764002E-04
2.31874547E-01  2.38765329E-02  4.44604259E-04
2.32173162E-01  2.28295829E-02  4.36854840E-04
2.32471777E-01  2.33410150E-02  4.42607969E-04
2.32770392E-01  2.33815685E-02  4.41476121E-04
2.33069007E-01  2.28887815E-02  4.36551316E-04
2.33367622E-01  2.23653670E-02  4.29944223E-04
2.33666237E-01  2.14058477E-02  4.24231810E-04
2.33964852E-01  2.23869644E-02  4.30518558E-04
2.34263467E-01  2.24532913E-02  4.31156717E-04
2.34562082E-01  2.26182640E-02  4.33844922E-04
2.34860697E-01  2.19277125E-02  4.26444603E-04
2.35159312E-01  2.11547259E-02  4.19337302E-04
2.35457927E-01  2.19814889E-02  4.25165112E-04
2.35756542E-01  2.18262635E-02  4.22004901E-04
2.36055157E-01  2.14011315E-02  4.21416073E-04
2.36353772E-01  2.18370631E-02  4.25325619E-04
2.36652387E-01  2.11032312E-02  4.20386437E-04
2.36951002E-01  2.13797651E-02  4.15474089E-04
2.37249617E-01  2.06953157E-02  4.15237213E-04
2.37548232E-01  2.11690366E-02  4.18063340E-04
2.37846847E-01  2.09693275E-02  4.14685754E-04
2.38145462E-01  2.11470742E-02  4.16090770E-04
2.38444077E-01  2.01398451E-02  4.03362006E-04
2.38742692E-01  2.03505214E-02  4.12237772E-04
2.39041307E-01  2.05022302E-02  4.10044595E-04
2.39339922E-01  2.03078203E-02  4.07298445E-04
2.39638537E-01  1.99901275E-02  4.04439750E-04
2.39937152E-01  2.11647004E-02  4.14994138E-04
2.40235767E-01  1.99366175E-02  4.05604747E-04
2.40534382E-01  1.92414895E-02  3.95912066E-04
2.40832997E-01  2.11432371E-02  4.14095935E-04
2.41131612E-01  2.04175841E-02  4.09088709E-04
2.41430227E-01  2.01769210E-02  4.03296523E-04
2.41728842E-01  1.91871878E-02  3.97240918E-04
2.42027457E-01  2.03008316E-02  4.03204001E-04
2.42326072E-01  2.03043502E-02  4.04793740E-04
2.42624687E-01  1.93272494E-02  3.98690725E-04
2.42923302E-01  1.95001401E-02  3.98127886E-04
2.43221917E-01  1.91227589E-02  3.90585890E-04
2.43520532E-01  1.91759672E-02  3.92739137E-04
2.43819147E-01  2.00939924E-02  4.02362959E-04
2.44117762E-01  1.89257339E-02  3.92332702E-04
2.44416377E-01  1.92661919E-02  3.96840624E-04
2.44714992E-01  1.93283334E-02  3.92256421E-04
2.45013607E-01  1.85334142E-02  3.88139655E-04
2.45312222E-01  1.86871476E-02  3.87386797E-04
2.45610837E-01  1.86714642E-02  3.88399261E-04
2.45909452E-01  1.88756995E-02  3.86589381E-04
2.46208067E-01  1.91711672E-02  3.92805610E-04
2.46506682E-01  1.93116255E-02  3.93378199E-04
2.46805297E-01  1.85974091E-02  3.89138702E-04
2.47103912E-01  1.81888845E-02  3.80008685E-04
2.47402527E-01  1.87526569E-02  3.85853869E-04
2.47701142E-01  1.85293201E-02  3.85860068E-04
2.47999757E-01  1.92850903E-02  3.93327617E-04
2.48298372E-01  1.89579353E-02  3.92242480E-04
2.48596987E-01  1.86401103E-02  3.81604303E-04
2.48895602E-01  1.90135017E-02  3.88111483E-04
2.49194217E-01  1.86419971E-02  3.84718791E-04
2.49492832E-01  1.82827841E-02  3.81720631E-04
2.49791447E-01  1.79964993E-02  3.79652716E-04
2.50090062E-01  1.81407947E-02  3.78591096E-04
2.50388677E-01  1.89280752E-02  3.89463268E-04
2.50687292E-01  1.80941410E-02  3.79439705E-04
2.50985907E-01  1.88261252E-02  3.84848332E-04
2.51284522E-01  1.81379002E-02  3.80106649E-04
2.51583137E-01  1.85739323E-02  3.81853257E-04
2.51881752E-01  1.81488711E-02  3.79089994E-04
2.52180367E-01  1.78005435E-02  3.75435309E-04
2.52478982E-01  1.80851575E-02  3.77101620E-04
2.52777597E-01  1.87296998E-02  3.84487241E-04
2.53076212E-01  1.75158363E-02  3.71920469E-04
2.53374827E-01  1.79621205E-02  3.77752469E-04
2.53673442E-01  1.79550890E-02  3.72852606E-04
2.53972057E-01  1.85122658E-02  3.81635356E-04
2.54270672E-01  1.85810346E-02  3.82241677E-04
2.54569287E-01  1.84508562E-02  3.82652914E-04
2.54867902E-01  1.79642774E-02  3.75644158E-04
2.55166517E-01  1.85113847E-02  3.78889614E-04
2.55465132E-01  1.80767197E-02  3.76516633E-04
2.55763747E-01  1.79488100E-02  3.75484960E-04
2.56062362E-01  1.82611477E-02  3.78637138E-04
2.56360977E-01  1.80582870E-02  3.74029129E-04
2.56659592E-01  1.78862140E-02  3.71262286E-04
2.56958207E-01  1.78070832E-02  3.73502116E-04
2.57256822E-01  1.82811711E-02  3.77835968E-04
2.57555437E-01  1.73879880E-02  3.66733992E-04
2.57854052E-01  1.84348878E-02  3.78515047E-04
2.58152667E-01  1.73657611E-02  3.68650770E-04
2.58451282E-01  1.82207879E-02  3.77719116E-04
2.58749897E-01  1.70250684E-02  3.61744547E-04
2.59048512E-01  1.84091665E-02  3.76955373E-04
2.59347127E-01  1.72949433E-02  3.65177897E-04
2.59645742E-01  1.82487685E-02  3.77005257E-04
2.59944357E-01  1.75728295E-02  3.70550144E-04
2.60242972E-01  1.75299738E-02  3.65445798E-04
2.60541587E-01  1.78786535E-02  3.72471957E-04
2.60840202E-01  1.78539101E-02  3.71232105E-04
2.61138817E-01  1.72361247E-02  3.65816406E-04
2.61437432E-01  1.75808016E-02  3.68189358E-04
2.61736047E-01  1.84412599E-02  3.75415257E-04
2.62034662E-01  1.73896421E-02  3.66280408E-04
2.62333277E-01  1.75949093E-02  3.68242618E-04
2.62631892E-01  1.76829956E-02  3.67044122E-04
2.62930507E-01  1.78159084E-02  3.68613779E-04
2.63229122E-01  1.75137948E-02  3.66144290E-04
2.63527737E-01  1.78915504E-02  3.72417475E-04
2.63826352E-01  1.77290384E-02  3.67525092E-04
2.64124967E-01  1.79881640E-02  3.70202062E-04
2.64423582E-01  1.75280105E-02  3.65722866E-04
2.64722197E-01  1.80356652E-02  3.69539863E-04
2.65020812E-01  1.79340057E-02  3.72174138E-04
2.65319427E-01  1.77122783E-02  3.64988315E-04
2.65618042E-01  1.73238572E-02  3.64732987E-04
2.65916657E-01  1.81410518E-02  3.71777191E-04
2.66215272E-01  1.78128649E-02  3.67921341E-04
2.66513887E-01  1.77417919E-02  3.67473782E-04
2.66812502E-01  1.80494003E-02  3.68355104E-04
2.67111117E-01  1.80804394E-02  3.71159113E-04
2.67409732E-01  1.79793127E-02  3.69160931E-04
2.67708347E-01  1.81570929E-02  3.71560163E-04
2.68006962E-01  1.79491621E-02  3.68853012E-04
2.68305577E-01  1.80626232E-02  3.68778565E-04
2.68604192E-01  1.72781926E-02  3.61614104E-04
2.68902807E-01  1.80565305E-02  3.69193236E-04
2.69201422E-01  1.73445456E-02  3.60174163E-04
2.69500037E-01  1.78269502E-02  3.66651366E-04
2.69798652E-01  1.75977536E-02  3.64100095E-04
2.70097267E-01  1.76898465E-02  3.67423840E-04
2.70395882E-01  1.83595400E-02  3.68594134E-04
2.70694497E-01  1.78809352E-02  3.66831839E-04
2.70993112E-01  1.78625248E-02  3.67305358E-04
2.71291727E-01  1.73749868E-02  3.61978891E-04
2.71590342E-01  1.80866346E-02  3.70273425E-04
2.71888957E-01  1.81770045E-02  3.66483786E-04
2.72187572E-01  1.82859506E-02  3.69733956E-04
2.72486187E-01  1.72372498E-02  3.59343365E-04
2.72784802E-01  1.82258822E-02  3.70264315E-04
2.73083417E-01  1.71365663E-02  3.55395809E-04
2.73382032E-01  1.72703229E-02  3.58865043E-04
2.73680647E-01  1.79946851E-02  3.68005625E-04
2.73979262E-01  1.80591922E-02  3.66877939E-04
2.74277877E-01  1.73071157E-02  3.57704179E-04
2.74576492E-01  1.79159716E-02  3.64495296E-04
2.74875107E-01  1.74362231E-02  3.60680831E-04
2.75173722E-01  1.77292768E-02  3.64257488E-04
2.75472337E-01  1.79394968E-02  3.62358609E-04
2.75770952E-01  1.81527380E-02  3.68019741E-04
2.76069567E-01  1.82818584E-02  3.65710323E-04
2.76368182E-01  1.79301854E-02  3.67070577E-04
2.76666797E-01  1.78071745E-02  3.64781648E-04
2.76965412E-01  1.79041252E-02  3.61644168E-04
2.77264027E-01  1.80668123E-02  3.66127264E-04
2.77562642E-01  1.82331540E-02  3.64590145E-04
2.77861257E-01  1.79304481E-02  3.66232707E-04
2.78159872E-01  1.81333367E-02  3.63321305E-04
2.78458487E-01  1.74409263E-02  3.57654411E-04
2.78757102E-01  1.79288648E-02  3.65287153E-04
2.79055717E-01  1.89995673E-02  3.73763993E-04
2.79354332E-01  1.78436618E-02  3.62125924E-04
2.79652947E-01  1.76615380E-02  3.60364502E-04
2.79951562E-01  1.75906532E-02  3.56697623E-04
2.80250177E-01  1.82977244E-02  3.68468638E-04
2.80548792E-01  1.76072493E-02  3.59182042E-04
2.80847407E-01  1.86906643E-02  3.68687295E-04
2.81146022E-01  1.79917980E-02  3.63266852E-04
2.81444637E-01  1.79792773E-02  3.64054460E-04
2.81743252E-01  1.72493570E-02  3.55072378E-04
2.82041867E-01  1.82893481E-02  3.62467457E-04
2.82340482E-01  1.85320489E-02  3.67855828E-04
2.82639097E-01  1.73957981E-02  3.56579112E-04
2.82937712E-01  1.79471374E-02  3.61555372E-04
2.83236327E-01  1.80312581E-02  3.62222461E-04
2.83534942E-01  1.77962352E-02  3.58079677E-04
2.83833557E-01  1.84373148E-02  3.66553519E-04
2.84132172E-01  1.76253803E-02  3.57769750E-04
2.84430787E-01  1.76348705E-02  3.59745522E-04
2.84729402E-01  1.80271063E-02  3.59251135E-04
2.85028017E-01  1.78444218E-02  3.59632104E-04
2.85326632E-01  1.76806934E-02  3.60305654E-04
2.85625247E-01  1.73999425E-02  3.51747323E-04
2.85923862E-01  1.82127506E-02  3.62878665E-04
2.86222477E-01  1.83212552E-02  3.63600004E-04
2.86521092E-01  1.91822872E-02  3.72138486E-04
2.86819707E-01  1.79794878E-02  3.62796534E-04
2.87118322E-01  1.81666482E-02  3.59330734E-04
2.87416937E-01  1.86299775E-02  3.65574873E-04
2.87715552E-01  1.82607491E-02  3.61404178E-04
2.88014167E-01  1.83327887E-02  3.64619598E-04
2.88312782E-01  1.73300467E-02  3.53895593E-04
2.88611397E-01  1.78326890E-02  3.54813499E-04
2.88910012E-01  1.84144881E-02  3.65162763E-04
2.89208627E-01  1.79457907E-02  3.58629040E-04
2.89507242E-01  1.81986690E-02  3.60883016E-04
2.89805857E-01  1.81018319E-02  3.58610356E-04
2.90104472E-01  1.81910563E-02  3.58971854E-04
2.90403087E-01  1.82972904E-02  3.63913568E-04
2.90701702E-01  1.85468495E-02  3.63523985E-04
2.91000317E-01  1.83206592E-02  3.60687613E-04
2.91298932E-01  1.78804174E-02  3.57108744E-04
2.91597547E-01  1.87340714E-02  3.66070220E-04
2.91896162E-01  1.81781910E-02  3.60335282E-04
2.92194777E-01  1.85832363E-02  3.62915074E-04
2.92493392E-01  1.81364994E-02  3.58874851E-04
2.92792007E-01  1.88142266E-02  3.65963497E-04
2.93090622E-01  1.88102704E-02  3.65748216E-04
2.93389237E-01  1.89697333E-02  3.67117929E-04
2.93687852E-01  1.85524784E-02  3.60531267E-04
2.93986467E-01  1.91426314E-02  3.68878595E-04
2.94285082E-01  1.91606544E-02  3.67186323E-04
2.94583697E-01  1.95147879E-02  3.73356306E-04
2.94882312E-01  1.95502639E-02  3.71259608E-04
2.95180927E-01  1.92507654E-02  3.66034394E-04
2.95479542E-01  1.92292929E-02  3.69180198E-04
2.95778157E-01  1.97427571E-02  3.72637529E-04
2.96076772E-01  1.93135161E-02  3.68831155E-04
2.96375387E-01  1.93586256E-02  3.68819368E-04
2.96674002E-01  1.90453269E-02  3.65648273E-04
2.96972617E-01  1.89537890E-02  3.67153320E-04
2.97271232E-01  1.97340585E-02  3.74817435E-04
2.97569847E-01  1.94041915E-02  3.71853384E-04
2.97868462E-01  1.96329560E-02  3.75136820E-04
2.98167077E-01  1.97258145E-02  3.77878081E-04
2.98465692E-01  2.00093873E-02  3.82959144E-04
2.98764307E-01  1.94993336E-02  3.74779338E-04
2.99062922E-01  1.94650758E-02  3.76774755E-04
2.99361537E-01  1.95479747E-02  3.78805416E-04
2.99660152E-01  1.98084377E-02  3.81992490E-04
2.99958767E-01  2.04847716E-02  3.88655666E-04
3.00257382E-01  2.05025766E-02  3.89906869E-04
3.00555997E-01  2.05189828E-02  3.89866502E-04
3.00854612E-01  2.05013175E-02  3.89109686E-04
3.01153227E-01  2.12677028E-02  3.98940902E-04
3.01451842E-01  2.13705916E-02  3.98079254E-04
3.01750457E-01  2.12391708E-02  4.01454308E-04
3.02049072E-01  2.15862859E-02  4.01818339E-04
3.02347687E-01  2.14309245E-02  4.08374792E-04
3.02646302E-01  2.20198594E-02  4.19216813E-04
3.02944917E-01  2.24945694E-02  4.23597259E-04
3.03243532E-01  2.36746501E-02  4.42845718E-04
3.03542147E-01  2.31403150E-02  4.38565679E-04
3.03840762E-01  2.25413293E-02  4.32608038E-04
3.04139377E-01  2.46651229E-02  4.58415190E-04
3.04437992E-01  2.57096458E-02  4.63858451E-04
3.04736607E-01  2.66029220E-02  4.79584996E-04
3.05035222E-01  2.71996241E-02  4.80976305E-04
3.05333837E-01  2.83696800E-02  4.94527572E-04
3.05632452E-01  2.94586532E-02  5.07983321E-04
3.05931067E-01  2.89541893E-02  5.01075527E-04
3.06229682E-01  3.15253623E-02  5.28514734E-04
3.06528297E-01  3.30824926E-02  5.36245701E-04
3.06826912E-01  3.36582735E-02  5.47596777E-04
3.07125527E-01  3.37782800E-02  5.49913209E-04
3.07424142E-01  3.58037576E-02  5.65471302E-04
3.07722757E-01  3.74333933E-02  5.82837150E-04
3.08021372E-01  3.89955081E-02  5.89961361E-04
3.08319987E-01  3.95886302E-02  5.89955831E-04
3.08618602E-01  4.01216596E-02  5.88119670E-04
3.08917217E-01  4.03356738E-02  5.80865715E-04
3.09215832E-01  4.06305008E-02  5.88045572E-04
3.09514447E-01  3.97600718E-02  5.72635967E-04
3.09813062E-01  4.00644690E-02  5.76124410E-04
3.10111677E-01  3.80304493E-02  5.58788131E-04
3.10410292E-01  3.70469168E-02  5.44689829E-04
3.10708907E-01  3.49530689E-02  5.34210878E-04
3.11007522E-01  3.30502652E-02  5.12237952E-04
3.11306137E-01  3.22264098E-02  5.12240629E-04
3.11604752E-01  3.03053297E-02  4.90907347E-04
3.11903367E-01  2.97637358E-02  4.85974975E-04
3.12201982E-01  2.80189086E-02  4.71388950E-04
3.12500597E-01  2.71855388E-02  4.60111420E-04
3.12799212E-01  2.65644044E-02  4.58620896E-04
3.13097827E-01  2.44551655E-02  4.36978182E-04
3.13396442E-01  2.43357830E-02  4.35331720E-04
3.13695057E-01  2.47022491E-02  4.40830539E-04
3.13993672E-01  2.36609522E-02  4.27104125E-04
3.14292287E-01  2.34220009E-02  4.26065875E-04
3.14590902E-01  2.24620923E-02  4.16035997E-04
3.14889517E-01  2.14527659E-02  4.06582491E-04
3.15188132E-01  2.11271588E-02  4.05841478E-04
3.15486747E-01  2.14570239E-02  4.03558573E-04
3.15785362E-01  2.12423652E-02  4.04268299E-04
3.16083977E-01  2.11435650E-02  4.00291261E-04
3.16382592E-01  2.06863638E-02  3.98109260E-04
3.16681207E-01  2.03826670E-02  3.93432070E-04
3.16979822E-01  2.04861313E-02  3.93818453E-04
3.17278437E-01  2.04190202E-02  3.94501403E-04
3.17577052E-01  2.06484478E-02  3.95479932E-04
3.17875667E-01  1.97739918E-02  3.92430724E-04
3.18174282E-01  2.08598766E-02  4.06755891E-04
3.18472897E-01  1.98728349E-02  4.02726640E-04
3.18771512E-01  2.03589089E-02  4.06042847E-04
3.19070127E-01  1.97413824E-02  4.02969279E-04
3.19368742E-01  1.94122661E-02  3.99934244E-04
3.19667357E-01  2.00064220E-02  4.06352658E-04
3.19965972E-01  1.98815502E-02  4.05999628E-04
3.20264587E-01  1.97704993E-02  4.06710868E-04
3.20563202E-01  1.94528140E-02  4.03085956E-04
3.20861817E-01  1.97405182E-02  4.06869658E-04
3.21160432E-01  1.96004435E-02  4.04154329E-04
3.21459047E-01  2.00689435E-02  4.12850350E-04
3.21757662E-01  1.96569934E-02  4.06011444E-04
3.22056277E-01  1.92325525E-02  4.01375612E-04
3.22354892E-01  1.95342191E-02  4.08026855E-04
3.22653507E-01  1.93931870E-02  4.05257859E-04
3.22952122E-01  1.92873888E-02  4.07702493E-04
3.23250737E-01  1.94792468E-02  4.01997269E-04
3.23549352E-01  2.03056224E-02  4.15526913E-04
3.23847967E-01  1.91828776E-02  4.05765371E-04
3.24146582E-01  1.91907249E-02  4.04665945E-04
3.24445197E-01  1.98966563E-02  4.12282912E-04
3.24743812E-01  1.89675633E-02  4.01840720E-04
3.25042427E-01  1.90338027E-02  4.06820356E-04
3.25341042E-01  1.90622527E-02  4.02494159E-04
3.25639657E-01  1.97817925E-02  4.12299676E-04
3.25938272E-01  1.90920960E-02  4.06122912E-04
3.26236887E-01  1.90226231E-02  4.02195699E-04
3.26535502E-01  1.87266655E-02  4.05096245E-04
3.26834117E-01  1.93045549E-02  4.06704727E-04
3.27132732E-01  1.96283292E-02  4.12156165E-04
3.27431347E-01  1.91397332E-02  4.07597574E-04
3.27729962E-01  1.94158591E-02  4.08596505E-04
3.28028577E-01  1.95452329E-02  4.16611088E-04
3.28327192E-01  1.88338999E-02  3.99277866E-04
3.28625807E-01  2.04259325E-02  4.22706042E-04
3.28924422E-01  1.92745738E-02  4.10376088E-04
3.29223037E-01  1.85345504E-02  4.00752877E-04
3.29521652E-01  1.94731131E-02  4.11628425E-04
3.29820267E-01  1.96291916E-02  4.11811314E-04
3.30118882E-01  1.91485267E-02  4.11249843E-04
3.30417497E-01  1.98168661E-02  4.16115101E-04
3.30716112E-01  1.93071198E-02  4.08302090E-04
3.31014727E-01  1.94883887E-02  4.10942652E-04
3.31313342E-01  1.99104622E-02  4.13904054E-04
3.31611957E-01  1.97691973E-02  4.16863943E-04
3.31910572E-01  1.88128222E-02  4.03760700E-04
3.32209187E-01  1.91285238E-02  4.05341765E-04
3.32507802E-01  1.95819922E-02  4.14764741E-04
3.32806417E-01  1.95039622E-02  4.08465567E-04
3.33105032E-01  1.97677147E-02  4.14991489E-04
3.33403647E-01  1.94524135E-02  4.09003667E-04
3.33702262E-01  1.94323380E-02  4.09033877E-04
3.34000877E-01  1.99428312E-02  4.14129754E-04
3.34299492E-01  1.91550218E-02  4.07185173E-04
3.34598107E-01  1.93972439E-02  4.10116307E-04
3.34896722E-01  1.93575472E-02  4.05755272E-04
3.35195337E-01  1.91633534E-02  4.04538703E-04
3.35493952E-01  1.94326546E-02  4.09767381E-04
3.35792567E-01  1.93906184E-02  4.07884712E-04
3.36091182E-01  1.95337161E-02  4.09988745E-04
3.36389797E-01  1.90918818E-02  4.02850448E-04
3.36688412E-01  1.98123455E-02  4.13026195E-04
3.36987027E-01  1.98941939E-02  4.11349756E-04
3.37285642E-01  1.97571553E-02  4.11607412E-04
3.37584257E-01  1.98668484E-02  4.13354806E-04
3.37882872E-01  1.96310356E-02  4.08979889E-04
3.38181487E-01  1.91625115E-02  4.05606901E-04
3.38480102E-01  1.98958665E-02  4.07141808E-04
3.38778717E-01  1.96632016E-02  4.10273758E-04
3.39077332E-01  1.96396820E-02  4.08363238E-04
3.39375947E-01  1.92889813E-02  4.04584833E-04
3.39674562E-01  1.96755193E-02  4.11247544E-04
3.39973177E-01  2.03210395E-02  4.13596892E-04
3.40271792E-01  2.00333148E-02  4.13519767E-04
3.40570407E-01  2.00402271E-02  4.12871566E-04
3.40869022E-01  1.86079815E-02  3.95556533E-04
3.41167637E-01  2.00124905E-02  4.11514891E-04
3.41466252E-01  1.97728705E-02  4.06587613E-04
3.41764867E-01  1.91533566E-02  4.05050348E-04
3.42063482E-01  1.92944314E-02  4.03370359E-04
3.42362097E-01  1.99617818E-02  4.08063701E-04
3.42660712E-01  1.87603515E-02  3.99246812E-04
3.42959327E-01  1.92258824E-02  4.00018675E-04
3.43257942E-01  2.02389956E-02  4.14684735E-04
3.43556557E-01  1.97209604E-02  4.06293984E-04
3.43855172E-01  1.90874469E-02  3.99830256E-04
3.44153787E-01  1.91159677E-02  3.99901648E-04
3.44452402E-01  1.94314551E-02  4.02729842E-04
3.44751017E-01  1.94758214E-02  4.03996615E-04
3.45049632E-01  1.88168362E-02  3.93299764E-04
3.45348247E-01  1.92330293E-02  4.01472993E-04
3.45646862E-01  1.86209027E-02  3.93350580E-04
3.45945477E-01  1.92327779E-02  3.99989047E-04
3.46244092E-01  1.96788795E-02  3.99864890E-04
3.46542707E-01  1.88083909E-02  3.91247595E-04
3.46841322E-01  1.93978120E-02  4.00231482E-04
3.47139937E-01  1.85786597E-02  3.90373461E-04
3.47438552E-01  1.94254275E-02  3.96189862E-04
3.47737167E-01  1.86900366E-02  3.91763519E-04
3.48035782E-01  1.85142662E-02  3.86469444E-04
3.48334397E-01  1.91155076E-02  3.95756855E-04
3.48633012E-01  1.96214318E-02  3.95365263E-04
3.48931627E-01  1.87355820E-02  3.89312103E-04
3.49230242E-01  1.88315343E-02  3.91390407E-04
3.49528857E-01  1.94288958E-02  3.96343035E-04
3.49827472E-01  1.85606293E-02  3.88029439E-04
3.50126087E-01  1.90516263E-02  3.89376713E-04
3.50424702E-01  1.95910409E-02  3.98326840E-04
3.50723317E-01  1.90927815E-02  3.91610782E-04
3.51021932E-01  1.89871807E-02  3.91925889E-04
3.51320547E-01  1.90464649E-02  3.90496512E-04
3.51619162E-01  1.85093638E-02  3.84114217E-04
3.51917777E-01  1.93795674E-02  3.94762203E-04
3.52216392E-01  1.98582895E-02  3.98844481E-04
3.52515007E-01  1.95168965E-02  3.93578608E-04
3.52813622E-01  1.88026913E-02  3.86311352E-04
3.53112237E-01  1.92920435E-02  3.95614596E-04
3.53410852E-01  1.90180838E-02  3.92146263E-04
3.53709467E-01  1.93752982E-02  3.88283312E-04
3.54008082E-01  1.91756058E-02  3.90445522E-04
3.54306697E-01  1.85518861E-02  3.84252722E-04
3.54605312E-01  1.96460355E-02  3.97478114E-04
3.54903927E-01  1.90858096E-02  3.92958435E-04
3.55202542E-01  1.86917186E-02  3.80671758E-04
3.55501157E-01  1.95765328E-02  3.95586423E-04
3.55799772E-01  1.91275682E-02  3.89225432E-04
3.56098387E-01  1.87436026E-02  3.86240310E-04
3.56397002E-01  1.89118963E-02  3.87656095E-04
3.56695617E-01  1.96746811E-02  3.91076435E-04
3.56994232E-01  1.89245418E-02  3.90549743E-04
3.57292847E-01  1.96077805E-02  3.91139969E-04
3.57591462E-01  1.88160855E-02  3.85530206E-04
3.57890077E-01  1.87297650E-02  3.83922772E-04
3.58188692E-01  1.89315937E-02  3.84442392E-04
3.58487307E-01  1.92730892E-02  3.93164635E-04
3.58785922E-01  1.93911809E-02  3.87436361E-04
3.59084537E-01  1.87354926E-02  3.84606159E-04
3.59383152E-01  1.95200965E-02  3.91106558E-04
3.59681767E-01  1.91355795E-02  3.87547334E-04
3.59980382E-01  1.90291554E-02  3.90141620E-04
3.60278997E-01  1.92092378E-02  3.83801147E-04
3.60577612E-01  1.91411711E-02  3.88858694E-04
3.60876227E-01  1.93847083E-02  3.89962544E-04
3.61174842E-01  1.89321935E-02  3.83035658E-04
3.61473457E-01  1.87153257E-02  3.80836747E-04
3.61772072E-01  1.81857049E-02  3.76506738E-04
3.62070687E-01  1.88844334E-02  3.86040250E-04
3.62369302E-01  1.83106959E-02  3.77399730E-04
3.62667917E-01  1.85732096E-02  3.79995879E-04
3.62966532E-01  1.94988251E-02  3.88118002E-04
3.63265147E-01  1.93247516E-02  3.87815846E-04
3.63563762E-01  1.93507131E-02  3.88180546E-04
3.63862377E-01  1.94012653E-02  3.87251581E-04
3.64160992E-01  1.91766396E-02  3.85309308E-04
3.64459607E-01  1.93287879E-02  3.87040462E-04
3.64758222E-01  1.90421548E-02  3.84161220E-04
3.65056837E-01  1.96004491E-02  3.90372850E-04
3.65355452E-01  1.90243665E-02  3.81174032E-04
3.65654067E-01  1.91061683E-02  3.85217543E-04
3.65952682E-01  1.93168875E-02  3.84496583E-04
3.66251297E-01  1.93252768E-02  3.88452696E-04
3.66549912E-01  1.98199898E-02  3.89677385E-04
3.66848527E-01  1.88872628E-02  3.78427038E-04
3.67147142E-01  1.87066421E-02  3.82086611E-04
3.67445757E-01  1.89740099E-02  3.80777055E-04
3.67744372E-01  1.88584402E-02  3.80609854E-04
3.68042987E-01  1.96213238E-02  3.87422304E-04
3.68341602E-01  1.93662681E-02  3.85098218E-04
3.68640217E-01  1.93646252E-02  3.86905798E-04
3.68938832E-01  1.92162599E-02  3.80538666E-04
3.69237447E-01  1.89891551E-02  3.81234568E-04
3.69536062E-01  1.94898937E-02  3.84527521E-04
3.69834677E-01  1.95327681E-02  3.87262349E-04
3.70133292E-01  1.95919834E-02  3.88971850E-04
3.70431907E-01  1.95635315E-02  3.83672421E-04
3.70730522E-01  1.99966393E-02  3.90815869E-04
3.71029137E-01  1.91812068E-02  3.80591489E-04
3.71327752E-01  1.98535416E-02  3.88911489E-04
3.71626367E-01  1.91890858E-02  3.81952734E-04
3.71924982E-01  1.97287314E-02  3.86986678E-04
3.72223597E-01  1.89895164E-02  3.81549500E-04
3.72522212E-01  1.91570111E-02  3.78993980E-04
3.72820827E-01  1.98647976E-02  3.87721142E-04
3.73119442E-01  1.91937480E-02  3.81215737E-04
3.73418057E-01  1.97572317E-02  3.84889252E-04
3.73716672E-01  2.00517271E-02  3.92492628E-04
3.74015287E-01  1.92695148E-02  3.78854602E-04
3.74313902E-01  1.99763626E-02  3.87616601E-04
3.74612517E-01  1.96712241E-02  3.85636144E-04
3.74911132E-01  1.97463650E-02  3.85777152E-04
3.75209747E-01  2.04804186E-02  3.93490569E-04
3.75508362E-01  1.97471716E-02  3.83820268E-04
3.75806977E-01  2.05877125E-02  3.93308030E-04
3.76105592E-01  2.01867893E-02  3.89361143E-04
3.76404207E-01  1.99670512E-02  3.87435924E-04
3.76702822E-01  1.98394209E-02  3.84525338E-04
3.77001437E-01  2.05192324E-02  3.91357578E-04
3.77300052E-01  1.95463877E-02  3.84521176E-04
3.77598667E-01  2.05178689E-02  3.93051072E-04
3.77897282E-01  2.04692818E-02  3.89696739E-04
3.78195897E-01  1.95494685E-02  3.80265032E-04
3.78494512E-01  2.00661365E-02  3.87611246E-04
3.78793127E-01  2.06886753E-02  3.92878021E-04
3.79091742E-01  2.02260092E-02  3.87673528E-04
3.79390357E-01  1.96760986E-02  3.82078200E-04
3.79688972E-01  2.02234667E-02  3.87553620E-04
3.79987587E-01  2.00633686E-02  3.85335588E-04
3.80286202E-01  2.02024374E-02  3.87649197E-04
3.80584817E-01  2.06711888E-02  3.92121990E-04
3.80883432E-01  2.08960231E-02  3.92660324E-04
3.81182047E-01  2.06741635E-02  3.91755719E-04
3.81480662E-01  2.11898200E-02  3.96712974E-04
3.81779277E-01  2.06913128E-02  3.88882239E-04
3.82077892E-01  2.12123897E-02  3.96926858E-04
3.82376507E-01  2.05026325E-02  3.89345078E-04
3.82675122E-01  2.03601886E-02  3.88677785E-04
3.82973737E-01  2.10065115E-02  3.93212191E-04
3.83272352E-01  2.13973131E-02  3.94290750E-04
3.83570967E-01  2.10101698E-02  3.94040748E-04
3.83869582E-01  2.04506591E-02  3.87590117E-04
3.84168197E-01  2.06436850E-02  3.90198635E-04
3.84466812E-01  2.04644520E-02  3.86949163E-04
3.84765427E-01  2.07859054E-02  3.89492372E-04
3.85064042E-01  2.11116485E-02  3.95596231E-04
3.85362657E-01  2.11380087E-02  3.93269525E-04
3.85661272E-01  2.15325430E-02  3.94181203E-04
3.85959887E-01  2.13425308E-02  3.96457559E-04
3.86258502E-01  2.18023416E-02  3.97723197E-04
3.86557117E-01  2.13428661E-02  3.98670993E-04
3.86855732E-01  2.15751566E-02  3.95159994E-04
3.87154347E-01  2.07369942E-02  3.87218635E-04
3.87452962E-01  2.18404680E-02  4.00961959E-04
3.87751577E-01  2.08874047E-02  3.87668901E-04
3.88050192E-01  2.16861814E-02  3.99545941E-04
3.88348807E-01  2.18991973E-02  3.95883573E-04
3.88647422E-01  2.21048947E-02  4.00980352E-04
3.88946037E-01  2.14960743E-02  3.94639355E-04
3.89244652E-01  2.19451748E-02  3.99531826E-04
3.89543267E-01  2.11847946E-02  3.92647809E-04
3.89841882E-01  2.19786484E-02  3.96801508E-04
3.90140497E-01  2.11745054E-02  3.93336348E-04
3.90439112E-01  2.26037838E-02  4.05387895E-04
3.90737727E-01  2.24560276E-02  3.99727869E-04
3.91036342E-01  2.27630325E-02  4.07523650E-04
3.91334957E-01  2.16227099E-02  3.92815651E-04
3.91633572E-01  2.27789041E-02  4.06960869E-04
3.91932187E-01  2.36738883E-02  4.10928216E-04
3.92230802E-01  2.30811480E-02  4.06941399E-04
3.92529417E-01  2.26266924E-02  4.05603118E-04
3.92828032E-01  2.32267920E-02  4.06737148E-04
3.93126647E-01  2.31382009E-02  4.07947286E-04
3.93425262E-01  2.34378353E-02  4.09179978E-04
3.93723877E-01  2.43609846E-02  4.19207761E-04
3.94022492E-01  2.38210503E-02  4.14232170E-04
3.94321107E-01  2.29498092E-02  4.04311693E-04
3.94619722E-01  2.32931152E-02  4.07523825E-04
3.94918337E-01  2.36509442E-02  4.10344539E-04
3.95216952E-01  2.37637032E-02  4.12425085E-04
3.95515567E-01  2.42764931E-02  4.17259871E-04
3.95814182E-01  2.33411249E-02  4.05396509E-04
3.96112797E-01  2.46514957E-02  4.19755757E-04
3.96411412E-01  2.39436813E-02  4.12883470E-04
3.96710027E-01  2.51440145E-02  4.23621794E-04
3.97008642E-01  2.54957005E-02  4.24515805E-04
3.97307257E-01  2.41590831E-02  4.13838279E-04
3.97605872E-01  2.48727240E-02  4.21027653E-04
3.97904487E-01  2.54884437E-02  4.27247316E-04
3.98203102E-01  2.55715791E-02  4.23321791E-04
3.98501717E-01  2.60535832E-02  4.28318250E-04
3.98800332E-01  2.62616836E-02  4.30751010E-04
3.99098947E-01  2.55126208E-02  4.24974307E-04
3.99397562E-01  2.57806573E-02  4.28548228E-04
3.99696177E-01  2.67638862E-02  4.34854708E-04
3.99994792E-01  2.61045396E-02  4.28231084E-04
4.00293407E-01  2.70175003E-02  4.37018520E-04
4.00592022E-01  2.74246875E-02  4.39033902E-04
4.00890637E-01  2.78121829E-02  4.42020391E-04
4.01189252E-01  2.78363563E-02  4.41791257E-04
4.01487867E-01  2.86933389E-02  4.50483174E-04
4.01786482E-01  2.81453654E-02  4.45518788E-04
4.02085097E-01  2.90880743E-02  4.49052604E-04
4.02383712E-01  2.97072306E-02  4.59597824E-04
4.02682327E-01  3.01480219E-02  4.56840644E-04
4.02980942E-01  3.15020829E-02  4.71231237E-04
4.03279557E-01  3.19393724E-02  4.72566928E-04
4.03578172E-01  3.16141620E-02  4.67601669E-04
4.03876787E-01  3.30130532E-02  4.82058007E-04
4.04175402E-01  3.37989181E-02  4.84177464E-04
4.04474017E-01  3.47271115E-02  4.93589672E-04
4.04772632E-01  3.54073532E-02  4.95802087E-04
4.05071247E-01  3.61317880E-02  5.01443632E-04
4.05369862E-01  3.88431251E-02  5.24667616E-04
4.05668477E-01  3.96395363E-02  5.20313217E-04
4.05967092E-01  4.17786762E-02  5.38956316E-04
4.06265707E-01  4.26041335E-02  5.43356407E-04
4.06564322E-01  4.42462973E-02  5.53078717E-04
4.06862937E-01  4.72202823E-02  5.77102939E-04
4.07161552E-01  5.05818948E-02  5.89278119E-04
4.07460167E-01  5.23426048E-02  6.03555935E-04
4.07758782E-01  5.63513413E-02  6.20821840E-04
4.08057397E-01  6.09562732E-02  6.48875022E-04
4.08356012E-01  6.27693385E-02  6.60949619E-04
4.08654627E-01  6.63317367E-02  6.73566130E-04
4.08953242E-01  7.04719946E-02  7.01500394E-04
4.09251857E-01  7.49780536E-02  7.17632996E-04
4.09550472E-01  7.87888989E-02  7.35991402E-04
4.09849087E-01  8.20013732E-02  7.51200481E-04
4.10147702E-01  8.78806114E-02  7.74225919E-04
4.10446317E-01  8.97929966E-02  7.90920516E-04
4.10744932E-01  9.26952511E-02  7.98503810E-04
4.11043547E-01  9.59369838E-02  8.05397285E-04
4.11342162E-01  9.69159529E-02  8.16295331E-04
4.11640777E-01  9.87442583E-02  8.25510069E-04
4.11939392E-01  9.78938639E-02  8.22724658E-04
4.12238007E-01  9.50162634E-02  8.02089227E-04
4.12536622E-01  9.64151472E-02  8.12106009E-04
4.12835237E-01  9.16420147E-02  7.88816542E-04
4.13133852E-01  8.83859769E-02  7.77743116E-04
4.13432467E-01  8.23679566E-02  7.50102568E-04
4.13731082E-01  8.19304436E-02  7.45685480E-04
4.14029697E-01  7.65906647E-02  7.24166457E-04
4.14328312E-01  7.17610568E-02  6.98687800E-04
4.14626927E-01  6.77163824E-02  6.80609606E-04
4.14925542E-01  6.28551319E-02  6.49997557E-04
4.15224157E-01  5.81355616E-02  6.29458867E-04
4.15522772E-01  5.36758974E-02  6.05821260E-04
4.15821387E-01  5.13114221E-02  5.88234223E-04
4.16120002E-01  4.84281853E-02  5.72523568E-04
4.16418617E-01  4.49193344E-02  5.52542158E-04
4.16717232E-01  4.28781584E-02  5.38847293E-04
4.17015847E-01  4.08792458E-02  5.27968805E-04
4.17314462E-01  3.84832881E-02  5.05615550E-04
4.17613077E-01  3.66253071E-02  4.98130627E-04
4.17911692E-01  3.54144089E-02  4.88254038E-04
4.18210307E-01  3.38084325E-02  4.80483606E-04
4.18508922E-01  3.22072022E-02  4.64242679E-04
4.18807537E-01  3.13785821E-02  4.58337978E-04
4.19106152E-01  3.01428083E-02  4.51910601E-04
4.19404767E-01  2.87346523E-02  4.40925098E-04
4.19703382E-01  2.85450984E-02  4.35968192E-04
4.20001997E-01  2.84168627E-02  4.36975708E-04
4.20300612E-01  2.79970355E-02  4.32158005E-04
4.20599227E-01  2.67482251E-02  4.25810576E-04
4.20897842E-01  2.66467351E-02  4.22379147E-04
4.21196457E-01  2.59026270E-02  4.15306771E-04
4.21495072E-01  2.58458592E-02  4.16651950E-04
4.21793687E-01  2.51209605E-02  4.09459928E-04
4.22092302E-01  2.51148157E-02  4.11662972E-04
4.22390917E-01  2.54593305E-02  4.08514403E-04
4.22689532E-01  2.51922626E-02  4.11827437E-04
4.22988147E-01  2.41884831E-02  4.00975288E-04
4.23286762E-01  2.48917323E-02  4.09272849E-04
4.23585377E-01  2.37776656E-02  3.97288910E-04
4.23883992E-01  2.35823225E-02  3.94852628E-04
4.24182607E-01  2.30942275E-02  3.90922563E-04
4.24481222E-01  2.39197426E-02  4.00109828E-04
4.24779837E-01  2.33761538E-02  3.93837196E-04
4.25078452E-01  2.32310481E-02  3.91115056E-04
4.25377067E-01  2.31647398E-02  3.93301219E-04
4.25675682E-01  2.27632131E-02  3.86986212E-04
4.25974297E-01  2.23939773E-02  3.86793545E-04
4.26272912E-01  2.21279953E-02  3.80275713E-04
4.26571527E-01  2.22139321E-02  3.85238440E-04
4.26870142E-01  2.15502568E-02  3.76456010E-04
4.27168757E-01  2.22514961E-02  3.83134291E-04
4.27467372E-01  2.22927574E-02  3.82205239E-04
4.27765987E-01  2.23724395E-02  3.85216757E-04
4.28064602E-01  2.22677384E-02  3.82677244E-04
4.28363217E-01  2.25601327E-02  3.86222120E-04
4.28661832E-01  2.19159815E-02  3.80071317E-04
4.28960447E-01  2.19789203E-02  3.80021607E-04
4.29259062E-01  2.20578574E-02  3.80194862E-04
4.29557677E-01  2.19661128E-02  3.79913748E-04
4.29856292E-01  2.23870520E-02  3.81918187E-04
4.30154907E-01  2.23299190E-02  3.82280938E-04
4.30453522E-01  2.16994602E-02  3.78197816E-04
4.30752137E-01  2.16717273E-02  3.77027929E-04
4.31050752E-01  2.21237261E-02  3.79418751E-04
4.31349367E-01  2.21830010E-02  3.80603276E-04
4.31647982E-01  2.15827879E-02  3.75253556E-04
4.31946597E-01  2.17825752E-02  3.79013713E-04
4.32245212E-01  2.19846386E-02  3.77644814E-04
4.32543827E-01  2.15943959E-02  3.76195298E-04
4.32842442E-01  2.22358424E-02  3.83890467E-04
4.33141057E-01  2.15539541E-02  3.73849180E-04
4.33439672E-01  2.20767017E-02  3.80802609E-04
4.33738287E-01  2.23428328E-02  3.81052931E-04
4.34036902E-01  2.20409092E-02  3.80411686E-04
4.34335517E-01  2.20705364E-02  3.80244019E-04
4.34634132E-01  2.18902361E-02  3.79112083E-04
4.34932747E-01  2.19730772E-02  3.77892546E-04
4.35231362E-01  2.18137316E-02  3.76771437E-04
4.35529977E-01  2.19331998E-02  3.79913166E-04
4.35828592E-01  2.25142445E-02  3.84311832E-04
4.36127207E-01  2.27553081E-02  3.84141342E-04
4.36425822E-01  2.22959872E-02  3.80919344E-04
4.36724437E-01  2.17555109E-02  3.76609416E-04
4.37023052E-01  2.24862695E-02  3.83053790E-04
4.37321667E-01  2.24619135E-02  3.80655722E-04
4.37620282E-01  2.25698557E-02  3.84366169E-04
4.37918897E-01  2.24929098E-02  3.82944709E-04
4.38217512E-01  2.16768496E-02  3.76604439E-04
4.38516127E-01  2.25215238E-02  3.81501624E-04
4.38814742E-01  2.23920569E-02  3.78494849E-04
4.39113357E-01  2.27016527E-02  3.84552870E-04
4.39411972E-01  2.24604253E-02  3.82336264E-04
4.39710587E-01  2.24313997E-02  3.80576064E-04
4.40009202E-01  2.21125372E-02  3.79282661E-04
4.40307817E-01  2.27186289E-02  3.81086371E-04
4.40606432E-01  2.19372269E-02  3.77779128E-04
4.40905047E-01  2.31055226E-02  3.86598433E-04
4.41203662E-01  2.18658280E-02  3.73788469E-04
4.41502277E-01  2.24647354E-02  3.80867656E-04
4.41800892E-01  2.28466243E-02  3.83503240E-04
4.42099507E-01  2.31218264E-02  3.86061467E-04
4.42398122E-01  2.22570710E-02  3.77781515E-04
4.42696737E-01  2.20616795E-02  3.76203214E-04
4.42995352E-01  2.20490787E-02  3.76921118E-04
4.43293967E-01  2.23052986E-02  3.80191690E-04
4.43592582E-01  2.25876123E-02  3.82676022E-04
4.43891197E-01  2.26090923E-02  3.79195611E-04
4.44189812E-01  2.19139177E-02  3.76596727E-04
4.44488427E-01  2.22485811E-02  3.77637421E-04
4.44787042E-01  2.21825317E-02  3.78484168E-04
4.45085657E-01  2.23258529E-02  3.78295605E-04
4.45384272E-01  2.17000227E-02  3.73528106E-04
4.45682887E-01  2.22757682E-02  3.81130551E-04
4.45981502E-01  2.22649891E-02  3.77372693E-04
4.46280117E-01  2.16044690E-02  3.72546230E-04
4.46578732E-01  2.15879884E-02  3.72650073E-04
4.46877347E-01  2.13054474E-02  3.70936468E-04
4.47175962E-01  2.06813850E-02  3.69133923E-04
4.47474577E-01  2.15099659E-02  3.70201771E-04
4.47773192E-01  2.16303058E-02  3.73102695E-04
4.48071807E-01  2.11606696E-02  3.69031564E-04
4.48370422E-01  2.06865408E-02  3.65918590E-04
4.48669037E-01  2.04169564E-02  3.62570834E-04
4.48967652E-01  2.07258351E-02  3.64905049E-04
4.49266267E-01  2.10356805E-02  3.69160669E-04
4.49564882E-01  2.07755901E-02  3.67034692E-04
4.49863497E-01  2.08795108E-02  3.66419990E-04
4.50162112E-01  2.09103469E-02  3.67982546E-04
4.50460727E-01  1.99932773E-02  3.59903468E-04
4.50759342E-01  1.97753999E-02  3.58017423E-04
4.51057957E-01  2.05637477E-02  3.64603184E-04
4.51356572E-01  2.01110058E-02  3.58212477E-04
4.51655187E-01  1.95229035E-02  3.56200413E-04
4.51953802E-01  2.06287652E-02  3.64782492E-04
4.52252417E-01  2.04523969E-02  3.66862834E-04
4.52551032E-01  2.01623980E-02  3.59928061E-04
4.52849647E-01  2.02898290E-02  3.61857121E-04
4.53148262E-01  1.97866149E-02  3.57343117E-04
4.53446877E-01  2.00653933E-02  3.59458674E-04
4.53745492E-01  1.96364429E-02  3.56378878E-04
4.54044107E-01  1.96757335E-02  3.57445329E-04
4.54342722E-01  1.89290084E-02  3.50057351E-04
4.54641337E-01  1.95461120E-02  3.56505217E-04
4.54939952E-01  1.96929574E-02  3.56583303E-04
4.55238567E-01  1.95059851E-02  3.54654301E-04
4.55537182E-01  1.93240643E-02  3.55423603E-04
4.55835797E-01  1.97418183E-02  3.58291320E-04
4.56134412E-01  2.02457253E-02  3.61877173E-04
4.56433027E-01  1.95191130E-02  3.55717057E-04
4.56731642E-01  1.95905976E-02  3.55663971E-04
4.57030257E-01  1.94149911E-02  3.55476222E-04
4.57328872E-01  1.90166030E-02  3.50957824E-04
4.57627487E-01  1.95953771E-02  3.56103061E-04
4.57926102E-01  1.94529761E-02  3.55042808E-04
4.58224717E-01  1.90039966E-02  3.52167466E-04
4.58523332E-01  1.92090366E-02  3.52890347E-04
4.58821947E-01  1.91881210E-02  3.50617833E-04
4.59120562E-01  1.88823193E-02  3.51120514E-04
4.59419177E-01  1.91462170E-02  3.53410083E-04
4.59717792E-01  1.85184237E-02  3.47492023E-04
4.60016407E-01  1.86163858E-02  3.47257796E-04
4.60315022E-01  1.91598441E-02  3.51749244E-04
4.60613637E-01  1.86553095E-02  3.48469184E-04
4.60912252E-01  1.89028475E-02  3.51867435E-04
4.61210867E-01  1.84372645E-02  3.45664972E-04
4.61509482E-01  1.84371322E-02  3.49303416E-04
4.61808097E-01  1.85250007E-02  3.58042045E-04
4.62106712E-01  1.88021343E-02  3.62249964E-04
4.62405327E-01  1.82166938E-02  3.59828235E-04
4.62703942E-01  1.89457666E-02  3.66516877E-04
4.63002557E-01  1.83163770E-02  3.66988708E-04
4.63301172E-01  1.92380399E-02  3.77434189E-04
4.63599787E-01  1.79395806E-02  3.66419234E-04
4.63898402E-01  1.92160252E-02  3.80982470E-04
4.64197017E-01  1.87885854E-02  3.77207849E-04
4.64495632E-01  1.91564467E-02  3.85682913E-04
4.64794247E-01  1.82515755E-02  3.77063261E-04
4.65092862E-01  1.81777552E-02  3.74421244E-04
4.65391477E-01  1.84103269E-02  3.82470957E-04
4.65690092E-01  1.77731495E-02  3.75694101E-04
4.65988707E-01  1.88536905E-02  3.90336354E-04
4.66287322E-01  1.83183607E-02  3.85074120E-04
4.66585937E-01  1.82859376E-02  3.85159190E-04
4.66884552E-01  1.78764500E-02  3.85533436E-04
4.67183167E-01  1.82811376E-02  3.91538953E-04
4.67481782E-01  1.74164567E-02  3.77460936E-04
4.67780397E-01  1.88911892E-02  3.98704491E-04
4.68079012E-01  1.75053310E-02  3.85128049E-04
4.68377627E-01  1.80353541E-02  3.93189403E-04
4.68676242E-01  1.87745541E-02  4.02106758E-04
4.68974857E-01  1.80685055E-02  3.94475006E-04
4.69273472E-01  1.77555829E-02  3.94763512E-04
4.69572087E-01  1.81214958E-02  3.97626951E-04
4.69870702E-01  1.81942936E-02  4.00092045E-04
4.70169317E-01  1.80436857E-02  4.00476682E-04
4.70467932E-01  1.83793902E-02  4.05044644E-04
4.70766547E-01  1.83294583E-02  4.08736669E-04
4.71065162E-01  1.77990384E-02  4.02656093E-04
4.71363777E-01  1.78114604E-02  4.00080782E-04
4.71662392E-01  1.73042975E-02  3.98881733E-04
4.71961007E-01  1.95044242E-02  4.24813043E-04
4.72259622E-01  1.78476237E-02  4.09344881E-04
4.72558237E-01  1.79698244E-02  4.08405118E-04
4.72856852E-01  1.85158588E-02  4.08548512E-04
4.73155467E-01  1.75350811E-02  3.94570146E-04
4.73454082E-01  1.79192256E-02  3.94138624E-04
4.73752697E-01  1.73343327E-02  3.81735706E-04
4.74051312E-01  1.75815616E-02  3.84669926E-04
4.74349927E-01  1.77554302E-02  3.84266255E-04
4.74648542E-01  1.77157000E-02  3.83946317E-04
4.74947157E-01  1.82121936E-02  3.85491818E-04
4.75245772E-01  1.84609462E-02  3.87472624E-04
4.75544387E-01  1.75797734E-02  3.77383956E-04
4.75843002E-01  1.77391246E-02  3.79930279E-04
4.76141617E-01  1.74545832E-02  3.73579154E-04
4.76440232E-01  1.80002339E-02  3.79478268E-04
4.76738847E-01  1.77452192E-02  3.75355332E-04
4.77037462E-01  1.76612251E-02  3.74669879E-04
4.77336077E-01  1.79616008E-02  3.78663768E-04
4.77634692E-01  1.80769619E-02  3.76521668E-04
4.77933307E-01  1.75120942E-02  3.71088914E-04
4.78231922E-01  1.75558142E-02  3.69289337E-04
4.78530537E-01  1.75637193E-02  3.72937182E-04
4.78829152E-01  1.74480025E-02  3.66131542E-04
4.79127767E-01  1.75519995E-02  3.68476118E-04
4.79426382E-01  1.68956071E-02  3.63535597E-04
4.79724997E-01  1.71086825E-02  3.64179432E-04
4.80023612E-01  1.80079062E-02  3.72745824E-04
4.80322227E-01  1.76592153E-02  3.67581379E-04
4.80620842E-01  1.79515965E-02  3.72459006E-04
4.80919457E-01  1.79544501E-02  3.71321279E-04
4.81218072E-01  1.79861486E-02  3.71262955E-04
4.81516687E-01  1.77598707E-02  3.69596499E-04
4.81815302E-01  1.70217585E-02  3.58293270E-04
4.82113917E-01  1.76293664E-02  3.68721609E-04
4.82412532E-01  1.80643089E-02  3.70437920E-04
4.82711147E-01  1.78431589E-02  3.67217814E-04
4.83009762E-01  1.80207528E-02  3.70089809E-04
4.83308377E-01  1.77980680E-02  3.68560315E-04
4.83606992E-01  1.77014247E-02  3.65385815E-04
4.83905607E-01  1.77656505E-02  3.67181172E-04
4.84204222E-01  1.76609568E-02  3.64317704E-04
4.84502837E-01  1.81332454E-02  3.71539209E-04
4.84801452E-01  1.78922247E-02  3.67450266E-04
4.85100067E-01  1.74036361E-02  3.60006728E-04
4.85398682E-01  1.76826753E-02  3.64921056E-04
4.85697297E-01  1.83944982E-02  3.72004783E-04
4.85995912E-01  1.72503591E-02  3.61269020E-04
4.86294527E-01  1.72180533E-02  3.58088291E-04
4.86593142E-01  1.71848014E-02  3.58561811E-04
4.86891757E-01  1.77058876E-02  3.64701787E-04
4.87190372E-01  1.78401414E-02  3.66457942E-04
4.87488987E-01  1.81071591E-02  3.65745247E-04
4.87787602E-01  1.81818083E-02  3.69292742E-04
4.88086217E-01  1.79554895E-02  3.65223677E-04
4.88384832E-01  1.82689819E-02  3.69239919E-04
4.88683447E-01  1.79722533E-02  3.67163186E-04
4.88982062E-01  1.78186707E-02  3.63192812E-04
4.89280677E-01  1.74236018E-02  3.61426413E-04
4.89579292E-01  1.78538449E-02  3.64288338E-04
4.89877907E-01  1.68599822E-02  3.53559008E-04
4.90176522E-01  1.75575502E-02  3.59894708E-04
4.90475137E-01  1.79831460E-02  3.65333050E-04
4.90773752E-01  1.76819284E-02  3.61988175E-04
4.91072367E-01  1.75915472E-02  3.61427752E-04
4.91370982E-01  1.79524142E-02  3.64108128E-04
4.91669597E-01  1.70672853E-02  3.55645636E-04
4.91968212E-01  1.73820481E-02  3.59637139E-04
4.92266827E-01  1.80137735E-02  3.65653541E-04
4.92565442E-01  1.75225399E-02  3.58649995E-04
4.92864057E-01  1.76666602E-02  3.61297250E-04
4.93162672E-01  1.83445886E-02  3.68814595E-04
4.93461287E-01  1.70619506E-02  3.55688942E-04
4.93759902E-01  1.79807451E-02  3.62232444E-04
4.94058517E-01  1.81446113E-02  3.65607819E-04
4.94357132E-01  1.74266696E-02  3.57587705E-04
4.94655747E-01  1.80284195E-02  3.66555469E-04
4.94954362E-01  1.83609687E-02  3.65324580E-04
4.95252977E-01  1.75677519E-02  3.59575410E-04
4.95551592E-01  1.77258328E-02  3.62280174E-04
4.95850207E-01  1.75176002E-02  3.59605008E-04
4.96148822E-01  1.81284845E-02  3.63369996E-04
4.96447437E-01  1.75638609E-02  3.59721889E-04
4.96746052E-01  1.77816488E-02  3.61314160E-04
4.97044667E-01  1.73981618E-02  3.59739584E-04
4.97343282E-01  1.74785722E-02  3.56186734E-04
4.97641897E-01  1.68336947E-02  3.49039503E-04
4.97940512E-01  1.73723642E-02  3.58212099E-04
4.98239127E-01  1.78453866E-02  3.61788610E-04
4.98537742E-01  1.75046027E-02  3.59035737E-04
4.98836357E-01  1.71066057E-02  3.52732255E-04
4.99134972E-01  1.78385228E-02  3.61723825E-04
4.99433587E-01  1.77541766E-02  3.61953455E-04
4.99732202E-01  1.78363863E-02  3.60717706E-04
5.00030817E-01  1.68682504E-02  3.50359041E-04
5.00329432E-01  1.77567024E-02  3.60361184E-04
5.00628047E-01  1.74935795E-02  3.57682817E-04
5.00926662E-01  1.80864222E-02  3.65699583E-04
5.01225277E-01  1.74381100E-02  3.54920223E-04
5.01523892E-01  1.72252487E-02  3.53009033E-04
5.01822507E-01  1.79720446E-02  3.62277759E-04
5.02121122E-01  1.72165819E-02  3.55377881E-04
5.02419737E-01  1.81144923E-02  3.63894505E-04
5.02718352E-01  1.72422286E-02  3.54850519E-04
5.03016967E-01  1.70002505E-02  3.52265866E-04
5.03315582E-01  1.76955089E-02  3.60383099E-04
5.03614197E-01  1.77210961E-02  3.57801240E-04
5.03912812E-01  1.80995837E-02  3.63301922E-04
5.04211427E-01  1.75620001E-02  3.57072189E-04
5.04510042E-01  1.80321150E-02  3.63710424E-04
5.04808657E-01  1.73638295E-02  3.53921932E-04
5.05107272E-01  1.75255071E-02  3.57588957E-04
5.05405887E-01  1.79089326E-02  3.60055856E-04
5.05704502E-01  1.73851456E-02  3.57489072E-04
5.06003117E-01  1.81052275E-02  3.62830935E-04
5.06301732E-01  1.78332739E-02  3.59919475E-04
5.06600347E-01  1.82575993E-02  3.62837192E-04
5.06898962E-01  1.72310285E-02  3.54845484E-04
5.07197577E-01  1.78590547E-02  3.62065737E-04
5.07496192E-01  1.78415906E-02  3.57547600E-04
5.07794807E-01  1.76817775E-02  3.60627368E-04
5.08093422E-01  1.77715980E-02  3.59040510E-04
5.08392037E-01  1.82863381E-02  3.64924810E-04
5.08690652E-01  1.76213160E-02  3.56295321E-04
5.08989267E-01  1.78518724E-02  3.59855359E-04
5.09287882E-01  1.85311995E-02  3.67911445E-04
5.09586497E-01  1.81244891E-02  3.62417311E-04
5.09885112E-01  1.80110857E-02  3.61016835E-04
5.10183727E-01  1.83457993E-02  3.64806212E-04
5.10482342E-01  1.82233341E-02  3.62873543E-04
5.10780957E-01  1.78881045E-02  3.60585720E-04
5.11079572E-01  1.86866857E-02  3.67822504E-04
5.11378187E-01  1.85729079E-02  3.66792898E-04
5.11676802E-01  1.86234713E-02  3.70035181E-04
5.11975417E-01  1.85669027E-02  3.65748274E-04
5.12274032E-01  1.88963562E-02  3.69523623E-04
5.12572647E-01  1.85480807E-02  3.66374035E-04
5.12871262E-01  1.91380549E-02  3.71700298E-04
5.13169877E-01  1.88284796E-02  3.71333561E-04
5.13468492E-01  1.92978866E-02  3.71525617E-04
5.13767107E-01  1.90578736E-02  3.70562630E-04
5.14065722E-01  1.90221183E-02  3.72410432E-04
5.14364337E-01  1.91963390E-02  3.73466813E-04
5.14662952E-01  1.93141606E-02  3.73783580E-04
5.14961567E-01  1.84675865E-02  3.64428735E-04
5.15260182E-01  1.96255576E-02  3.77904013E-04
5.15558797E-01  1.86814424E-02  3.67434666E-04
5.15857412E-01  1.89500079E-02  3.69795860E-04
5.16156027E-01  1.85992550E-02  3.67170025E-04
5.16454642E-01  1.89297479E-02  3.70602007E-04
5.16753257E-01  1.92414038E-02  3.72724666E-04
5.17051872E-01  1.77854989E-02  3.59762140E-04
5.17350487E-01  1.85477640E-02  3.64876003E-04
5.17649102E-01  1.86190810E-02  3.66562803E-04
5.17947717E-01  1.80642251E-02  3.60707840E-04
5.18246332E-01  1.83434095E-02  3.63753235E-04
5.18544947E-01  1.84321254E-02  3.65800312E-04
5.18843562E-01  1.81178916E-02  3.62938998E-04
5.19142177E-01  1.86032075E-02  3.65966698E-04
5.19440792E-01  1.83712132E-02  3.63590400E-04
5.19739407E-01  1.78233515E-02  3.58480174E-04
5.20038022E-01  1.79415587E-02  3.61443002E-04
5.20336637E-01  1.78437810E-02  3.58601072E-04
5.20635252E-01  1.82602070E-02  3.62674269E-04
5.20933867E-01  1.83016434E-02  3.63353931E-04
5.21232482E-01  1.80268046E-02  3.60176113E-04
5.21531097E-01  1.78934373E-02  3.60254344E-04
5.21829712E-01  1.83958989E-02  3.65009473E-04
5.22128327E-01  1.79303251E-02  3.59832018E-04
5.22426942E-01  1.82514675E-02  3.61362065E-04
5.22725557E-01  1.73423588E-02  3.54146992E-04
5.23024172E-01  1.77500900E-02  3.57585755E-04
5.23322787E-01  1.76768079E-02  3.57636716E-04
5.23621402E-01  1.80313718E-02  3.60411243E-04
5.23920017E-01  1.79582797E-02  3.61633138E-04
5.24218632E-01  1.80752352E-02  3.59710626E-04
5.24517247E-01  1.79350805E-02  3.59276892E-04
5.24815862E-01  1.77719463E-02  3.59047524E-04
5.25114477E-01  1.74995139E-02  3.54630844E-04
5.25413092E-01  1.77877173E-02  3.58416495E-04
5.25711707E-01  1.80544052E-02  3.61449725E-04
5.26010322E-01  1.80118140E-02  3.59089026E-04
5.26308937E-01  1.75659768E-02  3.55831638E-04
5.26607552E-01  1.72981825E-02  3.53024137E-04
5.26906167E-01  1.76816117E-02  3.56568169E-04
5.27204782E-01  1.78857259E-02  3.60831153E-04
5.27503397E-01  1.77957956E-02  3.58070829E-04
5.27802012E-01  1.78118814E-02  3.58321966E-04
5.28100627E-01  1.79198235E-02  3.60201986E-04
5.28399242E-01  1.79396160E-02  3.57082434E-04
5.28697857E-01  1.75178181E-02  3.55879776E-04
5.28996472E-01  1.82937831E-02  3.63054773E-04
5.29295087E-01  1.74697302E-02  3.56006523E-04
5.29593702E-01  1.73850711E-02  3.52891831E-04
5.29892317E-01  1.73465572E-02  3.53276439E-04
5.30190932E-01  1.81103349E-02  3.62569437E-04
5.30489547E-01  1.73710492E-02  3.53701878E-04
5.30788162E-01  1.80496108E-02  3.59842554E-04
5.31086777E-01  1.72742829E-02  3.52977688E-04
5.31385392E-01  1.74997468E-02  3.53548268E-04
5.31684007E-01  1.75284259E-02  3.55655211E-04
5.31982622E-01  1.80537589E-02  3.60858714E-04
5.32281237E-01  1.72592681E-02  3.52744537E-04
5.32579852E-01  1.81217715E-02  3.62073537E-04
5.32878467E-01  1.81374867E-02  3.61522631E-04
5.33177082E-01  1.79484878E-02  3.60341655E-04
5.33475697E-01  1.79105792E-02  3.57426121E-04
5.33774312E-01  1.76911782E-02  3.56616103E-04
5.34072927E-01  1.79057252E-02  3.61161103E-04
5.34371542E-01  1.79300029E-02  3.57885001E-04
5.34670157E-01  1.77185610E-02  3.55082098E-04
5.34968772E-01  1.76528245E-02  3.57811194E-04
5.35267387E-01  1.74763482E-02  3.54452612E-04
5.35566002E-01  1.85796134E-02  3.66996886E-04
5.35864617E-01  1.72295514E-02  3.50748101E-04
5.36163232E-01  1.77301895E-02  3.57984827E-04
5.36461847E-01  1.78831872E-02  3.59175465E-04
5.36760462E-01  1.79572850E-02  3.59217549E-04
5.37059077E-01  1.77746024E-02  3.56778764E-04
5.37357692E-01  1.84248183E-02  3.65655287E-04
5.37656307E-01  1.84926186E-02  3.63299390E-04
5.37954922E-01  1.78150889E-02  3.60803824E-04
5.38253537E-01  1.84250325E-02  3.60375649E-04
5.38552152E-01  1.81794036E-02  3.61354556E-04
5.38850767E-01  1.71895679E-02  3.52499919E-04
5.39149382E-01  1.79591347E-02  3.60482780E-04
5.39447997E-01  1.73682552E-02  3.53205978E-04
5.39746612E-01  1.70675237E-02  3.50735441E-04
5.40045227E-01  1.73537359E-02  3.52546398E-04
5.40343842E-01  1.84880514E-02  3.65759566E-04
5.40642457E-01  1.77652631E-02  3.56878998E-04
5.40941072E-01  1.83892120E-02  3.62740917E-04
5.41239687E-01  1.85804870E-02  3.68309731E-04
5.41538302E-01  1.76192820E-02  3.56108620E-04
5.41836917E-01  1.78149585E-02  3.57732963E-04
5.42135532E-01  1.70295145E-02  3.47396446E-04
5.42434147E-01  1.75334197E-02  3.55245022E-04
5.42732762E-01  1.78686641E-02  3.59682657E-04
5.43031377E-01  1.74372122E-02  3.56455799E-04
5.43329992E-01  1.78694557E-02  3.56038741E-04
5.43628607E-01  1.75988749E-02  3.55914322E-04
5.43927222E-01  1.72452778E-02  3.52753443E-04
5.44225837E-01  1.80729348E-02  3.61386425E-04
5.44524452E-01  1.78822689E-02  3.56861157E-04
5.44823067E-01  1.79930311E-02  3.60148842E-04
5.45121682E-01  1.74387190E-02  3.54126736E-04
5.45420297E-01  1.80677846E-02  3.60635138E-04
5.45718912E-01  1.83795001E-02  3.62761144E-04
5.46017527E-01  1.80936456E-02  3.60720471E-04
5.46316142E-01  1.80194806E-02  3.59456259E-04
5.46614757E-01  1.83449741E-02  3.65006359E-04
5.46913372E-01  1.76600404E-02  3.54479242E-04
5.47211987E-01  1.79161076E-02  3.59040947E-04
5.47510602E-01  1.74217895E-02  3.54661548E-04
5.47809217E-01  1.75672136E-02  3.54838878E-04
5.48107832E-01  1.80672891E-02  3.61707673E-04
5.48406447E-01  1.75559614E-02  3.54901335E-04
5.48705062E-01  1.76495686E-02  3.54984892E-04
5.49003677E-01  1.78161990E-02  3.59721394E-04
5.49302292E-01  1.76273659E-02  3.53823387E-04
5.49600907E-01  1.72882862E-02  3.53485317E-04
5.49899522E-01  1.80335641E-02  3.59880418E-04
5.50198137E-01  1.69261657E-02  3.49681301E-04
5.50496752E-01  1.76289082E-02  3.55650001E-04
5.50795367E-01  1.79292429E-02  3.57798563E-04
5.51093982E-01  1.74695458E-02  3.54387565E-04
5.51392597E-01  1.76506955E-02  3.57181532E-04
5.51691212E-01  1.73941050E-02  3.53366515E-04
5.51989827E-01  1.71263330E-02  3.50467075E-04
5.52288442E-01  1.80142149E-02  3.57788493E-04
5.52587057E-01  1.73081383E-02  3.51983414E-04
5.52885672E-01  1.71961654E-02  3.51015246E-04
5.53184287E-01  1.78157650E-02  3.55817523E-04
5.53482902E-01  1.79602839E-02  3.57777404E-04
5.53781517E-01  1.76237822E-02  3.55185388E-04
5.54080132E-01  1.75911654E-02  3.54600052E-04
5.54378747E-01  1.76153947E-02  3.51956114E-04
5.54677362E-01  1.79272741E-02  3.56766075E-04
5.54975977E-01  1.78990569E-02  3.57695099E-04
5.55274592E-01  1.79930925E-02  3.57510027E-04
5.55573207E-01  1.70262270E-02  3.43981752E-04
5.55871822E-01  1.80688370E-02  3.56977311E-04
5.56170437E-01  1.76399555E-02  3.53648909E-04
5.56469052E-01  1.80877652E-02  3.58542806E-04
5.56767667E-01  1.81653295E-02  3.57421814E-04
5.57066282E-01  1.79496482E-02  3.55804979E-04
5.57364897E-01  1.76054277E-02  3.49876442E-04
5.57663512E-01  1.79438740E-02  3.55411350E-04
5.57962127E-01  1.76920127E-02  3.51736118E-04
5.58260742E-01  1.74402446E-02  3.47418012E-04
5.58559357E-01  1.89359281E-02  3.65984277E-04
5.58857972E-01  1.77038480E-02  3.53370910E-04
5.59156587E-01  1.77868083E-02  3.50858085E-04
5.59455202E-01  1.81873199E-02  3.56888631E-04
5.59753817E-01  1.76070184E-02  3.49494250E-04
5.60052432E-01  1.70046706E-02  3.44602740E-04
5.60351047E-01  1.74642429E-02  3.48241709E-04
5.60649662E-01  1.78836845E-02  3.50998016E-04
5.60948277E-01  1.79440547E-02  3.52250732E-04
5.61246892E-01  1.77202988E-02  3.50707967E-04
5.61545507E-01  1.81412194E-02  3.54350428E-04
5.61844122E-01  1.83208957E-02  3.54031072E-04
5.62142737E-01  1.75134782E-02  3.49154026E-04
5.62441352E-01  1.77151877E-02  3.48699832E-04
5.62739967E-01  1.77495498E-02  3.48634087E-04
5.63038582E-01  1.79057792E-02  3.51228751E-04
5.63337197E-01  1.78922489E-02  3.49954964E-04
5.63635812E-01  1.77884866E-02  3.51644499E-04
5.63934427E-01  1.84504092E-02  3.54881166E-04
5.64233042E-01  1.80666093E-02  3.50362388E-04
5.64531657E-01  1.82707831E-02  3.54055694E-04
5.64830272E-01  1.80384200E-02  3.51471885E-04
5.65128887E-01  1.78540666E-02  3.50079732E-04
5.65427502E-01  1.79037731E-02  3.48385744E-04
5.65726117E-01  1.84719972E-02  3.55099415E-04
5.66024732E-01  1.84039678E-02  3.54118965E-04
5.66323347E-01  1.79672092E-02  3.50217393E-04
5.66621962E-01  1.82001516E-02  3.49421869E-04
5.66920577E-01  1.77668035E-02  3.48101137E-04
5.67219192E-01  1.83310378E-02  3.54160962E-04
5.67517807E-01  1.84988007E-02  3.55614698E-04
5.67816422E-01  1.78404320E-02  3.44939937E-04
5.68115037E-01  1.77952852E-02  3.46866203E-04
5.68413652E-01  1.75449550E-02  3.44815053E-04
5.68712267E-01  1.77009981E-02  3.46346787E-04
5.69010882E-01  1.77186690E-02  3.45569832E-04
5.69309497E-01  1.75137091E-02  3.43802822E-04
5.69608112E-01  1.79764219E-02  3.48875910E-04
5.69906727E-01  1.77838281E-02  3.46051762E-04
5.70205342E-01  1.82935651E-02  3.49544396E-04
5.70503957E-01  1.78622417E-02  3.48171336E-04
5.70802572E-01  1.74550898E-02  3.43314226E-04
5.71101187E-01  1.80594157E-02  3.50091257E-04
5.71399802E-01  1.79524980E-02  3.47301480E-04
5.71698417E-01  1.84819382E-02  3.52950476E-04
5.71997032E-01  1.76866595E-02  3.46863933E-04
5.72295647E-01  1.80737209E-02  3.50236980E-04
5.72594262E-01  1.74205732E-02  3.42436688E-04
5.72892877E-01  1.74299311E-02  3.40132625E-04
5.73191492E-01  1.86304655E-02  3.55269032E-04
5.73490107E-01  1.73826423E-02  3.43957945E-04
5.73788722E-01  1.74696445E-02  3.43003921E-04
5.74087337E-01  1.84599534E-02  3.53563722E-04
5.74385952E-01  1.80774089E-02  3.50769784E-04
5.74684567E-01  1.77073032E-02  3.46602872E-04
5.74983182E-01  1.82084534E-02  3.49710201E-04
5.75281797E-01  1.78959183E-02  3.45754321E-04
5.75580412E-01  1.72714852E-02  3.42631567E-04
5.75879027E-01  1.86872631E-02  3.55255761E-04
5.76177642E-01  1.84426494E-02  3.53491720E-04
5.76476257E-01  1.82765517E-02  3.50372487E-04
5.76774872E-01  1.83327794E-02  3.52683914E-04
5.77073487E-01  1.82060692E-02  3.51222494E-04
5.77372102E-01  1.79824661E-02  3.49784590E-04
5.77670717E-01  1.79534182E-02  3.47189402E-04
5.77969332E-01  1.80499814E-02  3.49318143E-04
5.78267947E-01  1.79770663E-02  3.49415262E-04
5.78566562E-01  1.77664142E-02  3.46566900E-04
5.78865177E-01  1.76534411E-02  3.43970722E-04
5.79163792E-01  1.76652875E-02  3.45979352E-04
5.79462407E-01  1.82215143E-02  3.51063500E-04
5.79761022E-01  1.73354894E-02  3.43766005E-04
5.80059637E-01  1.79871693E-02  3.46741639E-04
5.80358252E-01  1.78610999E-02  3.47818888E-04
5.80656867E-01  1.76646821E-02  3.46699700E-04
5.80955482E-01  1.63447615E-02  3.33497126E-04


### HEADER:
#
#{
#    "analysis": {},
#    "calibration_params": {
#        "Beam_Center_X": 1061.0,
#        "Beam_Center_Y": 2093.0,
#        "Detector Tilt": 0.0,
#        "Detector Tilt Plane Rotation": 0.0,
#        "Detector_X_Pixel_Size": 75.0,
#        "Detector_Y_Pixel_Size": 75.0,
#        "Integration Method": "nosplit_csr",
#        "Radial_Average_Method": "pyFAI",
#        "Sample-to-detector distance (mm)": 1782.0,
#        "Wavelength (A)": 0.8823505857220345
#    },
#    "config_file": "/Users/jwinnikoff/Documents/MBARI/SAXS/HPSAXS_7A_Feb2023/HPSAXS_02_19_23.cfg",
#    "counters": {
#        "Epoch": "505.491",
#        "I1": "0",
#        "I2": "0",
#        "I3": "0",
#        "Seconds": "1",
#        "Time": "2.38419e-05",
#        "date": "Sun Feb 19 20:45:14 2023",
#        "diode": "53144"
#    },
#    "filename": "JWL0322_35C_200MPa_up_5_data_000001_00001.h5",
#    "history": {},
#    "imageHeader": {},
#    "load_path": "/Users/jwinnikoff/Documents/MBARI/SAXS/HPSAXS_7A_Feb2023/JWL0322_DOPE_TS+/JWL0322_35C_200MPa_up_5_data_000001.h5",
#    "normalizations": {
#        "Absolute_scale": {
#            "Absolute_scale_factor": 0.005174693841759343,
#            "Method": "Water"
#        },
#        "Counter_norms": [
#            [
#                "/",
#                "diode/150000"
#            ]
#        ],
#        "Polarization": {
#            "Used": false
#        },
#        "Solid_Angle_Correction": "On"
#    },
#    "raw_version": "2.1.4"
#}

