### DATA:
#
# 1908
#      Q             I(Q)           Error     
1.14966775E-02  0.00000000E+00  0.00000000E+00
1.17952925E-02  4.46587503E-01  2.38711052E-02
1.20939075E-02  4.06394690E-01  1.61019433E-02
1.23925225E-02  4.03630167E-01  1.31023899E-02
1.26911375E-02  3.79411966E-01  1.19326096E-02
1.29897525E-02  3.64004552E-01  1.13585154E-02
1.32883675E-02  3.49091083E-01  1.06870187E-02
1.35869825E-02  3.18101257E-01  9.71556362E-03
1.38855975E-02  3.04409087E-01  8.90328642E-03
1.41842125E-02  2.89671540E-01  8.86795856E-03
1.44828275E-02  2.59712428E-01  8.30893684E-03
1.47814425E-02  2.47687757E-01  7.87203386E-03
1.50800575E-02  2.31994092E-01  7.33629754E-03
1.53786725E-02  2.15679735E-01  6.66236924E-03
1.56772875E-02  2.24444896E-01  6.85188221E-03
1.59759025E-02  2.09441125E-01  6.17876882E-03
1.62745175E-02  1.96180224E-01  5.89632522E-03
1.65731325E-02  1.92489088E-01  5.92344208E-03
1.68717475E-02  1.92625299E-01  5.44174016E-03
1.71703625E-02  1.75573483E-01  5.46536362E-03
1.74689775E-02  1.79215848E-01  5.09761693E-03
1.77675925E-02  1.52415425E-01  4.62289620E-03
1.80662075E-02  1.58736899E-01  4.91043273E-03
1.83648225E-02  1.42197222E-01  4.17685509E-03
1.86634375E-02  1.40356928E-01  4.34185890E-03
1.89620525E-02  1.42145723E-01  4.11714055E-03
1.92606675E-02  1.30909920E-01  4.00765520E-03
1.95592825E-02  1.29348680E-01  4.02255263E-03
1.98578975E-02  1.26525134E-01  3.68328905E-03
2.01565125E-02  1.17941402E-01  3.68207484E-03
2.04551275E-02  1.21217601E-01  3.50363296E-03
2.07537425E-02  1.18607692E-01  3.38602834E-03
2.10523575E-02  1.19579613E-01  3.21084191E-03
2.13509725E-02  1.10128894E-01  2.89212633E-03
2.16495875E-02  1.09477282E-01  2.87501444E-03
2.19482025E-02  1.07454114E-01  2.63815233E-03
2.22468175E-02  1.05126381E-01  2.72986479E-03
2.25454325E-02  1.01839751E-01  2.46418547E-03
2.28440475E-02  1.00827329E-01  2.51128362E-03
2.31426625E-02  9.32804868E-02  2.33128364E-03
2.34412775E-02  9.74482372E-02  2.29052315E-03
2.37398925E-02  8.88546184E-02  2.27012951E-03
2.40385075E-02  9.46480483E-02  2.20230897E-03
2.43371225E-02  8.86525139E-02  2.13141507E-03
2.46357375E-02  9.06163380E-02  2.21344898E-03
2.49343525E-02  9.00520906E-02  2.09821016E-03
2.52329675E-02  8.50655288E-02  2.14005564E-03
2.55315825E-02  8.16156864E-02  1.96393672E-03
2.58301975E-02  7.94264302E-02  1.94827176E-03
2.61288125E-02  7.90600106E-02  2.00877432E-03
2.64274275E-02  7.89767727E-02  1.88039942E-03
2.67260425E-02  7.73535445E-02  1.95973110E-03
2.70246575E-02  7.43381903E-02  1.79926539E-03
2.73232725E-02  7.33112618E-02  1.84434489E-03
2.76218875E-02  7.25449175E-02  1.86196330E-03
2.79205025E-02  7.31478035E-02  1.80022907E-03
2.82191175E-02  7.09713846E-02  1.76712021E-03
2.85177325E-02  7.03495592E-02  1.72979105E-03
2.88163475E-02  6.42972365E-02  1.70567108E-03
2.91149625E-02  6.55919090E-02  1.67306699E-03
2.94135775E-02  6.70104101E-02  1.67160749E-03
2.97121925E-02  6.04082718E-02  1.60025421E-03
3.00108075E-02  6.84360191E-02  1.64679124E-03
3.03094225E-02  6.34536520E-02  1.65669108E-03
3.06080375E-02  6.16933107E-02  1.58084079E-03
3.09066525E-02  6.12398833E-02  1.55299180E-03
3.12052675E-02  5.96580282E-02  1.57982553E-03
3.15038825E-02  5.67109510E-02  1.47413090E-03
3.18024975E-02  5.87827750E-02  1.52387249E-03
3.21011125E-02  5.96205369E-02  1.48495520E-03
3.23997275E-02  5.89974076E-02  1.43810583E-03
3.26983425E-02  5.73843271E-02  1.43014593E-03
3.29969575E-02  5.71813472E-02  1.34890189E-03
3.32955725E-02  5.79132512E-02  1.35750754E-03
3.35941875E-02  5.73766679E-02  1.28846895E-03
3.38928025E-02  5.43834642E-02  1.29155384E-03
3.41914175E-02  5.78531697E-02  1.29234453E-03
3.44900325E-02  5.49422167E-02  1.25095039E-03
3.47886474E-02  5.18376864E-02  1.19396043E-03
3.50872624E-02  5.38463704E-02  1.19393575E-03
3.53858774E-02  5.21106273E-02  1.21154753E-03
3.56844924E-02  5.41651957E-02  1.18765049E-03
3.59831074E-02  5.09899780E-02  1.13283086E-03
3.62817224E-02  5.15422933E-02  1.16690400E-03
3.65803374E-02  5.42676374E-02  1.16068893E-03
3.68789524E-02  5.23933508E-02  1.17894250E-03
3.71775674E-02  5.16480654E-02  1.14350743E-03
3.74761824E-02  5.04888184E-02  1.10044703E-03
3.77747974E-02  5.06288931E-02  1.10718817E-03
3.80734124E-02  5.22368066E-02  1.10692077E-03
3.83720274E-02  4.91390675E-02  1.10880751E-03
3.86706424E-02  5.01324199E-02  1.06688868E-03
3.89692574E-02  4.93312702E-02  1.08981133E-03
3.92678724E-02  5.12117967E-02  1.11886580E-03
3.95664874E-02  4.89064530E-02  1.05376390E-03
3.98651024E-02  4.71967757E-02  1.03610381E-03
4.01637174E-02  5.15908003E-02  1.06537098E-03
4.04623324E-02  4.90831621E-02  1.07596093E-03
4.07609474E-02  4.90862019E-02  1.03829475E-03
4.10595624E-02  4.70161699E-02  1.03689719E-03
4.13581774E-02  4.94982488E-02  1.04444358E-03
4.16567924E-02  4.71049808E-02  9.98399220E-04
4.19554074E-02  4.79069166E-02  1.03559834E-03
4.22540224E-02  4.66333628E-02  1.01376872E-03
4.25526374E-02  4.58297506E-02  9.91391600E-04
4.28512524E-02  4.65501994E-02  1.00252952E-03
4.31498674E-02  4.94171306E-02  1.02091918E-03
4.34484824E-02  4.62420769E-02  1.01834047E-03
4.37470974E-02  4.73631509E-02  9.86518222E-04
4.40457124E-02  4.56674248E-02  9.73411603E-04
4.43443274E-02  4.61484268E-02  9.97352297E-04
4.46429424E-02  4.82171848E-02  9.96980700E-04
4.49415574E-02  4.71759625E-02  1.01789657E-03
4.52401724E-02  4.65672947E-02  9.66592517E-04
4.55387874E-02  4.94464412E-02  1.01206591E-03
4.58374024E-02  4.84314486E-02  1.00162509E-03
4.61360174E-02  4.77609001E-02  9.80445882E-04
4.64346324E-02  4.69206274E-02  9.90716042E-04
4.67332474E-02  4.75080013E-02  9.65737447E-04
4.70318624E-02  4.72531207E-02  9.91785084E-04
4.73304774E-02  4.48055901E-02  9.60291247E-04
4.76290924E-02  4.62886617E-02  9.55472235E-04
4.79277074E-02  4.66974229E-02  9.53803479E-04
4.82263224E-02  4.79286201E-02  9.59724828E-04
4.85249374E-02  4.73873094E-02  9.83613543E-04
4.88235524E-02  4.87501174E-02  9.73058166E-04
4.91221674E-02  4.81445007E-02  9.61161510E-04
4.94207824E-02  4.87094782E-02  9.77125368E-04
4.97193974E-02  4.79039438E-02  9.51629656E-04
5.00180124E-02  4.61895354E-02  9.60408011E-04
5.03166274E-02  4.46147844E-02  9.17021825E-04
5.06152424E-02  4.68519069E-02  9.42520739E-04
5.09138574E-02  4.76044901E-02  9.61559766E-04
5.12124724E-02  4.68440317E-02  9.28743335E-04
5.15110874E-02  4.61975336E-02  9.38710582E-04
5.18097024E-02  4.68753055E-02  9.31747025E-04
5.21083174E-02  4.73121442E-02  9.34723357E-04
5.24069324E-02  4.90821749E-02  9.52737697E-04
5.27055474E-02  4.84137498E-02  9.40117112E-04
5.30041624E-02  4.74779606E-02  9.48800473E-04
5.33027774E-02  4.80199084E-02  9.32293595E-04
5.36013924E-02  4.70332429E-02  9.27946356E-04
5.39000074E-02  4.97684442E-02  9.38526180E-04
5.41986224E-02  4.90909368E-02  9.50760790E-04
5.44972374E-02  4.88532372E-02  9.36373894E-04
5.47958524E-02  4.97862846E-02  9.38695797E-04
5.50944674E-02  4.97650392E-02  9.53150389E-04
5.53930824E-02  4.90180291E-02  9.25033120E-04
5.56916974E-02  4.89709266E-02  9.19570914E-04
5.59903124E-02  5.01251779E-02  9.49824404E-04
5.62889274E-02  5.01820892E-02  9.29616799E-04
5.65875424E-02  5.08647189E-02  9.52783448E-04
5.68861574E-02  5.08193672E-02  9.35501885E-04
5.71847724E-02  5.17399572E-02  9.37631994E-04
5.74833874E-02  5.17898984E-02  9.48240340E-04
5.77820024E-02  5.06027825E-02  9.26039473E-04
5.80806174E-02  5.26452325E-02  9.67965694E-04
5.83792324E-02  5.20696677E-02  9.28336580E-04
5.86778474E-02  5.30934967E-02  9.52359289E-04
5.89764624E-02  5.20211868E-02  9.52954404E-04
5.92750774E-02  5.49651496E-02  9.39884281E-04
5.95736924E-02  5.33157401E-02  9.54351970E-04
5.98723074E-02  5.44838160E-02  9.44727159E-04
6.01709224E-02  5.50796203E-02  9.48662113E-04
6.04695374E-02  5.60167804E-02  9.71746456E-04
6.07681524E-02  5.58973998E-02  9.60612262E-04
6.10667674E-02  5.55812307E-02  9.62887774E-04
6.13653824E-02  5.76555505E-02  9.58400080E-04
6.16639974E-02  5.80373369E-02  9.73802700E-04
6.19626124E-02  5.91365211E-02  9.84242652E-04
6.22612274E-02  5.82055412E-02  9.58188961E-04
6.25598424E-02  5.86185753E-02  9.82449623E-04
6.28584574E-02  5.98703362E-02  9.76637355E-04
6.31570724E-02  6.06760047E-02  9.91893583E-04
6.34556874E-02  6.16403036E-02  9.72917653E-04
6.37543024E-02  6.29696026E-02  9.96633898E-04
6.40529174E-02  6.37894720E-02  1.01702556E-03
6.43515324E-02  6.54594079E-02  1.01054192E-03
6.46501474E-02  6.62311092E-02  1.03828881E-03
6.49487624E-02  6.60258979E-02  9.98560223E-04
6.52473774E-02  6.58637434E-02  1.00569986E-03
6.55459924E-02  6.86562583E-02  1.03810371E-03
6.58446074E-02  6.73841834E-02  1.01724290E-03
6.61432224E-02  6.91273138E-02  1.04166009E-03
6.64418374E-02  6.77167475E-02  1.00533699E-03
6.67404524E-02  7.10678697E-02  1.04342471E-03
6.70390674E-02  7.40154535E-02  1.06999429E-03
6.73376824E-02  7.56583810E-02  1.05345587E-03
6.76362974E-02  7.45975152E-02  1.07159989E-03
6.79349124E-02  7.79368505E-02  1.07105030E-03
6.82335274E-02  8.04188773E-02  1.09558029E-03
6.85321424E-02  8.04959238E-02  1.10915501E-03
6.88307574E-02  8.19283351E-02  1.09687203E-03
6.91293724E-02  8.30777287E-02  1.12144393E-03
6.94279874E-02  8.50616395E-02  1.10750203E-03
6.97266024E-02  8.54940787E-02  1.12962571E-03
7.00252174E-02  8.98146927E-02  1.14845415E-03
7.03238324E-02  9.18015465E-02  1.15184695E-03
7.06224474E-02  9.31572542E-02  1.17779127E-03
7.09210624E-02  9.71411988E-02  1.18756655E-03
7.12196774E-02  1.00661241E-01  1.20615109E-03
7.15182924E-02  1.02299549E-01  1.18928845E-03
7.18169074E-02  1.06263489E-01  1.24491437E-03
7.21155224E-02  1.08741172E-01  1.25504937E-03
7.24141374E-02  1.14467405E-01  1.28042488E-03
7.27127524E-02  1.13363758E-01  1.26855576E-03
7.30113674E-02  1.20836854E-01  1.29962154E-03
7.33099824E-02  1.22627422E-01  1.31644518E-03
7.36085974E-02  1.29992262E-01  1.35992724E-03
7.39072124E-02  1.34429127E-01  1.35745446E-03
7.42058274E-02  1.36491254E-01  1.39662693E-03
7.45044424E-02  1.44820973E-01  1.41350995E-03
7.48030574E-02  1.48192286E-01  1.43923494E-03
7.51016724E-02  1.55609280E-01  1.47320027E-03
7.54002874E-02  1.65254340E-01  1.49387890E-03
7.56989024E-02  1.71955183E-01  1.55034161E-03
7.59975174E-02  1.80207551E-01  1.56165857E-03
7.62961324E-02  1.85502172E-01  1.58949965E-03
7.65947474E-02  1.98680848E-01  1.63975207E-03
7.68933624E-02  2.05599591E-01  1.66983146E-03
7.71919774E-02  2.18780309E-01  1.74112886E-03
7.74905924E-02  2.35425100E-01  1.76632311E-03
7.77892074E-02  2.45790198E-01  1.81613967E-03
7.80878224E-02  2.63473004E-01  1.86471443E-03
7.83864374E-02  2.82827586E-01  1.92900270E-03
7.86850524E-02  2.97560841E-01  2.01100530E-03
7.89836674E-02  3.14728349E-01  2.04227027E-03
7.92822824E-02  3.40466738E-01  2.10670987E-03
7.95808974E-02  3.66730928E-01  2.16663233E-03
7.98795124E-02  3.95888090E-01  2.29528314E-03
8.01781274E-02  4.25409555E-01  2.39942642E-03
8.04767424E-02  4.55808967E-01  2.42034206E-03
8.07753574E-02  4.94991869E-01  2.54802033E-03
8.10739724E-02  5.43010056E-01  2.63908249E-03
8.13725874E-02  5.88557541E-01  2.73655937E-03
8.16712024E-02  6.36054993E-01  2.89133843E-03
8.19698174E-02  6.98112011E-01  2.95111584E-03
8.22684324E-02  7.58664608E-01  3.14160972E-03
8.25670474E-02  8.29743743E-01  3.24601936E-03
8.28656624E-02  9.06089127E-01  3.41594685E-03
8.31642774E-02  9.98670340E-01  3.53660667E-03
8.34628924E-02  1.08924353E+00  3.69713339E-03
8.37615074E-02  1.19833148E+00  3.93634662E-03
8.40601224E-02  1.30437958E+00  4.02214797E-03
8.43587374E-02  1.42712498E+00  4.22359444E-03
8.46573524E-02  1.56006992E+00  4.39447584E-03
8.49559674E-02  1.69930780E+00  4.61785449E-03
8.52545824E-02  1.85139501E+00  4.82958555E-03
8.55531974E-02  1.98903763E+00  4.92394855E-03
8.58518124E-02  2.14927197E+00  5.14306501E-03
8.61504274E-02  2.29706168E+00  5.26143704E-03
8.64490424E-02  2.44230223E+00  5.51447459E-03
8.67476574E-02  2.58111167E+00  5.65799279E-03
8.70462724E-02  2.69506001E+00  5.68565400E-03
8.73448874E-02  2.80897331E+00  5.84871601E-03
8.76435024E-02  2.88200641E+00  5.86578762E-03
8.79421174E-02  2.92392159E+00  6.00455375E-03
8.82407324E-02  2.94236851E+00  6.00032462E-03
8.85393474E-02  2.93023586E+00  5.90364356E-03
8.88379624E-02  2.88056135E+00  5.89752942E-03
8.91365774E-02  2.79958272E+00  5.73853683E-03
8.94351924E-02  2.70607901E+00  5.68396132E-03
8.97338074E-02  2.57338762E+00  5.51200798E-03
9.00324224E-02  2.44253874E+00  5.35520818E-03
9.03310374E-02  2.28851604E+00  5.24180802E-03
9.06296524E-02  2.12011838E+00  4.98467917E-03
9.09282674E-02  1.95772493E+00  4.78558382E-03
9.12268824E-02  1.78306425E+00  4.55877604E-03
9.15254974E-02  1.63171148E+00  4.34516324E-03
9.18241124E-02  1.47155607E+00  4.18760953E-03
9.21227274E-02  1.32469833E+00  3.93657899E-03
9.24213424E-02  1.20059752E+00  3.68404551E-03
9.27199574E-02  1.07162929E+00  3.51180253E-03
9.30185724E-02  9.57826316E-01  3.32610682E-03
9.33171874E-02  8.64446223E-01  3.19175143E-03
9.36158024E-02  7.79097378E-01  2.92653963E-03
9.39144174E-02  6.99854612E-01  2.84571340E-03
9.42130324E-02  6.30855560E-01  2.68721790E-03
9.45116474E-02  5.69352865E-01  2.54150061E-03
9.48102624E-02  5.19642293E-01  2.43888260E-03
9.51088774E-02  4.75534767E-01  2.28836806E-03
9.54074924E-02  4.36599493E-01  2.22162856E-03
9.57061074E-02  3.97892207E-01  2.11525126E-03
9.60047224E-02  3.69441837E-01  2.04002578E-03
9.63033374E-02  3.40592176E-01  1.94001140E-03
9.66019524E-02  3.17581534E-01  1.88314077E-03
9.69005674E-02  2.98306316E-01  1.82032899E-03
9.71991824E-02  2.82480150E-01  1.76677806E-03
9.74977974E-02  2.63395548E-01  1.70017558E-03
9.77964124E-02  2.50228494E-01  1.65146636E-03
9.80950274E-02  2.39606023E-01  1.62718911E-03
9.83936424E-02  2.27448985E-01  1.58606004E-03
9.86922574E-02  2.15805188E-01  1.54359348E-03
9.89908724E-02  2.09994465E-01  1.50646921E-03
9.92894874E-02  1.99109808E-01  1.46258052E-03
9.95881024E-02  1.89397395E-01  1.43800967E-03
9.98867174E-02  1.82952434E-01  1.41819334E-03
1.00185332E-01  1.78687304E-01  1.37006608E-03
1.00483947E-01  1.70641363E-01  1.36030768E-03
1.00782562E-01  1.66559517E-01  1.32768380E-03
1.01081177E-01  1.62933722E-01  1.32641895E-03
1.01379792E-01  1.57469705E-01  1.29905343E-03
1.01678407E-01  1.49187088E-01  1.25084957E-03
1.01977022E-01  1.48564756E-01  1.26179028E-03
1.02275637E-01  1.43635347E-01  1.24068162E-03
1.02574252E-01  1.40441686E-01  1.22169405E-03
1.02872867E-01  1.35687202E-01  1.18804665E-03
1.03171482E-01  1.33233786E-01  1.17629964E-03
1.03470097E-01  1.33762851E-01  1.18055672E-03
1.03768712E-01  1.29907057E-01  1.17400812E-03
1.04067327E-01  1.28056437E-01  1.14486797E-03
1.04365942E-01  1.23417355E-01  1.13677524E-03
1.04664557E-01  1.24281682E-01  1.13981520E-03
1.04963172E-01  1.20498441E-01  1.11415132E-03
1.05261787E-01  1.17710344E-01  1.10386335E-03
1.05560402E-01  1.15664937E-01  1.08287402E-03
1.05859017E-01  1.15987450E-01  1.09843293E-03
1.06157632E-01  1.14094183E-01  1.08239788E-03
1.06456247E-01  1.12133093E-01  1.07305625E-03
1.06754862E-01  1.12057544E-01  1.05998060E-03
1.07053477E-01  1.09259941E-01  1.05330662E-03
1.07352092E-01  1.08904742E-01  1.05159415E-03
1.07650707E-01  1.07908897E-01  1.04760984E-03
1.07949322E-01  1.05437241E-01  1.03389716E-03
1.08247937E-01  1.05219603E-01  1.03201123E-03
1.08546552E-01  1.03408091E-01  1.02717069E-03
1.08845167E-01  1.03158891E-01  1.00913330E-03
1.09143782E-01  1.01799399E-01  1.01429853E-03
1.09442397E-01  1.00210592E-01  9.93841677E-04
1.09741012E-01  1.00883290E-01  1.00026722E-03
1.10039627E-01  1.00410730E-01  1.00576819E-03
1.10338242E-01  9.89597440E-02  9.92230373E-04
1.10636857E-01  9.94443595E-02  9.82481055E-04
1.10935472E-01  9.88283306E-02  9.78690223E-04
1.11234087E-01  9.75533053E-02  9.81340185E-04
1.11532702E-01  9.59637761E-02  9.72561422E-04
1.11831317E-01  9.56591964E-02  9.65811196E-04
1.12129932E-01  9.58891436E-02  9.68824315E-04
1.12428547E-01  9.38107222E-02  9.57900775E-04
1.12727162E-01  9.58492979E-02  9.64198611E-04
1.13025777E-01  9.33379531E-02  9.50401591E-04
1.13324392E-01  9.42523032E-02  9.53601440E-04
1.13623007E-01  9.41100568E-02  9.55050637E-04
1.13921622E-01  9.27099884E-02  9.48641449E-04
1.14220237E-01  9.30448398E-02  9.41095990E-04
1.14518852E-01  9.14870128E-02  9.25623579E-04
1.14817467E-01  9.29260477E-02  9.46158369E-04
1.15116082E-01  9.33825672E-02  9.47765540E-04
1.15414697E-01  9.28413868E-02  9.40772123E-04
1.15713312E-01  9.22327414E-02  9.28711030E-04
1.16011927E-01  9.13592502E-02  9.27708228E-04
1.16310542E-01  9.21820179E-02  9.40241327E-04
1.16609157E-01  9.13038775E-02  9.25382425E-04
1.16907772E-01  9.06382278E-02  9.25409957E-04
1.17206387E-01  9.03468728E-02  9.20183840E-04
1.17505002E-01  8.95850286E-02  9.10631439E-04
1.17803617E-01  9.20884460E-02  9.33478004E-04
1.18102232E-01  9.22968686E-02  9.25656990E-04
1.18400847E-01  9.05180052E-02  9.18030622E-04
1.18699462E-01  9.02350172E-02  9.14596312E-04
1.18998077E-01  9.07556936E-02  9.08693473E-04
1.19296692E-01  8.99783373E-02  9.22042818E-04
1.19595307E-01  9.10405219E-02  9.10769624E-04
1.19893922E-01  8.98813233E-02  9.03022068E-04
1.20192537E-01  9.08128396E-02  9.18191858E-04
1.20491152E-01  9.11687687E-02  9.06893809E-04
1.20789767E-01  9.20392051E-02  9.19702521E-04
1.21088382E-01  9.20408592E-02  9.18390346E-04
1.21386997E-01  8.95996392E-02  8.99058417E-04
1.21685612E-01  9.25728232E-02  9.22367733E-04
1.21984227E-01  9.26407427E-02  9.16785852E-04
1.22282842E-01  9.22370926E-02  9.08354181E-04
1.22581457E-01  9.20475125E-02  9.01128340E-04
1.22880072E-01  9.27288234E-02  9.20501538E-04
1.23178687E-01  9.29813907E-02  9.13295662E-04
1.23477302E-01  9.28306729E-02  9.15132172E-04
1.23775917E-01  9.32515413E-02  9.06380534E-04
1.24074532E-01  9.30230319E-02  9.14145785E-04
1.24373147E-01  9.36937705E-02  9.16148012E-04
1.24671762E-01  9.56656337E-02  9.20585589E-04
1.24970377E-01  9.48028937E-02  9.13892814E-04
1.25268992E-01  9.35141966E-02  9.06410918E-04
1.25567607E-01  9.41099823E-02  9.04945482E-04
1.25866222E-01  9.60517079E-02  9.28914233E-04
1.26164837E-01  9.54476669E-02  9.15736367E-04
1.26463452E-01  9.51287225E-02  9.09833354E-04
1.26762067E-01  9.67294499E-02  9.21232917E-04
1.27060682E-01  9.64363217E-02  9.17318626E-04
1.27359297E-01  9.93927568E-02  9.45269712E-04
1.27657912E-01  9.69304666E-02  9.11603158E-04
1.27956527E-01  9.93325636E-02  9.26885637E-04
1.28255142E-01  9.90117118E-02  9.32042662E-04
1.28553757E-01  1.01550594E-01  9.27489717E-04
1.28852372E-01  9.97871608E-02  9.23085085E-04
1.29150987E-01  9.96849239E-02  9.22613137E-04
1.29449602E-01  1.01444520E-01  9.36375465E-04
1.29748217E-01  1.00970939E-01  9.33556468E-04
1.30046832E-01  1.03130043E-01  9.35922901E-04
1.30345447E-01  1.04206413E-01  9.38301615E-04
1.30644062E-01  1.06215082E-01  9.46051441E-04
1.30942677E-01  1.06882639E-01  9.55987372E-04
1.31241292E-01  1.06146276E-01  9.49515088E-04
1.31539907E-01  1.07432082E-01  9.50205605E-04
1.31838522E-01  1.09373257E-01  9.63201863E-04
1.32137137E-01  1.10525072E-01  9.77065531E-04
1.32435752E-01  1.11500442E-01  9.94232716E-04
1.32734367E-01  1.10652544E-01  9.89073655E-04
1.33032982E-01  1.11266986E-01  1.00228330E-03
1.33331597E-01  1.13750093E-01  1.01340655E-03
1.33630212E-01  1.16581552E-01  1.03032438E-03
1.33928827E-01  1.19065091E-01  1.05719804E-03
1.34227442E-01  1.19170867E-01  1.03217899E-03
1.34526057E-01  1.18498825E-01  1.05006108E-03
1.34824672E-01  1.20289817E-01  1.06576434E-03
1.35123287E-01  1.22746743E-01  1.07028044E-03
1.35421902E-01  1.25252411E-01  1.09076092E-03
1.35720517E-01  1.28744826E-01  1.09452207E-03
1.36019132E-01  1.27318621E-01  1.10799843E-03
1.36317747E-01  1.29557401E-01  1.10688363E-03
1.36616362E-01  1.31107152E-01  1.11020077E-03
1.36914977E-01  1.33502036E-01  1.13287941E-03
1.37213592E-01  1.37415573E-01  1.15110062E-03
1.37512207E-01  1.40571713E-01  1.17584865E-03
1.37810822E-01  1.39479741E-01  1.15971675E-03
1.38109437E-01  1.45747766E-01  1.18548982E-03
1.38408052E-01  1.49830416E-01  1.20654551E-03
1.38706667E-01  1.51318446E-01  1.21530145E-03
1.39005282E-01  1.54020503E-01  1.23944355E-03
1.39303897E-01  1.57851607E-01  1.23002916E-03
1.39602512E-01  1.62703902E-01  1.27291237E-03
1.39901127E-01  1.67162046E-01  1.28822715E-03
1.40199742E-01  1.71371058E-01  1.29830278E-03
1.40498357E-01  1.73545390E-01  1.32031913E-03
1.40796972E-01  1.78122699E-01  1.32007943E-03
1.41095587E-01  1.82344079E-01  1.35497865E-03
1.41394202E-01  1.86813861E-01  1.36291515E-03
1.41692817E-01  1.94900721E-01  1.40085898E-03
1.41991432E-01  2.00096682E-01  1.41941104E-03
1.42290047E-01  2.07561865E-01  1.43549510E-03
1.42588662E-01  2.12842152E-01  1.47324719E-03
1.42887277E-01  2.18889579E-01  1.48574810E-03
1.43185892E-01  2.26184189E-01  1.50555442E-03
1.43484507E-01  2.35962048E-01  1.54996861E-03
1.43783122E-01  2.44493112E-01  1.56469387E-03
1.44081737E-01  2.52043337E-01  1.59367954E-03
1.44380352E-01  2.62149274E-01  1.61201344E-03
1.44678967E-01  2.72121131E-01  1.62420585E-03
1.44977582E-01  2.77950853E-01  1.67425082E-03
1.45276197E-01  2.89580762E-01  1.68383669E-03
1.45574812E-01  3.00649703E-01  1.73580192E-03
1.45873427E-01  3.10917944E-01  1.72439718E-03
1.46172042E-01  3.23916227E-01  1.77273585E-03
1.46470657E-01  3.39431763E-01  1.83645729E-03
1.46769272E-01  3.55759591E-01  1.85783475E-03
1.47067887E-01  3.67995322E-01  1.88522285E-03
1.47366502E-01  3.76358092E-01  1.89722073E-03
1.47665117E-01  3.98958504E-01  1.95629010E-03
1.47963732E-01  4.10465479E-01  2.00705207E-03
1.48262347E-01  4.25778836E-01  2.02250271E-03
1.48560962E-01  4.42945749E-01  2.06598639E-03
1.48859577E-01  4.60124880E-01  2.07763608E-03
1.49158192E-01  4.74194944E-01  2.15311954E-03
1.49456807E-01  4.93006140E-01  2.16981303E-03
1.49755422E-01  5.10921776E-01  2.20312946E-03
1.50054037E-01  5.26301324E-01  2.25032237E-03
1.50352652E-01  5.37227571E-01  2.24498613E-03
1.50651267E-01  5.51134765E-01  2.30628578E-03
1.50949882E-01  5.71444452E-01  2.31198710E-03
1.51248497E-01  5.78593373E-01  2.33756495E-03
1.51547112E-01  5.90136111E-01  2.40198569E-03
1.51845727E-01  5.95988989E-01  2.34401668E-03
1.52144342E-01  6.07168436E-01  2.42437189E-03
1.52442957E-01  6.11842513E-01  2.36139377E-03
1.52741572E-01  6.14403009E-01  2.40085437E-03
1.53040187E-01  6.10713303E-01  2.42777029E-03
1.53338802E-01  6.05696082E-01  2.36903876E-03
1.53637417E-01  6.03404284E-01  2.39338772E-03
1.53936032E-01  6.02029622E-01  2.35588779E-03
1.54234647E-01  5.89743257E-01  2.33679451E-03
1.54533262E-01  5.78054070E-01  2.34958017E-03
1.54831877E-01  5.66240489E-01  2.29309197E-03
1.55130492E-01  5.52284837E-01  2.26796209E-03
1.55429107E-01  5.36009550E-01  2.22217455E-03
1.55727722E-01  5.21554947E-01  2.21367809E-03
1.56026337E-01  4.97221023E-01  2.14881054E-03
1.56324952E-01  4.77797359E-01  2.09956430E-03
1.56623567E-01  4.60594118E-01  2.08490482E-03
1.56922182E-01  4.38056260E-01  2.00385344E-03
1.57220797E-01  4.19905484E-01  1.98848848E-03
1.57519412E-01  3.98189425E-01  1.91256055E-03
1.57818027E-01  3.81262749E-01  1.87012623E-03
1.58116642E-01  3.62838358E-01  1.84912351E-03
1.58415257E-01  3.41022134E-01  1.76868797E-03
1.58713872E-01  3.25041890E-01  1.74310873E-03
1.59012487E-01  3.08738858E-01  1.67449471E-03
1.59311102E-01  2.93653548E-01  1.65802788E-03
1.59609717E-01  2.78066218E-01  1.61639077E-03
1.59908332E-01  2.67651975E-01  1.54921913E-03
1.60206947E-01  2.53876358E-01  1.52388308E-03
1.60505562E-01  2.38509998E-01  1.47704745E-03
1.60804177E-01  2.29437634E-01  1.44713128E-03
1.61102792E-01  2.21975490E-01  1.42391480E-03
1.61401407E-01  2.11878225E-01  1.38571323E-03
1.61700022E-01  2.06344768E-01  1.36556372E-03
1.61998637E-01  1.95744544E-01  1.33286067E-03
1.62297252E-01  1.93448409E-01  1.33118604E-03
1.62595867E-01  1.85469821E-01  1.30251306E-03
1.62894482E-01  1.83200985E-01  1.27993699E-03
1.63193097E-01  1.78692192E-01  1.28263771E-03
1.63491712E-01  1.76104084E-01  1.25227647E-03
1.63790327E-01  1.74302086E-01  1.26541965E-03
1.64088942E-01  1.70242712E-01  1.22954987E-03
1.64387557E-01  1.64925143E-01  1.21956167E-03
1.64686172E-01  1.66866511E-01  1.24126952E-03
1.64984787E-01  1.66658357E-01  1.21823815E-03
1.65283402E-01  1.64583892E-01  1.21830462E-03
1.65582017E-01  1.67880416E-01  1.22015004E-03
1.65880632E-01  1.65973976E-01  1.21829100E-03
1.66179247E-01  1.65692121E-01  1.22718071E-03
1.66477862E-01  1.71215966E-01  1.23008352E-03
1.66776477E-01  1.68682143E-01  1.23165036E-03
1.67075092E-01  1.69958338E-01  1.23892270E-03
1.67373707E-01  1.74483761E-01  1.25133432E-03
1.67672322E-01  1.76112354E-01  1.25628000E-03
1.67970937E-01  1.79275930E-01  1.25567510E-03
1.68269552E-01  1.80937663E-01  1.27159443E-03
1.68568167E-01  1.82401866E-01  1.26397004E-03
1.68866782E-01  1.87019020E-01  1.29871187E-03
1.69165397E-01  1.91831246E-01  1.30521611E-03
1.69464012E-01  1.96327895E-01  1.31223968E-03
1.69762627E-01  2.01652616E-01  1.33868086E-03
1.70061242E-01  2.04645902E-01  1.34391384E-03
1.70359857E-01  2.09630296E-01  1.37596414E-03
1.70658472E-01  2.15488434E-01  1.37009425E-03
1.70957087E-01  2.21199542E-01  1.39337091E-03
1.71255702E-01  2.26391524E-01  1.42689713E-03
1.71554317E-01  2.32321963E-01  1.41300319E-03
1.71852932E-01  2.37911284E-01  1.44804281E-03
1.72151547E-01  2.42233470E-01  1.45612343E-03
1.72450162E-01  2.49646679E-01  1.48179801E-03
1.72748777E-01  2.57564813E-01  1.50875747E-03
1.73047392E-01  2.62416571E-01  1.51609909E-03
1.73346007E-01  2.70835280E-01  1.54287671E-03
1.73644622E-01  2.76068985E-01  1.55026454E-03
1.73943237E-01  2.85161287E-01  1.57612632E-03
1.74241852E-01  2.89262652E-01  1.59725884E-03
1.74540467E-01  2.93846995E-01  1.58968638E-03
1.74839082E-01  2.96635807E-01  1.61693420E-03
1.75137697E-01  2.99962610E-01  1.61049259E-03
1.75436312E-01  3.09364676E-01  1.64616248E-03
1.75734927E-01  3.12707633E-01  1.63497345E-03
1.76033542E-01  3.10914338E-01  1.63521396E-03
1.76332157E-01  3.18308413E-01  1.67961663E-03
1.76630772E-01  3.16076487E-01  1.64431485E-03
1.76929387E-01  3.14769447E-01  1.66621665E-03
1.77228002E-01  3.14585060E-01  1.63388287E-03
1.77526617E-01  3.14051270E-01  1.64456305E-03
1.77825232E-01  3.13548505E-01  1.64881709E-03
1.78123847E-01  3.07695985E-01  1.62674650E-03
1.78422462E-01  3.09700876E-01  1.63204025E-03
1.78721077E-01  2.98132062E-01  1.60560105E-03
1.79019692E-01  2.96396732E-01  1.60146621E-03
1.79318307E-01  2.87818611E-01  1.57865905E-03
1.79616922E-01  2.82667935E-01  1.54114002E-03
1.79915537E-01  2.78693080E-01  1.55080983E-03
1.80214152E-01  2.71050006E-01  1.51613972E-03
1.80512767E-01  2.62135386E-01  1.50607759E-03
1.80811382E-01  2.54974008E-01  1.48135575E-03
1.81109997E-01  2.45581821E-01  1.44029444E-03
1.81408612E-01  2.37092450E-01  1.42943545E-03
1.81707227E-01  2.29922637E-01  1.39965350E-03
1.82005842E-01  2.20789492E-01  1.37157494E-03
1.82304457E-01  2.10993096E-01  1.33326475E-03
1.82603072E-01  2.00981304E-01  1.30686560E-03
1.82901687E-01  1.95504665E-01  1.29803899E-03
1.83200302E-01  1.88003689E-01  1.26145722E-03
1.83498917E-01  1.81759760E-01  1.23543222E-03
1.83797532E-01  1.75674200E-01  1.21258479E-03
1.84096147E-01  1.66654974E-01  1.19203585E-03
1.84394762E-01  1.60318404E-01  1.17111241E-03
1.84693377E-01  1.50139838E-01  1.12544047E-03
1.84991992E-01  1.47352874E-01  1.12088642E-03
1.85290607E-01  1.42525777E-01  1.08830014E-03
1.85589222E-01  1.35608748E-01  1.06924481E-03
1.85887837E-01  1.31740913E-01  1.05077121E-03
1.86186452E-01  1.26599833E-01  1.02804450E-03
1.86485067E-01  1.22800387E-01  1.01783813E-03
1.86783682E-01  1.17252827E-01  9.91640380E-04
1.87082297E-01  1.14177071E-01  9.82752535E-04
1.87380912E-01  1.11649744E-01  9.65444022E-04
1.87679527E-01  1.08799443E-01  9.45046544E-04
1.87978142E-01  1.05852135E-01  9.43755091E-04
1.88276757E-01  1.02761753E-01  9.27741406E-04
1.88575372E-01  1.00726560E-01  9.21232451E-04
1.88873987E-01  9.75246280E-02  9.00845858E-04
1.89172602E-01  9.75183845E-02  8.95871373E-04
1.89471217E-01  9.62288454E-02  8.96598271E-04
1.89769832E-01  9.15957913E-02  8.77047016E-04
1.90068447E-01  8.97472799E-02  8.55862338E-04
1.90367062E-01  8.71510133E-02  8.51317949E-04
1.90665677E-01  8.68883803E-02  8.48105352E-04
1.90964292E-01  8.35092664E-02  8.29839846E-04
1.91262907E-01  8.34845230E-02  8.33222060E-04
1.91561522E-01  8.14013481E-02  8.12511717E-04
1.91860137E-01  8.19070116E-02  8.26122239E-04
1.92158752E-01  7.85048902E-02  8.04596639E-04
1.92457367E-01  7.89233595E-02  8.07783275E-04
1.92755982E-01  7.83798695E-02  8.01633054E-04
1.93054597E-01  7.62479603E-02  7.91165046E-04
1.93353212E-01  7.58378133E-02  7.85009994E-04
1.93651827E-01  7.51900226E-02  7.89987273E-04
1.93950442E-01  7.21440464E-02  7.69583043E-04
1.94249057E-01  7.15432316E-02  7.61012081E-04
1.94547672E-01  7.18017370E-02  7.68251601E-04
1.94846287E-01  7.00437203E-02  7.57328933E-04
1.95144902E-01  6.99546859E-02  7.61006668E-04
1.95443517E-01  6.94636852E-02  7.42385921E-04
1.95742132E-01  6.91642910E-02  7.51120504E-04
1.96040747E-01  6.85461834E-02  7.49194587E-04
1.96339362E-01  6.77038208E-02  7.46254344E-04
1.96637977E-01  6.70080706E-02  7.35110720E-04
1.96936592E-01  6.60407171E-02  7.31172622E-04
1.97235207E-01  6.55425936E-02  7.30963366E-04
1.97533822E-01  6.59669861E-02  7.30535481E-04
1.97832437E-01  6.50849864E-02  7.27945298E-04
1.98131052E-01  6.43150881E-02  7.19739590E-04
1.98429667E-01  6.43322915E-02  7.20518874E-04
1.98728282E-01  6.32472113E-02  7.16685143E-04
1.99026897E-01  6.27580956E-02  7.09414133E-04
1.99325512E-01  6.22670837E-02  7.08863197E-04
1.99624127E-01  6.30102754E-02  7.12857116E-04
1.99922742E-01  6.25879318E-02  7.09123502E-04
2.00221357E-01  6.13707267E-02  7.06204155E-04
2.00519972E-01  6.01067618E-02  6.91888563E-04
2.00818587E-01  6.10520504E-02  6.96658040E-04
2.01117202E-01  6.02591224E-02  6.98894321E-04
2.01415817E-01  5.91872595E-02  6.85725186E-04
2.01714432E-01  5.88305742E-02  6.86868210E-04
2.02013047E-01  6.01125248E-02  6.91496942E-04
2.02311662E-01  5.95046319E-02  6.90794433E-04
2.02610277E-01  5.82334846E-02  6.85099803E-04
2.02908892E-01  5.86710237E-02  6.80200872E-04
2.03207507E-01  5.73174283E-02  6.75023766E-04
2.03506122E-01  5.70685230E-02  6.72512338E-04
2.03804737E-01  5.68337217E-02  6.71753951E-04
2.04103352E-01  5.74450269E-02  6.77466742E-04
2.04401967E-01  5.71823418E-02  6.75073417E-04
2.04700582E-01  5.66003509E-02  6.65840402E-04
2.04999197E-01  5.56307696E-02  6.61942817E-04
2.05297812E-01  5.51169738E-02  6.65268162E-04
2.05596427E-01  5.61666265E-02  6.66153152E-04
2.05895042E-01  5.51121570E-02  6.61509985E-04
2.06193657E-01  5.36263771E-02  6.48316287E-04
2.06492272E-01  5.53639606E-02  6.57930213E-04
2.06790887E-01  5.44687994E-02  6.59900717E-04
2.07089502E-01  5.46219163E-02  6.49938593E-04
2.07388117E-01  5.41505031E-02  6.55515527E-04
2.07686732E-01  5.35044260E-02  6.48979621E-04
2.07985347E-01  5.29411435E-02  6.43379055E-04
2.08283962E-01  5.43175489E-02  6.53291296E-04
2.08582577E-01  5.36298640E-02  6.44600892E-04
2.08881192E-01  5.27306199E-02  6.42102095E-04
2.09179807E-01  5.25328144E-02  6.43859908E-04
2.09478422E-01  5.30773439E-02  6.39532460E-04
2.09777037E-01  5.21669202E-02  6.40627637E-04
2.10075652E-01  5.33051863E-02  6.41486666E-04
2.10374267E-01  5.19839041E-02  6.41483348E-04
2.10672882E-01  5.16010560E-02  6.37147226E-04
2.10971497E-01  5.21335118E-02  6.30038092E-04
2.11270112E-01  5.11686280E-02  6.33889053E-04
2.11568727E-01  5.11829183E-02  6.27456524E-04
2.11867342E-01  5.08475229E-02  6.31317496E-04
2.12165957E-01  5.06674014E-02  6.24667155E-04
2.12464572E-01  5.16139492E-02  6.29906950E-04
2.12763187E-01  5.01209572E-02  6.23740489E-04
2.13061802E-01  5.10527194E-02  6.28939888E-04
2.13360417E-01  5.02876230E-02  6.26494177E-04
2.13659032E-01  5.09697907E-02  6.24093867E-04
2.13957647E-01  5.01500331E-02  6.19797851E-04
2.14256262E-01  5.04275262E-02  6.24324952E-04
2.14554877E-01  4.91069816E-02  6.12403674E-04
2.14853492E-01  4.99591045E-02  6.18620368E-04
2.15152107E-01  4.96716537E-02  6.16101024E-04
2.15450722E-01  5.02431840E-02  6.25843415E-04
2.15749337E-01  4.95480672E-02  6.17184851E-04
2.16047952E-01  5.11012562E-02  6.24720939E-04
2.16346567E-01  4.86469194E-02  6.09899871E-04
2.16645182E-01  4.99222800E-02  6.14361139E-04
2.16943797E-01  4.94282469E-02  6.14596705E-04
2.17242412E-01  4.97622378E-02  6.20768347E-04
2.17541027E-01  4.95342612E-02  6.09632232E-04
2.17839642E-01  4.88278158E-02  6.15661440E-04
2.18138257E-01  4.97121364E-02  6.09655166E-04
2.18436872E-01  4.83091585E-02  6.07242167E-04
2.18735487E-01  4.93349358E-02  6.10564079E-04
2.19034102E-01  4.89245020E-02  6.08380069E-04
2.19332717E-01  5.03675379E-02  6.21348154E-04
2.19631332E-01  4.81011309E-02  6.04675093E-04
2.19929947E-01  4.99498285E-02  6.13817712E-04
2.20228562E-01  4.90282141E-02  6.06164918E-04
2.20527177E-01  4.90743443E-02  6.09677983E-04
2.20825792E-01  4.94948700E-02  6.13012991E-04
2.21124407E-01  4.87196632E-02  6.06395770E-04
2.21423022E-01  5.04280403E-02  6.15846831E-04
2.21721637E-01  5.00490516E-02  6.12269505E-04
2.22020252E-01  4.90467772E-02  6.05931506E-04
2.22318867E-01  4.90124114E-02  6.09661802E-04
2.22617482E-01  4.96687479E-02  6.06574060E-04
2.22916097E-01  5.00327349E-02  6.17077050E-04
2.23214712E-01  4.97344211E-02  6.08921924E-04
2.23513327E-01  4.97082993E-02  6.12889242E-04
2.23811942E-01  4.93654199E-02  6.07370283E-04
2.24110557E-01  5.06991781E-02  6.13017532E-04
2.24409172E-01  4.95716967E-02  6.10787247E-04
2.24707787E-01  5.04354984E-02  6.10186253E-04
2.25006402E-01  4.98679802E-02  6.13878947E-04
2.25305017E-01  5.02257347E-02  6.05085399E-04
2.25603632E-01  5.07555231E-02  6.16772275E-04
2.25902247E-01  5.11455312E-02  6.19866129E-04
2.26200862E-01  5.00235334E-02  6.09635201E-04
2.26499477E-01  5.10052182E-02  6.13453041E-04
2.26798092E-01  5.06759509E-02  6.14852761E-04
2.27096707E-01  5.10939807E-02  6.16485660E-04
2.27395322E-01  5.12738973E-02  6.19921251E-04
2.27693937E-01  5.14676236E-02  6.13405660E-04
2.27992552E-01  5.22063859E-02  6.19925209E-04
2.28291167E-01  5.19112311E-02  6.17815764E-04
2.28589782E-01  5.09155467E-02  6.16852369E-04
2.28888397E-01  5.18448129E-02  6.20284642E-04
2.29187012E-01  5.14607616E-02  6.12845295E-04
2.29485627E-01  5.12503013E-02  6.13875105E-04
2.29784242E-01  5.17786518E-02  6.19892497E-04
2.30082857E-01  5.06203584E-02  6.08868315E-04
2.30381472E-01  5.13373986E-02  6.11940515E-04
2.30680087E-01  5.14560491E-02  6.14228193E-04
2.30978702E-01  5.04810996E-02  6.08382688E-04
2.31277317E-01  5.09207733E-02  6.11729920E-04
2.31575932E-01  4.99222092E-02  6.05529291E-04
2.31874547E-01  5.03746606E-02  6.03603257E-04
2.32173162E-01  5.10906130E-02  6.10824150E-04
2.32471777E-01  5.01301885E-02  6.06270623E-04
2.32770392E-01  4.93725426E-02  5.99612424E-04
2.33069007E-01  4.92147096E-02  5.98313694E-04
2.33367622E-01  4.99076322E-02  6.00295491E-04
2.33666237E-01  4.90275621E-02  6.00087631E-04
2.33964852E-01  4.91537787E-02  5.96252503E-04
2.34263467E-01  4.84885648E-02  5.92205382E-04
2.34562082E-01  4.82499227E-02  5.92257711E-04
2.34860697E-01  4.72455695E-02  5.85064816E-04
2.35159312E-01  4.78396714E-02  5.89401752E-04
2.35457927E-01  4.71924357E-02  5.82267821E-04
2.35756542E-01  4.70665023E-02  5.79216983E-04
2.36055157E-01  4.55913059E-02  5.74898557E-04
2.36353772E-01  4.54344377E-02  5.73422178E-04
2.36652387E-01  4.54751812E-02  5.76791586E-04
2.36951002E-01  4.35619429E-02  5.54311147E-04
2.37249617E-01  4.53079939E-02  5.74255479E-04
2.37548232E-01  4.38099615E-02  5.62128320E-04
2.37846847E-01  4.35656086E-02  5.58671192E-04
2.38145462E-01  4.31064330E-02  5.55253762E-04
2.38444077E-01  4.31987569E-02  5.52153797E-04
2.38742692E-01  4.21587490E-02  5.54576400E-04
2.39041307E-01  4.22194488E-02  5.49976714E-04
2.39339922E-01  4.17120680E-02  5.45593852E-04
2.39638537E-01  4.19180505E-02  5.47399104E-04
2.39937152E-01  4.02420349E-02  5.34851686E-04
2.40235767E-01  3.99589837E-02  5.36712876E-04
2.40534382E-01  4.01590914E-02  5.34599880E-04
2.40832997E-01  4.03779373E-02  5.34865772E-04
2.41131612E-01  3.93829569E-02  5.31039666E-04
2.41430227E-01  3.90913151E-02  5.24680188E-04
2.41728842E-01  3.86970602E-02  5.27284225E-04
2.42027457E-01  3.89468260E-02  5.21989132E-04
2.42326072E-01  3.92618440E-02  5.26116695E-04
2.42624687E-01  3.81227694E-02  5.23360330E-04
2.42923302E-01  3.78414877E-02  5.18376532E-04
2.43221917E-01  3.77813056E-02  5.13141626E-04
2.43520532E-01  3.78260016E-02  5.15558873E-04
2.43819147E-01  3.77549194E-02  5.15500607E-04
2.44117762E-01  3.81118581E-02  5.20374160E-04
2.44416377E-01  3.69825847E-02  5.13894891E-04
2.44714992E-01  3.74634452E-02  5.10427693E-04
2.45013607E-01  3.71822156E-02  5.13848907E-04
2.45312222E-01  3.62703837E-02  5.04436961E-04
2.45610837E-01  3.67661193E-02  5.09413716E-04
2.45909452E-01  3.68186869E-02  5.04649710E-04
2.46208067E-01  3.65334712E-02  5.06823068E-04
2.46506682E-01  3.60025540E-02  5.02024661E-04
2.46805297E-01  3.71385589E-02  5.13982377E-04
2.47103912E-01  3.55251208E-02  4.96381719E-04
2.47402527E-01  3.60385291E-02  4.99956834E-04
2.47701142E-01  3.59054878E-02  5.02039678E-04
2.47999757E-01  3.61899883E-02  5.03611169E-04
2.48298372E-01  3.54985632E-02  5.01674484E-04
2.48596987E-01  3.69633846E-02  5.02264418E-04
2.48895602E-01  3.72485667E-02  5.07735705E-04
2.49194217E-01  3.75445932E-02  5.10303304E-04
2.49492832E-01  3.72353420E-02  5.09166275E-04
2.49791447E-01  3.61175239E-02  5.02700103E-04
2.50090062E-01  3.73764373E-02  5.07923949E-04
2.50388677E-01  3.57455835E-02  5.00244088E-04
2.50687292E-01  3.70292775E-02  5.07345598E-04
2.50985907E-01  3.71611901E-02  5.05372300E-04
2.51284522E-01  3.62487733E-02  5.02245617E-04
2.51583137E-01  3.66840065E-02  5.01580245E-04
2.51881752E-01  3.75690162E-02  5.09788399E-04
2.52180367E-01  3.77282873E-02  5.10868966E-04
2.52478982E-01  3.73137817E-02  5.06278360E-04
2.52777597E-01  3.66480909E-02  5.02689392E-04
2.53076212E-01  3.73993218E-02  5.07953577E-04
2.53374827E-01  3.70953754E-02  5.07394667E-04
2.53673442E-01  3.74791697E-02  5.03495859E-04
2.53972057E-01  3.60562801E-02  4.97813628E-04
2.54270672E-01  3.77475582E-02  5.09219477E-04
2.54569287E-01  3.79570723E-02  5.12980216E-04
2.54867902E-01  3.81808579E-02  5.11861115E-04
2.55166517E-01  3.80409397E-02  5.07663994E-04
2.55465132E-01  3.80855650E-02  5.10813145E-04
2.55763747E-01  3.82019654E-02  5.12006052E-04
2.56062362E-01  3.78730074E-02  5.09661215E-04
2.56360977E-01  3.84412594E-02  5.10062557E-04
2.56659592E-01  3.84813659E-02  5.08984318E-04
2.56958207E-01  3.88463959E-02  5.15619759E-04
2.57256822E-01  3.87835950E-02  5.14378538E-04
2.57555437E-01  4.00770679E-02  5.20393660E-04
2.57854052E-01  4.03638594E-02  5.23500086E-04
2.58152667E-01  4.04600538E-02  5.25943353E-04
2.58451282E-01  3.91411558E-02  5.17439679E-04
2.58749897E-01  4.05302569E-02  5.21680689E-04
2.59048512E-01  3.99866886E-02  5.19263849E-04
2.59347127E-01  3.86514142E-02  5.10252488E-04
2.59645742E-01  4.06141952E-02  5.25686773E-04
2.59944357E-01  4.09970470E-02  5.29005192E-04
2.60242972E-01  4.14703228E-02  5.25361858E-04
2.60541587E-01  4.16164473E-02  5.31148748E-04
2.60840202E-01  4.16264124E-02  5.29810844E-04
2.61138817E-01  4.08317670E-02  5.26259479E-04
2.61437432E-01  4.19803709E-02  5.31780650E-04
2.61736047E-01  4.12006266E-02  5.24476520E-04
2.62034662E-01  4.08234112E-02  5.24542294E-04
2.62333277E-01  4.19184491E-02  5.31252124E-04
2.62631892E-01  4.10858244E-02  5.22930350E-04
2.62930507E-01  4.04825546E-02  5.19348658E-04
2.63229122E-01  4.26237173E-02  5.33882005E-04
2.63527737E-01  4.22515012E-02  5.34914841E-04
2.63826352E-01  4.17388640E-02  5.27074735E-04
2.64124967E-01  4.25311103E-02  5.32054692E-04
2.64423582E-01  4.11445722E-02  5.23720519E-04
2.64722197E-01  4.14869487E-02  5.23851835E-04
2.65020812E-01  4.16308492E-02  5.29996119E-04
2.65319427E-01  4.19920757E-02  5.25270414E-04
2.65618042E-01  4.19544838E-02  5.30517136E-04
2.65916657E-01  4.11212184E-02  5.23169001E-04
2.66215272E-01  4.13797945E-02  5.24130883E-04
2.66513887E-01  4.14378941E-02  5.24908944E-04
2.66812502E-01  4.08222191E-02  5.17775072E-04
2.67111117E-01  4.11219932E-02  5.23178896E-04
2.67409732E-01  4.11939658E-02  5.22280112E-04
2.67708347E-01  4.00937088E-02  5.16061671E-04
2.68006962E-01  4.11546230E-02  5.22033137E-04
2.68305577E-01  4.09124941E-02  5.18753193E-04
2.68604192E-01  3.91738079E-02  5.08922443E-04
2.68902807E-01  3.99566516E-02  5.13320498E-04
2.69201422E-01  4.00663093E-02  5.11656224E-04
2.69500037E-01  3.82952504E-02  5.02278679E-04
2.69798652E-01  3.78084965E-02  4.98820620E-04
2.70097267E-01  3.80814821E-02  5.03871415E-04
2.70395882E-01  3.73790376E-02  4.91574174E-04
2.70694497E-01  3.75729278E-02  4.97012050E-04
2.70993112E-01  3.72997299E-02  4.96096560E-04
2.71291727E-01  3.65241617E-02  4.90533421E-04
2.71590342E-01  3.73955667E-02  4.97635396E-04
2.71888957E-01  3.61743197E-02  4.83227108E-04
2.72187572E-01  3.55414115E-02  4.81787341E-04
2.72486187E-01  3.52740325E-02  4.80463874E-04
2.72784802E-01  3.53469290E-02  4.81948809E-04
2.73083417E-01  3.49764414E-02  4.74565022E-04
2.73382032E-01  3.44874300E-02  4.73989669E-04
2.73680647E-01  3.48725095E-02  4.78830101E-04
2.73979262E-01  3.46525162E-02  4.75004083E-04
2.74277877E-01  3.47214267E-02  4.73552296E-04
2.74576492E-01  3.34213488E-02  4.65308753E-04
2.74875107E-01  3.37628014E-02  4.69108811E-04
2.75173722E-01  3.32519673E-02  4.66261059E-04
2.75472337E-01  3.22520286E-02  4.54118795E-04
2.75770952E-01  3.25965695E-02  4.60939045E-04
2.76069567E-01  3.26388590E-02  4.56722104E-04
2.76368182E-01  3.26801650E-02  4.63187462E-04
2.76666797E-01  3.25555727E-02  4.61005024E-04
2.76965412E-01  3.05611473E-02  4.41618467E-04
2.77264027E-01  3.25841568E-02  4.59570379E-04
2.77562642E-01  3.13667357E-02  4.46957478E-04
2.77861257E-01  3.17595527E-02  4.55571193E-04
2.78159872E-01  3.12948152E-02  4.46113816E-04
2.78458487E-01  3.11585292E-02  4.46811988E-04
2.78757102E-01  3.04282419E-02  4.44788893E-04
2.79055717E-01  3.09673008E-02  4.45999933E-04
2.79354332E-01  3.06308959E-02  4.43460565E-04
2.79652947E-01  3.05243861E-02  4.42801131E-04
2.79951562E-01  2.98941620E-02  4.34620189E-04
2.80250177E-01  3.02068144E-02  4.42498655E-04
2.80548792E-01  2.99442168E-02  4.37807146E-04
2.80847407E-01  2.94607431E-02  4.32638510E-04
2.81146022E-01  2.99937427E-02  4.38390707E-04
2.81444637E-01  2.96619292E-02  4.37056326E-04
2.81743252E-01  2.98892166E-02  4.36862960E-04
2.82041867E-01  2.93572303E-02  4.29224950E-04
2.82340482E-01  2.94450726E-02  4.33390844E-04
2.82639097E-01  3.02217025E-02  4.39289346E-04
2.82937712E-01  2.88630705E-02  4.28554456E-04
2.83236327E-01  2.96354834E-02  4.34036105E-04
2.83534942E-01  2.92495284E-02  4.29074338E-04
2.83833557E-01  2.94253808E-02  4.32819797E-04
2.84132172E-01  2.92218477E-02  4.30571905E-04
2.84430787E-01  2.97219269E-02  4.36521106E-04
2.84729402E-01  2.94519458E-02  4.29190055E-04
2.85028017E-01  2.90821083E-02  4.29118925E-04
2.85326632E-01  2.91856397E-02  4.32676723E-04
2.85625247E-01  2.94198543E-02  4.27498569E-04
2.85923862E-01  3.01476736E-02  4.36373201E-04
2.86222477E-01  2.86889318E-02  4.25266277E-04
2.86521092E-01  2.86401529E-02  4.25010425E-04
2.86819707E-01  2.84464937E-02  4.26526822E-04
2.87118322E-01  2.83383522E-02  4.19470831E-04
2.87416937E-01  2.80758813E-02  4.19463700E-04
2.87715552E-01  2.94684004E-02  4.29111009E-04
2.88014167E-01  2.91803461E-02  4.29960404E-04
2.88312782E-01  2.91996282E-02  4.29359847E-04
2.88611397E-01  2.87953503E-02  4.21415403E-04
2.88910012E-01  2.90046521E-02  4.28349216E-04
2.89208627E-01  2.89257932E-02  4.25563427E-04
2.89507242E-01  2.90960912E-02  4.26502374E-04
2.89805857E-01  2.88658589E-02  4.23263962E-04
2.90104472E-01  2.88131572E-02  4.22264304E-04
2.90403087E-01  2.88076885E-02  4.26792278E-04
2.90701702E-01  2.84463912E-02  4.20793571E-04
2.91000317E-01  2.84740385E-02  4.20283875E-04
2.91298932E-01  2.88357791E-02  4.23872290E-04
2.91597547E-01  2.93516312E-02  4.28274245E-04
2.91896162E-01  2.86910776E-02  4.23118850E-04
2.92194777E-01  2.85185613E-02  4.20209282E-04
2.92493392E-01  2.98830029E-02  4.30562213E-04
2.92792007E-01  2.86187604E-02  4.21868899E-04
2.93090622E-01  2.96534896E-02  4.29220148E-04
2.93389237E-01  2.97117624E-02  4.29434265E-04
2.93687852E-01  2.92323194E-02  4.22990997E-04
2.93986467E-01  3.02605424E-02  4.33489418E-04
2.94285082E-01  2.95864977E-02  4.26467188E-04
2.94583697E-01  2.91417111E-02  4.26438695E-04
2.94882312E-01  2.97731254E-02  4.28224099E-04
2.95180927E-01  2.89838426E-02  4.19791264E-04
2.95479542E-01  2.96347458E-02  4.28365864E-04
2.95778157E-01  2.93580033E-02  4.24720725E-04
2.96076772E-01  2.89759431E-02  4.22253477E-04
2.96375387E-01  2.98212226E-02  4.27855091E-04
2.96674002E-01  2.92715058E-02  4.23691119E-04
2.96972617E-01  2.97114216E-02  4.29653795E-04
2.97271232E-01  3.00887432E-02  4.32584668E-04
2.97569847E-01  2.98878476E-02  4.31348977E-04
2.97868462E-01  3.03829182E-02  4.36183356E-04
2.98167077E-01  2.97917873E-02  4.34050249E-04
2.98465692E-01  3.02351490E-02  4.39996395E-04
2.98764307E-01  3.02811358E-02  4.36525210E-04
2.99062922E-01  3.08558121E-02  4.43383731E-04
2.99361537E-01  3.01720798E-02  4.39871103E-04
2.99660152E-01  3.04007530E-02  4.42312681E-04
2.99958767E-01  3.14880013E-02  4.50380408E-04
3.00257382E-01  3.03420704E-02  4.43339843E-04
3.00555997E-01  2.98650172E-02  4.39619471E-04
3.00854612E-01  3.01232077E-02  4.40848409E-04
3.01153227E-01  3.07523888E-02  4.48378909E-04
3.01451842E-01  3.08609530E-02  4.47119324E-04
3.01750457E-01  3.12823690E-02  4.55380738E-04
3.02049072E-01  3.05607468E-02  4.46869060E-04
3.02347687E-01  3.07345241E-02  4.57097893E-04
3.02646302E-01  3.13685052E-02  4.67666046E-04
3.02944917E-01  3.22017558E-02  4.73708933E-04
3.03243532E-01  3.07339653E-02  4.71603998E-04
3.03542147E-01  3.17319296E-02  4.80016024E-04
3.03840762E-01  3.12681869E-02  4.76226647E-04
3.04139377E-01  3.19752544E-02  4.87844984E-04
3.04437992E-01  3.13358903E-02  4.78647678E-04
3.04736607E-01  3.18659134E-02  4.90593316E-04
3.05035222E-01  3.26036401E-02  4.92189953E-04
3.05333837E-01  3.20737101E-02  4.91468178E-04
3.05632452E-01  3.15663926E-02  4.91488085E-04
3.05931067E-01  3.24381925E-02  4.95716464E-04
3.06229682E-01  3.24172229E-02  5.00924711E-04
3.06528297E-01  3.23105231E-02  4.95329557E-04
3.06826912E-01  3.29530612E-02  5.06431039E-04
3.07125527E-01  3.29735987E-02  5.07827324E-04
3.07424142E-01  3.29947807E-02  5.07371908E-04
3.07722757E-01  3.21946144E-02  5.05203963E-04
3.08021372E-01  3.29750329E-02  5.07068238E-04
3.08319987E-01  3.27031203E-02  5.01171511E-04
3.08618602E-01  3.21735330E-02  4.92247054E-04
3.08917217E-01  3.20805386E-02  4.84182849E-04
3.09215832E-01  3.26473713E-02  4.92681749E-04
3.09514447E-01  3.23641934E-02  4.82886331E-04
3.09813062E-01  3.24167274E-02  4.84371587E-04
3.10111677E-01  3.28721255E-02  4.85571101E-04
3.10410292E-01  3.33088487E-02  4.82736941E-04
3.10708907E-01  3.25679928E-02  4.81973373E-04
3.11007522E-01  3.25140581E-02  4.74872882E-04
3.11306137E-01  3.30041945E-02  4.84518241E-04
3.11604752E-01  3.19004618E-02  4.70756146E-04
3.11903367E-01  3.22197005E-02  4.72594285E-04
3.12201982E-01  3.21816504E-02  4.72188549E-04
3.12500597E-01  3.27362344E-02  4.71917301E-04
3.12799212E-01  3.32918875E-02  4.79877635E-04
3.13097827E-01  3.18415873E-02  4.66046564E-04
3.13396442E-01  3.27980071E-02  4.72366286E-04
3.13695057E-01  3.19370292E-02  4.68498474E-04
3.13993672E-01  3.25377397E-02  4.68132552E-04
3.14292287E-01  3.25475782E-02  4.69441642E-04
3.14590902E-01  3.22113261E-02  4.65658581E-04
3.14889517E-01  3.21778469E-02  4.65417834E-04
3.15188132E-01  3.27386633E-02  4.72197687E-04
3.15486747E-01  3.28484364E-02  4.66698810E-04
3.15785362E-01  3.24973501E-02  4.67358041E-04
3.16083977E-01  3.26389298E-02  4.64849611E-04
3.16382592E-01  3.22412625E-02  4.64540673E-04
3.16681207E-01  3.12806070E-02  4.55548201E-04
3.16979822E-01  3.19840536E-02  4.59928502E-04
3.17278437E-01  3.16479094E-02  4.59051196E-04
3.17577052E-01  3.16105299E-02  4.57355782E-04
3.17875667E-01  3.26646753E-02  4.71424893E-04
3.18174282E-01  3.18942182E-02  4.70101339E-04
3.18472897E-01  3.28967869E-02  4.84300224E-04
3.18771512E-01  3.23735438E-02  4.78571950E-04
3.19070127E-01  3.20706852E-02  4.80059185E-04
3.19368742E-01  3.26288417E-02  4.84628341E-04
3.19667357E-01  3.27634886E-02  4.86038829E-04
3.19965972E-01  3.21514979E-02  4.82568139E-04
3.20264587E-01  3.20800096E-02  4.84230026E-04
3.20563202E-01  3.15510370E-02  4.79811628E-04
3.20861817E-01  3.12673785E-02  4.78607253E-04
3.21160432E-01  3.18800174E-02  4.81760362E-04
3.21459047E-01  3.13029550E-02  4.81926254E-04
3.21757662E-01  3.19565684E-02  4.83857322E-04
3.22056277E-01  3.21177877E-02  4.84800257E-04
3.22354892E-01  3.16882357E-02  4.85732628E-04
3.22653507E-01  3.13759558E-02  4.81795607E-04
3.22952122E-01  3.15458588E-02  4.87343699E-04
3.23250737E-01  3.09903696E-02  4.73923137E-04
3.23549352E-01  3.16525362E-02  4.84900636E-04
3.23847967E-01  3.10121421E-02  4.82215866E-04
3.24146582E-01  3.10180616E-02  4.80856834E-04
3.24445197E-01  3.12783085E-02  4.83152719E-04
3.24743812E-01  3.12066264E-02  4.81758179E-04
3.25042427E-01  3.08176707E-02  4.83835029E-04
3.25341042E-01  3.22069414E-02  4.88995342E-04
3.25639657E-01  3.07192747E-02  4.80223214E-04
3.25938272E-01  3.14107612E-02  4.86886129E-04
3.26236887E-01  3.06735709E-02  4.77355468E-04
3.26535502E-01  3.06983702E-02  4.84778255E-04
3.26834117E-01  3.07499245E-02  4.79765295E-04
3.27132732E-01  3.04767098E-02  4.80022602E-04
3.27431347E-01  2.96799485E-02  4.74408793E-04
3.27729962E-01  3.03554405E-02  4.77520603E-04
3.28028577E-01  3.03793531E-02  4.85464145E-04
3.28327192E-01  3.05774137E-02  4.75513662E-04
3.28625807E-01  3.01708244E-02  4.80173971E-04
3.28924422E-01  3.02876756E-02  4.80817340E-04
3.29223037E-01  2.99689677E-02  4.76298301E-04
3.29521652E-01  3.08994595E-02  4.84641525E-04
3.29820267E-01  3.04621309E-02  4.79495677E-04
3.30118882E-01  2.87111625E-02  4.70674800E-04
3.30417497E-01  3.06778532E-02  4.83911514E-04
3.30716112E-01  2.93584783E-02  4.70594794E-04
3.31014727E-01  2.91827265E-02  4.70017141E-04
3.31313342E-01  3.04806251E-02  4.78661445E-04
3.31611957E-01  2.94112433E-02  4.75241104E-04
3.31910572E-01  2.98342798E-02  4.75239300E-04
3.32209187E-01  2.98872925E-02  4.73566994E-04
3.32507802E-01  2.94708740E-02  4.75584180E-04
3.32806417E-01  2.91826054E-02  4.66996426E-04
3.33105032E-01  2.91726440E-02  4.71201172E-04
3.33403647E-01  2.87210438E-02  4.64513199E-04
3.33702262E-01  2.87775286E-02  4.65244229E-04
3.34000877E-01  2.89993566E-02  4.66761150E-04
3.34299492E-01  2.89989058E-02  4.68272803E-04
3.34598107E-01  2.94444598E-02  4.72276501E-04
3.34896722E-01  2.88658328E-02  4.63114702E-04
3.35195337E-01  2.79616788E-02  4.56734095E-04
3.35493952E-01  2.88652647E-02  4.66784695E-04
3.35792567E-01  2.93372255E-02  4.68930666E-04
3.36091182E-01  2.92882193E-02  4.69227525E-04
3.36389797E-01  2.84489430E-02  4.59631789E-04
3.36688412E-01  2.76885424E-02  4.56370093E-04
3.36987027E-01  2.75592878E-02  4.52521868E-04
3.37285642E-01  2.84219775E-02  4.61429765E-04
3.37584257E-01  2.88211033E-02  4.65341000E-04
3.37882872E-01  2.80991178E-02  4.57334769E-04
3.38181487E-01  2.72032507E-02  4.51696804E-04
3.38480102E-01  2.91941762E-02  4.60967043E-04
3.38778717E-01  2.75503974E-02  4.53908229E-04
3.39077332E-01  2.84842663E-02  4.59662871E-04
3.39375947E-01  2.87200045E-02  4.61428805E-04
3.39674562E-01  2.78442260E-02  4.57262184E-04
3.39973177E-01  2.80113872E-02  4.53867542E-04
3.40271792E-01  2.83583570E-02  4.59851814E-04
3.40570407E-01  2.85421479E-02  4.60536976E-04
3.40869022E-01  2.76491940E-02  4.50668973E-04
3.41167637E-01  2.79728118E-02  4.54737281E-04
3.41466252E-01  2.80761123E-02  4.52840526E-04
3.41764867E-01  2.80396007E-02  4.58068011E-04
3.42063482E-01  2.81051248E-02  4.55028116E-04
3.42362097E-01  2.87122913E-02  4.57424816E-04
3.42660712E-01  2.72187274E-02  4.49482061E-04
3.42959327E-01  2.76803877E-02  4.48622159E-04
3.43257942E-01  2.76273079E-02  4.52845823E-04
3.43556557E-01  2.83872485E-02  4.55612404E-04
3.43855172E-01  2.84841266E-02  4.56520938E-04
3.44153787E-01  2.77574826E-02  4.50404361E-04
3.44452402E-01  2.69798208E-02  4.43545519E-04
3.44751017E-01  2.84496862E-02  4.56379465E-04
3.45049632E-01  2.68373061E-02  4.39012976E-04
3.45348247E-01  2.87794862E-02  4.59019910E-04
3.45646862E-01  2.74388343E-02  4.46292688E-04
3.45945477E-01  2.77245007E-02  4.48865729E-04
3.46244092E-01  2.68236641E-02  4.36344650E-04
3.46542707E-01  2.84184813E-02  4.49504238E-04
3.46841322E-01  2.70458218E-02  4.41715325E-04
3.47139937E-01  2.72943135E-02  4.42248827E-04
3.47438552E-01  2.79188566E-02  4.43940109E-04
3.47737167E-01  2.70884950E-02  4.40827687E-04
3.48035782E-01  2.70908251E-02  4.36948787E-04
3.48334397E-01  2.78442614E-02  4.46437742E-04
3.48633012E-01  2.75737457E-02  4.38064977E-04
3.48931627E-01  2.80918777E-02  4.45566140E-04
3.49230242E-01  2.71819830E-02  4.39506635E-04
3.49528857E-01  2.74834074E-02  4.40595410E-04
3.49827472E-01  2.71708854E-02  4.38811228E-04
3.50126087E-01  2.70580035E-02  4.33719862E-04
3.50424702E-01  2.77558770E-02  4.43144963E-04
3.50723317E-01  2.71489955E-02  4.36470029E-04
3.51021932E-01  2.72874031E-02  4.39149415E-04
3.51320547E-01  2.79556178E-02  4.42182994E-04
3.51619162E-01  2.78829262E-02  4.40647505E-04
3.51917777E-01  2.78117005E-02  4.42012737E-04
3.52216392E-01  2.73695812E-02  4.37647279E-04
3.52515007E-01  2.69791633E-02  4.32511704E-04
3.52813622E-01  2.81996764E-02  4.42188088E-04
3.53112237E-01  2.64781881E-02  4.33196401E-04
3.53410852E-01  2.69628987E-02  4.36420873E-04
3.53709467E-01  2.71909293E-02  4.29926353E-04
3.54008082E-01  2.76281368E-02  4.38045477E-04
3.54306697E-01  2.67335828E-02  4.31130757E-04
3.54605312E-01  2.81715579E-02  4.44875681E-04
3.54903927E-01  2.73602977E-02  4.39753436E-04
3.55202542E-01  2.74636280E-02  4.31283144E-04
3.55501157E-01  2.74095349E-02  4.37503797E-04
3.55799772E-01  2.66390275E-02  4.29326814E-04
3.56098387E-01  2.83685625E-02  4.44127072E-04
3.56397002E-01  2.76353732E-02  4.37995070E-04
3.56695617E-01  2.76595429E-02  4.33398876E-04
3.56994232E-01  2.70731412E-02  4.36606788E-04
3.57292847E-01  2.67813820E-02  4.27259743E-04
3.57591462E-01  2.72445530E-02  4.33601817E-04
3.57890077E-01  2.70392317E-02  4.31153952E-04
3.58188692E-01  2.77646072E-02  4.35152004E-04
3.58487307E-01  2.75502838E-02  4.39358788E-04
3.58785922E-01  2.69353017E-02  4.26792394E-04
3.59084537E-01  2.75963042E-02  4.36281349E-04
3.59383152E-01  2.75953580E-02  4.34639951E-04
3.59681767E-01  2.80101206E-02  4.38246992E-04
3.59980382E-01  2.77415402E-02  4.40286443E-04
3.60278997E-01  2.73725819E-02  4.28219646E-04
3.60577612E-01  2.78466940E-02  4.38381161E-04
3.60876227E-01  2.79958472E-02  4.38023650E-04
3.61174842E-01  2.74796709E-02  4.31322405E-04
3.61473457E-01  2.81026978E-02  4.36185917E-04
3.61772072E-01  2.69801822E-02  4.28635016E-04
3.62070687E-01  2.73350235E-02  4.34108078E-04
3.62369302E-01  2.77115367E-02  4.33947309E-04
3.62667917E-01  2.79686935E-02  4.35841939E-04
3.62966532E-01  2.76638120E-02  4.32088855E-04
3.63265147E-01  2.81823203E-02  4.37738228E-04
3.63563762E-01  2.79117525E-02  4.35748952E-04
3.63862377E-01  2.78139804E-02  4.33378387E-04
3.64160992E-01  2.76079737E-02  4.32113680E-04
3.64459607E-01  2.76170243E-02  4.32414265E-04
3.64758222E-01  2.74208542E-02  4.30877146E-04
3.65056837E-01  2.78410818E-02  4.34857706E-04
3.65355452E-01  2.73148809E-02  4.26899234E-04
3.65654067E-01  2.78323051E-02  4.34561603E-04
3.65952682E-01  2.82815490E-02  4.34843532E-04
3.66251297E-01  2.72919200E-02  4.31469205E-04
3.66549912E-01  2.86059584E-02  4.37561655E-04
3.66848527E-01  2.76479386E-02  4.27943596E-04
3.67147142E-01  2.81369668E-02  4.37985815E-04
3.67445757E-01  2.77709514E-02  4.30570333E-04
3.67744372E-01  2.80441102E-02  4.33815905E-04
3.68042987E-01  2.76465826E-02  4.29831969E-04
3.68341602E-01  2.78629512E-02  4.31737339E-04
3.68640217E-01  2.76817977E-02  4.32369794E-04
3.68938832E-01  2.81041116E-02  4.30136977E-04
3.69237447E-01  2.92263590E-02  4.42063145E-04
3.69536062E-01  2.86977794E-02  4.36118338E-04
3.69834677E-01  2.78361905E-02  4.32101486E-04
3.70133292E-01  2.80448403E-02  4.34973656E-04
3.70431907E-01  2.81537976E-02  4.30192595E-04
3.70730522E-01  2.79920269E-02  4.32183675E-04
3.71029137E-01  2.81303041E-02  4.30790213E-04
3.71327752E-01  2.78597884E-02  4.30604123E-04
3.71626367E-01  2.83468198E-02  4.33902489E-04
3.71924982E-01  2.71093305E-02  4.23997553E-04
3.72223597E-01  2.87048351E-02  4.38458985E-04
3.72522212E-01  2.82115359E-02  4.29872161E-04
3.72820827E-01  2.83084754E-02  4.32606612E-04
3.73119442E-01  2.84621827E-02  4.33892885E-04
3.73418057E-01  2.79631857E-02  4.27980092E-04
3.73716672E-01  2.81887334E-02  4.34961607E-04
3.74015287E-01  2.80131865E-02  4.26948915E-04
3.74313902E-01  2.82009058E-02  4.30460408E-04
3.74612517E-01  2.80492567E-02  4.30407905E-04
3.74911132E-01  2.77522653E-02  4.27464111E-04
3.75209747E-01  2.82015335E-02  4.31577500E-04
3.75508362E-01  2.84870025E-02  4.30880027E-04
3.75806977E-01  2.89278124E-02  4.35756694E-04
3.76105592E-01  2.89656781E-02  4.35931608E-04
3.76404207E-01  2.82600038E-02  4.30810760E-04
3.76702822E-01  2.85760053E-02  4.31338995E-04
3.77001437E-01  2.83133462E-02  4.29681124E-04
3.77300052E-01  2.79861037E-02  4.30046814E-04
3.77598667E-01  2.89620589E-02  4.36470698E-04
3.77897282E-01  2.86022276E-02  4.30559216E-04
3.78195897E-01  2.87743490E-02  4.31200402E-04
3.78494512E-01  2.88130939E-02  4.34127141E-04
3.78793127E-01  2.85673067E-02  4.31502733E-04
3.79091742E-01  2.88152397E-02  4.32493573E-04
3.79390357E-01  2.87587438E-02  4.31742897E-04
3.79688972E-01  2.82884706E-02  4.28416533E-04
3.79987587E-01  2.79430691E-02  4.25041886E-04
3.80286202E-01  2.87542660E-02  4.32260596E-04
3.80584817E-01  2.87674554E-02  4.32361179E-04
3.80883432E-01  2.93225218E-02  4.34753776E-04
3.81182047E-01  2.85215415E-02  4.30076150E-04
3.81480662E-01  2.94380672E-02  4.37043753E-04
3.81779277E-01  2.91093681E-02  4.31119814E-04
3.82077892E-01  2.88869403E-02  4.32936271E-04
3.82376507E-01  2.98541486E-02  4.39126597E-04
3.82675122E-01  2.91951746E-02  4.35022666E-04
3.82973737E-01  2.92053297E-02  4.33349749E-04
3.83272352E-01  2.92483531E-02  4.30868939E-04
3.83570967E-01  3.01304422E-02  4.41048760E-04
3.83869582E-01  2.89613251E-02  4.31107677E-04
3.84168197E-01  2.87429634E-02  4.30343673E-04
3.84466812E-01  2.86352318E-02  4.27820603E-04
3.84765427E-01  2.96162236E-02  4.34547052E-04
3.85064042E-01  2.94845719E-02  4.36964328E-04
3.85362657E-01  2.86102481E-02  4.27638268E-04
3.85661272E-01  2.98365094E-02  4.33690351E-04
3.85959887E-01  2.87587531E-02  4.30146407E-04
3.86258502E-01  2.93337125E-02  4.31191671E-04
3.86557117E-01  2.88396031E-02  4.33152105E-04
3.86855732E-01  2.88950335E-02  4.27430088E-04
3.87154347E-01  2.94984076E-02  4.31658322E-04
3.87452962E-01  3.00378799E-02  4.39505529E-04
3.87751577E-01  2.98695639E-02  4.33301990E-04
3.88050192E-01  2.91701332E-02  4.33113659E-04
3.88348807E-01  2.95158830E-02  4.29574779E-04
3.88647422E-01  2.94779390E-02  4.32797708E-04
3.88946037E-01  2.89819278E-02  4.28293948E-04
3.89244652E-01  2.89763436E-02  4.29102598E-04
3.89543267E-01  2.91244257E-02  4.30305838E-04
3.89841882E-01  2.90262811E-02  4.26212355E-04
3.90140497E-01  2.94898022E-02  4.33861278E-04
3.90439112E-01  2.95026582E-02  4.32880741E-04
3.90737727E-01  2.90473625E-02  4.24921600E-04
3.91036342E-01  3.01666465E-02  4.38489078E-04
3.91334957E-01  2.99803894E-02  4.32324538E-04
3.91633572E-01  2.96495631E-02  4.33963171E-04
3.91932187E-01  2.95736603E-02  4.29280539E-04
3.92230802E-01  2.94904206E-02  4.29933367E-04
3.92529417E-01  2.97835693E-02  4.34947287E-04
3.92828032E-01  2.99605466E-02  4.31769120E-04
3.93126647E-01  2.96010170E-02  4.31270833E-04
3.93425262E-01  3.02856266E-02  4.34741843E-04
3.93723877E-01  2.96005215E-02  4.31905821E-04
3.94022492E-01  2.85188239E-02  4.23629972E-04
3.94321107E-01  2.94824522E-02  4.28317755E-04
3.94619722E-01  3.01466323E-02  4.33327368E-04
3.94918337E-01  2.97733229E-02  4.30323998E-04
3.95216952E-01  2.94955783E-02  4.29461244E-04
3.95515567E-01  2.93153673E-02  4.28567088E-04
3.95814182E-01  2.91439425E-02  4.23399935E-04
3.96112797E-01  3.01024765E-02  4.33544454E-04
3.96411412E-01  2.96810661E-02  4.29664331E-04
3.96710027E-01  2.92110108E-02  4.26767947E-04
3.97008642E-01  2.99424957E-02  4.29993524E-04
3.97307257E-01  2.95898002E-02  4.28074098E-04
3.97605872E-01  2.93247178E-02  4.27290652E-04
3.97904487E-01  2.93429103E-02  4.28466388E-04
3.98203102E-01  3.00838798E-02  4.29157080E-04
3.98501717E-01  2.94226054E-02  4.25432750E-04
3.98800332E-01  2.95034572E-02  4.26735700E-04
3.99098947E-01  3.01542822E-02  4.31834313E-04
3.99397562E-01  2.92557124E-02  4.26693034E-04
3.99696177E-01  2.92757023E-02  4.25089878E-04
3.99994792E-01  2.93409433E-02  4.24340717E-04
4.00293407E-01  2.89814472E-02  4.23053018E-04
4.00592022E-01  3.00062541E-02  4.29230538E-04
4.00890637E-01  3.01884897E-02  4.30430460E-04
4.01189252E-01  3.01677641E-02  4.29872831E-04
4.01487867E-01  2.95461323E-02  4.27263556E-04
4.01786482E-01  2.94796359E-02  4.26168292E-04
4.02085097E-01  2.95720361E-02  4.23192396E-04
4.02383712E-01  2.98843700E-02  4.30850312E-04
4.02682327E-01  2.96394657E-02  4.23377729E-04
4.02980942E-01  2.90598851E-02  4.23027785E-04
4.03279557E-01  2.91912239E-02  4.22263751E-04
4.03578172E-01  2.91529670E-02  4.19695309E-04
4.03876787E-01  2.87665706E-02  4.20589087E-04
4.04175402E-01  2.94663031E-02  4.22545534E-04
4.04474017E-01  2.93019973E-02  4.23777441E-04
4.04772632E-01  2.88820267E-02  4.18536161E-04
4.05071247E-01  2.82211639E-02  4.14211710E-04
4.05369862E-01  2.93830652E-02  4.26513929E-04
4.05668477E-01  2.86807362E-02  4.13669244E-04
4.05967092E-01  2.88996063E-02  4.18966898E-04
4.06265707E-01  2.95549799E-02  4.22991638E-04
4.06564322E-01  2.91171670E-02  4.19353775E-04
4.06862937E-01  2.84234285E-02  4.18489653E-04
4.07161552E-01  2.90692300E-02  4.17538977E-04
4.07460167E-01  2.90010106E-02  4.19907796E-04
4.07758782E-01  2.89612822E-02  4.15988441E-04
4.08057397E-01  2.87347939E-02  4.16402559E-04
4.08356012E-01  2.85334792E-02  4.16513853E-04
4.08654627E-01  2.84121893E-02  4.12030582E-04
4.08953242E-01  2.78602708E-02  4.12258698E-04
4.09251857E-01  2.79982165E-02  4.09881206E-04
4.09550472E-01  2.86853239E-02  4.15075978E-04
4.09849087E-01  2.82314848E-02  4.11973859E-04
4.10147702E-01  2.84055043E-02  4.11414832E-04
4.10446317E-01  2.84707211E-02  4.16263530E-04
4.10744932E-01  2.83630863E-02  4.12840687E-04
4.11043547E-01  2.81634275E-02  4.07865882E-04
4.11342162E-01  2.80018467E-02  4.10110166E-04
4.11640777E-01  2.88609993E-02  4.17137897E-04
4.11939392E-01  2.79491153E-02  4.10883134E-04
4.12238007E-01  2.87829004E-02  4.12618305E-04
4.12536622E-01  2.81459615E-02  4.10114997E-04
4.12835237E-01  2.79734600E-02  4.07342101E-04
4.13133852E-01  2.84225568E-02  4.12224268E-04
4.13432467E-01  2.85309851E-02  4.12626774E-04
4.13731082E-01  2.76943371E-02  4.05215484E-04
4.14029697E-01  2.74135880E-02  4.04940249E-04
4.14328312E-01  2.79490799E-02  4.07549174E-04
4.14626927E-01  2.77828611E-02  4.07471467E-04
4.14925542E-01  2.81100199E-02  4.06283740E-04
4.15224157E-01  2.77634393E-02  4.06574894E-04
4.15522772E-01  2.75495164E-02  4.05666680E-04
4.15821387E-01  2.81126592E-02  4.06959967E-04
4.16120002E-01  2.72290949E-02  4.01253084E-04
4.16418617E-01  2.79780757E-02  4.07582207E-04
4.16717232E-01  2.74668541E-02  4.03097016E-04
4.17015847E-01  2.73069572E-02  4.03321144E-04
4.17314462E-01  2.70323083E-02  3.96080461E-04
4.17613077E-01  2.76754536E-02  4.04722639E-04
4.17911692E-01  2.77861599E-02  4.04229126E-04
4.18210307E-01  2.68447660E-02  4.00178134E-04
4.18508922E-01  2.71425620E-02  3.98337783E-04
4.18807537E-01  2.72194762E-02  3.98994191E-04
4.19106152E-01  2.60014478E-02  3.92298738E-04
4.19404767E-01  2.74788309E-02  4.03012469E-04
4.19703382E-01  2.70486772E-02  3.96661053E-04
4.20001997E-01  2.72436328E-02  3.99907207E-04
4.20300612E-01  2.71856524E-02  3.98028264E-04
4.20599227E-01  2.67783292E-02  3.98215518E-04
4.20897842E-01  2.64780764E-02  3.93533031E-04
4.21196457E-01  2.66017634E-02  3.93377792E-04
4.21495072E-01  2.62933467E-02  3.92788148E-04
4.21793687E-01  2.65460107E-02  3.93414579E-04
4.22092302E-01  2.60667801E-02  3.91992740E-04
4.22390917E-01  2.67709866E-02  3.91537702E-04
4.22689532E-01  2.59191915E-02  3.90436064E-04
4.22988147E-01  2.67406031E-02  3.94054601E-04
4.23286762E-01  2.57666092E-02  3.89198831E-04
4.23585377E-01  2.63161976E-02  3.90652771E-04
4.23883992E-01  2.58458927E-02  3.86362546E-04
4.24182607E-01  2.65746489E-02  3.91949638E-04
4.24481222E-01  2.63865311E-02  3.92780232E-04
4.24779837E-01  2.61427909E-02  3.89281427E-04
4.25078452E-01  2.65822187E-02  3.91041831E-04
4.25377067E-01  2.61462852E-02  3.90547677E-04
4.25675682E-01  2.66047772E-02  3.91035370E-04
4.25974297E-01  2.57266834E-02  3.87492240E-04
4.26272912E-01  2.62334645E-02  3.87001695E-04
4.26571527E-01  2.58029457E-02  3.88069078E-04
4.26870142E-01  2.57376581E-02  3.84529820E-04
4.27168757E-01  2.55536865E-02  3.83756473E-04
4.27467372E-01  2.58465298E-02  3.84656742E-04
4.27765987E-01  2.56636068E-02  3.85624706E-04
4.28064602E-01  2.60659140E-02  3.86980042E-04
4.28363217E-01  2.53693853E-02  3.82806058E-04
4.28661832E-01  2.57044584E-02  3.84721439E-04
4.28960447E-01  2.58020926E-02  3.84848739E-04
4.29259062E-01  2.59335767E-02  3.85312684E-04
4.29557677E-01  2.54810303E-02  3.82449769E-04
4.29856292E-01  2.60519162E-02  3.85078456E-04
4.30154907E-01  2.54020896E-02  3.81093298E-04
4.30453522E-01  2.56653242E-02  3.84437211E-04
4.30752137E-01  2.55050454E-02  3.82293831E-04
4.31050752E-01  2.53586750E-02  3.79673642E-04
4.31349367E-01  2.48557758E-02  3.76559445E-04
4.31647982E-01  2.50960719E-02  3.78208613E-04
4.31946597E-01  2.51650773E-02  3.80764948E-04
4.32245212E-01  2.53887177E-02  3.79316538E-04
4.32543827E-01  2.51456574E-02  3.79430130E-04
4.32842442E-01  2.56958716E-02  3.85717838E-04
4.33141057E-01  2.50212122E-02  3.76482349E-04
4.33439672E-01  2.55467612E-02  3.82876111E-04
4.33738287E-01  2.53437907E-02  3.79323261E-04
4.34036902E-01  2.48244945E-02  3.77343444E-04
4.34335517E-01  2.56621167E-02  3.83230159E-04
4.34634132E-01  2.52837464E-02  3.80820769E-04
4.34932747E-01  2.50152722E-02  3.76862561E-04
4.35231362E-01  2.52988618E-02  3.79245990E-04
4.35529977E-01  2.46856026E-02  3.76714830E-04
4.35828592E-01  2.47576181E-02  3.76675162E-04
4.36127207E-01  2.42356751E-02  3.70539696E-04
4.36425822E-01  2.45832931E-02  3.73849849E-04
4.36724437E-01  2.54415777E-02  3.80658981E-04
4.37023052E-01  2.51280461E-02  3.78475641E-04
4.37321667E-01  2.48187725E-02  3.73987103E-04
4.37620282E-01  2.53269095E-02  3.80565471E-04
4.37918897E-01  2.54252795E-02  3.80542915E-04
4.38217512E-01  2.53331661E-02  3.80530633E-04
4.38516127E-01  2.44623795E-02  3.71624512E-04
4.38814742E-01  2.50614714E-02  3.74260300E-04
4.39113357E-01  2.49482580E-02  3.76794866E-04
4.39411972E-01  2.49036010E-02  3.76292097E-04
4.39710587E-01  2.50113569E-02  3.75611970E-04
4.40009202E-01  2.50861924E-02  3.77588352E-04
4.40307817E-01  2.51355693E-02  3.74657306E-04
4.40606432E-01  2.46489607E-02  3.74286261E-04
4.40905047E-01  2.50900965E-02  3.76539771E-04
4.41203662E-01  2.50135809E-02  3.73670133E-04
4.41502277E-01  2.44822670E-02  3.71626578E-04
4.41800892E-01  2.54477635E-02  3.78303492E-04
4.42099507E-01  2.52505802E-02  3.77084390E-04
4.42398122E-01  2.46311612E-02  3.71455360E-04
4.42696737E-01  2.48214472E-02  3.72970302E-04
4.42995352E-01  2.52682436E-02  3.77137971E-04
4.43293967E-01  2.46547349E-02  3.73599469E-04
4.43592582E-01  2.46884637E-02  3.73938878E-04
4.43891197E-01  2.48517748E-02  3.71584814E-04
4.44189812E-01  2.50128508E-02  3.76058684E-04
4.44488427E-01  2.47561578E-02  3.72325681E-04
4.44787042E-01  2.43376978E-02  3.70543712E-04
4.45085657E-01  2.47845463E-02  3.72542039E-04
4.45384272E-01  2.38945521E-02  3.66353343E-04
4.45682887E-01  2.43765432E-02  3.72649869E-04
4.45981502E-01  2.50608567E-02  3.74209398E-04
4.46280117E-01  2.47272737E-02  3.72523762E-04
4.46578732E-01  2.43609566E-02  3.69998364E-04
4.46877347E-01  2.51006968E-02  3.76317650E-04
4.47175962E-01  2.44044587E-02  3.74788477E-04
4.47474577E-01  2.47525200E-02  3.71181115E-04
4.47773192E-01  2.43667755E-02  3.70129419E-04
4.48071807E-01  2.51316000E-02  3.75894830E-04
4.48370422E-01  2.49760356E-02  3.75802629E-04
4.48669037E-01  2.44230330E-02  3.70642054E-04
4.48967652E-01  2.47065853E-02  3.72381182E-04
4.49266267E-01  2.44213734E-02  3.71774571E-04
4.49564882E-01  2.48169899E-02  3.74940602E-04
4.49863497E-01  2.44423021E-02  3.70550639E-04
4.50162112E-01  2.46657711E-02  3.73552321E-04
4.50460727E-01  2.51579266E-02  3.77345335E-04
4.50759342E-01  2.48464700E-02  3.75086471E-04
4.51057957E-01  2.42784563E-02  3.70286056E-04
4.51356572E-01  2.38732025E-02  3.64784733E-04
4.51655187E-01  2.41862796E-02  3.70564900E-04
4.51953802E-01  2.44624279E-02  3.71282658E-04
4.52252417E-01  2.49153581E-02  3.78462340E-04
4.52551032E-01  2.46023014E-02  3.71612230E-04
4.52849647E-01  2.40509212E-02  3.68231820E-04
4.53148262E-01  2.46149022E-02  3.72525683E-04
4.53446877E-01  2.44374052E-02  3.70774767E-04
4.53745492E-01  2.52514556E-02  3.77729797E-04
4.54044107E-01  2.48642173E-02  3.75568430E-04
4.54342722E-01  2.41995789E-02  3.69944581E-04
4.54641337E-01  2.41534784E-02  3.70410300E-04
4.54939952E-01  2.49879044E-02  3.75429110E-04
4.55238567E-01  2.43918896E-02  3.70681984E-04
4.55537182E-01  2.42944192E-02  3.72484152E-04
4.55835797E-01  2.47166436E-02  3.74709693E-04
4.56134412E-01  2.42585540E-02  3.70240974E-04
4.56433027E-01  2.40574088E-02  3.69110669E-04
4.56731642E-01  2.48086043E-02  3.74088821E-04
4.57030257E-01  2.35737264E-02  3.66111693E-04
4.57328872E-01  2.38840096E-02  3.67620378E-04
4.57627487E-01  2.38179434E-02  3.66951368E-04
4.57926102E-01  2.44213995E-02  3.71818052E-04
4.58224717E-01  2.47148331E-02  3.75373085E-04
4.58523332E-01  2.41323989E-02  3.69695976E-04
4.58821947E-01  2.43578814E-02  3.69228364E-04
4.59120562E-01  2.40134280E-02  3.70094902E-04
4.59419177E-01  2.47445591E-02  3.75521486E-04
4.59717792E-01  2.44660489E-02  3.73320858E-04
4.60016407E-01  2.38574613E-02  3.67429428E-04
4.60315022E-01  2.39986554E-02  3.67949455E-04
4.60613637E-01  2.51625460E-02  3.78266530E-04
4.60912252E-01  2.38377452E-02  3.69322312E-04
4.61210867E-01  2.47802567E-02  3.74556665E-04
4.61509482E-01  2.43971851E-02  3.75563599E-04
4.61808097E-01  2.44294517E-02  3.84299026E-04
4.62106712E-01  2.43640803E-02  3.85422696E-04
4.62405327E-01  2.43959632E-02  3.89203691E-04
4.62703942E-01  2.42382139E-02  3.87476786E-04
4.63002557E-01  2.38124151E-02  3.91103880E-04
4.63301172E-01  2.39870250E-02  3.93918628E-04
4.63599787E-01  2.41456311E-02  3.97327763E-04
4.63898402E-01  2.45407391E-02  4.02415346E-04
4.64197017E-01  2.39888895E-02  3.98378819E-04
4.64495632E-01  2.41632164E-02  4.04862716E-04
4.64794247E-01  2.43899599E-02  4.07405692E-04
4.65092862E-01  2.41066031E-02  4.03010024E-04
4.65391477E-01  2.42187325E-02  4.10016131E-04
4.65690092E-01  2.37618312E-02  4.06022067E-04
4.65988707E-01  2.38976572E-02  4.10748500E-04
4.66287322E-01  2.38524731E-02  4.10700508E-04
4.66585937E-01  2.38698889E-02  4.11305344E-04
4.66884552E-01  2.48926952E-02  4.25221166E-04
4.67183167E-01  2.37213038E-02  4.16869530E-04
4.67481782E-01  2.51774546E-02  4.24185186E-04
4.67780397E-01  2.39648968E-02  4.19726886E-04
4.68079012E-01  2.42788903E-02  4.23927821E-04
4.68377627E-01  2.40530130E-02  4.24406200E-04
4.68676242E-01  2.36618556E-02  4.21928125E-04
4.68974857E-01  2.39479523E-02  4.24472993E-04
4.69273472E-01  2.47277040E-02  4.35430586E-04
4.69572087E-01  2.44363360E-02  4.31573048E-04
4.69870702E-01  2.46566478E-02  4.35328227E-04
4.70169317E-01  2.46773269E-02  4.37744980E-04
4.70467932E-01  2.41273735E-02  4.33760404E-04
4.70766547E-01  2.41424739E-02  4.38447081E-04
4.71065162E-01  2.46370081E-02  4.42779477E-04
4.71363777E-01  2.47848015E-02  4.41111275E-04
4.71662392E-01  2.52300035E-02  4.50177031E-04
4.71961007E-01  2.42654439E-02  4.42876772E-04
4.72259622E-01  2.47040559E-02  4.50132939E-04
4.72558237E-01  2.38478109E-02  4.39745112E-04
4.72856852E-01  2.37986799E-02  4.32917994E-04
4.73155467E-01  2.45177243E-02  4.36081755E-04
4.73454082E-01  2.41441596E-02  4.27614985E-04
4.73752697E-01  2.49402691E-02  4.27973922E-04
4.74051312E-01  2.48881541E-02  4.27772989E-04
4.74349927E-01  2.37209182E-02  4.15135524E-04
4.74648542E-01  2.43451707E-02  4.20683267E-04
4.74947157E-01  2.42788289E-02  4.16011550E-04
4.75245772E-01  2.43263450E-02  4.15728689E-04
4.75544387E-01  2.45724395E-02  4.17021482E-04
4.75843002E-01  2.41624992E-02  4.14444396E-04
4.76141617E-01  2.39168797E-02  4.08731052E-04
4.76440232E-01  2.36016139E-02  4.06140374E-04
4.76738847E-01  2.38534398E-02  4.06756910E-04
4.77037462E-01  2.38863733E-02  4.07259271E-04
4.77336077E-01  2.41576899E-02  4.10455861E-04
4.77634692E-01  2.42123008E-02  4.07289102E-04
4.77933307E-01  2.40161996E-02  4.06180043E-04
4.78231922E-01  2.42267847E-02  4.05472732E-04
4.78530537E-01  2.37765852E-02  4.05564293E-04
4.78829152E-01  2.37935819E-02  3.99624143E-04
4.79127767E-01  2.48215012E-02  4.09560045E-04
4.79426382E-01  2.35683005E-02  4.01311554E-04
4.79724997E-01  2.42783073E-02  4.05484112E-04
4.80023612E-01  2.40155868E-02  4.02332662E-04
4.80322227E-01  2.47917641E-02  4.07079293E-04
4.80620842E-01  2.42496356E-02  4.04610415E-04
4.80919457E-01  2.41515543E-02  4.02525911E-04
4.81218072E-01  2.50520855E-02  4.09535918E-04
4.81516687E-01  2.37396602E-02  3.99395067E-04
4.81815302E-01  2.48321313E-02  4.04483610E-04
4.82113917E-01  2.40179002E-02  4.02258534E-04
4.82412532E-01  2.41295043E-02  4.00162564E-04
4.82711147E-01  2.52469350E-02  4.08272113E-04
4.83009762E-01  2.46934947E-02  4.04920196E-04
4.83308377E-01  2.43828390E-02  4.03201178E-04
4.83606992E-01  2.39175539E-02  3.96975258E-04
4.83905607E-01  2.41122637E-02  3.99821700E-04
4.84204222E-01  2.41278540E-02  3.98006378E-04
4.84502837E-01  2.42008623E-02  4.01180499E-04
4.84801452E-01  2.38910913E-02  3.96864169E-04
4.85100067E-01  2.38565244E-02  3.93959635E-04
4.85398682E-01  2.36451980E-02  3.94415460E-04
4.85697297E-01  2.44230442E-02  4.00647055E-04
4.85995912E-01  2.41913106E-02  3.99870041E-04
4.86294527E-01  2.36426499E-02  3.92196467E-04
4.86593142E-01  2.39929110E-02  3.95995943E-04
4.86891757E-01  2.49114688E-02  4.04330232E-04
4.87190372E-01  2.39631198E-02  3.96966789E-04
4.87488987E-01  2.39439588E-02  3.93105380E-04
4.87787602E-01  2.37534922E-02  3.94524046E-04
4.88086217E-01  2.43499707E-02  3.97527358E-04
4.88384832E-01  2.47677900E-02  4.01839468E-04
4.88683447E-01  2.31709033E-02  3.89660912E-04
4.88982062E-01  2.42260154E-02  3.95820331E-04
4.89280677E-01  2.40043979E-02  3.96509713E-04
4.89579292E-01  2.39282679E-02  3.94178147E-04
4.89877907E-01  2.35378407E-02  3.90457833E-04
4.90176522E-01  2.44318172E-02  3.96806572E-04
4.90475137E-01  2.42427979E-02  3.96465126E-04
4.90773752E-01  2.38179266E-02  3.92680260E-04
4.91072367E-01  2.38921754E-02  3.93690425E-04
4.91370982E-01  2.34056227E-02  3.88585468E-04
4.91669597E-01  2.37991270E-02  3.92530375E-04
4.91968212E-01  2.40841508E-02  3.95673735E-04
4.92266827E-01  2.44256165E-02  3.97967611E-04
4.92565442E-01  2.41127908E-02  3.93236260E-04
4.92864057E-01  2.40316130E-02  3.93855036E-04
4.93162672E-01  2.46024430E-02  3.99209384E-04
4.93461287E-01  2.46868674E-02  3.99895507E-04
4.93759902E-01  2.50729788E-02  3.99801094E-04
4.94058517E-01  2.35805400E-02  3.89561494E-04
4.94357132E-01  2.41212603E-02  3.93217546E-04
4.94655747E-01  2.43179742E-02  3.97907483E-04
4.94954362E-01  2.40666941E-02  3.90928064E-04
4.95252977E-01  2.36863643E-02  3.90246132E-04
4.95551592E-01  2.37520002E-02  3.91966401E-04
4.95850207E-01  2.42159665E-02  3.95181705E-04
4.96148822E-01  2.48787403E-02  3.97868891E-04
4.96447437E-01  2.45991126E-02  3.97900149E-04
4.96746052E-01  2.40323711E-02  3.92604037E-04
4.97044667E-01  2.43614744E-02  3.97874275E-04
4.97343282E-01  2.46161446E-02  3.95086565E-04
4.97641897E-01  2.45247465E-02  3.93771799E-04
4.97940512E-01  2.44425535E-02  3.97138152E-04
4.98239127E-01  2.38877218E-02  3.91234178E-04
4.98537742E-01  2.41765808E-02  3.94381466E-04
4.98836357E-01  2.44117491E-02  3.93840368E-04
4.99134972E-01  2.42215618E-02  3.93963739E-04
4.99433587E-01  2.44255606E-02  3.96809657E-04
4.99732202E-01  2.53772344E-02  4.02155158E-04
5.00030817E-01  2.41258945E-02  3.91631416E-04
5.00329432E-01  2.38499045E-02  3.90353118E-04
5.00628047E-01  2.39842851E-02  3.91453010E-04
5.00926662E-01  2.45984755E-02  3.98620585E-04
5.01225277E-01  2.39364635E-02  3.88658838E-04
5.01523892E-01  2.40857434E-02  3.90158064E-04
5.01822507E-01  2.40068454E-02  3.91352398E-04
5.02121122E-01  2.41788514E-02  3.93633702E-04
5.02419737E-01  2.40438953E-02  3.91852256E-04
5.02718352E-01  2.37969495E-02  3.89642984E-04
5.03016967E-01  2.40276735E-02  3.91431968E-04
5.03315582E-01  2.33838819E-02  3.87211912E-04
5.03614197E-01  2.46387050E-02  3.94332863E-04
5.03912812E-01  2.39726491E-02  3.90794943E-04
5.04211427E-01  2.39615589E-02  3.89837922E-04
5.04510042E-01  2.44946070E-02  3.96209740E-04
5.04808657E-01  2.40865797E-02  3.89609719E-04
5.05107272E-01  2.39917673E-02  3.91054637E-04
5.05405887E-01  2.46189442E-02  3.94572882E-04
5.05704502E-01  2.36325189E-02  3.89570545E-04
5.06003117E-01  2.45700553E-02  3.95059848E-04
5.06301732E-01  2.40066163E-02  3.90312780E-04
5.06600347E-01  2.37107109E-02  3.86473548E-04
5.06898962E-01  2.40351800E-02  3.91710200E-04
5.07197577E-01  2.41368711E-02  3.93419759E-04
5.07496192E-01  2.42185388E-02  3.89357534E-04
5.07794807E-01  2.45132577E-02  3.96874995E-04
5.08093422E-01  2.42385622E-02  3.91914306E-04
5.08392037E-01  2.36985255E-02  3.88291781E-04
5.08690652E-01  2.43561082E-02  3.91518610E-04
5.08989267E-01  2.38019619E-02  3.88373825E-04
5.09287882E-01  2.40377430E-02  3.91647976E-04
5.09586497E-01  2.42347773E-02  3.91699548E-04
5.09885112E-01  2.42814329E-02  3.91788926E-04
5.10183727E-01  2.44999211E-02  3.94034054E-04
5.10482342E-01  2.45996080E-02  3.94060567E-04
5.10780957E-01  2.42757145E-02  3.92617687E-04
5.11079572E-01  2.45725550E-02  3.94234667E-04
5.11378187E-01  2.39583831E-02  3.89374240E-04
5.11676802E-01  2.44653486E-02  3.96411226E-04
5.11975417E-01  2.39682887E-02  3.88408342E-04
5.12274032E-01  2.41842996E-02  3.90730624E-04
5.12572647E-01  2.41190363E-02  3.90492467E-04
5.12871262E-01  2.42051650E-02  3.90710920E-04
5.13169877E-01  2.45993994E-02  3.96712916E-04
5.13468492E-01  2.40883585E-02  3.87967186E-04
5.13767107E-01  2.40703095E-02  3.89244728E-04
5.14065722E-01  2.49362737E-02  3.98534263E-04
5.14364337E-01  2.38220524E-02  3.88856977E-04
5.14662952E-01  2.39191353E-02  3.88787710E-04
5.14961567E-01  2.39738896E-02  3.88091663E-04
5.15260182E-01  2.32286844E-02  3.84273415E-04
5.15558797E-01  2.40225736E-02  3.89441469E-04
5.15857412E-01  2.47124471E-02  3.94705101E-04
5.16156027E-01  2.43979264E-02  3.93055088E-04
5.16454642E-01  2.47644763E-02  3.96193587E-04
5.16753257E-01  2.42395699E-02  3.91011679E-04
5.17051872E-01  2.40373462E-02  3.90915782E-04
5.17350487E-01  2.41734385E-02  3.89337511E-04
5.17649102E-01  2.35033333E-02  3.84938641E-04
5.17947717E-01  2.49173585E-02  3.95962823E-04
5.18246332E-01  2.40972005E-02  3.89679568E-04
5.18544947E-01  2.42265239E-02  3.91975947E-04
5.18843562E-01  2.39260085E-02  3.89827474E-04
5.19142177E-01  2.42079627E-02  3.90197325E-04
5.19440792E-01  2.41837818E-02  3.89908877E-04
5.19739407E-01  2.38345545E-02  3.87464097E-04
5.20038022E-01  2.38415282E-02  3.89434368E-04
5.20336637E-01  2.38988753E-02  3.87895154E-04
5.20635252E-01  2.46740021E-02  3.94040777E-04
5.20933867E-01  2.42945608E-02  3.91288282E-04
5.21232482E-01  2.45748982E-02  3.93060036E-04
5.21531097E-01  2.48321835E-02  3.96668096E-04
5.21829712E-01  2.42706221E-02  3.91869631E-04
5.22128327E-01  2.41868086E-02  3.90618225E-04
5.22426942E-01  2.46637687E-02  3.92627669E-04
5.22725557E-01  2.44250707E-02  3.92830232E-04
5.23024172E-01  2.43108198E-02  3.91144509E-04
5.23322787E-01  2.47599036E-02  3.95614479E-04
5.23621402E-01  2.40847077E-02  3.89324880E-04
5.23920017E-01  2.43660677E-02  3.93718714E-04
5.24218632E-01  2.39829682E-02  3.87275708E-04
5.24517247E-01  2.46842876E-02  3.93953931E-04
5.24815862E-01  2.42707208E-02  3.92178074E-04
5.25114477E-01  2.37884764E-02  3.86459811E-04
5.25413092E-01  2.42586788E-02  3.91218142E-04
5.25711707E-01  2.44203769E-02  3.92907212E-04
5.26010322E-01  2.40593571E-02  3.87902808E-04
5.26308937E-01  2.39977632E-02  3.88732878E-04
5.26607552E-01  2.41876524E-02  3.90174187E-04
5.26906167E-01  2.50012316E-02  3.96296178E-04
5.27204782E-01  2.46617701E-02  3.96022951E-04
5.27503397E-01  2.44400930E-02  3.92210466E-04
5.27802012E-01  2.34951004E-02  3.84649058E-04
5.28100627E-01  2.37763859E-02  3.87801672E-04
5.28399242E-01  2.41353363E-02  3.87120410E-04
5.28697857E-01  2.41902526E-02  3.90877802E-04
5.28996472E-01  2.40195114E-02  3.88830202E-04
5.29295087E-01  2.49522738E-02  3.97674215E-04
5.29593702E-01  2.37483531E-02  3.85502877E-04
5.29892317E-01  2.36141477E-02  3.85257998E-04
5.30190932E-01  2.34307069E-02  3.85458989E-04
5.30489547E-01  2.34363526E-02  3.83996172E-04
5.30788162E-01  2.40973085E-02  3.88615736E-04
5.31086777E-01  2.37169657E-02  3.86575470E-04
5.31385392E-01  2.42297016E-02  3.88834131E-04
5.31684007E-01  2.35840362E-02  3.85588675E-04
5.31982622E-01  2.41713207E-02  3.90266330E-04
5.32281237E-01  2.40337532E-02  3.89060762E-04
5.32579852E-01  2.36615818E-02  3.86701489E-04
5.32878467E-01  2.46204901E-02  3.93688562E-04
5.33177082E-01  2.47553848E-02  3.95542243E-04
5.33475697E-01  2.41960976E-02  3.88294837E-04
5.33774312E-01  2.37195883E-02  3.85952299E-04
5.34072927E-01  2.43865605E-02  3.93947004E-04
5.34371542E-01  2.49995720E-02  3.94981820E-04
5.34670157E-01  2.39396412E-02  3.85772146E-04
5.34968772E-01  2.43108664E-02  3.92468268E-04
5.35267387E-01  2.36327872E-02  3.85254592E-04
5.35566002E-01  2.38623917E-02  3.88739369E-04
5.35864617E-01  2.40155421E-02  3.87045526E-04
5.36163232E-01  2.47586928E-02  3.95393290E-04
5.36461847E-01  2.46726144E-02  3.94320436E-04
5.36760462E-01  2.48778872E-02  3.95185925E-04
5.37059077E-01  2.42929645E-02  3.89849360E-04
5.37357692E-01  2.41725408E-02  3.91461363E-04
5.37656307E-01  2.37184614E-02  3.84561892E-04
5.37954922E-01  2.37982590E-02  3.89768946E-04
5.38253537E-01  2.35716291E-02  3.80981277E-04
5.38552152E-01  2.41142008E-02  3.88989312E-04
5.38850767E-01  2.36683339E-02  3.86605388E-04
5.39149382E-01  2.43997816E-02  3.92728369E-04
5.39447997E-01  2.45102160E-02  3.92176007E-04
5.39746612E-01  2.43866034E-02  3.91856942E-04
5.40045227E-01  2.46581789E-02  3.92787624E-04
5.40343842E-01  2.45018583E-02  3.93556518E-04
5.40642457E-01  2.42129210E-02  3.89418215E-04
5.40941072E-01  2.37598047E-02  3.85384221E-04
5.41239687E-01  2.41981223E-02  3.92855640E-04
5.41538302E-01  2.40190122E-02  3.88618500E-04
5.41836917E-01  2.40602568E-02  3.88574408E-04
5.42135532E-01  2.39036009E-02  3.84692219E-04
5.42434147E-01  2.39316784E-02  3.87916953E-04
5.42732762E-01  2.41362788E-02  3.90720437E-04
5.43031377E-01  2.45526843E-02  3.95343115E-04
5.43329992E-01  2.42126100E-02  3.87364562E-04
5.43628607E-01  2.42973082E-02  3.90876521E-04
5.43927222E-01  2.37329826E-02  3.86785163E-04
5.44225837E-01  2.42100321E-02  3.90942325E-04
5.44524452E-01  2.40272023E-02  3.86631349E-04
5.44823067E-01  2.52848454E-02  3.99040990E-04
5.45121682E-01  2.41993740E-02  3.89906985E-04
5.45420297E-01  2.39780005E-02  3.88310902E-04
5.45718912E-01  2.34997924E-02  3.83392355E-04
5.46017527E-01  2.40807105E-02  3.88955465E-04
5.46316142E-01  2.43614279E-02  3.90646368E-04
5.46614757E-01  2.45025363E-02  3.94280156E-04
5.46913372E-01  2.40120720E-02  3.86337866E-04
5.47211987E-01  2.39111148E-02  3.87685490E-04
5.47510602E-01  2.35707574E-02  3.85577790E-04
5.47809217E-01  2.38748901E-02  3.86641041E-04
5.48107832E-01  2.38558017E-02  3.88477376E-04
5.48406447E-01  2.36102864E-02  3.84683401E-04
5.48705062E-01  2.39576902E-02  3.86565225E-04
5.49003677E-01  2.39397325E-02  3.89740831E-04
5.49302292E-01  2.44515892E-02  3.89496796E-04
5.49600907E-01  2.40942910E-02  3.90040746E-04
5.49899522E-01  2.43057758E-02  3.90507776E-04
5.50198137E-01  2.41586808E-02  3.90469620E-04
5.50496752E-01  2.31856667E-02  3.81221529E-04
5.50795367E-01  2.36411970E-02  3.84016457E-04
5.51093982E-01  2.35453844E-02  3.84545769E-04
5.51392597E-01  2.42598746E-02  3.91390146E-04
5.51691212E-01  2.38438193E-02  3.86696076E-04
5.51989827E-01  2.38960292E-02  3.86932690E-04
5.52288442E-01  2.35966463E-02  3.82737780E-04
5.52587057E-01  2.39501279E-02  3.86997766E-04
5.52885672E-01  2.42991392E-02  3.89998691E-04
5.53184287E-01  2.39077490E-02  3.85258230E-04
5.53482902E-01  2.39213128E-02  3.85928026E-04
5.53781517E-01  2.39448138E-02  3.86962405E-04
5.54080132E-01  2.44597252E-02  3.90818226E-04
5.54378747E-01  2.36024465E-02  3.80783691E-04
5.54677362E-01  2.41091792E-02  3.86700878E-04
5.54975977E-01  2.43667774E-02  3.90080677E-04
5.55274592E-01  2.37551387E-02  3.83947277E-04
5.55573207E-01  2.47275885E-02  3.87457956E-04
5.55871822E-01  2.39917543E-02  3.84471408E-04
5.56170437E-01  2.36172285E-02  3.82468366E-04
5.56469052E-01  2.39724219E-02  3.85799824E-04
5.56767667E-01  2.36657429E-02  3.81308957E-04
5.57066282E-01  2.46889424E-02  3.90025321E-04
5.57364897E-01  2.43155155E-02  3.84317944E-04
5.57663512E-01  2.36460008E-02  3.81337537E-04
5.57962127E-01  2.40939856E-02  3.83654406E-04
5.58260742E-01  2.39179172E-02  3.80272744E-04
5.58559357E-01  2.31175050E-02  3.77961114E-04
5.58857972E-01  2.42775679E-02  3.86773812E-04
5.59156587E-01  2.35619023E-02  3.77437565E-04
5.59455202E-01  2.37746723E-02  3.81384598E-04
5.59753817E-01  2.38844734E-02  3.80463025E-04
5.60052432E-01  2.36404613E-02  3.79769510E-04
5.60351047E-01  2.42714286E-02  3.83717008E-04
5.60649662E-01  2.44700406E-02  3.83752311E-04
5.60948277E-01  2.42842268E-02  3.83011007E-04
5.61246892E-01  2.37938240E-02  3.79839155E-04
5.61545507E-01  2.32130699E-02  3.74648080E-04
5.61844122E-01  2.34878715E-02  3.74668685E-04
5.62142737E-01  2.43423413E-02  3.84741958E-04
5.62441352E-01  2.42784265E-02  3.81545775E-04
5.62739967E-01  2.42222864E-02  3.80663492E-04
5.63038582E-01  2.39363294E-02  3.79559380E-04
5.63337197E-01  2.39663590E-02  3.78563040E-04
5.63635812E-01  2.42058877E-02  3.83400213E-04
5.63934427E-01  2.42401604E-02  3.80193960E-04
5.64233042E-01  2.43601911E-02  3.80256824E-04
5.64531657E-01  2.40830202E-02  3.79932084E-04
5.64830272E-01  2.47085802E-02  3.84479121E-04
5.65128887E-01  2.47123726E-02  3.84957792E-04
5.65427502E-01  2.38432232E-02  3.75775155E-04
5.65726117E-01  2.39016991E-02  3.77541699E-04
5.66024732E-01  2.36732289E-02  3.75387404E-04
5.66323347E-01  2.43554134E-02  3.81112011E-04
5.66621962E-01  2.40928233E-02  3.75762931E-04
5.66920577E-01  2.44287048E-02  3.81512276E-04
5.67219192E-01  2.35937219E-02  3.75545787E-04
5.67517807E-01  2.39901319E-02  3.78513796E-04
5.67816422E-01  2.41327435E-02  3.74974421E-04
5.68115037E-01  2.41873320E-02  3.77973221E-04
5.68413652E-01  2.43023559E-02  3.79307807E-04
5.68712267E-01  2.41486747E-02  3.78108496E-04
5.69010882E-01  2.40459125E-02  3.76268959E-04
5.69309497E-01  2.39612516E-02  3.75865638E-04
5.69608112E-01  2.36954335E-02  3.74377036E-04
5.69906727E-01  2.41070371E-02  3.76580516E-04
5.70205342E-01  2.40624584E-02  3.74697382E-04
5.70503957E-01  2.36143172E-02  3.74171097E-04
5.70802572E-01  2.39262413E-02  3.75686446E-04
5.71101187E-01  2.43914779E-02  3.80282174E-04
5.71399802E-01  2.36366037E-02  3.72472539E-04
5.71698417E-01  2.46546026E-02  3.81018908E-04
5.71997032E-01  2.36164890E-02  3.74629017E-04
5.72295647E-01  2.44339686E-02  3.80620972E-04
5.72594262E-01  2.42981650E-02  3.78001336E-04
5.72892877E-01  2.38260515E-02  3.71692673E-04
5.73191492E-01  2.41057370E-02  3.77714110E-04
5.73490107E-01  2.44669449E-02  3.81412421E-04
5.73788722E-01  2.36689579E-02  3.73167772E-04
5.74087337E-01  2.42078044E-02  3.78431752E-04
5.74385952E-01  2.44320147E-02  3.81145859E-04
5.74684567E-01  2.44424958E-02  3.80615296E-04
5.74983182E-01  2.37871427E-02  3.73594434E-04
5.75281797E-01  2.39440594E-02  3.73806659E-04
5.75580412E-01  2.42982879E-02  3.79846257E-04
5.75879027E-01  2.46147756E-02  3.81086633E-04
5.76177642E-01  2.39779726E-02  3.76730983E-04
5.76476257E-01  2.44572964E-02  3.78830184E-04
5.76774872E-01  2.34899484E-02  3.73138464E-04
5.77073487E-01  2.30316333E-02  3.69227579E-04
5.77372102E-01  2.39952803E-02  3.77656077E-04
5.77670717E-01  2.38899458E-02  3.74332856E-04
5.77969332E-01  2.42020693E-02  3.78065015E-04
5.78267947E-01  2.39577591E-02  3.77018849E-04
5.78566562E-01  2.43088715E-02  3.78902187E-04
5.78865177E-01  2.41578240E-02  3.76091222E-04
5.79163792E-01  2.40869801E-02  3.77605669E-04
5.79462407E-01  2.37357914E-02  3.74500843E-04
5.79761022E-01  2.34996732E-02  3.74096184E-04
5.80059637E-01  2.43675876E-02  3.77214456E-04
5.80358252E-01  2.37337165E-02  3.74748081E-04
5.80656867E-01  2.44141072E-02  3.80959216E-04
5.80955482E-01  2.46164724E-02  3.82536789E-04


### HEADER:
#
#{
#    "analysis": {},
#    "calibration_params": {
#        "Beam_Center_X": 1061.0,
#        "Beam_Center_Y": 2093.0,
#        "Detector Tilt": 0.0,
#        "Detector Tilt Plane Rotation": 0.0,
#        "Detector_X_Pixel_Size": 75.0,
#        "Detector_Y_Pixel_Size": 75.0,
#        "Integration Method": "nosplit_csr",
#        "Radial_Average_Method": "pyFAI",
#        "Sample-to-detector distance (mm)": 1782.0,
#        "Wavelength (A)": 0.8823505857220345
#    },
#    "config_file": "/Users/jwinnikoff/Documents/MBARI/SAXS/HPSAXS_7A_Feb2023/HPSAXS_02_19_23.cfg",
#    "counters": {
#        "Epoch": "106.361",
#        "I1": "0",
#        "I2": "0",
#        "I3": "0",
#        "Seconds": "1",
#        "Time": "2.09808e-05",
#        "date": "Sun Feb 19 21:24:13 2023",
#        "diode": "60833"
#    },
#    "filename": "JWL0322_35C_020MPa_dn_3_data_000001_00001.h5",
#    "history": {},
#    "imageHeader": {},
#    "load_path": "/Users/jwinnikoff/Documents/MBARI/SAXS/HPSAXS_7A_Feb2023/JWL0322_DOPE_TS+/JWL0322_35C_020MPa_dn_3_data_000001.h5",
#    "normalizations": {
#        "Absolute_scale": {
#            "Absolute_scale_factor": 0.005174693841759343,
#            "Method": "Water"
#        },
#        "Counter_norms": [
#            [
#                "/",
#                "diode/150000"
#            ]
#        ],
#        "Polarization": {
#            "Used": false
#        },
#        "Solid_Angle_Correction": "On"
#    },
#    "raw_version": "2.1.4"
#}

