### DATA:
#
# 1908
#      Q             I(Q)           Error     
1.14966775E-02  0.00000000E+00  0.00000000E+00
1.17952925E-02  5.20049095E-01  2.66080257E-02
1.20939075E-02  4.79207605E-01  1.80608165E-02
1.23925225E-02  4.31559235E-01  1.39942663E-02
1.26911375E-02  3.91999036E-01  1.25283441E-02
1.29897525E-02  3.95180166E-01  1.22246658E-02
1.32883675E-02  3.88518751E-01  1.16456682E-02
1.35869825E-02  3.72956663E-01  1.08664008E-02
1.38855975E-02  3.19787055E-01  9.42590926E-03
1.41842125E-02  3.28760594E-01  9.75847244E-03
1.44828275E-02  2.96952724E-01  9.17727966E-03
1.47814425E-02  2.93899685E-01  8.85738432E-03
1.50800575E-02  2.69059867E-01  8.16082675E-03
1.53786725E-02  2.64153361E-01  7.61593692E-03
1.56772875E-02  2.48174578E-01  7.44226109E-03
1.59759025E-02  2.32408658E-01  6.72308123E-03
1.62745175E-02  2.35217959E-01  6.66899327E-03
1.65731325E-02  2.16266602E-01  6.48540445E-03
1.68717475E-02  2.12737828E-01  5.90710528E-03
1.71703625E-02  2.03664139E-01  6.08020369E-03
1.74689775E-02  1.91987172E-01  5.44987200E-03
1.77675925E-02  1.92240536E-01  5.36282221E-03
1.80662075E-02  1.80870727E-01  5.41422330E-03
1.83648225E-02  1.79206446E-01  4.84341756E-03
1.86634375E-02  1.74401656E-01  4.99925530E-03
1.89620525E-02  1.66039169E-01  4.59626736E-03
1.92606675E-02  1.57476678E-01  4.54028836E-03
1.95592825E-02  1.55626103E-01  4.55756811E-03
1.98578975E-02  1.47694230E-01  4.11055423E-03
2.01565125E-02  1.48894995E-01  4.27337270E-03
2.04551275E-02  1.39164954E-01  3.87767982E-03
2.07537425E-02  1.41915292E-01  3.82578000E-03
2.10523575E-02  1.38991296E-01  3.57565307E-03
2.13509725E-02  1.41001910E-01  3.38026206E-03
2.16495875E-02  1.30259231E-01  3.23931733E-03
2.19482025E-02  1.24322660E-01  2.93112756E-03
2.22468175E-02  1.19500607E-01  3.00636399E-03
2.25454325E-02  1.20235778E-01  2.76568579E-03
2.28440475E-02  1.16319649E-01  2.78614950E-03
2.31426625E-02  1.14569038E-01  2.66872975E-03
2.34412775E-02  1.12416156E-01  2.54116766E-03
2.37398925E-02  1.12686962E-01  2.64069787E-03
2.40385075E-02  1.08146764E-01  2.43164622E-03
2.43371225E-02  1.07654735E-01  2.42610881E-03
2.46357375E-02  1.09719917E-01  2.51582381E-03
2.49343525E-02  1.00201450E-01  2.28617946E-03
2.52329675E-02  1.01329893E-01  2.41261651E-03
2.55315825E-02  1.00441486E-01  2.25044531E-03
2.58301975E-02  9.43806395E-02  2.19371240E-03
2.61288125E-02  9.56796780E-02  2.28262111E-03
2.64274275E-02  9.42476168E-02  2.12181173E-03
2.67260425E-02  8.84650424E-02  2.16477853E-03
2.70246575E-02  8.84683430E-02  2.02746992E-03
2.73232725E-02  8.78727958E-02  2.08571646E-03
2.76218875E-02  8.63246173E-02  2.09800340E-03
2.79205025E-02  8.63644928E-02  2.02053320E-03
2.82191175E-02  8.60975385E-02  2.01043976E-03
2.85177325E-02  8.07771236E-02  1.91460142E-03
2.88163475E-02  7.88846985E-02  1.95149193E-03
2.91149625E-02  8.15937445E-02  1.92747102E-03
2.94135775E-02  7.89264292E-02  1.87389669E-03
2.97121925E-02  8.03732350E-02  1.90663571E-03
3.00108075E-02  7.77529031E-02  1.81311660E-03
3.03094225E-02  7.90083036E-02  1.90950511E-03
3.06080375E-02  7.20902756E-02  1.76513800E-03
3.09066525E-02  7.59284571E-02  1.78618112E-03
3.12052675E-02  7.65072629E-02  1.84797996E-03
3.15038825E-02  7.55526423E-02  1.75751350E-03
3.18024975E-02  7.25388229E-02  1.74855813E-03
3.21011125E-02  7.36745745E-02  1.70508283E-03
3.23997275E-02  7.10258186E-02  1.62987295E-03
3.26983425E-02  7.11894631E-02  1.64536713E-03
3.29969575E-02  6.91575855E-02  1.53230177E-03
3.32955725E-02  7.00403452E-02  1.54205074E-03
3.35941875E-02  6.93987086E-02  1.46370393E-03
3.38928025E-02  6.86930865E-02  1.49936310E-03
3.41914175E-02  6.86257482E-02  1.45388325E-03
3.44900325E-02  6.77674711E-02  1.43505610E-03
3.47886474E-02  6.83648139E-02  1.41629821E-03
3.50872624E-02  6.66026846E-02  1.37157587E-03
3.53858774E-02  6.78310618E-02  1.42778503E-03
3.56844924E-02  6.59321398E-02  1.35346898E-03
3.59831074E-02  6.45270199E-02  1.31632981E-03
3.62817224E-02  6.66058958E-02  1.37019006E-03
3.65803374E-02  6.44959137E-02  1.30702148E-03
3.68789524E-02  6.64017573E-02  1.37093093E-03
3.71775674E-02  6.24531284E-02  1.29885389E-03
3.74761824E-02  6.45402521E-02  1.28516264E-03
3.77747974E-02  6.09159023E-02  1.25446566E-03
3.80734124E-02  6.31416813E-02  1.25706440E-03
3.83720274E-02  6.04905896E-02  1.27074344E-03
3.86706424E-02  6.21611029E-02  1.22712948E-03
3.89692574E-02  6.21381998E-02  1.26339961E-03
3.92678724E-02  6.00390472E-02  1.25135668E-03
3.95664874E-02  5.87455109E-02  1.19294063E-03
3.98651024E-02  6.14469610E-02  1.22114876E-03
4.01637174E-02  5.83543219E-02  1.17036805E-03
4.04623324E-02  6.12524562E-02  1.24154717E-03
4.07609474E-02  5.94959036E-02  1.18074392E-03
4.10595624E-02  6.11187331E-02  1.22115412E-03
4.13581774E-02  5.90196028E-02  1.17803831E-03
4.16567924E-02  5.94476908E-02  1.15853606E-03
4.19554074E-02  5.97843863E-02  1.19497092E-03
4.22540224E-02  6.07832707E-02  1.19551166E-03
4.25526374E-02  5.69292977E-02  1.14132848E-03
4.28512524E-02  5.88350557E-02  1.16419489E-03
4.31498674E-02  5.91163747E-02  1.15339411E-03
4.34484824E-02  6.07749857E-02  1.20589079E-03
4.37470974E-02  5.96322306E-02  1.14339578E-03
4.40457124E-02  5.91071770E-02  1.14389090E-03
4.43443274E-02  5.97477928E-02  1.17220159E-03
4.46429424E-02  5.67898005E-02  1.11761503E-03
4.49415574E-02  5.86295128E-02  1.17212150E-03
4.52401724E-02  5.77764995E-02  1.11211522E-03
4.55387874E-02  5.84147125E-02  1.13624940E-03
4.58374024E-02  5.83926588E-02  1.13603531E-03
4.61360174E-02  5.68207651E-02  1.10461807E-03
4.64346324E-02  5.80966622E-02  1.13871251E-03
4.67332474E-02  5.68464957E-02  1.09118596E-03
4.70318624E-02  5.81455864E-02  1.13640178E-03
4.73304774E-02  5.70938848E-02  1.11970317E-03
4.76290924E-02  5.77204637E-02  1.10208965E-03
4.79277074E-02  5.62672429E-02  1.08146260E-03
4.82263224E-02  5.71244545E-02  1.08225981E-03
4.85249374E-02  5.77047206E-02  1.12116721E-03
4.88235524E-02  5.75052388E-02  1.09163113E-03
4.91221674E-02  5.89836687E-02  1.09890499E-03
4.94207824E-02  5.72197102E-02  1.09392509E-03
4.97193974E-02  5.83116375E-02  1.08450407E-03
5.00180124E-02  5.76764718E-02  1.10854814E-03
5.03166274E-02  5.73551655E-02  1.07398385E-03
5.06152424E-02  5.65227680E-02  1.06932619E-03
5.09138574E-02  5.84795587E-02  1.10084354E-03
5.12124724E-02  5.79564311E-02  1.06706435E-03
5.15110874E-02  5.69015741E-02  1.07610761E-03
5.18097024E-02  5.93007803E-02  1.08249881E-03
5.21083174E-02  5.76908663E-02  1.06615794E-03
5.24069324E-02  5.78534566E-02  1.06843316E-03
5.27055474E-02  5.92901185E-02  1.07463263E-03
5.30041624E-02  5.96993230E-02  1.09896739E-03
5.33027774E-02  5.87083846E-02  1.06478843E-03
5.36013924E-02  6.00268915E-02  1.08284072E-03
5.39000074E-02  6.00304715E-02  1.06469810E-03
5.41986224E-02  6.03931285E-02  1.08927011E-03
5.44972374E-02  6.02812767E-02  1.07439770E-03
5.47958524E-02  6.12391867E-02  1.07536511E-03
5.50944674E-02  6.07514083E-02  1.08779909E-03
5.53930824E-02  6.29345849E-02  1.08266796E-03
5.56916974E-02  6.24928623E-02  1.07300689E-03
5.59903124E-02  6.27944097E-02  1.09811313E-03
5.62889274E-02  6.27836585E-02  1.07404916E-03
5.65875424E-02  6.30673543E-02  1.09587098E-03
5.68861574E-02  6.17732182E-02  1.06537226E-03
5.71847724E-02  6.30899966E-02  1.06947555E-03
5.74833874E-02  6.33705333E-02  1.08345482E-03
5.77820024E-02  6.45679384E-02  1.08049309E-03
5.80806174E-02  6.34044558E-02  1.09726505E-03
5.83792324E-02  6.43674210E-02  1.06614758E-03
5.86778474E-02  6.59434050E-02  1.09631929E-03
5.89764624E-02  6.60085455E-02  1.10880029E-03
5.92750774E-02  6.58125579E-02  1.06232229E-03
5.95736924E-02  6.59800619E-02  1.09662581E-03
5.98723074E-02  6.71848133E-02  1.08362606E-03
6.01709224E-02  6.69954047E-02  1.08071172E-03
6.04695374E-02  6.98569268E-02  1.12090772E-03
6.07681524E-02  6.90099224E-02  1.10250188E-03
6.10667674E-02  7.06571564E-02  1.12140086E-03
6.13653824E-02  7.25300014E-02  1.11034093E-03
6.16639974E-02  7.13192001E-02  1.11504330E-03
6.19626124E-02  7.23588020E-02  1.12458214E-03
6.22612274E-02  7.11734667E-02  1.09445851E-03
6.25598424E-02  7.34527260E-02  1.13597256E-03
6.28584574E-02  7.48251230E-02  1.12777494E-03
6.31570724E-02  7.71943033E-02  1.15563441E-03
6.34556874E-02  7.71212503E-02  1.12409226E-03
6.37543024E-02  7.81751275E-02  1.14703248E-03
6.40529174E-02  7.72118643E-02  1.15576782E-03
6.43515324E-02  8.01947340E-02  1.15534710E-03
6.46501474E-02  8.04945603E-02  1.18233799E-03
6.49487624E-02  8.14029202E-02  1.14527112E-03
6.52473774E-02  8.16275105E-02  1.15647085E-03
6.55459924E-02  8.69015455E-02  1.20638427E-03
6.58446074E-02  8.60351399E-02  1.18728471E-03
6.61432224E-02  8.77223611E-02  1.21206965E-03
6.64418374E-02  8.99105445E-02  1.19657570E-03
6.67404524E-02  9.29880887E-02  1.23284745E-03
6.70390674E-02  9.49791521E-02  1.25200371E-03
6.73376824E-02  9.67491493E-02  1.23050297E-03
6.76362974E-02  9.98753756E-02  1.28076936E-03
6.79349124E-02  9.88744497E-02  1.24609668E-03
6.82335274E-02  1.03479087E-01  1.28369755E-03
6.85321424E-02  1.02892190E-01  1.29529205E-03
6.88307574E-02  1.07155107E-01  1.29573606E-03
6.91293724E-02  1.10234022E-01  1.33433333E-03
6.94279874E-02  1.14710644E-01  1.32846704E-03
6.97266024E-02  1.17334336E-01  1.36694277E-03
7.00252174E-02  1.19517930E-01  1.36844616E-03
7.03238324E-02  1.24299943E-01  1.38444745E-03
7.06224474E-02  1.28802001E-01  1.43051532E-03
7.09210624E-02  1.34361342E-01  1.44266209E-03
7.12196774E-02  1.36883110E-01  1.45283644E-03
7.15182924E-02  1.43726185E-01  1.45609444E-03
7.18169074E-02  1.46335602E-01  1.50901545E-03
7.21155224E-02  1.51923016E-01  1.53231074E-03
7.24141374E-02  1.59998357E-01  1.56365940E-03
7.27127524E-02  1.63360789E-01  1.57295971E-03
7.30113674E-02  1.70997128E-01  1.59691880E-03
7.33099824E-02  1.79465264E-01  1.64501718E-03
7.36085974E-02  1.89849511E-01  1.69759034E-03
7.39072124E-02  1.99121118E-01  1.70650857E-03
7.42058274E-02  2.08204523E-01  1.78173988E-03
7.45044424E-02  2.19770074E-01  1.79861684E-03
7.48030574E-02  2.32531667E-01  1.86222082E-03
7.51016724E-02  2.41264775E-01  1.89479499E-03
7.54002874E-02  2.55449265E-01  1.91850320E-03
7.56989024E-02  2.72023767E-01  2.01416202E-03
7.59975174E-02  2.92869300E-01  2.05640076E-03
7.62961324E-02  3.14115733E-01  2.13649566E-03
7.65947474E-02  3.32173586E-01  2.19004974E-03
7.68933624E-02  3.57855082E-01  2.27554981E-03
7.71919774E-02  3.89369905E-01  2.39927066E-03
7.74905924E-02  4.15047020E-01  2.42249924E-03
7.77892074E-02  4.46328878E-01  2.52793380E-03
7.80878224E-02  4.87692684E-01  2.62052706E-03
7.83864374E-02  5.32045186E-01  2.73286039E-03
7.86850524E-02  5.73653162E-01  2.88417283E-03
7.89836674E-02  6.32896662E-01  2.99145817E-03
7.92822824E-02  6.89258695E-01  3.09620518E-03
7.95808974E-02  7.64727831E-01  3.23173800E-03
7.98795124E-02  8.43831241E-01  3.46137839E-03
8.01781274E-02  9.31848645E-01  3.66815552E-03
8.04767424E-02  1.01856995E+00  3.73724871E-03
8.07753574E-02  1.12234020E+00  3.96312121E-03
8.10739724E-02  1.24655437E+00  4.13024565E-03
8.13725874E-02  1.38188756E+00  4.33129724E-03
8.16712024E-02  1.51876342E+00  4.61495947E-03
8.19698174E-02  1.67461658E+00  4.72120242E-03
8.22684324E-02  1.83494055E+00  5.04672434E-03
8.25670474E-02  2.00878501E+00  5.21695521E-03
8.28656624E-02  2.17531061E+00  5.46710612E-03
8.31642774E-02  2.34790444E+00  5.60127804E-03
8.34628924E-02  2.52066422E+00  5.80940116E-03
8.37615074E-02  2.68942738E+00  6.09124359E-03
8.40601224E-02  2.84378695E+00  6.13445276E-03
8.43587374E-02  2.97535372E+00  6.29929174E-03
8.46573524E-02  3.10029769E+00  6.39893906E-03
8.49559674E-02  3.16769719E+00  6.51249336E-03
8.52545824E-02  3.22798300E+00  6.58714399E-03
8.55531974E-02  3.23223996E+00  6.48358278E-03
8.58518124E-02  3.20934105E+00  6.49165595E-03
8.61504274E-02  3.14488554E+00  6.35904213E-03
8.64490424E-02  3.03468752E+00  6.34939969E-03
8.67476574E-02  2.90910435E+00  6.20454410E-03
8.70462724E-02  2.74928474E+00  5.93167450E-03
8.73448874E-02  2.57185984E+00  5.78071550E-03
8.76435024E-02  2.37850976E+00  5.50430594E-03
8.79421174E-02  2.17565322E+00  5.35012502E-03
8.82407324E-02  1.98885512E+00  5.09564346E-03
8.85393474E-02  1.78326225E+00  4.75715939E-03
8.88379624E-02  1.59857070E+00  4.53804433E-03
8.91365774E-02  1.42291939E+00  4.22586780E-03
8.94351924E-02  1.26277757E+00  4.01065731E-03
8.97338074E-02  1.11925495E+00  3.75485327E-03
9.00324224E-02  9.85338926E-01  3.51333618E-03
9.03310374E-02  8.79678786E-01  3.35689238E-03
9.06296524E-02  7.80401230E-01  3.12383007E-03
9.09282674E-02  6.93949103E-01  2.94302613E-03
9.12268824E-02  6.18815362E-01  2.77406443E-03
9.15254974E-02  5.59686601E-01  2.62862188E-03
9.18241124E-02  5.05018473E-01  2.53397692E-03
9.21227274E-02  4.57218796E-01  2.38887686E-03
9.24213424E-02  4.19516951E-01  2.24942877E-03
9.27199574E-02  3.84463429E-01  2.17273389E-03
9.30185724E-02  3.54086220E-01  2.08890438E-03
9.33171874E-02  3.30373585E-01  2.03813962E-03
9.36158024E-02  3.07134569E-01  1.89799094E-03
9.39144174E-02  2.88075417E-01  1.88586931E-03
9.42130324E-02  2.72725970E-01  1.82504021E-03
9.45116474E-02  2.56261170E-01  1.76121388E-03
9.48102624E-02  2.41803750E-01  1.71846780E-03
9.51088774E-02  2.28018641E-01  1.63678313E-03
9.54074924E-02  2.19073460E-01  1.62553368E-03
9.57061074E-02  2.07921579E-01  1.57942961E-03
9.60047224E-02  2.00236231E-01  1.55133347E-03
9.63033374E-02  1.92461088E-01  1.50636304E-03
9.66019524E-02  1.85427457E-01  1.48632389E-03
9.69005674E-02  1.79955855E-01  1.46040355E-03
9.71991824E-02  1.74541071E-01  1.43452489E-03
9.74977974E-02  1.66537791E-01  1.39642367E-03
9.77964124E-02  1.63202435E-01  1.37764052E-03
9.80950274E-02  1.56656265E-01  1.35904644E-03
9.83936424E-02  1.56202257E-01  1.35766470E-03
9.86922574E-02  1.50324985E-01  1.33072655E-03
9.89908724E-02  1.48042485E-01  1.30653416E-03
9.92894874E-02  1.43101156E-01  1.28075562E-03
9.95881024E-02  1.41722858E-01  1.28489011E-03
9.98867174E-02  1.33808792E-01  1.25279464E-03
1.00185332E-01  1.34990305E-01  1.23003428E-03
1.00483947E-01  1.31955564E-01  1.23560627E-03
1.00782562E-01  1.28985986E-01  1.20684772E-03
1.01081177E-01  1.27169624E-01  1.21042575E-03
1.01379792E-01  1.24036394E-01  1.19089731E-03
1.01678407E-01  1.24396749E-01  1.17981853E-03
1.01977022E-01  1.21407010E-01  1.17820909E-03
1.02275637E-01  1.19326219E-01  1.16806990E-03
1.02574252E-01  1.17289692E-01  1.15322904E-03
1.02872867E-01  1.17135264E-01  1.14019495E-03
1.03171482E-01  1.16202459E-01  1.13472249E-03
1.03470097E-01  1.12124264E-01  1.11645216E-03
1.03768712E-01  1.11480765E-01  1.12337805E-03
1.04067327E-01  1.10255741E-01  1.09730288E-03
1.04365942E-01  1.12308107E-01  1.12011668E-03
1.04664557E-01  1.07406497E-01  1.09450414E-03
1.04963172E-01  1.06198028E-01  1.08039589E-03
1.05261787E-01  1.06217988E-01  1.08312420E-03
1.05560402E-01  1.05874307E-01  1.07014738E-03
1.05859017E-01  1.05583511E-01  1.08252349E-03
1.06157632E-01  1.03370056E-01  1.06420135E-03
1.06456247E-01  1.03753708E-01  1.06617541E-03
1.06754862E-01  1.01972066E-01  1.04445370E-03
1.07053477E-01  1.01970151E-01  1.05107110E-03
1.07352092E-01  1.00041881E-01  1.04108674E-03
1.07650707E-01  9.88667831E-02  1.03577960E-03
1.07949322E-01  1.00121304E-01  1.04067428E-03
1.08247937E-01  1.00664683E-01  1.04266766E-03
1.08546552E-01  9.72021893E-02  1.02866662E-03
1.08845167E-01  9.80052277E-02  1.01599377E-03
1.09143782E-01  9.66132879E-02  1.02066423E-03
1.09442397E-01  9.58876908E-02  1.00418355E-03
1.09741012E-01  9.75949988E-02  1.01622869E-03
1.10039627E-01  9.62335914E-02  1.01705024E-03
1.10338242E-01  9.55325663E-02  1.00700161E-03
1.10636857E-01  9.69466791E-02  1.00200938E-03
1.10935472E-01  9.45246816E-02  9.88663174E-04
1.11234087E-01  9.51102600E-02  1.00088341E-03
1.11532702E-01  9.56891924E-02  1.00315048E-03
1.11831317E-01  9.33134481E-02  9.85308434E-04
1.12129932E-01  9.52484608E-02  9.97379771E-04
1.12428547E-01  9.53113288E-02  9.97327501E-04
1.12727162E-01  9.38525200E-02  9.85521823E-04
1.13025777E-01  9.38044488E-02  9.84149287E-04
1.13324392E-01  9.35416147E-02  9.81283723E-04
1.13623007E-01  9.49503481E-02  9.90895671E-04
1.13921622E-01  9.48878154E-02  9.91323264E-04
1.14220237E-01  9.34646577E-02  9.74277616E-04
1.14518852E-01  9.27456170E-02  9.62659251E-04
1.14817467E-01  9.35349837E-02  9.80513054E-04
1.15116082E-01  9.24499929E-02  9.74075694E-04
1.15414697E-01  9.32286903E-02  9.73777322E-04
1.15713312E-01  9.36780572E-02  9.66781226E-04
1.16011927E-01  9.25101563E-02  9.64275445E-04
1.16310542E-01  9.30324271E-02  9.75673785E-04
1.16609157E-01  9.31534171E-02  9.65488842E-04
1.16907772E-01  9.29862484E-02  9.68186592E-04
1.17206387E-01  9.47053209E-02  9.73142567E-04
1.17505002E-01  9.44071263E-02  9.65602812E-04
1.17803617E-01  9.40535069E-02  9.74451541E-04
1.18102232E-01  9.45434868E-02  9.67706437E-04
1.18400847E-01  9.36870500E-02  9.64718696E-04
1.18699462E-01  9.34867263E-02  9.61585902E-04
1.18998077E-01  9.44142863E-02  9.57349606E-04
1.19296692E-01  9.56391171E-02  9.81908757E-04
1.19595307E-01  9.68922973E-02  9.70525667E-04
1.19893922E-01  9.53661278E-02  9.60797712E-04
1.20192537E-01  9.54165310E-02  9.72171430E-04
1.20491152E-01  9.68197733E-02  9.65354149E-04
1.20789767E-01  9.72007215E-02  9.76263254E-04
1.21088382E-01  9.67262685E-02  9.72479465E-04
1.21386997E-01  9.80331749E-02  9.71387606E-04
1.21685612E-01  9.83779952E-02  9.82160680E-04
1.21984227E-01  9.70131531E-02  9.69066168E-04
1.22282842E-01  9.87651497E-02  9.70902271E-04
1.22581457E-01  9.82567966E-02  9.61685670E-04
1.22880072E-01  9.89269018E-02  9.82077094E-04
1.23178687E-01  9.80384350E-02  9.68685490E-04
1.23477302E-01  9.89105701E-02  9.75732226E-04
1.23775917E-01  1.00189932E-01  9.70433641E-04
1.24074532E-01  1.00429490E-01  9.81119811E-04
1.24373147E-01  1.00998454E-01  9.82514350E-04
1.24671762E-01  1.00812979E-01  9.76148003E-04
1.24970377E-01  1.02709912E-01  9.82566387E-04
1.25268992E-01  1.02746099E-01  9.81386867E-04
1.25567607E-01  1.04866765E-01  9.86721832E-04
1.25866222E-01  1.06239282E-01  1.00910617E-03
1.26164837E-01  1.05774537E-01  9.95748327E-04
1.26463452E-01  1.07727058E-01  1.00009132E-03
1.26762067E-01  1.06912069E-01  1.00040226E-03
1.27060682E-01  1.08943753E-01  1.00709929E-03
1.27359297E-01  1.09758735E-01  1.02605147E-03
1.27657912E-01  1.09383635E-01  1.00028340E-03
1.27956527E-01  1.11473098E-01  1.01423031E-03
1.28255142E-01  1.10601544E-01  1.01752323E-03
1.28553757E-01  1.11900993E-01  1.00567134E-03
1.28852372E-01  1.14885800E-01  1.02307810E-03
1.29150987E-01  1.16443992E-01  1.02999399E-03
1.29449602E-01  1.18877746E-01  1.04702543E-03
1.29748217E-01  1.17142469E-01  1.03865378E-03
1.30046832E-01  1.20682374E-01  1.04578072E-03
1.30345447E-01  1.22279249E-01  1.04988774E-03
1.30644062E-01  1.23080499E-01  1.05193164E-03
1.30942677E-01  1.23124562E-01  1.05984451E-03
1.31241292E-01  1.25658736E-01  1.06712931E-03
1.31539907E-01  1.28505036E-01  1.07345020E-03
1.31838522E-01  1.29963204E-01  1.08453399E-03
1.32137137E-01  1.30466878E-01  1.09651522E-03
1.32435752E-01  1.35082975E-01  1.13037182E-03
1.32734367E-01  1.36774868E-01  1.13585347E-03
1.33032982E-01  1.37885347E-01  1.15249120E-03
1.33331597E-01  1.40929684E-01  1.16514589E-03
1.33630212E-01  1.44283369E-01  1.18396373E-03
1.33928827E-01  1.47547692E-01  1.21563033E-03
1.34227442E-01  1.49106637E-01  1.19258603E-03
1.34526057E-01  1.53733596E-01  1.23541581E-03
1.34824672E-01  1.58234656E-01  1.26260880E-03
1.35123287E-01  1.60158023E-01  1.26281043E-03
1.35421902E-01  1.63606197E-01  1.28767907E-03
1.35720517E-01  1.68478131E-01  1.29330996E-03
1.36019132E-01  1.72775850E-01  1.33323262E-03
1.36317747E-01  1.74140483E-01  1.32553733E-03
1.36616362E-01  1.82032093E-01  1.35124335E-03
1.36914977E-01  1.88821808E-01  1.39167253E-03
1.37213592E-01  1.94330990E-01  1.41396141E-03
1.37512207E-01  1.98528394E-01  1.44339446E-03
1.37810822E-01  2.07274348E-01  1.46029424E-03
1.38109437E-01  2.16112360E-01  1.49110390E-03
1.38408052E-01  2.20038205E-01  1.51030277E-03
1.38706667E-01  2.28462875E-01  1.54247147E-03
1.39005282E-01  2.34259218E-01  1.57890888E-03
1.39303897E-01  2.43184626E-01  1.57699455E-03
1.39602512E-01  2.52276689E-01  1.63722865E-03
1.39901127E-01  2.62402683E-01  1.66716648E-03
1.40199742E-01  2.73242325E-01  1.69337238E-03
1.40498357E-01  2.83580959E-01  1.74334017E-03
1.40796972E-01  2.99595654E-01  1.76839565E-03
1.41095587E-01  3.11045736E-01  1.82797387E-03
1.41394202E-01  3.23868990E-01  1.85361772E-03
1.41692817E-01  3.36647421E-01  1.90171995E-03
1.41991432E-01  3.51419657E-01  1.94299861E-03
1.42290047E-01  3.68555307E-01  1.97583414E-03
1.42588662E-01  3.79468024E-01  2.03191536E-03
1.42887277E-01  3.98987412E-01  2.07197014E-03
1.43185892E-01  4.16402847E-01  2.11005332E-03
1.43484507E-01  4.31963563E-01  2.16619042E-03
1.43783122E-01  4.48686004E-01  2.18946766E-03
1.44081737E-01  4.69281703E-01  2.24621571E-03
1.44380352E-01  4.83757019E-01  2.26193015E-03
1.44678967E-01  4.99760926E-01  2.27359077E-03
1.44977582E-01  5.20131528E-01  2.36572558E-03
1.45276197E-01  5.30705452E-01  2.35457835E-03
1.45574812E-01  5.53864300E-01  2.43356358E-03
1.45873427E-01  5.72761834E-01  2.41753459E-03
1.46172042E-01  5.85897863E-01  2.46269070E-03
1.46470657E-01  6.00065708E-01  2.52217520E-03
1.46769272E-01  6.10827088E-01  2.51454348E-03
1.47067887E-01  6.20586634E-01  2.52879714E-03
1.47366502E-01  6.29126787E-01  2.53371382E-03
1.47665117E-01  6.34150982E-01  2.54763360E-03
1.47963732E-01  6.38577044E-01  2.58581969E-03
1.48262347E-01  6.40633523E-01  2.56255455E-03
1.48560962E-01  6.44975007E-01  2.57510459E-03
1.48859577E-01  6.38476253E-01  2.52798945E-03
1.49158192E-01  6.30297661E-01  2.56409287E-03
1.49456807E-01  6.20484054E-01  2.51439027E-03
1.49755422E-01  6.10290587E-01  2.48715212E-03
1.50054037E-01  6.00525022E-01  2.48292903E-03
1.50352652E-01  5.83242357E-01  2.41618557E-03
1.50651267E-01  5.64718664E-01  2.41141254E-03
1.50949882E-01  5.44140518E-01  2.33037141E-03
1.51248497E-01  5.19518316E-01  2.28796108E-03
1.51547112E-01  5.05043685E-01  2.29525007E-03
1.51845727E-01  4.78519380E-01  2.16951454E-03
1.52144342E-01  4.56286699E-01  2.17087497E-03
1.52442957E-01  4.35357571E-01  2.05751415E-03
1.52741572E-01  4.11648661E-01  2.02989578E-03
1.53040187E-01  3.84148329E-01  1.98888453E-03
1.53338802E-01  3.64595383E-01  1.89854810E-03
1.53637417E-01  3.48766714E-01  1.87952269E-03
1.53936032E-01  3.27855289E-01  1.79580017E-03
1.54234647E-01  3.09534222E-01  1.74869725E-03
1.54533262E-01  2.95629144E-01  1.73560507E-03
1.54831877E-01  2.75124371E-01  1.65103690E-03
1.55130492E-01  2.63387471E-01  1.61779323E-03
1.55429107E-01  2.48044521E-01  1.56144972E-03
1.55727722E-01  2.36943766E-01  1.54119753E-03
1.56026337E-01  2.27707371E-01  1.50204578E-03
1.56324952E-01  2.18608230E-01  1.46693806E-03
1.56623567E-01  2.10457116E-01  1.45572750E-03
1.56922182E-01  2.00072035E-01  1.39883149E-03
1.57220797E-01  1.95816323E-01  1.40262954E-03
1.57519412E-01  1.91419154E-01  1.36972778E-03
1.57818027E-01  1.85233176E-01  1.34644727E-03
1.58116642E-01  1.81604639E-01  1.35127583E-03
1.58415257E-01  1.78324386E-01  1.32110261E-03
1.58713872E-01  1.76293418E-01  1.32600183E-03
1.59012487E-01  1.74088523E-01  1.29880640E-03
1.59311102E-01  1.68422446E-01  1.29701628E-03
1.59609717E-01  1.69734299E-01  1.30445266E-03
1.59908332E-01  1.67804092E-01  1.26706855E-03
1.60206947E-01  1.68749943E-01  1.28331594E-03
1.60505562E-01  1.69687331E-01  1.28687709E-03
1.60804177E-01  1.69450536E-01  1.28460117E-03
1.61102792E-01  1.69942558E-01  1.28692668E-03
1.61401407E-01  1.71623513E-01  1.28821936E-03
1.61700022E-01  1.72179505E-01  1.28847861E-03
1.61998637E-01  1.77513808E-01  1.31107401E-03
1.62297252E-01  1.75670803E-01  1.31031952E-03
1.62595867E-01  1.80641025E-01  1.32777635E-03
1.62894482E-01  1.85361698E-01  1.32986007E-03
1.63193097E-01  1.87531218E-01  1.35724805E-03
1.63491712E-01  1.91456467E-01  1.34871982E-03
1.63790327E-01  1.98870197E-01  1.39617349E-03
1.64088942E-01  2.01242983E-01  1.38084043E-03
1.64387557E-01  2.05890507E-01  1.40750431E-03
1.64686172E-01  2.09552750E-01  1.43681024E-03
1.64984787E-01  2.15003297E-01  1.42926385E-03
1.65283402E-01  2.21749410E-01  1.46071229E-03
1.65582017E-01  2.28130937E-01  1.46918523E-03
1.65880632E-01  2.32100040E-01  1.48812658E-03
1.66179247E-01  2.37122118E-01  1.51640386E-03
1.66477862E-01  2.46003628E-01  1.52301602E-03
1.66776477E-01  2.50671238E-01  1.55087351E-03
1.67075092E-01  2.60157347E-01  1.58329657E-03
1.67373707E-01  2.64410824E-01  1.59113389E-03
1.67672322E-01  2.73793250E-01  1.61798357E-03
1.67970937E-01  2.78077185E-01  1.61536329E-03
1.68269552E-01  2.83840925E-01  1.64510217E-03
1.68568167E-01  2.90952206E-01  1.64893758E-03
1.68866782E-01  2.99496442E-01  1.69760641E-03
1.69165397E-01  3.01690072E-01  1.69073092E-03
1.69464012E-01  3.06851476E-01  1.69456215E-03
1.69762627E-01  3.11137170E-01  1.71760109E-03
1.70061242E-01  3.18074644E-01  1.73063565E-03
1.70359857E-01  3.20247144E-01  1.75668532E-03
1.70658472E-01  3.26613039E-01  1.74231420E-03
1.70957087E-01  3.25056493E-01  1.74471806E-03
1.71255702E-01  3.28406036E-01  1.77516765E-03
1.71554317E-01  3.26612204E-01  1.73055520E-03
1.71852932E-01  3.28446001E-01  1.75742630E-03
1.72151547E-01  3.28978866E-01  1.75281602E-03
1.72450162E-01  3.20909590E-01  1.73535640E-03
1.72748777E-01  3.21833372E-01  1.74205925E-03
1.73047392E-01  3.15291941E-01  1.71656255E-03
1.73346007E-01  3.13798994E-01  1.71544030E-03
1.73644622E-01  3.07953775E-01  1.69126247E-03
1.73943237E-01  3.03052694E-01  1.67832500E-03
1.74241852E-01  2.90701151E-01  1.65395509E-03
1.74540467E-01  2.84541696E-01  1.61582767E-03
1.74839082E-01  2.73819953E-01  1.60466484E-03
1.75137697E-01  2.66508013E-01  1.56801974E-03
1.75436312E-01  2.54075289E-01  1.54095434E-03
1.75734927E-01  2.46485338E-01  1.49936799E-03
1.76033542E-01  2.36005351E-01  1.47158850E-03
1.76332157E-01  2.30068326E-01  1.47497875E-03
1.76630772E-01  2.18761131E-01  1.41300983E-03
1.76929387E-01  2.07896829E-01  1.39871857E-03
1.77228002E-01  2.01436073E-01  1.35049119E-03
1.77526617E-01  1.90274730E-01  1.32224534E-03
1.77825232E-01  1.83093295E-01  1.30145031E-03
1.78123847E-01  1.76026046E-01  1.27092132E-03
1.78422462E-01  1.68190137E-01  1.24231342E-03
1.78721077E-01  1.60226330E-01  1.21582625E-03
1.79019692E-01  1.55109972E-01  1.19666383E-03
1.79318307E-01  1.46799371E-01  1.16456102E-03
1.79616922E-01  1.42104164E-01  1.12869986E-03
1.79915537E-01  1.35890886E-01  1.11856661E-03
1.80214152E-01  1.31563649E-01  1.09107280E-03
1.80512767E-01  1.25208914E-01  1.07516069E-03
1.80811382E-01  1.24534331E-01  1.06936810E-03
1.81109997E-01  1.18533373E-01  1.03358156E-03
1.81408612E-01  1.12400219E-01  1.01662427E-03
1.81707227E-01  1.11080401E-01  1.00489252E-03
1.82005842E-01  1.08608060E-01  9.93648078E-04
1.82304457E-01  1.03588194E-01  9.64958512E-04
1.82603072E-01  1.01447165E-01  9.59056662E-04
1.82901687E-01  9.97586399E-02  9.57757758E-04
1.83200302E-01  9.58788916E-02  9.30512208E-04
1.83498917E-01  9.52123553E-02  9.23608546E-04
1.83797532E-01  9.28110406E-02  9.10393544E-04
1.84096147E-01  9.00521651E-02  9.05104040E-04
1.84394762E-01  8.83459747E-02  8.97990016E-04
1.84693377E-01  8.69318247E-02  8.84576119E-04
1.84991992E-01  8.62777159E-02  8.85937014E-04
1.85290607E-01  8.32375959E-02  8.59078777E-04
1.85589222E-01  8.36550295E-02  8.67462251E-04
1.85887837E-01  8.18646774E-02  8.55593302E-04
1.86186452E-01  8.01989436E-02  8.45183327E-04
1.86485067E-01  8.08667317E-02  8.53168953E-04
1.86783682E-01  7.77494535E-02  8.34089122E-04
1.87082297E-01  7.65599087E-02  8.31240497E-04
1.87380912E-01  7.64500946E-02  8.25198542E-04
1.87679527E-01  7.54794404E-02  8.13065330E-04
1.87978142E-01  7.42808655E-02  8.16618500E-04
1.88276757E-01  7.36541823E-02  8.11299367E-04
1.88575372E-01  7.32017308E-02  8.11202219E-04
1.88873987E-01  7.01650977E-02  7.89269223E-04
1.89172602E-01  7.01256022E-02  7.84714997E-04
1.89471217E-01  7.16441870E-02  7.99110741E-04
1.89769832E-01  6.74964041E-02  7.77672394E-04
1.90068447E-01  6.83594719E-02  7.71549589E-04
1.90367062E-01  6.66780025E-02  7.69162492E-04
1.90665677E-01  6.61725923E-02  7.64503086E-04
1.90964292E-01  6.54765815E-02  7.58998969E-04
1.91262907E-01  6.67230412E-02  7.69426115E-04
1.91561522E-01  6.67151585E-02  7.59796589E-04
1.91860137E-01  6.48893416E-02  7.59524351E-04
1.92158752E-01  6.57678172E-02  7.60690193E-04
1.92457367E-01  6.52061552E-02  7.58416194E-04
1.92755982E-01  6.45048320E-02  7.51174288E-04
1.93054597E-01  6.35106266E-02  7.45843048E-04
1.93353212E-01  6.28904328E-02  7.38406961E-04
1.93651827E-01  6.22820705E-02  7.42664619E-04
1.93950442E-01  6.16105795E-02  7.34605419E-04
1.94249057E-01  6.01472519E-02  7.20752927E-04
1.94547672E-01  6.17604591E-02  7.35974056E-04
1.94846287E-01  6.03611618E-02  7.26189581E-04
1.95144902E-01  6.14150502E-02  7.36527028E-04
1.95443517E-01  6.02223910E-02  7.14004680E-04
1.95742132E-01  5.99651597E-02  7.22419354E-04
1.96040747E-01  5.98902144E-02  7.23356090E-04
1.96339362E-01  5.78785799E-02  7.12706067E-04
1.96637977E-01  5.80797344E-02  7.06924009E-04
1.96936592E-01  5.84130548E-02  7.10297434E-04
1.97235207E-01  5.84753938E-02  7.13167596E-04
1.97533822E-01  5.72198145E-02  7.02784921E-04
1.97832437E-01  5.78018762E-02  7.08598993E-04
1.98131052E-01  5.71825095E-02  7.01006094E-04
1.98429667E-01  5.62234372E-02  6.95762166E-04
1.98728282E-01  5.64770848E-02  6.99544093E-04
1.99026897E-01  5.54858670E-02  6.89012930E-04
1.99325512E-01  5.62584698E-02  6.95982540E-04
1.99624127E-01  5.50098866E-02  6.87999942E-04
1.99922742E-01  5.58397397E-02  6.91862078E-04
2.00221357E-01  5.54128587E-02  6.93148293E-04
2.00519972E-01  5.50638363E-02  6.84036000E-04
2.00818587E-01  5.51817603E-02  6.84129831E-04
2.01117202E-01  5.45463301E-02  6.86837710E-04
2.01415817E-01  5.55038489E-02  6.85912557E-04
2.01714432E-01  5.49314767E-02  6.85573090E-04
2.02013047E-01  5.38674630E-02  6.76148804E-04
2.02311662E-01  5.46922907E-02  6.84081286E-04
2.02610277E-01  5.42891659E-02  6.83274644E-04
2.02908892E-01  5.47318980E-02  6.78604702E-04
2.03207507E-01  5.32409772E-02  6.72001101E-04
2.03506122E-01  5.48517145E-02  6.81033183E-04
2.03804737E-01  5.27685545E-02  6.68599503E-04
2.04103352E-01  5.31584248E-02  6.73161179E-04
2.04401967E-01  5.29749505E-02  6.71160698E-04
2.04700582E-01  5.23498431E-02  6.61438564E-04
2.04999197E-01  5.32287657E-02  6.68817083E-04
2.05297812E-01  5.38120307E-02  6.78992481E-04
2.05596427E-01  5.32925874E-02  6.70254230E-04
2.05895042E-01  5.17532900E-02  6.62144739E-04
2.06193657E-01  5.28930239E-02  6.65071188E-04
2.06492272E-01  5.22215031E-02  6.60027727E-04
2.06790887E-01  5.20589314E-02  6.66382490E-04
2.07089502E-01  5.25770187E-02  6.58655132E-04
2.07388117E-01  5.03335819E-02  6.52802642E-04
2.07686732E-01  5.29625490E-02  6.66947861E-04
2.07985347E-01  5.15801050E-02  6.55967917E-04
2.08283962E-01  5.25550358E-02  6.63766346E-04
2.08582577E-01  5.07227667E-02  6.47530542E-04
2.08881192E-01  5.22230342E-02  6.60047110E-04
2.09179807E-01  5.11915348E-02  6.56517630E-04
2.09478422E-01  5.16976789E-02  6.51950715E-04
2.09777037E-01  5.02788648E-02  6.49638940E-04
2.10075652E-01  5.01691662E-02  6.42824743E-04
2.10374267E-01  5.12664244E-02  6.58019388E-04
2.10672882E-01  5.14377765E-02  6.57086901E-04
2.10971497E-01  5.10824434E-02  6.44192100E-04
2.11270112E-01  5.13935871E-02  6.56201271E-04
2.11568727E-01  5.07439151E-02  6.45333668E-04
2.11867342E-01  5.11237569E-02  6.53876225E-04
2.12165957E-01  5.03864028E-02  6.43446285E-04
2.12464572E-01  5.12552932E-02  6.48385787E-04
2.12763187E-01  5.12153953E-02  6.51277078E-04
2.13061802E-01  4.96426374E-02  6.40616810E-04
2.13360417E-01  5.00067286E-02  6.45315275E-04
2.13659032E-01  5.10473475E-02  6.45136111E-04
2.13957647E-01  5.17011918E-02  6.50033820E-04
2.14256262E-01  4.97789159E-02  6.40723738E-04
2.14554877E-01  5.15959561E-02  6.48403307E-04
2.14853492E-01  5.15056290E-02  6.48806978E-04
2.15152107E-01  5.07384911E-02  6.43187552E-04
2.15450722E-01  5.17519489E-02  6.56087417E-04
2.15749337E-01  5.03305458E-02  6.42523402E-04
2.16047952E-01  5.08146696E-02  6.43481500E-04
2.16346567E-01  5.07777855E-02  6.43633946E-04
2.16645182E-01  5.26755117E-02  6.51856768E-04
2.16943797E-01  5.22643700E-02  6.52794843E-04
2.17242412E-01  5.23995906E-02  6.57983182E-04
2.17541027E-01  5.21219112E-02  6.45946420E-04
2.17839642E-01  5.16493917E-02  6.54051837E-04
2.18138257E-01  5.25615364E-02  6.47527631E-04
2.18436872E-01  5.20319082E-02  6.50958507E-04
2.18735487E-01  5.27022146E-02  6.51837909E-04
2.19034102E-01  5.29989041E-02  6.54058298E-04
2.19332717E-01  5.22837155E-02  6.53904164E-04
2.19631332E-01  5.26838265E-02  6.53663592E-04
2.19929947E-01  5.28752767E-02  6.52333954E-04
2.20228562E-01  5.38856946E-02  6.56410819E-04
2.20527177E-01  5.26102073E-02  6.52047922E-04
2.20825792E-01  5.16985618E-02  6.47142704E-04
2.21124407E-01  5.22953160E-02  6.48943183E-04
2.21423022E-01  5.27046509E-02  6.50327886E-04
2.21721637E-01  5.22728302E-02  6.46329427E-04
2.22020252E-01  5.20427376E-02  6.44717715E-04
2.22318867E-01  5.21236844E-02  6.49418624E-04
2.22617482E-01  5.30729145E-02  6.47664245E-04
2.22916097E-01  5.38532026E-02  6.61285943E-04
2.23214712E-01  5.22844121E-02  6.44897111E-04
2.23513327E-01  5.36407754E-02  6.57637080E-04
2.23811942E-01  5.24230748E-02  6.46509056E-04
2.24110557E-01  5.22980914E-02  6.43111940E-04
2.24409172E-01  5.17260507E-02  6.44464453E-04
2.24707787E-01  5.23863211E-02  6.42353960E-04
2.25006402E-01  5.25372326E-02  6.50843664E-04
2.25305017E-01  5.30126020E-02  6.42117287E-04
2.25603632E-01  5.16984314E-02  6.42973522E-04
2.25902247E-01  5.21167815E-02  6.46329660E-04
2.26200862E-01  5.13906665E-02  6.38257945E-04
2.26499477E-01  5.04050478E-02  6.29915448E-04
2.26798092E-01  5.13304584E-02  6.39188511E-04
2.27096707E-01  5.06416038E-02  6.33961812E-04
2.27395322E-01  5.11958674E-02  6.39848353E-04
2.27693937E-01  5.02564795E-02  6.26106164E-04
2.27992552E-01  4.91039418E-02  6.21021842E-04
2.28291167E-01  4.85298559E-02  6.17026817E-04
2.28589782E-01  4.87505980E-02  6.23472384E-04
2.28888397E-01  4.87277880E-02  6.21152110E-04
2.29187012E-01  4.81234156E-02  6.12156116E-04
2.29485627E-01  4.74636890E-02  6.10216288E-04
2.29784242E-01  4.58224155E-02  6.02353190E-04
2.30082857E-01  4.61015962E-02  6.00191706E-04
2.30381472E-01  4.57074568E-02  5.96426718E-04
2.30680087E-01  4.59436551E-02  5.99508814E-04
2.30978702E-01  4.50363904E-02  5.93561097E-04
2.31277317E-01  4.58458476E-02  5.99561085E-04
2.31575932E-01  4.45423461E-02  5.90807584E-04
2.31874547E-01  4.31674048E-02  5.77158004E-04
2.32173162E-01  4.33297977E-02  5.81045635E-04
2.32471777E-01  4.34805229E-02  5.83224115E-04
2.32770392E-01  4.32222448E-02  5.79499116E-04
2.33069007E-01  4.22264077E-02  5.72459539E-04
2.33367622E-01  4.18394059E-02  5.67734940E-04
2.33666237E-01  4.12600636E-02  5.68631222E-04
2.33964852E-01  4.04522829E-02  5.58720378E-04
2.34263467E-01  4.03984301E-02  5.58349537E-04
2.34562082E-01  4.05511223E-02  5.60834946E-04
2.34860697E-01  3.91919911E-02  5.50418918E-04
2.35159312E-01  4.00714986E-02  5.57193882E-04
2.35457927E-01  3.89155149E-02  5.46159106E-04
2.35756542E-01  3.91593948E-02  5.45725867E-04
2.36055157E-01  3.88513468E-02  5.48181648E-04
2.36353772E-01  3.79438549E-02  5.41282352E-04
2.36652387E-01  3.87235470E-02  5.49782009E-04
2.36951002E-01  3.88322137E-02  5.40589099E-04
2.37249617E-01  3.80284004E-02  5.43429225E-04
2.37548232E-01  3.75389718E-02  5.37478947E-04
2.37846847E-01  3.78751978E-02  5.38062945E-04
2.38145462E-01  3.76515202E-02  5.36022417E-04
2.38444077E-01  3.73183675E-02  5.30098972E-04
2.38742692E-01  3.66760679E-02  5.34293824E-04
2.39041307E-01  3.79752070E-02  5.38777385E-04
2.39339922E-01  3.75452228E-02  5.34671650E-04
2.39638537E-01  3.78143042E-02  5.37035346E-04
2.39937152E-01  3.72780152E-02  5.31729835E-04
2.40235767E-01  3.76345962E-02  5.38021501E-04
2.40534382E-01  3.79804373E-02  5.37017127E-04
2.40832997E-01  3.84169258E-02  5.38896362E-04
2.41131612E-01  3.71757895E-02  5.32934908E-04
2.41430227E-01  3.73203494E-02  5.29539830E-04
2.41728842E-01  3.78457569E-02  5.38623950E-04
2.42027457E-01  3.75308692E-02  5.29286684E-04
2.42326072E-01  3.72792594E-02  5.29543438E-04
2.42624687E-01  3.81835438E-02  5.41025773E-04
2.42923302E-01  3.73442546E-02  5.31917613E-04
2.43221917E-01  3.78046781E-02  5.30203746E-04
2.43520532E-01  3.78541835E-02  5.32734965E-04
2.43819147E-01  3.78718264E-02  5.33300219E-04
2.44117762E-01  3.82601917E-02  5.38555498E-04
2.44416377E-01  3.82393934E-02  5.39762143E-04
2.44714992E-01  3.88065390E-02  5.36604202E-04
2.45013607E-01  3.79515141E-02  5.36233070E-04
2.45312222E-01  3.94246094E-02  5.43232542E-04
2.45610837E-01  3.94609198E-02  5.45131858E-04
2.45909452E-01  3.90104949E-02  5.36559441E-04
2.46208067E-01  3.78914848E-02  5.33154351E-04
2.46506682E-01  3.87712941E-02  5.38126973E-04
2.46805297E-01  4.02547717E-02  5.52733254E-04
2.47103912E-01  3.96868177E-02  5.41928981E-04
2.47402527E-01  3.85251679E-02  5.33940038E-04
2.47701142E-01  3.95075530E-02  5.43962466E-04
2.47999757E-01  4.04970460E-02  5.50280383E-04
2.48298372E-01  3.95543575E-02  5.46997064E-04
2.48596987E-01  4.07559350E-02  5.44770039E-04
2.48895602E-01  3.97791341E-02  5.41978225E-04
2.49194217E-01  4.03170697E-02  5.46223484E-04
2.49492832E-01  4.15406786E-02  5.55507606E-04
2.49791447E-01  3.96925583E-02  5.44346927E-04
2.50090062E-01  4.12631668E-02  5.51254605E-04
2.50388677E-01  4.12085205E-02  5.54798869E-04
2.50687292E-01  4.13698107E-02  5.53916441E-04
2.50985907E-01  4.16582003E-02  5.52698271E-04
2.51284522E-01  4.13409695E-02  5.54027152E-04
2.51583137E-01  4.15106378E-02  5.51128702E-04
2.51881752E-01  4.16561849E-02  5.54480124E-04
2.52180367E-01  4.18039858E-02  5.55464183E-04
2.52478982E-01  4.16880473E-02  5.52753801E-04
2.52777597E-01  4.26843129E-02  5.60375862E-04
2.53076212E-01  4.34215367E-02  5.65348193E-04
2.53374827E-01  4.38143238E-02  5.69593860E-04
2.53673442E-01  4.35317010E-02  5.60499146E-04
2.53972057E-01  4.36180346E-02  5.65562514E-04
2.54270672E-01  4.37926836E-02  5.66542614E-04
2.54569287E-01  4.40486707E-02  5.70810458E-04
2.54867902E-01  4.28528376E-02  5.60131914E-04
2.55166517E-01  4.27200198E-02  5.55696548E-04
2.55465132E-01  4.42170538E-02  5.68522955E-04
2.55763747E-01  4.27948460E-02  5.59756591E-04
2.56062362E-01  4.30501513E-02  5.61274413E-04
2.56360977E-01  4.26177941E-02  5.54742408E-04
2.56659592E-01  4.21852618E-02  5.50466299E-04
2.56958207E-01  4.33163606E-02  5.62407891E-04
2.57256822E-01  4.29667830E-02  5.59237727E-04
2.57555437E-01  4.27023955E-02  5.54857368E-04
2.57854052E-01  4.26169299E-02  5.55626233E-04
2.58152667E-01  4.15639132E-02  5.50624100E-04
2.58451282E-01  4.21045274E-02  5.54342929E-04
2.58749897E-01  4.31504622E-02  5.56005456E-04
2.59048512E-01  4.20664921E-02  5.50135621E-04
2.59347127E-01  4.15336452E-02  5.46353462E-04
2.59645742E-01  4.20699678E-02  5.52644022E-04
2.59944357E-01  4.17970829E-02  5.51731617E-04
2.60242972E-01  4.11434434E-02  5.40519541E-04
2.60541587E-01  4.06341851E-02  5.42126596E-04
2.60840202E-01  4.14704904E-02  5.46232041E-04
2.61138817E-01  4.07212488E-02  5.42853493E-04
2.61437432E-01  4.03706506E-02  5.38658525E-04
2.61736047E-01  3.97773795E-02  5.32308535E-04
2.62034662E-01  3.96444313E-02  5.33934799E-04
2.62333277E-01  3.96315977E-02  5.33568382E-04
2.62631892E-01  3.85813937E-02  5.23429306E-04
2.62930507E-01  3.82805653E-02  5.21657523E-04
2.63229122E-01  3.78287025E-02  5.19519206E-04
2.63527737E-01  3.77461649E-02  5.22241346E-04
2.63826352E-01  3.79855894E-02  5.19376830E-04
2.64124967E-01  3.69276479E-02  5.12094353E-04
2.64423582E-01  3.65232639E-02  5.09682053E-04
2.64722197E-01  3.61412093E-02  5.05039410E-04
2.65020812E-01  3.55918892E-02  5.06187964E-04
2.65319427E-01  3.56337130E-02  4.99805494E-04
2.65618042E-01  3.45422216E-02  4.97229223E-04
2.65916657E-01  3.49544249E-02  4.98231675E-04
2.66215272E-01  3.40067670E-02  4.90794308E-04
2.66513887E-01  3.39535661E-02  4.90793784E-04
2.66812502E-01  3.50066461E-02  4.95266926E-04
2.67111117E-01  3.43443267E-02  4.93869127E-04
2.67409732E-01  3.35731655E-02  4.87028185E-04
2.67708347E-01  3.33519615E-02  4.86178120E-04
2.68006962E-01  3.25349085E-02  4.79440583E-04
2.68305577E-01  3.21841538E-02  4.75253211E-04
2.68604192E-01  3.34793963E-02  4.85974830E-04
2.68902807E-01  3.25840749E-02  4.78815287E-04
2.69201422E-01  3.24797295E-02  4.75845591E-04
2.69500037E-01  3.14824209E-02  4.70411120E-04
2.69798652E-01  3.17801833E-02  4.72388288E-04
2.70097267E-01  3.12342830E-02  4.71356849E-04
2.70395882E-01  3.03421579E-02  4.57477232E-04
2.70694497E-01  3.13200727E-02  4.68718412E-04
2.70993112E-01  3.13981473E-02  4.70150175E-04
2.71291727E-01  3.06960624E-02  4.64505749E-04
2.71590342E-01  3.08693051E-02  4.67020378E-04
2.71888957E-01  3.05724218E-02  4.58867493E-04
2.72187572E-01  3.02627534E-02  4.59212315E-04
2.72486187E-01  3.05203591E-02  4.61635529E-04
2.72784802E-01  3.05478182E-02  4.62792610E-04
2.73083417E-01  3.02074999E-02  4.55550529E-04
2.73382032E-01  2.95607038E-02  4.53280518E-04
2.73680647E-01  2.95187458E-02  4.55050962E-04
2.73979262E-01  3.05741038E-02  4.60869604E-04
2.74277877E-01  3.04512251E-02  4.58081515E-04
2.74576492E-01  3.02536301E-02  4.57287388E-04
2.74875107E-01  2.93678585E-02  4.51920176E-04
2.75173722E-01  2.98208185E-02  4.56090987E-04
2.75472337E-01  3.03042103E-02  4.54688212E-04
2.75770952E-01  3.03697158E-02  4.59567324E-04
2.76069567E-01  3.02893631E-02  4.54465422E-04
2.76368182E-01  2.93695088E-02  4.53559507E-04
2.76666797E-01  2.89679244E-02  4.49182582E-04
2.76965412E-01  2.92435754E-02  4.46219841E-04
2.77264027E-01  2.89286338E-02  4.47284634E-04
2.77562642E-01  3.03068236E-02  4.53808898E-04
2.77861257E-01  2.96186395E-02  4.54436115E-04
2.78159872E-01  2.97055244E-02  4.48951439E-04
2.78458487E-01  2.94025242E-02  4.48332139E-04
2.78757102E-01  2.92673223E-02  4.50586551E-04
2.79055717E-01  2.96000130E-02  4.50402003E-04
2.79354332E-01  2.85714939E-02  4.42397693E-04
2.79652947E-01  2.91753877E-02  4.47161932E-04
2.79951562E-01  2.93066073E-02  4.44498932E-04
2.80250177E-01  2.89093126E-02  4.47146274E-04
2.80548792E-01  2.95653343E-02  4.49354411E-04
2.80847407E-01  2.96434369E-02  4.48269129E-04
2.81146022E-01  2.87338533E-02  4.43214725E-04
2.81444637E-01  2.92771943E-02  4.48511622E-04
2.81743252E-01  2.85179038E-02  4.40776057E-04
2.82041867E-01  2.97022164E-02  4.45957121E-04
2.82340482E-01  2.89661605E-02  4.44007310E-04
2.82639097E-01  2.80686878E-02  4.37293987E-04
2.82937712E-01  3.00553292E-02  4.51717293E-04
2.83236327E-01  2.87844259E-02  4.41844953E-04
2.83534942E-01  2.97772344E-02  4.47184255E-04
2.83833557E-01  2.93371435E-02  4.46402089E-04
2.84132172E-01  2.91880425E-02  4.44493664E-04
2.84430787E-01  2.85856705E-02  4.42193326E-04
2.84729402E-01  2.99422089E-02  4.46998223E-04
2.85028017E-01  3.01575530E-02  4.51371365E-04
2.85326632E-01  2.97775790E-02  4.51434607E-04
2.85625247E-01  3.08657996E-02  4.52297740E-04
2.85923862E-01  2.99959369E-02  4.49607585E-04
2.86222477E-01  3.00243907E-02  4.49378305E-04
2.86521092E-01  3.03354338E-02  4.51812521E-04
2.86819707E-01  3.01939361E-02  4.53903020E-04
2.87118322E-01  2.96326391E-02  4.43068508E-04
2.87416937E-01  3.06174140E-02  4.52463108E-04
2.87715552E-01  2.99078021E-02  4.46534366E-04
2.88014167E-01  3.04849520E-02  4.53938730E-04
2.88312782E-01  3.10803317E-02  4.57558723E-04
2.88611397E-01  3.02164089E-02  4.45904530E-04
2.88910012E-01  2.97787376E-02  4.48320439E-04
2.89208627E-01  2.99470816E-02  4.47270373E-04
2.89507242E-01  2.96498500E-02  4.44719946E-04
2.89805857E-01  3.03678922E-02  4.48433071E-04
2.90104472E-01  3.06364428E-02  4.49758460E-04
2.90403087E-01  3.04461587E-02  4.53210378E-04
2.90701702E-01  3.05500049E-02  4.50435269E-04
2.91000317E-01  3.08171045E-02  4.51632659E-04
2.91298932E-01  3.13778222E-02  4.56721871E-04
2.91597547E-01  3.03431731E-02  4.49787709E-04
2.91896162E-01  3.10312640E-02  4.54527239E-04
2.92194777E-01  3.06259505E-02  4.49798361E-04
2.92493392E-01  3.12348939E-02  4.54689638E-04
2.92792007E-01  3.09460498E-02  4.53133252E-04
2.93090622E-01  3.10818665E-02  4.53907094E-04
2.93389237E-01  3.15882713E-02  4.57368908E-04
2.93687852E-01  3.13133858E-02  4.52205393E-04
2.93986467E-01  3.19550894E-02  4.60130890E-04
2.94285082E-01  3.11933495E-02  4.52315086E-04
2.94583697E-01  3.13722678E-02  4.57028480E-04
2.94882312E-01  3.14246044E-02  4.54427965E-04
2.95180927E-01  3.14237066E-02  4.51497501E-04
2.95479542E-01  3.16913463E-02  4.57568211E-04
2.95778157E-01  3.12316269E-02  4.52489738E-04
2.96076772E-01  3.19727734E-02  4.58158611E-04
2.96375387E-01  3.18831317E-02  4.56967915E-04
2.96674002E-01  3.19835953E-02  4.57469025E-04
2.96972617E-01  3.32251824E-02  4.69312217E-04
2.97271232E-01  3.19968984E-02  4.60780662E-04
2.97569847E-01  3.32835615E-02  4.70183732E-04
2.97868462E-01  3.22833136E-02  4.64423967E-04
2.98167077E-01  3.24946903E-02  4.68240702E-04
2.98465692E-01  3.31200697E-02  4.75674547E-04
2.98764307E-01  3.25567611E-02  4.67536040E-04
2.99062922E-01  3.17114890E-02  4.64291574E-04
2.99361537E-01  3.26982960E-02  4.72995074E-04
2.99660152E-01  3.21681798E-02  4.69971710E-04
2.99958767E-01  3.24275605E-02  4.72101441E-04
3.00257382E-01  3.24908495E-02  4.73877328E-04
3.00555997E-01  3.22786346E-02  4.72089509E-04
3.00854612E-01  3.25459726E-02  4.73324006E-04
3.01153227E-01  3.26018855E-02  4.76868212E-04
3.01451842E-01  3.40120979E-02  4.84849268E-04
3.01750457E-01  3.26339565E-02  4.80430899E-04
3.02049072E-01  3.28367352E-02  4.78464295E-04
3.02347687E-01  3.27775739E-02  4.87590936E-04
3.02646302E-01  3.20401974E-02  4.88211226E-04
3.02944917E-01  3.23351957E-02  4.90321312E-04
3.03243532E-01  3.31852622E-02  5.06188197E-04
3.03542147E-01  3.28723341E-02  5.04654367E-04
3.03840762E-01  3.29126269E-02  5.04678581E-04
3.04139377E-01  3.36790979E-02  5.17161679E-04
3.04437992E-01  3.27160433E-02  5.05180506E-04
3.04736607E-01  3.31530608E-02  5.16882108E-04
3.05035222E-01  3.32642235E-02  5.13522711E-04
3.05333837E-01  3.34174260E-02  5.18177461E-04
3.05632452E-01  3.22671384E-02  5.13277191E-04
3.05931067E-01  3.24759893E-02  5.12339000E-04
3.06229682E-01  3.13582793E-02  5.08899335E-04
3.06528297E-01  3.34689505E-02  5.20732312E-04
3.06826912E-01  3.18209305E-02  5.14043786E-04
3.07125527E-01  3.26442793E-02  5.21924463E-04
3.07424142E-01  3.28145660E-02  5.22646878E-04
3.07722757E-01  3.15163247E-02  5.16314292E-04
3.08021372E-01  3.21876109E-02  5.17475011E-04
3.08319987E-01  3.25324312E-02  5.16322732E-04
3.08618602E-01  3.07436176E-02  4.97029861E-04
3.08917217E-01  3.21620367E-02  5.00762253E-04
3.09215832E-01  3.25642005E-02  5.08257537E-04
3.09514447E-01  3.13791037E-02  4.91138548E-04
3.09813062E-01  3.26332338E-02  5.01990318E-04
3.10111677E-01  3.17055508E-02  4.92581225E-04
3.10410292E-01  3.19930837E-02  4.88686142E-04
3.10708907E-01  3.20847146E-02  4.94137581E-04
3.11007522E-01  3.25817727E-02  4.91021376E-04
3.11306137E-01  3.17909867E-02  4.91189188E-04
3.11604752E-01  3.19236405E-02  4.86435194E-04
3.11903367E-01  3.27939354E-02  4.92488092E-04
3.12201982E-01  3.28059308E-02  4.92446125E-04
3.12500597E-01  3.22421603E-02  4.83765471E-04
3.12799212E-01  3.29892598E-02  4.93422325E-04
3.13097827E-01  3.21173929E-02  4.83474199E-04
3.13396442E-01  3.12482677E-02  4.76254820E-04
3.13695057E-01  3.24692242E-02  4.87941899E-04
3.13993672E-01  3.21433917E-02  4.80609393E-04
3.14292287E-01  3.16851400E-02  4.78433212E-04
3.14590902E-01  3.06113567E-02  4.68895247E-04
3.14889517E-01  3.14303227E-02  4.75127541E-04
3.15188132E-01  3.16168331E-02  4.79318085E-04
3.15486747E-01  3.16587836E-02  4.73257707E-04
3.15785362E-01  3.13311256E-02  4.74007247E-04
3.16083977E-01  3.12780105E-02  4.70040512E-04
3.16382592E-01  3.07790451E-02  4.68831218E-04
3.16681207E-01  3.11591793E-02  4.69635590E-04
3.16979822E-01  3.06534581E-02  4.65087389E-04
3.17278437E-01  3.09106950E-02  4.68612881E-04
3.17577052E-01  3.13968547E-02  4.70817497E-04
3.17875667E-01  3.11565120E-02  4.75574954E-04
3.18174282E-01  3.07913329E-02  4.77112684E-04
3.18472897E-01  3.06641664E-02  4.82975127E-04
3.18771512E-01  3.05930879E-02  4.80546034E-04
3.19070127E-01  3.05375438E-02  4.83870303E-04
3.19368742E-01  3.06353215E-02  4.85054392E-04
3.19667357E-01  2.96641085E-02  4.77708294E-04
3.19965972E-01  3.04709021E-02  4.85257129E-04
3.20264587E-01  3.04687619E-02  4.87453392E-04
3.20563202E-01  3.09384298E-02  4.90777136E-04
3.20861817E-01  3.05310544E-02  4.88512509E-04
3.21160432E-01  3.04955412E-02  4.86699835E-04
3.21459047E-01  2.99312584E-02  4.86767560E-04
3.21757662E-01  3.01016625E-02  4.85069206E-04
3.22056277E-01  2.99815275E-02  4.83824813E-04
3.22354892E-01  2.99647469E-02  4.87893209E-04
3.22653507E-01  2.94744354E-02  4.82345611E-04
3.22952122E-01  2.92235874E-02  4.84509364E-04
3.23250737E-01  2.86419448E-02  4.70616360E-04
3.23549352E-01  3.00226789E-02  4.87802987E-04
3.23847967E-01  2.94002518E-02  4.84978373E-04
3.24146582E-01  2.97223069E-02  4.86206729E-04
3.24445197E-01  2.89847441E-02  4.80417453E-04
3.24743812E-01  2.84394920E-02  4.75048379E-04
3.25042427E-01  2.95416545E-02  4.89312224E-04
3.25341042E-01  2.90161204E-02  4.79425216E-04
3.25639657E-01  2.83944886E-02  4.76898451E-04
3.25938272E-01  2.88513172E-02  4.81994677E-04
3.26236887E-01  2.93346569E-02  4.82193631E-04
3.26535502E-01  2.84734964E-02  4.82255418E-04
3.26834117E-01  2.97496859E-02  4.87437821E-04
3.27132732E-01  2.91854460E-02  4.85212571E-04
3.27431347E-01  2.89565288E-02  4.84022603E-04
3.27729962E-01  2.87489202E-02  4.80016141E-04
3.28028577E-01  2.96154711E-02  4.95106331E-04
3.28327192E-01  2.83560529E-02  4.72995220E-04
3.28625807E-01  2.85704192E-02  4.82652482E-04
3.28924422E-01  2.96685249E-02  4.91548504E-04
3.29223037E-01  2.79854294E-02  4.75423207E-04
3.29521652E-01  2.78423969E-02  4.75192646E-04
3.29820267E-01  2.77019311E-02  4.72313986E-04
3.30118882E-01  2.84516402E-02  4.83972224E-04
3.30417497E-01  2.90830042E-02  4.86680947E-04
3.30716112E-01  2.86599323E-02  4.80274088E-04
3.31014727E-01  2.75502596E-02  4.71720588E-04
3.31313342E-01  2.84229536E-02  4.77443886E-04
3.31611957E-01  2.80947108E-02  4.79778537E-04
3.31910572E-01  2.80192103E-02  4.75722569E-04
3.32209187E-01  2.76449192E-02  4.70453844E-04
3.32507802E-01  2.84795966E-02  4.82913165E-04
3.32806417E-01  2.77076885E-02  4.70027095E-04
3.33105032E-01  2.74389591E-02  4.72034269E-04
3.33403647E-01  2.84074396E-02  4.77183319E-04
3.33702262E-01  2.82885134E-02  4.76464513E-04
3.34000877E-01  2.75500920E-02  4.69930150E-04
3.34299492E-01  2.78583448E-02  4.74085886E-04
3.34598107E-01  2.77139880E-02  4.73276858E-04
3.34896722E-01  2.81425789E-02  4.72334563E-04
3.35195337E-01  2.85600238E-02  4.76795714E-04
3.35493952E-01  2.75520049E-02  4.71060484E-04
3.35792567E-01  2.88060959E-02  4.79968294E-04
3.36091182E-01  2.82973051E-02  4.76409914E-04
3.36389797E-01  2.79210899E-02  4.70342697E-04
3.36688412E-01  2.73752734E-02  4.68724465E-04
3.36987027E-01  2.78107822E-02  4.69551684E-04
3.37285642E-01  2.83345077E-02  4.75891051E-04
3.37584257E-01  2.84017846E-02  4.77155641E-04
3.37882872E-01  2.80900989E-02  4.72319341E-04
3.38181487E-01  2.76800133E-02  4.70642350E-04
3.38480102E-01  2.82830317E-02  4.68657963E-04
3.38778717E-01  2.79745199E-02  4.72450891E-04
3.39077332E-01  2.75894906E-02  4.67283011E-04
3.39375947E-01  2.78821643E-02  4.69620369E-04
3.39674562E-01  2.85145082E-02  4.77971393E-04
3.39973177E-01  2.82310657E-02  4.70648520E-04
3.40271792E-01  2.78461557E-02  4.70685947E-04
3.40570407E-01  2.79713478E-02  4.70922154E-04
3.40869022E-01  2.81756688E-02  4.69920924E-04
3.41167637E-01  2.84021087E-02  4.73302760E-04
3.41466252E-01  2.76100524E-02  4.63854376E-04
3.41764867E-01  2.79286802E-02  4.72215790E-04
3.42063482E-01  2.74320878E-02  4.64350771E-04
3.42362097E-01  2.79364567E-02  4.66060941E-04
3.42660712E-01  2.74966080E-02  4.66647820E-04
3.42959327E-01  2.74621807E-02  4.61565563E-04
3.43257942E-01  2.73702275E-02  4.65577003E-04
3.43556557E-01  2.80874781E-02  4.68124636E-04
3.43855172E-01  2.67843865E-02  4.57268558E-04
3.44153787E-01  2.77910698E-02  4.65517951E-04
3.44452402E-01  2.80935932E-02  4.67512844E-04
3.44751017E-01  2.74172742E-02  4.62775875E-04
3.45049632E-01  2.78524049E-02  4.61966498E-04
3.45348247E-01  2.75113452E-02  4.63571952E-04
3.45646862E-01  2.77112853E-02  4.63272474E-04
3.45945477E-01  2.70450711E-02  4.57930844E-04
3.46244092E-01  2.74531189E-02  4.55971487E-04
3.46542707E-01  2.77417693E-02  4.58745344E-04
3.46841322E-01  2.68090051E-02  4.54259425E-04
3.47139937E-01  2.76154056E-02  4.59491566E-04
3.47438552E-01  2.65643429E-02  4.47297381E-04
3.47737167E-01  2.71338616E-02  4.55725647E-04
3.48035782E-01  2.76411958E-02  4.55899455E-04
3.48334397E-01  2.73484606E-02  4.57015296E-04
3.48633012E-01  2.77044177E-02  4.53561719E-04
3.48931627E-01  2.77783033E-02  4.57663118E-04
3.49230242E-01  2.71668322E-02  4.53853398E-04
3.49528857E-01  2.75673829E-02  4.55799338E-04
3.49827472E-01  2.84983888E-02  4.64202225E-04
3.50126087E-01  2.77419500E-02  4.53629385E-04
3.50424702E-01  2.76211370E-02  4.56625683E-04
3.50723317E-01  2.81504523E-02  4.59083240E-04
3.51021932E-01  2.77191810E-02  4.57185699E-04
3.51320547E-01  2.78272200E-02  4.55694331E-04
3.51619162E-01  2.70153508E-02  4.48021339E-04
3.51917777E-01  2.72601228E-02  4.52018459E-04
3.52216392E-01  2.75890809E-02  4.53868473E-04
3.52515007E-01  2.80751120E-02  4.55738365E-04
3.52813622E-01  2.77571753E-02  4.53151937E-04
3.53112237E-01  2.74492521E-02  4.55593166E-04
3.53410852E-01  2.77881771E-02  4.57639486E-04
3.53709467E-01  2.77202558E-02  4.48385836E-04
3.54008082E-01  2.80105136E-02  4.55591042E-04
3.54306697E-01  2.73734573E-02  4.50626248E-04
3.54605312E-01  2.77488753E-02  4.56065434E-04
3.54903927E-01  2.74725705E-02  4.55165893E-04
3.55202542E-01  2.76040547E-02  4.46623133E-04
3.55501157E-01  2.82758884E-02  4.58997558E-04
3.55799772E-01  2.74553057E-02  4.50207997E-04
3.56098387E-01  2.69813035E-02  4.47395170E-04
3.56397002E-01  2.82337461E-02  4.57290385E-04
3.56695617E-01  2.78447568E-02  4.49167419E-04
3.56994232E-01  2.77136322E-02  4.56288079E-04
3.57292847E-01  2.79342961E-02  4.50729101E-04
3.57591462E-01  2.79861316E-02  4.53935267E-04
3.57890077E-01  2.79325005E-02  4.52648761E-04
3.58188692E-01  2.80806832E-02  4.52033157E-04
3.58487307E-01  2.88339853E-02  4.64279874E-04
3.58785922E-01  2.76490040E-02  4.46649385E-04
3.59084537E-01  2.87961680E-02  4.60341107E-04
3.59383152E-01  2.81791538E-02  4.53677087E-04
3.59681767E-01  2.81660613E-02  4.53937188E-04
3.59980382E-01  2.80181412E-02  4.57047077E-04
3.60278997E-01  2.75039431E-02  4.43381345E-04
3.60577612E-01  2.72000358E-02  4.47528844E-04
3.60876227E-01  2.76837312E-02  4.49918996E-04
3.61174842E-01  2.80119125E-02  4.49820101E-04
3.61473457E-01  2.86044069E-02  4.54553869E-04
3.61772072E-01  2.82850713E-02  4.53330635E-04
3.62070687E-01  2.79145427E-02  4.53131885E-04
3.62369302E-01  2.88706869E-02  4.57516202E-04
3.62667917E-01  2.76888777E-02  4.47936880E-04
3.62966532E-01  2.82412674E-02  4.50952066E-04
3.63265147E-01  2.74357107E-02  4.46123857E-04
3.63563762E-01  2.79803053E-02  4.50650899E-04
3.63862377E-01  2.83287466E-02  4.51773318E-04
3.64160992E-01  2.84098797E-02  4.52779437E-04
3.64459607E-01  2.80716810E-02  4.50315652E-04
3.64758222E-01  2.79635042E-02  4.49448591E-04
3.65056837E-01  2.86468901E-02  4.55631845E-04
3.65355452E-01  2.80543603E-02  4.46886435E-04
3.65654067E-01  2.90585104E-02  4.58653463E-04
3.65952682E-01  2.88123805E-02  4.53358982E-04
3.66251297E-01  2.86386628E-02  4.56541631E-04
3.66549912E-01  2.81287506E-02  4.48185165E-04
3.66848527E-01  2.86225155E-02  4.49759449E-04
3.67147142E-01  2.75619477E-02  4.47762373E-04
3.67445757E-01  2.90318076E-02  4.54733527E-04
3.67744372E-01  2.88045965E-02  4.54136898E-04
3.68042987E-01  2.87558790E-02  4.52806358E-04
3.68341602E-01  2.85862442E-02  4.51705971E-04
3.68640217E-01  2.74958536E-02  4.45105572E-04
3.68938832E-01  2.89951842E-02  4.51290340E-04
3.69237447E-01  2.86004208E-02  4.51704487E-04
3.69536062E-01  2.83632204E-02  4.47846513E-04
3.69834677E-01  2.89196502E-02  4.54934227E-04
3.70133292E-01  2.86986623E-02  4.54504858E-04
3.70431907E-01  2.81730071E-02  4.44510777E-04
3.70730522E-01  2.85417698E-02  4.50778170E-04
3.71029137E-01  2.84649786E-02  4.47615661E-04
3.71327752E-01  2.83472929E-02  4.48658946E-04
3.71626367E-01  2.79768985E-02  4.45257232E-04
3.71924982E-01  2.82874089E-02  4.47375060E-04
3.72223597E-01  2.82612815E-02  4.49385028E-04
3.72522212E-01  2.84718294E-02  4.46071877E-04
3.72820827E-01  2.90115550E-02  4.52367764E-04
3.73119442E-01  2.82715913E-02  4.46678227E-04
3.73418057E-01  2.90594529E-02  4.50656051E-04
3.73716672E-01  2.76554674E-02  4.45015234E-04
3.74015287E-01  2.90207155E-02  4.48869367E-04
3.74313902E-01  2.86517050E-02  4.48175531E-04
3.74612517E-01  3.03357504E-02  4.62347118E-04
3.74911132E-01  2.98419949E-02  4.57863061E-04
3.75209747E-01  2.90043205E-02  4.52090113E-04
3.75508362E-01  2.84957681E-02  4.45137732E-04
3.75806977E-01  2.84972340E-02  4.46744147E-04
3.76105592E-01  2.87838299E-02  4.48871491E-04
3.76404207E-01  2.87574716E-02  4.48897306E-04
3.76702822E-01  2.81827524E-02  4.42467019E-04
3.77001437E-01  2.80102901E-02  4.41449200E-04
3.77300052E-01  2.89219208E-02  4.51574393E-04
3.77598667E-01  2.89639421E-02  4.50858701E-04
3.77897282E-01  2.86499150E-02  4.45108482E-04
3.78195897E-01  2.79911868E-02  4.39297059E-04
3.78494512E-01  2.84668989E-02  4.45721234E-04
3.78793127E-01  2.89916005E-02  4.49010229E-04
3.79091742E-01  2.89574116E-02  4.47836675E-04
3.79390357E-01  2.86093820E-02  4.44800971E-04
3.79688972E-01  2.83754896E-02  4.43204772E-04
3.79987587E-01  2.81512979E-02  4.40671662E-04
3.80286202E-01  2.82734446E-02  4.42746474E-04
3.80584817E-01  2.95701437E-02  4.52786975E-04
3.80883432E-01  2.90159900E-02  4.46717138E-04
3.81182047E-01  2.89363842E-02  4.47457976E-04
3.81480662E-01  2.88058501E-02  4.46562102E-04
3.81779277E-01  2.87963804E-02  4.42916440E-04
3.82077892E-01  2.80031841E-02  4.40299453E-04
3.82376507E-01  2.87102181E-02  4.44812380E-04
3.82675122E-01  2.94345077E-02  4.51186381E-04
3.82973737E-01  2.93218922E-02  4.48512670E-04
3.83272352E-01  2.90054418E-02  4.43205819E-04
3.83570967E-01  2.99846400E-02  4.54469264E-04
3.83869582E-01  2.95444820E-02  4.49765328E-04
3.84168197E-01  2.94160303E-02  4.49689687E-04
3.84466812E-01  2.97475234E-02  4.50409949E-04
3.84765427E-01  2.82859597E-02  4.38660645E-04
3.85064042E-01  2.89434306E-02  4.47192811E-04
3.85362657E-01  2.84796394E-02  4.40711359E-04
3.85661272E-01  2.85651330E-02  4.38323856E-04
3.85959887E-01  2.94827633E-02  4.49869549E-04
3.86258502E-01  2.93363240E-02  4.45410988E-04
3.86557117E-01  2.95764171E-02  4.53095563E-04
3.86855732E-01  2.94397566E-02  4.45647864E-04
3.87154347E-01  2.94985529E-02  4.45874291E-04
3.87452962E-01  2.98120379E-02  4.52268956E-04
3.87751577E-01  2.97767911E-02  4.46875376E-04
3.88050192E-01  2.89273355E-02  4.45510697E-04
3.88348807E-01  2.87502445E-02  4.37928189E-04
3.88647422E-01  2.94716787E-02  4.47002589E-04
3.88946037E-01  2.93892138E-02  4.45495709E-04
3.89244652E-01  2.92551275E-02  4.45360405E-04
3.89543267E-01  2.95072552E-02  4.47387836E-04
3.89841882E-01  2.93468852E-02  4.42672521E-04
3.90140497E-01  2.94072907E-02  4.47521277E-04
3.90439112E-01  2.93498635E-02  4.45976504E-04
3.90737727E-01  2.89161112E-02  4.37921874E-04
3.91036342E-01  3.02888807E-02  4.53845569E-04
3.91334957E-01  2.94532068E-02  4.42617689E-04
3.91633572E-01  2.98386123E-02  4.49680723E-04
3.91932187E-01  2.88874749E-02  4.38242714E-04
3.92230802E-01  2.92310640E-02  4.42134304E-04
3.92529417E-01  2.99273338E-02  4.50353458E-04
3.92828032E-01  2.89920624E-02  4.38720075E-04
3.93126647E-01  2.96385214E-02  4.45755053E-04
3.93425262E-01  2.90971324E-02  4.40158881E-04
3.93723877E-01  2.93094814E-02  4.43930214E-04
3.94022492E-01  3.02131996E-02  4.50391788E-04
3.94321107E-01  2.93781403E-02  4.41639248E-04
3.94619722E-01  3.00648138E-02  4.46989405E-04
3.94918337E-01  2.90590413E-02  4.39130701E-04
3.95216952E-01  2.95821130E-02  4.44253994E-04
3.95515567E-01  2.94396114E-02  4.43617260E-04
3.95814182E-01  2.90014520E-02  4.36272385E-04
3.96112797E-01  2.98259743E-02  4.45760001E-04
3.96411412E-01  2.97104102E-02  4.44032834E-04
3.96710027E-01  2.97828708E-02  4.45115817E-04
3.97008642E-01  2.90744975E-02  4.37668466E-04
3.97307257E-01  2.95091756E-02  4.41568118E-04
3.97605872E-01  2.92883907E-02  4.41088225E-04
3.97904487E-01  2.93981582E-02  4.42992605E-04
3.98203102E-01  2.91781072E-02  4.36565228E-04
3.98501717E-01  2.96399277E-02  4.41062555E-04
3.98800332E-01  2.89629456E-02  4.36732109E-04
3.99098947E-01  2.92763673E-02  4.39513766E-04
3.99397562E-01  2.90430132E-02  4.39139287E-04
3.99696177E-01  2.92730816E-02  4.39068768E-04
3.99994792E-01  2.97337249E-02  4.41238662E-04
4.00293407E-01  2.97422297E-02  4.42682911E-04
4.00592022E-01  2.90605240E-02  4.36322560E-04
4.00890637E-01  2.93807667E-02  4.38616611E-04
4.01189252E-01  2.88346615E-02  4.34107322E-04
4.01487867E-01  2.91047767E-02  4.38025018E-04
4.01786482E-01  2.92182639E-02  4.38246585E-04
4.02085097E-01  2.95486860E-02  4.36955859E-04
4.02383712E-01  2.88628619E-02  4.37366281E-04
4.02682327E-01  2.93395258E-02  4.35101538E-04
4.02980942E-01  2.88239848E-02  4.35181282E-04
4.03279557E-01  2.83756740E-02  4.30033193E-04
4.03578172E-01  2.92351432E-02  4.34126792E-04
4.03876787E-01  2.84419563E-02  4.31981258E-04
4.04175402E-01  2.91503705E-02  4.34114190E-04
4.04474017E-01  2.85564456E-02  4.32128145E-04
4.04772632E-01  2.83371191E-02  4.28221247E-04
4.05071247E-01  2.88585611E-02  4.32656729E-04
4.05369862E-01  2.87607536E-02  4.35869064E-04
4.05668477E-01  2.90538892E-02  4.30062384E-04
4.05967092E-01  2.89420094E-02  4.33081179E-04
4.06265707E-01  2.82329451E-02  4.27037274E-04
4.06564322E-01  2.91268080E-02  4.33235138E-04
4.06862937E-01  2.89522819E-02  4.36273811E-04
4.07161552E-01  2.85709333E-02  4.27576364E-04
4.07460167E-01  2.86137182E-02  4.30829823E-04
4.07758782E-01  2.87708417E-02  4.28272208E-04
4.08057397E-01  2.84179989E-02  4.27737512E-04
4.08356012E-01  2.81148367E-02  4.27062187E-04
4.08654627E-01  2.85738334E-02  4.26808023E-04
4.08953242E-01  2.88727619E-02  4.33503446E-04
4.09251857E-01  2.79583354E-02  4.23077290E-04
4.09550472E-01  2.79847290E-02  4.23476682E-04
4.09849087E-01  2.81587001E-02  4.24991595E-04
4.10147702E-01  2.78848596E-02  4.21050470E-04
4.10446317E-01  2.78637297E-02  4.25363251E-04
4.10744932E-01  2.82166433E-02  4.25333565E-04
4.11043547E-01  2.87127942E-02  4.25386388E-04
4.11342162E-01  2.76142564E-02  4.20673459E-04
4.11640777E-01  2.79884916E-02  4.24311642E-04
4.11939392E-01  2.82992199E-02  4.27063787E-04
4.12238007E-01  2.81916745E-02  4.21806122E-04
4.12536622E-01  2.79325712E-02  4.22011508E-04
4.12835237E-01  2.76184697E-02  4.18077921E-04
4.13133852E-01  2.77610142E-02  4.20814671E-04
4.13432467E-01  2.73784567E-02  4.17517527E-04
4.13731082E-01  2.75999811E-02  4.17845935E-04
4.14029697E-01  2.77171340E-02  4.20584634E-04
4.14328312E-01  2.78608948E-02  4.20305470E-04
4.14626927E-01  2.74494123E-02  4.18356474E-04
4.14925542E-01  2.74105817E-02  4.14409034E-04
4.15224157E-01  2.65601482E-02  4.10762150E-04
4.15522772E-01  2.79917140E-02  4.22375102E-04
4.15821387E-01  2.64747776E-02  4.07932355E-04
4.16120002E-01  2.70520896E-02  4.13117348E-04
4.16418617E-01  2.71079913E-02  4.14406153E-04
4.16717232E-01  2.75257267E-02  4.16817318E-04
4.17015847E-01  2.74380483E-02  4.17601637E-04
4.17314462E-01  2.69720536E-02  4.08667460E-04
4.17613077E-01  2.73559112E-02  4.15630057E-04
4.17911692E-01  2.69232634E-02  4.11006273E-04
4.18210307E-01  2.72989310E-02  4.16838302E-04
4.18508922E-01  2.76997220E-02  4.15656919E-04
4.18807537E-01  2.74754334E-02  4.14066599E-04
4.19106152E-01  2.66812090E-02  4.10480134E-04
4.19404767E-01  2.65120845E-02  4.08895692E-04
4.19703382E-01  2.74196081E-02  4.12523223E-04
4.20001997E-01  2.68691070E-02  4.10227309E-04
4.20300612E-01  2.69289091E-02  4.09189670E-04
4.20599227E-01  2.65807901E-02  4.09809145E-04
4.20897842E-01  2.61226743E-02  4.03755112E-04
4.21196457E-01  2.57138219E-02  3.99493001E-04
4.21495072E-01  2.63068844E-02  4.05827450E-04
4.21793687E-01  2.69981381E-02  4.09816043E-04
4.22092302E-01  2.65162271E-02  4.08377149E-04
4.22390917E-01  2.59237774E-02  3.97980475E-04
4.22689532E-01  2.54769176E-02  3.99837823E-04
4.22988147E-01  2.61268858E-02  4.02333186E-04
4.23286762E-01  2.61242166E-02  4.04795574E-04
4.23585377E-01  2.64321435E-02  4.04405204E-04
4.23883992E-01  2.62204725E-02  4.01967322E-04
4.24182607E-01  2.63121501E-02  4.02852369E-04
4.24481222E-01  2.56951544E-02  4.00364283E-04
4.24779837E-01  2.64333617E-02  4.04329243E-04
4.25078452E-01  2.53973380E-02  3.94814386E-04
4.25377067E-01  2.64402237E-02  4.05669998E-04
4.25675682E-01  2.58410089E-02  3.98072531E-04
4.25974297E-01  2.58797593E-02  4.01441677E-04
4.26272912E-01  2.58881804E-02  3.97106574E-04
4.26571527E-01  2.62413267E-02  4.04239283E-04
4.26870142E-01  2.57321410E-02  3.97150143E-04
4.27168757E-01  2.54750643E-02  3.95783631E-04
4.27467372E-01  2.56895330E-02  3.96115269E-04
4.27765987E-01  2.60586590E-02  4.01377736E-04
4.28064602E-01  2.54693385E-02  3.95122857E-04
4.28363217E-01  2.54838839E-02  3.96303454E-04
4.28661832E-01  2.54531596E-02  3.95443290E-04
4.28960447E-01  2.56921034E-02  3.96673946E-04
4.29259062E-01  2.58983765E-02  3.97731143E-04
4.29557677E-01  2.56496239E-02  3.96348885E-04
4.29856292E-01  2.47959420E-02  3.88052897E-04
4.30154907E-01  2.60107461E-02  3.98331089E-04
4.30453522E-01  2.51409803E-02  3.93019756E-04
4.30752137E-01  2.49504037E-02  3.90565867E-04
4.31050752E-01  2.55582649E-02  3.93716939E-04
4.31349367E-01  2.48459298E-02  3.88882821E-04
4.31647982E-01  2.54504215E-02  3.93411698E-04
4.31946597E-01  2.56081019E-02  3.96750751E-04
4.32245212E-01  2.50023454E-02  3.88814980E-04
4.32543827E-01  2.53874268E-02  3.93804716E-04
4.32842442E-01  2.49697883E-02  3.92750459E-04
4.33141057E-01  2.58259494E-02  3.95084382E-04
4.33439672E-01  2.57753897E-02  3.97250260E-04
4.33738287E-01  2.50657294E-02  3.89659341E-04
4.34036902E-01  2.47912202E-02  3.89508350E-04
4.34335517E-01  2.47116964E-02  3.88450746E-04
4.34634132E-01  2.57646590E-02  3.97084892E-04
4.34932747E-01  2.53148638E-02  3.91597045E-04
4.35231362E-01  2.54214965E-02  3.92683171E-04
4.35529977E-01  2.58168411E-02  3.97936354E-04
4.35828592E-01  2.55590007E-02  3.95326322E-04
4.36127207E-01  2.49575358E-02  3.88400047E-04
4.36425822E-01  2.48581506E-02  3.88313812E-04
4.36724437E-01  2.51698513E-02  3.91089008E-04
4.37023052E-01  2.46997532E-02  3.87593172E-04
4.37321667E-01  2.53739394E-02  3.90599511E-04
4.37620282E-01  2.42219716E-02  3.84427316E-04
4.37918897E-01  2.42894776E-02  3.84194456E-04
4.38217512E-01  2.48763077E-02  3.89501423E-04
4.38516127E-01  2.50459183E-02  3.88413871E-04
4.38814742E-01  2.47892551E-02  3.84479732E-04
4.39113357E-01  2.51187310E-02  3.90530477E-04
4.39411972E-01  2.47508809E-02  3.87490087E-04
4.39710587E-01  2.47719046E-02  3.86119500E-04
4.40009202E-01  2.50495579E-02  3.89737746E-04
4.40307817E-01  2.51201820E-02  3.86876607E-04
4.40606432E-01  2.50014383E-02  3.89366265E-04
4.40905047E-01  2.53770277E-02  3.91157169E-04
4.41203662E-01  2.50443295E-02  3.86212574E-04
4.41502277E-01  2.55554989E-02  3.92188056E-04
4.41800892E-01  2.49432791E-02  3.86868662E-04
4.42099507E-01  2.46218219E-02  3.84622079E-04
4.42398122E-01  2.44870707E-02  3.82563798E-04
4.42696737E-01  2.55324077E-02  3.90730973E-04
4.42995352E-01  2.50800513E-02  3.88104061E-04
4.43293967E-01  2.39495765E-02  3.80343728E-04
4.43592582E-01  2.47700904E-02  3.86890984E-04
4.43891197E-01  2.42629014E-02  3.79246747E-04
4.44189812E-01  2.47328635E-02  3.86262429E-04
4.44488427E-01  2.49855686E-02  3.86364496E-04
4.44787042E-01  2.47872397E-02  3.86264699E-04
4.45085657E-01  2.49082912E-02  3.85769585E-04
4.45384272E-01  2.46971305E-02  3.84720392E-04
4.45682887E-01  2.43551973E-02  3.84752988E-04
4.45981502E-01  2.51110159E-02  3.86919040E-04
4.46280117E-01  2.45084558E-02  3.83084931E-04
4.46578732E-01  2.44988706E-02  3.83262988E-04
4.46877347E-01  2.47163754E-02  3.85722815E-04
4.47175962E-01  2.49635503E-02  3.91539943E-04
4.47474577E-01  2.40637995E-02  3.78032797E-04
4.47773192E-01  2.49062851E-02  3.86527419E-04
4.48071807E-01  2.46665366E-02  3.84664076E-04
4.48370422E-01  2.40417961E-02  3.80848942E-04
4.48669037E-01  2.48577800E-02  3.86240048E-04
4.48967652E-01  2.55581606E-02  3.91216687E-04
4.49266267E-01  2.48183887E-02  3.87126289E-04
4.49564882E-01  2.39459909E-02  3.80430720E-04
4.49863497E-01  2.50177328E-02  3.87232431E-04
4.50162112E-01  2.49046180E-02  3.87717388E-04
4.50460727E-01  2.45293193E-02  3.84871295E-04
4.50759342E-01  2.40509771E-02  3.81185731E-04
4.51057957E-01  2.39997320E-02  3.80278041E-04
4.51356572E-01  2.47399267E-02  3.83576291E-04
4.51655187E-01  2.47272011E-02  3.87024484E-04
4.51953802E-01  2.45849527E-02  3.84468527E-04
4.52252417E-01  2.45837662E-02  3.88315355E-04
4.52551032E-01  2.44346932E-02  3.82539962E-04
4.52849647E-01  2.37120967E-02  3.77669290E-04
4.53148262E-01  2.45965365E-02  3.84649698E-04
4.53446877E-01  2.42667422E-02  3.81645019E-04
4.53745492E-01  2.46992931E-02  3.85879335E-04
4.54044107E-01  2.51003541E-02  3.89773952E-04
4.54342722E-01  2.39128899E-02  3.79856909E-04
4.54641337E-01  2.49158889E-02  3.88599845E-04
4.54939952E-01  2.48793513E-02  3.86949076E-04
4.55238567E-01  2.44260766E-02  3.83157079E-04
4.55537182E-01  2.47448329E-02  3.88300570E-04
4.55835797E-01  2.42378600E-02  3.83282139E-04
4.56134412E-01  2.44898666E-02  3.84252286E-04
4.56433027E-01  2.45622061E-02  3.85245075E-04
4.56731642E-01  2.54523139E-02  3.91388836E-04
4.57030257E-01  2.46180389E-02  3.86453670E-04
4.57328872E-01  2.48973444E-02  3.87698121E-04
4.57627487E-01  2.44051311E-02  3.83679144E-04
4.57926102E-01  2.41054147E-02  3.81569582E-04
4.58224717E-01  2.44958587E-02  3.86012951E-04
4.58523332E-01  2.45394278E-02  3.85077292E-04
4.58821947E-01  2.43344028E-02  3.81203514E-04
4.59120562E-01  2.51280870E-02  3.91054229E-04
4.59419177E-01  2.44432203E-02  3.85518651E-04
4.59717792E-01  2.48701721E-02  3.88786313E-04
4.60016407E-01  2.48206742E-02  3.87114851E-04
4.60315022E-01  2.45158132E-02  3.84139625E-04
4.60613637E-01  2.43898891E-02  3.84677493E-04
4.60912252E-01  2.50306558E-02  3.90913163E-04
4.61210867E-01  2.44639590E-02  3.84414016E-04
4.61509482E-01  2.47906409E-02  3.91046808E-04
4.61808097E-01  2.44330298E-02  3.96983378E-04
4.62106712E-01  2.49087773E-02  4.02540609E-04
4.62405327E-01  2.48631984E-02  4.05852014E-04
4.62703942E-01  2.46844720E-02  4.03904356E-04
4.63002557E-01  2.44813170E-02  4.09618020E-04
4.63301172E-01  2.49026567E-02  4.14583890E-04
4.63599787E-01  2.47156974E-02  4.15228656E-04
4.63898402E-01  2.38391571E-02  4.09682485E-04
4.64197017E-01  2.49383915E-02  4.19562479E-04
4.64495632E-01  2.42174957E-02  4.18664626E-04
4.64794247E-01  2.43455227E-02  4.20438359E-04
4.65092862E-01  2.41246000E-02  4.16436844E-04
4.65391477E-01  2.36478597E-02  4.18497046E-04
4.65690092E-01  2.45827623E-02  4.26575833E-04
4.65988707E-01  2.46840008E-02  4.31198598E-04
4.66287322E-01  2.48457026E-02  4.32967616E-04
4.66585937E-01  2.45377924E-02  4.30752843E-04
4.66884552E-01  2.41799224E-02  4.32890054E-04
4.67183167E-01  2.44730040E-02  4.37366718E-04
4.67481782E-01  2.40340997E-02  4.28089668E-04
4.67780397E-01  2.43300069E-02  4.36838949E-04
4.68079012E-01  2.44511012E-02  4.39438329E-04
4.68377627E-01  2.45446954E-02  4.42840188E-04
4.68676242E-01  2.50211582E-02  4.48166102E-04
4.68974857E-01  2.35041901E-02  4.34369926E-04
4.69273472E-01  2.41252221E-02  4.44256642E-04
4.69572087E-01  2.41530221E-02  4.43193392E-04
4.69870702E-01  2.45769992E-02  4.48937091E-04
4.70169317E-01  2.43161488E-02  4.48839157E-04
4.70467932E-01  2.54098009E-02  4.59797622E-04
4.70766547E-01  2.38726903E-02  4.50347987E-04
4.71065162E-01  2.38665882E-02  4.50152758E-04
4.71363777E-01  2.41824407E-02  4.50066553E-04
4.71662392E-01  2.45365314E-02  4.58566705E-04
4.71961007E-01  2.46135350E-02  4.60730545E-04
4.72259622E-01  2.43189223E-02  4.61317628E-04
4.72558237E-01  2.48214155E-02  4.63405595E-04
4.72856852E-01  2.49969978E-02  4.58294206E-04
4.73155467E-01  2.38998588E-02  4.44730336E-04
4.73454082E-01  2.44029984E-02  4.44058009E-04
4.73752697E-01  2.50506252E-02  4.43044410E-04
4.74051312E-01  2.47265026E-02  4.40422620E-04
4.74349927E-01  2.45492849E-02  4.36229282E-04
4.74648542E-01  2.48348452E-02  4.38885065E-04
4.74947157E-01  2.46492997E-02  4.32977249E-04
4.75245772E-01  2.43023969E-02  4.29207546E-04
4.75544387E-01  2.47298982E-02  4.32132249E-04
4.75843002E-01  2.40735468E-02  4.27303661E-04
4.76141617E-01  2.37889960E-02  4.21060657E-04
4.76440232E-01  2.46447604E-02  4.28685569E-04
4.76738847E-01  2.45548729E-02  4.26284474E-04
4.77037462E-01  2.44630892E-02  4.25718754E-04
4.77336077E-01  2.46216282E-02  4.28024243E-04
4.77634692E-01  2.51314696E-02  4.28612606E-04
4.77933307E-01  2.53014918E-02  4.30636399E-04
4.78231922E-01  2.46322639E-02  4.22315672E-04
4.78530537E-01  2.45859530E-02  4.25990322E-04
4.78829152E-01  2.43122876E-02  4.17259231E-04
4.79127767E-01  2.41759270E-02  4.17509524E-04
4.79426382E-01  2.32213233E-02  4.11464396E-04
4.79724997E-01  2.42417660E-02  4.18521697E-04
4.80023612E-01  2.46956311E-02  4.21424716E-04
4.80322227E-01  2.48539746E-02  4.21011995E-04
4.80620842E-01  2.40507033E-02  4.16216761E-04
4.80919457E-01  2.42366176E-02  4.16512979E-04
4.81218072E-01  2.34791450E-02  4.09526896E-04
4.81516687E-01  2.43180748E-02  4.17543051E-04
4.81815302E-01  2.41677500E-02  4.12176538E-04
4.82113917E-01  2.44685095E-02  4.19384858E-04
4.82412532E-01  2.35286690E-02  4.08161635E-04
4.82711147E-01  2.46970542E-02  4.17099043E-04
4.83009762E-01  2.48305798E-02  4.19413933E-04
4.83308377E-01  2.41157897E-02  4.14191949E-04
4.83606992E-01  2.48719845E-02  4.18149459E-04
4.83905607E-01  2.45593507E-02  4.16799361E-04
4.84204222E-01  2.43981741E-02  4.13409609E-04
4.84502837E-01  2.44302712E-02  4.16351162E-04
4.84801452E-01  2.43932325E-02  4.14218812E-04
4.85100067E-01  2.41972562E-02  4.09828761E-04
4.85398682E-01  2.50737220E-02  4.19530057E-04
4.85697297E-01  2.43260097E-02  4.13017755E-04
4.85995912E-01  2.45343875E-02  4.15956572E-04
4.86294527E-01  2.35525295E-02  4.04338993E-04
4.86593142E-01  2.38279123E-02  4.07627551E-04
4.86891757E-01  2.43035778E-02  4.12517984E-04
4.87190372E-01  2.42903922E-02  4.12829744E-04
4.87488987E-01  2.45484486E-02  4.11144312E-04
4.87787602E-01  2.40293201E-02  4.09875269E-04
4.88086217E-01  2.40482166E-02  4.08066058E-04
4.88384832E-01  2.35530622E-02  4.04765888E-04
4.88683447E-01  2.40439251E-02  4.10005130E-04
4.88982062E-01  2.46334299E-02  4.12278605E-04
4.89280677E-01  2.47937888E-02  4.16247000E-04
4.89579292E-01  2.42346115E-02  4.09756787E-04
4.89877907E-01  2.44778190E-02  4.11290268E-04
4.90176522E-01  2.39770859E-02  4.06041509E-04
4.90475137E-01  2.42262334E-02  4.09381115E-04
4.90773752E-01  2.41069403E-02  4.08065011E-04
4.91072367E-01  2.44811326E-02  4.11636604E-04
4.91370982E-01  2.44356412E-02  4.10118693E-04
4.91669597E-01  2.43493356E-02  4.10116802E-04
4.91968212E-01  2.41845232E-02  4.09554370E-04
4.92266827E-01  2.39922777E-02  4.07410233E-04
4.92565442E-01  2.44680643E-02  4.09167260E-04
4.92864057E-01  2.44971886E-02  4.10746899E-04
4.93162672E-01  2.43488457E-02  4.10224951E-04
4.93461287E-01  2.43214127E-02  4.09995555E-04
4.93759902E-01  2.41872352E-02  4.05606901E-04
4.94058517E-01  2.44999733E-02  4.10159875E-04
4.94357132E-01  2.42861640E-02  4.07552521E-04
4.94655747E-01  2.37299670E-02  4.06011386E-04
4.94954362E-01  2.38553472E-02  4.02024685E-04
4.95252977E-01  2.43185405E-02  4.08441032E-04
4.95551592E-01  2.44863238E-02  4.11085144E-04
4.95850207E-01  2.36008950E-02  4.02978068E-04
4.96148822E-01  2.44736858E-02  4.07611777E-04
4.96447437E-01  2.45840959E-02  4.10877867E-04
4.96746052E-01  2.48269103E-02  4.12182009E-04
4.97044667E-01  2.40233652E-02  4.08114691E-04
4.97343282E-01  2.49109771E-02  4.10533743E-04
4.97641897E-01  2.43587326E-02  4.05360071E-04
4.97940512E-01  2.37105824E-02  4.04027262E-04
4.98239127E-01  2.41947919E-02  4.06706939E-04
4.98537742E-01  2.51292959E-02  4.15317714E-04
4.98836357E-01  2.47037224E-02  4.09235421E-04
4.99134972E-01  2.40723696E-02  4.05682076E-04
4.99433587E-01  2.41417941E-02  4.07489075E-04
4.99732202E-01  2.55530234E-02  4.16834722E-04
5.00030817E-01  2.42487937E-02  4.05557221E-04
5.00329432E-01  2.46899147E-02  4.10246954E-04
5.00628047E-01  2.43970137E-02  4.07808082E-04
5.00926662E-01  2.41982825E-02  4.08384396E-04
5.01225277E-01  2.43336782E-02  4.04774997E-04
5.01523892E-01  2.36078091E-02  3.98987817E-04
5.01822507E-01  2.42458414E-02  4.06247127E-04
5.02121122E-01  2.35275123E-02  4.01082449E-04
5.02419737E-01  2.49926131E-02  4.12664405E-04
5.02718352E-01  2.45051533E-02  4.08419204E-04
5.03016967E-01  2.45136265E-02  4.08390304E-04
5.03315582E-01  2.49356590E-02  4.13020956E-04
5.03614197E-01  2.41872706E-02  4.03569837E-04
5.03912812E-01  2.46463213E-02  4.09296656E-04
5.04211427E-01  2.46995166E-02  4.08829306E-04
5.04510042E-01  2.42540054E-02  4.07242303E-04
5.04808657E-01  2.46434156E-02  4.07065148E-04
5.05107272E-01  2.43533887E-02  4.06965177E-04
5.05405887E-01  2.42833924E-02  4.04779421E-04
5.05704502E-01  2.47349981E-02  4.11678600E-04
5.06003117E-01  2.46696789E-02  4.08895954E-04
5.06301732E-01  2.44559664E-02  4.06921812E-04
5.06600347E-01  2.46797130E-02  4.07275948E-04
5.06898962E-01  2.33624838E-02  3.98907257E-04
5.07197577E-01  2.45827846E-02  4.10111970E-04
5.07496192E-01  2.37828381E-02  3.98545293E-04
5.07794807E-01  2.39468031E-02  4.05180239E-04
5.08093422E-01  2.44752113E-02  4.06791776E-04
5.08392037E-01  2.42668595E-02  4.05859348E-04
5.08690652E-01  2.44220831E-02  4.04958992E-04
5.08989267E-01  2.46381443E-02  4.08149092E-04
5.09287882E-01  2.42444593E-02  4.06281004E-04
5.09586497E-01  2.45265141E-02  4.07026528E-04
5.09885112E-01  2.39779521E-02  4.02153906E-04
5.10183727E-01  2.39493567E-02  4.02410747E-04
5.10482342E-01  2.48725079E-02  4.09288856E-04
5.10780957E-01  2.42816489E-02  4.05596482E-04
5.11079572E-01  2.46587079E-02  4.07930376E-04
5.11378187E-01  2.40904111E-02  4.03303333E-04
5.11676802E-01  2.45270096E-02  4.09981032E-04
5.11975417E-01  2.38268245E-02  4.00013232E-04
5.12274032E-01  2.40521375E-02  4.02493402E-04
5.12572647E-01  2.42834482E-02  4.04724153E-04
5.12871262E-01  2.42577661E-02  4.04015649E-04
5.13169877E-01  2.37342399E-02  4.02506586E-04
5.13468492E-01  2.42009219E-02  4.01678495E-04
5.13767107E-01  2.48019360E-02  4.08127555E-04
5.14065722E-01  2.41455715E-02  4.05079132E-04
5.14364337E-01  2.45432053E-02  4.07696672E-04
5.14662952E-01  2.46573854E-02  4.07741143E-04
5.14961567E-01  2.45465767E-02  4.05631581E-04
5.15260182E-01  2.37595756E-02  4.01438097E-04
5.15558797E-01  2.39939224E-02  4.02026140E-04
5.15857412E-01  2.38579623E-02  4.00592457E-04
5.16156027E-01  2.40449775E-02  4.03051352E-04
5.16454642E-01  2.41230000E-02  4.03905520E-04
5.16753257E-01  2.47990191E-02  4.08522290E-04
5.17051872E-01  2.43577808E-02  4.06471430E-04
5.17350487E-01  2.48417091E-02  4.07679618E-04
5.17649102E-01  2.46530119E-02  4.07223677E-04
5.17947717E-01  2.42088977E-02  4.03145794E-04
5.18246332E-01  2.34109983E-02  3.96739604E-04
5.18544947E-01  2.47048400E-02  4.08861408E-04
5.18843562E-01  2.44773757E-02  4.07278014E-04
5.19142177E-01  2.42113676E-02  4.03075188E-04
5.19440792E-01  2.40186621E-02  4.01371624E-04
5.19739407E-01  2.44086757E-02  4.05015191E-04
5.20038022E-01  2.39037648E-02  4.02783480E-04
5.20336637E-01  2.44173296E-02  4.04991530E-04
5.20635252E-01  2.47614533E-02  4.07737534E-04
5.20933867E-01  2.45694630E-02  4.06453997E-04
5.21232482E-01  2.42010970E-02  4.02904203E-04
5.21531097E-01  2.49667168E-02  4.10839100E-04
5.21829712E-01  2.37419922E-02  4.00341814E-04
5.22128327E-01  2.43656226E-02  4.04970342E-04
5.22426942E-01  2.47810967E-02  4.06520703E-04
5.22725557E-01  2.36402582E-02  3.99194309E-04
5.23024172E-01  2.40381137E-02  4.01752768E-04
5.23322787E-01  2.38411538E-02  4.00989113E-04
5.23621402E-01  2.40452737E-02  4.01816302E-04
5.23920017E-01  2.42392402E-02  4.05624422E-04
5.24218632E-01  2.41673198E-02  4.01563535E-04
5.24517247E-01  2.43310202E-02  4.04004822E-04
5.24815862E-01  2.43337043E-02  4.05618077E-04
5.25114477E-01  2.43695322E-02  4.04032064E-04
5.25413092E-01  2.34997440E-02  3.97729862E-04
5.25711707E-01  2.41396967E-02  4.03506914E-04
5.26010322E-01  2.46023983E-02  4.05173341E-04
5.26308937E-01  2.42471751E-02  4.03615384E-04
5.26607552E-01  2.43496988E-02  4.04370716E-04
5.26906167E-01  2.43961997E-02  4.04363091E-04
5.27204782E-01  2.38633435E-02  4.02388076E-04
5.27503397E-01  2.43369490E-02  4.04270482E-04
5.27802012E-01  2.37981435E-02  3.99869983E-04
5.28100627E-01  2.37889420E-02  4.00678051E-04
5.28399242E-01  2.41014939E-02  3.99588171E-04
5.28697857E-01  2.45360564E-02  4.06625331E-04
5.28996472E-01  2.37672459E-02  3.99520039E-04
5.29295087E-01  2.41410099E-02  4.04037157E-04
5.29593702E-01  2.36089379E-02  3.97027266E-04
5.29892317E-01  2.39007343E-02  4.00352379E-04
5.30190932E-01  2.46745460E-02  4.08583932E-04
5.30489547E-01  2.37097461E-02  3.98948236E-04
5.30788162E-01  2.39719767E-02  4.00367891E-04
5.31086777E-01  2.40744445E-02  4.02303791E-04
5.31385392E-01  2.40009483E-02  3.99738317E-04
5.31684007E-01  2.38378253E-02  4.00423683E-04
5.31982622E-01  2.44112778E-02  4.05114115E-04
5.32281237E-01  2.39426121E-02  4.01110126E-04
5.32579852E-01  2.35666353E-02  3.98633681E-04
5.32878467E-01  2.43880805E-02  4.04729159E-04
5.33177082E-01  2.45111100E-02  4.06547013E-04
5.33475697E-01  2.41870601E-02  4.01006808E-04
5.33774312E-01  2.41751485E-02  4.02472215E-04
5.34072927E-01  2.37512961E-02  4.01584955E-04
5.34371542E-01  2.48421598E-02  4.06702398E-04
5.34670157E-01  2.32739430E-02  3.92896589E-04
5.34968772E-01  2.40928847E-02  4.03571030E-04
5.35267387E-01  2.41494905E-02  4.02268081E-04
5.35566002E-01  2.34733652E-02  3.98254284E-04
5.35864617E-01  2.42123455E-02  4.01425990E-04
5.36163232E-01  2.40582023E-02  4.02594887E-04
5.36461847E-01  2.43273303E-02  4.04445658E-04
5.36760462E-01  2.45005358E-02  4.05092083E-04
5.37059077E-01  2.39034146E-02  3.99445707E-04
5.37357692E-01  2.42486261E-02  4.04988386E-04
5.37656307E-01  2.46743262E-02  4.05150960E-04
5.37954922E-01  2.33072881E-02  3.98429751E-04
5.38253537E-01  2.35334579E-02  3.93208524E-04
5.38552152E-01  2.45234668E-02  4.05194383E-04
5.38850767E-01  2.39592008E-02  4.01782891E-04
5.39149382E-01  2.38008667E-02  4.00651654E-04
5.39447997E-01  2.37609260E-02  3.98850709E-04
5.39746612E-01  2.42859218E-02  4.03924729E-04
5.40045227E-01  2.44197231E-02  4.03755897E-04
5.40343842E-01  2.35319920E-02  3.98389791E-04
5.40642457E-01  2.39026882E-02  3.99656885E-04
5.40941072E-01  2.40632351E-02  4.00609017E-04
5.41239687E-01  2.45863907E-02  4.09035303E-04
5.41538302E-01  2.41712164E-02  4.02685866E-04
5.41836917E-01  2.52625644E-02  4.11276618E-04
5.42135532E-01  2.47442201E-02  4.04287101E-04
5.42434147E-01  2.40176134E-02  4.01410158E-04
5.42732762E-01  2.44361591E-02  4.06086619E-04
5.43031377E-01  2.41859853E-02  4.05301136E-04
5.43329992E-01  2.37771794E-02  3.96506657E-04
5.43628607E-01  2.39849910E-02  4.01145138E-04
5.43927222E-01  2.38825381E-02  4.00779158E-04
5.44225837E-01  2.41334438E-02  4.03177110E-04
5.44524452E-01  2.41886582E-02  4.00702993E-04
5.44823067E-01  2.37725098E-02  3.99665005E-04
5.45121682E-01  2.38487870E-02  3.99818877E-04
5.45420297E-01  2.36039385E-02  3.97957396E-04
5.45718912E-01  2.39785295E-02  4.00031247E-04
5.46017527E-01  2.40505692E-02  4.01512574E-04
5.46316142E-01  2.41543539E-02  4.01792058E-04
5.46614757E-01  2.38142591E-02  4.01503348E-04
5.46913372E-01  2.40743198E-02  3.99577228E-04
5.47211987E-01  2.38285158E-02  3.99760058E-04
5.47510602E-01  2.33855583E-02  3.96707415E-04
5.47809217E-01  2.41437759E-02  4.01616096E-04
5.48107832E-01  2.37451978E-02  4.00338962E-04
5.48406447E-01  2.42814366E-02  4.02959355E-04
5.48705062E-01  2.31125522E-02  3.92189075E-04
5.49003677E-01  2.45472454E-02  4.07651329E-04
5.49302292E-01  2.35001966E-02  3.94418545E-04
5.49600907E-01  2.42521781E-02  4.04202990E-04
5.49899522E-01  2.47414019E-02  4.06966195E-04
5.50198137E-01  2.32307296E-02  3.95506213E-04
5.50496752E-01  2.44235341E-02  4.04150487E-04
5.50795367E-01  2.38195974E-02  3.98156291E-04
5.51093982E-01  2.41165198E-02  4.01997851E-04
5.51392597E-01  2.37887371E-02  4.00334044E-04
5.51691212E-01  2.37940252E-02  3.99012992E-04
5.51989827E-01  2.42590904E-02  4.02699428E-04
5.52288442E-01  2.41828058E-02  4.00221848E-04
5.52587057E-01  2.40789987E-02  4.00815945E-04
5.52885672E-01  2.42028236E-02  4.02042468E-04
5.53184287E-01  2.40510423E-02  3.99135868E-04
5.53482902E-01  2.35497542E-02  3.95528914E-04
5.53781517E-01  2.41333190E-02  4.01275669E-04
5.54080132E-01  2.41250936E-02  4.00917255E-04
5.54378747E-01  2.36422215E-02  3.93654482E-04
5.54677362E-01  2.41481699E-02  3.99758108E-04
5.54975977E-01  2.43656635E-02  4.02917183E-04
5.55274592E-01  2.39881333E-02  3.98531149E-04
5.55573207E-01  2.42065527E-02  3.95978306E-04
5.55871822E-01  2.39281934E-02  3.96605959E-04
5.56170437E-01  2.36056559E-02  3.94966570E-04
5.56469052E-01  2.37687882E-02  3.96808377E-04
5.56767667E-01  2.39849463E-02  3.96513118E-04
5.57066282E-01  2.40343176E-02  3.97492287E-04
5.57364897E-01  2.38240641E-02  3.92941671E-04
5.57663512E-01  2.44809967E-02  4.00789635E-04
5.57962127E-01  2.40123030E-02  3.95616167E-04
5.58260742E-01  2.40419079E-02  3.93812254E-04
5.58559357E-01  2.39860322E-02  3.97673895E-04
5.58857972E-01  2.40949150E-02  3.98004893E-04
5.59156587E-01  2.38297395E-02  3.92076530E-04
5.59455202E-01  2.36821696E-02  3.93176771E-04
5.59753817E-01  2.32137963E-02  3.87435080E-04
5.60052432E-01  2.35697646E-02  3.91688634E-04
5.60351047E-01  2.39739846E-02  3.93917027E-04
5.60649662E-01  2.30196640E-02  3.84462852E-04
5.60948277E-01  2.34285351E-02  3.88591172E-04
5.61246892E-01  2.44745128E-02  3.97920114E-04
5.61545507E-01  2.46122591E-02  3.98477860E-04
5.61844122E-01  2.43397299E-02  3.93962313E-04
5.62142737E-01  2.47781500E-02  4.00953548E-04
5.62441352E-01  2.35046819E-02  3.87779466E-04
5.62739967E-01  2.42162645E-02  3.93150200E-04
5.63038582E-01  2.43893024E-02  3.95750889E-04
5.63337197E-01  2.48307399E-02  3.98018485E-04
5.63635812E-01  2.31698751E-02  3.87458276E-04
5.63934427E-01  2.42278222E-02  3.92614107E-04
5.64233042E-01  2.32424475E-02  3.83662060E-04
5.64531657E-01  2.35849191E-02  3.88363958E-04
5.64830272E-01  2.36115512E-02  3.88223998E-04
5.65128887E-01  2.39162780E-02  3.91177571E-04
5.65427502E-01  2.43968330E-02  3.92630085E-04
5.65726117E-01  2.37902496E-02  3.89064196E-04
5.66024732E-01  2.42545959E-02  3.92481510E-04
5.66323347E-01  2.36380175E-02  3.87821288E-04
5.66621962E-01  2.46364940E-02  3.92491987E-04
5.66920577E-01  2.44875494E-02  3.94550123E-04
5.67219192E-01  2.38594003E-02  3.90090747E-04
5.67517807E-01  2.37037037E-02  3.88637534E-04
5.67816422E-01  2.40201764E-02  3.86418251E-04
5.68115037E-01  2.44075414E-02  3.92193411E-04
5.68413652E-01  2.48554964E-02  3.96232470E-04
5.68712267E-01  2.38766745E-02  3.88354150E-04
5.69010882E-01  2.39658337E-02  3.88012093E-04
5.69309497E-01  2.41877008E-02  3.90073488E-04
5.69608112E-01  2.34010816E-02  3.84296174E-04
5.69906727E-01  2.39886064E-02  3.88024986E-04
5.70205342E-01  2.35255994E-02  3.82694532E-04
5.70503957E-01  2.43602116E-02  3.92549380E-04
5.70802572E-01  2.43384652E-02  3.91386740E-04
5.71101187E-01  2.42531653E-02  3.91689886E-04
5.71399802E-01  2.38600243E-02  3.86552420E-04
5.71698417E-01  2.32455190E-02  3.82153987E-04
5.71997032E-01  2.38342937E-02  3.88746179E-04
5.72295647E-01  2.41972115E-02  3.91245732E-04
5.72594262E-01  2.37037782E-02  3.85644031E-04
5.72892877E-01  2.36269720E-02  3.82325466E-04
5.73191492E-01  2.41156034E-02  3.90232395E-04
5.73490107E-01  2.40685381E-02  3.90751869E-04
5.73788722E-01  2.40294319E-02  3.88380635E-04
5.74087337E-01  2.40105856E-02  3.89298279E-04
5.74385952E-01  2.40058303E-02  3.90248431E-04
5.74684567E-01  2.34924443E-02  3.85432912E-04
5.74983182E-01  2.34263595E-02  3.82959552E-04
5.75281797E-01  2.43079625E-02  3.89039458E-04
5.75580412E-01  2.40306407E-02  3.90188012E-04
5.75879027E-01  2.39334963E-02  3.88150453E-04
5.76177642E-01  2.38907076E-02  3.88428278E-04
5.76476257E-01  2.40911916E-02  3.88365588E-04
5.76774872E-01  2.33739670E-02  3.84473504E-04
5.77073487E-01  2.40240656E-02  3.89516848E-04
5.77372102E-01  2.44284458E-02  3.93597846E-04
5.77670717E-01  2.36494001E-02  3.84708401E-04
5.77969332E-01  2.42470037E-02  3.90877365E-04
5.78267947E-01  2.38777865E-02  3.88783839E-04
5.78566562E-01  2.41025686E-02  3.89715453E-04
5.78865177E-01  2.41758656E-02  3.88621265E-04
5.79163792E-01  2.40510534E-02  3.89749563E-04
5.79462407E-01  2.40008850E-02  3.88987653E-04
5.79761022E-01  2.47488301E-02  3.96552728E-04
5.80059637E-01  2.37186253E-02  3.84412997E-04
5.80358252E-01  2.44134832E-02  3.92593094E-04
5.80656867E-01  2.36701090E-02  3.87462293E-04
5.80955482E-01  2.36322954E-02  3.87154665E-04


### HEADER:
#
#{
#    "analysis": {},
#    "calibration_params": {
#        "Beam_Center_X": 1061.0,
#        "Beam_Center_Y": 2093.0,
#        "Detector Tilt": 0.0,
#        "Detector Tilt Plane Rotation": 0.0,
#        "Detector_X_Pixel_Size": 75.0,
#        "Detector_Y_Pixel_Size": 75.0,
#        "Integration Method": "nosplit_csr",
#        "Radial_Average_Method": "pyFAI",
#        "Sample-to-detector distance (mm)": 1782.0,
#        "Wavelength (A)": 0.8823505857220345
#    },
#    "config_file": "/Users/jwinnikoff/Documents/MBARI/SAXS/HPSAXS_7A_Feb2023/HPSAXS_02_19_23.cfg",
#    "counters": {
#        "Epoch": "82.382",
#        "I1": "0",
#        "I2": "0",
#        "I3": "0",
#        "Seconds": "1",
#        "Time": "2.09808e-05",
#        "date": "Sun Feb 19 23:18:22 2023",
#        "diode": "57016"
#    },
#    "filename": "JWL0320_35C_010MPa_dn_3_data_000001_00001.h5",
#    "history": {},
#    "imageHeader": {},
#    "load_path": "/Users/jwinnikoff/Documents/MBARI/SAXS/HPSAXS_7A_Feb2023/JWL0320_SOPE_DOPE_TS+/JWL0320_35C_010MPa_dn_3_data_000001.h5",
#    "normalizations": {
#        "Absolute_scale": {
#            "Absolute_scale_factor": 0.005174693841759343,
#            "Method": "Water"
#        },
#        "Counter_norms": [
#            [
#                "/",
#                "diode/150000"
#            ]
#        ],
#        "Polarization": {
#            "Used": false
#        },
#        "Solid_Angle_Correction": "On"
#    },
#    "raw_version": "2.1.4"
#}

