### DATA:
#
# 1908
#      Q             I(Q)           Error     
1.14966775E-02  0.00000000E+00  0.00000000E+00
1.17952925E-02  1.23549843E+00  3.87992375E-02
1.20939075E-02  1.27266097E+00  2.78447624E-02
1.23925225E-02  1.43248010E+00  2.41204742E-02
1.26911375E-02  1.28007972E+00  2.14181170E-02
1.29897525E-02  1.20828760E+00  2.02225633E-02
1.32883675E-02  1.09097373E+00  1.84619334E-02
1.35869825E-02  1.04275942E+00  1.71893816E-02
1.38855975E-02  9.59087968E-01  1.54430699E-02
1.41842125E-02  9.22386825E-01  1.54635822E-02
1.44828275E-02  8.67125034E-01  1.48362042E-02
1.47814425E-02  7.93660343E-01  1.37700289E-02
1.50800575E-02  7.40813553E-01  1.28107863E-02
1.53786725E-02  7.32245326E-01  1.19959647E-02
1.56772875E-02  6.87721729E-01  1.17204487E-02
1.59759025E-02  6.16880953E-01  1.03622610E-02
1.62745175E-02  5.73684394E-01  9.85310599E-03
1.65731325E-02  5.55088758E-01  9.82958451E-03
1.68717475E-02  5.33620358E-01  8.85075238E-03
1.71703625E-02  5.13534248E-01  9.13391914E-03
1.74689775E-02  4.81563151E-01  8.16560630E-03
1.77675925E-02  4.42255914E-01  7.69519014E-03
1.80662075E-02  4.37045306E-01  7.96208624E-03
1.83648225E-02  4.07476872E-01  6.90936577E-03
1.86634375E-02  4.03498560E-01  7.19387084E-03
1.89620525E-02  3.95027697E-01  6.70695491E-03
1.92606675E-02  3.55458915E-01  6.45329664E-03
1.95592825E-02  3.56933862E-01  6.52976334E-03
1.98578975E-02  3.28264594E-01  5.79752028E-03
2.01565125E-02  3.17016482E-01  5.89906611E-03
2.04551275E-02  3.07513624E-01  5.45319216E-03
2.07537425E-02  2.97781944E-01  5.24283526E-03
2.10523575E-02  2.74810106E-01  4.75652236E-03
2.13509725E-02  2.72846133E-01  4.44844645E-03
2.16495875E-02  2.53423601E-01  4.27449076E-03
2.19482025E-02  2.58781999E-01  4.00072057E-03
2.22468175E-02  2.55333573E-01  4.15740302E-03
2.25454325E-02  2.31563091E-01  3.63105023E-03
2.28440475E-02  2.35209391E-01  3.74814868E-03
2.31426625E-02  2.23049492E-01  3.52276117E-03
2.34412775E-02  2.17985183E-01  3.34768090E-03
2.37398925E-02  2.03315914E-01  3.35566932E-03
2.40385075E-02  2.04348281E-01  3.16221011E-03
2.43371225E-02  1.93582892E-01  3.07778874E-03
2.46357375E-02  1.90564618E-01  3.13668000E-03
2.49343525E-02  1.85663044E-01  2.94406689E-03
2.52329675E-02  1.83231413E-01  3.06924176E-03
2.55315825E-02  1.77533939E-01  2.83050677E-03
2.58301975E-02  1.67298555E-01  2.76309578E-03
2.61288125E-02  1.65174395E-01  2.83731101E-03
2.64274275E-02  1.64941043E-01  2.65550800E-03
2.67260425E-02  1.58968851E-01  2.74533429E-03
2.70246575E-02  1.57027662E-01  2.55540758E-03
2.73232725E-02  1.52994528E-01  2.60362006E-03
2.76218875E-02  1.52148098E-01  2.63501890E-03
2.79205025E-02  1.50107905E-01  2.52006506E-03
2.82191175E-02  1.43694699E-01  2.45712744E-03
2.85177325E-02  1.41544953E-01  2.39768974E-03
2.88163475E-02  1.36277974E-01  2.42658099E-03
2.91149625E-02  1.38473123E-01  2.37549329E-03
2.94135775E-02  1.31084681E-01  2.28466233E-03
2.97121925E-02  1.28404558E-01  2.27988977E-03
3.00108075E-02  1.24495603E-01  2.17048125E-03
3.03094225E-02  1.23664200E-01  2.26005027E-03
3.06080375E-02  1.20647758E-01  2.16028770E-03
3.09066525E-02  1.16657175E-01  2.09454913E-03
3.12052675E-02  1.17971890E-01  2.17093481E-03
3.15038825E-02  1.13321453E-01  2.03629886E-03
3.18024975E-02  1.12303093E-01  2.05826969E-03
3.21011125E-02  1.16655476E-01  2.02978868E-03
3.23997275E-02  1.12675279E-01  1.94209989E-03
3.26983425E-02  1.09934911E-01  1.93434698E-03
3.29969575E-02  1.07505292E-01  1.80738606E-03
3.32955725E-02  1.10179320E-01  1.82972651E-03
3.35941875E-02  1.04302637E-01  1.69760559E-03
3.38928025E-02  9.82982516E-02  1.69681630E-03
3.41914175E-02  1.02605708E-01  1.68183481E-03
3.44900325E-02  9.89197418E-02  1.64025486E-03
3.47886474E-02  1.00498237E-01  1.62453554E-03
3.50872624E-02  9.68463719E-02  1.56468619E-03
3.53858774E-02  9.84736457E-02  1.62749679E-03
3.56844924E-02  9.57377926E-02  1.54295424E-03
3.59831074E-02  9.51473266E-02  1.51218125E-03
3.62817224E-02  9.11969841E-02  1.51679304E-03
3.65803374E-02  9.14099589E-02  1.47205824E-03
3.68789524E-02  8.73964727E-02  1.48793636E-03
3.71775674E-02  9.00083184E-02  1.47514988E-03
3.74761824E-02  8.94625038E-02  1.43144582E-03
3.77747974E-02  8.67275745E-02  1.41606655E-03
3.80734124E-02  8.62796605E-02  1.39016157E-03
3.83720274E-02  8.58197957E-02  1.43192185E-03
3.86706424E-02  8.54026377E-02  1.36074983E-03
3.89692574E-02  8.37309435E-02  1.38744572E-03
3.92678724E-02  8.51776302E-02  1.41006336E-03
3.95664874E-02  8.46656486E-02  1.35486713E-03
3.98651024E-02  8.34917054E-02  1.34664041E-03
4.01637174E-02  8.20171982E-02  1.31265330E-03
4.04623324E-02  8.11953992E-02  1.35231786E-03
4.07609474E-02  7.97369704E-02  1.29316421E-03
4.10595624E-02  7.93550909E-02  1.31638313E-03
4.13581774E-02  7.87919089E-02  1.28769712E-03
4.16567924E-02  7.95559734E-02  1.26791489E-03
4.19554074E-02  7.93734193E-02  1.30260468E-03
4.22540224E-02  7.86447749E-02  1.28649559E-03
4.25526374E-02  7.69600719E-02  1.25541433E-03
4.28512524E-02  7.81820118E-02  1.26961677E-03
4.31498674E-02  7.70979598E-02  1.24611147E-03
4.34484824E-02  7.36883879E-02  1.25619397E-03
4.37470974E-02  7.58376494E-02  1.21986039E-03
4.40457124E-02  7.53293708E-02  1.22168229E-03
4.43443274E-02  7.29662776E-02  1.22550211E-03
4.46429424E-02  7.43505731E-02  1.20979233E-03
4.49415574E-02  7.51238391E-02  1.25520595E-03
4.52401724E-02  7.20184743E-02  1.17464794E-03
4.55387874E-02  7.12709576E-02  1.18735468E-03
4.58374024E-02  7.18446672E-02  1.19212444E-03
4.61360174E-02  7.04968646E-02  1.16400584E-03
4.64346324E-02  7.01144263E-02  1.18346070E-03
4.67332474E-02  6.88366592E-02  1.13597407E-03
4.70318624E-02  6.95129931E-02  1.17548788E-03
4.73304774E-02  7.15779737E-02  1.18606759E-03
4.76290924E-02  6.85156733E-02  1.13594835E-03
4.79277074E-02  6.93904087E-02  1.13617443E-03
4.82263224E-02  6.85416907E-02  1.12152647E-03
4.85249374E-02  6.80031627E-02  1.15143880E-03
4.88235524E-02  7.00139552E-02  1.13953091E-03
4.91221674E-02  6.68812841E-02  1.10702694E-03
4.94207824E-02  6.78517073E-02  1.12695561E-03
4.97193974E-02  6.62516132E-02  1.09361240E-03
5.00180124E-02  6.60749599E-02  1.12249725E-03
5.03166274E-02  6.59300163E-02  1.08934322E-03
5.06152424E-02  6.66478351E-02  1.09850778E-03
5.09138574E-02  6.66203126E-02  1.11157424E-03
5.12124724E-02  6.53750822E-02  1.07215496E-03
5.15110874E-02  6.47515208E-02  1.08600082E-03
5.18097024E-02  6.69750348E-02  1.08834181E-03
5.21083174E-02  6.46827593E-02  1.06800650E-03
5.24069324E-02  6.58714846E-02  1.07855676E-03
5.27055474E-02  6.75336942E-02  1.08502747E-03
5.30041624E-02  6.44393861E-02  1.08015840E-03
5.33027774E-02  6.49540946E-02  1.05956639E-03
5.36013924E-02  6.41087666E-02  1.05867337E-03
5.39000074E-02  6.42564297E-02  1.04210270E-03
5.41986224E-02  6.21227324E-02  1.04515022E-03
5.44972374E-02  6.34635910E-02  1.04291236E-03
5.47958524E-02  6.51016459E-02  1.04893569E-03
5.50944674E-02  6.64708167E-02  1.07645930E-03
5.53930824E-02  6.34777248E-02  1.02866255E-03
5.56916974E-02  6.46044239E-02  1.03211962E-03
5.59903124E-02  6.42100945E-02  1.05050928E-03
5.62889274E-02  6.20785914E-02  1.01037684E-03
5.65875424E-02  6.20352998E-02  1.02822506E-03
5.68861574E-02  6.25556111E-02  1.01425231E-03
5.71847724E-02  6.57629222E-02  1.03298202E-03
5.74833874E-02  6.30166605E-02  1.02213072E-03
5.77820024E-02  6.34037256E-02  1.01293728E-03
5.80806174E-02  6.45818040E-02  1.04765524E-03
5.83792324E-02  6.51003942E-02  1.01434975E-03
5.86778474E-02  6.40436858E-02  1.02211838E-03
5.89764624E-02  6.29784018E-02  1.02461490E-03
5.92750774E-02  6.22325912E-02  9.77287767E-04
5.95736924E-02  6.22657984E-02  1.00783282E-03
5.98723074E-02  6.05997182E-02  9.73622955E-04
6.01709224E-02  6.09438829E-02  9.75133327E-04
6.04695374E-02  6.24897853E-02  1.00295455E-03
6.07681524E-02  6.22210689E-02  9.90384724E-04
6.10667674E-02  6.23939447E-02  9.96932271E-04
6.13653824E-02  6.11567385E-02  9.64564562E-04
6.16639974E-02  5.97115979E-02  9.65226965E-04
6.19626124E-02  6.41980171E-02  1.00211590E-03
6.22612274E-02  6.10793680E-02  9.59177793E-04
6.25598424E-02  6.17936067E-02  9.85705643E-04
6.28584574E-02  6.25871122E-02  9.75781993E-04
6.31570724E-02  6.20282963E-02  9.80018754E-04
6.34556874E-02  6.22781031E-02  9.55639814E-04
6.37543024E-02  6.07483275E-02  9.56577656E-04
6.40529174E-02  6.13007657E-02  9.74256138E-04
6.43515324E-02  6.31488934E-02  9.69915767E-04
6.46501474E-02  6.34939149E-02  9.93427238E-04
6.49487624E-02  6.30636886E-02  9.53651324E-04
6.52473774E-02  6.33783340E-02  9.64047562E-04
6.55459924E-02  6.35825172E-02  9.76230542E-04
6.58446074E-02  6.33198246E-02  9.63603554E-04
6.61432224E-02  6.38974309E-02  9.78646218E-04
6.64418374E-02  6.28823116E-02  9.46696440E-04
6.67404524E-02  6.36068881E-02  9.64626961E-04
6.70390674E-02  6.30864054E-02  9.65319283E-04
6.73376824E-02  6.28488734E-02  9.38251906E-04
6.76362974E-02  6.27380535E-02  9.60326404E-04
6.79349124E-02  6.43877015E-02  9.51311493E-04
6.82335274E-02  6.49066418E-02  9.61817394E-04
6.85321424E-02  6.49581850E-02  9.73654969E-04
6.88307574E-02  6.32160604E-02  9.41532780E-04
6.91293724E-02  6.50502145E-02  9.69711342E-04
6.94279874E-02  6.36430532E-02  9.36129712E-04
6.97266024E-02  6.34104982E-02  9.50670394E-04
7.00252174E-02  6.31883219E-02  9.41328530E-04
7.03238324E-02  6.53469339E-02  9.49653622E-04
7.06224474E-02  6.47415817E-02  9.59476805E-04
7.09210624E-02  6.48126453E-02  9.47914028E-04
7.12196774E-02  6.64098486E-02  9.57347627E-04
7.15182924E-02  6.49182200E-02  9.25798609E-04
7.18169074E-02  6.56801909E-02  9.56417527E-04
7.21155224E-02  6.58415854E-02  9.54326068E-04
7.24141374E-02  6.54309541E-02  9.45992419E-04
7.27127524E-02  6.76818490E-02  9.57836572E-04
7.30113674E-02  6.53493851E-02  9.33943957E-04
7.33099824E-02  6.74496889E-02  9.54073505E-04
7.36085974E-02  6.88519403E-02  9.67158994E-04
7.39072124E-02  6.80653751E-02  9.43896943E-04
7.42058274E-02  6.86010197E-02  9.67556087E-04
7.45044424E-02  6.86914995E-02  9.51300026E-04
7.48030574E-02  7.08357692E-02  9.72362177E-04
7.51016724E-02  6.96155503E-02  9.62897437E-04
7.54002874E-02  6.95334077E-02  9.46931541E-04
7.56989024E-02  6.88872933E-02  9.58897464E-04
7.59975174E-02  7.07019866E-02  9.55868745E-04
7.62961324E-02  7.04525039E-02  9.57231561E-04
7.65947474E-02  7.06117153E-02  9.55259660E-04
7.68933624E-02  7.13446662E-02  9.61225189E-04
7.71919774E-02  7.19942898E-02  9.76019946E-04
7.74905924E-02  7.04995617E-02  9.44538857E-04
7.77892074E-02  7.48491436E-02  9.79361939E-04
7.80878224E-02  7.39762634E-02  9.65546758E-04
7.83864374E-02  7.52803162E-02  9.72513226E-04
7.86850524E-02  7.53777176E-02  9.89075983E-04
7.89836674E-02  7.83207342E-02  9.95557872E-04
7.92822824E-02  7.83354267E-02  9.87482374E-04
7.95808974E-02  7.97326118E-02  9.87216248E-04
7.98795124E-02  8.11638609E-02  1.01558026E-03
8.01781274E-02  8.06542933E-02  1.02094037E-03
8.04767424E-02  8.49999860E-02  1.02135714E-03
8.07753574E-02  8.58580172E-02  1.03699614E-03
8.10739724E-02  8.80505890E-02  1.03847974E-03
8.13725874E-02  9.01794359E-02  1.04675977E-03
8.16712024E-02  9.17081609E-02  1.07284856E-03
8.19698174E-02  9.39799175E-02  1.05809362E-03
8.22684324E-02  9.67116952E-02  1.09609868E-03
8.25670474E-02  9.67426449E-02  1.08310604E-03
8.28656624E-02  9.98065397E-02  1.10786792E-03
8.31642774E-02  1.01644740E-01  1.10255682E-03
8.34628924E-02  1.06685974E-01  1.13067857E-03
8.37615074E-02  1.08978122E-01  1.15999836E-03
8.40601224E-02  1.12560041E-01  1.15459866E-03
8.43587374E-02  1.17393069E-01  1.18373719E-03
8.46573524E-02  1.19599812E-01  1.18900358E-03
8.49559674E-02  1.25069052E-01  1.22422725E-03
8.52545824E-02  1.28594801E-01  1.24381238E-03
8.55531974E-02  1.34045243E-01  1.24910974E-03
8.58518124E-02  1.42612681E-01  1.29460788E-03
8.61504274E-02  1.50076509E-01  1.31418731E-03
8.64490424E-02  1.51785195E-01  1.34338962E-03
8.67476574E-02  1.63394302E-01  1.39110629E-03
8.70462724E-02  1.74387529E-01  1.41330785E-03
8.73448874E-02  1.85097426E-01  1.46713387E-03
8.76435024E-02  1.95541158E-01  1.49307214E-03
8.79421174E-02  2.12986454E-01  1.58364093E-03
8.82407324E-02  2.27875322E-01  1.63176539E-03
8.85393474E-02  2.45435894E-01  1.66963192E-03
8.88379624E-02  2.68187493E-01  1.75846473E-03
8.91365774E-02  2.92335927E-01  1.81208458E-03
8.94351924E-02  3.19969058E-01  1.90993119E-03
8.97338074E-02  3.53204876E-01  1.99550786E-03
9.00324224E-02  3.89667600E-01  2.09018961E-03
9.03310374E-02  4.36277568E-01  2.23649759E-03
9.06296524E-02  4.89473343E-01  2.34047789E-03
9.09282674E-02  5.58092654E-01  2.49686511E-03
9.12268824E-02  6.36124074E-01  2.66083865E-03
9.15254974E-02  7.27949560E-01  2.83607631E-03
9.18241124E-02  8.39120626E-01  3.09010223E-03
9.21227274E-02  9.73618805E-01  3.29790264E-03
9.24213424E-02  1.13497472E+00  3.50027531E-03
9.27199574E-02  1.34888375E+00  3.85015248E-03
9.30185724E-02  1.60522771E+00  4.20769211E-03
9.33171874E-02  1.88982630E+00  4.61162347E-03
9.36158024E-02  2.26901841E+00  4.88045625E-03
9.39144174E-02  2.71074772E+00  5.47286402E-03
9.42130324E-02  3.17397714E+00  5.89010026E-03
9.45116474E-02  3.68422151E+00  6.31764438E-03
9.48102624E-02  4.13938713E+00  6.72650617E-03
9.51088774E-02  4.50877523E+00  6.88568084E-03
9.54074924E-02  4.71944237E+00  7.13769579E-03
9.57061074E-02  4.69590807E+00  7.10103940E-03
9.60047224E-02  4.41198111E+00  6.88909646E-03
9.63033374E-02  3.94463444E+00  6.45168545E-03
9.66019524E-02  3.34048963E+00  5.96819632E-03
9.69005674E-02  2.76622367E+00  5.41682960E-03
9.71991824E-02  2.23025393E+00  4.85118758E-03
9.74977974E-02  1.77952039E+00  4.31841007E-03
9.77964124E-02  1.43125975E+00  3.85961006E-03
9.80950274E-02  1.17088544E+00  3.51503165E-03
9.83936424E-02  9.70897794E-01  3.20219109E-03
9.86922574E-02  8.15047503E-01  2.93140835E-03
9.89908724E-02  6.97299659E-01  2.68255686E-03
9.92894874E-02  5.94427109E-01  2.46948074E-03
9.95881024E-02  5.16772270E-01  2.32117157E-03
9.98867174E-02  4.55321163E-01  2.18629162E-03
1.00185332E-01  4.03065681E-01  2.01078411E-03
1.00483947E-01  3.62750649E-01  1.93812570E-03
1.00782562E-01  3.28298181E-01  1.82149105E-03
1.01081177E-01  2.98410952E-01  1.75414491E-03
1.01379792E-01  2.74236381E-01  1.67522789E-03
1.01678407E-01  2.59424806E-01  1.61186280E-03
1.01977022E-01  2.40599856E-01  1.56913325E-03
1.02275637E-01  2.26948768E-01  1.52397004E-03
1.02574252E-01  2.12221876E-01  1.46754819E-03
1.02872867E-01  2.04894304E-01  1.42663158E-03
1.03171482E-01  1.96161404E-01  1.39476301E-03
1.03470097E-01  1.89051598E-01  1.37148832E-03
1.03768712E-01  1.79317996E-01  1.34787464E-03
1.04067327E-01  1.75796285E-01  1.31081801E-03
1.04365942E-01  1.70645893E-01  1.30622275E-03
1.04664557E-01  1.62670389E-01  1.27428921E-03
1.04963172E-01  1.59018755E-01  1.25072116E-03
1.05261787E-01  1.59782991E-01  1.25677092E-03
1.05560402E-01  1.56115681E-01  1.22937164E-03
1.05859017E-01  1.51346639E-01  1.22613227E-03
1.06157632E-01  1.51556015E-01  1.21905876E-03
1.06456247E-01  1.49173528E-01  1.20943994E-03
1.06754862E-01  1.49267942E-01  1.19548326E-03
1.07053477E-01  1.44274026E-01  1.18277257E-03
1.07352092E-01  1.44138545E-01  1.18221832E-03
1.07650707E-01  1.45281449E-01  1.18784246E-03
1.07949322E-01  1.41528562E-01  1.17053720E-03
1.08247937E-01  1.43198848E-01  1.17649126E-03
1.08546552E-01  1.42443895E-01  1.17806741E-03
1.08845167E-01  1.42558798E-01  1.15924457E-03
1.09143782E-01  1.45443454E-01  1.18474022E-03
1.09442397E-01  1.42169774E-01  1.15676969E-03
1.09741012E-01  1.45137310E-01  1.17240811E-03
1.10039627E-01  1.46322325E-01  1.18644047E-03
1.10338242E-01  1.45685375E-01  1.17645157E-03
1.10636857E-01  1.48795605E-01  1.17438915E-03
1.10935472E-01  1.51272401E-01  1.18322473E-03
1.11234087E-01  1.50338113E-01  1.19046320E-03
1.11532702E-01  1.53889939E-01  1.20351452E-03
1.11831317E-01  1.54823661E-01  1.20068865E-03
1.12129932E-01  1.56969279E-01  1.21129665E-03
1.12428547E-01  1.58184946E-01  1.21551333E-03
1.12727162E-01  1.63633645E-01  1.23109389E-03
1.13025777E-01  1.67318612E-01  1.24346337E-03
1.13324392E-01  1.70194298E-01  1.25220744E-03
1.13623007E-01  1.75551295E-01  1.27465685E-03
1.13921622E-01  1.79340959E-01  1.28932216E-03
1.14220237E-01  1.86498895E-01  1.30199327E-03
1.14518852E-01  1.93746448E-01  1.31629850E-03
1.14817467E-01  2.00057700E-01  1.35661184E-03
1.15116082E-01  2.08638936E-01  1.38435850E-03
1.15414697E-01  2.16746643E-01  1.40466471E-03
1.15713312E-01  2.31522948E-01  1.43786438E-03
1.16011927E-01  2.46437818E-01  1.48892112E-03
1.16310542E-01  2.57961065E-01  1.53700821E-03
1.16609157E-01  2.84141272E-01  1.59524230E-03
1.16907772E-01  3.08007091E-01  1.66702340E-03
1.17206387E-01  3.34650993E-01  1.73060095E-03
1.17505002E-01  3.77126694E-01  1.82579248E-03
1.17803617E-01  4.25028056E-01  1.95971620E-03
1.18102232E-01  4.94702667E-01  2.09416822E-03
1.18400847E-01  5.92648685E-01  2.29546777E-03
1.18699462E-01  7.37411857E-01  2.55493470E-03
1.18998077E-01  9.69118297E-01  2.90169474E-03
1.19296692E-01  1.32671368E+00  3.45982052E-03
1.19595307E-01  1.86833572E+00  4.03182302E-03
1.19893922E-01  2.64293694E+00  4.78508789E-03
1.20192537E-01  3.65486431E+00  5.69217559E-03
1.20491152E-01  4.74267054E+00  6.39186706E-03
1.20789767E-01  5.67961311E+00  7.05997553E-03
1.21088382E-01  6.17490482E+00  7.35080615E-03
1.21386997E-01  6.02844763E+00  7.20643345E-03
1.21685612E-01  5.26370811E+00  6.79659052E-03
1.21984227E-01  4.09711313E+00  5.95783861E-03
1.22282842E-01  2.88110995E+00  4.96095372E-03
1.22581457E-01  1.91343987E+00  4.01486456E-03
1.22880072E-01  1.28671706E+00  3.35074612E-03
1.23178687E-01  9.16994929E-01  2.80271983E-03
1.23477302E-01  6.98939204E-01  2.45380821E-03
1.23775917E-01  5.53978920E-01  2.15879828E-03
1.24074532E-01  4.63833898E-01  1.99473090E-03
1.24373147E-01  4.00411338E-01  1.85074389E-03
1.24671762E-01  3.49245161E-01  1.71883521E-03
1.24970377E-01  3.16165566E-01  1.63088972E-03
1.25268992E-01  2.86335170E-01  1.54991017E-03
1.25567607E-01  2.63003975E-01  1.47832045E-03
1.25866222E-01  2.43518159E-01  1.44534535E-03
1.26164837E-01  2.26510823E-01  1.37852656E-03
1.26463452E-01  2.14577630E-01  1.33530691E-03
1.26762067E-01  2.05129549E-01  1.31095271E-03
1.27060682E-01  1.95492685E-01  1.27628597E-03
1.27359297E-01  1.83265030E-01  1.25429884E-03
1.27657912E-01  1.76467642E-01  1.20196294E-03
1.27956527E-01  1.70845240E-01  1.18785829E-03
1.28255142E-01  1.64380282E-01  1.17354630E-03
1.28553757E-01  1.59282923E-01  1.13510317E-03
1.28852372E-01  1.55106738E-01  1.12461171E-03
1.29150987E-01  1.48518592E-01  1.10046985E-03
1.29449602E-01  1.46936730E-01  1.10124459E-03
1.29748217E-01  1.39658198E-01  1.07289804E-03
1.30046832E-01  1.39350682E-01  1.06312637E-03
1.30345447E-01  1.38822973E-01  1.05829991E-03
1.30644062E-01  1.32896617E-01  1.03409751E-03
1.30942677E-01  1.30617514E-01  1.03271892E-03
1.31241292E-01  1.28305048E-01  1.02012698E-03
1.31539907E-01  1.25453115E-01  1.00340019E-03
1.31838522E-01  1.24530599E-01  1.00434432E-03
1.32137137E-01  1.23440601E-01  1.00903248E-03
1.32435752E-01  1.18037894E-01  9.99639393E-04
1.32734367E-01  1.19087294E-01  1.00268261E-03
1.33032982E-01  1.17053442E-01  1.00457482E-03
1.33331597E-01  1.16933018E-01  1.00405910E-03
1.33630212E-01  1.15838580E-01  1.00361824E-03
1.33928827E-01  1.14548869E-01  1.01331004E-03
1.34227442E-01  1.13695867E-01  9.85201797E-04
1.34526057E-01  1.12152509E-01  9.98262782E-04
1.34824672E-01  1.12919159E-01  1.00905180E-03
1.35123287E-01  1.08720317E-01  9.84307495E-04
1.35421902E-01  1.08947664E-01  9.94096044E-04
1.35720517E-01  1.07844077E-01  9.78905126E-04
1.36019132E-01  1.06496491E-01  9.90247354E-04
1.36317747E-01  1.04075454E-01  9.69455403E-04
1.36616362E-01  1.05940312E-01  9.75218310E-04
1.36914977E-01  1.04918823E-01  9.81407356E-04
1.37213592E-01  1.05585948E-01  9.86009836E-04
1.37512207E-01  1.03793994E-01  9.87350708E-04
1.37810822E-01  1.04131617E-01  9.79198026E-04
1.38109437E-01  1.03109799E-01  9.74383031E-04
1.38408052E-01  1.04340099E-01  9.83902835E-04
1.38706667E-01  1.01146683E-01  9.70949710E-04
1.39005282E-01  1.01073645E-01  9.81158810E-04
1.39303897E-01  1.00853197E-01  9.60768142E-04
1.39602512E-01  1.00184217E-01  9.76072450E-04
1.39901127E-01  9.99866128E-02  9.73592862E-04
1.40199742E-01  9.99171957E-02  9.68746725E-04
1.40498357E-01  1.02001630E-01  9.89142340E-04
1.40796972E-01  9.99422669E-02  9.66268650E-04
1.41095587E-01  9.99166965E-02  9.80140874E-04
1.41394202E-01  9.97732952E-02  9.73316899E-04
1.41692817E-01  1.00772917E-01  9.84333921E-04
1.41991432E-01  1.00946233E-01  9.85181308E-04
1.42290047E-01  1.00140288E-01  9.74350492E-04
1.42588662E-01  1.00863770E-01  9.91053879E-04
1.42887277E-01  9.93730500E-02  9.78249940E-04
1.43185892E-01  1.00500539E-01  9.80691402E-04
1.43484507E-01  9.88564268E-02  9.80363577E-04
1.43783122E-01  9.97528732E-02  9.76655982E-04
1.44081737E-01  9.84007269E-02  9.73072951E-04
1.44380352E-01  9.90967825E-02  9.68516339E-04
1.44678967E-01  9.93959159E-02  9.59239493E-04
1.44977582E-01  1.02408357E-01  9.93086491E-04
1.45276197E-01  9.97796059E-02  9.65870451E-04
1.45574812E-01  1.00234635E-01  9.79403267E-04
1.45873427E-01  1.02686979E-01  9.68400389E-04
1.46172042E-01  1.01501636E-01  9.69721528E-04
1.46470657E-01  1.01493195E-01  9.81309335E-04
1.46769272E-01  1.02752872E-01  9.75682749E-04
1.47067887E-01  1.03209041E-01  9.75625822E-04
1.47366502E-01  1.02788769E-01  9.68886539E-04
1.47665117E-01  1.03913203E-01  9.75635543E-04
1.47963732E-01  1.05147578E-01  9.92665300E-04
1.48262347E-01  1.04877435E-01  9.80891404E-04
1.48560962E-01  1.05884455E-01  9.87077248E-04
1.48859577E-01  1.07930437E-01  9.83300968E-04
1.49158192E-01  1.08331010E-01  1.00565481E-03
1.49456807E-01  1.07989877E-01  9.92362853E-04
1.49755422E-01  1.09133206E-01  9.95002338E-04
1.50054037E-01  1.10540770E-01  1.00779370E-03
1.50352652E-01  1.12249859E-01  1.00279064E-03
1.50651267E-01  1.12912275E-01  1.02008798E-03
1.50949882E-01  1.13645449E-01  1.00752839E-03
1.51248497E-01  1.16902865E-01  1.02676812E-03
1.51547112E-01  1.19368300E-01  1.05565414E-03
1.51845727E-01  1.18282057E-01  1.02043152E-03
1.52144342E-01  1.20651320E-01  1.05607207E-03
1.52442957E-01  1.20517440E-01  1.02413306E-03
1.52741572E-01  1.24462947E-01  1.05594681E-03
1.53040187E-01  1.28056616E-01  1.08635752E-03
1.53338802E-01  1.30342945E-01  1.07391865E-03
1.53637417E-01  1.34438768E-01  1.10396161E-03
1.53936032E-01  1.34606048E-01  1.08858116E-03
1.54234647E-01  1.37252241E-01  1.10161956E-03
1.54533262E-01  1.39193103E-01  1.12667272E-03
1.54831877E-01  1.43150195E-01  1.12667808E-03
1.55130492E-01  1.49598062E-01  1.15345337E-03
1.55429107E-01  1.55105263E-01  1.16812158E-03
1.55727722E-01  1.57684818E-01  1.18943909E-03
1.56026337E-01  1.62244007E-01  1.19947328E-03
1.56324952E-01  1.69479683E-01  1.22193748E-03
1.56623567E-01  1.74480781E-01  1.25396007E-03
1.56922182E-01  1.82355762E-01  1.26340787E-03
1.57220797E-01  1.90074652E-01  1.30735117E-03
1.57519412E-01  1.97785825E-01  1.31719711E-03
1.57818027E-01  2.04501107E-01  1.33841077E-03
1.58116642E-01  2.15575129E-01  1.39280874E-03
1.58415257E-01  2.27049530E-01  1.41027267E-03
1.58713872E-01  2.41181850E-01  1.46726985E-03
1.59012487E-01  2.52784669E-01  1.48062932E-03
1.59311102E-01  2.65056729E-01  1.53931137E-03
1.59609717E-01  2.78719664E-01  1.58138981E-03
1.59908332E-01  3.00437957E-01  1.60393910E-03
1.60206947E-01  3.22257102E-01  1.67773990E-03
1.60505562E-01  3.46924812E-01  1.74077111E-03
1.60804177E-01  3.72713327E-01  1.80237822E-03
1.61102792E-01  4.04424727E-01  1.87816273E-03
1.61401407E-01  4.39545989E-01  1.95036200E-03
1.61700022E-01  4.76765603E-01  2.02838564E-03
1.61998637E-01  5.20616114E-01  2.12413236E-03
1.62297252E-01  5.74204385E-01  2.24115700E-03
1.62595867E-01  6.30142570E-01  2.34610657E-03
1.62894482E-01  7.00159848E-01  2.44515366E-03
1.63193097E-01  7.72298455E-01  2.60571344E-03
1.63491712E-01  8.45288455E-01  2.68102461E-03
1.63790327E-01  9.29588318E-01  2.85569276E-03
1.64088942E-01  1.02181649E+00  2.94361636E-03
1.64387557E-01  1.09947515E+00  3.07705952E-03
1.64686172E-01  1.16717148E+00  3.20798019E-03
1.64984787E-01  1.22616851E+00  3.22906347E-03
1.65283402E-01  1.26648331E+00  3.30251525E-03
1.65582017E-01  1.27167273E+00  3.28158587E-03
1.65880632E-01  1.25384128E+00  3.27216461E-03
1.66179247E-01  1.21444917E+00  3.24661005E-03
1.66477862E-01  1.14961040E+00  3.11473175E-03
1.66776477E-01  1.06724024E+00  3.02737928E-03
1.67075092E-01  9.69145775E-01  2.89101526E-03
1.67373707E-01  8.74058664E-01  2.73683760E-03
1.67672322E-01  7.75646567E-01  2.57635862E-03
1.67970937E-01  6.82582736E-01  2.39429018E-03
1.68269552E-01  6.01399302E-01  2.26541865E-03
1.68568167E-01  5.32648027E-01  2.11069337E-03
1.68866782E-01  4.67185438E-01  2.00584531E-03
1.69165397E-01  4.17875260E-01  1.88247382E-03
1.69464012E-01  3.75406057E-01  1.77319150E-03
1.69762627E-01  3.36182892E-01  1.68906269E-03
1.70061242E-01  3.05004388E-01  1.60326669E-03
1.70359857E-01  2.80523926E-01  1.55542081E-03
1.70658472E-01  2.58030146E-01  1.46506377E-03
1.70957087E-01  2.36731753E-01  1.40859361E-03
1.71255702E-01  2.22128034E-01  1.38117000E-03
1.71554317E-01  2.09374249E-01  1.31081836E-03
1.71852932E-01  1.95481941E-01  1.28265563E-03
1.72151547E-01  1.85441494E-01  1.24499446E-03
1.72450162E-01  1.75820753E-01  1.21518958E-03
1.72748777E-01  1.67330459E-01  1.18835585E-03
1.73047392E-01  1.60444021E-01  1.15844817E-03
1.73346007E-01  1.56363636E-01  1.14559021E-03
1.73644622E-01  1.47681102E-01  1.10800657E-03
1.73943237E-01  1.44646138E-01  1.09693781E-03
1.74241852E-01  1.39833272E-01  1.08521862E-03
1.74540467E-01  1.33072898E-01  1.04539038E-03
1.74839082E-01  1.32322773E-01  1.05531153E-03
1.75137697E-01  1.27593577E-01  1.02641364E-03
1.75436312E-01  1.25342131E-01  1.02392631E-03
1.75734927E-01  1.23995639E-01  1.00606843E-03
1.76033542E-01  1.22973621E-01  1.00494677E-03
1.76332157E-01  1.19078144E-01  1.00388739E-03
1.76630772E-01  1.19546317E-01  9.88188549E-04
1.76929387E-01  1.18486382E-01  9.98969539E-04
1.77228002E-01  1.17354035E-01  9.75177682E-04
1.77526617E-01  1.14596985E-01  9.70777473E-04
1.77825232E-01  1.15160063E-01  9.76458832E-04
1.78123847E-01  1.16521165E-01  9.78237367E-04
1.78422462E-01  1.14443727E-01  9.69479210E-04
1.78721077E-01  1.13396004E-01  9.67642758E-04
1.79019692E-01  1.14076376E-01  9.70871537E-04
1.79318307E-01  1.14385590E-01  9.72517533E-04
1.79616922E-01  1.15244053E-01  9.61603306E-04
1.79915537E-01  1.16200112E-01  9.78546799E-04
1.80214152E-01  1.16858706E-01  9.72809736E-04
1.80512767E-01  1.17813036E-01  9.86652100E-04
1.80811382E-01  1.18131638E-01  9.85320192E-04
1.81109997E-01  1.21413305E-01  9.89621622E-04
1.81408612E-01  1.20192848E-01  9.94552742E-04
1.81707227E-01  1.24842830E-01  1.00784632E-03
1.82005842E-01  1.26185715E-01  1.01325393E-03
1.82304457E-01  1.27482310E-01  1.01272156E-03
1.82603072E-01  1.31701410E-01  1.03378715E-03
1.82901687E-01  1.36736482E-01  1.06080179E-03
1.83200302E-01  1.38832688E-01  1.05929782E-03
1.83498917E-01  1.39542028E-01  1.05780456E-03
1.83797532E-01  1.46829978E-01  1.08329905E-03
1.84096147E-01  1.49534240E-01  1.10340107E-03
1.84394762E-01  1.58515140E-01  1.13795511E-03
1.84693377E-01  1.62487790E-01  1.14410999E-03
1.84991992E-01  1.66821137E-01  1.16544205E-03
1.85290607E-01  1.77102610E-01  1.18548842E-03
1.85589222E-01  1.84698611E-01  1.21940509E-03
1.85887837E-01  1.91899747E-01  1.23927568E-03
1.86186452E-01  2.03320771E-01  1.27311924E-03
1.86485067E-01  2.15846375E-01  1.31866371E-03
1.86783682E-01  2.29114980E-01  1.35457213E-03
1.87082297E-01  2.46225432E-01  1.41027581E-03
1.87380912E-01  2.58162200E-01  1.43458869E-03
1.87679527E-01  2.76855916E-01  1.47315906E-03
1.87978142E-01  3.02412480E-01  1.55880651E-03
1.88276757E-01  3.24163914E-01  1.61018723E-03
1.88575372E-01  3.50524038E-01  1.67934131E-03
1.88873987E-01  3.81530553E-01  1.74116879E-03
1.89172602E-01  4.12451237E-01  1.80041068E-03
1.89471217E-01  4.41647559E-01  1.87700754E-03
1.89769832E-01  4.71181422E-01  1.94384682E-03
1.90068447E-01  4.95159119E-01  1.96448411E-03
1.90367062E-01  5.23972988E-01  2.03982485E-03
1.90665677E-01  5.44522285E-01  2.07472057E-03
1.90964292E-01  5.54683328E-01  2.08993279E-03
1.91262907E-01  5.55417180E-01  2.10014987E-03
1.91561522E-01  5.46870112E-01  2.05796887E-03
1.91860137E-01  5.35287321E-01  2.06376426E-03
1.92158752E-01  5.16081929E-01  2.01591430E-03
1.92457367E-01  4.91532236E-01  1.96993072E-03
1.92755982E-01  4.60899681E-01  1.89958792E-03
1.93054597E-01  4.23316777E-01  1.82166533E-03
1.93353212E-01  3.89787614E-01  1.73911836E-03
1.93651827E-01  3.57122809E-01  1.68240909E-03
1.93950442E-01  3.23730916E-01  1.59305276E-03
1.94249057E-01  2.89295763E-01  1.49541302E-03
1.94547672E-01  2.66275972E-01  1.44572230E-03
1.94846287E-01  2.42092103E-01  1.37585646E-03
1.95144902E-01  2.21581459E-01  1.32351730E-03
1.95443517E-01  2.05133140E-01  1.24667026E-03
1.95742132E-01  1.88869148E-01  1.21291960E-03
1.96040747E-01  1.75810680E-01  1.17248809E-03
1.96339362E-01  1.65575817E-01  1.14041148E-03
1.96637977E-01  1.57599866E-01  1.10166601E-03
1.96936592E-01  1.46627456E-01  1.06464431E-03
1.97235207E-01  1.37848735E-01  1.03590055E-03
1.97533822E-01  1.33417875E-01  1.01523788E-03
1.97832437E-01  1.27046004E-01  9.93851922E-04
1.98131052E-01  1.20154567E-01  9.61328857E-04
1.98429667E-01  1.14449099E-01  9.39117454E-04
1.98728282E-01  1.12462841E-01  9.33888659E-04
1.99026897E-01  1.09320641E-01  9.14953242E-04
1.99325512E-01  1.03808247E-01  8.94400291E-04
1.99624127E-01  1.02156624E-01  8.86978174E-04
1.99922742E-01  9.82653052E-02  8.68279487E-04
2.00221357E-01  9.52857584E-02  8.59897118E-04
2.00519972E-01  9.39479172E-02  8.45280651E-04
2.00818587E-01  9.18447226E-02  8.34986567E-04
2.01117202E-01  8.86358395E-02  8.28299962E-04
2.01415817E-01  8.76688287E-02  8.15532811E-04
2.01714432E-01  8.61360133E-02  8.12170329E-04
2.02013047E-01  8.37603807E-02  7.97645538E-04
2.02311662E-01  8.31653476E-02  7.98045192E-04
2.02610277E-01  8.11917558E-02  7.90507998E-04
2.02908892E-01  7.99198374E-02  7.75774533E-04
2.03207507E-01  7.85018131E-02  7.71966414E-04
2.03506122E-01  7.61774555E-02  7.59273069E-04
2.03804737E-01  7.66078830E-02  7.62126001E-04
2.04103352E-01  7.48594776E-02  7.55732355E-04
2.04401967E-01  7.48784244E-02  7.54885725E-04
2.04700582E-01  7.29948431E-02  7.38906616E-04
2.04999197E-01  7.33625367E-02  7.42818927E-04
2.05297812E-01  7.32433349E-02  7.49412575E-04
2.05596427E-01  7.13114440E-02  7.33495399E-04
2.05895042E-01  6.90428540E-02  7.23527279E-04
2.06193657E-01  7.02717006E-02  7.25221704E-04
2.06492272E-01  6.90621361E-02  7.18073861E-04
2.06790887E-01  6.86714575E-02  7.24061916E-04
2.07089502E-01  6.74091876E-02  7.05555605E-04
2.07388117E-01  6.72659725E-02  7.13941001E-04
2.07686732E-01  6.71558902E-02  7.10495166E-04
2.07985347E-01  6.70549572E-02  7.07568601E-04
2.08283962E-01  6.61471114E-02  7.04490463E-04
2.08582577E-01  6.42999411E-02  6.89724577E-04
2.08881192E-01  6.63463920E-02  7.03824160E-04
2.09179807E-01  6.37888536E-02  6.93316106E-04
2.09478422E-01  6.41061366E-02  6.86816464E-04
2.09777037E-01  6.21956140E-02  6.83550839E-04
2.10075652E-01  6.11782819E-02  6.71559363E-04
2.10374267E-01  6.34885132E-02  6.92757720E-04
2.10672882E-01  6.30677566E-02  6.88330503E-04
2.10971497E-01  6.16273247E-02  6.69387868E-04
2.11270112E-01  6.19846024E-02  6.81767182E-04
2.11568727E-01  6.13771006E-02  6.71439921E-04
2.11867342E-01  6.19832575E-02  6.81134698E-04
2.12165957E-01  5.97233213E-02  6.62733917E-04
2.12464572E-01  5.95276505E-02  6.61051192E-04
2.12763187E-01  6.06698543E-02  6.70600100E-04
2.13061802E-01  5.91391250E-02  6.61484955E-04
2.13360417E-01  5.78810051E-02  6.56806398E-04
2.13659032E-01  5.91652170E-02  6.57066877E-04
2.13957647E-01  5.83417900E-02  6.53261668E-04
2.14256262E-01  5.80668934E-02  6.54672389E-04
2.14554877E-01  5.77886403E-02  6.49187597E-04
2.14853492E-01  5.68721890E-02  6.44985179E-04
2.15152107E-01  5.68385087E-02  6.44023647E-04
2.15450722E-01  5.81245683E-02  6.57793891E-04
2.15749337E-01  5.69460094E-02  6.46571280E-04
2.16047952E-01  5.58206253E-02  6.38043799E-04
2.16346567E-01  5.68660870E-02  6.44377491E-04
2.16645182E-01  5.59598505E-02  6.35620207E-04
2.16943797E-01  5.57962768E-02  6.38099038E-04
2.17242412E-01  5.56456745E-02  6.41472696E-04
2.17541027E-01  5.52395657E-02  6.29104907E-04
2.17839642E-01  5.46323434E-02  6.36379351E-04
2.18138257E-01  5.55529594E-02  6.29780930E-04
2.18436872E-01  5.65616153E-02  6.42082654E-04
2.18735487E-01  5.39151095E-02  6.23723434E-04
2.19034102E-01  5.42609021E-02  6.26091962E-04
2.19332717E-01  5.41793853E-02  6.29737449E-04
2.19631332E-01  5.23347072E-02  6.16342586E-04
2.19929947E-01  5.43462746E-02  6.25662564E-04
2.20228562E-01  5.35306931E-02  6.18944992E-04
2.20527177E-01  5.37838191E-02  6.23708882E-04
2.20825792E-01  5.34478500E-02  6.22497464E-04
2.21124407E-01  5.30891120E-02  6.18571066E-04
2.21423022E-01  5.38067557E-02  6.21638494E-04
2.21721637E-01  5.34860529E-02  6.18511578E-04
2.22020252E-01  5.29831424E-02  6.15417724E-04
2.22318867E-01  5.38996123E-02  6.24757726E-04
2.22617482E-01  5.10300845E-02  6.00811443E-04
2.22916097E-01  5.23266271E-02  6.16675243E-04
2.23214712E-01  5.18136136E-02  6.07348338E-04
2.23513327E-01  5.16093336E-02  6.10259478E-04
2.23811942E-01  5.26916347E-02  6.13191049E-04
2.24110557E-01  5.14358245E-02  6.03376131E-04
2.24409172E-01  5.15624732E-02  6.08727336E-04
2.24707787E-01  5.12775742E-02  6.01230247E-04
2.25006402E-01  5.14443852E-02  6.09289447E-04
2.25305017E-01  5.16577177E-02  5.99658524E-04
2.25603632E-01  5.09794354E-02  6.04037021E-04
2.25902247E-01  5.00736535E-02  5.99351479E-04
2.26200862E-01  5.15994467E-02  6.05045818E-04
2.26499477E-01  4.97273616E-02  5.91908523E-04
2.26798092E-01  5.07350378E-02  6.01183448E-04
2.27096707E-01  5.01969159E-02  5.97117061E-04
2.27395322E-01  4.98211905E-02  5.97142905E-04
2.27693937E-01  4.92450520E-02  5.86333743E-04
2.27992552E-01  4.92482446E-02  5.88377006E-04
2.28291167E-01  4.93743271E-02  5.88791794E-04
2.28589782E-01  4.91767675E-02  5.92405209E-04
2.28888397E-01  4.98405769E-02  5.94309589E-04
2.29187012E-01  4.90083471E-02  5.84427500E-04
2.29485627E-01  5.03089838E-02  5.94343408E-04
2.29784242E-01  4.94584963E-02  5.92030818E-04
2.30082857E-01  4.84571382E-02  5.82133362E-04
2.30381472E-01  4.96219955E-02  5.87911927E-04
2.30680087E-01  5.02004884E-02  5.92854863E-04
2.30978702E-01  4.95495573E-02  5.88999828E-04
2.31277317E-01  4.89549488E-02  5.86129201E-04
2.31575932E-01  4.94319946E-02  5.88810013E-04
2.31874547E-01  4.98993136E-02  5.87050745E-04
2.32173162E-01  4.95055839E-02  5.87564602E-04
2.32471777E-01  5.00686914E-02  5.92083321E-04
2.32770392E-01  4.93023619E-02  5.85523900E-04
2.33069007E-01  4.95590121E-02  5.86712908E-04
2.33367622E-01  4.86643128E-02  5.79254993E-04
2.33666237E-01  4.91598807E-02  5.87195565E-04
2.33964852E-01  4.95416038E-02  5.84951253E-04
2.34263467E-01  4.88373265E-02  5.80779742E-04
2.34562082E-01  4.86224294E-02  5.80983236E-04
2.34860697E-01  4.86855581E-02  5.80371940E-04
2.35159312E-01  5.05923852E-02  5.92301367E-04
2.35457927E-01  4.97984290E-02  5.84490248E-04
2.35756542E-01  4.98454347E-02  5.82479755E-04
2.36055157E-01  4.92816381E-02  5.84084424E-04
2.36353772E-01  4.99030277E-02  5.87257033E-04
2.36652387E-01  4.95797060E-02  5.88527240E-04
2.36951002E-01  5.02934977E-02  5.82021137E-04
2.37249617E-01  5.03685512E-02  5.91671036E-04
2.37548232E-01  5.08644432E-02  5.91887336E-04
2.37846847E-01  5.03925346E-02  5.87151735E-04
2.38145462E-01  5.20087630E-02  5.95993537E-04
2.38444077E-01  5.08008152E-02  5.85116912E-04
2.38742692E-01  5.31248301E-02  6.08343864E-04
2.39041307E-01  5.34241013E-02  6.04560133E-04
2.39339922E-01  5.45852669E-02  6.09900744E-04
2.39638537E-01  5.46839088E-02  6.10964780E-04
2.39937152E-01  5.63757233E-02  6.18617632E-04
2.40235767E-01  5.88436760E-02  6.36454788E-04
2.40534382E-01  6.27454668E-02  6.52996649E-04
2.40832997E-01  6.48016408E-02  6.62138104E-04
2.41131612E-01  6.84045553E-02  6.83908758E-04
2.41430227E-01  7.33264461E-02  7.02211109E-04
2.41728842E-01  7.78225139E-02  7.30703643E-04
2.42027457E-01  8.11360925E-02  7.36233080E-04
2.42326072E-01  8.52704719E-02  7.57667993E-04
2.42624687E-01  8.46364200E-02  7.62026524E-04
2.42923302E-01  8.44291523E-02  7.56641792E-04
2.43221917E-01  8.32636207E-02  7.44404970E-04
2.43520532E-01  7.93138891E-02  7.29525578E-04
2.43819147E-01  7.45992288E-02  7.08096486E-04
2.44117762E-01  6.81940243E-02  6.80207915E-04
2.44416377E-01  6.66619837E-02  6.74213807E-04
2.44714992E-01  6.27896413E-02  6.45739317E-04
2.45013607E-01  6.02502376E-02  6.39190082E-04
2.45312222E-01  5.91478348E-02  6.29481685E-04
2.45610837E-01  5.85502796E-02  6.28194364E-04
2.45909452E-01  5.81708662E-02  6.19856990E-04
2.46208067E-01  5.83052039E-02  6.25672983E-04
2.46506682E-01  5.98682538E-02  6.32615120E-04
2.46805297E-01  5.91297261E-02  6.33755117E-04
2.47103912E-01  6.11047782E-02  6.36163051E-04
2.47402527E-01  6.06679209E-02  6.33886317E-04
2.47701142E-01  6.11128993E-02  6.40039681E-04
2.47999757E-01  6.16684817E-02  6.42414903E-04
2.48298372E-01  6.43774495E-02  6.60186051E-04
2.48596987E-01  6.43244311E-02  6.47466572E-04
2.48895602E-01  6.61951080E-02  6.61422207E-04
2.49194217E-01  6.74782842E-02  6.68527908E-04
2.49492832E-01  6.96971864E-02  6.80726138E-04
2.49791447E-01  7.15641826E-02  6.91481691E-04
2.50090062E-01  7.28065073E-02  6.92735892E-04
2.50388677E-01  7.55950063E-02  7.10886379E-04
2.50687292E-01  7.69992024E-02  7.14919646E-04
2.50985907E-01  7.90310204E-02  7.20191980E-04
2.51284522E-01  7.89975226E-02  7.24534504E-04
2.51583137E-01  8.18877295E-02  7.32308952E-04
2.51881752E-01  8.20091814E-02  7.36019108E-04
2.52180367E-01  8.40308815E-02  7.45037803E-04
2.52478982E-01  8.40608552E-02  7.42565084E-04
2.52777597E-01  8.26469287E-02  7.37683848E-04
2.53076212E-01  8.20923969E-02  7.35404843E-04
2.53374827E-01  8.23510438E-02  7.38760107E-04
2.53673442E-01  7.96334222E-02  7.17185438E-04
2.53972057E-01  7.83191547E-02  7.16957147E-04
2.54270672E-01  7.61914253E-02  7.06962717E-04
2.54569287E-01  7.38952160E-02  6.99431694E-04
2.54867902E-01  7.24735335E-02  6.89131091E-04
2.55166517E-01  6.80391788E-02  6.63457555E-04
2.55465132E-01  6.67051375E-02  6.60608814E-04
2.55763747E-01  6.35626391E-02  6.45380816E-04
2.56062362E-01  6.12234473E-02  6.33225543E-04
2.56360977E-01  5.83518557E-02  6.14093966E-04
2.56659592E-01  5.57176471E-02  5.98492043E-04
2.56958207E-01  5.35251573E-02  5.91447228E-04
2.57256822E-01  5.04680909E-02  5.73389989E-04
2.57555437E-01  4.94977795E-02  5.65144815E-04
2.57854052E-01  4.84314151E-02  5.60359622E-04
2.58152667E-01  4.78934981E-02  5.59173874E-04
2.58451282E-01  4.59401198E-02  5.47799747E-04
2.58749897E-01  4.34607677E-02  5.27893892E-04
2.59048512E-01  4.35348824E-02  5.29458513E-04
2.59347127E-01  4.22091708E-02  5.21061127E-04
2.59645742E-01  4.20903899E-02  5.22952760E-04
2.59944357E-01  4.04719971E-02  5.13622246E-04
2.60242972E-01  4.10624743E-02  5.10852202E-04
2.60541587E-01  3.91641259E-02  5.03513089E-04
2.60840202E-01  3.86229008E-02  4.98702633E-04
2.61138817E-01  3.94702479E-02  5.05613454E-04
2.61437432E-01  3.86275835E-02  4.98472305E-04
2.61736047E-01  3.82402241E-02  4.93761501E-04
2.62034662E-01  3.77923138E-02  4.93185711E-04
2.62333277E-01  3.79391350E-02  4.93883621E-04
2.62631892E-01  3.77908237E-02  4.90087783E-04
2.62930507E-01  3.62907015E-02  4.80513525E-04
2.63229122E-01  3.64620499E-02  4.82528558E-04
2.63527737E-01  3.56323533E-02  4.80030343E-04
2.63826352E-01  3.60627510E-02  4.78755974E-04
2.64124967E-01  3.55671644E-02  4.75456094E-04
2.64423582E-01  3.57057191E-02  4.76754794E-04
2.64722197E-01  3.52961682E-02  4.72171028E-04
2.65020812E-01  3.47412713E-02  4.73119406E-04
2.65319427E-01  3.56128402E-02  4.72699816E-04
2.65618042E-01  3.53994966E-02  4.76202491E-04
2.65916657E-01  3.53711322E-02  4.74150671E-04
2.66215272E-01  3.51083055E-02  4.71773325E-04
2.66513887E-01  3.38425562E-02  4.63553151E-04
2.66812502E-01  3.42721604E-02  4.63603181E-04
2.67111117E-01  3.45582142E-02  4.68674843E-04
2.67409732E-01  3.49927656E-02  4.70390660E-04
2.67708347E-01  3.38334069E-02  4.63254022E-04
2.68006962E-01  3.50500047E-02  4.70777450E-04
2.68305577E-01  3.43823917E-02  4.64711775E-04
2.68604192E-01  3.43583003E-02  4.65749501E-04
2.68902807E-01  3.41880023E-02  4.63995530E-04
2.69201422E-01  3.41856815E-02  4.61842166E-04
2.69500037E-01  3.38511392E-02  4.61468211E-04
2.69798652E-01  3.44826058E-02  4.65513818E-04
2.70097267E-01  3.40345725E-02  4.65485151E-04
2.70395882E-01  3.43234204E-02  4.60312905E-04
2.70694497E-01  3.37319449E-02  4.60185518E-04
2.70993112E-01  3.38539444E-02  4.61849879E-04
2.71291727E-01  3.35060991E-02  4.59116942E-04
2.71590342E-01  3.39074284E-02  4.63053817E-04
2.71888957E-01  3.34832594E-02  4.54305322E-04
2.72187572E-01  3.43382396E-02  4.62764408E-04
2.72486187E-01  3.34588066E-02  4.57268441E-04
2.72784802E-01  3.45440432E-02  4.65580233E-04
2.73083417E-01  3.37931179E-02  4.55832109E-04
2.73382032E-01  3.40834782E-02  4.60461451E-04
2.73680647E-01  3.44744101E-02  4.65233665E-04
2.73979262E-01  3.38177457E-02  4.58548369E-04
2.74277877E-01  3.46239358E-02  4.62104537E-04
2.74576492E-01  3.36962491E-02  4.56565263E-04
2.74875107E-01  3.48983556E-02  4.66057711E-04
2.75173722E-01  3.48432548E-02  4.66404454E-04
2.75472337E-01  3.46080810E-02  4.59687377E-04
2.75770952E-01  3.46187800E-02  4.64190525E-04
2.76069567E-01  3.49633992E-02  4.61927935E-04
2.76368182E-01  3.59148346E-02  4.74498112E-04
2.76666797E-01  3.53829525E-02  4.69648425E-04
2.76965412E-01  3.62217426E-02  4.69818304E-04
2.77264027E-01  3.56707238E-02  4.69880702E-04
2.77562642E-01  3.50430645E-02  4.61652759E-04
2.77861257E-01  3.66117023E-02  4.77982365E-04
2.78159872E-01  3.53676416E-02  4.63442004E-04
2.78458487E-01  3.56519595E-02  4.67047357E-04
2.78757102E-01  3.70966420E-02  4.79916489E-04
2.79055717E-01  3.63245569E-02  4.72026237E-04
2.79354332E-01  3.68582718E-02  4.75363137E-04
2.79652947E-01  3.73860821E-02  4.78875998E-04
2.79951562E-01  3.75550836E-02  4.76029556E-04
2.80250177E-01  3.84146161E-02  4.87630197E-04
2.80548792E-01  3.81786376E-02  4.83080425E-04
2.80847407E-01  3.84221636E-02  4.82810894E-04
2.81146022E-01  3.91350761E-02  4.89341386E-04
2.81444637E-01  3.88526618E-02  4.88799764E-04
2.81743252E-01  3.97547670E-02  4.92340303E-04
2.82041867E-01  4.11396995E-02  4.96524677E-04
2.82340482E-01  4.07936759E-02  4.98485693E-04
2.82639097E-01  4.03285250E-02  4.95884160E-04
2.82937712E-01  4.19989973E-02  5.05169446E-04
2.83236327E-01  4.20242324E-02  5.05071192E-04
2.83534942E-01  4.30773832E-02  5.08839265E-04
2.83833557E-01  4.43002954E-02  5.18958026E-04
2.84132172E-01  4.49887961E-02  5.22067829E-04
2.84430787E-01  4.60196994E-02  5.30788500E-04
2.84729402E-01  4.63938303E-02  5.26387536E-04
2.85028017E-01  4.66840677E-02  5.31290367E-04
2.85326632E-01  4.74829078E-02  5.39300032E-04
2.85625247E-01  4.77044210E-02  5.31957077E-04
2.85923862E-01  4.93440144E-02  5.45545889E-04
2.86222477E-01  4.90543544E-02  5.43407223E-04
2.86521092E-01  4.91751544E-02  5.44211420E-04
2.86819707E-01  4.87523787E-02  5.45648218E-04
2.87118322E-01  4.85362709E-02  5.36451582E-04
2.87416937E-01  4.94252145E-02  5.43857110E-04
2.87715552E-01  4.75084260E-02  5.32426406E-04
2.88014167E-01  4.79013436E-02  5.38319291E-04
2.88312782E-01  4.60239016E-02  5.26753429E-04
2.88611397E-01  4.64136302E-02  5.22823189E-04
2.88910012E-01  4.49314266E-02  5.20981266E-04
2.89208627E-01  4.58568670E-02  5.23608527E-04
2.89507242E-01  4.38973755E-02  5.11924911E-04
2.89805857E-01  4.25409600E-02  5.02117735E-04
2.90104472E-01  4.18740287E-02  4.97443951E-04
2.90403087E-01  4.21751700E-02  5.04630676E-04
2.90701702E-01  3.92539874E-02  4.83036798E-04
2.91000317E-01  3.91387008E-02  4.81508818E-04
2.91298932E-01  3.85310538E-02  4.78803675E-04
2.91597547E-01  3.69554497E-02  4.69599821E-04
2.91896162E-01  3.74676213E-02  4.72497893E-04
2.92194777E-01  3.66218761E-02  4.65323508E-04
2.92493392E-01  3.62014174E-02  4.63094300E-04
2.92792007E-01  3.52325663E-02  4.57411516E-04
2.93090622E-01  3.42670940E-02  4.50882828E-04
2.93389237E-01  3.49156186E-02  4.54909721E-04
2.93687852E-01  3.44196334E-02  4.48523759E-04
2.93986467E-01  3.29345614E-02  4.41925367E-04
2.94285082E-01  3.33302654E-02  4.42324614E-04
2.94583697E-01  3.35484371E-02  4.47113795E-04
2.94882312E-01  3.33124623E-02  4.42634366E-04
2.95180927E-01  3.28386985E-02  4.36647766E-04
2.95479542E-01  3.27688158E-02  4.40177158E-04
2.95778157E-01  3.19773592E-02  4.33156005E-04
2.96076772E-01  3.18591446E-02  4.32667584E-04
2.96375387E-01  3.12670320E-02  4.28114727E-04
2.96674002E-01  3.18345539E-02  4.31776571E-04
2.96972617E-01  3.08757033E-02  4.28004394E-04
2.97271232E-01  3.18917371E-02  4.35202150E-04
2.97569847E-01  3.13879214E-02  4.31962049E-04
2.97868462E-01  3.11598573E-02  4.31653170E-04
2.98167077E-01  3.09185516E-02  4.32099885E-04
2.98465692E-01  3.07308324E-02  4.33474052E-04
2.98764307E-01  3.07728015E-02  4.30020969E-04
2.99062922E-01  3.00488081E-02  4.27570514E-04
2.99361537E-01  3.03121358E-02  4.30837943E-04
2.99660152E-01  3.04804817E-02  4.32793749E-04
2.99958767E-01  3.07881553E-02  4.35192720E-04
3.00257382E-01  3.02546192E-02  4.32606321E-04
3.00555997E-01  3.04775350E-02  4.33978596E-04
3.00854612E-01  2.95229573E-02  4.26482729E-04
3.01153227E-01  2.95095686E-02  4.29210224E-04
3.01451842E-01  3.00882459E-02  4.31419787E-04
3.01750457E-01  2.99543645E-02  4.35449445E-04
3.02049072E-01  3.07990611E-02  4.38379153E-04
3.02347687E-01  3.01733688E-02  4.42578952E-04
3.02646302E-01  2.87758615E-02  4.37709474E-04
3.02944917E-01  2.98915915E-02  4.45994170E-04
3.03243532E-01  2.94866003E-02  4.51401895E-04
3.03542147E-01  3.07243355E-02  4.61563672E-04
3.03840762E-01  3.03018019E-02  4.58120194E-04
3.04139377E-01  2.93183401E-02  4.56485956E-04
3.04437992E-01  3.06841768E-02  4.62844415E-04
3.04736607E-01  2.89074834E-02  4.56611073E-04
3.05035222E-01  2.93670688E-02  4.56470676E-04
3.05333837E-01  2.97647826E-02  4.62652592E-04
3.05632452E-01  2.95513887E-02  4.64699609E-04
3.05931067E-01  2.92541068E-02  4.60024836E-04
3.06229682E-01  2.81321965E-02  4.56004607E-04
3.06528297E-01  2.88960505E-02  4.57745744E-04
3.06826912E-01  3.00330520E-02  4.72449115E-04
3.07125527E-01  2.94556338E-02  4.69029241E-04
3.07424142E-01  2.93988511E-02  4.68006445E-04
3.07722757E-01  2.98953112E-02  4.75728884E-04
3.08021372E-01  2.91802175E-02  4.66123398E-04
3.08319987E-01  2.88451761E-02  4.59950650E-04
3.08618602E-01  2.93853991E-02  4.59708361E-04
3.08917217E-01  3.00620459E-02  4.58016031E-04
3.09215832E-01  2.90313754E-02  4.54003341E-04
3.09514447E-01  2.95359977E-02  4.50786814E-04
3.09813062E-01  2.87022386E-02  4.45384212E-04
3.10111677E-01  2.94449665E-02  4.49083745E-04
3.10410292E-01  2.96827052E-02  4.45312937E-04
3.10708907E-01  3.03164553E-02  4.54411813E-04
3.11007522E-01  2.93925032E-02  4.41207550E-04
3.11306137E-01  2.96891443E-02  4.49062994E-04
3.11604752E-01  2.94141620E-02  4.41731769E-04
3.11903367E-01  2.97080372E-02  4.43452940E-04
3.12201982E-01  3.00096795E-02  4.45579120E-04
3.12500597E-01  2.87528057E-02  4.32189816E-04
3.12799212E-01  2.92281657E-02  4.39384690E-04
3.13097827E-01  2.97156256E-02  4.39953961E-04
3.13396442E-01  2.92470139E-02  4.35891881E-04
3.13695057E-01  2.88696494E-02  4.35275811E-04
3.13993672E-01  2.96623353E-02  4.36777947E-04
3.14292287E-01  2.92052105E-02  4.34545538E-04
3.14590902E-01  2.98720505E-02  4.38206393E-04
3.14889517E-01  2.94736642E-02  4.35275724E-04
3.15188132E-01  2.90970188E-02  4.35011287E-04
3.15486747E-01  2.89804637E-02  4.28365864E-04
3.15785362E-01  2.94469707E-02  4.34739311E-04
3.16083977E-01  2.95996200E-02  4.32583969E-04
3.16382592E-01  3.00910659E-02  4.38550225E-04
3.16681207E-01  2.91291736E-02  4.29579639E-04
3.16979822E-01  3.07568498E-02  4.40734846E-04
3.17278437E-01  2.94326991E-02  4.32600005E-04
3.17577052E-01  2.88142357E-02  4.26701998E-04
3.17875667E-01  3.02954763E-02  4.43654688E-04
3.18174282E-01  2.99137738E-02  4.44891339E-04
3.18472897E-01  3.03447973E-02  4.54530382E-04
3.18771512E-01  2.94075347E-02  4.45722195E-04
3.19070127E-01  2.99935490E-02  4.53667279E-04
3.19368742E-01  2.93775909E-02  4.49364656E-04
3.19667357E-01  2.93516722E-02  4.49547078E-04
3.19965972E-01  3.01832855E-02  4.56903159E-04
3.20264587E-01  3.07524092E-02  4.63294215E-04
3.20563202E-01  3.04282401E-02  4.60452924E-04
3.20861817E-01  2.98577584E-02  4.57030314E-04
3.21160432E-01  3.04288715E-02  4.59936186E-04
3.21459047E-01  2.96791792E-02  4.58560564E-04
3.21757662E-01  3.10335699E-02  4.65946388E-04
3.22056277E-01  2.94539370E-02  4.53674700E-04
3.22354892E-01  3.07502244E-02  4.67579259E-04
3.22653507E-01  3.06961704E-02  4.65681835E-04
3.22952122E-01  3.07275951E-02  4.70014580E-04
3.23250737E-01  3.08943428E-02  4.62398981E-04
3.23549352E-01  3.17648500E-02  4.74684173E-04
3.23847967E-01  3.09816003E-02  4.70988598E-04
3.24146582E-01  3.09294667E-02  4.69221093E-04
3.24445197E-01  3.11937705E-02  4.71497711E-04
3.24743812E-01  3.14260907E-02  4.72425920E-04
3.25042427E-01  3.21339592E-02  4.82794567E-04
3.25341042E-01  3.03295832E-02  4.63709555E-04
3.25639657E-01  3.25817876E-02  4.83290205E-04
3.25938272E-01  3.26323621E-02  4.84948134E-04
3.26236887E-01  3.23340036E-02  4.78930306E-04
3.26535502E-01  3.26332897E-02  4.88426012E-04
3.26834117E-01  3.33950557E-02  4.88574442E-04
3.27132732E-01  3.33479345E-02  4.90676204E-04
3.27431347E-01  3.30920927E-02  4.89515136E-04
3.27729962E-01  3.35347466E-02  4.90460719E-04
3.28028577E-01  3.34693864E-02  4.97937319E-04
3.28327192E-01  3.39017920E-02  4.89279220E-04
3.28625807E-01  3.32256444E-02  4.92407416E-04
3.28924422E-01  3.50740254E-02  5.05618344E-04
3.29223037E-01  3.44657898E-02  4.99137386E-04
3.29521652E-01  3.48342769E-02  5.02841838E-04
3.29820267E-01  3.42420600E-02  4.96783701E-04
3.30118882E-01  3.56248692E-02  5.12336206E-04
3.30417497E-01  3.55415493E-02  5.08984434E-04
3.30716112E-01  3.50148305E-02  5.02214476E-04
3.31014727E-01  3.49802449E-02  5.02857612E-04
3.31313342E-01  3.53943333E-02  5.04041440E-04
3.31611957E-01  3.62175740E-02  5.15347114E-04
3.31910572E-01  3.55158001E-02  5.06696873E-04
3.32209187E-01  3.57339755E-02  5.06012992E-04
3.32507802E-01  3.52144502E-02  5.08012250E-04
3.32806417E-01  3.48319300E-02  4.98566544E-04
3.33105032E-01  3.48563455E-02  5.03317744E-04
3.33403647E-01  3.55184935E-02  5.04786905E-04
3.33702262E-01  3.51582244E-02  5.02516807E-04
3.34000877E-01  3.46867219E-02  4.98844311E-04
3.34299492E-01  3.50711532E-02  5.03229385E-04
3.34598107E-01  3.50178815E-02  5.03294636E-04
3.34896722E-01  3.46524902E-02  4.95845743E-04
3.35195337E-01  3.43523584E-02  4.94701206E-04
3.35493952E-01  3.41089331E-02  4.95844812E-04
3.35792567E-01  3.46926078E-02  4.98310954E-04
3.36091182E-01  3.38542759E-02  4.92976978E-04
3.36389797E-01  3.38179283E-02  4.89703671E-04
3.36688412E-01  3.41187902E-02  4.95047425E-04
3.36987027E-01  3.32348533E-02  4.85607423E-04
3.37285642E-01  3.40509787E-02  4.93544328E-04
3.37584257E-01  3.42013203E-02  4.95359302E-04
3.37882872E-01  3.38975862E-02  4.90857114E-04
3.38181487E-01  3.24943401E-02  4.82417847E-04
3.38480102E-01  3.40777710E-02  4.86676319E-04
3.38778717E-01  3.45564857E-02  4.96765890E-04
3.39077332E-01  3.38868126E-02  4.89931204E-04
3.39375947E-01  3.38461548E-02  4.89496917E-04
3.39674562E-01  3.47491801E-02  4.99175047E-04
3.39973177E-01  3.38131525E-02  4.87290003E-04
3.40271792E-01  3.39584425E-02  4.91738378E-04
3.40570407E-01  3.42732444E-02  4.93152940E-04
3.40869022E-01  3.40765864E-02  4.88908205E-04
3.41167637E-01  3.46602909E-02  4.94642532E-04
3.41466252E-01  3.54309678E-02  4.97108500E-04
3.41764867E-01  3.43572423E-02  4.95491317E-04
3.42063482E-01  3.44005637E-02  4.91938845E-04
3.42362097E-01  3.58798206E-02  4.99682094E-04
3.42660712E-01  3.48161682E-02  4.96765948E-04
3.42959327E-01  3.59306745E-02  4.99470916E-04
3.43257942E-01  3.58018354E-02  5.03751799E-04
3.43556557E-01  3.58360484E-02  5.00238151E-04
3.43855172E-01  3.57379690E-02  4.99697344E-04
3.44153787E-01  3.53205241E-02  4.96488239E-04
3.44452402E-01  3.55675481E-02  4.97655128E-04
3.44751017E-01  3.52417193E-02  4.96362278E-04
3.45049632E-01  3.58043015E-02  4.95516811E-04
3.45348247E-01  3.60251553E-02  5.01852133E-04
3.45646862E-01  3.52199525E-02  4.94099222E-04
3.45945477E-01  3.53850573E-02  4.95538523E-04
3.46244092E-01  3.57543901E-02  4.92286752E-04
3.46542707E-01  3.61129045E-02  4.95162152E-04
3.46841322E-01  3.60358842E-02  4.98244830E-04
3.47139937E-01  3.51030044E-02  4.90100996E-04
3.47438552E-01  3.55918668E-02  4.89816943E-04
3.47737167E-01  3.56154479E-02  4.93944914E-04
3.48035782E-01  3.53181846E-02  4.87530138E-04
3.48334397E-01  3.55430879E-02  4.92893974E-04
3.48633012E-01  3.48173268E-02  4.81028954E-04
3.48931627E-01  3.47211994E-02  4.84063145E-04
3.49230242E-01  3.54026891E-02  4.90146398E-04
3.49528857E-01  3.44731472E-02  4.82200878E-04
3.49827472E-01  3.35727260E-02  4.76652640E-04
3.50126087E-01  3.39573845E-02  4.74800792E-04
3.50424702E-01  3.51930335E-02  4.87617799E-04
3.50723317E-01  3.37313712E-02  4.75419918E-04
3.51021932E-01  3.37913632E-02  4.77547874E-04
3.51320547E-01  3.38550098E-02  4.75512352E-04
3.51619162E-01  3.42997797E-02  4.77584981E-04
3.51917777E-01  3.36015113E-02  4.74770000E-04
3.52216392E-01  3.39142382E-02  4.76062589E-04
3.52515007E-01  3.36089209E-02  4.71730280E-04
3.52813622E-01  3.36620994E-02  4.72104846E-04
3.53112237E-01  3.32163312E-02  4.74132132E-04
3.53410852E-01  3.25804651E-02  4.68795799E-04
3.53709467E-01  3.41440886E-02  4.70785046E-04
3.54008082E-01  3.27228904E-02  4.65856428E-04
3.54306697E-01  3.37478928E-02  4.73354594E-04
3.54605312E-01  3.29459570E-02  4.70129133E-04
3.54903927E-01  3.22889946E-02  4.66830214E-04
3.55202542E-01  3.35854441E-02  4.66060097E-04
3.55501157E-01  3.35225165E-02  4.72805114E-04
3.55799772E-01  3.33668143E-02  4.69536171E-04
3.56098387E-01  3.32179926E-02  4.69632476E-04
3.56397002E-01  3.38668451E-02  4.73812834E-04
3.56695617E-01  3.34485769E-02  4.65732941E-04
3.56994232E-01  3.41630951E-02  4.79272625E-04
3.57292847E-01  3.35085168E-02  4.67020494E-04
3.57591462E-01  3.40030566E-02  4.73361666E-04
3.57890077E-01  3.41381095E-02  4.73410386E-04
3.58188692E-01  3.39372940E-02  4.70128609E-04
3.58487307E-01  3.35878320E-02  4.74056520E-04
3.58785922E-01  3.50265130E-02  4.75594774E-04
3.59084537E-01  3.66533138E-02  4.91338375E-04
3.59383152E-01  3.62158529E-02  4.86568344E-04
3.59681767E-01  3.60909104E-02  4.86119709E-04
3.59980382E-01  3.61063257E-02  4.90845181E-04
3.60278997E-01  3.75701673E-02  4.90244944E-04
3.60577612E-01  3.80713418E-02  5.00895374E-04
3.60876227E-01  3.98093499E-02  5.10418206E-04
3.61174842E-01  4.05022614E-02  5.11703896E-04
3.61473457E-01  4.15369049E-02  5.18200162E-04
3.61772072E-01  4.49274033E-02  5.40509995E-04
3.62070687E-01  4.53192629E-02  5.46213472E-04
3.62369302E-01  4.71037924E-02  5.52862941E-04
3.62667917E-01  4.89534661E-02  5.63465699E-04
3.62966532E-01  5.10094613E-02  5.73357218E-04
3.63265147E-01  5.25250472E-02  5.83972200E-04
3.63563762E-01  5.34692258E-02  5.89355826E-04
3.63862377E-01  5.38293980E-02  5.89153264E-04
3.64160992E-01  5.37535474E-02  5.89206000E-04
3.64459607E-01  5.42180315E-02  5.92060795E-04
3.64758222E-01  5.17162904E-02  5.78241830E-04
3.65056837E-01  5.15114516E-02  5.78014646E-04
3.65355452E-01  5.01217619E-02  5.65095397E-04
3.65654067E-01  4.64491546E-02  5.48590790E-04
3.65952682E-01  4.49342802E-02  5.35615545E-04
3.66251297E-01  4.27432433E-02  5.27654134E-04
3.66549912E-01  3.99135314E-02  5.05072763E-04
3.66848527E-01  3.83371934E-02  4.92434134E-04
3.67147142E-01  3.76366973E-02  4.95005457E-04
3.67445757E-01  3.60173360E-02  4.79167502E-04
3.67744372E-01  3.58089358E-02  4.79030539E-04
3.68042987E-01  3.55001949E-02  4.75966284E-04
3.68341602E-01  3.47517543E-02  4.71169624E-04
3.68640217E-01  3.47141437E-02  4.73145017E-04
3.68938832E-01  3.41043025E-02  4.63030185E-04
3.69237447E-01  3.42107266E-02  4.67370148E-04
3.69536062E-01  3.33151668E-02  4.59181145E-04
3.69834677E-01  3.30312178E-02  4.59966279E-04
3.70133292E-01  3.35642062E-02  4.65004880E-04
3.70431907E-01  3.27661261E-02  4.53513145E-04
3.70730522E-01  3.17766033E-02  4.49974352E-04
3.71029137E-01  3.21727954E-02  4.50200401E-04
3.71327752E-01  3.24571319E-02  4.54179186E-04
3.71626367E-01  3.31828259E-02  4.58753639E-04
3.71924982E-01  3.15990597E-02  4.47325729E-04
3.72223597E-01  3.35247554E-02  4.63038508E-04
3.72522212E-01  3.23501341E-02  4.49828367E-04
3.72820827E-01  3.21457759E-02  4.50484396E-04
3.73119442E-01  3.18720341E-02  4.48679464E-04
3.73418057E-01  3.23069915E-02  4.49532788E-04
3.73716672E-01  3.19618098E-02  4.52596985E-04
3.74015287E-01  3.19946930E-02  4.45878482E-04
3.74313902E-01  3.20933238E-02  4.48737002E-04
3.74612517E-01  3.19247097E-02  4.48710140E-04
3.74911132E-01  3.20276842E-02  4.48741310E-04
3.75209747E-01  3.22089382E-02  4.50706168E-04
3.75508362E-01  3.19512263E-02  4.45922720E-04
3.75806977E-01  3.24062519E-02  4.50695836E-04
3.76105592E-01  3.22019234E-02  4.49159183E-04
3.76404207E-01  3.20281945E-02  4.48176928E-04
3.76702822E-01  3.15527841E-02  4.42914257E-04
3.77001437E-01  3.25725526E-02  4.50359628E-04
3.77300052E-01  3.20440531E-02  4.49677405E-04
3.77598667E-01  3.21349017E-02  4.49274463E-04
3.77897282E-01  3.20474654E-02  4.45361482E-04
3.78195897E-01  3.18890102E-02  4.43587982E-04
3.78494512E-01  3.20925191E-02  4.47720260E-04
3.78793127E-01  3.14992256E-02  4.42773598E-04
3.79091742E-01  3.27974856E-02  4.50891122E-04
3.79390357E-01  3.13491412E-02  4.40489879E-04
3.79688972E-01  3.22918631E-02  4.47291764E-04
3.79987587E-01  3.12334355E-02  4.39124240E-04
3.80286202E-01  3.20063457E-02  4.45651531E-04
3.80584817E-01  3.18079926E-02  4.44269972E-04
3.80883432E-01  3.16753127E-02  4.41556214E-04
3.81182047E-01  3.15148979E-02  4.41773533E-04
3.81480662E-01  3.19895670E-02  4.45202197E-04
3.81779277E-01  3.28211114E-02  4.47343453E-04
3.82077892E-01  3.26715596E-02  4.49925894E-04
3.82376507E-01  3.23076956E-02  4.46399004E-04
3.82675122E-01  3.10976822E-02  4.38735937E-04
3.82973737E-01  3.23095992E-02  4.45406069E-04
3.83272352E-01  3.20937596E-02  4.41049808E-04
3.83570967E-01  3.28718051E-02  4.50171996E-04
3.83869582E-01  3.23619731E-02  4.45324811E-04
3.84168197E-01  3.26769352E-02  4.48387174E-04
3.84466812E-01  3.25323604E-02  4.45607002E-04
3.84765427E-01  3.21107022E-02  4.42160293E-04
3.85064042E-01  3.28303576E-02  4.50577238E-04
3.85362657E-01  3.24292630E-02  4.44904872E-04
3.85661272E-01  3.23440246E-02  4.41250944E-04
3.85959887E-01  3.14187557E-02  4.39347961E-04
3.86258502E-01  3.27080563E-02  4.44935518E-04
3.86557117E-01  3.25031169E-02  4.49356623E-04
3.86855732E-01  3.25734802E-02  4.43474273E-04
3.87154347E-01  3.22641321E-02  4.41147364E-04
3.87452962E-01  3.24602798E-02  4.46466322E-04
3.87751577E-01  3.23584341E-02  4.40709933E-04
3.88050192E-01  3.15457359E-02  4.40134958E-04
3.88348807E-01  3.16718109E-02  4.34840709E-04
3.88647422E-01  3.33127752E-02  4.49598272E-04
3.88946037E-01  3.30363438E-02  4.46845253E-04
3.89244652E-01  3.27610448E-02  4.45862650E-04
3.89543267E-01  3.34756896E-02  4.50812746E-04
3.89841882E-01  3.21879052E-02  4.38590825E-04
3.90140497E-01  3.23173180E-02  4.43828787E-04
3.90439112E-01  3.33461612E-02  4.49721352E-04
3.90737727E-01  3.20650004E-02  4.36268572E-04
3.91036342E-01  3.31401229E-02  4.49112558E-04
3.91334957E-01  3.22959423E-02  4.38478281E-04
3.91633572E-01  3.28861214E-02  4.46614606E-04
3.91932187E-01  3.33398506E-02  4.45403217E-04
3.92230802E-01  3.36015634E-02  4.48459527E-04
3.92529417E-01  3.38633433E-02  4.53206390E-04
3.92828032E-01  3.32860500E-02  4.44724137E-04
3.93126647E-01  3.42726298E-02  4.53474990E-04
3.93425262E-01  3.24004702E-02  4.39411757E-04
3.93723877E-01  3.32608968E-02  4.47393046E-04
3.94022492E-01  3.37169059E-02  4.50119231E-04
3.94321107E-01  3.28712650E-02  4.41952259E-04
3.94619722E-01  3.35220173E-02  4.46523831E-04
3.94918337E-01  3.34259421E-02  4.45560436E-04
3.95216952E-01  3.29546817E-02  4.43595316E-04
3.95515567E-01  3.37432660E-02  4.49311541E-04
3.95814182E-01  3.29989940E-02  4.40260628E-04
3.96112797E-01  3.37300487E-02  4.48460167E-04
3.96411412E-01  3.42289358E-02  4.50888445E-04
3.96710027E-01  3.33895609E-02  4.45868412E-04
3.97008642E-01  3.46955843E-02  4.52311739E-04
3.97307257E-01  3.35131139E-02  4.45182610E-04
3.97605872E-01  3.29908393E-02  4.42879944E-04
3.97904487E-01  3.39407027E-02  4.50306747E-04
3.98203102E-01  3.36032398E-02  4.43223515E-04
3.98501717E-01  3.29775847E-02  4.40131698E-04
3.98800332E-01  3.35369073E-02  4.44597361E-04
3.99098947E-01  3.35959494E-02  4.45419224E-04
3.99397562E-01  3.34932357E-02  4.46140475E-04
3.99696177E-01  3.38323228E-02  4.46555932E-04
3.99994792E-01  3.34448256E-02  4.42715769E-04
4.00293407E-01  3.39788347E-02  4.47632745E-04
4.00592022E-01  3.33205983E-02  4.42001736E-04
4.00890637E-01  3.41312066E-02  4.47240338E-04
4.01189252E-01  3.35982777E-02  4.43312339E-04
4.01487867E-01  3.33412662E-02  4.43526369E-04
4.01786482E-01  3.35512944E-02  4.44280828E-04
4.02085097E-01  3.34898941E-02  4.40085423E-04
4.02383712E-01  3.41840163E-02  4.50296706E-04
4.02682327E-01  3.35296020E-02  4.40037722E-04
4.02980942E-01  3.32597531E-02  4.42246412E-04
4.03279557E-01  3.30897719E-02  4.39326483E-04
4.03578172E-01  3.37064266E-02  4.40993259E-04
4.03876787E-01  3.34416218E-02  4.43139492E-04
4.04175402E-01  3.33627425E-02  4.39363939E-04
4.04474017E-01  3.40325050E-02  4.46291931E-04
4.04772632E-01  3.35164070E-02  4.40586038E-04
4.05071247E-01  3.32129486E-02  4.39108146E-04
4.05369862E-01  3.38285156E-02  4.47207422E-04
4.05668477E-01  3.38144712E-02  4.38926945E-04
4.05967092E-01  3.37796062E-02  4.42633085E-04
4.06265707E-01  3.33040059E-02  4.38780728E-04
4.06564322E-01  3.35487835E-02  4.39872907E-04
4.06862937E-01  3.37024704E-02  4.45307727E-04
4.07161552E-01  3.29129957E-02  4.34157002E-04
4.07460167E-01  3.34645063E-02  4.40780568E-04
4.07758782E-01  3.39832678E-02  4.40339674E-04
4.08057397E-01  3.37200910E-02  4.40794916E-04
4.08356012E-01  3.34478170E-02  4.40675416E-04
4.08654627E-01  3.38299498E-02  4.39349998E-04
4.08953242E-01  3.29305530E-02  4.37985291E-04
4.09251857E-01  3.38124745E-02  4.40163625E-04
4.09550472E-01  3.38329263E-02  4.40504489E-04
4.09849087E-01  3.32047045E-02  4.36601753E-04
4.10147702E-01  3.35206240E-02  4.36734583E-04
4.10446317E-01  3.33069116E-02  4.39966039E-04
4.10744932E-01  3.46014686E-02  4.45590442E-04
4.11043547E-01  3.38315144E-02  4.36835777E-04
4.11342162E-01  3.27962562E-02  4.33712732E-04
4.11640777E-01  3.42785530E-02  4.44240402E-04
4.11939392E-01  3.38300243E-02  4.41741577E-04
4.12238007E-01  3.40544172E-02  4.38582007E-04
4.12536622E-01  3.40043344E-02  4.40501695E-04
4.12835237E-01  3.28919739E-02  4.31632390E-04
4.13133852E-01  3.35239917E-02  4.37484530E-04
4.13432467E-01  3.43052223E-02  4.42142220E-04
4.13731082E-01  3.37776989E-02  4.37309005E-04
4.14029697E-01  3.29177640E-02  4.33616748E-04
4.14328312E-01  3.34081389E-02  4.35416878E-04
4.14626927E-01  3.44626121E-02  4.43471450E-04
4.14925542E-01  3.43118310E-02  4.38635383E-04
4.15224157E-01  3.28966752E-02  4.32476751E-04
4.15522772E-01  3.33749391E-02  4.36320319E-04
4.15821387E-01  3.30952778E-02  4.31485911E-04
4.16120002E-01  3.32627632E-02  4.33374953E-04
4.16418617E-01  3.31804752E-02  4.33740963E-04
4.16717232E-01  3.28662135E-02  4.30886430E-04
4.17015847E-01  3.39088850E-02  4.39191528E-04
4.17314462E-01  3.31509337E-02  4.28620144E-04
4.17613077E-01  3.31760049E-02  4.33017063E-04
4.17911692E-01  3.31766792E-02  4.31631051E-04
4.18210307E-01  3.29887904E-02  4.33500507E-04
4.18508922E-01  3.32708694E-02  4.30963992E-04
4.18807537E-01  3.28059830E-02  4.28041676E-04
4.19106152E-01  3.21146548E-02  4.26042243E-04
4.19404767E-01  3.35097723E-02  4.34898539E-04
4.19703382E-01  3.25670689E-02  4.25322854E-04
4.20001997E-01  3.14415991E-02  4.19818825E-04
4.20300612E-01  3.20090428E-02  4.22049372E-04
4.20599227E-01  3.33012231E-02  4.33949695E-04
4.20897842E-01  3.20425071E-02  4.23042598E-04
4.21196457E-01  3.22738737E-02  4.23411839E-04
4.21495072E-01  3.18262130E-02  4.22290002E-04
4.21793687E-01  3.21249999E-02  4.22917103E-04
4.22092302E-01  3.14438194E-02  4.20711935E-04
4.22390917E-01  3.16447727E-02  4.15982649E-04
4.22689532E-01  3.16305496E-02  4.21478500E-04
4.22988147E-01  3.17455456E-02  4.19560936E-04
4.23286762E-01  3.12853158E-02  4.19079122E-04
4.23585377E-01  3.15977484E-02  4.18302312E-04
4.23883992E-01  3.14699449E-02  4.16610390E-04
4.24182607E-01  3.11342087E-02  4.14570386E-04
4.24481222E-01  3.10369711E-02  4.16275638E-04
4.24779837E-01  3.10419593E-02  4.14519658E-04
4.25078452E-01  3.15855779E-02  4.16538242E-04
4.25377067E-01  3.19363885E-02  4.21788602E-04
4.25675682E-01  3.15632373E-02  4.16207447E-04
4.25974297E-01  3.19402516E-02  4.21913224E-04
4.26272912E-01  3.08732539E-02  4.10259934E-04
4.26571527E-01  3.13332416E-02  4.17888019E-04
4.26870142E-01  3.11989486E-02  4.13712231E-04
4.27168757E-01  3.16935331E-02  4.17635223E-04
4.27467372E-01  3.11044455E-02  4.12350317E-04
4.27765987E-01  3.12516093E-02  4.15838847E-04
4.28064602E-01  3.07116248E-02  4.10474633E-04
4.28363217E-01  3.06626726E-02  4.11255460E-04
4.28661832E-01  2.99122371E-02  4.05554718E-04
4.28960447E-01  3.09972782E-02  4.12199297E-04
4.29259062E-01  3.06739844E-02  4.09496366E-04
4.29557677E-01  3.15239727E-02  4.15689661E-04
4.29856292E-01  3.01007573E-02  4.04483639E-04
4.30154907E-01  3.11905537E-02  4.12658672E-04
4.30453522E-01  3.07494234E-02  4.11200279E-04
4.30752137E-01  3.01553681E-02  4.06208885E-04
4.31050752E-01  3.05719189E-02  4.07372194E-04
4.31349367E-01  3.07735130E-02  4.09440952E-04
4.31647982E-01  3.09913307E-02  4.10706445E-04
4.31946597E-01  3.08524296E-02  4.11988760E-04
4.32245212E-01  3.09924316E-02  4.09535976E-04
4.32543827E-01  3.03758625E-02  4.07518644E-04
4.32842442E-01  3.02156508E-02  4.08730324E-04
4.33141057E-01  3.09902783E-02  4.09436034E-04
4.33439672E-01  3.06527093E-02  4.09833650E-04
4.33738287E-01  3.03274263E-02  4.05484549E-04
4.34036902E-01  3.06120906E-02  4.09473636E-04
4.34335517E-01  3.08555625E-02  4.10641689E-04
4.34634132E-01  3.04537192E-02  4.08416206E-04
4.34932747E-01  3.10331658E-02  4.10181674E-04
4.35231362E-01  3.08520719E-02  4.09256434E-04
4.35529977E-01  3.05171572E-02  4.09303757E-04
4.35828592E-01  3.11717242E-02  4.13024507E-04
4.36127207E-01  3.15661021E-02  4.13238246E-04
4.36425822E-01  3.05381417E-02  4.07175219E-04
4.36724437E-01  3.04403137E-02  4.06884792E-04
4.37023052E-01  3.02008595E-02  4.05462866E-04
4.37321667E-01  3.01037896E-02  4.02494479E-04
4.37620282E-01  3.00989579E-02  4.05412226E-04
4.37918897E-01  3.04412562E-02  4.06897394E-04
4.38217512E-01  3.06372996E-02  4.08933760E-04
4.38516127E-01  2.96509359E-02  3.99813143E-04
4.38814742E-01  3.06457225E-02  4.04425256E-04
4.39113357E-01  2.99261250E-02  4.03267244E-04
4.39411972E-01  3.08065508E-02  4.08976572E-04
4.39710587E-01  3.10532171E-02  4.08984575E-04
4.40009202E-01  3.08910739E-02  4.09449713E-04
4.40307817E-01  3.10201924E-02  4.06719453E-04
4.40606432E-01  3.07287406E-02  4.08375636E-04
4.40905047E-01  3.11844274E-02  4.10214881E-04
4.41203662E-01  2.98773628E-02  3.99074925E-04
4.41502277E-01  3.03274579E-02  4.04186518E-04
4.41800892E-01  2.99607813E-02  4.01120575E-04
4.42099507E-01  2.99144164E-02  4.01075376E-04
4.42398122E-01  3.03784758E-02  4.03116021E-04
4.42696737E-01  2.99584977E-02  4.00408782E-04
4.42995352E-01  2.98697483E-02  4.00692661E-04
4.43293967E-01  2.96466313E-02  4.00337827E-04
4.43592582E-01  3.03089600E-02  4.04875929E-04
4.43891197E-01  2.95090489E-02  3.95676034E-04
4.44189812E-01  3.02722249E-02  4.04277031E-04
4.44488427E-01  2.92332787E-02  3.95369338E-04
4.44787042E-01  2.99637429E-02  4.01772821E-04
4.45085657E-01  3.01000029E-02  4.01190744E-04
4.45384272E-01  2.90607046E-02  3.94808623E-04
4.45682887E-01  2.96586510E-02  4.01673780E-04
4.45981502E-01  2.98431031E-02  3.99044744E-04
4.46280117E-01  2.87037082E-02  3.92209156E-04
4.46578732E-01  2.92782634E-02  3.96376709E-04
4.46877347E-01  2.90441327E-02  3.95570358E-04
4.47175962E-01  2.83828024E-02  3.94968200E-04
4.47474577E-01  2.95364577E-02  3.96221643E-04
4.47773192E-01  2.92383265E-02  3.96199292E-04
4.48071807E-01  2.87553649E-02  3.92914983E-04
4.48370422E-01  2.85746977E-02  3.92800226E-04
4.48669037E-01  2.87093390E-02  3.92689544E-04
4.48967652E-01  2.91452389E-02  3.95228271E-04
4.49266267E-01  2.90599614E-02  3.96300864E-04
4.49564882E-01  2.91832071E-02  3.97317141E-04
4.49863497E-01  2.91285291E-02  3.95292562E-04
4.50162112E-01  2.86750924E-02  3.93585738E-04
4.50460727E-01  2.91527640E-02  3.96939460E-04
4.50759342E-01  2.88738739E-02  3.95124924E-04
4.51057957E-01  2.91430280E-02  3.96439573E-04
4.51356572E-01  2.91628279E-02  3.93984345E-04
4.51655187E-01  2.86475830E-02  3.94100149E-04
4.51953802E-01  2.84824520E-02  3.91495210E-04
4.52252417E-01  2.78379694E-02  3.90922563E-04
4.52551032E-01  2.85101794E-02  3.90917354E-04
4.52849647E-01  2.85817832E-02  3.92268063E-04
4.53148262E-01  2.86627673E-02  3.92824993E-04
4.53446877E-01  2.79125888E-02  3.87226930E-04
4.53745492E-01  2.83324290E-02  3.90987436E-04
4.54044107E-01  2.94041671E-02  3.99106648E-04
4.54342722E-01  2.90599074E-02  3.96152784E-04
4.54641337E-01  2.86734067E-02  3.94380768E-04
4.54939952E-01  2.89945379E-02  3.95188225E-04
4.55238567E-01  2.84509528E-02  3.91210080E-04
4.55537182E-01  2.90998388E-02  3.98366363E-04
4.55835797E-01  2.87068766E-02  3.94617207E-04
4.56134412E-01  2.82209367E-02  3.90229921E-04
4.56433027E-01  2.90405154E-02  3.96293704E-04
4.56731642E-01  2.87050661E-02  3.93220078E-04
4.57030257E-01  2.83097271E-02  3.92057875E-04
4.57328872E-01  2.85617467E-02  3.92844959E-04
4.57627487E-01  2.89417170E-02  3.95276875E-04
4.57926102E-01  2.86721084E-02  3.93693161E-04
4.58224717E-01  2.81138625E-02  3.91225709E-04
4.58523332E-01  2.85824630E-02  3.93167109E-04
4.58821947E-01  2.81500798E-02  3.87880544E-04
4.59120562E-01  2.82632075E-02  3.92355374E-04
4.59419177E-01  2.80587617E-02  3.90761765E-04
4.59717792E-01  2.80193426E-02  3.90402129E-04
4.60016407E-01  2.71967035E-02  3.83356499E-04
4.60315022E-01  2.84816045E-02  3.91705602E-04
4.60613637E-01  2.86925938E-02  3.94719333E-04
4.60912252E-01  2.83910055E-02  3.93863913E-04
4.61210867E-01  2.82692052E-02  3.90934758E-04
4.61509482E-01  2.84922570E-02  3.96606571E-04
4.61808097E-01  2.77154725E-02  3.99996730E-04
4.62106712E-01  2.83310302E-02  4.06140520E-04
4.62405327E-01  2.82885749E-02  4.09549481E-04
4.62703942E-01  2.77946945E-02  4.05470433E-04
4.63002557E-01  2.87931804E-02  4.20260039E-04
4.63301172E-01  2.84775943E-02  4.19423595E-04
4.63599787E-01  2.87074056E-02  4.23359626E-04
4.63898402E-01  2.84816809E-02  4.23639460E-04
4.64197017E-01  2.84794737E-02  4.24170052E-04
4.64495632E-01  2.81006321E-02  4.26649582E-04
4.64794247E-01  2.84436513E-02  4.29929321E-04
4.65092862E-01  2.85785347E-02  4.28795960E-04
4.65391477E-01  2.82242112E-02  4.32532746E-04
4.65690092E-01  2.83549465E-02  4.33417998E-04
4.65988707E-01  2.86450163E-02  4.39446216E-04
4.66287322E-01  2.77336799E-02  4.32758039E-04
4.66585937E-01  2.84380671E-02  4.38704476E-04
4.66884552E-01  2.81749703E-02  4.42072516E-04
4.67183167E-01  2.79615726E-02  4.42277174E-04
4.67481782E-01  2.77616866E-02  4.35266615E-04
4.67780397E-01  2.83950232E-02  4.46460414E-04
4.68079012E-01  2.93621067E-02  4.55568777E-04
4.68377627E-01  2.73807310E-02  4.42488876E-04
4.68676242E-01  2.80193761E-02  4.48669103E-04
4.68974857E-01  2.91403923E-02  4.57558286E-04
4.69273472E-01  2.80279741E-02  4.53007873E-04
4.69572087E-01  2.76726279E-02  4.48791194E-04
4.69870702E-01  2.92184744E-02  4.63085802E-04
4.70169317E-01  2.74873283E-02  4.51462023E-04
4.70467932E-01  2.85724346E-02  4.61265910E-04
4.70766547E-01  2.83385534E-02  4.64192359E-04
4.71065162E-01  2.85188016E-02  4.65523917E-04
4.71363777E-01  2.87352782E-02  4.64136800E-04
4.71662392E-01  2.87331250E-02  4.69460385E-04
4.71961007E-01  2.81500407E-02  4.66134399E-04
4.72259622E-01  2.83600856E-02  4.71295498E-04
4.72558237E-01  2.87736487E-02  4.72016400E-04
4.72856852E-01  2.85764150E-02  4.63570643E-04
4.73155467E-01  2.89303456E-02  4.62900352E-04
4.73454082E-01  2.85447743E-02  4.54352616E-04
4.73752697E-01  2.91246753E-02  4.51939326E-04
4.74051312E-01  2.83648893E-02  4.46262537E-04
4.74349927E-01  2.80698389E-02  4.41292941E-04
4.74648542E-01  2.83011515E-02  4.43234690E-04
4.74947157E-01  2.88407970E-02  4.43075784E-04
4.75245772E-01  2.80601084E-02  4.36313945E-04
4.75544387E-01  2.78845411E-02  4.34109097E-04
4.75843002E-01  2.83747911E-02  4.38878749E-04
4.76141617E-01  2.90018711E-02  4.39826341E-04
4.76440232E-01  2.89711766E-02  4.39714961E-04
4.76738847E-01  2.93485261E-02  4.40895266E-04
4.77037462E-01  3.00369393E-02  4.46279126E-04
4.77336077E-01  2.93685030E-02  4.42244578E-04
4.77634692E-01  2.84724031E-02  4.31598251E-04
4.77933307E-01  2.90079694E-02  4.36222384E-04
4.78231922E-01  2.90575419E-02  4.33936395E-04
4.78530537E-01  2.94361375E-02  4.40969190E-04
4.78829152E-01  2.95916498E-02  4.35501075E-04
4.79127767E-01  2.90715117E-02  4.33131965E-04
4.79426382E-01  3.03296149E-02  4.44870733E-04
4.79724997E-01  2.96765231E-02  4.38080577E-04
4.80023612E-01  3.00515555E-02  4.39799798E-04
4.80322227E-01  2.99165323E-02  4.36982227E-04
4.80620842E-01  3.09375096E-02  4.46591002E-04
4.80919457E-01  3.04940604E-02  4.41989338E-04
4.81218072E-01  3.12682427E-02  4.47099970E-04
4.81516687E-01  3.12097408E-02  4.47500352E-04
4.81815302E-01  3.21998522E-02  4.50094522E-04
4.82113917E-01  3.25466208E-02  4.57586866E-04
4.82412532E-01  3.29655707E-02  4.57062328E-04
4.82711147E-01  3.39880176E-02  4.62904223E-04
4.83009762E-01  3.44985463E-02  4.67693608E-04
4.83308377E-01  3.41199823E-02  4.66086931E-04
4.83606992E-01  3.55802067E-02  4.73142718E-04
4.83905607E-01  3.52437124E-02  4.72357729E-04
4.84204222E-01  3.51651534E-02  4.69536986E-04
4.84502837E-01  3.59570757E-02  4.77858644E-04
4.84801452E-01  3.56311575E-02  4.73610940E-04
4.85100067E-01  3.72435600E-02  4.81012743E-04
4.85398682E-01  3.60425450E-02  4.75853216E-04
4.85697297E-01  3.65771055E-02  4.79125825E-04
4.85995912E-01  3.61595377E-02  4.77731024E-04
4.86294527E-01  3.60147357E-02  4.73018998E-04
4.86593142E-01  3.67041714E-02  4.78618924E-04
4.86891757E-01  3.51123139E-02  4.69082413E-04
4.87190372E-01  3.51468176E-02  4.69794963E-04
4.87488987E-01  3.42844203E-02  4.59665898E-04
4.87787602E-01  3.40708569E-02  4.61725780E-04
4.88086217E-01  3.27774286E-02  4.50700580E-04
4.88384832E-01  3.23048197E-02  4.48461855E-04
4.88683447E-01  3.19880135E-02  4.47395752E-04
4.88982062E-01  3.09706889E-02  4.37336159E-04
4.89280677E-01  3.04024201E-02  4.36059083E-04
4.89579292E-01  2.99740992E-02  4.31114691E-04
4.89877907E-01  3.07956599E-02  4.36433882E-04
4.90176522E-01  3.05430200E-02  4.33550624E-04
4.90475137E-01  2.96756607E-02  4.28643951E-04
4.90773752E-01  2.99216304E-02  4.30093205E-04
4.91072367E-01  2.96106264E-02  4.28285770E-04
4.91370982E-01  3.01989559E-02  4.31325636E-04
4.91669597E-01  2.93289088E-02  4.25817561E-04
4.91968212E-01  2.91809272E-02  4.25602309E-04
4.92266827E-01  2.94666886E-02  4.27143183E-04
4.92565442E-01  2.91128363E-02  4.22235695E-04
4.92864057E-01  2.92785261E-02  4.24817525E-04
4.93162672E-01  2.94006411E-02  4.26454702E-04
4.93461287E-01  2.80029159E-02  4.16196097E-04
4.93759902E-01  2.86240000E-02  4.17435163E-04
4.94058517E-01  2.88904458E-02  4.21365636E-04
4.94357132E-01  2.97670476E-02  4.26858198E-04
4.94655747E-01  2.84193233E-02  4.20347147E-04
4.94954362E-01  2.89302617E-02  4.18839540E-04
4.95252977E-01  2.91695371E-02  4.23191581E-04
4.95551592E-01  2.89074033E-02  4.22557816E-04
4.95850207E-01  2.87652034E-02  4.20884084E-04
4.96148822E-01  2.87759081E-02  4.18141397E-04
4.96447437E-01  2.84991264E-02  4.18516924E-04
4.96746052E-01  2.82099657E-02  4.15662245E-04
4.97044667E-01  2.80846097E-02  4.17456409E-04
4.97343282E-01  2.83868890E-02  4.14594950E-04
4.97641897E-01  2.83033643E-02  4.13375034E-04
4.97940512E-01  2.81590838E-02  4.16543568E-04
4.98239127E-01  2.86909398E-02  4.18990967E-04
4.98537742E-01  2.80565862E-02  4.15163668E-04
4.98836357E-01  2.89296713E-02  4.18962707E-04
4.99134972E-01  2.73149405E-02  4.08825668E-04
4.99433587E-01  2.81382371E-02  4.16189636E-04
4.99732202E-01  2.90651824E-02  4.20572527E-04
5.00030817E-01  2.81376019E-02  4.13296977E-04
5.00329432E-01  2.82166936E-02  4.14906506E-04
5.00628047E-01  2.77532693E-02  4.11487068E-04
5.00926662E-01  2.82330550E-02  4.17318282E-04
5.01225277E-01  2.86605619E-02  4.15588758E-04
5.01523892E-01  2.77495403E-02  4.09233617E-04
5.01822507E-01  2.82185804E-02  4.14620590E-04
5.02121122E-01  2.90063396E-02  4.21311910E-04
5.02419737E-01  2.77836490E-02  4.11620917E-04
5.02718352E-01  2.73968764E-02  4.08544729E-04
5.03016967E-01  2.77610663E-02  4.11151006E-04
5.03315582E-01  2.82320026E-02  4.15761344E-04
5.03614197E-01  2.86445227E-02  4.15487244E-04
5.03912812E-01  2.83122193E-02  4.15012066E-04
5.04211427E-01  2.77628116E-02  4.10054083E-04
5.04510042E-01  2.77844220E-02  4.12357069E-04
5.04808657E-01  2.75803655E-02  4.07403830E-04
5.05107272E-01  2.84368284E-02  4.16034891E-04
5.05405887E-01  2.81106196E-02  4.12012683E-04
5.05704502E-01  2.79145204E-02  4.13741480E-04
5.06003117E-01  2.81330049E-02  4.13095753E-04
5.06301732E-01  2.81054843E-02  4.12691676E-04
5.06600347E-01  2.80976854E-02  4.11117158E-04
5.06898962E-01  2.77187135E-02  4.11065092E-04
5.07197577E-01  2.81924233E-02  4.15493996E-04
5.07496192E-01  2.75619570E-02  4.05893865E-04
5.07794807E-01  2.80652139E-02  4.14973416E-04
5.08093422E-01  2.76721120E-02  4.09205735E-04
5.08392037E-01  2.76421718E-02  4.09794826E-04
5.08690652E-01  2.73447540E-02  4.05385596E-04
5.08989267E-01  2.83022039E-02  4.13843896E-04
5.09287882E-01  2.79080346E-02  4.12378984E-04
5.09586497E-01  2.74828803E-02  4.07612533E-04
5.09885112E-01  2.76659485E-02  4.08668013E-04
5.10183727E-01  2.78917179E-02  4.10839217E-04
5.10482342E-01  2.73785610E-02  4.06244100E-04
5.10780957E-01  2.80685909E-02  4.12550406E-04
5.11079572E-01  2.76443213E-02  4.08616092E-04
5.11378187E-01  2.81113908E-02  4.12156805E-04
5.11676802E-01  2.77846139E-02  4.12814785E-04
5.11975417E-01  2.77141090E-02  4.08134540E-04
5.12274032E-01  2.77115982E-02  4.08718537E-04
5.12572647E-01  2.79398747E-02  4.10702924E-04
5.12871262E-01  2.82630697E-02  4.12566587E-04
5.13169877E-01  2.75164414E-02  4.10008710E-04
5.13468492E-01  2.79429778E-02  4.08329361E-04
5.13767107E-01  2.76735462E-02  4.07846906E-04
5.14065722E-01  2.78628673E-02  4.11666610E-04
5.14364337E-01  2.78274622E-02  4.10695531E-04
5.14662952E-01  2.76986100E-02  4.08838358E-04
5.14961567E-01  2.79084388E-02  4.09181230E-04
5.15260182E-01  2.80880295E-02  4.12925321E-04
5.15558797E-01  2.74852794E-02  4.07066516E-04
5.15857412E-01  2.73307320E-02  4.05623723E-04
5.16156027E-01  2.76274495E-02  4.08724067E-04
5.16454642E-01  2.74067707E-02  4.07290878E-04
5.16753257E-01  2.79170796E-02  4.10057837E-04
5.17051872E-01  2.74764188E-02  4.08416090E-04
5.17350487E-01  2.80716121E-02  4.09990287E-04
5.17649102E-01  2.75730453E-02  4.07429063E-04
5.17947717E-01  2.74953041E-02  4.06457868E-04
5.18246332E-01  2.80715283E-02  4.10998502E-04
5.18544947E-01  2.80882176E-02  4.12438152E-04
5.18843562E-01  2.72870343E-02  4.06816282E-04
5.19142177E-01  2.69903876E-02  4.02617443E-04
5.19440792E-01  2.77878474E-02  4.08424065E-04
5.19739407E-01  2.80891452E-02  4.11036192E-04
5.20038022E-01  2.83490177E-02  4.14972310E-04
5.20336637E-01  2.68915519E-02  4.02083650E-04
5.20635252E-01  2.77319346E-02  4.08220047E-04
5.20933867E-01  2.74118762E-02  4.06157575E-04
5.21232482E-01  2.71410272E-02  4.03653772E-04
5.21531097E-01  2.78937109E-02  4.10824025E-04
5.21829712E-01  2.82455236E-02  4.13103437E-04
5.22128327E-01  2.71867644E-02  4.04692197E-04
5.22426942E-01  2.67808363E-02  3.99803044E-04
5.22725557E-01  2.76858434E-02  4.08694439E-04
5.23024172E-01  2.78241299E-02  4.08913154E-04
5.23322787E-01  2.74645500E-02  4.07161599E-04
5.23621402E-01  2.72657480E-02  4.04793042E-04
5.23920017E-01  2.74533108E-02  4.08388558E-04
5.24218632E-01  2.73268335E-02  4.03967366E-04
5.24517247E-01  2.74139680E-02  4.05699015E-04
5.24815862E-01  2.76121423E-02  4.08766093E-04
5.25114477E-01  2.74942443E-02  4.05998813E-04
5.25413092E-01  2.75389720E-02  4.07326006E-04
5.25711707E-01  2.73398217E-02  4.06251085E-04
5.26010322E-01  2.81704254E-02  4.10166773E-04
5.26308937E-01  2.75940578E-02  4.07339510E-04
5.26607552E-01  2.74365712E-02  4.06077976E-04
5.26906167E-01  2.77611464E-02  4.08075692E-04
5.27204782E-01  2.70417538E-02  4.05236438E-04
5.27503397E-01  2.69745383E-02  4.02649923E-04
5.27802012E-01  2.80102678E-02  4.10409586E-04
5.28100627E-01  2.73190644E-02  4.06211795E-04
5.28399242E-01  2.71799807E-02  4.01445723E-04
5.28697857E-01  2.69958749E-02  4.03508195E-04
5.28996472E-01  2.71921866E-02  4.04280523E-04
5.29295087E-01  2.79488768E-02  4.11279820E-04
5.29593702E-01  2.71056909E-02  4.02461155E-04
5.29892317E-01  2.73331590E-02  4.05035709E-04
5.30190932E-01  2.79816054E-02  4.11627756E-04
5.30489547E-01  2.79852338E-02  4.10042820E-04
5.30788162E-01  2.74036583E-02  4.04970342E-04
5.31086777E-01  2.74372175E-02  4.06310108E-04
5.31385392E-01  2.77672131E-02  4.06761043E-04
5.31684007E-01  2.76859589E-02  4.08251566E-04
5.31982622E-01  2.75643524E-02  4.07256157E-04
5.32281237E-01  2.77977027E-02  4.08878172E-04
5.32579852E-01  2.69882940E-02  4.03575250E-04
5.32878467E-01  2.70452257E-02  4.03211219E-04
5.33177082E-01  2.71577835E-02  4.04844352E-04
5.33475697E-01  2.71574687E-02  4.01991128E-04
5.33774312E-01  2.72858366E-02  4.04512131E-04
5.34072927E-01  2.69576665E-02  4.04749706E-04
5.34371542E-01  2.66971793E-02  3.98865406E-04
5.34670157E-01  2.78883502E-02  4.06879990E-04
5.34968772E-01  2.70265322E-02  4.04373190E-04
5.35267387E-01  2.77609043E-02  4.08028049E-04
5.35566002E-01  2.75398660E-02  4.08098800E-04
5.35864617E-01  2.73526423E-02  4.03643848E-04
5.36163232E-01  2.70312000E-02  4.03720624E-04
5.36461847E-01  2.76585333E-02  4.07980260E-04
5.36760462E-01  2.75988150E-02  4.06745530E-04
5.37059077E-01  2.77381521E-02  4.07078507E-04
5.37357692E-01  2.79560070E-02  4.11384739E-04
5.37656307E-01  2.72635464E-02  4.02899779E-04
5.37954922E-01  2.68461686E-02  4.04537364E-04
5.38253537E-01  2.70954184E-02  3.99153214E-04
5.38552152E-01  2.72214301E-02  4.03868122E-04
5.38850767E-01  2.70274878E-02  4.03710204E-04
5.39149382E-01  2.79778335E-02  4.10950219E-04
5.39447997E-01  2.65391059E-02  3.98780074E-04
5.39746612E-01  2.76824702E-02  4.07978398E-04
5.40045227E-01  2.70417519E-02  4.01955098E-04
5.40343842E-01  2.69949641E-02  4.03674989E-04
5.40642457E-01  2.69848593E-02  4.01731231E-04
5.40941072E-01  2.69326940E-02  4.00954654E-04
5.41239687E-01  2.77359523E-02  4.11004468E-04
5.41538302E-01  2.80097444E-02  4.10093926E-04
5.41836917E-01  2.77576316E-02  4.07847809E-04
5.42135532E-01  2.71948744E-02  4.00966557E-04
5.42434147E-01  2.73140445E-02  4.04974824E-04
5.42732762E-01  2.75840908E-02  4.08171967E-04
5.43031377E-01  2.72146128E-02  4.06732259E-04
5.43329992E-01  2.68788710E-02  3.98829667E-04
5.43628607E-01  2.73991581E-02  4.05613129E-04
5.43927222E-01  2.80985478E-02  4.11261892E-04
5.44225837E-01  2.71575451E-02  4.04616061E-04
5.44524452E-01  2.68531404E-02  3.99416371E-04
5.44823067E-01  2.67368294E-02  4.00982273E-04
5.45121682E-01  2.65878569E-02  3.99377372E-04
5.45420297E-01  2.79592071E-02  4.09749453E-04
5.45718912E-01  2.68902015E-02  4.00766410E-04
5.46017527E-01  2.78304704E-02  4.08609398E-04
5.46316142E-01  2.70914864E-02  4.02560981E-04
5.46614757E-01  2.72995625E-02  4.06686799E-04
5.46913372E-01  2.67224424E-02  3.98266158E-04
5.47211987E-01  2.71668676E-02  4.03814862E-04
5.47510602E-01  2.73687206E-02  4.06008679E-04
5.47809217E-01  2.77373306E-02  4.07241896E-04
5.48107832E-01  2.66887899E-02  4.01528174E-04
5.48406447E-01  2.70706043E-02  4.02517384E-04
5.48705062E-01  2.73149498E-02  4.03351209E-04
5.49003677E-01  2.72774454E-02  4.06537816E-04
5.49302292E-01  2.78816391E-02  4.06436156E-04
5.49600907E-01  2.73491945E-02  4.06076666E-04
5.49899522E-01  2.74937283E-02  4.05858475E-04
5.50198137E-01  2.70470474E-02  4.03732236E-04
5.50496752E-01  2.70963907E-02  4.02722799E-04
5.50795367E-01  2.76265536E-02  4.05659201E-04
5.51093982E-01  2.71437969E-02  4.03471931E-04
5.51392597E-01  2.68684179E-02  4.02503356E-04
5.51691212E-01  2.77574230E-02  4.07712738E-04
5.51989827E-01  2.74793990E-02  4.05470259E-04
5.52288442E-01  2.73464881E-02  4.02633450E-04
5.52587057E-01  2.72593535E-02  4.03455051E-04
5.52885672E-01  2.72502620E-02  4.03585815E-04
5.53184287E-01  2.69085970E-02  3.99402663E-04
5.53482902E-01  2.64042690E-02  3.96217598E-04
5.53781517E-01  2.68364381E-02  4.00320976E-04
5.54080132E-01  2.77338438E-02  4.06665087E-04
5.54378747E-01  2.62048300E-02  3.92078800E-04
5.54677362E-01  2.70379875E-02  4.00178717E-04
5.54975977E-01  2.74186134E-02  4.04353312E-04
5.55274592E-01  2.73833964E-02  4.02827689E-04
5.55573207E-01  2.61752494E-02  3.89548863E-04
5.55871822E-01  2.71521043E-02  3.99684795E-04
5.56170437E-01  2.72782911E-02  4.01672878E-04
5.56469052E-01  2.70775184E-02  4.00676014E-04
5.56767667E-01  2.71866452E-02  3.99371987E-04
5.57066282E-01  2.77003534E-02  4.03707760E-04
5.57364897E-01  2.77726762E-02  4.01366065E-04
5.57663512E-01  2.76362430E-02  4.02858976E-04
5.57962127E-01  2.72254609E-02  3.98525706E-04
5.58260742E-01  2.75969245E-02  3.99159733E-04
5.58559357E-01  2.68078335E-02  3.97731812E-04
5.58857972E-01  2.77020000E-02  4.03731741E-04
5.59156587E-01  2.72051375E-02  3.96322081E-04
5.59455202E-01  2.72656120E-02  3.99113458E-04
5.59753817E-01  2.70150509E-02  3.95403360E-04
5.60052432E-01  2.75615044E-02  4.00706544E-04
5.60351047E-01  2.67050527E-02  3.93317227E-04
5.60649662E-01  2.67230477E-02  3.91885784E-04
5.60948277E-01  2.69851089E-02  3.94542731E-04
5.61246892E-01  2.66527440E-02  3.92845192E-04
5.61545507E-01  2.70109829E-02  3.94921051E-04
5.61844122E-01  2.68576965E-02  3.91509937E-04
5.62142737E-01  2.76116896E-02  4.00421821E-04
5.62441352E-01  2.64304318E-02  3.89019493E-04
5.62739967E-01  2.73747314E-02  3.95449897E-04
5.63038582E-01  2.75585447E-02  3.97980650E-04
5.63337197E-01  2.67344639E-02  3.90711124E-04
5.63635812E-01  2.71680839E-02  3.96921125E-04
5.63934427E-01  2.74693239E-02  3.95498006E-04
5.64233042E-01  2.82782521E-02  4.00355493E-04
5.64531657E-01  2.68034618E-02  3.91677662E-04
5.64830272E-01  2.72681005E-02  3.94692761E-04
5.65128887E-01  2.76009850E-02  3.97558499E-04
5.65427502E-01  2.79089864E-02  3.97283438E-04
5.65726117E-01  2.73229145E-02  3.94454488E-04
5.66024732E-01  2.75966804E-02  3.96061136E-04
5.66323347E-01  2.70842817E-02  3.92732094E-04
5.66621962E-01  2.71087848E-02  3.89500463E-04
5.66920577E-01  2.70483941E-02  3.92294198E-04
5.67219192E-01  2.73191854E-02  3.94894771E-04
5.67517807E-01  2.75621638E-02  3.96465039E-04
5.67816422E-01  2.69560385E-02  3.87265842E-04
5.68115037E-01  2.73440219E-02  3.92718241E-04
5.68413652E-01  2.74071284E-02  3.93624592E-04
5.68712267E-01  2.72943377E-02  3.92815768E-04
5.69010882E-01  2.80388761E-02  3.97046097E-04
5.69309497E-01  2.77229566E-02  3.95075884E-04
5.69608112E-01  2.64793336E-02  3.86734784E-04
5.69906727E-01  2.67558135E-02  3.87684006E-04
5.70205342E-01  2.81481836E-02  3.96021467E-04
5.70503957E-01  2.70392783E-02  3.91257752E-04
5.70802572E-01  2.76074931E-02  3.94352508E-04
5.71101187E-01  2.67114509E-02  3.88882618E-04
5.71399802E-01  2.75369547E-02  3.92864255E-04
5.71698417E-01  2.74341553E-02  3.92759015E-04
5.71997032E-01  2.71654315E-02  3.92631278E-04
5.72295647E-01  2.64803972E-02  3.87204869E-04
5.72594262E-01  2.78691128E-02  3.95595212E-04
5.72892877E-01  2.69933175E-02  3.86606320E-04
5.73191492E-01  2.75176596E-02  3.94358853E-04
5.73490107E-01  2.71963831E-02  3.92955524E-04
5.73788722E-01  2.76357755E-02  3.94033588E-04
5.74087337E-01  2.72968430E-02  3.92689195E-04
5.74385952E-01  2.78785601E-02  3.97859374E-04
5.74684567E-01  2.67986301E-02  3.89450812E-04
5.74983182E-01  2.74101049E-02  3.91892972E-04
5.75281797E-01  2.69716401E-02  3.87690059E-04
5.75580412E-01  2.75349598E-02  3.95134644E-04
5.75879027E-01  2.74150707E-02  3.93009745E-04
5.76177642E-01  2.70117633E-02  3.90736910E-04
5.76476257E-01  2.76804660E-02  3.93831026E-04
5.76774872E-01  2.68741287E-02  3.90012952E-04
5.77073487E-01  2.71652061E-02  3.91851150E-04
5.77372102E-01  2.73350123E-02  3.93890979E-04
5.77670717E-01  2.72153150E-02  3.90427071E-04
5.77969332E-01  2.71996614E-02  3.91656096E-04
5.78267947E-01  2.74044890E-02  3.94033967E-04
5.78566562E-01  2.72960924E-02  3.92353744E-04
5.78865177E-01  2.67979596E-02  3.87077569E-04
5.79163792E-01  2.72632521E-02  3.92571732E-04
5.79462407E-01  2.79809032E-02  3.97342170E-04
5.79761022E-01  2.73707267E-02  3.94528528E-04
5.80059637E-01  2.69715525E-02  3.87809006E-04
5.80358252E-01  2.75513250E-02  3.94557806E-04
5.80656867E-01  2.65263580E-02  3.88042914E-04
5.80955482E-01  2.70318463E-02  3.91724752E-04


### HEADER:
#
#{
#    "analysis": {},
#    "calibration_params": {
#        "Beam_Center_X": 1061.0,
#        "Beam_Center_Y": 2093.0,
#        "Detector Tilt": 0.0,
#        "Detector Tilt Plane Rotation": 0.0,
#        "Detector_X_Pixel_Size": 75.0,
#        "Detector_Y_Pixel_Size": 75.0,
#        "Integration Method": "nosplit_csr",
#        "Radial_Average_Method": "pyFAI",
#        "Sample-to-detector distance (mm)": 1782.0,
#        "Wavelength (A)": 0.8823505857220345
#    },
#    "config_file": "/Users/jwinnikoff/Documents/MBARI/SAXS/HPSAXS_7A_Feb2023/HPSAXS_02_19_23.cfg",
#    "counters": {
#        "Epoch": "117.476",
#        "I1": "0",
#        "I2": "0",
#        "I3": "0",
#        "Seconds": "1",
#        "Time": "1.28746e-05",
#        "date": "Sun Feb 19 15:40:53 2023",
#        "diode": "63705"
#    },
#    "filename": "JWL0317_35C_010MPa_dn_1_data_000001_00001.h5",
#    "history": {},
#    "imageHeader": {},
#    "load_path": "/Users/jwinnikoff/Documents/MBARI/SAXS/HPSAXS_7A_Feb2023/JWL0317_SOPE_DOPE_TS-/JWL0317_35C_010MPa_dn_1_data_000001.h5",
#    "normalizations": {
#        "Absolute_scale": {
#            "Absolute_scale_factor": 0.005174693841759343,
#            "Method": "Water"
#        },
#        "Counter_norms": [
#            [
#                "/",
#                "diode/150000"
#            ]
#        ],
#        "Polarization": {
#            "Used": false
#        },
#        "Solid_Angle_Correction": "On"
#    },
#    "raw_version": "2.1.4"
#}

