### DATA:
#
# 1908
#      Q             I(Q)           Error     
1.14966775E-02  0.00000000E+00  0.00000000E+00
1.17952925E-02  1.97740388E+00  5.49278855E-02
1.20939075E-02  1.88890910E+00  3.79608348E-02
1.23925225E-02  1.86093700E+00  3.07645425E-02
1.26911375E-02  1.78919601E+00  2.83357576E-02
1.29897525E-02  1.72327900E+00  2.70253867E-02
1.32883675E-02  1.58133006E+00  2.48727836E-02
1.35869825E-02  1.53429246E+00  2.33327169E-02
1.38855975E-02  1.44326043E+00  2.11992171E-02
1.41842125E-02  1.41118169E+00  2.14036629E-02
1.44828275E-02  1.31725466E+00  2.04625558E-02
1.47814425E-02  1.28404689E+00  1.95997730E-02
1.50800575E-02  1.22256470E+00  1.84162129E-02
1.53786725E-02  1.19109190E+00  1.71207413E-02
1.56772875E-02  1.12282348E+00  1.67585593E-02
1.59759025E-02  1.10531843E+00  1.55217471E-02
1.62745175E-02  1.04897392E+00  1.49094658E-02
1.65731325E-02  1.01813161E+00  1.48970056E-02
1.68717475E-02  1.00260353E+00  1.35759953E-02
1.71703625E-02  9.68159199E-01  1.40342414E-02
1.74689775E-02  9.36622083E-01  1.27434516E-02
1.77675925E-02  9.13960457E-01  1.23791071E-02
1.80662075E-02  8.82956028E-01  1.26641560E-02
1.83648225E-02  8.67055774E-01  1.12785511E-02
1.86634375E-02  8.44963074E-01  1.16494009E-02
1.89620525E-02  8.02961886E-01  1.07004531E-02
1.92606675E-02  7.83431888E-01  1.07208844E-02
1.95592825E-02  7.73214221E-01  1.07546570E-02
1.98578975E-02  7.80971646E-01  1.00067016E-02
2.01565125E-02  7.29628325E-01  1.00146607E-02
2.04551275E-02  7.13366032E-01  9.29432642E-03
2.07537425E-02  6.86951220E-01  8.91092978E-03
2.10523575E-02  6.72480822E-01  8.32638051E-03
2.13509725E-02  6.69712305E-01  7.79895997E-03
2.16495875E-02  6.54103160E-01  7.68470252E-03
2.19482025E-02  6.33551359E-01  7.00495206E-03
2.22468175E-02  6.23624504E-01  7.27064209E-03
2.25454325E-02  6.07107997E-01  6.57920865E-03
2.28440475E-02  5.97751379E-01  6.68640761E-03
2.31426625E-02  5.91296792E-01  6.41842419E-03
2.34412775E-02  5.80380738E-01  6.11265842E-03
2.37398925E-02  5.62324286E-01  6.24496443E-03
2.40385075E-02  5.64421296E-01  5.88098401E-03
2.43371225E-02  5.54984927E-01  5.83161740E-03
2.46357375E-02  5.42627215E-01  5.92301693E-03
2.49343525E-02  5.34379423E-01  5.58924163E-03
2.52329675E-02  5.22504985E-01  5.79988537E-03
2.55315825E-02  5.18601656E-01  5.41356718E-03
2.58301975E-02  5.06256461E-01  5.37871104E-03
2.61288125E-02  4.99180406E-01  5.51959779E-03
2.64274275E-02  4.94573265E-01  5.14566666E-03
2.67260425E-02  4.80953664E-01  5.34359971E-03
2.70246575E-02  4.77372676E-01  4.98590432E-03
2.73232725E-02  4.74718571E-01  5.13216760E-03
2.76218875E-02  4.66312736E-01  5.16216876E-03
2.79205025E-02  4.68972623E-01  4.98455949E-03
2.82191175E-02  4.57267702E-01  4.90496214E-03
2.85177325E-02  4.56368238E-01  4.81777545E-03
2.88163475E-02  4.47948396E-01  4.92310431E-03
2.91149625E-02  4.36411262E-01  4.71913163E-03
2.94135775E-02  4.27226037E-01  4.61549172E-03
2.97121925E-02  4.32092607E-01  4.68009990E-03
3.00108075E-02  4.22582716E-01  4.47484478E-03
3.03094225E-02  4.22519952E-01  4.67479741E-03
3.06080375E-02  4.07028109E-01  4.44024801E-03
3.09066525E-02  4.15265560E-01  4.42222552E-03
3.12052675E-02  4.03564811E-01  4.49321559E-03
3.15038825E-02  3.94695282E-01  4.25264845E-03
3.18024975E-02  3.98128778E-01  4.33671894E-03
3.21011125E-02  3.94721627E-01  4.17817663E-03
3.23997275E-02  3.88999134E-01  4.03807731E-03
3.26983425E-02  3.82050782E-01  4.03524749E-03
3.29969575E-02  3.79551828E-01  3.80027154E-03
3.32955725E-02  3.76546055E-01  3.78519506E-03
3.35941875E-02  3.75019372E-01  3.60212754E-03
3.38928025E-02  3.68177444E-01  3.67479888E-03
3.41914175E-02  3.63746047E-01  3.54355993E-03
3.44900325E-02  3.62484872E-01  3.51364492E-03
3.47886474E-02  3.60705823E-01  3.44405160E-03
3.50872624E-02  3.56321007E-01  3.35853104E-03
3.53858774E-02  3.52455407E-01  3.44552426E-03
3.56844924E-02  3.53617877E-01  3.31834494E-03
3.59831074E-02  3.42212528E-01  3.20919836E-03
3.62817224E-02  3.42000186E-01  3.28694424E-03
3.65803374E-02  3.38561773E-01  3.17022623E-03
3.68789524E-02  3.39330554E-01  3.28089204E-03
3.71775674E-02  3.40496361E-01  3.21065844E-03
3.74761824E-02  3.33904713E-01  3.09463008E-03
3.77747974E-02  3.31745535E-01  3.09920777E-03
3.80734124E-02  3.31251740E-01  3.04812822E-03
3.83720274E-02  3.21053565E-01  3.09925550E-03
3.86706424E-02  3.24552298E-01  2.96843867E-03
3.89692574E-02  3.23995590E-01  3.05411685E-03
3.92678724E-02  3.25482816E-01  3.08448705E-03
3.95664874E-02  3.24091405E-01  2.96633318E-03
3.98651024E-02  3.21296722E-01  2.95614824E-03
4.01637174E-02  3.10955882E-01  2.86015798E-03
4.04623324E-02  3.14927012E-01  2.98030791E-03
4.07609474E-02  3.10736239E-01  2.85668811E-03
4.10595624E-02  3.07110339E-01  2.89791217E-03
4.13581774E-02  3.06513071E-01  2.84210732E-03
4.16567924E-02  3.11368823E-01  2.80694780E-03
4.19554074E-02  3.09452593E-01  2.87816185E-03
4.22540224E-02  3.04958910E-01  2.83489609E-03
4.25526374E-02  3.03631306E-01  2.79042707E-03
4.28512524E-02  3.04163307E-01  2.80230702E-03
4.31498674E-02  2.99344450E-01  2.74766749E-03
4.34484824E-02  2.97045290E-01  2.82235467E-03
4.37470974E-02  2.98217326E-01  2.70693097E-03
4.40457124E-02  2.94130415E-01  2.70140148E-03
4.43443274E-02  2.94603795E-01  2.75559397E-03
4.46429424E-02  2.98466712E-01  2.71243718E-03
4.49415574E-02  2.94377923E-01  2.78049288E-03
4.52401724E-02  2.91113079E-01  2.64277216E-03
4.55387874E-02  2.97171474E-01  2.71313125E-03
4.58374024E-02  2.89616734E-01  2.67842342E-03
4.61360174E-02  2.92802274E-01  2.65460880E-03
4.64346324E-02  2.94241875E-01  2.71297293E-03
4.67332474E-02  2.91252762E-01  2.61478894E-03
4.70318624E-02  2.91657358E-01  2.69441633E-03
4.73304774E-02  2.95747906E-01  2.69788643E-03
4.76290924E-02  2.94702917E-01  2.63632485E-03
4.79277074E-02  2.98441887E-01  2.63674580E-03
4.82263224E-02  2.93500781E-01  2.59704702E-03
4.85249374E-02  2.95629025E-01  2.68653757E-03
4.88235524E-02  2.97394812E-01  2.62811035E-03
4.91221674E-02  3.03592175E-01  2.63933325E-03
4.94207824E-02  3.02808344E-01  2.66411761E-03
4.97193974E-02  3.00360948E-01  2.60573346E-03
5.00180124E-02  3.08041722E-01  2.71215616E-03
5.03166274E-02  3.09977263E-01  2.64320662E-03
5.06152424E-02  3.05335462E-01  2.63112714E-03
5.09138574E-02  3.08730453E-01  2.67773727E-03
5.12124724E-02  3.09911311E-01  2.61224085E-03
5.15110874E-02  3.13069314E-01  2.67219730E-03
5.18097024E-02  3.21831971E-01  2.66972487E-03
5.21083174E-02  3.19642097E-01  2.65677436E-03
5.24069324E-02  3.19331616E-01  2.65740859E-03
5.27055474E-02  3.32662255E-01  2.69479235E-03
5.30041624E-02  3.32613349E-01  2.74615246E-03
5.33027774E-02  3.34030628E-01  2.68881605E-03
5.36013924E-02  3.39134634E-01  2.72478606E-03
5.39000074E-02  3.46808761E-01  2.70919548E-03
5.41986224E-02  3.49085569E-01  2.77244207E-03
5.44972374E-02  3.50184888E-01  2.74143065E-03
5.47958524E-02  3.59105855E-01  2.75681214E-03
5.50944674E-02  3.58074725E-01  2.79583805E-03
5.53930824E-02  3.67219567E-01  2.76865088E-03
5.56916974E-02  3.67931753E-01  2.75629456E-03
5.59903124E-02  3.70931625E-01  2.82545388E-03
5.62889274E-02  3.74929339E-01  2.77862698E-03
5.65875424E-02  3.74072701E-01  2.82546435E-03
5.68861574E-02  3.83373082E-01  2.80974410E-03
5.71847724E-02  3.85217547E-01  2.79768184E-03
5.74833874E-02  3.89783651E-01  2.84468150E-03
5.77820024E-02  3.91632229E-01  2.81713367E-03
5.80806174E-02  3.96632910E-01  2.90536531E-03
5.83792324E-02  3.94147038E-01  2.79298169E-03
5.86778474E-02  4.01560992E-01  2.86405836E-03
5.89764624E-02  4.09202605E-01  2.92265206E-03
5.92750774E-02  4.10578072E-01  2.80901766E-03
5.95736924E-02  4.13103729E-01  2.90493434E-03
5.98723074E-02  4.19523001E-01  2.86666187E-03
6.01709224E-02  4.20070797E-01  2.86485907E-03
6.04695374E-02  4.22705680E-01  2.91903201E-03
6.07681524E-02  4.29788530E-01  2.91276653E-03
6.10667674E-02  4.36856657E-01  2.95193633E-03
6.13653824E-02  4.30558383E-01  2.86396849E-03
6.16639974E-02  4.39181507E-01  2.92930915E-03
6.19626124E-02  4.42092061E-01  2.94277165E-03
6.22612274E-02  4.43466634E-01  2.89218035E-03
6.25598424E-02  4.49927300E-01  2.97638937E-03
6.28584574E-02  4.45801169E-01  2.91423127E-03
6.31570724E-02  4.51463491E-01  2.95865186E-03
6.34556874E-02  4.51945603E-01  2.88079749E-03
6.37543024E-02  4.58030701E-01  2.93929665E-03
6.40529174E-02  4.62749720E-01  2.99541047E-03
6.43515324E-02  4.61592078E-01  2.93442770E-03
6.46501474E-02  4.63003308E-01  3.00196162E-03
6.49487624E-02  4.66509908E-01  2.90250825E-03
6.52473774E-02  4.69926000E-01  2.93755392E-03
6.55459924E-02  4.68862653E-01  2.96653458E-03
6.58446074E-02  4.70771790E-01  2.94019957E-03
6.61432224E-02  4.69445586E-01  2.96838162E-03
6.64418374E-02  4.74906057E-01  2.91134324E-03
6.67404524E-02  4.71072018E-01  2.93760933E-03
6.70390674E-02  4.66854632E-01  2.93857651E-03
6.73376824E-02  4.70280290E-01  2.87205121E-03
6.76362974E-02  4.65063334E-01  2.92585255E-03
6.79349124E-02  4.62633133E-01  2.85353209E-03
6.82335274E-02  4.66753036E-01  2.88625504E-03
6.85321424E-02  4.66840297E-01  2.92089116E-03
6.88307574E-02  4.69946265E-01  2.87269102E-03
6.91293724E-02  4.68348533E-01  2.91169435E-03
6.94279874E-02  4.65279102E-01  2.83243763E-03
6.97266024E-02  4.66041982E-01  2.88406457E-03
7.00252174E-02  4.66629684E-01  2.86254333E-03
7.03238324E-02  4.71035361E-01  2.85313581E-03
7.06224474E-02  4.72701788E-01  2.90121231E-03
7.09210624E-02  4.74447370E-01  2.86996202E-03
7.12196774E-02  4.71538275E-01  2.85466388E-03
7.15182924E-02  4.67951000E-01  2.78148334E-03
7.18169074E-02  4.77001756E-01  2.88425316E-03
7.21155224E-02  4.75070179E-01  2.86859088E-03
7.24141374E-02  4.76726651E-01  2.85741827E-03
7.27127524E-02  4.79885876E-01  2.85408809E-03
7.30113674E-02  4.81068850E-01  2.83561158E-03
7.33099824E-02  4.83067751E-01  2.85718893E-03
7.36085974E-02  4.77878451E-01  2.85129133E-03
7.39072124E-02  4.78522837E-01  2.80063087E-03
7.42058274E-02  4.80737984E-01  2.86621088E-03
7.45044424E-02  4.80011255E-01  2.81406916E-03
7.48030574E-02  4.73266989E-01  2.81253504E-03
7.51016724E-02  4.73917633E-01  2.81139184E-03
7.54002874E-02  4.79543209E-01  2.78277928E-03
7.56989024E-02  4.77297068E-01  2.82449019E-03
7.59975174E-02  4.75318342E-01  2.77343392E-03
7.62961324E-02  4.76375729E-01  2.78539420E-03
7.65947474E-02  4.71840352E-01  2.76327203E-03
7.68933624E-02  4.71416712E-01  2.76496680E-03
7.71919774E-02  4.69144583E-01  2.78808549E-03
7.74905924E-02  4.68254745E-01  2.72402307E-03
7.77892074E-02  4.71227437E-01  2.74984469E-03
7.80878224E-02  4.64204401E-01  2.70660478E-03
7.83864374E-02  4.64987665E-01  2.70469696E-03
7.86850524E-02  4.62397307E-01  2.74131470E-03
7.89836674E-02  4.59875017E-01  2.69954838E-03
7.92822824E-02  4.53653634E-01  2.65922747E-03
7.95808974E-02  4.49994624E-01  2.62446655E-03
7.98795124E-02  4.42492664E-01  2.65356060E-03
8.01781274E-02  4.38300788E-01  2.66327406E-03
8.04767424E-02  4.31615412E-01  2.57548923E-03
8.07753574E-02  4.30042267E-01  2.59708008E-03
8.10739724E-02  4.26761359E-01  2.55839434E-03
8.13725874E-02  4.23677623E-01  2.53894972E-03
8.16712024E-02  4.22050089E-01  2.57548783E-03
8.19698174E-02  4.21377718E-01  2.50717951E-03
8.22684324E-02  4.24718291E-01  2.57041794E-03
8.25670474E-02  4.21212137E-01  2.52903881E-03
8.28656624E-02  4.18724447E-01  2.53930991E-03
8.31642774E-02  4.10349399E-01  2.47901119E-03
8.34628924E-02  4.19755280E-01  2.50972784E-03
8.37615074E-02  4.15258974E-01  2.53390474E-03
8.40601224E-02  4.15083855E-01  2.48113205E-03
8.43587374E-02  4.22985345E-01  2.51443149E-03
8.46573524E-02  4.28830296E-01  2.51943828E-03
8.49559674E-02  4.34314042E-01  2.55288999E-03
8.52545824E-02  4.36722666E-01  2.56501022E-03
8.55531974E-02  4.35921967E-01  2.52070674E-03
8.58518124E-02  4.36447203E-01  2.53435876E-03
8.61504274E-02  4.43506628E-01  2.52809888E-03
8.64490424E-02  4.41915512E-01  2.56507448E-03
8.67476574E-02  4.37410116E-01  2.54700240E-03
8.70462724E-02  4.27898943E-01  2.47738068E-03
8.73448874E-02  4.25898999E-01  2.49038194E-03
8.76435024E-02  4.12208080E-01  2.42584478E-03
8.79421174E-02  4.09309089E-01  2.45668506E-03
8.82407324E-02  4.00931984E-01  2.42207455E-03
8.85393474E-02  3.89907837E-01  2.35491781E-03
8.88379624E-02  3.80953580E-01  2.34527350E-03
8.91365774E-02  3.64118397E-01  2.26308964E-03
8.94351924E-02  3.58847380E-01  2.26340210E-03
8.97338074E-02  3.49612623E-01  2.22165557E-03
9.00324224E-02  3.42460573E-01  2.19273870E-03
9.03310374E-02  3.34845543E-01  2.19256431E-03
9.06296524E-02  3.30915689E-01  2.15348462E-03
9.09282674E-02  3.26224953E-01  2.13620835E-03
9.12268824E-02  3.22148770E-01  2.11894116E-03
9.15254974E-02  3.17405224E-01  2.09564343E-03
9.18241124E-02  3.13808113E-01  2.11463682E-03
9.21227274E-02  3.09454799E-01  2.08058301E-03
9.24213424E-02  3.09231997E-01  2.04453431E-03
9.27199574E-02  3.04584473E-01  2.04732874E-03
9.30185724E-02  3.02483290E-01  2.04394595E-03
9.33171874E-02  2.99510926E-01  2.05443450E-03
9.36158024E-02  3.00263852E-01  1.98671687E-03
9.39144174E-02  3.00681055E-01  2.03969958E-03
9.42130324E-02  2.96364188E-01  2.01408006E-03
9.45116474E-02  3.00771087E-01  2.01996299E-03
9.48102624E-02  2.93586582E-01  2.00462295E-03
9.51088774E-02  2.93015361E-01  1.96429109E-03
9.54074924E-02  2.94556618E-01  1.99544686E-03
9.57061074E-02  2.94506013E-01  1.98999629E-03
9.60047224E-02  2.93585062E-01  1.98863703E-03
9.63033374E-02  2.90953308E-01  1.96076045E-03
9.66019524E-02  2.91805297E-01  1.97391165E-03
9.69005674E-02  2.90839881E-01  1.96549320E-03
9.71991824E-02  2.86726385E-01  1.94647047E-03
9.74977974E-02  2.89872497E-01  1.95037900E-03
9.77964124E-02  2.89196014E-01  1.94143748E-03
9.80950274E-02  2.88551390E-01  1.95266027E-03
9.83936424E-02  2.86831349E-01  1.94767676E-03
9.86922574E-02  2.88830876E-01  1.95276388E-03
9.89908724E-02  2.84914166E-01  1.91884243E-03
9.92894874E-02  2.86229223E-01  1.91759272E-03
9.95881024E-02  2.85790145E-01  1.93163182E-03
9.98867174E-02  2.85301656E-01  1.93661998E-03
1.00185332E-01  2.85623223E-01  1.89416308E-03
1.00483947E-01  2.84432650E-01  1.92048377E-03
1.00782562E-01  2.85110801E-01  1.89951493E-03
1.01081177E-01  2.85076946E-01  1.91859028E-03
1.01379792E-01  2.84320027E-01  1.90878997E-03
1.01678407E-01  2.82108903E-01  1.88093504E-03
1.01977022E-01  2.85013050E-01  1.91111828E-03
1.02275637E-01  2.84116507E-01  1.90811185E-03
1.02574252E-01  2.80150115E-01  1.88684301E-03
1.02872867E-01  2.81503439E-01  1.87125010E-03
1.03171482E-01  2.83628911E-01  1.87677401E-03
1.03470097E-01  2.79970586E-01  1.86767464E-03
1.03768712E-01  2.78785646E-01  1.88068405E-03
1.04067327E-01  2.83587635E-01  1.86304899E-03
1.04365942E-01  2.83240795E-01  1.88317336E-03
1.04664557E-01  2.83289880E-01  1.88179512E-03
1.04963172E-01  2.82894999E-01  1.86677522E-03
1.05261787E-01  2.81177521E-01  1.86562433E-03
1.05560402E-01  2.80087143E-01  1.84267864E-03
1.05859017E-01  2.80836940E-01  1.86905079E-03
1.06157632E-01  2.86529958E-01  1.87571184E-03
1.06456247E-01  2.78524578E-01  1.84932514E-03
1.06754862E-01  2.78831333E-01  1.82841206E-03
1.07053477E-01  2.85295188E-01  1.86121906E-03
1.07352092E-01  2.81908035E-01  1.85013923E-03
1.07650707E-01  2.78757960E-01  1.84124045E-03
1.07949322E-01  2.79715568E-01  1.84146978E-03
1.08247937E-01  2.81378508E-01  1.84547203E-03
1.08546552E-01  2.80614734E-01  1.85031875E-03
1.08845167E-01  2.83068419E-01  1.82796060E-03
1.09143782E-01  2.80777454E-01  1.84204499E-03
1.09442397E-01  2.82526255E-01  1.82480202E-03
1.09741012E-01  2.78127939E-01  1.81616237E-03
1.10039627E-01  2.83085018E-01  1.84668240E-03
1.10338242E-01  2.80637860E-01  1.82718399E-03
1.10636857E-01  2.83756375E-01  1.81481708E-03
1.10935472E-01  2.83117414E-01  1.81139738E-03
1.11234087E-01  2.84076214E-01  1.83122593E-03
1.11532702E-01  2.80573606E-01  1.81849755E-03
1.11831317E-01  2.84336329E-01  1.82083657E-03
1.12129932E-01  2.79996008E-01  1.81034848E-03
1.12428547E-01  2.84086168E-01  1.82282622E-03
1.12727162E-01  2.86479056E-01  1.82282261E-03
1.13025777E-01  2.84080684E-01  1.81311264E-03
1.13324392E-01  2.85922021E-01  1.81622920E-03
1.13623007E-01  2.85069525E-01  1.81764772E-03
1.13921622E-01  2.84064353E-01  1.81582139E-03
1.14220237E-01  2.87902147E-01  1.81023998E-03
1.14518852E-01  2.86480904E-01  1.79113552E-03
1.14817467E-01  2.83350646E-01  1.80668791E-03
1.15116082E-01  2.86478400E-01  1.81526435E-03
1.15414697E-01  2.86886811E-01  1.80840143E-03
1.15713312E-01  2.87998021E-01  1.79456302E-03
1.16011927E-01  2.85043657E-01  1.79191236E-03
1.16310542E-01  2.88062453E-01  1.81754632E-03
1.16609157E-01  2.85739630E-01  1.79014332E-03
1.16907772E-01  2.86533356E-01  1.79925200E-03
1.17206387E-01  2.86505997E-01  1.79188792E-03
1.17505002E-01  2.86295265E-01  1.78015546E-03
1.17803617E-01  2.85636097E-01  1.79776945E-03
1.18102232E-01  2.88139522E-01  1.78847939E-03
1.18400847E-01  2.87600249E-01  1.78941153E-03
1.18699462E-01  2.86979526E-01  1.78358273E-03
1.18998077E-01  2.92987555E-01  1.78538135E-03
1.19296692E-01  2.88176388E-01  1.80441828E-03
1.19595307E-01  2.92317510E-01  1.78461487E-03
1.19893922E-01  2.89889067E-01  1.77339499E-03
1.20192537E-01  2.86989242E-01  1.78491906E-03
1.20491152E-01  2.90182292E-01  1.76927273E-03
1.20789767E-01  2.87372679E-01  1.77709083E-03
1.21088382E-01  2.88597196E-01  1.77831610E-03
1.21386997E-01  2.89504558E-01  1.76721101E-03
1.21685612E-01  2.90979058E-01  1.78821257E-03
1.21984227E-01  2.92583913E-01  1.78163219E-03
1.22282842E-01  2.92249173E-01  1.76809251E-03
1.22581457E-01  2.91776001E-01  1.75441091E-03
1.22880072E-01  2.90167540E-01  1.78060459E-03
1.23178687E-01  2.90444463E-01  1.76510622E-03
1.23477302E-01  2.93597460E-01  1.77967269E-03
1.23775917E-01  2.92703152E-01  1.75599067E-03
1.24074532E-01  2.95613945E-01  1.78200367E-03
1.24373147E-01  2.97666311E-01  1.78566936E-03
1.24671762E-01  2.90442407E-01  1.75405073E-03
1.24970377E-01  2.96793163E-01  1.76822429E-03
1.25268992E-01  2.90671408E-01  1.74748490E-03
1.25567607E-01  2.94515967E-01  1.75059191E-03
1.25866222E-01  2.99055398E-01  1.79235823E-03
1.26164837E-01  2.95516491E-01  1.76199467E-03
1.26463452E-01  2.94986159E-01  1.75199460E-03
1.26762067E-01  2.97293812E-01  1.76607410E-03
1.27060682E-01  3.00447583E-01  1.77055807E-03
1.27359297E-01  2.98882335E-01  1.79248035E-03
1.27657912E-01  3.00851434E-01  1.75621489E-03
1.27956527E-01  3.01505864E-01  1.76585140E-03
1.28255142E-01  2.97181726E-01  1.76575116E-03
1.28553757E-01  3.00471067E-01  1.74459699E-03
1.28852372E-01  2.98789024E-01  1.74667721E-03
1.29150987E-01  3.00811470E-01  1.75258063E-03
1.29449602E-01  2.99651533E-01  1.75982679E-03
1.29748217E-01  3.00289452E-01  1.76050945E-03
1.30046832E-01  2.99293637E-01  1.74350082E-03
1.30345447E-01  3.01336616E-01  1.74480595E-03
1.30644062E-01  3.00995141E-01  1.74151547E-03
1.30942677E-01  3.03907663E-01  1.76276872E-03
1.31241292E-01  3.00515205E-01  1.74706336E-03
1.31539907E-01  3.03058714E-01  1.74517883E-03
1.31838522E-01  3.01770598E-01  1.74954906E-03
1.32137137E-01  2.96325475E-01  1.74945872E-03
1.32435752E-01  2.94647276E-01  1.76736771E-03
1.32734367E-01  2.89930791E-01  1.75073743E-03
1.33032982E-01  2.88622677E-01  1.76521856E-03
1.33331597E-01  2.86928356E-01  1.76003180E-03
1.33630212E-01  2.85661042E-01  1.76364218E-03
1.33928827E-01  2.86951751E-01  1.79471076E-03
1.34227442E-01  2.81947225E-01  1.73612032E-03
1.34526057E-01  2.81405747E-01  1.76949752E-03
1.34824672E-01  2.84948200E-01  1.79372414E-03
1.35123287E-01  2.81895131E-01  1.77362701E-03
1.35421902E-01  2.79489756E-01  1.78174442E-03
1.35720517E-01  2.77135730E-01  1.75602944E-03
1.36019132E-01  2.81003416E-01  1.80001010E-03
1.36317747E-01  2.76417673E-01  1.76798936E-03
1.36616362E-01  2.76599854E-01  1.76335708E-03
1.36914977E-01  2.78745115E-01  1.79006706E-03
1.37213592E-01  2.75794417E-01  1.78325712E-03
1.37512207E-01  2.71157682E-01  1.78582687E-03
1.37810822E-01  2.71125942E-01  1.76810403E-03
1.38109437E-01  2.69558460E-01  1.76298781E-03
1.38408052E-01  2.68380702E-01  1.76581542E-03
1.38706667E-01  2.69694179E-01  1.77418860E-03
1.39005282E-01  2.70155758E-01  1.79502508E-03
1.39303897E-01  2.68423498E-01  1.75398996E-03
1.39602512E-01  2.68235177E-01  1.78724178E-03
1.39901127E-01  2.66546756E-01  1.77883729E-03
1.40199742E-01  2.66317904E-01  1.76983746E-03
1.40498357E-01  2.66763002E-01  1.79003330E-03
1.40796972E-01  2.65697896E-01  1.76303287E-03
1.41095587E-01  2.62447059E-01  1.77759735E-03
1.41394202E-01  2.62161732E-01  1.76552893E-03
1.41692817E-01  2.61196226E-01  1.77336065E-03
1.41991432E-01  2.63737321E-01  1.78196817E-03
1.42290047E-01  2.63239920E-01  1.76778610E-03
1.42588662E-01  2.60012209E-01  1.78061321E-03
1.42887277E-01  2.62684733E-01  1.77981961E-03
1.43185892E-01  2.60688365E-01  1.76747015E-03
1.43484507E-01  2.60646492E-01  1.78136828E-03
1.43783122E-01  2.59168088E-01  1.76162203E-03
1.44081737E-01  2.58913338E-01  1.76630844E-03
1.44380352E-01  2.60500699E-01  1.75721420E-03
1.44678967E-01  2.60920763E-01  1.73916249E-03
1.44977582E-01  2.58143038E-01  1.76438212E-03
1.45276197E-01  2.62059808E-01  1.75162556E-03
1.45574812E-01  2.62694955E-01  1.77427754E-03
1.45873427E-01  2.65399247E-01  1.74216856E-03
1.46172042E-01  2.64776796E-01  1.75264338E-03
1.46470657E-01  2.60483891E-01  1.75922329E-03
1.46769272E-01  2.64267683E-01  1.75096211E-03
1.47067887E-01  2.64143020E-01  1.74657418E-03
1.47366502E-01  2.61034012E-01  1.72779290E-03
1.47665117E-01  2.61291504E-01  1.73124275E-03
1.47963732E-01  2.59008825E-01  1.74342608E-03
1.48262347E-01  2.62570679E-01  1.73678517E-03
1.48560962E-01  2.59642184E-01  1.72967988E-03
1.48859577E-01  2.58406460E-01  1.70258677E-03
1.49158192E-01  2.61316627E-01  1.74782972E-03
1.49456807E-01  2.58535713E-01  1.71823415E-03
1.49755422E-01  2.60949999E-01  1.72173919E-03
1.50054037E-01  2.61486351E-01  1.73451460E-03
1.50352652E-01  2.62616664E-01  1.71641214E-03
1.50651267E-01  2.58562326E-01  1.72739942E-03
1.50949882E-01  2.59063333E-01  1.70226558E-03
1.51248497E-01  2.60233760E-01  1.71429163E-03
1.51547112E-01  2.56400377E-01  1.73132878E-03
1.51845727E-01  2.59711921E-01  1.69205095E-03
1.52144342E-01  2.53342211E-01  1.71247544E-03
1.52442957E-01  2.53314376E-01  1.66151556E-03
1.52741572E-01  2.54432887E-01  1.68947480E-03
1.53040187E-01  2.58371681E-01  1.72678113E-03
1.53338802E-01  2.53688663E-01  1.67656830E-03
1.53637417E-01  2.53227413E-01  1.69547007E-03
1.53936032E-01  2.54061460E-01  1.67355896E-03
1.54234647E-01  2.54303962E-01  1.67799834E-03
1.54533262E-01  2.55863845E-01  1.70937146E-03
1.54831877E-01  2.53568262E-01  1.67800928E-03
1.55130492E-01  2.46691182E-01  1.65751309E-03
1.55429107E-01  2.50951290E-01  1.66269497E-03
1.55727722E-01  2.50466257E-01  1.67750940E-03
1.56026337E-01  2.48562917E-01  1.66137435E-03
1.56324952E-01  2.49142662E-01  1.65789598E-03
1.56623567E-01  2.46715158E-01  1.66859478E-03
1.56922182E-01  2.45375007E-01  1.63999328E-03
1.57220797E-01  2.45506331E-01  1.66266435E-03
1.57519412E-01  2.44148389E-01  1.63765799E-03
1.57818027E-01  2.45268136E-01  1.64023181E-03
1.58116642E-01  2.44371146E-01  1.65943487E-03
1.58415257E-01  2.43031800E-01  1.63274154E-03
1.58713872E-01  2.40135536E-01  1.63835858E-03
1.59012487E-01  2.43252188E-01  1.62533333E-03
1.59311102E-01  2.39817336E-01  1.63847732E-03
1.59609717E-01  2.38352090E-01  1.63646857E-03
1.59908332E-01  2.38077715E-01  1.59776502E-03
1.60206947E-01  2.38576904E-01  1.61540217E-03
1.60505562E-01  2.35843107E-01  1.60612247E-03
1.60804177E-01  2.35720038E-01  1.60398311E-03
1.61102792E-01  2.33486414E-01  1.59693859E-03
1.61401407E-01  2.31880993E-01  1.58521696E-03
1.61700022E-01  2.35191196E-01  1.59423263E-03
1.61998637E-01  2.31701866E-01  1.58573501E-03
1.62297252E-01  2.29306549E-01  1.58485794E-03
1.62595867E-01  2.31505379E-01  1.59129954E-03
1.62894482E-01  2.31557831E-01  1.57354935E-03
1.63193097E-01  2.23981410E-01  1.57030183E-03
1.63491712E-01  2.27001801E-01  1.55473384E-03
1.63790327E-01  2.26454377E-01  1.57724647E-03
1.64088942E-01  2.24417806E-01  1.54371269E-03
1.64387557E-01  2.24519074E-01  1.55601173E-03
1.64686172E-01  2.22622976E-01  1.56780635E-03
1.64984787E-01  2.20275223E-01  1.53153669E-03
1.65283402E-01  2.19032019E-01  1.53688702E-03
1.65582017E-01  2.21341684E-01  1.53204240E-03
1.65880632E-01  2.20272377E-01  1.53474766E-03
1.66179247E-01  2.16151461E-01  1.53271924E-03
1.66477862E-01  2.16012537E-01  1.51087274E-03
1.66776477E-01  2.16084689E-01  1.52437144E-03
1.67075092E-01  2.14561582E-01  1.52221113E-03
1.67373707E-01  2.12529123E-01  1.51018798E-03
1.67672322E-01  2.12199315E-01  1.50795863E-03
1.67970937E-01  2.10515186E-01  1.48793496E-03
1.68269552E-01  2.11841688E-01  1.50458165E-03
1.68568167E-01  2.10006222E-01  1.48307858E-03
1.68866782E-01  2.09970191E-01  1.50478573E-03
1.69165397E-01  2.10156664E-01  1.49389566E-03
1.69464012E-01  2.07611635E-01  1.47561799E-03
1.69762627E-01  2.07817495E-01  1.48607965E-03
1.70061242E-01  2.06223622E-01  1.47524790E-03
1.70359857E-01  2.03110129E-01  1.48105714E-03
1.70658472E-01  2.00906262E-01  1.44664221E-03
1.70957087E-01  2.04430386E-01  1.46478298E-03
1.71255702E-01  2.06426367E-01  1.48994790E-03
1.71554317E-01  2.01698110E-01  1.43970945E-03
1.71852932E-01  2.02064365E-01  1.45930040E-03
1.72151547E-01  1.98722735E-01  1.44221762E-03
1.72450162E-01  1.98282570E-01  1.44409016E-03
1.72748777E-01  1.98218584E-01  1.44735235E-03
1.73047392E-01  1.99457869E-01  1.44538481E-03
1.73346007E-01  1.97601378E-01  1.44111784E-03
1.73644622E-01  1.95632935E-01  1.42706558E-03
1.73943237E-01  1.94131523E-01  1.42206578E-03
1.74241852E-01  1.92094713E-01  1.42335345E-03
1.74540467E-01  1.91669419E-01  1.40395504E-03
1.74839082E-01  1.89212561E-01  1.41215208E-03
1.75137697E-01  1.87931895E-01  1.39396323E-03
1.75436312E-01  1.87396348E-01  1.40101823E-03
1.75734927E-01  1.87798113E-01  1.38552056E-03
1.76033542E-01  1.86026514E-01  1.38314452E-03
1.76332157E-01  1.82179689E-01  1.38951116E-03
1.76630772E-01  1.83639735E-01  1.37056026E-03
1.76929387E-01  1.81131378E-01  1.38215884E-03
1.77228002E-01  1.79477423E-01  1.34953053E-03
1.77526617E-01  1.79401234E-01  1.35921733E-03
1.77825232E-01  1.78494319E-01  1.36037380E-03
1.78123847E-01  1.75561279E-01  1.34369056E-03
1.78422462E-01  1.73844367E-01  1.33710622E-03
1.78721077E-01  1.73349276E-01  1.33881404E-03
1.79019692E-01  1.71563417E-01  1.33235310E-03
1.79318307E-01  1.71431780E-01  1.33229536E-03
1.79616922E-01  1.69662669E-01  1.30563835E-03
1.79915537E-01  1.69883713E-01  1.32402824E-03
1.80214152E-01  1.67326540E-01  1.30263541E-03
1.80512767E-01  1.63671270E-01  1.30135764E-03
1.80811382E-01  1.61822081E-01  1.29049481E-03
1.81109997E-01  1.62825823E-01  1.28245086E-03
1.81408612E-01  1.59897983E-01  1.28366915E-03
1.81707227E-01  1.58849239E-01  1.27217884E-03
1.82005842E-01  1.59624085E-01  1.27527979E-03
1.82304457E-01  1.57784238E-01  1.26078201E-03
1.82603072E-01  1.55938447E-01  1.25879678E-03
1.82901687E-01  1.56767681E-01  1.27105217E-03
1.83200302E-01  1.55167595E-01  1.25318673E-03
1.83498917E-01  1.55530438E-01  1.24969403E-03
1.83797532E-01  1.53389961E-01  1.23903202E-03
1.84096147E-01  1.48539513E-01  1.23062893E-03
1.84394762E-01  1.49139747E-01  1.23517786E-03
1.84693377E-01  1.49240464E-01  1.22699782E-03
1.84991992E-01  1.49081320E-01  1.23287726E-03
1.85290607E-01  1.47574574E-01  1.21097080E-03
1.85589222E-01  1.46945685E-01  1.21713197E-03
1.85887837E-01  1.43873572E-01  1.20078237E-03
1.86186452E-01  1.42581105E-01  1.19303248E-03
1.86485067E-01  1.42302796E-01  1.19815080E-03
1.86783682E-01  1.42896414E-01  1.19709643E-03
1.87082297E-01  1.39514729E-01  1.18792965E-03
1.87380912E-01  1.40167177E-01  1.18289806E-03
1.87679527E-01  1.38443917E-01  1.16574275E-03
1.87978142E-01  1.37191117E-01  1.17489323E-03
1.88276757E-01  1.34708956E-01  1.16154319E-03
1.88575372E-01  1.36647612E-01  1.17334083E-03
1.88873987E-01  1.36180550E-01  1.16406393E-03
1.89172602E-01  1.34571239E-01  1.15081214E-03
1.89471217E-01  1.32660136E-01  1.15117512E-03
1.89769832E-01  1.30245298E-01  1.14364712E-03
1.90068447E-01  1.31512538E-01  1.13292923E-03
1.90367062E-01  1.30207300E-01  1.13788713E-03
1.90665677E-01  1.30537644E-01  1.13674416E-03
1.90964292E-01  1.28287107E-01  1.12471986E-03
1.91262907E-01  1.28995433E-01  1.13258511E-03
1.91561522E-01  1.30029991E-01  1.12295290E-03
1.91860137E-01  1.25970706E-01  1.12032611E-03
1.92158752E-01  1.24906600E-01  1.10980961E-03
1.92457367E-01  1.24034159E-01  1.10735954E-03
1.92755982E-01  1.23999625E-01  1.10257836E-03
1.93054597E-01  1.23599887E-01  1.10150885E-03
1.93353212E-01  1.22905865E-01  1.09280960E-03
1.93651827E-01  1.19626381E-01  1.08963088E-03
1.93950442E-01  1.21726185E-01  1.09313335E-03
1.94249057E-01  1.19787529E-01  1.07680983E-03
1.94547672E-01  1.20478094E-01  1.08821818E-03
1.94846287E-01  1.18184105E-01  1.07573532E-03
1.95144902E-01  1.17368117E-01  1.07790635E-03
1.95443517E-01  1.16013609E-01  1.04913465E-03
1.95742132E-01  1.17547184E-01  1.07078115E-03
1.96040747E-01  1.16628863E-01  1.06864120E-03
1.96339362E-01  1.14814021E-01  1.06268283E-03
1.96637977E-01  1.13348536E-01  1.04549772E-03
1.96936592E-01  1.12231098E-01  1.04230922E-03
1.97235207E-01  1.14189103E-01  1.05504761E-03
1.97533822E-01  1.10216320E-01  1.03258749E-03
1.97832437E-01  1.11873269E-01  1.04363204E-03
1.98131052E-01  1.10318154E-01  1.03078573E-03
1.98429667E-01  1.06995821E-01  1.01610878E-03
1.98728282E-01  1.10754810E-01  1.03708648E-03
1.99026897E-01  1.08549595E-01  1.02024619E-03
1.99325512E-01  1.07382938E-01  1.01795071E-03
1.99624127E-01  1.05705023E-01  1.00964925E-03
1.99922742E-01  1.06151953E-01  1.00987242E-03
2.00221357E-01  1.05754718E-01  1.01373740E-03
2.00519972E-01  1.03588127E-01  9.93242720E-04
2.00818587E-01  1.03062414E-01  9.89795779E-04
2.01117202E-01  1.03645787E-01  1.00230961E-03
2.01415817E-01  1.01678550E-01  9.82825877E-04
2.01714432E-01  1.00689672E-01  9.82630532E-04
2.02013047E-01  1.01140067E-01  9.80833545E-04
2.02311662E-01  1.00210913E-01  9.80295241E-04
2.02610277E-01  9.96761620E-02  9.80142038E-04
2.02908892E-01  9.87394601E-02  9.64931911E-04
2.03207507E-01  9.71715599E-02  9.61105863E-04
2.03506122E-01  9.77044553E-02  9.62243590E-04
2.03804737E-01  9.63583812E-02  9.56484349E-04
2.04103352E-01  9.66365188E-02  9.60856094E-04
2.04401967E-01  9.43658426E-02  9.48316592E-04
2.04700582E-01  9.50784013E-02  9.43685824E-04
2.04999197E-01  9.35625136E-02  9.38728044E-04
2.05297812E-01  9.33886766E-02  9.46950109E-04
2.05596427E-01  9.28793997E-02  9.36743163E-04
2.05895042E-01  9.23445970E-02  9.36363242E-04
2.06193657E-01  9.15769711E-02  9.26438894E-04
2.06492272E-01  9.04929787E-02  9.19813232E-04
2.06790887E-01  8.98551419E-02  9.26834298E-04
2.07089502E-01  8.84441584E-02  9.04376677E-04
2.07388117E-01  8.98313075E-02  9.23254702E-04
2.07686732E-01  8.71071443E-02  9.05501191E-04
2.07985347E-01  8.72129351E-02  9.02997679E-04
2.08283962E-01  8.78396556E-02  9.08464659E-04
2.08582577E-01  8.67352411E-02  8.96419457E-04
2.08881192E-01  8.49512741E-02  8.91217147E-04
2.09179807E-01  8.50120634E-02  8.95658100E-04
2.09478422E-01  8.40262771E-02  8.79916595E-04
2.09777037E-01  8.56446549E-02  8.97602702E-04
2.10075652E-01  8.43269154E-02  8.82291177E-04
2.10374267E-01  8.29575881E-02  8.86145281E-04
2.10672882E-01  8.36888477E-02  8.87299480E-04
2.10971497E-01  8.13419297E-02  8.60580476E-04
2.11270112E-01  8.09059069E-02  8.71620432E-04
2.11568727E-01  8.07401761E-02  8.61770997E-04
2.11867342E-01  8.04014355E-02  8.68102012E-04
2.12165957E-01  8.02947730E-02  8.59911845E-04
2.12464572E-01  7.87160918E-02  8.50649318E-04
2.12763187E-01  7.93701708E-02  8.58319283E-04
2.13061802E-01  7.59554803E-02  8.38890322E-04
2.13360417E-01  7.63445646E-02  8.44114751E-04
2.13659032E-01  7.61265233E-02  8.34041042E-04
2.13957647E-01  7.55399615E-02  8.31818848E-04
2.14256262E-01  7.57173747E-02  8.36566673E-04
2.14554877E-01  7.46937692E-02  8.25912924E-04
2.14853492E-01  7.33333081E-02  8.19584006E-04
2.15152107E-01  7.43095279E-02  8.24035262E-04
2.15450722E-01  7.23195747E-02  8.21071502E-04
2.15749337E-01  7.38930628E-02  8.24194402E-04
2.16047952E-01  7.27682114E-02  8.15205392E-04
2.16346567E-01  7.17309341E-02  8.09860125E-04
2.16645182E-01  7.22628012E-02  8.08276352E-04
2.16943797E-01  7.19079003E-02  8.10619094E-04
2.17242412E-01  7.04037920E-02  8.07427510E-04
2.17541027E-01  7.12454617E-02  7.99502130E-04
2.17839642E-01  6.92665800E-02  8.01855524E-04
2.18138257E-01  7.02538192E-02  7.92526756E-04
2.18436872E-01  6.91764280E-02  7.94606633E-04
2.18735487E-01  6.80294633E-02  7.84022268E-04
2.19034102E-01  6.72237426E-02  7.79828348E-04
2.19332717E-01  6.66996390E-02  7.81892973E-04
2.19631332E-01  6.60353228E-02  7.74744491E-04
2.19929947E-01  6.58986270E-02  7.70968269E-04
2.20228562E-01  6.64415807E-02  7.71638122E-04
2.20527177E-01  6.64261878E-02  7.75655441E-04
2.20825792E-01  6.56582788E-02  7.72076368E-04
2.21124407E-01  6.47201687E-02  7.64275203E-04
2.21423022E-01  6.55171126E-02  7.67608813E-04
2.21721637E-01  6.49708882E-02  7.62833923E-04
2.22020252E-01  6.33665919E-02  7.53137749E-04
2.22318867E-01  6.34959266E-02  7.58813112E-04
2.22617482E-01  6.10494241E-02  7.35375099E-04
2.22916097E-01  6.15755618E-02  7.48587190E-04
2.23214712E-01  6.03897423E-02  7.33737252E-04
2.23513327E-01  6.15637824E-02  7.45857891E-04
2.23811942E-01  6.01114966E-02  7.32903543E-04
2.24110557E-01  6.10594489E-02  7.35656009E-04
2.24409172E-01  6.02128282E-02  7.36111309E-04
2.24707787E-01  6.07600473E-02  7.32367742E-04
2.25006402E-01  5.90980649E-02  7.30776170E-04
2.25305017E-01  5.93878105E-02  7.19495583E-04
2.25603632E-01  5.78783639E-02  7.20223412E-04
2.25902247E-01  5.62359877E-02  7.10766879E-04
2.26200862E-01  5.75428680E-02  7.14997528E-04
2.26499477E-01  5.68797365E-02  7.08400272E-04
2.26798092E-01  5.73859699E-02  7.15482398E-04
2.27096707E-01  5.63919805E-02  7.08227395E-04
2.27395322E-01  5.61768785E-02  7.09566521E-04
2.27693937E-01  5.58879264E-02  6.98981457E-04
2.27992552E-01  5.58871664E-02  7.01389799E-04
2.28291167E-01  5.45130111E-02  6.92315924E-04
2.28589782E-01  5.59509657E-02  7.07108004E-04
2.28888397E-01  5.43810204E-02  6.94685092E-04
2.29187012E-01  5.43707572E-02  6.88844768E-04
2.29485627E-01  5.29488139E-02  6.82316488E-04
2.29784242E-01  5.26955649E-02  6.83839142E-04
2.30082857E-01  5.23515157E-02  6.77097647E-04
2.30381472E-01  5.29624671E-02  6.79676654E-04
2.30680087E-01  5.27627133E-02  6.80144236E-04
2.30978702E-01  5.19037135E-02  6.74586394E-04
2.31277317E-01  5.21902777E-02  6.77224947E-04
2.31575932E-01  5.29509410E-02  6.81947626E-04
2.31874547E-01  5.04469424E-02  6.60524413E-04
2.32173162E-01  5.01862057E-02  6.62008824E-04
2.32471777E-01  5.05720861E-02  6.65883475E-04
2.32770392E-01  5.05922250E-02  6.63736544E-04
2.33069007E-01  4.78123985E-02  6.44878135E-04
2.33367622E-01  5.05006202E-02  6.60322199E-04
2.33666237E-01  4.82623652E-02  6.51065609E-04
2.33964852E-01  4.88397218E-02  6.49926544E-04
2.34263467E-01  4.66777161E-02  6.35379809E-04
2.34562082E-01  4.81773801E-02  6.47157431E-04
2.34860697E-01  4.71300222E-02  6.38996076E-04
2.35159312E-01  4.63863648E-02  6.34656055E-04
2.35457927E-01  4.66213487E-02  6.32856041E-04
2.35756542E-01  4.74508181E-02  6.35964796E-04
2.36055157E-01  4.61433120E-02  6.32456271E-04
2.36353772E-01  4.68180105E-02  6.36523357E-04
2.36652387E-01  4.57177348E-02  6.32411859E-04
2.36951002E-01  4.55286428E-02  6.19681145E-04
2.37249617E-01  4.55447249E-02  6.29597052E-04
2.37548232E-01  4.45299372E-02  6.19727827E-04
2.37846847E-01  4.56269868E-02  6.25203247E-04
2.38145462E-01  4.46012542E-02  6.17617974E-04
2.38444077E-01  4.46770675E-02  6.14034361E-04
2.38742692E-01  4.37566862E-02  6.17825252E-04
2.39041307E-01  4.35117111E-02  6.10544113E-04
2.39339922E-01  4.35722396E-02  6.09774783E-04
2.39638537E-01  4.38164882E-02  6.11995580E-04
2.39937152E-01  4.27314416E-02  6.02688757E-04
2.40235767E-01  4.27652150E-02  6.07164053E-04
2.40534382E-01  4.28900160E-02  6.04144647E-04
2.40832997E-01  4.30219434E-02  6.03731256E-04
2.41131612E-01  4.26238216E-02  6.04122411E-04
2.41430227E-01  4.07910682E-02  5.86088223E-04
2.41728842E-01  4.00272906E-02  5.86421404E-04
2.42027457E-01  4.11007255E-02  5.86375885E-04
2.42326072E-01  4.09546159E-02  5.87589573E-04
2.42624687E-01  4.01738584E-02  5.87497896E-04
2.42923302E-01  4.09790277E-02  5.89885865E-04
2.43221917E-01  4.08695489E-02  5.83612535E-04
2.43520532E-01  3.98707241E-02  5.78809995E-04
2.43819147E-01  3.99199314E-02  5.79646497E-04
2.44117762E-01  4.00509462E-02  5.83334942E-04
2.44416377E-01  3.93729806E-02  5.79830084E-04
2.44714992E-01  3.84696499E-02  5.65607799E-04
2.45013607E-01  3.86365987E-02  5.72787016E-04
2.45312222E-01  3.95208783E-02  5.75797865E-04
2.45610837E-01  3.87736149E-02  5.72058954E-04
2.45909452E-01  3.85268182E-02  5.64499293E-04
2.46208067E-01  3.90450396E-02  5.72954013E-04
2.46506682E-01  3.68567742E-02  5.55447477E-04
2.46805297E-01  3.86680849E-02  5.73505997E-04
2.47103912E-01  3.83749083E-02  5.64153946E-04
2.47402527E-01  3.77696343E-02  5.59688371E-04
2.47701142E-01  3.68411057E-02  5.56096085E-04
2.47999757E-01  3.76857333E-02  5.61973080E-04
2.48298372E-01  3.73872630E-02  5.62994741E-04
2.48596987E-01  3.64798009E-02  5.45630581E-04
2.48895602E-01  3.61327864E-02  5.46839146E-04
2.49194217E-01  3.65680084E-02  5.50720550E-04
2.49492832E-01  3.63495909E-02  5.50120312E-04
2.49791447E-01  3.63029130E-02  5.51120611E-04
2.50090062E-01  3.51609737E-02  5.38711320E-04
2.50388677E-01  3.64654288E-02  5.52506477E-04
2.50687292E-01  3.62078100E-02  5.48603188E-04
2.50985907E-01  3.55608389E-02  5.40603127E-04
2.51284522E-01  3.64472643E-02  5.50716242E-04
2.51583137E-01  3.52470204E-02  5.37637097E-04
2.51881752E-01  3.54944468E-02  5.41852554E-04
2.52180367E-01  3.56848575E-02  5.43305243E-04
2.52478982E-01  3.47703956E-02  5.34423394E-04
2.52777597E-01  3.48688513E-02  5.36190113E-04
2.53076212E-01  3.48300748E-02  5.36037667E-04
2.53374827E-01  3.38016823E-02  5.29640412E-04
2.53673442E-01  3.49977873E-02  5.32043516E-04
2.53972057E-01  3.36310267E-02  5.25741547E-04
2.54270672E-01  3.37527506E-02  5.26551798E-04
2.54569287E-01  3.40060405E-02  5.30955673E-04
2.54867902E-01  3.44224982E-02  5.31467143E-04
2.55166517E-01  3.44628207E-02  5.28386969E-04
2.55465132E-01  3.35400291E-02  5.24190953E-04
2.55763747E-01  3.31756994E-02  5.21756883E-04
2.56062362E-01  3.38551626E-02  5.26932592E-04
2.56360977E-01  3.21771465E-02  5.10298531E-04
2.56659592E-01  3.30302343E-02  5.15656953E-04
2.56958207E-01  3.33821177E-02  5.22681396E-04
2.57256822E-01  3.36017013E-02  5.23558643E-04
2.57555437E-01  3.26357596E-02  5.13519335E-04
2.57854052E-01  3.32140736E-02  5.19286958E-04
2.58152667E-01  3.21616046E-02  5.12767583E-04
2.58451282E-01  3.29969302E-02  5.19523979E-04
2.58749897E-01  3.31372507E-02  5.15821215E-04
2.59048512E-01  3.26482840E-02  5.13081672E-04
2.59347127E-01  3.31053771E-02  5.16389788E-04
2.59645742E-01  3.31555121E-02  5.19388064E-04
2.59944357E-01  3.36781591E-02  5.24304691E-04
2.60242972E-01  3.15952674E-02  5.01449045E-04
2.60541587E-01  3.23844105E-02  5.12362807E-04
2.60840202E-01  3.21331210E-02  5.09024539E-04
2.61138817E-01  3.11447438E-02  5.02596144E-04
2.61437432E-01  3.20351161E-02  5.07982215E-04
2.61736047E-01  3.14714499E-02  5.01254690E-04
2.62034662E-01  3.14397849E-02  5.03374904E-04
2.62333277E-01  3.17771621E-02  5.05803153E-04
2.62631892E-01  3.14054228E-02  4.99949499E-04
2.62930507E-01  3.17649543E-02  5.03066170E-04
2.63229122E-01  3.11057530E-02  4.98730515E-04
2.63527737E-01  3.06753125E-02  4.98406880E-04
2.63826352E-01  3.19631360E-02  5.04373806E-04
2.64124967E-01  3.10718790E-02  4.97293309E-04
2.64423582E-01  3.13757136E-02  5.00110560E-04
2.64722197E-01  3.09188236E-02  4.94527107E-04
2.65020812E-01  3.10710184E-02  5.00689785E-04
2.65319427E-01  3.16082463E-02  4.98339592E-04
2.65618042E-01  3.13091241E-02  5.01154514E-04
2.65916657E-01  3.20756137E-02  5.05268748E-04
2.66215272E-01  3.05079781E-02  4.92128194E-04
2.66513887E-01  3.10009737E-02  4.96476481E-04
2.66812502E-01  3.05561554E-02  4.89855593E-04
2.67111117E-01  3.06355748E-02  4.93801141E-04
2.67409732E-01  3.09838299E-02  4.95313492E-04
2.67708347E-01  3.08978632E-02  4.95397311E-04
2.68006962E-01  3.00497692E-02  4.87792655E-04
2.68305577E-01  3.10602225E-02  4.94266278E-04
2.68604192E-01  3.07782330E-02  4.93289088E-04
2.68902807E-01  3.12510133E-02  4.96423163E-04
2.69201422E-01  3.00886426E-02  4.84859396E-04
2.69500037E-01  3.12663764E-02  4.96291672E-04
2.69798652E-01  3.03372089E-02  4.88611229E-04
2.70097267E-01  2.97282860E-02  4.86825913E-04
2.70395882E-01  3.04036587E-02  4.84801392E-04
2.70694497E-01  2.99055073E-02  4.84876247E-04
2.70993112E-01  3.02266981E-02  4.88353893E-04
2.71291727E-01  3.05897743E-02  4.90899489E-04
2.71590342E-01  2.99247894E-02  4.86791134E-04
2.71888957E-01  3.06825340E-02  4.86656645E-04
2.72187572E-01  3.02933827E-02  4.86393634E-04
2.72486187E-01  3.03320643E-02  4.87203157E-04
2.72784802E-01  3.07712182E-02  4.91726212E-04
2.73083417E-01  3.08137666E-02  4.87086683E-04
2.73382032E-01  3.03336531E-02  4.86101257E-04
2.73680647E-01  3.03472150E-02  4.88455698E-04
2.73979262E-01  3.05754356E-02  4.87912796E-04
2.74277877E-01  3.00504789E-02  4.81748953E-04
2.74576492E-01  3.02659106E-02  4.84208082E-04
2.74875107E-01  3.00770588E-02  4.84170101E-04
2.75173722E-01  2.96222083E-02  4.81232710E-04
2.75472337E-01  3.01404987E-02  4.80056246E-04
2.75770952E-01  3.05685271E-02  4.88113379E-04
2.76069567E-01  3.01639419E-02  4.80125222E-04
2.76368182E-01  2.97915433E-02  4.83600918E-04
2.76666797E-01  2.96087917E-02  4.80761024E-04
2.76965412E-01  3.06076035E-02  4.83284646E-04
2.77264027E-01  3.03600878E-02  4.85094351E-04
2.77562642E-01  3.08287181E-02  4.84546210E-04
2.77861257E-01  3.01475618E-02  4.85367927E-04
2.78159872E-01  2.95815188E-02  4.74291854E-04
2.78458487E-01  3.08536235E-02  4.86200443E-04
2.78757102E-01  2.96137780E-02  4.79831040E-04
2.79055717E-01  3.07547469E-02  4.86032281E-04
2.79354332E-01  3.08776479E-02  4.86881414E-04
2.79652947E-01  3.05322986E-02  4.84273769E-04
2.79951562E-01  3.05711068E-02  4.80616000E-04
2.80250177E-01  3.10669467E-02  4.90721082E-04
2.80548792E-01  3.10075060E-02  4.87175828E-04
2.80847407E-01  2.99333073E-02  4.76877234E-04
2.81146022E-01  2.95754373E-02  4.76033514E-04
2.81444637E-01  3.03174537E-02  4.83181182E-04
2.81743252E-01  3.13048474E-02  4.88899590E-04
2.82041867E-01  3.08649391E-02  4.81266965E-04
2.82340482E-01  3.07781305E-02  4.84529766E-04
2.82639097E-01  3.02821696E-02  4.80851129E-04
2.82937712E-01  3.01388167E-02  4.78876755E-04
2.83236327E-01  3.00557986E-02  4.77980211E-04
2.83534942E-01  2.99482867E-02  4.74771921E-04
2.83833557E-01  3.10678072E-02  4.86325793E-04
2.84132172E-01  3.15669999E-02  4.89366765E-04
2.84430787E-01  3.07878312E-02  4.85827652E-04
2.84729402E-01  2.99305189E-02  4.73124790E-04
2.85028017E-01  3.12551074E-02  4.86464472E-04
2.85326632E-01  3.02591473E-02  4.81762720E-04
2.85625247E-01  3.03365663E-02  4.74704721E-04
2.85923862E-01  3.04910913E-02  4.79892100E-04
2.86222477E-01  3.08231134E-02  4.82023199E-04
2.86521092E-01  3.12457252E-02  4.85437311E-04
2.86819707E-01  3.03679667E-02  4.81909810E-04
2.87118322E-01  3.05898972E-02  4.76572983E-04
2.87416937E-01  3.06799803E-02  4.79491777E-04
2.87715552E-01  3.06574572E-02  4.78613976E-04
2.88014167E-01  3.11661121E-02  4.85904020E-04
2.88312782E-01  3.05376742E-02  4.80149727E-04
2.88611397E-01  3.12101599E-02  4.79759037E-04
2.88910012E-01  3.11884284E-02  4.85720957E-04
2.89208627E-01  3.11000906E-02  4.82534553E-04
2.89507242E-01  3.05089112E-02  4.77577007E-04
2.89805857E-01  3.19939628E-02  4.87280457E-04
2.90104472E-01  3.10132597E-02  4.79058537E-04
2.90403087E-01  3.08411289E-02  4.82895790E-04
2.90701702E-01  3.12616676E-02  4.82378004E-04
2.91000317E-01  3.12373005E-02  4.81372059E-04
2.91298932E-01  3.15234140E-02  4.84631571E-04
2.91597547E-01  3.11750993E-02  4.82653762E-04
2.91896162E-01  3.11520211E-02  4.82123171E-04
2.92194777E-01  3.19030359E-02  4.86008415E-04
2.92493392E-01  3.17351259E-02  4.85198922E-04
2.92792007E-01  3.27642746E-02  4.93603584E-04
2.93090622E-01  3.07044722E-02  4.77605092E-04
2.93389237E-01  3.08529623E-02  4.78527450E-04
2.93687852E-01  3.18009853E-02  4.82442672E-04
2.93986467E-01  3.17222066E-02  4.85341880E-04
2.94285082E-01  3.14831100E-02  4.81064810E-04
2.94583697E-01  3.20414416E-02  4.88968682E-04
2.94882312E-01  3.14041339E-02  4.80925984E-04
2.95180927E-01  3.20046246E-02  4.82378236E-04
2.95479542E-01  3.16086933E-02  4.83775046E-04
2.95778157E-01  3.18214819E-02  4.83533222E-04
2.96076772E-01  3.17130499E-02  4.83058102E-04
2.96375387E-01  3.19380872E-02  4.84188349E-04
2.96674002E-01  3.14309597E-02  4.80099843E-04
2.96972617E-01  3.20736058E-02  4.88153863E-04
2.97271232E-01  3.22685689E-02  4.89874510E-04
2.97569847E-01  3.19204926E-02  4.87463578E-04
2.97868462E-01  3.24376225E-02  4.92838677E-04
2.98167077E-01  3.17678638E-02  4.90130391E-04
2.98465692E-01  3.24871056E-02  4.98740352E-04
2.98764307E-01  3.17624323E-02  4.88884281E-04
2.99062922E-01  3.25923115E-02  4.98304435E-04
2.99361537E-01  3.20687108E-02  4.95894754E-04
2.99660152E-01  3.16969939E-02  4.93880885E-04
2.99958767E-01  3.14209610E-02  4.91974526E-04
3.00257382E-01  3.25024165E-02  5.01762202E-04
3.00555997E-01  3.26863788E-02  5.02926880E-04
3.00854612E-01  3.26879472E-02  5.02178853E-04
3.01153227E-01  3.09804324E-02  4.92124993E-04
3.01451842E-01  3.26580331E-02  5.02967276E-04
3.01750457E-01  3.34910117E-02  5.15246298E-04
3.02049072E-01  3.22855935E-02  5.02260053E-04
3.02347687E-01  3.29392180E-02  5.17462089E-04
3.02646302E-01  3.25908251E-02  5.21269802E-04
3.02944917E-01  3.23982611E-02  5.19587367E-04
3.03243532E-01  3.14898267E-02  5.22010494E-04
3.03542147E-01  3.38461064E-02  5.42110472E-04
3.03840762E-01  3.32961977E-02  5.37385058E-04
3.04139377E-01  3.20319533E-02  5.33940038E-04
3.04437992E-01  3.29684317E-02  5.36871084E-04
3.04736607E-01  3.30830589E-02  5.46622090E-04
3.05035222E-01  3.29184607E-02  5.40810870E-04
3.05333837E-01  3.33012342E-02  5.47616975E-04
3.05632452E-01  3.18992361E-02  5.40277106E-04
3.05931067E-01  3.33447643E-02  5.49597491E-04
3.06229682E-01  3.27382945E-02  5.50476194E-04
3.06528297E-01  3.27251069E-02  5.45115676E-04
3.06826912E-01  3.36717218E-02  5.59797627E-04
3.07125527E-01  3.31351385E-02  5.56676881E-04
3.07424142E-01  3.37915309E-02  5.61479188E-04
3.07722757E-01  3.34354788E-02  5.62995381E-04
3.08021372E-01  3.24752778E-02  5.50270430E-04
3.08319987E-01  3.43392529E-02  5.61581925E-04
3.08618602E-01  3.47711593E-02  5.59589127E-04
3.08917217E-01  3.38960253E-02  5.44238021E-04
3.09215832E-01  3.39714177E-02  5.49572695E-04
3.09514447E-01  3.41601744E-02  5.42498427E-04
3.09813062E-01  3.41851190E-02  5.43924398E-04
3.10111677E-01  3.40330936E-02  5.40275883E-04
3.10410292E-01  3.39572392E-02  5.32994629E-04
3.10708907E-01  3.39546390E-02  5.38149616E-04
3.11007522E-01  3.51891220E-02  5.40221576E-04
3.11306137E-01  3.51875089E-02  5.47073607E-04
3.11604752E-01  3.38761583E-02  5.30481862E-04
3.11903367E-01  3.49219665E-02  5.38025633E-04
3.12201982E-01  3.48949693E-02  5.37673477E-04
3.12500597E-01  3.29384170E-02  5.17641194E-04
3.12799212E-01  3.44665609E-02  5.33932296E-04
3.13097827E-01  3.40298489E-02  5.26851101E-04
3.13396442E-01  3.52900065E-02  5.35805244E-04
3.13695057E-01  3.45572904E-02  5.32913487E-04
3.13993672E-01  3.46153378E-02  5.28001809E-04
3.14292287E-01  3.41995433E-02  5.26209129E-04
3.14590902E-01  3.46780121E-02  5.28343488E-04
3.14889517E-01  3.40825245E-02  5.23788971E-04
3.15188132E-01  3.39279734E-02  5.25651965E-04
3.15486747E-01  3.45063843E-02  5.23064227E-04
3.15785362E-01  3.45919952E-02  5.27277822E-04
3.16083977E-01  3.44373807E-02  5.22138260E-04
3.16382592E-01  3.40954848E-02  5.22386632E-04
3.16681207E-01  3.48820351E-02  5.26045857E-04
3.16979822E-01  3.49401496E-02  5.25668438E-04
3.17278437E-01  3.43963876E-02  5.23324357E-04
3.17577052E-01  3.54254618E-02  5.29446348E-04
3.17875667E-01  3.58461887E-02  5.40033565E-04
3.18174282E-01  3.50397117E-02  5.38817490E-04
3.18472897E-01  3.54070440E-02  5.49425371E-04
3.18771512E-01  3.46510224E-02  5.41422225E-04
3.19070127E-01  3.51444297E-02  5.49534336E-04
3.19368742E-01  3.52641791E-02  5.50935511E-04
3.19667357E-01  3.61430608E-02  5.58231433E-04
3.19965972E-01  3.61423418E-02  5.59489708E-04
3.20264587E-01  3.56075279E-02  5.57867810E-04
3.20563202E-01  3.51454616E-02  5.53763763E-04
3.20861817E-01  3.54441702E-02  5.57226653E-04
3.21160432E-01  3.56230475E-02  5.56882122E-04
3.21459047E-01  3.55506055E-02  5.61613240E-04
3.21757662E-01  3.48490626E-02  5.52533660E-04
3.22056277E-01  3.55882049E-02  5.58044703E-04
3.22354892E-01  3.58800776E-02  5.65198308E-04
3.22653507E-01  3.62006351E-02  5.65911294E-04
3.22952122E-01  3.59033830E-02  5.68535761E-04
3.23250737E-01  3.53937559E-02  5.53839316E-04
3.23549352E-01  3.55399996E-02  5.61866502E-04
3.23847967E-01  3.65368165E-02  5.72356861E-04
3.24146582E-01  3.59587595E-02  5.66156814E-04
3.24445197E-01  3.60722952E-02  5.67382085E-04
3.24743812E-01  3.64714451E-02  5.69518830E-04
3.25042427E-01  3.63788679E-02  5.74841222E-04
3.25341042E-01  3.64261530E-02  5.68672956E-04
3.25639657E-01  3.72631811E-02  5.78367093E-04
3.25938272E-01  3.70460041E-02  5.78208943E-04
3.26236887E-01  3.61991972E-02  5.67067938E-04
3.26535502E-01  3.56008820E-02  5.70876000E-04
3.26834117E-01  3.69313098E-02  5.74950012E-04
3.27132732E-01  3.65067758E-02  5.74500358E-04
3.27431347E-01  3.62705514E-02  5.73487778E-04
3.27729962E-01  3.67386229E-02  5.74461883E-04
3.28028577E-01  3.62528563E-02  5.79915824E-04
3.28327192E-01  3.67584452E-02  5.70121105E-04
3.28625807E-01  3.66260074E-02  5.78529842E-04
3.28924422E-01  3.67377065E-02  5.79067389E-04
3.29223037E-01  3.63251381E-02  5.73419849E-04
3.29521652E-01  3.61309461E-02  5.73074096E-04
3.29820267E-01  3.75542156E-02  5.82183420E-04
3.30118882E-01  3.65466699E-02  5.80691383E-04
3.30417497E-01  3.75876464E-02  5.85736067E-04
3.30716112E-01  3.66938710E-02  5.75311482E-04
3.31014727E-01  3.71320583E-02  5.79763902E-04
3.31313342E-01  3.67357992E-02  5.74628531E-04
3.31611957E-01  3.72079648E-02  5.84522437E-04
3.31910572E-01  3.58201191E-02  5.69434778E-04
3.32209187E-01  3.66897918E-02  5.73768455E-04
3.32507802E-01  3.61951664E-02  5.76344435E-04
3.32806417E-01  3.62900756E-02  5.69470692E-04
3.33105032E-01  3.71502563E-02  5.81467350E-04
3.33403647E-01  3.62575911E-02  5.70720353E-04
3.33702262E-01  3.67321298E-02  5.74782083E-04
3.34000877E-01  3.58807072E-02  5.67749725E-04
3.34299492E-01  3.72623913E-02  5.80456166E-04
3.34598107E-01  3.63233015E-02  5.73605241E-04
3.34896722E-01  3.56722474E-02  5.62973146E-04
3.35195337E-01  3.67457643E-02  5.72547375E-04
3.35493952E-01  3.66196781E-02  5.74926089E-04
3.35792567E-01  3.60220224E-02  5.68210264E-04
3.36091182E-01  3.67842168E-02  5.75034239E-04
3.36389797E-01  3.66116390E-02  5.70180709E-04
3.36688412E-01  3.68782245E-02  5.75941114E-04
3.36987027E-01  3.70686948E-02  5.73898607E-04
3.37285642E-01  3.62707525E-02  5.70010277E-04
3.37584257E-01  3.69164571E-02  5.75906422E-04
3.37882872E-01  3.71429138E-02  5.74978709E-04
3.38181487E-01  3.61345261E-02  5.69277152E-04
3.38480102E-01  3.65200117E-02  5.63784502E-04
3.38778717E-01  3.61188538E-02  5.68325340E-04
3.39077332E-01  3.76710705E-02  5.78051899E-04
3.39375947E-01  3.59030850E-02  5.64162561E-04
3.39674562E-01  3.68783921E-02  5.75452694E-04
3.39973177E-01  3.69866304E-02  5.70308883E-04
3.40271792E-01  3.59701701E-02  5.66336501E-04
3.40570407E-01  3.68047878E-02  5.71872573E-04
3.40869022E-01  3.68218832E-02  5.68715855E-04
3.41167637E-01  3.75156291E-02  5.75870101E-04
3.41466252E-01  3.60358432E-02  5.61009336E-04
3.41764867E-01  3.73322591E-02  5.77979081E-04
3.42063482E-01  3.59420627E-02  5.62694797E-04
3.42362097E-01  3.63204479E-02  5.62583969E-04
3.42660712E-01  3.69500630E-02  5.72679972E-04
3.42959327E-01  3.60731930E-02  5.60032029E-04
3.43257942E-01  3.73765565E-02  5.75979007E-04
3.43556557E-01  3.74251381E-02  5.72059886E-04
3.43855172E-01  3.70705351E-02  5.69507712E-04
3.44153787E-01  3.60845961E-02  5.61564171E-04
3.44452402E-01  3.60636525E-02  5.60763176E-04
3.44751017E-01  3.66021618E-02  5.66065428E-04
3.45049632E-01  3.61362770E-02  5.57064544E-04
3.45348247E-01  3.75568494E-02  5.73403726E-04
3.45646862E-01  3.72116752E-02  5.68332442E-04
3.45945477E-01  3.69412974E-02  5.66586968E-04
3.46244092E-01  3.66246849E-02  5.57549531E-04
3.46542707E-01  3.59207429E-02  5.52626792E-04
3.46841322E-01  3.65679003E-02  5.61653287E-04
3.47139937E-01  3.61683257E-02  5.56699408E-04
3.47438552E-01  3.63223851E-02  5.53718070E-04
3.47737167E-01  3.65438536E-02  5.59898792E-04
3.48035782E-01  3.67684998E-02  5.56651386E-04
3.48334397E-01  3.63427624E-02  5.57735097E-04
3.48633012E-01  3.60929668E-02  5.48059703E-04
3.48931627E-01  3.60931717E-02  5.52281213E-04
3.49230242E-01  3.57923247E-02  5.51500299E-04
3.49528857E-01  3.67240645E-02  5.56936895E-04
3.49827472E-01  3.68547067E-02  5.58853848E-04
3.50126087E-01  3.51986177E-02  5.40941372E-04
3.50424702E-01  3.72255556E-02  5.61196357E-04
3.50723317E-01  3.63911949E-02  5.52588201E-04
3.51021932E-01  3.64327766E-02  5.54885366E-04
3.51320547E-01  3.62640321E-02  5.50720782E-04
3.51619162E-01  3.64312604E-02  5.50788885E-04
3.51917777E-01  3.55667956E-02  5.46599622E-04
3.52216392E-01  3.63096297E-02  5.51222591E-04
3.52515007E-01  3.61166075E-02  5.47221338E-04
3.52813622E-01  3.69210914E-02  5.53284073E-04
3.53112237E-01  3.49080078E-02  5.43912640E-04
3.53410852E-01  3.62117738E-02  5.53061021E-04
3.53709467E-01  3.53106521E-02  5.35748317E-04
3.54008082E-01  3.58609110E-02  5.45732677E-04
3.54306697E-01  3.59665826E-02  5.46834548E-04
3.54605312E-01  3.60644422E-02  5.50425786E-04
3.54903927E-01  3.68329696E-02  5.57947205E-04
3.55202542E-01  3.61043029E-02  5.40740555E-04
3.55501157E-01  3.68926264E-02  5.55043109E-04
3.55799772E-01  3.53460386E-02  5.40785608E-04
3.56098387E-01  3.57351340E-02  5.45082497E-04
3.56397002E-01  3.66235562E-02  5.51369507E-04
3.56695617E-01  3.55190411E-02  5.37058804E-04
3.56994232E-01  3.56488079E-02  5.47859992E-04
3.57292847E-01  3.54887955E-02  5.37832500E-04
3.57591462E-01  3.55079621E-02  5.41302550E-04
3.57890077E-01  3.77259627E-02  5.56905230E-04
3.58188692E-01  3.57285626E-02  5.39795088E-04
3.58487307E-01  3.57090160E-02  5.46979601E-04
3.58785922E-01  3.58476862E-02  5.38408931E-04
3.59084537E-01  3.59765813E-02  5.44724695E-04
3.59383152E-01  3.54947709E-02  5.39038447E-04
3.59681767E-01  3.49780545E-02  5.35531726E-04
3.59980382E-01  3.59887518E-02  5.48377167E-04
3.60278997E-01  3.60961147E-02  5.37730753E-04
3.60577612E-01  3.56257521E-02  5.42216818E-04
3.60876227E-01  3.48700806E-02  5.34568273E-04
3.61174842E-01  3.59521694E-02  5.39491652E-04
3.61473457E-01  3.56609635E-02  5.37304033E-04
3.61772072E-01  3.54707316E-02  5.37435291E-04
3.62070687E-01  3.60914133E-02  5.45463874E-04
3.62369302E-01  3.52008939E-02  5.34822233E-04
3.62667917E-01  3.59133929E-02  5.40066278E-04
3.62966532E-01  3.56542803E-02  5.36412408E-04
3.63265147E-01  3.56918126E-02  5.38686814E-04
3.63563762E-01  3.60445157E-02  5.41487359E-04
3.63862377E-01  3.53588536E-02  5.34331368E-04
3.64160992E-01  3.50511521E-02  5.32424252E-04
3.64459607E-01  3.54284644E-02  5.35566825E-04
3.64758222E-01  3.54934633E-02  5.36059611E-04
3.65056837E-01  3.57690454E-02  5.38993743E-04
3.65355452E-01  3.53911668E-02  5.31372498E-04
3.65654067E-01  3.55125554E-02  5.36776672E-04
3.65952682E-01  3.60411443E-02  5.36792737E-04
3.66251297E-01  3.46825197E-02  5.31880418E-04
3.66549912E-01  3.50708440E-02  5.29797690E-04
3.66848527E-01  3.48588862E-02  5.25457785E-04
3.67147142E-01  3.43875512E-02  5.29478071E-04
3.67445757E-01  3.49402353E-02  5.28126024E-04
3.67744372E-01  3.46660949E-02  5.27427823E-04
3.68042987E-01  3.49371880E-02  5.28381846E-04
3.68341602E-01  3.38459723E-02  5.20337897E-04
3.68640217E-01  3.46195735E-02  5.28743432E-04
3.68938832E-01  3.44487019E-02  5.20755944E-04
3.69237447E-01  3.51242423E-02  5.29939600E-04
3.69536062E-01  3.55922394E-02  5.31109166E-04
3.69834677E-01  3.45211960E-02  5.26198593E-04
3.70133292E-01  3.46729830E-02  5.28881035E-04
3.70431907E-01  3.52614410E-02  5.26466058E-04
3.70730522E-01  3.55469175E-02  5.32571692E-04
3.71029137E-01  3.46237943E-02  5.22627030E-04
3.71327752E-01  3.50014195E-02  5.27786207E-04
3.71626367E-01  3.46113890E-02  5.24294621E-04
3.71924982E-01  3.54301445E-02  5.30049379E-04
3.72223597E-01  3.42366174E-02  5.23627910E-04
3.72522212E-01  3.44241001E-02  5.19257970E-04
3.72820827E-01  3.47993970E-02  5.24501491E-04
3.73119442E-01  3.43825705E-02  5.21487033E-04
3.73418057E-01  3.43307927E-02  5.18558896E-04
3.73716672E-01  3.46465632E-02  5.27313852E-04
3.74015287E-01  3.32408734E-02  5.08577155E-04
3.74313902E-01  3.59927900E-02  5.31784084E-04
3.74612517E-01  3.60048115E-02  5.33243758E-04
3.74911132E-01  3.43193933E-02  5.19811816E-04
3.75209747E-01  3.39834951E-02  5.18062792E-04
3.75508362E-01  3.48279700E-02  5.20982314E-04
3.75806977E-01  3.48346718E-02  5.22899267E-04
3.76105592E-01  3.42522115E-02  5.18378220E-04
3.76404207E-01  3.34158316E-02  5.12274215E-04
3.76702822E-01  3.41706611E-02  5.15787222E-04
3.77001437E-01  3.48312594E-02  5.21148148E-04
3.77300052E-01  3.44056115E-02  5.21416892E-04
3.77598667E-01  3.49469222E-02  5.24289033E-04
3.77897282E-01  3.46825346E-02  5.18458837E-04
3.78195897E-01  3.34806107E-02  5.08626516E-04
3.78494512E-01  3.47201042E-02  5.21120848E-04
3.78793127E-01  3.33107337E-02  5.09526697E-04
3.79091742E-01  3.46275046E-02  5.18447836E-04
3.79390357E-01  3.44434306E-02  5.16677275E-04
3.79688972E-01  3.49207744E-02  5.20510308E-04
3.79987587E-01  3.43570039E-02  5.15380816E-04
3.80286202E-01  3.48578133E-02  5.20439819E-04
3.80584817E-01  3.43762822E-02  5.16834320E-04
3.80883432E-01  3.34369615E-02  5.07670629E-04
3.81182047E-01  3.45475562E-02  5.17599052E-04
3.81480662E-01  3.48368362E-02  5.19894878E-04
3.81779277E-01  3.57322954E-02  5.22321614E-04
3.82077892E-01  3.49381752E-02  5.20654023E-04
3.82376507E-01  3.46640646E-02  5.17431705E-04
3.82675122E-01  3.40816826E-02  5.13975916E-04
3.82973737E-01  3.38390544E-02  5.10084967E-04
3.83272352E-01  3.42156440E-02  5.09603880E-04
3.83570967E-01  3.46552618E-02  5.17242705E-04
3.83869582E-01  3.43628377E-02  5.13507752E-04
3.84168197E-01  3.42855565E-02  5.13962179E-04
3.84466812E-01  3.43484879E-02  5.12378698E-04
3.84765427E-01  3.42556536E-02  5.11050748E-04
3.85064042E-01  3.52571085E-02  5.22513932E-04
3.85362657E-01  3.47542837E-02  5.15401713E-04
3.85661272E-01  3.37481871E-02  5.04378928E-04
3.85959887E-01  3.54277864E-02  5.22070564E-04
3.86258502E-01  3.41596268E-02  5.08826051E-04
3.86557117E-01  3.45325433E-02  5.18305693E-04
3.86855732E-01  3.50360274E-02  5.14679472E-04
3.87154347E-01  3.42917293E-02  5.08934027E-04
3.87452962E-01  3.40424478E-02  5.11641789E-04
3.87751577E-01  3.41766328E-02  5.06835233E-04
3.88050192E-01  3.41044329E-02  5.12110943E-04
3.88348807E-01  3.49581279E-02  5.11223625E-04
3.88647422E-01  3.40562202E-02  5.08698577E-04
3.88946037E-01  3.44592743E-02  5.10689919E-04
3.89244652E-01  3.48545387E-02  5.14629821E-04
3.89543267E-01  3.43322977E-02  5.10888232E-04
3.89841882E-01  3.39906625E-02  5.04354713E-04
3.90140497E-01  3.46680060E-02  5.14405139E-04
3.90439112E-01  3.44280936E-02  5.11352206E-04
3.90737727E-01  3.59904729E-02  5.17219829E-04
3.91036342E-01  3.45255472E-02  5.12969447E-04
3.91334957E-01  3.39341201E-02  5.02962328E-04
3.91633572E-01  3.41784060E-02  5.09501609E-04
3.91932187E-01  3.42906564E-02  5.05478296E-04
3.92230802E-01  3.46794911E-02  5.09827165E-04
3.92529417E-01  3.46652232E-02  5.13122650E-04
3.92828032E-01  3.43976840E-02  5.05902979E-04
3.93126647E-01  3.42918597E-02  5.07596007E-04
3.93425262E-01  3.47001292E-02  5.08867379E-04
3.93723877E-01  3.39564160E-02  5.05855249E-04
3.94022492E-01  3.43129784E-02  5.08131343E-04
3.94321107E-01  3.37887332E-02  5.01413655E-04
3.94619722E-01  3.41942124E-02  5.04660071E-04
3.94918337E-01  3.40331197E-02  5.03105111E-04
3.95216952E-01  3.48216332E-02  5.10265294E-04
3.95515567E-01  3.40059064E-02  5.04747557E-04
3.95814182E-01  3.44967321E-02  5.03722695E-04
3.96112797E-01  3.37859020E-02  5.02257259E-04
3.96411412E-01  3.43318135E-02  5.05316886E-04
3.96710027E-01  3.37743536E-02  5.01808419E-04
3.97008642E-01  3.39808539E-02  5.00911498E-04
3.97307257E-01  3.48793715E-02  5.08227502E-04
3.97605872E-01  3.33312713E-02  4.98147914E-04
3.97904487E-01  3.43171284E-02  5.06694952E-04
3.98203102E-01  3.39678861E-02  4.98665730E-04
3.98501717E-01  3.36162150E-02  4.97268222E-04
3.98800332E-01  3.39142643E-02  5.00310503E-04
3.99098947E-01  3.46528888E-02  5.06218814E-04
3.99397562E-01  3.43657807E-02  5.05707343E-04
3.99696177E-01  3.42175961E-02  5.02548239E-04
3.99994792E-01  3.44615877E-02  5.02887939E-04
4.00293407E-01  3.33410390E-02  4.96192544E-04
4.00592022E-01  3.33258696E-02  4.94653825E-04
4.00890637E-01  3.43375653E-02  5.01987583E-04
4.01189252E-01  3.41696367E-02  5.00281632E-04
4.01487867E-01  3.38973962E-02  5.00443042E-04
4.01786482E-01  3.41093168E-02  5.01282455E-04
4.02085097E-01  3.42102498E-02  4.97738598E-04
4.02383712E-01  3.34474146E-02  4.98438487E-04
4.02682327E-01  3.35476361E-02  4.92549327E-04
4.02980942E-01  3.35416272E-02  4.96981200E-04
4.03279557E-01  3.26201431E-02  4.88119898E-04
4.03578172E-01  3.37623842E-02  4.93895670E-04
4.03876787E-01  3.37073281E-02  4.97854024E-04
4.04175402E-01  3.39817777E-02  4.96203313E-04
4.04474017E-01  3.33018713E-02  4.94025648E-04
4.04772632E-01  3.38403508E-02  4.95407439E-04
4.05071247E-01  3.36300321E-02  4.94452368E-04
4.05369862E-01  3.33589539E-02  4.96954715E-04
4.05668477E-01  3.31186913E-02  4.86094359E-04
4.05967092E-01  3.31413224E-02  4.90619277E-04
4.06265707E-01  3.38283293E-02  4.94860345E-04
4.06564322E-01  3.25933620E-02  4.85172874E-04
4.06862937E-01  3.27356644E-02  4.91114799E-04
4.07161552E-01  3.28599922E-02  4.85444849E-04
4.07460167E-01  3.38428020E-02  4.96028282E-04
4.07758782E-01  3.26379389E-02  4.82902746E-04
4.08057397E-01  3.19649689E-02  4.80255578E-04
4.08356012E-01  3.29129286E-02  4.89171653E-04
4.08654627E-01  3.32602672E-02  4.87490179E-04
4.08953242E-01  3.22424807E-02  4.84972727E-04
4.09251857E-01  3.33792977E-02  4.89392551E-04
4.09550472E-01  3.27644274E-02  4.85092925E-04
4.09849087E-01  3.23065482E-02  4.81918949E-04
4.10147702E-01  3.30119766E-02  4.84998483E-04
4.10446317E-01  3.22326347E-02  4.84331744E-04
4.10744932E-01  3.28454003E-02  4.85812809E-04
4.11043547E-01  3.25401351E-02  4.79413458E-04
4.11342162E-01  3.20332572E-02  4.79660201E-04
4.11640777E-01  3.29253785E-02  4.87208978E-04
4.11939392E-01  3.22147869E-02  4.82378411E-04
4.12238007E-01  3.24517190E-02  4.79099806E-04
4.12536622E-01  3.20343412E-02  4.78444330E-04
4.12835237E-01  3.17620374E-02  4.74642147E-04
4.13133852E-01  3.18924636E-02  4.77498426E-04
4.13432467E-01  3.16834785E-02  4.75489971E-04
4.13731082E-01  3.24357599E-02  4.79544047E-04
4.14029697E-01  3.11140921E-02  4.71750653E-04
4.14328312E-01  3.10901236E-02  4.70038503E-04
4.14626927E-01  3.15714851E-02  4.74987464E-04
4.14925542E-01  3.16613764E-02  4.71508683E-04
4.15224157E-01  3.15970853E-02  4.74300265E-04
4.15522772E-01  3.10074687E-02  4.70621133E-04
4.15821387E-01  3.14680114E-02  4.70826955E-04
4.16120002E-01  3.05661447E-02  4.64887678E-04
4.16418617E-01  3.18652466E-02  4.75653680E-04
4.16717232E-01  3.09768356E-02  4.68111772E-04
4.17015847E-01  3.04520596E-02  4.65745426E-04
4.17314462E-01  3.18806022E-02  4.70360683E-04
4.17613077E-01  3.10767461E-02  4.68979473E-04
4.17911692E-01  3.19885463E-02  4.74281871E-04
4.18210307E-01  3.07094567E-02  4.68042766E-04
4.18508922E-01  3.14849056E-02  4.69140796E-04
4.18807537E-01  3.07791494E-02  4.63960401E-04
4.19106152E-01  3.12336050E-02  4.70170256E-04
4.19404767E-01  3.07877846E-02  4.66481579E-04
4.19703382E-01  3.09044663E-02  4.63642325E-04
4.20001997E-01  3.05839013E-02  4.63339267E-04
4.20300612E-01  3.17206606E-02  4.70155035E-04
4.20599227E-01  3.16811353E-02  4.73644788E-04
4.20897842E-01  2.98225656E-02  4.56705660E-04
4.21196457E-01  3.13160196E-02  4.66727972E-04
4.21495072E-01  3.12516503E-02  4.68271668E-04
4.21793687E-01  3.00072189E-02  4.57393093E-04
4.22092302E-01  2.98943259E-02  4.59044328E-04
4.22390917E-01  3.02798264E-02  4.55348607E-04
4.22689532E-01  3.05224918E-02  4.63313656E-04
4.22988147E-01  3.00247315E-02  4.56600392E-04
4.23286762E-01  3.01152933E-02  4.60110750E-04
4.23585377E-01  3.03727854E-02  4.58931172E-04
4.23883992E-01  3.01325265E-02  4.56187059E-04
4.24182607E-01  3.10170837E-02  4.63044707E-04
4.24481222E-01  2.94480938E-02  4.53746208E-04
4.24779837E-01  2.99510155E-02  4.55637462E-04
4.25078452E-01  3.04520559E-02  4.57679940E-04
4.25377067E-01  3.00654210E-02  4.57961141E-04
4.25675682E-01  2.94630565E-02  4.49988118E-04
4.25974297E-01  2.97724754E-02  4.55831701E-04
4.26272912E-01  3.00587323E-02  4.52998036E-04
4.26571527E-01  3.04498989E-02  4.60991869E-04
4.26870142E-01  3.01652085E-02  4.55223431E-04
4.27168757E-01  2.97434386E-02  4.52741660E-04
4.27467372E-01  2.99005359E-02  4.52415668E-04
4.27765987E-01  2.98219565E-02  4.54569177E-04
4.28064602E-01  3.05714514E-02  4.58285416E-04
4.28363217E-01  2.92725414E-02  4.49655548E-04
4.28661832E-01  2.90568545E-02  4.47293278E-04
4.28960447E-01  2.99819391E-02  4.53647372E-04
4.29259062E-01  2.89777275E-02  4.45389742E-04
4.29557677E-01  2.94538587E-02  4.49637941E-04
4.29856292E-01  2.98728179E-02  4.50913678E-04
4.30154907E-01  2.88712829E-02  4.44278761E-04
4.30453522E-01  2.93336138E-02  4.49428655E-04
4.30752137E-01  2.98954826E-02  4.52598353E-04
4.31050752E-01  2.87736189E-02  4.42252553E-04
4.31349367E-01  3.00085898E-02  4.52447945E-04
4.31647982E-01  2.91097518E-02  4.45424084E-04
4.31946597E-01  2.93341260E-02  4.49542073E-04
4.32245212E-01  3.00273057E-02  4.51092375E-04
4.32543827E-01  2.90280841E-02  4.45795275E-04
4.32842442E-01  2.90926956E-02  4.48803185E-04
4.33141057E-01  2.96354033E-02  4.48045204E-04
4.33439672E-01  2.94916425E-02  4.49847954E-04
4.33738287E-01  2.92126257E-02  4.45333048E-04
4.34036902E-01  2.91977022E-02  4.47503931E-04
4.34335517E-01  2.91191246E-02  4.46404476E-04
4.34634132E-01  2.94725057E-02  4.49608371E-04
4.34932747E-01  2.93900408E-02  4.46690159E-04
4.35231362E-01  2.97896378E-02  4.50017105E-04
4.35529977E-01  2.91886181E-02  4.47943807E-04
4.35828592E-01  2.93100271E-02  4.48173931E-04
4.36127207E-01  2.90008988E-02  4.43239871E-04
4.36425822E-01  2.95118224E-02  4.47920698E-04
4.36724437E-01  2.85564903E-02  4.41003853E-04
4.37023052E-01  2.86366157E-02  4.41819982E-04
4.37321667E-01  2.93611046E-02  4.44814184E-04
4.37620282E-01  2.83366255E-02  4.40188072E-04
4.37918897E-01  2.90681776E-02  4.44944249E-04
4.38217512E-01  2.92129964E-02  4.46847000E-04
4.38516127E-01  2.91031431E-02  4.43252182E-04
4.38814742E-01  2.91459970E-02  4.41352779E-04
4.39113357E-01  2.89820563E-02  4.44094476E-04
4.39411972E-01  2.95413043E-02  4.48161736E-04
4.39710587E-01  2.87277140E-02  4.40197182E-04
4.40009202E-01  2.93791685E-02  4.46834689E-04
4.40307817E-01  2.89281067E-02  4.39517113E-04
4.40606432E-01  2.91145779E-02  4.44821519E-04
4.40905047E-01  2.93197911E-02  4.45108657E-04
4.41203662E-01  2.88895015E-02  4.39133350E-04
4.41502277E-01  2.92282254E-02  4.44025703E-04
4.41800892E-01  2.77534761E-02  4.32016299E-04
4.42099507E-01  2.90831085E-02  4.42536635E-04
4.42398122E-01  2.90314797E-02  4.40985925E-04
4.42696737E-01  2.86489949E-02  4.38168674E-04
4.42995352E-01  2.87479516E-02  4.39887983E-04
4.43293967E-01  2.92582810E-02  4.45047568E-04
4.43592582E-01  2.96642352E-02  4.48225008E-04
4.43891197E-01  2.98435260E-02  4.45276994E-04
4.44189812E-01  2.88687386E-02  4.41787939E-04
4.44488427E-01  2.97033973E-02  4.45974845E-04
4.44787042E-01  2.83739958E-02  4.37507872E-04
4.45085657E-01  2.91949622E-02  4.42144956E-04
4.45384272E-01  2.97547970E-02  4.47049009E-04
4.45682887E-01  2.93125119E-02  4.46855760E-04
4.45981502E-01  2.85173859E-02  4.36513335E-04
4.46280117E-01  2.85886191E-02  4.38014395E-04
4.46578732E-01  2.94730943E-02  4.45032172E-04
4.46877347E-01  2.88545620E-02  4.41209500E-04
4.47175962E-01  2.93062888E-02  4.49115440E-04
4.47474577E-01  2.90395152E-02  4.39639552E-04
4.47773192E-01  2.85121053E-02  4.37819544E-04
4.48071807E-01  2.86535155E-02  4.38905670E-04
4.48370422E-01  2.91085858E-02  4.43643919E-04
4.48669037E-01  2.94265728E-02  4.44887963E-04
4.48967652E-01  2.93691829E-02  4.43969591E-04
4.49266267E-01  2.83160582E-02  4.37760900E-04
4.49564882E-01  2.94318460E-02  4.46501188E-04
4.49863497E-01  2.98389420E-02  4.47707280E-04
4.50162112E-01  2.90754512E-02  4.43499623E-04
4.50460727E-01  2.82763522E-02  4.37460811E-04
4.50759342E-01  2.94401124E-02  4.46472492E-04
4.51057957E-01  2.93693878E-02  4.45348705E-04
4.51356572E-01  2.90070362E-02  4.39702475E-04
4.51655187E-01  2.88196709E-02  4.42333840E-04
4.51953802E-01  2.90899985E-02  4.42743971E-04
4.52252417E-01  2.94977315E-02  4.50307678E-04
4.52551032E-01  2.91169342E-02  4.42080025E-04
4.52849647E-01  2.95416750E-02  4.46271268E-04
4.53148262E-01  2.89419051E-02  4.41719603E-04
4.53446877E-01  2.95648724E-02  4.45960672E-04
4.53745492E-01  2.88439076E-02  4.41459648E-04
4.54044107E-01  2.92708930E-02  4.45600424E-04
4.54342722E-01  2.87074801E-02  4.40611882E-04
4.54641337E-01  2.89977584E-02  4.43814381E-04
4.54939952E-01  2.93202456E-02  4.44705773E-04
4.55238567E-01  2.92549413E-02  4.43919591E-04
4.55537182E-01  2.99249403E-02  4.52061067E-04
4.55835797E-01  2.91277561E-02  4.44815232E-04
4.56134412E-01  2.90282033E-02  4.42881981E-04
4.56433027E-01  2.98780110E-02  4.49815008E-04
4.56731642E-01  2.99287383E-02  4.49307525E-04
4.57030257E-01  2.96984259E-02  4.49357642E-04
4.57328872E-01  3.00892163E-02  4.51208558E-04
4.57627487E-01  2.95694619E-02  4.47099359E-04
4.57926102E-01  2.89115794E-02  4.42391756E-04
4.58224717E-01  2.98535079E-02  4.51136439E-04
4.58523332E-01  2.96697617E-02  4.48257371E-04
4.58821947E-01  3.00971493E-02  4.48811421E-04
4.59120562E-01  2.95128282E-02  4.48660023E-04
4.59419177E-01  2.97049358E-02  4.49919869E-04
4.59717792E-01  2.89835855E-02  4.44326608E-04
4.60016407E-01  2.97666155E-02  4.48799605E-04
4.60315022E-01  2.94999145E-02  4.46098769E-04
4.60613637E-01  2.87833549E-02  4.42402204E-04
4.60912252E-01  2.94900183E-02  4.49196523E-04
4.61210867E-01  2.87516881E-02  4.41186508E-04
4.61509482E-01  3.00931595E-02  4.56114067E-04
4.61808097E-01  2.93207224E-02  4.60389798E-04
4.62106712E-01  2.93090995E-02  4.62263328E-04
4.62405327E-01  2.97588073E-02  4.70058236E-04
4.62703942E-01  3.02057657E-02  4.73005552E-04
4.63002557E-01  2.92809792E-02  4.74251981E-04
4.63301172E-01  2.96656527E-02  4.79039387E-04
4.63599787E-01  3.00300065E-02  4.84544056E-04
4.63898402E-01  2.92506758E-02  4.80423914E-04
4.64197017E-01  2.95082219E-02  4.83157375E-04
4.64495632E-01  3.02161388E-02  4.95080487E-04
4.64794247E-01  2.90104505E-02  4.85875178E-04
4.65092862E-01  2.95029804E-02  4.87536046E-04
4.65391477E-01  2.97405589E-02  4.96850465E-04
4.65690092E-01  2.93680057E-02  4.93597356E-04
4.65988707E-01  2.98173595E-02  5.01717033E-04
4.66287322E-01  3.02981231E-02  5.06165263E-04
4.66585937E-01  2.93313302E-02  4.98575566E-04
4.66884552E-01  3.00789159E-02  5.11135382E-04
4.67183167E-01  2.90487949E-02  5.04453143E-04
4.67481782E-01  2.93034334E-02  5.00420108E-04
4.67780397E-01  2.91490462E-02  5.06194134E-04
4.68079012E-01  2.93331947E-02  5.09545673E-04
4.68377627E-01  2.97113359E-02  5.15803171E-04
4.68676242E-01  2.90051438E-02  5.10831305E-04
4.68974857E-01  2.93382630E-02  5.13758510E-04
4.69273472E-01  2.91655101E-02  5.17115754E-04
4.69572087E-01  2.95668654E-02  5.19116526E-04
4.69870702E-01  3.04673761E-02  5.29167650E-04
4.70169317E-01  2.98336782E-02  5.26321877E-04
4.70467932E-01  3.00166756E-02  5.29056531E-04
4.70766547E-01  3.07448581E-02  5.41051326E-04
4.71065162E-01  2.86992267E-02  5.22582093E-04
4.71363777E-01  2.90551689E-02  5.22267597E-04
4.71662392E-01  2.97853686E-02  5.34874736E-04
4.71961007E-01  2.91321576E-02  5.30641293E-04
4.72259622E-01  3.07371896E-02  5.49053482E-04
4.72558237E-01  2.97772903E-02  5.37335174E-04
4.72856852E-01  2.94373874E-02  5.26507734E-04
4.73155467E-01  3.01154815E-02  5.28504490E-04
4.73454082E-01  3.00212763E-02  5.21419628E-04
4.73752697E-01  2.97616422E-02  5.11235616E-04
4.74051312E-01  2.98487172E-02  5.12278057E-04
4.74349927E-01  2.96247397E-02  5.07314631E-04
4.74648542E-01  3.05284001E-02  5.15141815E-04
4.74947157E-01  3.15040872E-02  5.18204179E-04
4.75245772E-01  3.02528944E-02  5.06968470E-04
4.75544387E-01  3.05257663E-02  5.08268829E-04
4.75843002E-01  2.94626020E-02  5.00445545E-04
4.76141617E-01  2.95432098E-02  4.96752618E-04
4.76440232E-01  2.97266766E-02  4.98430280E-04
4.76738847E-01  3.01076826E-02  4.99716843E-04
4.77037462E-01  3.06469779E-02  5.04447089E-04
4.77336077E-01  2.95544639E-02  4.96450812E-04
4.77634692E-01  3.03289797E-02  4.98470676E-04
4.77933307E-01  2.98024528E-02  4.94787120E-04
4.78231922E-01  2.95866691E-02  4.89990576E-04
4.78530537E-01  3.06154657E-02  5.03247138E-04
4.78829152E-01  3.04985400E-02  4.94751614E-04
4.79127767E-01  3.04972641E-02  4.96432185E-04
4.79426382E-01  3.05685364E-02  4.99782211E-04
4.79724997E-01  2.99628302E-02  4.92585881E-04
4.80023612E-01  3.04019134E-02  4.95011278E-04
4.80322227E-01  2.96535268E-02  4.86843550E-04
4.80620842E-01  2.91425772E-02  4.85036435E-04
4.80919457E-01  3.01474947E-02  4.91782266E-04
4.81218072E-01  2.97166556E-02  4.87748504E-04
4.81516687E-01  2.93516424E-02  4.85632307E-04
4.81815302E-01  3.03555932E-02  4.89034224E-04
4.82113917E-01  3.02991681E-02  4.94059233E-04
4.82412532E-01  3.02899498E-02  4.90272418E-04
4.82711147E-01  3.08529846E-02  4.93537227E-04
4.83009762E-01  3.08222082E-02  4.94693231E-04
4.83308377E-01  3.06793563E-02  4.94571053E-04
4.83606992E-01  2.90807802E-02  4.78667585E-04
4.83905607E-01  2.97922511E-02  4.85987315E-04
4.84204222E-01  2.97858883E-02  4.83572832E-04
4.84502837E-01  2.96069514E-02  4.85229481E-04
4.84801452E-01  2.95539200E-02  4.82677860E-04
4.85100067E-01  2.96240933E-02  4.80061193E-04
4.85398682E-01  3.02963462E-02  4.88206424E-04
4.85697297E-01  2.95189936E-02  4.81657975E-04
4.85995912E-01  2.98838709E-02  4.85996919E-04
4.86294527E-01  2.97029093E-02  4.80707648E-04
4.86593142E-01  3.08082495E-02  4.90691687E-04
4.86891757E-01  3.01967394E-02  4.86790959E-04
4.87190372E-01  3.05497646E-02  4.90131206E-04
4.87488987E-01  3.00208852E-02  4.81336378E-04
4.87787602E-01  2.93599293E-02  4.79637529E-04
4.88086217E-01  2.96915211E-02  4.80020681E-04
4.88384832E-01  3.05913612E-02  4.88353486E-04
4.88683447E-01  3.01364344E-02  4.85945115E-04
4.88982062E-01  3.06162201E-02  4.86585108E-04
4.89280677E-01  3.07481494E-02  4.90731385E-04
4.89579292E-01  2.97311023E-02  4.80472256E-04
4.89877907E-01  3.05858590E-02  4.86717676E-04
4.90176522E-01  3.00242919E-02  4.81020194E-04
4.90475137E-01  2.91674137E-02  4.75541601E-04
4.90773752E-01  3.03002950E-02  4.84324497E-04
4.91072367E-01  3.03617399E-02  4.85306664E-04
4.91370982E-01  2.99783386E-02  4.80901537E-04
4.91669597E-01  3.02236695E-02  4.83718031E-04
4.91968212E-01  3.08359396E-02  4.89582715E-04
4.92266827E-01  3.04637812E-02  4.86007280E-04
4.92565442E-01  2.87569463E-02  4.69598948E-04
4.92864057E-01  3.11293434E-02  4.90180333E-04
4.93162672E-01  3.01085375E-02  4.82928008E-04
4.93461287E-01  3.08059417E-02  4.88491147E-04
4.93759902E-01  3.00961547E-02  4.78985574E-04
4.94058517E-01  3.00672390E-02  4.81029652E-04
4.94357132E-01  3.00625097E-02  4.80033370E-04
4.94655747E-01  3.01300343E-02  4.84333083E-04
4.94954362E-01  2.99630612E-02  4.76988207E-04
4.95252977E-01  3.09146773E-02  4.87525889E-04
4.95551592E-01  2.91834194E-02  4.75108478E-04
4.95850207E-01  3.07306722E-02  4.86808189E-04
4.96148822E-01  2.98636667E-02  4.76676039E-04
4.96447437E-01  2.92612389E-02  4.74555127E-04
4.96746052E-01  3.09386011E-02  4.87116369E-04
4.97044667E-01  2.98536438E-02  4.81635710E-04
4.97343282E-01  3.11567746E-02  4.86053905E-04
4.97641897E-01  3.03846747E-02  4.79286944E-04
4.97940512E-01  2.95134448E-02  4.77204128E-04
4.98239127E-01  3.02118603E-02  4.81131836E-04
4.98537742E-01  2.99253725E-02  4.79804992E-04
4.98836357E-01  3.06575149E-02  4.82630945E-04
4.99134972E-01  2.98372060E-02  4.78145608E-04
4.99433587E-01  3.07878852E-02  4.87164711E-04
4.99732202E-01  2.97283530E-02  4.75973589E-04
5.00030817E-01  3.03544812E-02  4.80366987E-04
5.00329432E-01  3.00395917E-02  4.79057082E-04
5.00628047E-01  3.10559571E-02  4.87096084E-04
5.00926662E-01  3.06503028E-02  4.86574048E-04
5.01225277E-01  3.04187797E-02  4.79110167E-04
5.01523892E-01  3.08342315E-02  4.82728617E-04
5.01822507E-01  3.01335175E-02  4.79458802E-04
5.02121122E-01  3.11655570E-02  4.88694874E-04
5.02419737E-01  3.10498215E-02  4.86939942E-04
5.02718352E-01  2.98520494E-02  4.77220659E-04
5.03016967E-01  3.02645192E-02  4.80389193E-04
5.03315582E-01  3.03464923E-02  4.82359232E-04
5.03614197E-01  3.03303860E-02  4.78430564E-04
5.03912812E-01  2.98239700E-02  4.76649962E-04
5.04211427E-01  2.99193375E-02  4.76352521E-04
5.04510042E-01  2.97346879E-02  4.77361638E-04
5.04808657E-01  3.12891416E-02  4.85584693E-04
5.05107272E-01  3.08535378E-02  4.84936347E-04
5.05405887E-01  3.10269017E-02  4.84381599E-04
5.05704502E-01  2.98258811E-02  4.78579052E-04
5.06003117E-01  3.06868907E-02  4.82794363E-04
5.06301732E-01  3.04899290E-02  4.81007039E-04
5.06600347E-01  3.07406764E-02  4.81204974E-04
5.06898962E-01  2.98171751E-02  4.77090070E-04
5.07197577E-01  3.07794325E-02  4.85816097E-04
5.07496192E-01  3.04047186E-02  4.77057823E-04
5.07794807E-01  3.02575696E-02  4.82165575E-04
5.08093422E-01  3.04692201E-02  4.80501010E-04
5.08392037E-01  3.04531697E-02  4.81326424E-04
5.08690652E-01  3.07501424E-02  4.81058552E-04
5.08989267E-01  3.01820915E-02  4.78238100E-04
5.09287882E-01  3.04988921E-02  4.82410775E-04
5.09586497E-01  3.12657617E-02  4.86512494E-04
5.09885112E-01  3.11972518E-02  4.85622819E-04
5.10183727E-01  3.04559879E-02  4.80411836E-04
5.10482342E-01  3.03743929E-02  4.78826987E-04
5.10780957E-01  3.04863285E-02  4.81129915E-04
5.11079572E-01  3.04120164E-02  4.79598908E-04
5.11378187E-01  3.06164362E-02  4.81328636E-04
5.11676802E-01  3.00155878E-02  4.80141869E-04
5.11975417E-01  3.13327387E-02  4.85618395E-04
5.12274032E-01  3.00137047E-02  4.75988461E-04
5.12572647E-01  2.96575706E-02  4.73507011E-04
5.12871262E-01  3.04900873E-02  4.79520095E-04
5.13169877E-01  3.00887376E-02  4.79779847E-04
5.13468492E-01  3.12776342E-02  4.83430747E-04
5.13767107E-01  2.96107903E-02  4.72098734E-04
5.14065722E-01  3.07094604E-02  4.83628537E-04
5.14364337E-01  3.07326671E-02  4.82976902E-04
5.14662952E-01  3.00529450E-02  4.76550835E-04
5.14961567E-01  2.97868904E-02  4.73046239E-04
5.15260182E-01  3.02013587E-02  4.79145267E-04
5.15558797E-01  3.09754945E-02  4.83579061E-04
5.15857412E-01  2.96260733E-02  4.72582702E-04
5.16156027E-01  3.09237037E-02  4.83892218E-04
5.16454642E-01  3.10833175E-02  4.85380675E-04
5.16753257E-01  3.06822602E-02  4.81057359E-04
5.17051872E-01  2.98989303E-02  4.76753281E-04
5.17350487E-01  3.07357516E-02  4.80070332E-04
5.17649102E-01  3.04494370E-02  4.79117822E-04
5.17947717E-01  3.02622169E-02  4.77177207E-04
5.18246332E-01  3.07364892E-02  4.81257390E-04
5.18544947E-01  2.98872553E-02  4.76083136E-04
5.18843562E-01  3.04102898E-02  4.80588671E-04
5.19142177E-01  3.04440688E-02  4.78500559E-04
5.19440792E-01  3.05196755E-02  4.78979462E-04
5.19739407E-01  3.08960844E-02  4.82398114E-04
5.20038022E-01  3.05173825E-02  4.81800031E-04
5.20336637E-01  3.04975789E-02  4.79164068E-04
5.20635252E-01  2.99637299E-02  4.74837754E-04
5.20933867E-01  3.01738400E-02  4.76851943E-04
5.21232482E-01  3.06942686E-02  4.80360846E-04
5.21531097E-01  2.99969427E-02  4.76742920E-04
5.21829712E-01  3.05809136E-02  4.81008028E-04
5.22128327E-01  3.12153939E-02  4.85258963E-04
5.22426942E-01  2.94326879E-02  4.69020772E-04
5.22725557E-01  2.97056697E-02  4.73731867E-04
5.23024172E-01  2.96273064E-02  4.72182030E-04
5.23322787E-01  3.09831202E-02  4.83934069E-04
5.23621402E-01  3.05610150E-02  4.79569193E-04
5.23920017E-01  3.06047313E-02  4.82518051E-04
5.24218632E-01  3.06077339E-02  4.78421076E-04
5.24517247E-01  2.99530793E-02  4.74549830E-04
5.24815862E-01  3.02197542E-02  4.78534610E-04
5.25114477E-01  2.96845548E-02  4.72076325E-04
5.25413092E-01  2.95588206E-02  4.72231419E-04
5.25711707E-01  3.04487143E-02  4.79760231E-04
5.26010322E-01  3.04449163E-02  4.77160211E-04
5.26308937E-01  3.05559449E-02  4.79666836E-04
5.26607552E-01  3.04359142E-02  4.78608883E-04
5.26906167E-01  2.98809893E-02  4.73764580E-04
5.27204782E-01  2.99995895E-02  4.77630238E-04
5.27503397E-01  3.03539746E-02  4.77970898E-04
5.27802012E-01  3.05799600E-02  4.79866460E-04
5.28100627E-01  3.04583944E-02  4.79972339E-04
5.28399242E-01  2.96476297E-02  4.69180901E-04
5.28697857E-01  3.00969016E-02  4.76768590E-04
5.28996472E-01  3.00242174E-02  4.75378678E-04
5.29295087E-01  2.98829433E-02  4.75893728E-04
5.29593702E-01  3.03134825E-02  4.76271613E-04
5.29892317E-01  3.03343087E-02  4.77483671E-04
5.30190932E-01  2.93525588E-02  4.71774401E-04
5.30489547E-01  3.09588946E-02  4.82614676E-04
5.30788162E-01  3.05312853E-02  4.78337664E-04
5.31086777E-01  2.96336599E-02  4.72523418E-04
5.31385392E-01  3.00479028E-02  4.73503664E-04
5.31684007E-01  3.04855090E-02  4.79388778E-04
5.31982622E-01  2.94385944E-02  4.70972271E-04
5.32281237E-01  3.00872084E-02  4.76018118E-04
5.32579852E-01  2.97677331E-02  4.74299624E-04
5.32878467E-01  3.02386619E-02  4.77102469E-04
5.33177082E-01  2.96020322E-02  4.72982152E-04
5.33475697E-01  2.93058101E-02  4.67295671E-04
5.33774312E-01  2.99704820E-02  4.74408938E-04
5.34072927E-01  2.96708606E-02  4.75174922E-04
5.34371542E-01  3.00731249E-02  4.73724678E-04
5.34670157E-01  3.05816028E-02  4.76791058E-04
5.34968772E-01  3.01539060E-02  4.77971538E-04
5.35267387E-01  2.95738783E-02  4.71270701E-04
5.35566002E-01  3.03592477E-02  4.79482725E-04
5.35864617E-01  3.00972685E-02  4.73811175E-04
5.36163232E-01  2.99231149E-02  4.75329492E-04
5.36461847E-01  2.96989921E-02  4.73084248E-04
5.36760462E-01  2.99436897E-02  4.74103639E-04
5.37059077E-01  2.99468115E-02  4.73323191E-04
5.37357692E-01  2.98754051E-02  4.75894398E-04
5.37656307E-01  2.99725644E-02  4.72727494E-04
5.37954922E-01  2.99994778E-02  4.78539092E-04
5.38253537E-01  2.99757905E-02  4.69807652E-04
5.38552152E-01  3.06136068E-02  4.79274604E-04
5.38850767E-01  2.89364643E-02  4.67447360E-04
5.39149382E-01  2.99478024E-02  4.75781708E-04
5.39447997E-01  2.91662961E-02  4.67814883E-04
5.39746612E-01  3.07120904E-02  4.80875344E-04
5.40045227E-01  3.02639045E-02  4.75845183E-04
5.40343842E-01  2.94349324E-02  4.71699139E-04
5.40642457E-01  3.05860173E-02  4.78608126E-04
5.40941072E-01  2.99887098E-02  4.73453489E-04
5.41239687E-01  3.04610059E-02  4.81992436E-04
5.41538302E-01  2.99921557E-02  4.74871020E-04
5.41836917E-01  3.06093208E-02  4.79266251E-04
5.42135532E-01  3.10117118E-02  4.79148963E-04
5.42434147E-01  2.99027972E-02  4.74169938E-04
5.42732762E-01  2.94970386E-02  4.72330634E-04
5.43031377E-01  2.96793543E-02  4.75310953E-04
5.43329992E-01  2.97607407E-02  4.69620340E-04
5.43628607E-01  2.91219465E-02  4.67946986E-04
5.43927222E-01  3.00829839E-02  4.76189743E-04
5.44225837E-01  2.99312640E-02  4.75339009E-04
5.44524452E-01  2.97951326E-02  4.70808242E-04
5.44823067E-01  2.97230743E-02  4.73107852E-04
5.45121682E-01  2.91399974E-02  4.67874750E-04
5.45420297E-01  2.98680775E-02  4.73917404E-04
5.45718912E-01  2.93123052E-02  4.68233338E-04
5.46017527E-01  2.98470147E-02  4.73523571E-04
5.46316142E-01  2.98425537E-02  4.72798769E-04
5.46614757E-01  3.11508272E-02  4.86138597E-04
5.46913372E-01  2.91740317E-02  4.65668243E-04
5.47211987E-01  2.98176464E-02  4.73415275E-04
5.47510602E-01  2.98296940E-02  4.74324508E-04
5.47809217E-01  3.03236470E-02  4.76490153E-04
5.48107832E-01  2.99938712E-02  4.76333284E-04
5.48406447E-01  2.88098417E-02  4.64674871E-04
5.48705062E-01  2.91329678E-02  4.66142403E-04
5.49003677E-01  2.99999844E-02  4.77092603E-04
5.49302292E-01  3.03219538E-02  4.74301894E-04
5.49600907E-01  2.96193790E-02  4.72897256E-04
5.49899522E-01  2.98071392E-02  4.72890970E-04
5.50198137E-01  3.01638860E-02  4.77111869E-04
5.50496752E-01  2.96812579E-02  4.71666135E-04
5.50795367E-01  2.93065123E-02  4.67544683E-04
5.51093982E-01  2.93041728E-02  4.69122024E-04
5.51392597E-01  3.00968010E-02  4.76707180E-04
5.51691212E-01  2.95918863E-02  4.71079373E-04
5.51989827E-01  3.02451458E-02  4.76021203E-04
5.52288442E-01  2.99460907E-02  4.71489679E-04
5.52587057E-01  2.89830901E-02  4.65535501E-04
5.52885672E-01  2.88543701E-02  4.64728626E-04
5.53184287E-01  3.04072388E-02  4.75113105E-04
5.53482902E-01  2.95129865E-02  4.68755461E-04
5.53781517E-01  2.97320131E-02  4.71521111E-04
5.54080132E-01  2.95098368E-02  4.69416496E-04
5.54378747E-01  3.01847551E-02  4.70890140E-04
5.54677362E-01  2.99121737E-02  4.71014035E-04
5.54975977E-01  2.90925391E-02  4.66092548E-04
5.55274592E-01  2.92741638E-02  4.66080557E-04
5.55573207E-01  2.94598993E-02  4.62461147E-04
5.55871822E-01  2.98676919E-02  4.69093909E-04
5.56170437E-01  2.99149193E-02  4.70707280E-04
5.56469052E-01  2.98611168E-02  4.70852654E-04
5.56767667E-01  2.91806497E-02  4.63009987E-04
5.57066282E-01  2.93531250E-02  4.65044664E-04
5.57364897E-01  2.89598275E-02  4.58640978E-04
5.57663512E-01  2.88784672E-02  4.60833107E-04
5.57962127E-01  2.85627712E-02  4.56785143E-04
5.58260742E-01  2.98224185E-02  4.64334444E-04
5.58559357E-01  2.85080392E-02  4.58972034E-04
5.58857972E-01  3.00327409E-02  4.70411469E-04
5.59156587E-01  2.93389000E-02  4.60561685E-04
5.59455202E-01  2.97681130E-02  4.66667378E-04
5.59753817E-01  2.98071057E-02  4.64772515E-04
5.60052432E-01  2.99248341E-02  4.67233447E-04
5.60351047E-01  2.98865549E-02  4.65615303E-04
5.60649662E-01  2.93831639E-02  4.59842267E-04
5.60948277E-01  2.94503737E-02  4.61233081E-04
5.61246892E-01  2.96486001E-02  4.63655742E-04
5.61545507E-01  2.85964943E-02  4.54715278E-04
5.61844122E-01  2.89368164E-02  4.54754365E-04
5.62142737E-01  2.95953192E-02  4.63901553E-04
5.62441352E-01  2.91105658E-02  4.56864742E-04
5.62739967E-01  2.95797661E-02  4.59999079E-04
5.63038582E-01  3.03355157E-02  4.67253529E-04
5.63337197E-01  2.95737740E-02  4.59850300E-04
5.63635812E-01  2.94968393E-02  4.62812983E-04
5.63934427E-01  2.91998573E-02  4.56303445E-04
5.64233042E-01  2.93495003E-02  4.56418202E-04
5.64531657E-01  2.93642450E-02  4.58760333E-04
5.64830272E-01  2.88878959E-02  4.54603462E-04
5.65128887E-01  2.94286963E-02  4.59375005E-04
5.65427502E-01  3.00480351E-02  4.61295858E-04
5.65726117E-01  2.89377626E-02  4.54264635E-04
5.66024732E-01  3.00234314E-02  4.62282071E-04
5.66323347E-01  2.98368726E-02  4.61272401E-04
5.66621962E-01  3.00081149E-02  4.58580296E-04
5.66920577E-01  2.96460036E-02  4.59586532E-04
5.67219192E-01  2.93137226E-02  4.57747607E-04
5.67517807E-01  2.95367818E-02  4.59275121E-04
5.67816422E-01  2.99234465E-02  4.56593814E-04
5.68115037E-01  2.88592000E-02  4.51476459E-04
5.68413652E-01  2.96478868E-02  4.58131777E-04
5.68712267E-01  2.96977405E-02  4.58519091E-04
5.69010882E-01  2.82889828E-02  4.46285063E-04
5.69309497E-01  2.84973159E-02  4.48235020E-04
5.69608112E-01  2.86457762E-02  4.50124964E-04
5.69906727E-01  2.93894988E-02  4.54682187E-04
5.70205342E-01  2.96106935E-02  4.54528257E-04
5.70503957E-01  2.87551004E-02  4.51508473E-04
5.70802572E-01  2.93441638E-02  4.54961933E-04
5.71101187E-01  2.86493357E-02  4.50681895E-04
5.71399802E-01  2.89590638E-02  4.50837368E-04
5.71698417E-01  2.95871384E-02  4.56430804E-04
5.71997032E-01  2.91852914E-02  4.55409085E-04
5.72295647E-01  2.99479552E-02  4.60792304E-04
5.72594262E-01  2.96600312E-02  4.56686656E-04
5.72892877E-01  2.90385187E-02  4.48715553E-04
5.73191492E-01  2.92922873E-02  4.55308298E-04
5.73490107E-01  2.95130778E-02  4.58076625E-04
5.73788722E-01  2.88164802E-02  4.50257503E-04
5.74087337E-01  3.00012883E-02  4.60686802E-04
5.74385952E-01  2.85825543E-02  4.50804277E-04
5.74684567E-01  2.91286651E-02  4.54359571E-04
5.74983182E-01  2.91388445E-02  4.52159176E-04
5.75281797E-01  2.92948019E-02  4.52136272E-04
5.75580412E-01  2.94175725E-02  4.57034912E-04
5.75879027E-01  2.96243820E-02  4.57168557E-04
5.76177642E-01  2.98473425E-02  4.59625240E-04
5.76476257E-01  2.98560373E-02  4.57701535E-04
5.76774872E-01  2.92016268E-02  4.54944529E-04
5.77073487E-01  2.93598697E-02  4.55863425E-04
5.77372102E-01  2.85509638E-02  4.50474152E-04
5.77670717E-01  2.75501572E-02  4.39580443E-04
5.77969332E-01  2.95336023E-02  4.56693058E-04
5.78267947E-01  2.90597379E-02  4.54058405E-04
5.78566562E-01  2.98096333E-02  4.58826980E-04
5.78865177E-01  2.83623822E-02  4.45616810E-04
5.79163792E-01  2.88593974E-02  4.51977568E-04
5.79462407E-01  2.99090091E-02  4.59703588E-04
5.79761022E-01  2.90689673E-02  4.54980851E-04
5.80059637E-01  2.88450439E-02  4.48790437E-04
5.80358252E-01  2.95336694E-02  4.57131537E-04
5.80656867E-01  2.86110565E-02  4.50973428E-04
5.80955482E-01  2.91586965E-02  4.55271307E-04


### HEADER:
#
#{
#    "analysis": {},
#    "calibration_params": {
#        "Beam_Center_X": 1061.0,
#        "Beam_Center_Y": 2093.0,
#        "Detector Tilt": 0.0,
#        "Detector Tilt Plane Rotation": 0.0,
#        "Detector_X_Pixel_Size": 75.0,
#        "Detector_Y_Pixel_Size": 75.0,
#        "Integration Method": "nosplit_csr",
#        "Radial_Average_Method": "pyFAI",
#        "Sample-to-detector distance (mm)": 1782.0,
#        "Wavelength (A)": 0.8823505857220345
#    },
#    "config_file": "/Users/jwinnikoff/Documents/MBARI/SAXS/HPSAXS_7A_Feb2023/HPSAXS_02_19_23.cfg",
#    "counters": {
#        "Epoch": "581.092",
#        "I1": "0",
#        "I2": "0",
#        "I3": "0",
#        "Seconds": "1",
#        "Time": "3.60012e-05",
#        "date": "Mon Feb 20 16:40:00 2023",
#        "diode": "50873"
#    },
#    "filename": "JWL0311_04-90C_000MPa_rh_30_data_000001_00001.h5",
#    "history": {},
#    "imageHeader": {},
#    "load_path": "/Users/jwinnikoff/Documents/MBARI/SAXS/HPSAXS_7A_Feb2023/JWL0311_BL21_pET28/JWL0311_04-90C_000MPa_rh_30_data_000001.h5",
#    "normalizations": {
#        "Absolute_scale": {
#            "Absolute_scale_factor": 0.005174693841759343,
#            "Method": "Water"
#        },
#        "Counter_norms": [
#            [
#                "/",
#                "diode/150000"
#            ]
#        ],
#        "Polarization": {
#            "Used": false
#        },
#        "Solid_Angle_Correction": "On"
#    },
#    "raw_version": "2.1.4"
#}

