### DATA:
#
# 1908
#      Q             I(Q)           Error     
1.14966775E-02  0.00000000E+00  0.00000000E+00
1.17952925E-02  3.67933601E-01  2.46940851E-02
1.20939075E-02  3.41415912E-01  1.68203544E-02
1.23925225E-02  3.31471831E-01  1.35322809E-02
1.26911375E-02  2.98324704E-01  1.20590618E-02
1.29897525E-02  2.96483278E-01  1.16830776E-02
1.32883675E-02  2.83451110E-01  1.09752705E-02
1.35869825E-02  2.69032031E-01  1.01830130E-02
1.38855975E-02  2.35412925E-01  8.92330427E-03
1.41842125E-02  2.60593653E-01  9.58609208E-03
1.44828275E-02  2.36864641E-01  9.04353429E-03
1.47814425E-02  2.23906413E-01  8.53015482E-03
1.50800575E-02  2.06718341E-01  7.89254252E-03
1.53786725E-02  1.87923595E-01  7.08767306E-03
1.56772875E-02  2.07849711E-01  7.51482183E-03
1.59759025E-02  1.78995326E-01  6.50999742E-03
1.62745175E-02  1.70340255E-01  6.26183208E-03
1.65731325E-02  1.65262982E-01  6.25529606E-03
1.68717475E-02  1.56551167E-01  5.59111265E-03
1.71703625E-02  1.64631695E-01  6.03163894E-03
1.74689775E-02  1.59709871E-01  5.48445946E-03
1.77675925E-02  1.58633709E-01  5.37509797E-03
1.80662075E-02  1.45216972E-01  5.35276858E-03
1.83648225E-02  1.37529686E-01  4.68156487E-03
1.86634375E-02  1.34334087E-01  4.84106457E-03
1.89620525E-02  1.35997221E-01  4.58968384E-03
1.92606675E-02  1.31155327E-01  4.57178708E-03
1.95592825E-02  1.31452218E-01  4.62161377E-03
1.98578975E-02  1.26043752E-01  4.18983633E-03
2.01565125E-02  1.14970818E-01  4.14326042E-03
2.04551275E-02  1.13122225E-01  3.85743589E-03
2.07537425E-02  1.19280614E-01  3.86997429E-03
2.10523575E-02  1.10752851E-01  3.52173578E-03
2.13509725E-02  1.04967020E-01  3.21797049E-03
2.16495875E-02  1.07484177E-01  3.24667827E-03
2.19482025E-02  1.07687324E-01  3.00995214E-03
2.22468175E-02  1.13346100E-01  3.23055801E-03
2.25454325E-02  1.13847829E-01  2.96938210E-03
2.28440475E-02  1.08541958E-01  2.96957581E-03
2.31426625E-02  1.04286149E-01  2.80932523E-03
2.34412775E-02  1.03288949E-01  2.68759369E-03
2.37398925E-02  1.04038216E-01  2.79960060E-03
2.40385075E-02  9.69800279E-02  2.54069478E-03
2.43371225E-02  9.61147696E-02  2.52933591E-03
2.46357375E-02  9.10155252E-02  2.52820901E-03
2.49343525E-02  9.57598537E-02  2.46594171E-03
2.52329675E-02  9.09112990E-02  2.52142572E-03
2.55315825E-02  9.10947099E-02  2.36470089E-03
2.58301975E-02  8.30554366E-02  2.27059680E-03
2.61288125E-02  8.63166153E-02  2.39215279E-03
2.64274275E-02  8.47883672E-02  2.22053449E-03
2.67260425E-02  8.33852515E-02  2.31894245E-03
2.70246575E-02  8.17946121E-02  2.15100078E-03
2.73232725E-02  7.70233497E-02  2.15455214E-03
2.76218875E-02  7.91449770E-02  2.21650279E-03
2.79205025E-02  7.65967295E-02  2.09952588E-03
2.82191175E-02  7.44682774E-02  2.06299941E-03
2.85177325E-02  7.48036057E-02  2.03288672E-03
2.88163475E-02  7.34659731E-02  2.07793154E-03
2.91149625E-02  7.09519461E-02  1.98316714E-03
2.94135775E-02  6.89497590E-02  1.93249574E-03
2.97121925E-02  7.53811821E-02  2.03732937E-03
3.00108075E-02  6.91267848E-02  1.88628957E-03
3.03094225E-02  6.96668401E-02  1.97840552E-03
3.06080375E-02  6.82426840E-02  1.89489929E-03
3.09066525E-02  6.72678724E-02  1.85500376E-03
3.12052675E-02  6.67850450E-02  1.90503628E-03
3.15038825E-02  6.73909932E-02  1.83143921E-03
3.18024975E-02  6.72196746E-02  1.85720890E-03
3.21011125E-02  6.70647398E-02  1.79494650E-03
3.23997275E-02  6.21526167E-02  1.68225984E-03
3.26983425E-02  6.40276447E-02  1.72169600E-03
3.29969575E-02  6.52215704E-02  1.64186629E-03
3.32955725E-02  6.60069138E-02  1.65172212E-03
3.35941875E-02  6.51312098E-02  1.56455149E-03
3.38928025E-02  6.78899810E-02  1.64464011E-03
3.41914175E-02  6.49839342E-02  1.56101363E-03
3.44900325E-02  6.50385395E-02  1.55117700E-03
3.47886474E-02  6.15099482E-02  1.48227508E-03
3.50872624E-02  6.08634688E-02  1.44667202E-03
3.53858774E-02  6.17596731E-02  1.50320691E-03
3.56844924E-02  6.35905787E-02  1.46660733E-03
3.59831074E-02  6.32236823E-02  1.43764471E-03
3.62817224E-02  6.47181571E-02  1.49023684E-03
3.65803374E-02  6.16855882E-02  1.41034776E-03
3.68789524E-02  6.29887879E-02  1.47324556E-03
3.71775674E-02  6.37646094E-02  1.44807401E-03
3.74761824E-02  6.27451986E-02  1.39814045E-03
3.77747974E-02  6.33720011E-02  1.41175685E-03
3.80734124E-02  6.28540963E-02  1.38383405E-03
3.83720274E-02  6.34370819E-02  1.43583096E-03
3.86706424E-02  6.19027577E-02  1.35115068E-03
3.89692574E-02  6.25756532E-02  1.39888446E-03
3.92678724E-02  6.45507574E-02  1.43163605E-03
3.95664874E-02  6.33479729E-02  1.36683334E-03
3.98651024E-02  6.69766963E-02  1.40668859E-03
4.01637174E-02  6.70116395E-02  1.38381741E-03
4.04623324E-02  6.40914515E-02  1.40126166E-03
4.07609474E-02  6.82086498E-02  1.39492110E-03
4.10595624E-02  6.61488548E-02  1.40172301E-03
4.13581774E-02  6.71561882E-02  1.38650695E-03
4.16567924E-02  6.90736026E-02  1.37789419E-03
4.19554074E-02  6.78967983E-02  1.40509557E-03
4.22540224E-02  7.03910664E-02  1.41950941E-03
4.25526374E-02  7.07545951E-02  1.40390522E-03
4.28512524E-02  7.24394545E-02  1.42532191E-03
4.31498674E-02  7.34480023E-02  1.41850743E-03
4.34484824E-02  7.53569081E-02  1.48157915E-03
4.37470974E-02  7.59862661E-02  1.42410293E-03
4.40457124E-02  7.70780072E-02  1.44127710E-03
4.43443274E-02  8.28164071E-02  1.52271031E-03
4.46429424E-02  8.49877894E-02  1.50852697E-03
4.49415574E-02  8.34430829E-02  1.54286309E-03
4.52401724E-02  8.85798559E-02  1.51935546E-03
4.55387874E-02  9.26936120E-02  1.57926558E-03
4.58374024E-02  9.71332937E-02  1.61664444E-03
4.61360174E-02  9.99963582E-02  1.61684526E-03
4.64346324E-02  1.05778381E-01  1.69533177E-03
4.67332474E-02  1.09494269E-01  1.67093810E-03
4.70318624E-02  1.17968976E-01  1.78597425E-03
4.73304774E-02  1.20861016E-01  1.79750030E-03
4.76290924E-02  1.30393907E-01  1.82767259E-03
4.79277074E-02  1.46287024E-01  1.92399672E-03
4.82263224E-02  1.55412361E-01  1.96961360E-03
4.85249374E-02  1.75399795E-01  2.15673586E-03
4.88235524E-02  1.87543690E-01  2.17515975E-03
4.91221674E-02  2.12554932E-01  2.30169413E-03
4.94207824E-02  2.27921411E-01  2.40893499E-03
4.97193974E-02  2.47957930E-01  2.46751797E-03
5.00180124E-02  2.72199303E-01  2.65715248E-03
5.03166274E-02  2.89997041E-01  2.66456325E-03
5.06152424E-02  3.07704598E-01  2.75285449E-03
5.09138574E-02  3.19083571E-01  2.83722323E-03
5.12124724E-02  3.32859337E-01  2.82155117E-03
5.15110874E-02  3.46683711E-01  2.93074502E-03
5.18097024E-02  3.52714360E-01  2.91290623E-03
5.21083174E-02  3.60616863E-01  2.94109294E-03
5.24069324E-02  3.61644268E-01  2.94741453E-03
5.27055474E-02  3.66662860E-01  2.94862827E-03
5.30041624E-02  3.67258251E-01  3.00748600E-03
5.33027774E-02  3.73135269E-01  2.96185748E-03
5.36013924E-02  3.75230610E-01  2.98716011E-03
5.39000074E-02  3.82740885E-01  2.96627078E-03
5.41986224E-02  3.89379919E-01  3.05173174E-03
5.44972374E-02  3.95538032E-01  3.03658703E-03
5.47958524E-02  4.07110214E-01  3.05925007E-03
5.50944674E-02  4.07379925E-01  3.10805044E-03
5.53930824E-02  4.12697583E-01  3.05903400E-03
5.56916974E-02  4.16147798E-01  3.05512385E-03
5.59903124E-02  4.26509559E-01  3.15768435E-03
5.62889274E-02  4.27305728E-01  3.09163309E-03
5.65875424E-02  4.25342202E-01  3.14010447E-03
5.68861574E-02  4.26546067E-01  3.08888662E-03
5.71847724E-02  4.28812236E-01  3.07639386E-03
5.74833874E-02  4.29104328E-01  3.11075873E-03
5.77820024E-02  4.24350321E-01  3.05628288E-03
5.80806174E-02  4.32526410E-01  3.16210091E-03
5.83792324E-02  4.32696223E-01  3.04995594E-03
5.86778474E-02  4.23144758E-01  3.06417537E-03
5.89764624E-02  4.25604522E-01  3.10651958E-03
5.92750774E-02  4.16677266E-01  2.94930418E-03
5.95736924E-02  4.12495315E-01  3.02537577E-03
5.98723074E-02  4.20254469E-01  2.99032079E-03
6.01709224E-02  4.20367211E-01  2.98689166E-03
6.04695374E-02  4.14448410E-01  3.01243807E-03
6.07681524E-02  4.08958107E-01  2.96128844E-03
6.10667674E-02  4.09941852E-01  2.98031163E-03
6.13653824E-02  4.05941188E-01  2.89832312E-03
6.16639974E-02  3.95983934E-01  2.89897854E-03
6.19626124E-02  3.87042999E-01  2.86974199E-03
6.22612274E-02  3.77157331E-01  2.77983630E-03
6.25598424E-02  3.75075370E-01  2.83231074E-03
6.28584574E-02  3.73330534E-01  2.77947774E-03
6.31570724E-02  3.77381563E-01  2.81926524E-03
6.34556874E-02  3.86561990E-01  2.77678506E-03
6.37543024E-02  3.89329821E-01  2.82434677E-03
6.40529174E-02  3.81553054E-01  2.83480901E-03
6.43515324E-02  3.67843390E-01  2.73016421E-03
6.46501474E-02  3.45042378E-01  2.70092394E-03
6.49487624E-02  3.28392714E-01  2.53806543E-03
6.52473774E-02  3.19244921E-01  2.52345856E-03
6.55459924E-02  3.05191249E-01  2.49445508E-03
6.58446074E-02  3.03926647E-01  2.46217591E-03
6.61432224E-02  2.95303643E-01  2.45371764E-03
6.64418374E-02  2.86924064E-01  2.35850131E-03
6.67404524E-02  2.80393988E-01  2.36209738E-03
6.70390674E-02  2.79637426E-01  2.37031933E-03
6.73376824E-02  2.76738644E-01  2.29621073E-03
6.76362974E-02  2.73609996E-01  2.33897427E-03
6.79349124E-02  2.68309683E-01  2.26488197E-03
6.82335274E-02  2.56120324E-01  2.22831313E-03
6.85321424E-02  2.47148439E-01  2.21499731E-03
6.88307574E-02  2.35800371E-01  2.12080195E-03
6.91293724E-02  2.33458102E-01  2.14253878E-03
6.94279874E-02  2.29458869E-01  2.07309448E-03
6.97266024E-02  2.28495389E-01  2.10471940E-03
7.00252174E-02  2.22124964E-01  2.05838983E-03
7.03238324E-02  2.18584657E-01  2.02566944E-03
7.06224474E-02  2.18852982E-01  2.05743057E-03
7.09210624E-02  2.18052417E-01  2.02780240E-03
7.12196774E-02  2.15769619E-01  2.01258715E-03
7.15182924E-02  2.19062120E-01  1.98345794E-03
7.18169074E-02  2.13916227E-01  2.01306725E-03
7.21155224E-02  2.12666601E-01  2.00033351E-03
7.24141374E-02  2.11098611E-01  1.98173174E-03
7.27127524E-02  2.13719323E-01  1.98510429E-03
7.30113674E-02  2.13873833E-01  1.97053887E-03
7.33099824E-02  2.16554657E-01  1.99380075E-03
7.36085974E-02  2.12699831E-01  1.98257435E-03
7.39072124E-02  2.14262009E-01  1.95317040E-03
7.42058274E-02  2.17551231E-01  2.00954499E-03
7.45044424E-02  2.15437338E-01  1.96486455E-03
7.48030574E-02  2.13948131E-01  1.97088881E-03
7.51016724E-02  2.15690941E-01  1.97673729E-03
7.54002874E-02  2.17228517E-01  1.95202942E-03
7.56989024E-02  2.17271507E-01  1.98614132E-03
7.59975174E-02  2.15492517E-01  1.94627710E-03
7.62961324E-02  2.14201376E-01  1.94664183E-03
7.65947474E-02  2.16407180E-01  1.95040589E-03
7.68933624E-02  2.14542150E-01  1.94404717E-03
7.71919774E-02  2.14899749E-01  1.96668017E-03
7.74905924E-02  2.18454674E-01  1.93915900E-03
7.77892074E-02  2.16557547E-01  1.94286485E-03
7.80878224E-02  2.20585808E-01  1.94456312E-03
7.83864374E-02  2.16537327E-01  1.92365563E-03
7.86850524E-02  2.17560634E-01  1.95976719E-03
7.89836674E-02  2.17888147E-01  1.93664967E-03
7.92822824E-02  2.19271645E-01  1.92684866E-03
7.95808974E-02  2.20084995E-01  1.91291492E-03
7.98795124E-02  2.20284432E-01  1.95133092E-03
8.01781274E-02  2.22158998E-01  1.97617197E-03
8.04767424E-02  2.20538437E-01  1.91874150E-03
8.07753574E-02  2.24117875E-01  1.95402931E-03
8.10739724E-02  2.23944247E-01  1.93155895E-03
8.13725874E-02  2.26752937E-01  1.93586852E-03
8.16712024E-02  2.21917257E-01  1.94641796E-03
8.19698174E-02  2.24621460E-01  1.90782396E-03
8.22684324E-02  2.20838591E-01  1.93176279E-03
8.25670474E-02  2.27441102E-01  1.93687936E-03
8.28656624E-02  2.29182526E-01  1.95796695E-03
8.31642774E-02  2.27684394E-01  1.92455936E-03
8.34628924E-02  2.30137378E-01  1.93680183E-03
8.37615074E-02  2.30632991E-01  1.96813350E-03
8.40601224E-02  2.30241209E-01  1.92591257E-03
8.43587374E-02  2.31266275E-01  1.93774363E-03
8.46573524E-02  2.35406697E-01  1.94550992E-03
8.49559674E-02  2.34034777E-01  1.95314013E-03
8.52545824E-02  2.33502820E-01  1.95476855E-03
8.55531974E-02  2.37494335E-01  1.93913316E-03
8.58518124E-02  2.38250285E-01  1.95156049E-03
8.61504274E-02  2.38357276E-01  1.93161797E-03
8.64490424E-02  2.39277452E-01  1.96718099E-03
8.67476574E-02  2.45226666E-01  1.98761304E-03
8.70462724E-02  2.41834387E-01  1.94108346E-03
8.73448874E-02  2.46048898E-01  1.97281525E-03
8.76435024E-02  2.47093007E-01  1.95748336E-03
8.79421174E-02  2.49604613E-01  1.99946202E-03
8.82407324E-02  2.46705070E-01  1.98017806E-03
8.85393474E-02  2.48475000E-01  1.95929199E-03
8.88379624E-02  2.47468844E-01  1.97006622E-03
8.91365774E-02  2.48447284E-01  1.94832147E-03
8.94351924E-02  2.54678458E-01  1.98731152E-03
8.97338074E-02  2.57893831E-01  1.98868802E-03
9.00324224E-02  2.56760478E-01  1.97883113E-03
9.03310374E-02  2.57489562E-01  2.00388557E-03
9.06296524E-02  2.61937380E-01  1.99684734E-03
9.09282674E-02  2.59451896E-01  1.98553014E-03
9.12268824E-02  2.65514076E-01  2.00492213E-03
9.15254974E-02  2.64099747E-01  1.99231203E-03
9.18241124E-02  2.62332410E-01  2.01508217E-03
9.21227274E-02  2.67871559E-01  2.01749639E-03
9.24213424E-02  2.68091887E-01  1.98407029E-03
9.27199574E-02  2.68816382E-01  2.00458569E-03
9.30185724E-02  2.70930082E-01  2.01609218E-03
9.33171874E-02  2.74444252E-01  2.04963307E-03
9.36158024E-02  2.74497747E-01  1.97977992E-03
9.39144174E-02  2.78847396E-01  2.04719650E-03
9.42130324E-02  2.82998353E-01  2.05125124E-03
9.45116474E-02  2.83857793E-01  2.04521441E-03
9.48102624E-02  2.79668838E-01  2.03915243E-03
9.51088774E-02  2.84657300E-01  2.01783143E-03
9.54074924E-02  2.88594872E-01  2.05855817E-03
9.57061074E-02  2.91232497E-01  2.06247251E-03
9.60047224E-02  2.93722421E-01  2.07309937E-03
9.63033374E-02  2.95362264E-01  2.05898611E-03
9.66019524E-02  3.01770598E-01  2.09210091E-03
9.69005674E-02  3.01407248E-01  2.08537653E-03
9.71991824E-02  3.03516477E-01  2.08721962E-03
9.74977974E-02  3.07801038E-01  2.09466019E-03
9.77964124E-02  3.08629304E-01  2.09030136E-03
9.80950274E-02  3.11225861E-01  2.11356697E-03
9.83936424E-02  3.17687809E-01  2.13632290E-03
9.86922574E-02  3.20136011E-01  2.14268453E-03
9.89908724E-02  3.18329036E-01  2.11389526E-03
9.92894874E-02  3.24645400E-01  2.12846766E-03
9.95881024E-02  3.27213824E-01  2.15416821E-03
9.98867174E-02  3.28912199E-01  2.16718158E-03
1.00185332E-01  3.32264662E-01  2.12924555E-03
1.00483947E-01  3.35175216E-01  2.17280071E-03
1.00782562E-01  3.37109864E-01  2.15270557E-03
1.01081177E-01  3.44305992E-01  2.19753874E-03
1.01379792E-01  3.44099015E-01  2.18856358E-03
1.01678407E-01  3.52441400E-01  2.19114893E-03
1.01977022E-01  3.52354765E-01  2.21466646E-03
1.02275637E-01  3.55932802E-01  2.22588470E-03
1.02574252E-01  3.57400894E-01  2.22116709E-03
1.02872867E-01  3.61394167E-01  2.20975233E-03
1.03171482E-01  3.66607249E-01  2.22382345E-03
1.03470097E-01  3.72298211E-01  2.24467530E-03
1.03768712E-01  3.72933358E-01  2.26704055E-03
1.04067327E-01  3.78467917E-01  2.24314933E-03
1.04365942E-01  3.75261575E-01  2.25913664E-03
1.04664557E-01  3.79494965E-01  2.26998446E-03
1.04963172E-01  3.80900323E-01  2.25760578E-03
1.05261787E-01  3.88805270E-01  2.28645699E-03
1.05560402E-01  3.89283419E-01  2.26411782E-03
1.05859017E-01  3.94072443E-01  2.30751792E-03
1.06157632E-01  3.97136748E-01  2.30151718E-03
1.06456247E-01  3.97524297E-01  2.30264198E-03
1.06754862E-01  4.00815815E-01  2.28475034E-03
1.07053477E-01  4.07474816E-01  2.31826841E-03
1.07352092E-01  4.08187807E-01  2.32029799E-03
1.07650707E-01  4.09063667E-01  2.32463819E-03
1.07949322E-01  4.12887365E-01  2.33176700E-03
1.08247937E-01  4.19701189E-01  2.34906562E-03
1.08546552E-01  4.25111115E-01  2.37358944E-03
1.08845167E-01  4.19894189E-01  2.32035317E-03
1.09143782E-01  4.23410267E-01  2.35756068E-03
1.09442397E-01  4.30014312E-01  2.34633940E-03
1.09741012E-01  4.29596394E-01  2.35247891E-03
1.10039627E-01  4.34193254E-01  2.38362723E-03
1.10338242E-01  4.34180945E-01  2.36868649E-03
1.10636857E-01  4.42553371E-01  2.36214139E-03
1.10935472E-01  4.41114277E-01  2.35650875E-03
1.11234087E-01  4.43737894E-01  2.38534296E-03
1.11532702E-01  4.49429244E-01  2.39873910E-03
1.11831317E-01  4.46206629E-01  2.37731030E-03
1.12129932E-01  4.48706716E-01  2.38852948E-03
1.12428547E-01  4.54995662E-01  2.40429025E-03
1.12727162E-01  4.57492679E-01  2.40078405E-03
1.13025777E-01  4.56892997E-01  2.39648251E-03
1.13324392E-01  4.65876490E-01  2.41626916E-03
1.13623007E-01  4.65242863E-01  2.42012180E-03
1.13921622E-01  4.65005755E-01  2.42134673E-03
1.14220237E-01  4.63124841E-01  2.39290670E-03
1.14518852E-01  4.70746458E-01  2.39296956E-03
1.14817467E-01  4.73111331E-01  2.43313261E-03
1.15116082E-01  4.70962375E-01  2.42577284E-03
1.15414697E-01  4.70779270E-01  2.41441140E-03
1.15713312E-01  4.71165866E-01  2.39229063E-03
1.16011927E-01  4.75671917E-01  2.41255877E-03
1.16310542E-01  4.78034019E-01  2.44025164E-03
1.16609157E-01  4.78206158E-01  2.41364399E-03
1.16907772E-01  4.76862311E-01  2.41915649E-03
1.17206387E-01  4.80522990E-01  2.41860026E-03
1.17505002E-01  4.81261164E-01  2.40549422E-03
1.17803617E-01  4.77437049E-01  2.42241519E-03
1.18102232E-01  4.85376358E-01  2.41927314E-03
1.18400847E-01  4.89949942E-01  2.43419013E-03
1.18699462E-01  4.83047873E-01  2.41171475E-03
1.18998077E-01  4.84284163E-01  2.39232183E-03
1.19296692E-01  4.83276635E-01  2.43539247E-03
1.19595307E-01  4.86930281E-01  2.40056543E-03
1.19893922E-01  4.85302657E-01  2.39143707E-03
1.20192537E-01  4.91135478E-01  2.43360130E-03
1.20491152E-01  4.86181736E-01  2.38683121E-03
1.20789767E-01  4.87464577E-01  2.41224538E-03
1.21088382E-01  4.85066026E-01  2.40284856E-03
1.21386997E-01  4.85634118E-01  2.38549407E-03
1.21685612E-01  4.85808432E-01  2.40815175E-03
1.21984227E-01  4.83259410E-01  2.38641514E-03
1.22282842E-01  4.87002879E-01  2.37879576E-03
1.22581457E-01  4.89416867E-01  2.36814911E-03
1.22880072E-01  4.85333174E-01  2.40008230E-03
1.23178687E-01  4.85007554E-01  2.37725955E-03
1.23477302E-01  4.83930647E-01  2.38132454E-03
1.23775917E-01  4.83939469E-01  2.35324469E-03
1.24074532E-01  4.87210274E-01  2.38433573E-03
1.24373147E-01  4.82632250E-01  2.36977660E-03
1.24671762E-01  4.76399928E-01  2.34132120E-03
1.24970377E-01  4.85740304E-01  2.35762936E-03
1.25268992E-01  4.80775237E-01  2.34232075E-03
1.25567607E-01  4.77035850E-01  2.32203654E-03
1.25866222E-01  4.77718383E-01  2.36101099E-03
1.26164837E-01  4.75517631E-01  2.32948572E-03
1.26463452E-01  4.74993199E-01  2.31706747E-03
1.26762067E-01  4.81008619E-01  2.34129140E-03
1.27060682E-01  4.78549451E-01  2.32890761E-03
1.27359297E-01  4.72817093E-01  2.34970823E-03
1.27657912E-01  4.77723330E-01  2.30649696E-03
1.27956527E-01  4.75944251E-01  2.31231679E-03
1.28255142E-01  4.71566498E-01  2.31821090E-03
1.28553757E-01  4.73527908E-01  2.28259899E-03
1.28852372E-01  4.69133347E-01  2.28108536E-03
1.29150987E-01  4.67570543E-01  2.27728533E-03
1.29449602E-01  4.65703100E-01  2.28654244E-03
1.29748217E-01  4.60365564E-01  2.27186643E-03
1.30046832E-01  4.58763391E-01  2.24973238E-03
1.30345447E-01  4.60110605E-01  2.24706344E-03
1.30644062E-01  4.51629281E-01  2.22331844E-03
1.30942677E-01  4.50955033E-01  2.23796954E-03
1.31241292E-01  4.48374957E-01  2.22412474E-03
1.31539907E-01  4.48096097E-01  2.21169461E-03
1.31838522E-01  4.41787392E-01  2.20626360E-03
1.32137137E-01  4.40143108E-01  2.22217990E-03
1.32435752E-01  4.37998205E-01  2.24581989E-03
1.32734367E-01  4.34202164E-01  2.23296997E-03
1.33032982E-01  4.35874850E-01  2.26087845E-03
1.33331597E-01  4.31595445E-01  2.24975520E-03
1.33630212E-01  4.24539328E-01  2.24082009E-03
1.33928827E-01  4.21215117E-01  2.26623565E-03
1.34227442E-01  4.22455162E-01  2.21487531E-03
1.34526057E-01  4.16578203E-01  2.24385504E-03
1.34824672E-01  4.16118443E-01  2.25914572E-03
1.35123287E-01  4.14707214E-01  2.24208646E-03
1.35421902E-01  4.10700887E-01  2.25106650E-03
1.35720517E-01  4.08375502E-01  2.22166418E-03
1.36019132E-01  4.05734867E-01  2.25425651E-03
1.36317747E-01  4.00992543E-01  2.21936102E-03
1.36616362E-01  4.01769519E-01  2.21495959E-03
1.36914977E-01  4.00345087E-01  2.23586708E-03
1.37213592E-01  3.95618826E-01  2.22598761E-03
1.37512207E-01  3.92059058E-01  2.23803660E-03
1.37810822E-01  3.90660912E-01  2.21200101E-03
1.38109437E-01  3.84925485E-01  2.19570613E-03
1.38408052E-01  3.80637139E-01  2.19173613E-03
1.38706667E-01  3.78098905E-01  2.18942342E-03
1.39005282E-01  3.79478455E-01  2.21727742E-03
1.39303897E-01  3.75072867E-01  2.16091494E-03
1.39602512E-01  3.71217668E-01  2.19130516E-03
1.39901127E-01  3.70889246E-01  2.18692911E-03
1.40199742E-01  3.67244095E-01  2.16607586E-03
1.40498357E-01  3.64269286E-01  2.18008109E-03
1.40796972E-01  3.62124562E-01  2.14515370E-03
1.41095587E-01  3.64204407E-01  2.18246947E-03
1.41394202E-01  3.62714946E-01  2.16439227E-03
1.41692817E-01  3.58164012E-01  2.16430100E-03
1.41991432E-01  3.58766526E-01  2.16612313E-03
1.42290047E-01  3.54635566E-01  2.13849405E-03
1.42588662E-01  3.51008326E-01  2.15622690E-03
1.42887277E-01  3.50611955E-01  2.14306335E-03
1.43185892E-01  3.49764973E-01  2.13374477E-03
1.43484507E-01  3.50332141E-01  2.15243874E-03
1.43783122E-01  3.45759451E-01  2.12066504E-03
1.44081737E-01  3.44867617E-01  2.12460686E-03
1.44380352E-01  3.42001021E-01  2.09844206E-03
1.44678967E-01  3.42643350E-01  2.07716064E-03
1.44977582E-01  3.39143157E-01  2.10773991E-03
1.45276197E-01  3.43059689E-01  2.08876189E-03
1.45574812E-01  3.36637735E-01  2.09334190E-03
1.45873427E-01  3.37455481E-01  2.04744213E-03
1.46172042E-01  3.33242536E-01  2.04925891E-03
1.46470657E-01  3.36326867E-01  2.08340818E-03
1.46769272E-01  3.33937347E-01  2.05139956E-03
1.47067887E-01  3.34755927E-01  2.04924867E-03
1.47366502E-01  3.29323053E-01  2.02263379E-03
1.47665117E-01  3.30014586E-01  2.02779914E-03
1.47963732E-01  3.26356709E-01  2.03964976E-03
1.48262347E-01  3.26282620E-01  2.01782282E-03
1.48560962E-01  3.21485877E-01  2.00595940E-03
1.48859577E-01  3.24559212E-01  1.98869221E-03
1.49158192E-01  3.22583646E-01  2.02395022E-03
1.49456807E-01  3.22262198E-01  1.99935446E-03
1.49755422E-01  3.18104327E-01  1.98123767E-03
1.50054037E-01  3.17181259E-01  1.99099537E-03
1.50352652E-01  3.16715956E-01  1.96452904E-03
1.50651267E-01  3.18192065E-01  1.99718308E-03
1.50949882E-01  3.15558702E-01  1.95806660E-03
1.51248497E-01  3.14189970E-01  1.96318887E-03
1.51547112E-01  3.10869396E-01  1.98688288E-03
1.51845727E-01  3.11902463E-01  1.93259108E-03
1.52144342E-01  3.10208738E-01  1.97497057E-03
1.52442957E-01  3.08791935E-01  1.91192352E-03
1.52741572E-01  3.13444763E-01  1.95437833E-03
1.53040187E-01  3.06415141E-01  1.95989572E-03
1.53338802E-01  3.03886712E-01  1.91244797E-03
1.53637417E-01  3.02785844E-01  1.93226023E-03
1.53936032E-01  3.01645964E-01  1.90056802E-03
1.54234647E-01  3.02321821E-01  1.90683350E-03
1.54533262E-01  3.03644925E-01  1.94078777E-03
1.54831877E-01  3.00971478E-01  1.90534070E-03
1.55130492E-01  2.97604263E-01  1.89741701E-03
1.55429107E-01  2.96023637E-01  1.88210618E-03
1.55727722E-01  2.98854709E-01  1.90978043E-03
1.56026337E-01  2.92591602E-01  1.87863887E-03
1.56324952E-01  2.95603037E-01  1.88213482E-03
1.56623567E-01  2.93575227E-01  1.89703668E-03
1.56922182E-01  2.89789498E-01  1.85751054E-03
1.57220797E-01  2.92682737E-01  1.89205969E-03
1.57519412E-01  2.90046662E-01  1.86034397E-03
1.57818027E-01  2.89666504E-01  1.85779098E-03
1.58116642E-01  2.85091788E-01  1.86805928E-03
1.58415257E-01  2.89227247E-01  1.85638701E-03
1.58713872E-01  2.89512098E-01  1.87489588E-03
1.59012487E-01  2.85204679E-01  1.83423690E-03
1.59311102E-01  2.85122961E-01  1.86199835E-03
1.59609717E-01  2.81559438E-01  1.85372925E-03
1.59908332E-01  2.80751646E-01  1.80833030E-03
1.60206947E-01  2.78387576E-01  1.81867217E-03
1.60505562E-01  2.80990332E-01  1.82715675E-03
1.60804177E-01  2.76369482E-01  1.81012938E-03
1.61102792E-01  2.76389986E-01  1.81084650E-03
1.61401407E-01  2.78411955E-01  1.81035243E-03
1.61700022E-01  2.74290919E-01  1.79436139E-03
1.61998637E-01  2.73268729E-01  1.79483218E-03
1.62297252E-01  2.75223017E-01  1.80962065E-03
1.62595867E-01  2.71823496E-01  1.79712358E-03
1.62894482E-01  2.74188846E-01  1.78459054E-03
1.63193097E-01  2.69570798E-01  1.79546361E-03
1.63491712E-01  2.69064248E-01  1.76413765E-03
1.63790327E-01  2.67451197E-01  1.78646517E-03
1.64088942E-01  2.68605739E-01  1.76018570E-03
1.64387557E-01  2.60901958E-01  1.74818735E-03
1.64686172E-01  2.64945358E-01  1.78257842E-03
1.64984787E-01  2.64614910E-01  1.74950331E-03
1.65283402E-01  2.63902992E-01  1.75822061E-03
1.65582017E-01  2.60507494E-01  1.73225708E-03
1.65880632E-01  2.60920227E-01  1.74090022E-03
1.66179247E-01  2.57459551E-01  1.74341619E-03
1.66477862E-01  2.59803534E-01  1.72692700E-03
1.66776477E-01  2.53760189E-01  1.72168459E-03
1.67075092E-01  2.56538659E-01  1.73475593E-03
1.67373707E-01  2.55231619E-01  1.72485295E-03
1.67672322E-01  2.56608546E-01  1.72828778E-03
1.67970937E-01  2.55150557E-01  1.70727517E-03
1.68269552E-01  2.54730999E-01  1.71954685E-03
1.68568167E-01  2.54523009E-01  1.70166732E-03
1.68866782E-01  2.51167148E-01  1.71530095E-03
1.69165397E-01  2.50532061E-01  1.69997825E-03
1.69464012E-01  2.46558324E-01  1.67598831E-03
1.69762627E-01  2.45836645E-01  1.68456358E-03
1.70061242E-01  2.46797979E-01  1.68201420E-03
1.70359857E-01  2.43572503E-01  1.69037550E-03
1.70658472E-01  2.42718250E-01  1.65721425E-03
1.70957087E-01  2.43185908E-01  1.66507112E-03
1.71255702E-01  2.41622671E-01  1.68004306E-03
1.71554317E-01  2.42891848E-01  1.64662034E-03
1.71852932E-01  2.37818629E-01  1.65000709E-03
1.72151547E-01  2.37326294E-01  1.64264231E-03
1.72450162E-01  2.37957060E-01  1.64878636E-03
1.72748777E-01  2.37113044E-01  1.64984388E-03
1.73047392E-01  2.37479851E-01  1.64374453E-03
1.73346007E-01  2.34644488E-01  1.63671386E-03
1.73644622E-01  2.32439846E-01  1.62121747E-03
1.73943237E-01  2.34047487E-01  1.62737153E-03
1.74241852E-01  2.31779501E-01  1.62950461E-03
1.74540467E-01  2.28328720E-01  1.59705582E-03
1.74839082E-01  2.28495598E-01  1.61736645E-03
1.75137697E-01  2.28870511E-01  1.60327880E-03
1.75436312E-01  2.26039782E-01  1.60368381E-03
1.75734927E-01  2.26411983E-01  1.58555072E-03
1.76033542E-01  2.23819241E-01  1.58121856E-03
1.76332157E-01  2.23816007E-01  1.60516868E-03
1.76630772E-01  2.20676884E-01  1.56587211E-03
1.76929387E-01  2.23273858E-01  1.59934850E-03
1.77228002E-01  2.20638216E-01  1.55948510E-03
1.77526617E-01  2.18240693E-01  1.56245346E-03
1.77825232E-01  2.19182417E-01  1.57112943E-03
1.78123847E-01  2.20115334E-01  1.56809762E-03
1.78422462E-01  2.17647195E-01  1.55928382E-03
1.78721077E-01  2.15726808E-01  1.55659043E-03
1.79019692E-01  2.16289505E-01  1.55914947E-03
1.79318307E-01  2.12770313E-01  1.54693983E-03
1.79616922E-01  2.10553691E-01  1.51591282E-03
1.79915537E-01  2.10472360E-01  1.53596734E-03
1.80214152E-01  2.10804969E-01  1.52385596E-03
1.80512767E-01  2.07593560E-01  1.52749731E-03
1.80811382E-01  2.05502555E-01  1.51568523E-03
1.81109997E-01  2.06349701E-01  1.50467979E-03
1.81408612E-01  2.05255076E-01  1.51579897E-03
1.81707227E-01  2.02939019E-01  1.49865414E-03
1.82005842E-01  2.03570500E-01  1.50098640E-03
1.82304457E-01  2.04680756E-01  1.49661384E-03
1.82603072E-01  2.00999081E-01  1.48949516E-03
1.82901687E-01  2.00288117E-01  1.49735832E-03
1.83200302E-01  1.98749959E-01  1.47819542E-03
1.83498917E-01  1.96200892E-01  1.46288285E-03
1.83797532E-01  1.97439462E-01  1.46508927E-03
1.84096147E-01  1.96899980E-01  1.47669902E-03
1.84394762E-01  1.94482014E-01  1.47006183E-03
1.84693377E-01  1.91565901E-01  1.44884735E-03
1.84991992E-01  1.91585913E-01  1.45664276E-03
1.85290607E-01  1.89272583E-01  1.42933766E-03
1.85589222E-01  1.88988358E-01  1.43859931E-03
1.85887837E-01  1.89810634E-01  1.43746450E-03
1.86186452E-01  1.86583757E-01  1.42239837E-03
1.86485067E-01  1.86474159E-01  1.42947689E-03
1.86783682E-01  1.85242102E-01  1.42053317E-03
1.87082297E-01  1.84288472E-01  1.42296043E-03
1.87380912E-01  1.80665597E-01  1.39966758E-03
1.87679527E-01  1.83170512E-01  1.39751541E-03
1.87978142E-01  1.80870906E-01  1.40599196E-03
1.88276757E-01  1.79127410E-01  1.39598642E-03
1.88575372E-01  1.79895937E-01  1.40312663E-03
1.88873987E-01  1.77842736E-01  1.38643780E-03
1.89172602E-01  1.74077988E-01  1.36415369E-03
1.89471217E-01  1.76946729E-01  1.38565619E-03
1.89769832E-01  1.74485594E-01  1.37960212E-03
1.90068447E-01  1.73725650E-01  1.35710742E-03
1.90367062E-01  1.70049980E-01  1.35529193E-03
1.90665677E-01  1.69859752E-01  1.35145988E-03
1.90964292E-01  1.69534415E-01  1.34754984E-03
1.91262907E-01  1.67740136E-01  1.34606252E-03
1.91561522E-01  1.67853519E-01  1.32974400E-03
1.91860137E-01  1.67582497E-01  1.34675030E-03
1.92158752E-01  1.64748803E-01  1.32840348E-03
1.92457367E-01  1.61191747E-01  1.31568662E-03
1.92755982E-01  1.62019774E-01  1.31354912E-03
1.93054597E-01  1.61108956E-01  1.31069554E-03
1.93353212E-01  1.59818023E-01  1.29877566E-03
1.93651827E-01  1.60237581E-01  1.31435040E-03
1.93950442E-01  1.55053899E-01  1.28583587E-03
1.94249057E-01  1.56236351E-01  1.28170266E-03
1.94547672E-01  1.54966250E-01  1.28630374E-03
1.94846287E-01  1.53849587E-01  1.27919612E-03
1.95144902E-01  1.54308543E-01  1.28814275E-03
1.95443517E-01  1.51257500E-01  1.24852790E-03
1.95742132E-01  1.50146678E-01  1.26129156E-03
1.96040747E-01  1.50075883E-01  1.26341905E-03
1.96339362E-01  1.49566919E-01  1.26411638E-03
1.96637977E-01  1.49468571E-01  1.25127600E-03
1.96936592E-01  1.47156328E-01  1.24392007E-03
1.97235207E-01  1.45087332E-01  1.23947428E-03
1.97533822E-01  1.41978115E-01  1.22145552E-03
1.97832437E-01  1.42301872E-01  1.22674019E-03
1.98131052E-01  1.42377749E-01  1.22047530E-03
1.98429667E-01  1.41170129E-01  1.21644151E-03
1.98728282E-01  1.40738964E-01  1.21843920E-03
1.99026897E-01  1.38795406E-01  1.20237924E-03
1.99325512E-01  1.37827858E-01  1.20196177E-03
1.99624127E-01  1.38003215E-01  1.20234850E-03
1.99922742E-01  1.37482926E-01  1.19781564E-03
2.00221357E-01  1.32059380E-01  1.18065567E-03
2.00519972E-01  1.32145956E-01  1.16920436E-03
2.00818587E-01  1.32508948E-01  1.16971775E-03
2.01117202E-01  1.28535390E-01  1.16332341E-03
2.01415817E-01  1.29899248E-01  1.15778600E-03
2.01714432E-01  1.27862513E-01  1.15407084E-03
2.02013047E-01  1.26156375E-01  1.14169822E-03
2.02311662E-01  1.26634270E-01  1.14851864E-03
2.02610277E-01  1.24415793E-01  1.14128529E-03
2.02908892E-01  1.24975279E-01  1.13142666E-03
2.03207507E-01  1.21918313E-01  1.12201634E-03
2.03506122E-01  1.22415580E-01  1.12255919E-03
2.03804737E-01  1.20230988E-01  1.11353630E-03
2.04103352E-01  1.21367306E-01  1.12228096E-03
2.04401967E-01  1.18870303E-01  1.10929145E-03
2.04700582E-01  1.17165782E-01  1.09181728E-03
2.04999197E-01  1.17222950E-01  1.09511125E-03
2.05297812E-01  1.17463134E-01  1.10686291E-03
2.05596427E-01  1.16036646E-01  1.09124300E-03
2.05895042E-01  1.13004312E-01  1.07956596E-03
2.06193657E-01  1.15366556E-01  1.08374387E-03
2.06492272E-01  1.11367576E-01  1.06349296E-03
2.06790887E-01  1.11457296E-01  1.07584056E-03
2.07089502E-01  1.10275470E-01  1.05248834E-03
2.07388117E-01  1.10369690E-01  1.06658542E-03
2.07686732E-01  1.08279526E-01  1.05220021E-03
2.07985347E-01  1.06372908E-01  1.03938091E-03
2.08283962E-01  1.06927276E-01  1.04464812E-03
2.08582577E-01  1.05496645E-01  1.03037630E-03
2.08881192E-01  1.07968576E-01  1.04715349E-03
2.09179807E-01  1.02388710E-01  1.02445076E-03
2.09478422E-01  1.02913320E-01  1.01492228E-03
2.09777037E-01  1.00694716E-01  1.01437932E-03
2.10075652E-01  1.01024985E-01  1.00648263E-03
2.10374267E-01  9.89853218E-02  1.00884703E-03
2.10672882E-01  9.89075452E-02  1.00534281E-03
2.10971497E-01  9.75249186E-02  9.82098631E-04
2.11270112E-01  9.69205052E-02  9.94278817E-04
2.11568727E-01  9.60459709E-02  9.79601988E-04
2.11867342E-01  9.37699080E-02  9.77087999E-04
2.12165957E-01  9.46419612E-02  9.73005313E-04
2.12464572E-01  9.28738266E-02  9.63004946E-04
2.12763187E-01  9.40592736E-02  9.73832037E-04
2.13061802E-01  9.15032998E-02  9.59637109E-04
2.13360417E-01  8.94472972E-02  9.52267728E-04
2.13659032E-01  8.83494318E-02  9.36449505E-04
2.13957647E-01  8.98948908E-02  9.45738168E-04
2.14256262E-01  8.84519890E-02  9.42366081E-04
2.14554877E-01  8.70873928E-02  9.29464411E-04
2.14853492E-01  8.74283761E-02  9.32678813E-04
2.15152107E-01  8.54229480E-02  9.20818187E-04
2.15450722E-01  8.48142579E-02  9.26724228E-04
2.15749337E-01  8.43198821E-02  9.17605241E-04
2.16047952E-01  8.24960172E-02  9.04639892E-04
2.16346567E-01  8.24560225E-02  9.04963410E-04
2.16645182E-01  8.09302703E-02  8.91499338E-04
2.16943797E-01  8.06107000E-02  8.94515601E-04
2.17242412E-01  8.20278078E-02  9.08341433E-04
2.17541027E-01  7.91244432E-02  8.78131134E-04
2.17839642E-01  7.92230144E-02  8.93764256E-04
2.18138257E-01  7.56327659E-02  8.57031962E-04
2.18436872E-01  7.77299553E-02  8.77870305E-04
2.18735487E-01  7.72727057E-02  8.70875316E-04
2.19034102E-01  7.61460140E-02  8.65016365E-04
2.19332717E-01  7.40647912E-02  8.58725805E-04
2.19631332E-01  7.36555755E-02  8.52778438E-04
2.19929947E-01  7.47268274E-02  8.55656923E-04
2.20228562E-01  7.36804083E-02  8.46901210E-04
2.20527177E-01  7.20466077E-02  8.41916481E-04
2.20825792E-01  7.20899180E-02  8.43171380E-04
2.21124407E-01  7.18212426E-02  8.39111104E-04
2.21423022E-01  7.04835281E-02  8.29792407E-04
2.21721637E-01  6.98540807E-02  8.24383984E-04
2.22020252E-01  6.90355673E-02  8.19301466E-04
2.22318867E-01  6.83020428E-02  8.20241636E-04
2.22617482E-01  6.93645254E-02  8.16958316E-04
2.22916097E-01  6.68957755E-02  8.13206017E-04
2.23214712E-01  6.65468127E-02  8.02759896E-04
2.23513327E-01  6.44388422E-02  7.95298896E-04
2.23811942E-01  6.46743402E-02  7.92313600E-04
2.24110557E-01  6.39472157E-02  7.84643227E-04
2.24409172E-01  6.38122782E-02  7.89794605E-04
2.24707787E-01  6.30562603E-02  7.77584035E-04
2.25006402E-01  6.22119568E-02  7.81443785E-04
2.25305017E-01  6.12333342E-02  7.61441363E-04
2.25603632E-01  5.89952357E-02  7.57845410E-04
2.25902247E-01  5.95050082E-02  7.62008480E-04
2.26200862E-01  5.93014881E-02  7.56492547E-04
2.26499477E-01  5.96575439E-02  7.56128633E-04
2.26798092E-01  5.96896410E-02  7.60516443E-04
2.27096707E-01  5.76224662E-02  7.46144622E-04
2.27395322E-01  5.75850122E-02  7.48741790E-04
2.27693937E-01  5.69093563E-02  7.35125621E-04
2.27992552E-01  5.70639335E-02  7.38664588E-04
2.28291167E-01  5.61866872E-02  7.32544519E-04
2.28589782E-01  5.56994006E-02  7.35309673E-04
2.28888397E-01  5.48680574E-02  7.27255712E-04
2.29187012E-01  5.50971404E-02  7.22713652E-04
2.29485627E-01  5.29594123E-02  7.11201050E-04
2.29784242E-01  5.36830500E-02  7.19363801E-04
2.30082857E-01  5.24905547E-02  7.06627092E-04
2.30381472E-01  5.38727827E-02  7.14440364E-04
2.30680087E-01  5.21036014E-02  7.04424398E-04
2.30978702E-01  5.12466878E-02  6.98609219E-04
2.31277317E-01  5.16606867E-02  7.02233054E-04
2.31575932E-01  4.99235243E-02  6.90128363E-04
2.31874547E-01  4.88320813E-02  6.77309406E-04
2.32173162E-01  4.92117964E-02  6.83233666E-04
2.32471777E-01  4.90477309E-02  6.83463470E-04
2.32770392E-01  4.89868671E-02  6.80701516E-04
2.33069007E-01  4.85155918E-02  6.77035016E-04
2.33367622E-01  4.74466830E-02  6.67073240E-04
2.33666237E-01  4.65285741E-02  6.66259439E-04
2.33964852E-01  4.60056961E-02  6.57425495E-04
2.34263467E-01  4.57616225E-02  6.55680662E-04
2.34562082E-01  4.62888181E-02  6.61133905E-04
2.34860697E-01  4.63762432E-02  6.60632912E-04
2.35159312E-01  4.46236953E-02  6.48767455E-04
2.35457927E-01  4.50337827E-02  6.48253364E-04
2.35756542E-01  4.39138710E-02  6.37639430E-04
2.36055157E-01  4.35313657E-02  6.40236365E-04
2.36353772E-01  4.26773690E-02  6.33387826E-04
2.36652387E-01  4.33697626E-02  6.41969207E-04
2.36951002E-01  4.36098799E-02  6.32093637E-04
2.37249617E-01  4.14744914E-02  6.26177236E-04
2.37548232E-01  4.24024165E-02  6.30279712E-04
2.37846847E-01  4.26943228E-02  6.30316150E-04
2.38145462E-01  4.06904966E-02  6.14831224E-04
2.38444077E-01  4.06097695E-02  6.10138872E-04
2.38742692E-01  3.99781354E-02  6.15485420E-04
2.39041307E-01  4.07129079E-02  6.15521276E-04
2.39339922E-01  3.88947204E-02  6.00444560E-04
2.39638537E-01  3.87280174E-02  5.99660096E-04
2.39937152E-01  3.89190577E-02  5.99464576E-04
2.40235767E-01  3.82038988E-02  5.98105253E-04
2.40534382E-01  3.78719568E-02  5.91677090E-04
2.40832997E-01  3.76397483E-02  5.88552328E-04
2.41131612E-01  3.75755168E-02  5.91172546E-04
2.41430227E-01  3.72655950E-02  5.83844958E-04
2.41728842E-01  3.66200171E-02  5.84593625E-04
2.42027457E-01  3.66667472E-02  5.77232277E-04
2.42326072E-01  3.60892527E-02  5.74876671E-04
2.42624687E-01  3.64058428E-02  5.82885346E-04
2.42923302E-01  3.68667282E-02  5.83132845E-04
2.43221917E-01  3.60838436E-02  5.71536715E-04
2.43520532E-01  3.58065367E-02  5.71680255E-04
2.43819147E-01  3.61675471E-02  5.75030514E-04
2.44117762E-01  3.45437229E-02  5.64623857E-04
2.44416377E-01  3.53204496E-02  5.72371180E-04
2.44714992E-01  3.29799913E-02  5.45813935E-04
2.45013607E-01  3.47094536E-02  5.65823109E-04
2.45312222E-01  3.34794819E-02  5.52343379E-04
2.45610837E-01  3.39213498E-02  5.57663559E-04
2.45909452E-01  3.34040523E-02  5.47828327E-04
2.46208067E-01  3.34257260E-02  5.52510202E-04
2.46506682E-01  3.28247882E-02  5.46321564E-04
2.46805297E-01  3.16823088E-02  5.41044632E-04
2.47103912E-01  3.21078822E-02  5.37827262E-04
2.47402527E-01  3.16485651E-02  5.33967628E-04
2.47701142E-01  3.07089705E-02  5.29150479E-04
2.47999757E-01  3.26339267E-02  5.45035466E-04
2.48298372E-01  3.17064933E-02  5.40355628E-04
2.48596987E-01  3.08673829E-02  5.23100840E-04
2.48895602E-01  3.16706151E-02  5.33580780E-04
2.49194217E-01  3.14602070E-02  5.32383332E-04
2.49492832E-01  2.98891366E-02  5.19909372E-04
2.49791447E-01  3.08544431E-02  5.29538840E-04
2.50090062E-01  3.07339393E-02  5.24925708E-04
2.50388677E-01  3.03351115E-02  5.25209471E-04
2.50687292E-01  3.05000208E-02  5.24771574E-04
2.50985907E-01  3.08878236E-02  5.25108771E-04
2.51284522E-01  3.01448256E-02  5.21993206E-04
2.51583137E-01  2.90312991E-02  5.08539029E-04
2.51881752E-01  2.86448337E-02  5.07326040E-04
2.52180367E-01  2.87527833E-02  5.08282217E-04
2.52478982E-01  2.90517192E-02  5.09131118E-04
2.52777597E-01  2.85435580E-02  5.05611650E-04
2.53076212E-01  2.89713014E-02  5.09524602E-04
2.53374827E-01  2.85855308E-02  5.07630990E-04
2.53673442E-01  2.86328215E-02  5.01558941E-04
2.53972057E-01  2.90769171E-02  5.09494508E-04
2.54270672E-01  2.80977655E-02  5.00709051E-04
2.54569287E-01  2.78886650E-02  5.01137751E-04
2.54867902E-01  2.79163271E-02  4.98824113E-04
2.55166517E-01  2.81157922E-02  4.97410423E-04
2.55465132E-01  2.74890419E-02  4.94596025E-04
2.55763747E-01  2.68649273E-02  4.89343773E-04
2.56062362E-01  2.70109922E-02  4.90541686E-04
2.56360977E-01  2.67942883E-02  4.85327328E-04
2.56659592E-01  2.81923488E-02  4.96516586E-04
2.56958207E-01  2.72113215E-02  4.91833373E-04
2.57256822E-01  2.66369525E-02  4.85836383E-04
2.57555437E-01  2.60589067E-02  4.78245725E-04
2.57854052E-01  2.66421642E-02  4.84723598E-04
2.58152667E-01  2.63124406E-02  4.83387383E-04
2.58451282E-01  2.64865700E-02  4.85115044E-04
2.58749897E-01  2.68283784E-02  4.83728043E-04
2.59048512E-01  2.58381087E-02  4.75718145E-04
2.59347127E-01  2.59509925E-02  4.76506044E-04
2.59645742E-01  2.63372548E-02  4.82461182E-04
2.59944357E-01  2.61734873E-02  4.81729687E-04
2.60242972E-01  2.56406348E-02  4.70807310E-04
2.60541587E-01  2.58260146E-02  4.76871472E-04
2.60840202E-01  2.65307762E-02  4.82059142E-04
2.61138817E-01  2.49060839E-02  4.68427665E-04
2.61437432E-01  2.56718341E-02  4.73943801E-04
2.61736047E-01  2.55221054E-02  4.70458559E-04
2.62034662E-01  2.64822617E-02  4.81495663E-04
2.62333277E-01  2.53525879E-02  4.70866915E-04
2.62631892E-01  2.55724210E-02  4.70189319E-04
2.62930507E-01  2.49760896E-02  4.64917917E-04
2.63229122E-01  2.52326783E-02  4.68155660E-04
2.63527737E-01  2.48498395E-02  4.67535254E-04
2.63826352E-01  2.56766416E-02  4.71150881E-04
2.64124967E-01  2.54433360E-02  4.69006569E-04
2.64423582E-01  2.50329878E-02  4.65573918E-04
2.64722197E-01  2.59042308E-02  4.71766456E-04
2.65020812E-01  2.54772827E-02  4.72531305E-04
2.65319427E-01  2.48523727E-02  4.60545096E-04
2.65618042E-01  2.52346341E-02  4.68918908E-04
2.65916657E-01  2.64815260E-02  4.78486327E-04
2.66215272E-01  2.56540608E-02  4.70340776E-04
2.66513887E-01  2.55992003E-02  4.70205065E-04
2.66812502E-01  2.43113134E-02  4.55392641E-04
2.67111117E-01  2.45367251E-02  4.60585667E-04
2.67409732E-01  2.54763030E-02  4.68105660E-04
2.67708347E-01  2.56593656E-02  4.70517116E-04
2.68006962E-01  2.49174703E-02  4.62945318E-04
2.68305577E-01  2.45117359E-02  4.57624003E-04
2.68604192E-01  2.48103514E-02  4.61592950E-04
2.68902807E-01  2.43781637E-02  4.56965645E-04
2.69201422E-01  2.49433480E-02  4.60102892E-04
2.69500037E-01  2.50378400E-02  4.62870696E-04
2.69798652E-01  2.43539717E-02  4.56271722E-04
2.70097267E-01  2.51478124E-02  4.66661440E-04
2.70395882E-01  2.40744110E-02  4.49616084E-04
2.70694497E-01  2.53113303E-02  4.64917481E-04
2.70993112E-01  2.50343457E-02  4.63202014E-04
2.71291727E-01  2.54407488E-02  4.66586789E-04
2.71590342E-01  2.51855459E-02  4.65442281E-04
2.71888957E-01  2.44158339E-02  4.52455512E-04
2.72187572E-01  2.48639379E-02  4.59263567E-04
2.72486187E-01  2.50084624E-02  4.61068703E-04
2.72784802E-01  2.46248692E-02  4.58459544E-04
2.73083417E-01  2.48901062E-02  4.56257781E-04
2.73382032E-01  2.48095468E-02  4.58180759E-04
2.73680647E-01  2.50392668E-02  4.62423224E-04
2.73979262E-01  2.53553428E-02  4.63077507E-04
2.74277877E-01  2.56455317E-02  4.63835488E-04
2.74576492E-01  2.50925068E-02  4.59505012E-04
2.74875107E-01  2.42470931E-02  4.53078217E-04
2.75173722E-01  2.51113605E-02  4.61790070E-04
2.75472337E-01  2.54560132E-02  4.59806557E-04
2.75770952E-01  2.57883128E-02  4.67259320E-04
2.76069567E-01  2.51280908E-02  4.56723414E-04
2.76368182E-01  2.46948209E-02  4.58887895E-04
2.76666797E-01  2.53278986E-02  4.63427219E-04
2.76965412E-01  2.51903087E-02  4.56949405E-04
2.77264027E-01  2.48284899E-02  4.57207061E-04
2.77562642E-01  2.55788229E-02  4.60003153E-04
2.77861257E-01  2.62200776E-02  4.71764244E-04
2.78159872E-01  2.57639438E-02  4.61322517E-04
2.78458487E-01  2.50921547E-02  4.56976966E-04
2.78757102E-01  2.65094228E-02  4.73156280E-04
2.79055717E-01  2.54474357E-02  4.60780517E-04
2.79354332E-01  2.57683583E-02  4.63561650E-04
2.79652947E-01  2.62236334E-02  4.67757403E-04
2.79951562E-01  2.60424279E-02  4.62323980E-04
2.80250177E-01  2.58148201E-02  4.66211553E-04
2.80548792E-01  2.65062936E-02  4.69450548E-04
2.80847407E-01  2.49967668E-02  4.54186491E-04
2.81146022E-01  2.52597276E-02  4.58510534E-04
2.81444637E-01  2.65748370E-02  4.71478648E-04
2.81743252E-01  2.64904164E-02  4.68728453E-04
2.82041867E-01  2.66143586E-02  4.65773104E-04
2.82340482E-01  2.56191231E-02  4.60727926E-04
2.82639097E-01  2.65654586E-02  4.69395425E-04
2.82937712E-01  2.64317486E-02  4.67397796E-04
2.83236327E-01  2.57037692E-02  4.60688374E-04
2.83534942E-01  2.54427325E-02  4.56083071E-04
2.83833557E-01  2.56514493E-02  4.60565061E-04
2.84132172E-01  2.63288897E-02  4.65797464E-04
2.84430787E-01  2.62397621E-02  4.67450562E-04
2.84729402E-01  2.73287166E-02  4.71184787E-04
2.85028017E-01  2.66637001E-02  4.68288956E-04
2.85326632E-01  2.69615166E-02  4.73958207E-04
2.85625247E-01  2.62315385E-02  4.60060837E-04
2.85923862E-01  2.66885143E-02  4.67931590E-04
2.86222477E-01  2.73402147E-02  4.73144406E-04
2.86521092E-01  2.68786848E-02  4.69250663E-04
2.86819707E-01  2.62333676E-02  4.66818427E-04
2.87118322E-01  2.68727373E-02  4.65542573E-04
2.87416937E-01  2.70660575E-02  4.69384948E-04
2.87715552E-01  2.67190225E-02  4.65683261E-04
2.88014167E-01  2.72295978E-02  4.73361404E-04
2.88312782E-01  2.72176601E-02  4.72440530E-04
2.88611397E-01  2.77574565E-02  4.71550331E-04
2.88910012E-01  2.77072769E-02  4.77144640E-04
2.89208627E-01  2.74226125E-02  4.72242478E-04
2.89507242E-01  2.76505221E-02  4.73854248E-04
2.89805857E-01  2.76832059E-02  4.72406915E-04
2.90104472E-01  2.75628008E-02  4.70694999E-04
2.90403087E-01  2.71358043E-02  4.72087704E-04
2.90701702E-01  2.75299903E-02  4.71788662E-04
2.91000317E-01  2.76381187E-02  4.71912412E-04
2.91298932E-01  2.79941224E-02  4.75983165E-04
2.91597547E-01  2.86932047E-02  4.82596690E-04
2.91896162E-01  2.82217935E-02  4.78266797E-04
2.92194777E-01  2.82929000E-02  4.77012276E-04
2.92493392E-01  2.79289167E-02  4.74394677E-04
2.92792007E-01  2.81504244E-02  4.76851943E-04
2.93090622E-01  2.90351119E-02  4.84053016E-04
2.93389237E-01  2.75478642E-02  4.71265288E-04
2.93687852E-01  2.90181544E-02  4.80311894E-04
2.93986467E-01  2.92392522E-02  4.85637545E-04
2.94285082E-01  2.83534769E-02  4.75807174E-04
2.94583697E-01  2.87661757E-02  4.82868782E-04
2.94882312E-01  2.82163732E-02  4.75114706E-04
2.95180927E-01  2.90311538E-02  4.78824688E-04
2.95479542E-01  2.94687655E-02  4.86837700E-04
2.95778157E-01  2.94100549E-02  4.84481367E-04
2.96076772E-01  2.87253223E-02  4.79154842E-04
2.96375387E-01  2.92465892E-02  4.82903735E-04
2.96674002E-01  2.85734683E-02  4.77086665E-04
2.96972617E-01  2.91339271E-02  4.84892458E-04
2.97271232E-01  2.93401256E-02  4.86843142E-04
2.97569847E-01  2.96518505E-02  4.89661936E-04
2.97868462E-01  2.94764265E-02  4.89644357E-04
2.98167077E-01  2.90287249E-02  4.88308957E-04
2.98465692E-01  3.00824083E-02  5.00193855E-04
2.98764307E-01  2.95319725E-02  4.91313229E-04
2.99062922E-01  2.98749842E-02  4.97226254E-04
2.99361537E-01  2.93201543E-02  4.94191074E-04
2.99660152E-01  2.90641133E-02  4.92895371E-04
2.99958767E-01  2.88759843E-02  4.91546176E-04
3.00257382E-01  2.99036168E-02  5.01608651E-04
3.00555997E-01  2.97642499E-02  5.00186521E-04
3.00854612E-01  3.02693453E-02  5.03650401E-04
3.01153227E-01  2.99328882E-02  5.04160766E-04
3.01451842E-01  3.09560355E-02  5.10364480E-04
3.01750457E-01  2.97233947E-02  5.05898090E-04
3.02049072E-01  2.97058932E-02  5.02121227E-04
3.02347687E-01  3.04376576E-02  5.18430548E-04
3.02646302E-01  3.04566883E-02  5.25193405E-04
3.02944917E-01  3.06756031E-02  5.26935328E-04
3.03243532E-01  3.06524448E-02  5.36771840E-04
3.03542147E-01  3.02853994E-02  5.34457446E-04
3.03840762E-01  3.12216002E-02  5.42349066E-04
3.04139377E-01  2.98541673E-02  5.37237502E-04
3.04437992E-01  2.96388678E-02  5.30535821E-04
3.04736607E-01  3.04029975E-02  5.46142051E-04
3.05035222E-01  3.12310029E-02  5.49011806E-04
3.05333837E-01  3.03334147E-02  5.44716371E-04
3.05632452E-01  3.12707089E-02  5.57517284E-04
3.05931067E-01  3.11037283E-02  5.53222955E-04
3.06229682E-01  3.12986933E-02  5.60966146E-04
3.06528297E-01  3.01817097E-02  5.45611023E-04
3.06826912E-01  3.12884115E-02  5.62410220E-04
3.07125527E-01  3.10860220E-02  5.61958761E-04
3.07424142E-01  3.15474793E-02  5.65425085E-04
3.07722757E-01  3.12217604E-02  5.67012699E-04
3.08021372E-01  3.19438465E-02  5.68795775E-04
3.08319987E-01  3.11155058E-02  5.57146210E-04
3.08618602E-01  3.09906472E-02  5.50602330E-04
3.08917217E-01  3.08203362E-02  5.40874142E-04
3.09215832E-01  3.07686552E-02  5.45111834E-04
3.09514447E-01  3.17344368E-02  5.44962881E-04
3.09813062E-01  3.11919451E-02  5.41507266E-04
3.10111677E-01  3.15458924E-02  5.42124908E-04
3.10410292E-01  3.11061535E-02  5.31670870E-04
3.10708907E-01  3.15371640E-02  5.40540030E-04
3.11007522E-01  3.15123871E-02  5.32808830E-04
3.11306137E-01  3.17177884E-02  5.41334914E-04
3.11604752E-01  3.20513248E-02  5.37785992E-04
3.11903367E-01  3.19730453E-02  5.36548148E-04
3.12201982E-01  3.18659209E-02  5.35505009E-04
3.12500597E-01  3.14579979E-02  5.27237193E-04
3.12799212E-01  3.18685062E-02  5.35095285E-04
3.13097827E-01  3.26497108E-02  5.37849264E-04
3.13396442E-01  3.15557234E-02  5.28059900E-04
3.13695057E-01  3.19136046E-02  5.33749931E-04
3.13993672E-01  3.18004079E-02  5.27449010E-04
3.14292287E-01  3.18105370E-02  5.28928242E-04
3.14590902E-01  3.27983238E-02  5.35522995E-04
3.14889517E-01  3.22913602E-02  5.31369587E-04
3.15188132E-01  3.16169038E-02  5.28861594E-04
3.15486747E-01  3.24438401E-02  5.28608914E-04
3.15785362E-01  3.26426141E-02  5.33835148E-04
3.16083977E-01  3.14737186E-02  5.20244532E-04
3.16382592E-01  3.24542336E-02  5.31180820E-04
3.16681207E-01  3.22201028E-02  5.26925491E-04
3.16979822E-01  3.22406441E-02  5.26277057E-04
3.17278437E-01  3.26578170E-02  5.31460682E-04
3.17577052E-01  3.30828130E-02  5.33247076E-04
3.17875667E-01  3.19118574E-02  5.31053578E-04
3.18174282E-01  3.30394916E-02  5.45307121E-04
3.18472897E-01  3.22279818E-02  5.46315452E-04
3.18771512E-01  3.22176665E-02  5.44111826E-04
3.19070127E-01  3.26776952E-02  5.52274927E-04
3.19368742E-01  3.33781391E-02  5.58634812E-04
3.19667357E-01  3.32848951E-02  5.58326778E-04
3.19965972E-01  3.24479453E-02  5.52510610E-04
3.20264587E-01  3.28110866E-02  5.58127940E-04
3.20563202E-01  3.22812647E-02  5.53131278E-04
3.20861817E-01  3.31244804E-02  5.61431865E-04
3.21160432E-01  3.32578309E-02  5.60799672E-04
3.21459047E-01  3.42315622E-02  5.74368052E-04
3.21757662E-01  3.27539220E-02  5.58287487E-04
3.22056277E-01  3.32299322E-02  5.62009576E-04
3.22354892E-01  3.30943950E-02  5.65736787E-04
3.22653507E-01  3.26343030E-02  5.60003216E-04
3.22952122E-01  3.24867256E-02  5.63645619E-04
3.23250737E-01  3.32873538E-02  5.59787441E-04
3.23549352E-01  3.27578001E-02  5.62205154E-04
3.23847967E-01  3.36883515E-02  5.72801917E-04
3.24146582E-01  3.33567783E-02  5.68315503E-04
3.24445197E-01  3.36285271E-02  5.70960052E-04
3.24743812E-01  3.25840935E-02  5.61044726E-04
3.25042427E-01  3.40007134E-02  5.79202489E-04
3.25341042E-01  3.38778682E-02  5.71579963E-04
3.25639657E-01  3.30464542E-02  5.67661016E-04
3.25938272E-01  3.33200395E-02  5.71517972E-04
3.26236887E-01  3.37726735E-02  5.70862379E-04
3.26535502E-01  3.25159654E-02  5.68620861E-04
3.26834117E-01  3.42437215E-02  5.77013881E-04
3.27132732E-01  3.44699286E-02  5.81817527E-04
3.27431347E-01  3.37448604E-02  5.76519466E-04
3.27729962E-01  3.32037844E-02  5.69189142E-04
3.28028577E-01  3.38472798E-02  5.84007998E-04
3.28327192E-01  3.39253135E-02  5.70838863E-04
3.28625807E-01  3.28263193E-02  5.70827746E-04
3.28924422E-01  3.35706100E-02  5.76920167E-04
3.29223037E-01  3.35583426E-02  5.74423757E-04
3.29521652E-01  3.40041108E-02  5.79428510E-04
3.29820267E-01  3.41264494E-02  5.78414416E-04
3.30118882E-01  3.37552354E-02  5.81641099E-04
3.30417497E-01  3.28874625E-02  5.71028329E-04
3.30716112E-01  3.41657214E-02  5.78581647E-04
3.31014727E-01  3.42478193E-02  5.80304826E-04
3.31313342E-01  3.44948769E-02  5.80340391E-04
3.31611957E-01  3.38735133E-02  5.81267988E-04
3.31910572E-01  3.32946181E-02  5.72177232E-04
3.32209187E-01  3.38500254E-02  5.74389647E-04
3.32507802E-01  3.45217064E-02  5.86632348E-04
3.32806417E-01  3.33917700E-02  5.69324940E-04
3.33105032E-01  3.36218476E-02  5.76525112E-04
3.33403647E-01  3.33148129E-02  5.70171687E-04
3.33702262E-01  3.31099145E-02  5.68751129E-04
3.34000877E-01  3.42910476E-02  5.78468724E-04
3.34299492E-01  3.29916626E-02  5.69244963E-04
3.34598107E-01  3.29126716E-02  5.69069176E-04
3.34896722E-01  3.40872295E-02  5.73563331E-04
3.35195337E-01  3.35093960E-02  5.69841533E-04
3.35493952E-01  3.28360386E-02  5.67405077E-04
3.35792567E-01  3.29462923E-02  5.66358387E-04
3.36091182E-01  3.38732041E-02  5.75114274E-04
3.36389797E-01  3.27952430E-02  5.62433794E-04
3.36688412E-01  3.38935107E-02  5.75458980E-04
3.36987027E-01  3.23707052E-02  5.58947038E-04
3.37285642E-01  3.32685597E-02  5.68963587E-04
3.37584257E-01  3.42739746E-02  5.78345323E-04
3.37882872E-01  3.29208337E-02  5.64172922E-04
3.38181487E-01  3.39413695E-02  5.75029699E-04
3.38480102E-01  3.36945131E-02  5.64404356E-04
3.38778717E-01  3.40369232E-02  5.75000537E-04
3.39077332E-01  3.28360833E-02  5.62472851E-04
3.39375947E-01  3.29905972E-02  5.63633163E-04
3.39674562E-01  3.35237756E-02  5.71825018E-04
3.39973177E-01  3.27448063E-02  5.59270615E-04
3.40271792E-01  3.17111053E-02  5.54207014E-04
3.40570407E-01  3.39656211E-02  5.72571822E-04
3.40869022E-01  3.34711336E-02  5.65119903E-04
3.41167637E-01  3.27429138E-02  5.60712360E-04
3.41466252E-01  3.32995728E-02  5.62063127E-04
3.41764867E-01  3.30674276E-02  5.66934934E-04
3.42063482E-01  3.35203893E-02  5.66355360E-04
3.42362097E-01  3.24481837E-02  5.54204453E-04
3.42660712E-01  3.29249837E-02  5.63417387E-04
3.42959327E-01  3.41409445E-02  5.67834009E-04
3.43257942E-01  3.19612436E-02  5.55113656E-04
3.43556557E-01  3.37854400E-02  5.66483999E-04
3.43855172E-01  3.22273262E-02  5.53427031E-04
3.44153787E-01  3.27413268E-02  5.57506166E-04
3.44452402E-01  3.18618715E-02  5.49342600E-04
3.44751017E-01  3.28644514E-02  5.59035689E-04
3.45049632E-01  3.39170173E-02  5.62478206E-04
3.45348247E-01  3.28743607E-02  5.59123349E-04
3.45646862E-01  3.29627357E-02  5.57490566E-04
3.45945477E-01  3.25378180E-02  5.54201601E-04
3.46244092E-01  3.25364992E-02  5.47702832E-04
3.46542707E-01  3.21753174E-02  5.45109506E-04
3.46841322E-01  3.27780060E-02  5.54207771E-04
3.47139937E-01  3.22044045E-02  5.47491305E-04
3.47438552E-01  3.25046405E-02  5.45930350E-04
3.47737167E-01  3.26974764E-02  5.51978941E-04
3.48035782E-01  3.27076875E-02  5.47183910E-04
3.48334397E-01  3.33127789E-02  5.56528568E-04
3.48633012E-01  3.19195651E-02  5.37165499E-04
3.48931627E-01  3.20366435E-02  5.42293361E-04
3.49230242E-01  3.15777175E-02  5.39888628E-04
3.49528857E-01  3.31661925E-02  5.51621837E-04
3.49827472E-01  3.20798568E-02  5.43414266E-04
3.50126087E-01  3.29966173E-02  5.45864867E-04
3.50424702E-01  3.16411033E-02  5.39241300E-04
3.50723317E-01  3.24658602E-02  5.43976261E-04
3.51021932E-01  3.12026534E-02  5.35199826E-04
3.51320547E-01  3.15331630E-02  5.35229745E-04
3.51619162E-01  3.17218117E-02  5.35661122E-04
3.51917777E-01  3.18453051E-02  5.39054570E-04
3.52216392E-01  3.18418592E-02  5.37995133E-04
3.52515007E-01  3.13508436E-02  5.31370228E-04
3.52813622E-01  3.19544636E-02  5.36462932E-04
3.53112237E-01  3.12351231E-02  5.36230218E-04
3.53410852E-01  3.19026746E-02  5.41034213E-04
3.53709467E-01  3.12833451E-02  5.25566400E-04
3.54008082E-01  3.24673317E-02  5.41197369E-04
3.54306697E-01  3.12926285E-02  5.31606667E-04
3.54605312E-01  3.10897026E-02  5.32636011E-04
3.54903927E-01  3.10766567E-02  5.34139806E-04
3.55202542E-01  3.12916785E-02  5.24670875E-04
3.55501157E-01  3.13301384E-02  5.33090730E-04
3.55799772E-01  3.09437271E-02  5.27356286E-04
3.56098387E-01  3.12757418E-02  5.31473197E-04
3.56397002E-01  3.30915526E-02  5.46240772E-04
3.56695617E-01  3.10227945E-02  5.23112074E-04
3.56994232E-01  3.14705931E-02  5.36491221E-04
3.57292847E-01  3.12095881E-02  5.25664305E-04
3.57591462E-01  3.04223206E-02  5.22199436E-04
3.57890077E-01  3.04689426E-02  5.21618349E-04
3.58188692E-01  3.09610423E-02  5.23711322E-04
3.58487307E-01  3.11255213E-02  5.32235194E-04
3.58785922E-01  3.07262316E-02  5.19516529E-04
3.59084537E-01  3.19478512E-02  5.34996565E-04
3.59383152E-01  3.07753365E-02  5.23120805E-04
3.59681767E-01  3.07982378E-02  5.23737166E-04
3.59980382E-01  3.08509972E-02  5.29168057E-04
3.60278997E-01  3.03422175E-02  5.13832259E-04
3.60577612E-01  3.05228569E-02  5.23078197E-04
3.60876227E-01  3.08982655E-02  5.24453295E-04
3.61174842E-01  3.04964669E-02  5.17857145E-04
3.61473457E-01  3.01888827E-02  5.15240710E-04
3.61772072E-01  3.04098465E-02  5.18634391E-04
3.62070687E-01  3.04193385E-02  5.21917653E-04
3.62369302E-01  3.13695855E-02  5.26199059E-04
3.62667917E-01  2.99416427E-02  5.13948617E-04
3.62966532E-01  3.05151921E-02  5.17206616E-04
3.63265147E-01  3.04418784E-02  5.18502435E-04
3.63563762E-01  3.08381971E-02  5.22006885E-04
3.63862377E-01  2.99705211E-02  5.12710016E-04
3.64160992E-01  3.12041566E-02  5.23571449E-04
3.64459607E-01  3.14659961E-02  5.26043063E-04
3.64758222E-01  2.94522904E-02  5.08934027E-04
3.65056837E-01  2.93961968E-02  5.09258942E-04
3.65355452E-01  3.02970856E-02  5.12407103E-04
3.65654067E-01  3.00440509E-02  5.14570624E-04
3.65952682E-01  2.96225529E-02  5.07202814E-04
3.66251297E-01  3.05676889E-02  5.20418864E-04
3.66549912E-01  3.02798301E-02  5.13070088E-04
3.66848527E-01  2.97518000E-02  5.05942036E-04
3.67147142E-01  2.95513272E-02  5.11562685E-04
3.67445757E-01  2.93604247E-02  5.04566997E-04
3.67744372E-01  3.00635640E-02  5.11910301E-04
3.68042987E-01  2.89661065E-02  5.01431932E-04
3.68341602E-01  2.87011061E-02  4.99395188E-04
3.68640217E-01  2.99297683E-02  5.12387895E-04
3.68938832E-01  2.87316758E-02  4.95668501E-04
3.69237447E-01  2.97983754E-02  5.08724013E-04
3.69536062E-01  2.90716328E-02  5.00269351E-04
3.69834677E-01  2.93696262E-02  5.05846867E-04
3.70133292E-01  2.99605653E-02  5.12389757E-04
3.70431907E-01  2.89872251E-02  4.97492729E-04
3.70730522E-01  2.95379218E-02  5.05976263E-04
3.71029137E-01  2.97176372E-02  5.04631957E-04
3.71327752E-01  3.04989666E-02  5.13476785E-04
3.71626367E-01  2.98665427E-02  5.07599791E-04
3.71924982E-01  2.98203621E-02  5.06814918E-04
3.72223597E-01  2.94381976E-02  5.06053038E-04
3.72522212E-01  2.91230418E-02  4.97775211E-04
3.72820827E-01  2.91618761E-02  5.00416500E-04
3.73119442E-01  2.96754371E-02  5.04935568E-04
3.73418057E-01  2.92001925E-02  4.98439069E-04
3.73716672E-01  2.93264985E-02  5.05629287E-04
3.74015287E-01  2.93627772E-02  4.98175330E-04
3.74313902E-01  2.86078565E-02  4.94120992E-04
3.74612517E-01  2.90814973E-02  4.99478658E-04
3.74911132E-01  2.89492626E-02  4.97574569E-04
3.75209747E-01  2.91161966E-02  4.99779824E-04
3.75508362E-01  2.96455864E-02  5.00958762E-04
3.75806977E-01  2.87244357E-02  4.94881242E-04
3.76105592E-01  2.86673103E-02  4.94263950E-04
3.76404207E-01  2.98655778E-02  5.04748314E-04
3.76702822E-01  2.92525999E-02  4.97380970E-04
3.77001437E-01  2.93143950E-02  4.98287671E-04
3.77300052E-01  2.90982369E-02  4.99766145E-04
3.77598667E-01  2.97927540E-02  5.04527299E-04
3.77897282E-01  2.93054171E-02  4.96701978E-04
3.78195897E-01  2.93596294E-02  4.96410183E-04
3.78494512E-01  3.03057525E-02  5.07426914E-04
3.78793127E-01  2.93853190E-02  4.98773181E-04
3.79091742E-01  2.91483812E-02  4.95752320E-04
3.79390357E-01  2.99630798E-02  5.02252893E-04
3.79688972E-01  2.94036958E-02  4.97796049E-04
3.79987587E-01  2.98794955E-02  5.00922208E-04
3.80286202E-01  2.89339554E-02  4.94182517E-04
3.80584817E-01  2.85543241E-02  4.90931503E-04
3.80883432E-01  2.87851989E-02  4.90926264E-04
3.81182047E-01  2.88506970E-02  4.92976280E-04
3.81480662E-01  2.90677678E-02  4.94954293E-04
3.81779277E-01  2.83142235E-02  4.84588294E-04
3.82077892E-01  2.88574602E-02  4.93163883E-04
3.82376507E-01  2.88777649E-02  4.92218765E-04
3.82675122E-01  2.91317608E-02  4.95254819E-04
3.82973737E-01  2.83802580E-02  4.86860605E-04
3.83272352E-01  2.95484625E-02  4.93572443E-04
3.83570967E-01  2.85537243E-02  4.89332655E-04
3.83869582E-01  2.86824163E-02  4.88960068E-04
3.84168197E-01  2.83878911E-02  4.87422076E-04
3.84466812E-01  2.81200334E-02  4.83179203E-04
3.84765427E-01  2.80419923E-02  4.81909403E-04
3.85064042E-01  2.91291382E-02  4.94995620E-04
3.85362657E-01  2.98641343E-02  4.97943081E-04
3.85661272E-01  2.96086017E-02  4.92383726E-04
3.85959887E-01  2.78448891E-02  4.82384115E-04
3.86258502E-01  2.82963999E-02  4.82660107E-04
3.86557117E-01  2.97364276E-02  5.01278555E-04
3.86855732E-01  2.94917375E-02  4.92144492E-04
3.87154347E-01  2.93315966E-02  4.90566250E-04
3.87452962E-01  2.93019786E-02  4.94728738E-04
3.87751577E-01  2.82655526E-02  4.80389979E-04
3.88050192E-01  2.80828401E-02  4.84330900E-04
3.88348807E-01  2.93567553E-02  4.88263089E-04
3.88647422E-01  2.86817420E-02  4.86550707E-04
3.88946037E-01  2.95716133E-02  4.93065687E-04
3.89244652E-01  2.92351451E-02  4.91225568E-04
3.89543267E-01  2.95141023E-02  4.93687694E-04
3.89841882E-01  2.91588232E-02  4.86860226E-04
3.90140497E-01  2.92672925E-02  4.92600899E-04
3.90439112E-01  2.82974634E-02  4.83170530E-04
3.90737727E-01  2.97446251E-02  4.90059378E-04
3.91036342E-01  2.87357885E-02  4.87748330E-04
3.91334957E-01  2.81799156E-02  4.77694324E-04
3.91633572E-01  2.95027792E-02  4.93360276E-04
3.91932187E-01  2.87169889E-02  4.82111063E-04
3.92230802E-01  2.91787907E-02  4.87397512E-04
3.92529417E-01  2.88021099E-02  4.87471669E-04
3.92828032E-01  2.90313829E-02  4.84394899E-04
3.93126647E-01  2.81899180E-02  4.79659066E-04
3.93425262E-01  2.96191629E-02  4.89991449E-04
3.93723877E-01  2.96732262E-02  4.92845429E-04
3.94022492E-01  2.88940948E-02  4.85975528E-04
3.94321107E-01  2.89030727E-02  4.83331678E-04
3.94619722E-01  2.90608108E-02  4.84885910E-04
3.94918337E-01  2.92045232E-02  4.85731172E-04
3.95216952E-01  2.91015282E-02  4.86174744E-04
3.95515567E-01  2.94353198E-02  4.89434402E-04
3.95814182E-01  2.93062702E-02  4.83889133E-04
3.96112797E-01  2.90271733E-02  4.85203462E-04
3.96411412E-01  2.95610223E-02  4.88695398E-04
3.96710027E-01  2.98841782E-02  4.91958112E-04
3.97008642E-01  2.84575429E-02  4.77755384E-04
3.97307257E-01  2.81219389E-02  4.75619396E-04
3.97605872E-01  2.77386308E-02  4.73628636E-04
3.97904487E-01  2.86381003E-02  4.82421048E-04
3.98203102E-01  2.82932334E-02  4.74328932E-04
3.98501717E-01  2.83652786E-02  4.76072251E-04
3.98800332E-01  2.87897829E-02  4.80430637E-04
3.99098947E-01  2.85161976E-02  4.78605216E-04
3.99397562E-01  2.85508521E-02  4.80406336E-04
3.99696177E-01  2.79565845E-02  4.73432563E-04
3.99994792E-01  2.92788651E-02  4.83107491E-04
4.00293407E-01  2.79062763E-02  4.73123684E-04
4.00592022E-01  2.91018952E-02  4.81764000E-04
4.00890637E-01  2.93592028E-02  4.83774958E-04
4.01189252E-01  2.81178039E-02  4.72985819E-04
4.01487867E-01  2.84903236E-02  4.78170987E-04
4.01786482E-01  2.86084395E-02  4.78471600E-04
4.02085097E-01  2.79412232E-02  4.68823040E-04
4.02383712E-01  2.89170984E-02  4.83026233E-04
4.02682327E-01  2.90960893E-02  4.78078407E-04
4.02980942E-01  2.88114808E-02  4.80058021E-04
4.03279557E-01  2.86735445E-02  4.76965884E-04
4.03578172E-01  2.84728333E-02  4.72712476E-04
4.03876787E-01  2.81955488E-02  4.74562257E-04
4.04175402E-01  2.77984161E-02  4.67745587E-04
4.04474017E-01  2.85076071E-02  4.76385554E-04
4.04772632E-01  2.77148206E-02  4.67265985E-04
4.05071247E-01  2.81992536E-02  4.71892068E-04
4.05369862E-01  2.81057060E-02  4.75412846E-04
4.05668477E-01  2.97052320E-02  4.79803624E-04
4.05967092E-01  2.78417878E-02  4.68674465E-04
4.06265707E-01  2.76634730E-02  4.66400234E-04
4.06564322E-01  2.75122244E-02  4.64577141E-04
4.06862937E-01  2.70672776E-02  4.65433637E-04
4.07161552E-01  2.77402531E-02  4.64862416E-04
4.07460167E-01  2.85325553E-02  4.74686298E-04
4.07758782E-01  2.81029064E-02  4.67021629E-04
4.08057397E-01  2.80594844E-02  4.68962564E-04
4.08356012E-01  2.82804593E-02  4.72589745E-04
4.08654627E-01  2.82665025E-02  4.68384067E-04
4.08953242E-01  2.78758500E-02  4.69980878E-04
4.09251857E-01  2.72246432E-02  4.60641313E-04
4.09550472E-01  2.79056635E-02  4.66587255E-04
4.09849087E-01  2.71277260E-02  4.60254960E-04
4.10147702E-01  2.70045102E-02  4.57178510E-04
4.10446317E-01  2.77790874E-02  4.68615966E-04
4.10744932E-01  2.80912649E-02  4.68252809E-04
4.11043547E-01  2.60552298E-02  4.47106577E-04
4.11342162E-01  2.74387747E-02  4.62677679E-04
4.11640777E-01  2.75343452E-02  4.64355195E-04
4.11939392E-01  2.81670243E-02  4.70103783E-04
4.12238007E-01  2.74903793E-02  4.59579431E-04
4.12536622E-01  2.73920670E-02  4.61104093E-04
4.12835237E-01  2.67657973E-02  4.54114401E-04
4.13133852E-01  2.73741763E-02  4.61064279E-04
4.13432467E-01  2.65095346E-02  4.53303452E-04
4.13731082E-01  2.64151562E-02  4.51030704E-04
4.14029697E-01  2.63541993E-02  4.52503446E-04
4.14328312E-01  2.70170886E-02  4.56672133E-04
4.14626927E-01  2.70829741E-02  4.58506896E-04
4.14925542E-01  2.61314213E-02  4.46446415E-04
4.15224157E-01  2.58150008E-02  4.46816266E-04
4.15522772E-01  2.71950997E-02  4.59353090E-04
4.15821387E-01  2.69812308E-02  4.54381458E-04
4.16120002E-01  2.60824990E-02  4.47574537E-04
4.16418617E-01  2.60448344E-02  4.48183710E-04
4.16717232E-01  2.64253281E-02  4.50613588E-04
4.17015847E-01  2.74375528E-02  4.60761308E-04
4.17314462E-01  2.66320910E-02  4.48057166E-04
4.17613077E-01  2.63458565E-02  4.50044288E-04
4.17911692E-01  2.64824722E-02  4.49760788E-04
4.18210307E-01  2.64305864E-02  4.52549342E-04
4.18508922E-01  2.64474377E-02  4.48132923E-04
4.18807537E-01  2.68547274E-02  4.51675005E-04
4.19106152E-01  2.64775269E-02  4.51175845E-04
4.19404767E-01  2.64718272E-02  4.50816995E-04
4.19703382E-01  2.59611662E-02  4.42891760E-04
4.20001997E-01  2.55508795E-02  4.41386073E-04
4.20300612E-01  2.63644997E-02  4.46727616E-04
4.20599227E-01  2.52215806E-02  4.40455042E-04
4.20897842E-01  2.58229040E-02  4.42924298E-04
4.21196457E-01  2.52820998E-02  4.37069160E-04
4.21495072E-01  2.60965209E-02  4.45980375E-04
4.21793687E-01  2.61654146E-02  4.45147161E-04
4.22092302E-01  2.58263443E-02  4.44687350E-04
4.22390917E-01  2.59960834E-02  4.39728203E-04
4.22689532E-01  2.53091622E-02  4.39710740E-04
4.22988147E-01  2.57578883E-02  4.40772914E-04
4.23286762E-01  2.58095507E-02  4.43937781E-04
4.23585377E-01  2.58212592E-02  4.41018725E-04
4.23883992E-01  2.51691751E-02  4.34532936E-04
4.24182607E-01  2.63408981E-02  4.44734440E-04
4.24481222E-01  2.58590188E-02  4.43152763E-04
4.24779837E-01  2.48767380E-02  4.32786183E-04
4.25078452E-01  2.56137997E-02  4.37475363E-04
4.25377067E-01  2.47172453E-02  4.32770932E-04
4.25675682E-01  2.56285612E-02  4.37408598E-04
4.25974297E-01  2.54717898E-02  4.39430121E-04
4.26272912E-01  2.58583035E-02  4.37899114E-04
4.26571527E-01  2.43880916E-02  4.29983978E-04
4.26870142E-01  2.59835068E-02  4.40335163E-04
4.27168757E-01  2.52120364E-02  4.34432062E-04
4.27467372E-01  2.52888501E-02  4.33636422E-04
4.27765987E-01  2.51834895E-02  4.35364404E-04
4.28064602E-01  2.53275968E-02  4.34748450E-04
4.28363217E-01  2.51119994E-02  4.34063666E-04
4.28661832E-01  2.55493652E-02  4.37140639E-04
4.28960447E-01  2.53204182E-02  4.34497255E-04
4.29259062E-01  2.62566842E-02  4.41866461E-04
4.29557677E-01  2.54102759E-02  4.35270864E-04
4.29856292E-01  2.52628122E-02  4.32174566E-04
4.30154907E-01  2.56800633E-02  4.36700415E-04
4.30453522E-01  2.51092315E-02  4.33368899E-04
4.30752137E-01  2.42343210E-02  4.24706261E-04
4.31050752E-01  2.53112223E-02  4.32307454E-04
4.31349367E-01  2.49272138E-02  4.29779524E-04
4.31647982E-01  2.55197436E-02  4.34665999E-04
4.31946597E-01  2.59745605E-02  4.40880511E-04
4.32245212E-01  2.56680381E-02  4.34677029E-04
4.32543827E-01  2.44071577E-02  4.26037586E-04
4.32842442E-01  2.53520329E-02  4.36649920E-04
4.33141057E-01  2.55322084E-02  4.33434645E-04
4.33439672E-01  2.53119916E-02  4.34352667E-04
4.33738287E-01  2.48074047E-02  4.27713880E-04
4.34036902E-01  2.55916268E-02  4.36651055E-04
4.34335517E-01  2.47765109E-02  4.29163221E-04
4.34634132E-01  2.51747984E-02  4.33083769E-04
4.34932747E-01  2.58184876E-02  4.36349772E-04
4.35231362E-01  2.50480995E-02  4.30077635E-04
4.35529977E-01  2.48808172E-02  4.31034627E-04
4.35828592E-01  2.45575700E-02  4.27557214E-04
4.36127207E-01  2.56960616E-02  4.34839953E-04
4.36425822E-01  2.54476462E-02  4.33500856E-04
4.36724437E-01  2.46644616E-02  4.27158317E-04
4.37023052E-01  2.54640393E-02  4.34221380E-04
4.37321667E-01  2.54369918E-02  4.31507506E-04
4.37620282E-01  2.49867905E-02  4.30806744E-04
4.37918897E-01  2.41547581E-02  4.22728073E-04
4.38217512E-01  2.52136309E-02  4.32664761E-04
4.38516127E-01  2.55338755E-02  4.32715402E-04
4.38814742E-01  2.46902537E-02  4.23372112E-04
4.39113357E-01  2.49989200E-02  4.29867330E-04
4.39411972E-01  2.53388397E-02  4.32589877E-04
4.39710587E-01  2.49407254E-02  4.27478517E-04
4.40009202E-01  2.48703212E-02  4.28480300E-04
4.40307817E-01  2.49090958E-02  4.25067410E-04
4.40606432E-01  2.50700284E-02  4.30200569E-04
4.40905047E-01  2.46551316E-02  4.25404753E-04
4.41203662E-01  2.45508105E-02  4.21912468E-04
4.41502277E-01  2.54914351E-02  4.32182394E-04
4.41800892E-01  2.47121770E-02  4.24873870E-04
4.42099507E-01  2.46132407E-02  4.24303144E-04
4.42398122E-01  2.51466483E-02  4.27753170E-04
4.42696737E-01  2.45172326E-02  4.22459823E-04
4.42995352E-01  2.52171867E-02  4.29388107E-04
4.43293967E-01  2.45825257E-02  4.25165810E-04
4.43592582E-01  2.50496846E-02  4.29283013E-04
4.43891197E-01  2.56913230E-02  4.30587563E-04
4.44189812E-01  2.45138966E-02  4.24296246E-04
4.44488427E-01  2.54861824E-02  4.30549146E-04
4.44787042E-01  2.45923065E-02  4.24510363E-04
4.45085657E-01  2.52320096E-02  4.28400235E-04
4.45384272E-01  2.53678747E-02  4.30211221E-04
4.45682887E-01  2.49662250E-02  4.29813779E-04
4.45981502E-01  2.53083222E-02  4.28585423E-04
4.46280117E-01  2.51786262E-02  4.28421103E-04
4.46578732E-01  2.54016798E-02  4.30598797E-04
4.46877347E-01  2.49087829E-02  4.27244930E-04
4.47175962E-01  2.61218641E-02  4.41919052E-04
4.47474577E-01  2.53695995E-02  4.28274216E-04
4.47773192E-01  2.61219777E-02  4.36763745E-04
4.48071807E-01  2.61513963E-02  4.37011360E-04
4.48370422E-01  2.53171809E-02  4.31215827E-04
4.48669037E-01  2.56153122E-02  4.32607136E-04
4.48967652E-01  2.52460334E-02  4.29009495E-04
4.49266267E-01  2.51195710E-02  4.29724110E-04
4.49564882E-01  2.56643519E-02  4.34552319E-04
4.49863497E-01  2.55168229E-02  4.31498018E-04
4.50162112E-01  2.47122925E-02  4.26137325E-04
4.50460727E-01  2.50100959E-02  4.28793515E-04
4.50759342E-01  2.50066184E-02  4.28859959E-04
4.51057957E-01  2.54249517E-02  4.31862863E-04
4.51356572E-01  2.54631974E-02  4.29365115E-04
4.51655187E-01  2.52653193E-02  4.31649358E-04
4.51953802E-01  2.54063550E-02  4.31236025E-04
4.52252417E-01  2.51121018E-02  4.33031644E-04
4.52551032E-01  2.51317937E-02  4.28058236E-04
4.52849647E-01  2.54767053E-02  4.31932654E-04
4.53148262E-01  2.57698335E-02  4.34412155E-04
4.53446877E-01  2.57208832E-02  4.33525391E-04
4.53745492E-01  2.51957811E-02  4.30022250E-04
4.54044107E-01  2.63425205E-02  4.40574455E-04
4.54342722E-01  2.48290543E-02  4.27072722E-04
4.54641337E-01  2.53596883E-02  4.32567758E-04
4.54939952E-01  2.55992338E-02  4.33077395E-04
4.55238567E-01  2.56974492E-02  4.33623441E-04
4.55537182E-01  2.58665774E-02  4.38039220E-04
4.55835797E-01  2.52793394E-02  4.31888882E-04
4.56134412E-01  2.52561215E-02  4.30550717E-04
4.56433027E-01  2.47603282E-02  4.26775368E-04
4.56731642E-01  2.50362940E-02  4.28299507E-04
4.57030257E-01  2.54650284E-02  4.33671143E-04
4.57328872E-01  2.49007978E-02  4.27800755E-04
4.57627487E-01  2.53931005E-02  4.31820488E-04
4.57926102E-01  2.56107226E-02  4.33955400E-04
4.58224717E-01  2.57262420E-02  4.36477072E-04
4.58523332E-01  2.64757797E-02  4.41324286E-04
4.58821947E-01  2.62225382E-02  4.36617993E-04
4.59120562E-01  2.56123487E-02  4.35611873E-04
4.59419177E-01  2.68926285E-02  4.46170190E-04
4.59717792E-01  2.53123064E-02  4.32768051E-04
4.60016407E-01  2.54685860E-02  4.32666449E-04
4.60315022E-01  2.53977906E-02  4.31401510E-04
4.60613637E-01  2.50686575E-02  4.30303800E-04
4.60912252E-01  2.52178311E-02  4.32928122E-04
4.61210867E-01  2.49732397E-02  4.28539672E-04
4.61509482E-01  2.63129380E-02  4.44515870E-04
4.61808097E-01  2.57401913E-02  4.49580344E-04
4.62106712E-01  2.51446869E-02  4.46246035E-04
4.62405327E-01  2.66150851E-02  4.63309145E-04
4.62703942E-01  2.57867593E-02  4.55494068E-04
4.63002557E-01  2.66831610E-02  4.71843552E-04
4.63301172E-01  2.59977002E-02  4.67385020E-04
4.63599787E-01  2.59022247E-02  4.69015446E-04
4.63898402E-01  2.57220399E-02  4.69539809E-04
4.64197017E-01  2.67337766E-02  4.79303184E-04
4.64495632E-01  2.52354927E-02  4.71547333E-04
4.64794247E-01  2.55369246E-02  4.75110719E-04
4.65092862E-01  2.58601550E-02  4.75721085E-04
4.65391477E-01  2.58587524E-02  4.82856383E-04
4.65690092E-01  2.58810408E-02  4.82935924E-04
4.65988707E-01  2.60706265E-02  4.88948426E-04
4.66287322E-01  2.61690207E-02  4.90276725E-04
4.66585937E-01  2.59048082E-02  4.88335500E-04
4.66884552E-01  2.58137975E-02  4.93507599E-04
4.67183167E-01  2.64821295E-02  5.01991424E-04
4.67481782E-01  2.63259076E-02  4.94345091E-04
4.67780397E-01  2.55804770E-02  4.94222273E-04
4.68079012E-01  2.65652463E-02  5.05386211E-04
4.68377627E-01  2.68655401E-02  5.11191669E-04
4.68676242E-01  2.57896520E-02  5.02025534E-04
4.68974857E-01  2.59364564E-02  5.03454416E-04
4.69273472E-01  2.51374580E-02  5.00353228E-04
4.69572087E-01  2.59884186E-02  5.07241988E-04
4.69870702E-01  2.61764228E-02  5.11203660E-04
4.70169317E-01  2.58909538E-02  5.11016697E-04
4.70467932E-01  2.61936616E-02  5.15088614E-04
4.70766547E-01  2.62185391E-02  5.20738307E-04
4.71065162E-01  2.54169535E-02  5.12559433E-04
4.71363777E-01  2.63296496E-02  5.18163666E-04
4.71662392E-01  2.57392842E-02  5.18217275E-04
4.71961007E-01  2.65209358E-02  5.27681899E-04
4.72259622E-01  2.54618041E-02  5.20823058E-04
4.72558237E-01  2.62259245E-02  5.25570707E-04
4.72856852E-01  2.64728479E-02  5.20377536E-04
4.73155467E-01  2.61137132E-02  5.12921775E-04
4.73454082E-01  2.58718487E-02  5.04486554E-04
4.73752697E-01  2.59656701E-02  4.97686095E-04
4.74051312E-01  2.57855114E-02  4.96242370E-04
4.74349927E-01  2.68666632E-02  5.03523799E-04
4.74648542E-01  2.71181501E-02  5.06020209E-04
4.74947157E-01  2.58972421E-02  4.89674276E-04
4.75245772E-01  2.63283011E-02  4.92914929E-04
4.75544387E-01  2.71738358E-02  4.99802874E-04
4.75843002E-01  2.59647388E-02  4.89639351E-04
4.76141617E-01  2.62299106E-02  4.87834797E-04
4.76440232E-01  2.68163159E-02  4.93393978E-04
4.76738847E-01  2.68931165E-02  4.92230989E-04
4.77037462E-01  2.66247839E-02  4.90035920E-04
4.77336077E-01  2.58800853E-02  4.84184187E-04
4.77634692E-01  2.67062858E-02  4.87506593E-04
4.77933307E-01  2.63942312E-02  4.85299592E-04
4.78231922E-01  2.59767994E-02  4.78515023E-04
4.78530537E-01  2.61122026E-02  4.84390592E-04
4.78829152E-01  2.66163405E-02  4.81709198E-04
4.79127767E-01  2.59646960E-02  4.77401918E-04
4.79426382E-01  2.67431252E-02  4.87205951E-04
4.79724997E-01  2.66444329E-02  4.84124263E-04
4.80023612E-01  2.51355581E-02  4.69107035E-04
4.80322227E-01  2.54214089E-02  4.69801162E-04
4.80620842E-01  2.59560477E-02  4.77081659E-04
4.80919457E-01  2.60288976E-02  4.76253481E-04
4.81218072E-01  2.54791938E-02  4.70708328E-04
4.81516687E-01  2.62971073E-02  4.79080394E-04
4.81815302E-01  2.62127649E-02  4.73630149E-04
4.82113917E-01  2.60952283E-02  4.77867259E-04
4.82412532E-01  2.67217066E-02  4.79936018E-04
4.82711147E-01  2.70562805E-02  4.81690862E-04
4.83009762E-01  2.58735232E-02  4.72383748E-04
4.83308377E-01  2.68731806E-02  4.82423173E-04
4.83606992E-01  2.60258261E-02  4.71950363E-04
4.83905607E-01  2.64369305E-02  4.77135618E-04
4.84204222E-01  2.60099284E-02  4.70965664E-04
4.84502837E-01  2.67872736E-02  4.81036055E-04
4.84801452E-01  2.60486342E-02  4.72286309E-04
4.85100067E-01  2.60270499E-02  4.68974904E-04
4.85398682E-01  2.59359125E-02  4.70784522E-04
4.85697297E-01  2.69937925E-02  4.80046147E-04
4.85995912E-01  2.66402345E-02  4.78241389E-04
4.86294527E-01  2.59687919E-02  4.68457787E-04
4.86593142E-01  2.68264748E-02  4.77221562E-04
4.86891757E-01  2.67317351E-02  4.77352412E-04
4.87190372E-01  2.64193937E-02  4.75042965E-04
4.87488987E-01  2.66831219E-02  4.72953368E-04
4.87787602E-01  2.70915627E-02  4.80192917E-04
4.88086217E-01  2.57696789E-02  4.66080906E-04
4.88384832E-01  2.71493495E-02  4.79487906E-04
4.88683447E-01  2.66496651E-02  4.76266694E-04
4.88982062E-01  2.59231683E-02  4.66648780E-04
4.89280677E-01  2.64663957E-02  4.74509376E-04
4.89579292E-01  2.68043727E-02  4.75476088E-04
4.89877907E-01  2.64005270E-02  4.71287698E-04
4.90176522E-01  2.74905283E-02  4.79713024E-04
4.90475137E-01  2.62928773E-02  4.70567233E-04
4.90773752E-01  2.61356402E-02  4.68805432E-04
4.91072367E-01  2.63066068E-02  4.70812956E-04
4.91370982E-01  2.66643520E-02  4.72694956E-04
4.91669597E-01  2.65231542E-02  4.72274318E-04
4.91968212E-01  2.61072163E-02  4.69505641E-04
4.92266827E-01  2.62858272E-02  4.70516388E-04
4.92565442E-01  2.64806189E-02  4.69659222E-04
4.92864057E-01  2.55805608E-02  4.63115110E-04
4.93162672E-01  2.63525713E-02  4.70882020E-04
4.93461287E-01  2.68239863E-02  4.75077162E-04
4.93759902E-01  2.64232829E-02  4.67760314E-04
4.94058517E-01  2.60646772E-02  4.66782221E-04
4.94357132E-01  2.68101729E-02  4.72467218E-04
4.94655747E-01  2.60051806E-02  4.68961633E-04
4.94954362E-01  2.55609378E-02  4.59162053E-04
4.95252977E-01  2.69999187E-02  4.74853441E-04
4.95551592E-01  2.64910664E-02  4.71777748E-04
4.95850207E-01  2.60681026E-02  4.67293372E-04
4.96148822E-01  2.62488369E-02  4.65768186E-04
4.96447437E-01  2.62337066E-02  4.68309736E-04
4.96746052E-01  2.62506027E-02  4.67643695E-04
4.97044667E-01  2.50090826E-02  4.59443312E-04
4.97343282E-01  2.63732579E-02  4.66072117E-04
4.97641897E-01  2.68540904E-02  4.69609164E-04
4.97940512E-01  2.66024414E-02  4.72191372E-04
4.98239127E-01  2.66001187E-02  4.70522267E-04
4.98537742E-01  2.58378014E-02  4.64660552E-04
4.98836357E-01  2.66576596E-02  4.69051767E-04
4.99134972E-01  2.66757309E-02  4.71196778E-04
4.99433587E-01  2.56223716E-02  4.63189412E-04
4.99732202E-01  2.63899956E-02  4.67390782E-04
5.00030817E-01  2.63745170E-02  4.66677709E-04
5.00329432E-01  2.62070876E-02  4.66350757E-04
5.00628047E-01  2.53774486E-02  4.58911789E-04
5.00926662E-01  2.67657787E-02  4.73897642E-04
5.01225277E-01  2.61730310E-02  4.63185075E-04
5.01523892E-01  2.61954516E-02  4.63727105E-04
5.01822507E-01  2.63681114E-02  4.67443286E-04
5.02121122E-01  2.65698861E-02  4.70281899E-04
5.02419737E-01  2.68095285E-02  4.71577951E-04
5.02718352E-01  2.67831571E-02  4.71114065E-04
5.03016967E-01  2.59086955E-02  4.63246513E-04
5.03315582E-01  2.56096665E-02  4.61829157E-04
5.03614197E-01  2.60765236E-02  4.62346798E-04
5.03912812E-01  2.66615450E-02  4.69702150E-04
5.04211427E-01  2.65763570E-02  4.67911013E-04
5.04510042E-01  2.63969656E-02  4.68765764E-04
5.04808657E-01  2.50895508E-02  4.53187211E-04
5.05107272E-01  2.69903298E-02  4.72715008E-04
5.05405887E-01  2.70985030E-02  4.71795880E-04
5.05704502E-01  2.60002166E-02  4.65702498E-04
5.06003117E-01  2.63861530E-02  4.66591533E-04
5.06301732E-01  2.66653243E-02  4.68823884E-04
5.06600347E-01  2.61341166E-02  4.62424010E-04
5.06898962E-01  2.64183767E-02  4.68040293E-04
5.07197577E-01  2.62789913E-02  4.67852573E-04
5.07496192E-01  2.66361274E-02  4.65370802E-04
5.07794807E-01  2.60899607E-02  4.66636731E-04
5.08093422E-01  2.59688515E-02  4.62331023E-04
5.08392037E-01  2.55099516E-02  4.59135976E-04
5.08690652E-01  2.68459041E-02  4.68464248E-04
5.08989267E-01  2.70890016E-02  4.72203363E-04
5.09287882E-01  2.67718602E-02  4.71061154E-04
5.09586497E-01  2.57553123E-02  4.60209878E-04
5.09885112E-01  2.60213725E-02  4.62241675E-04
5.10183727E-01  2.74768621E-02  4.75580426E-04
5.10482342E-01  2.75495835E-02  4.75275447E-04
5.10780957E-01  2.55686250E-02  4.59226052E-04
5.11079572E-01  2.65198331E-02  4.66771162E-04
5.11378187E-01  2.61467993E-02  4.63592820E-04
5.11676802E-01  2.70310808E-02  4.74887696E-04
5.11975417E-01  2.56222356E-02  4.57685906E-04
5.12274032E-01  2.61899233E-02  4.63411474E-04
5.12572647E-01  2.59003155E-02  4.61183954E-04
5.12871262E-01  2.60664094E-02  4.62094846E-04
5.13169877E-01  2.70826090E-02  4.74403962E-04
5.13468492E-01  2.61346474E-02  4.60562645E-04
5.13767107E-01  2.56563388E-02  4.58002905E-04
5.14065722E-01  2.68964358E-02  4.71722102E-04
5.14364337E-01  2.65069362E-02  4.67486476E-04
5.14662952E-01  2.57168598E-02  4.59449453E-04
5.14961567E-01  2.64313314E-02  4.64422832E-04
5.15260182E-01  2.58203372E-02  4.61740477E-04
5.15558797E-01  2.58563254E-02  4.60473675E-04
5.15857412E-01  2.50979438E-02  4.53338813E-04
5.16156027E-01  2.64924783E-02  4.66796104E-04
5.16454642E-01  2.63130069E-02  4.65443620E-04
5.16753257E-01  2.68969722E-02  4.69426857E-04
5.17051872E-01  2.52271984E-02  4.56418697E-04
5.17350487E-01  2.55264845E-02  4.55975503E-04
5.17649102E-01  2.69090924E-02  4.69424005E-04
5.17947717E-01  2.51975488E-02  4.53807355E-04
5.18246332E-01  2.65526269E-02  4.66194440E-04
5.18544947E-01  2.52979603E-02  4.56505077E-04
5.18843562E-01  2.60369182E-02  4.63469420E-04
5.19142177E-01  2.59785801E-02  4.60682641E-04
5.19440792E-01  2.57538203E-02  4.58575465E-04
5.19739407E-01  2.63444874E-02  4.64260578E-04
5.20038022E-01  2.52337325E-02  4.56611626E-04
5.20336637E-01  2.58005280E-02  4.59334318E-04
5.20635252E-01  2.57554483E-02  4.58822731E-04
5.20933867E-01  2.53105797E-02  4.55179135E-04
5.21232482E-01  2.62615308E-02  4.63086413E-04
5.21531097E-01  2.68967412E-02  4.70498926E-04
5.21829712E-01  2.61505265E-02  4.63586039E-04
5.22128327E-01  2.62540877E-02  4.63821285E-04
5.22426942E-01  2.61174869E-02  4.60474781E-04
5.22725557E-01  2.62111966E-02  4.63787874E-04
5.23024172E-01  2.70080287E-02  4.69864754E-04
5.23322787E-01  2.59289816E-02  4.61401942E-04
5.23621402E-01  2.69267838E-02  4.69161838E-04
5.23920017E-01  2.59143729E-02  4.62756667E-04
5.24218632E-01  2.57985927E-02  4.57778922E-04
5.24517247E-01  2.59783715E-02  4.60606534E-04
5.24815862E-01  2.57306546E-02  4.60210314E-04
5.25114477E-01  2.67236903E-02  4.66829399E-04
5.25413092E-01  2.50848830E-02  4.53398854E-04
5.25711707E-01  2.60704979E-02  4.62676544E-04
5.26010322E-01  2.54101083E-02  4.54331806E-04
5.26308937E-01  2.57971343E-02  4.59346717E-04
5.26607552E-01  2.49345265E-02  4.51493193E-04
5.26906167E-01  2.59630959E-02  4.60263342E-04
5.27204782E-01  2.61768047E-02  4.65002755E-04
5.27503397E-01  2.58100014E-02  4.59357398E-04
5.27802012E-01  2.56511047E-02  4.58055438E-04
5.28100627E-01  2.56744716E-02  4.59278905E-04
5.28399242E-01  2.59458460E-02  4.57448594E-04
5.28697857E-01  2.57684030E-02  4.59783681E-04
5.28996472E-01  2.52225474E-02  4.54110297E-04
5.29295087E-01  2.55366825E-02  4.58504481E-04
5.29593702E-01  2.52302401E-02  4.52856446E-04
5.29892317E-01  2.58802399E-02  4.59662086E-04
5.30190932E-01  2.50310805E-02  4.54061053E-04
5.30489547E-01  2.62819603E-02  4.63446631E-04
5.30788162E-01  2.47714892E-02  4.49056650E-04
5.31086777E-01  2.56826840E-02  4.58473165E-04
5.31385392E-01  2.52068751E-02  4.52000415E-04
5.31684007E-01  2.47458778E-02  4.50148305E-04
5.31982622E-01  2.57079639E-02  4.58705268E-04
5.32281237E-01  2.56874412E-02  4.58412047E-04
5.32579852E-01  2.53163017E-02  4.55872156E-04
5.32878467E-01  2.51520388E-02  4.53502842E-04
5.33177082E-01  2.54891682E-02  4.57430229E-04
5.33475697E-01  2.56656427E-02  4.55778674E-04
5.33774312E-01  2.54176594E-02  4.55341098E-04
5.34072927E-01  2.51786765E-02  4.56213311E-04
5.34371542E-01  2.53389478E-02  4.53204382E-04
5.34670157E-01  2.50070971E-02  4.49358195E-04
5.34968772E-01  2.55451426E-02  4.58508584E-04
5.35267387E-01  2.52801850E-02  4.54118795E-04
5.35566002E-01  2.51217615E-02  4.54585475E-04
5.35864617E-01  2.58383136E-02  4.57548245E-04
5.36163232E-01  2.54993755E-02  4.57318936E-04
5.36461847E-01  2.57034265E-02  4.58697323E-04
5.36760462E-01  2.62719858E-02  4.62839205E-04
5.37059077E-01  2.49476396E-02  4.50256804E-04
5.37357692E-01  2.58149337E-02  4.61054471E-04
5.37656307E-01  2.49120966E-02  4.49176587E-04
5.37954922E-01  2.51406468E-02  4.56574693E-04
5.38253537E-01  2.55544484E-02  4.52096428E-04
5.38552152E-01  2.56330986E-02  4.57078480E-04
5.38850767E-01  2.64612548E-02  4.65884485E-04
5.39149382E-01  2.55925413E-02  4.58400405E-04
5.39447997E-01  2.56012268E-02  4.56800772E-04
5.39746612E-01  2.45114230E-02  4.47739207E-04
5.40045227E-01  2.55839303E-02  4.55984293E-04
5.40343842E-01  2.49941200E-02  4.53018059E-04
5.40642457E-01  2.54547521E-02  4.55057307E-04
5.40941072E-01  2.54217833E-02  4.54322755E-04
5.41239687E-01  2.48449855E-02  4.53680928E-04
5.41538302E-01  2.53671221E-02  4.55166679E-04
5.41836917E-01  2.50733532E-02  4.52084147E-04
5.42135532E-01  2.45670322E-02  4.44474746E-04
5.42434147E-01  2.47716382E-02  4.49799030E-04
5.42732762E-01  2.57395115E-02  4.59854142E-04
5.43031377E-01  2.58887075E-02  4.62667347E-04
5.43329992E-01  2.54931916E-02  4.53002052E-04
5.43628607E-01  2.52544843E-02  4.54170309E-04
5.43927222E-01  2.46042293E-02  4.48835839E-04
5.44225837E-01  2.47636642E-02  4.50621010E-04
5.44524452E-01  2.48008054E-02  4.47679631E-04
5.44823067E-01  2.48262659E-02  4.50642401E-04
5.45121682E-01  2.49617659E-02  4.51321015E-04
5.45420297E-01  2.50762459E-02  4.52577864E-04
5.45718912E-01  2.54868008E-02  4.55048896E-04
5.46017527E-01  2.52154600E-02  4.53615270E-04
5.46316142E-01  2.46782973E-02  4.48104169E-04
5.46614757E-01  2.44920719E-02  4.49263491E-04
5.46913372E-01  2.45930720E-02  4.45602724E-04
5.47211987E-01  2.52940673E-02  4.54441499E-04
5.47510602E-01  2.48813070E-02  4.51492786E-04
5.47809217E-01  2.46024244E-02  4.47316794E-04
5.48107832E-01  2.51359269E-02  4.54469933E-04
5.48406447E-01  2.51397472E-02  4.52399632E-04
5.48705062E-01  2.56096181E-02  4.55502566E-04
5.49003677E-01  2.39912383E-02  4.44663572E-04
5.49302292E-01  2.49182824E-02  4.48124163E-04
5.49600907E-01  2.44153291E-02  4.47479513E-04
5.49899522E-01  2.54507046E-02  4.55421803E-04
5.50198137E-01  2.52563711E-02  4.55014349E-04
5.50496752E-01  2.43191514E-02  4.44970094E-04
5.50795367E-01  2.56518759E-02  4.55893780E-04
5.51093982E-01  2.48075984E-02  4.49859101E-04
5.51392597E-01  2.53517628E-02  4.55993519E-04
5.51691212E-01  2.43319478E-02  4.45204234E-04
5.51989827E-01  2.54152864E-02  4.54788009E-04
5.52288442E-01  2.42150687E-02  4.41883749E-04
5.52587057E-01  2.51552258E-02  4.52019973E-04
5.52885672E-01  2.36514118E-02  4.38515737E-04
5.53184287E-01  2.44335048E-02  4.43878846E-04
5.53482902E-01  2.43671499E-02  4.43920464E-04
5.53781517E-01  2.46607233E-02  4.47563769E-04
5.54080132E-01  2.46494189E-02  4.47137747E-04
5.54378747E-01  2.44572777E-02  4.41766577E-04
5.54677362E-01  2.55632401E-02  4.53817134E-04
5.54975977E-01  2.49340404E-02  4.49718471E-04
5.55274592E-01  2.48183720E-02  4.47268627E-04
5.55573207E-01  2.48954464E-02  4.43080469E-04
5.55871822E-01  2.45847180E-02  4.43562312E-04
5.56170437E-01  2.48115826E-02  4.46783670E-04
5.56469052E-01  2.46216357E-02  4.45608515E-04
5.56767667E-01  2.44671833E-02  4.41873446E-04
5.57066282E-01  2.54980437E-02  4.51735250E-04
5.57364897E-01  2.42853556E-02  4.37733863E-04
5.57663512E-01  2.53060590E-02  4.49605810E-04
5.57962127E-01  2.51223706E-02  4.46483231E-04
5.58260742E-01  2.45568641E-02  4.39146039E-04
5.58559357E-01  2.39593778E-02  4.38534102E-04
5.58857972E-01  2.52274368E-02  4.49345098E-04
5.59156587E-01  2.49345545E-02  4.42516786E-04
5.59455202E-01  2.49130707E-02  4.44947218E-04
5.59753817E-01  2.48992573E-02  4.42727789E-04
5.60052432E-01  2.41771117E-02  4.37706825E-04
5.60351047E-01  2.44110338E-02  4.38576593E-04
5.60649662E-01  2.47098319E-02  4.39498632E-04
5.60948277E-01  2.45830975E-02  4.39194002E-04
5.61246892E-01  2.44238973E-02  4.38595394E-04
5.61545507E-01  2.38055568E-02  4.32399713E-04
5.61844122E-01  2.47018375E-02  4.37904266E-04
5.62142737E-01  2.47623734E-02  4.42255754E-04
5.62441352E-01  2.46971566E-02  4.38580028E-04
5.62739967E-01  2.46400479E-02  4.37565875E-04
5.63038582E-01  2.42036488E-02  4.34991118E-04
5.63337197E-01  2.47689076E-02  4.38611052E-04
5.63635812E-01  2.44446173E-02  4.39109106E-04
5.63934427E-01  2.36549452E-02  4.28043015E-04
5.64233042E-01  2.37312112E-02  4.27745661E-04
5.64531657E-01  2.48664543E-02  4.39993659E-04
5.64830272E-01  2.45951451E-02  4.37182287E-04
5.65128887E-01  2.42320299E-02  4.34449990E-04
5.65427502E-01  2.46314779E-02  4.35291120E-04
5.65726117E-01  2.47330647E-02  4.37701936E-04
5.66024732E-01  2.43396647E-02  4.33807669E-04
5.66323347E-01  2.49039773E-02  4.39216063E-04
5.66621962E-01  2.44736727E-02  4.31627035E-04
5.66920577E-01  2.39682179E-02  4.30690357E-04
5.67219192E-01  2.47295797E-02  4.38189541E-04
5.67517807E-01  2.44431496E-02  4.35444643E-04
5.67816422E-01  2.47015785E-02  4.32364090E-04
5.68115037E-01  2.35455539E-02  4.25021077E-04
5.68413652E-01  2.38382779E-02  4.28148109E-04
5.68712267E-01  2.47382279E-02  4.36157221E-04
5.69010882E-01  2.45569143E-02  4.33364796E-04
5.69309497E-01  2.52265204E-02  4.39537107E-04
5.69608112E-01  2.41169836E-02  4.30454587E-04
5.69906727E-01  2.39621550E-02  4.27895633E-04
5.70205342E-01  2.40929406E-02  4.27311490E-04
5.70503957E-01  2.42733229E-02  4.32350673E-04
5.70802572E-01  2.44884491E-02  4.33169509E-04
5.71101187E-01  2.41582971E-02  4.31329390E-04
5.71399802E-01  2.39621494E-02  4.27418767E-04
5.71698417E-01  2.41384842E-02  4.29676409E-04
5.71997032E-01  2.40294896E-02  4.30680288E-04
5.72295647E-01  2.43595112E-02  4.33130714E-04
5.72594262E-01  2.35638525E-02  4.24246944E-04
5.72892877E-01  2.50203591E-02  4.34103917E-04
5.73191492E-01  2.41771229E-02  4.31116147E-04
5.73490107E-01  2.51307487E-02  4.40551463E-04
5.73788722E-01  2.45461073E-02  4.33106645E-04
5.74087337E-01  2.48813871E-02  4.37256385E-04
5.74385952E-01  2.53091492E-02  4.42119141E-04
5.74684567E-01  2.42271107E-02  4.31870198E-04
5.74983182E-01  2.40303706E-02  4.27955383E-04
5.75281797E-01  2.48096269E-02  4.33657871E-04
5.75580412E-01  2.46658716E-02  4.36171453E-04
5.75879027E-01  2.38106232E-02  4.27169405E-04
5.76177642E-01  2.36952230E-02  4.26819723E-04
5.76476257E-01  2.48166472E-02  4.34911490E-04
5.76774872E-01  2.42827367E-02  4.32381174E-04
5.77073487E-01  2.44032908E-02  4.33156587E-04
5.77372102E-01  2.37636790E-02  4.28330852E-04
5.77670717E-01  2.50044484E-02  4.36463568E-04
5.77969332E-01  2.42637359E-02  4.31427761E-04
5.78267947E-01  2.39980780E-02  4.30048240E-04
5.78566562E-01  2.40494367E-02  4.29522741E-04
5.78865177E-01  2.50741076E-02  4.36682749E-04
5.79163792E-01  2.39283219E-02  4.28935949E-04
5.79462407E-01  2.41686571E-02  4.30691376E-04
5.79761022E-01  2.39178538E-02  4.30132699E-04
5.80059637E-01  2.31638718E-02  4.19156917E-04
5.80358252E-01  2.42795534E-02  4.31982218E-04
5.80656867E-01  2.35964935E-02  4.26845567E-04
5.80955482E-01  2.41140705E-02  4.31503722E-04


### HEADER:
#
#{
#    "analysis": {},
#    "calibration_params": {
#        "Beam_Center_X": 1061.0,
#        "Beam_Center_Y": 2093.0,
#        "Detector Tilt": 0.0,
#        "Detector Tilt Plane Rotation": 0.0,
#        "Detector_X_Pixel_Size": 75.0,
#        "Detector_Y_Pixel_Size": 75.0,
#        "Integration Method": "nosplit_csr",
#        "Radial_Average_Method": "pyFAI",
#        "Sample-to-detector distance (mm)": 1782.0,
#        "Wavelength (A)": 0.8823505857220345
#    },
#    "config_file": "/Users/jwinnikoff/Library/Application Support/RAW/backup.cfg",
#    "counters": {
#        "Epoch": "333.501",
#        "I1": "0",
#        "I2": "0",
#        "I3": "0",
#        "Seconds": "1",
#        "Time": "2.40803e-05",
#        "date": "Tue Feb 21 00:21:16 2023",
#        "diode": "46834"
#    },
#    "filename": "JWL0316A_04-80C_lh_26_data_000001_00001.h5",
#    "history": {},
#    "imageHeader": {},
#    "load_path": "/Users/jwinnikoff/Documents/MBARI/SAXS/HPSAXS_7A_Feb2023/JWL0316A_AL95_pPCSlp/JWL0316A_04-80C_lh_26_data_000001.h5",
#    "normalizations": {
#        "Absolute_scale": {
#            "Absolute_scale_factor": 0.005174693841759343,
#            "Method": "Water"
#        },
#        "Counter_norms": [
#            [
#                "/",
#                "diode/150000"
#            ]
#        ],
#        "Polarization": {
#            "Used": false
#        },
#        "Solid_Angle_Correction": "On"
#    },
#    "raw_version": "2.1.4"
#}

