### DATA:
#
# 1908
#      Q             I(Q)           Error     
1.14966775E-02  0.00000000E+00  0.00000000E+00
1.17952925E-02  4.58539188E-01  2.53572762E-02
1.20939075E-02  4.48723465E-01  1.77373514E-02
1.23925225E-02  4.22080576E-01  1.40459621E-02
1.26911375E-02  3.89746189E-01  1.26784444E-02
1.29897525E-02  3.79000187E-01  1.21501880E-02
1.32883675E-02  3.49127293E-01  1.12040276E-02
1.35869825E-02  3.35890740E-01  1.04659684E-02
1.38855975E-02  3.12790424E-01  9.46113840E-03
1.41842125E-02  2.97458798E-01  9.42061376E-03
1.44828275E-02  2.98857391E-01  9.34385695E-03
1.47814425E-02  2.89251268E-01  8.91799852E-03
1.50800575E-02  2.71274388E-01  8.31644982E-03
1.53786725E-02  2.55347848E-01  7.59950373E-03
1.56772875E-02  2.40913704E-01  7.44184945E-03
1.59759025E-02  2.36181542E-01  6.87842583E-03
1.62745175E-02  2.16766909E-01  6.49748696E-03
1.65731325E-02  2.19554812E-01  6.63189543E-03
1.68717475E-02  2.09664196E-01  5.95166348E-03
1.71703625E-02  1.96878269E-01  6.06713444E-03
1.74689775E-02  1.86278477E-01  5.44822961E-03
1.77675925E-02  1.84606239E-01  5.33356983E-03
1.80662075E-02  1.86635226E-01  5.58177987E-03
1.83648225E-02  1.77171260E-01  4.88759903E-03
1.86634375E-02  1.69895977E-01  5.00778202E-03
1.89620525E-02  1.60409167E-01  4.58499091E-03
1.92606675E-02  1.60317227E-01  4.64931829E-03
1.95592825E-02  1.53974801E-01  4.60087741E-03
1.98578975E-02  1.50832519E-01  4.21589706E-03
2.01565125E-02  1.49449304E-01  4.34511760E-03
2.04551275E-02  1.39559463E-01  3.94103676E-03
2.07537425E-02  1.33534595E-01  3.76639748E-03
2.10523575E-02  1.32078961E-01  3.53754754E-03
2.13509725E-02  1.27874002E-01  3.26702814E-03
2.16495875E-02  1.24213278E-01  3.21038510E-03
2.19482025E-02  1.20367840E-01  2.92710750E-03
2.22468175E-02  1.22543275E-01  3.08976276E-03
2.25454325E-02  1.09560989E-01  2.67940154E-03
2.28440475E-02  1.12319589E-01  2.77862209E-03
2.31426625E-02  1.09620921E-01  2.64936360E-03
2.34412775E-02  1.09874658E-01  2.54971464E-03
2.37398925E-02  1.06828094E-01  2.60944711E-03
2.40385075E-02  1.02833770E-01  2.40649725E-03
2.43371225E-02  1.01482220E-01  2.39063101E-03
2.46357375E-02  9.90508720E-02  2.42599845E-03
2.49343525E-02  9.25182775E-02  2.22951779E-03
2.52329675E-02  9.23612192E-02  2.33769673E-03
2.55315825E-02  9.18754190E-02  2.18441640E-03
2.58301975E-02  8.77083018E-02  2.14626058E-03
2.61288125E-02  8.29029754E-02  2.15641782E-03
2.64274275E-02  8.89589116E-02  2.09213747E-03
2.67260425E-02  8.49555135E-02  2.15301616E-03
2.70246575E-02  8.38978067E-02  2.00382434E-03
2.73232725E-02  8.67887363E-02  2.10369891E-03
2.76218875E-02  8.37170184E-02  2.09686090E-03
2.79205025E-02  8.07288885E-02  1.98260718E-03
2.82191175E-02  7.98820481E-02  1.96536933E-03
2.85177325E-02  7.72193521E-02  1.89985789E-03
2.88163475E-02  7.79712573E-02  1.96907157E-03
2.91149625E-02  7.95412585E-02  1.93143240E-03
2.94135775E-02  7.76300728E-02  1.88613730E-03
2.97121925E-02  7.07667917E-02  1.81572733E-03
3.00108075E-02  7.11597875E-02  1.76038896E-03
3.03094225E-02  6.94016069E-02  1.81632314E-03
3.06080375E-02  7.42547810E-02  1.81813620E-03
3.09066525E-02  6.96386322E-02  1.73608982E-03
3.12052675E-02  6.80917725E-02  1.76936365E-03
3.15038825E-02  6.48088083E-02  1.65201782E-03
3.18024975E-02  7.00714216E-02  1.74417137E-03
3.21011125E-02  6.75948039E-02  1.65755209E-03
3.23997275E-02  6.52222782E-02  1.58513954E-03
3.26983425E-02  6.40827194E-02  1.58434326E-03
3.29969575E-02  6.36804998E-02  1.49228401E-03
3.32955725E-02  6.60934746E-02  1.52029435E-03
3.35941875E-02  6.45821840E-02  1.43303827E-03
3.38928025E-02  6.46879375E-02  1.47667807E-03
3.41914175E-02  6.16759583E-02  1.39883917E-03
3.44900325E-02  6.22898452E-02  1.39633846E-03
3.47886474E-02  6.02326244E-02  1.34920562E-03
3.50872624E-02  6.29582927E-02  1.35339424E-03
3.53858774E-02  6.15405217E-02  1.38023484E-03
3.56844924E-02  6.24169931E-02  1.33651868E-03
3.59831074E-02  5.99369295E-02  1.28755276E-03
3.62817224E-02  5.83860055E-02  1.30197522E-03
3.65803374E-02  5.68563119E-02  1.24546012E-03
3.68789524E-02  5.80457672E-02  1.30087312E-03
3.71775674E-02  5.81514314E-02  1.27200049E-03
3.74761824E-02  5.99146113E-02  1.25670410E-03
3.77747974E-02  5.78487739E-02  1.24069315E-03
3.80734124E-02  5.84383756E-02  1.22736115E-03
3.83720274E-02  5.62301129E-02  1.24343275E-03
3.86706424E-02  5.74650429E-02  1.19744835E-03
3.89692574E-02  5.63308373E-02  1.22083898E-03
3.92678724E-02  5.87791800E-02  1.25660805E-03
3.95664874E-02  5.48451692E-02  1.16983475E-03
3.98651024E-02  5.53679168E-02  1.17644412E-03
4.01637174E-02  5.41586280E-02  1.14430988E-03
4.04623324E-02  5.41229136E-02  1.18444778E-03
4.07609474E-02  5.52723072E-02  1.15502090E-03
4.10595624E-02  5.30521013E-02  1.15467154E-03
4.13581774E-02  5.37679233E-02  1.14116061E-03
4.16567924E-02  5.29302731E-02  1.10947620E-03
4.19554074E-02  5.52074276E-02  1.16542971E-03
4.22540224E-02  5.25812730E-02  1.12849905E-03
4.25526374E-02  5.14737517E-02  1.10143668E-03
4.28512524E-02  5.11103310E-02  1.10124983E-03
4.31498674E-02  5.39608039E-02  1.11837371E-03
4.34484824E-02  5.33576608E-02  1.14674761E-03
4.37470974E-02  5.35867736E-02  1.10004074E-03
4.40457124E-02  5.12137376E-02  1.08064141E-03
4.43443274E-02  5.27060516E-02  1.11736602E-03
4.46429424E-02  5.24007492E-02  1.08955626E-03
4.49415574E-02  5.34626432E-02  1.13596139E-03
4.52401724E-02  5.12647703E-02  1.06318179E-03
4.55387874E-02  5.24284206E-02  1.09249586E-03
4.58374024E-02  5.26333489E-02  1.09462929E-03
4.61360174E-02  5.18026389E-02  1.07043039E-03
4.64346324E-02  5.26913553E-02  1.10060652E-03
4.67332474E-02  5.24908639E-02  1.06417399E-03
4.70318624E-02  5.35545349E-02  1.10686733E-03
4.73304774E-02  5.04618958E-02  1.06835051E-03
4.76290924E-02  5.23225628E-02  1.06492836E-03
4.79277074E-02  5.23686707E-02  1.05887162E-03
4.82263224E-02  5.27360067E-02  1.05535355E-03
4.85249374E-02  5.16738817E-02  1.07677293E-03
4.88235524E-02  5.22520766E-02  1.05608255E-03
4.91221674E-02  5.18976711E-02  1.04614545E-03
4.94207824E-02  4.99764346E-02  1.03757926E-03
4.97193974E-02  5.12327850E-02  1.03169517E-03
5.00180124E-02  5.17051108E-02  1.06523593E-03
5.03166274E-02  5.31322397E-02  1.04909413E-03
5.06152424E-02  5.07808849E-02  1.02866150E-03
5.09138574E-02  5.02673201E-02  1.03583431E-03
5.12124724E-02  5.30186482E-02  1.03580498E-03
5.15110874E-02  5.13781160E-02  1.03778287E-03
5.18097024E-02  5.15354238E-02  1.02417462E-03
5.21083174E-02  5.18936776E-02  1.02624041E-03
5.24069324E-02  5.02210557E-02  1.01029791E-03
5.27055474E-02  5.02566062E-02  1.00412848E-03
5.30041624E-02  5.02811559E-02  1.02359126E-03
5.33027774E-02  5.18579446E-02  1.01565162E-03
5.36013924E-02  5.25336899E-02  1.02809793E-03
5.39000074E-02  5.10379001E-02  9.96347633E-04
5.41986224E-02  5.03277108E-02  1.00918149E-03
5.44972374E-02  5.19727953E-02  1.01247837E-03
5.47958524E-02  4.96765114E-02  9.82970931E-04
5.50944674E-02  5.05579263E-02  1.00713805E-03
5.53930824E-02  4.97644171E-02  9.77088581E-04
5.56916974E-02  5.19583970E-02  9.92976595E-04
5.59903124E-02  5.02208024E-02  9.96672083E-04
5.62889274E-02  4.94904146E-02  9.67799162E-04
5.65875424E-02  5.27415387E-02  1.01708539E-03
5.68861574E-02  5.13452254E-02  9.85768973E-04
5.71847724E-02  5.20434342E-02  9.85819614E-04
5.74833874E-02  5.14973514E-02  9.91250621E-04
5.77820024E-02  5.17376922E-02  9.81614459E-04
5.80806174E-02  5.16754054E-02  1.00535050E-03
5.83792324E-02  5.25671169E-02  9.77834221E-04
5.86778474E-02  5.32047451E-02  9.99425538E-04
5.89764624E-02  5.19137010E-02  9.97971394E-04
5.92750774E-02  5.21396212E-02  9.59643046E-04
5.95736924E-02  5.11585698E-02  9.80020501E-04
5.98723074E-02  5.30897006E-02  9.77626303E-04
6.01709224E-02  5.10683693E-02  9.57606710E-04
6.04695374E-02  5.23910858E-02  9.85184801E-04
6.07681524E-02  5.18509932E-02  9.69897781E-04
6.10667674E-02  5.30715697E-02  9.86365019E-04
6.13653824E-02  5.20345233E-02  9.54480725E-04
6.16639974E-02  5.27565666E-02  9.73308750E-04
6.19626124E-02  5.23339845E-02  9.70646914E-04
6.22612274E-02  5.23348860E-02  9.52488510E-04
6.25598424E-02  5.31108901E-02  9.80346347E-04
6.28584574E-02  5.18422164E-02  9.52717965E-04
6.31570724E-02  5.34238331E-02  9.75706556E-04
6.34556874E-02  5.24347089E-02  9.40693717E-04
6.37543024E-02  5.05669825E-02  9.36265104E-04
6.40529174E-02  5.20162433E-02  9.62768623E-04
6.43515324E-02  5.41768670E-02  9.63763217E-04
6.46501474E-02  5.40399887E-02  9.83195496E-04
6.49487624E-02  5.28608114E-02  9.36653814E-04
6.52473774E-02  5.30426204E-02  9.46134271E-04
6.55459924E-02  5.24920449E-02  9.51573893E-04
6.58446074E-02  5.20470291E-02  9.37214005E-04
6.61432224E-02  5.25094196E-02  9.51732451E-04
6.64418374E-02  5.45228459E-02  9.45688284E-04
6.67404524E-02  5.48685491E-02  9.61128157E-04
6.70390674E-02  5.42277247E-02  9.60121164E-04
6.73376824E-02  5.50015494E-02  9.41608625E-04
6.76362974E-02  5.37462756E-02  9.53541836E-04
6.79349124E-02  5.36229424E-02  9.31341317E-04
6.82335274E-02  5.67540303E-02  9.64847452E-04
6.85321424E-02  5.42000569E-02  9.54113959E-04
6.88307574E-02  5.47423996E-02  9.39930906E-04
6.91293724E-02  5.25379181E-02  9.34903510E-04
6.94279874E-02  5.49413599E-02  9.33087722E-04
6.97266024E-02  5.42119108E-02  9.42994142E-04
7.00252174E-02  5.44037558E-02  9.37021396E-04
7.03238324E-02  5.43036275E-02  9.28708236E-04
7.06224474E-02  5.73912822E-02  9.69121058E-04
7.09210624E-02  5.54922372E-02  9.40951926E-04
7.12196774E-02  5.47167882E-02  9.32236202E-04
7.15182924E-02  5.52477762E-02  9.16226534E-04
7.18169074E-02  5.68039902E-02  9.54183692E-04
7.21155224E-02  5.68151772E-02  9.51023132E-04
7.24141374E-02  5.64451776E-02  9.42587561E-04
7.27127524E-02  5.71129844E-02  9.43919586E-04
7.30113674E-02  5.65598682E-02  9.32108611E-04
7.33099824E-02  5.91277145E-02  9.58295946E-04
7.36085974E-02  5.90073317E-02  9.60516918E-04
7.39072124E-02  5.71085587E-02  9.27522138E-04
7.42058274E-02  5.72615191E-02  9.48319153E-04
7.45044424E-02  5.77368960E-02  9.35631746E-04
7.48030574E-02  5.89413121E-02  9.51533148E-04
7.51016724E-02  5.75250275E-02  9.39004240E-04
7.54002874E-02  6.00770563E-02  9.44252999E-04
7.56989024E-02  5.98017871E-02  9.58455494E-04
7.59975174E-02  5.88809624E-02  9.35798103E-04
7.62961324E-02  6.00813217E-02  9.48311004E-04
7.65947474E-02  5.93124330E-02  9.39221762E-04
7.68933624E-02  5.97217567E-02  9.43458756E-04
7.71919774E-02  6.05314337E-02  9.60090954E-04
7.74905924E-02  6.08916767E-02  9.41711420E-04
7.77892074E-02  6.08637333E-02  9.47417400E-04
7.80878224E-02  6.21628538E-02  9.49521607E-04
7.83864374E-02  6.22309446E-02  9.48571891E-04
7.86850524E-02  6.21496364E-02  9.63473401E-04
7.89836674E-02  6.20426536E-02  9.50573187E-04
7.92822824E-02  6.10860661E-02  9.35477961E-04
7.95808974E-02  6.40347004E-02  9.49104957E-04
7.98795124E-02  6.10439666E-02  9.44857951E-04
8.01781274E-02  6.34034872E-02  9.71081026E-04
8.04767424E-02  6.23155423E-02  9.38163663E-04
8.07753574E-02  6.41586855E-02  9.61671351E-04
8.10739724E-02  6.43753037E-02  9.52585076E-04
8.13725874E-02  6.49945810E-02  9.53331881E-04
8.16712024E-02  6.44788891E-02  9.65062587E-04
8.19698174E-02  6.55338243E-02  9.47876018E-04
8.22684324E-02  6.51657209E-02  9.65232670E-04
8.25670474E-02  6.71124682E-02  9.67778149E-04
8.28656624E-02  6.70275241E-02  9.73973889E-04
8.31642774E-02  7.00582638E-02  9.81975114E-04
8.34628924E-02  6.98651597E-02  9.81585355E-04
8.37615074E-02  6.83083832E-02  9.85228457E-04
8.40601224E-02  6.99774623E-02  9.76630370E-04
8.43587374E-02  7.09105060E-02  9.86964675E-04
8.46573524E-02  7.09302276E-02  9.82303871E-04
8.49559674E-02  7.07345158E-02  9.87677253E-04
8.52545824E-02  7.30492249E-02  1.00568787E-03
8.55531974E-02  7.33697414E-02  9.91392531E-04
8.58518124E-02  7.48077333E-02  1.00587658E-03
8.61504274E-02  7.68429488E-02  1.00882340E-03
8.64490424E-02  7.88857192E-02  1.03895972E-03
8.67476574E-02  7.83611014E-02  1.03348540E-03
8.70462724E-02  7.93427005E-02  1.02269184E-03
8.73448874E-02  8.02463442E-02  1.03632140E-03
8.76435024E-02  8.55451673E-02  1.05942856E-03
8.79421174E-02  8.38428512E-02  1.06592337E-03
8.82407324E-02  8.59431848E-02  1.07504602E-03
8.85393474E-02  8.96056443E-02  1.08226005E-03
8.88379624E-02  9.07896608E-02  1.09760184E-03
8.91365774E-02  9.21439752E-02  1.09139783E-03
8.94351924E-02  9.71838981E-02  1.12920592E-03
8.97338074E-02  1.00166380E-01  1.14002218E-03
9.00324224E-02  1.03536248E-01  1.15583802E-03
9.03310374E-02  1.05715685E-01  1.18105183E-03
9.06296524E-02  1.12851620E-01  1.20560813E-03
9.09282674E-02  1.17028847E-01  1.22659351E-03
9.12268824E-02  1.23877123E-01  1.25966605E-03
9.15254974E-02  1.27302364E-01  1.27232412E-03
9.18241124E-02  1.37064978E-01  1.33978820E-03
9.21227274E-02  1.46367356E-01  1.37175864E-03
9.24213424E-02  1.57281056E-01  1.39784673E-03
9.27199574E-02  1.67858064E-01  1.45704846E-03
9.30185724E-02  1.82174772E-01  1.52065966E-03
9.33171874E-02  1.99098945E-01  1.60579325E-03
9.36158024E-02  2.19562322E-01  1.62866793E-03
9.39144174E-02  2.43557513E-01  1.75988022E-03
9.42130324E-02  2.72184342E-01  1.85039570E-03
9.45116474E-02  3.05535436E-01  1.95175526E-03
9.48102624E-02  3.52002919E-01  2.10429635E-03
9.51088774E-02  4.00142878E-01  2.20058113E-03
9.54074924E-02  4.40580606E-01  2.33957870E-03
9.57061074E-02  4.80491996E-01  2.43678619E-03
9.60047224E-02  4.99539375E-01  2.48680986E-03
9.63033374E-02  5.15952766E-01  2.50315084E-03
9.66019524E-02  5.07282674E-01  2.49502738E-03
9.69005674E-02  4.81965184E-01  2.42561335E-03
9.71991824E-02  4.47450370E-01  2.33107153E-03
9.74977974E-02  4.08758253E-01  2.22033192E-03
9.77964124E-02  3.68833870E-01  2.10189912E-03
9.80950274E-02  3.33115131E-01  2.01132125E-03
9.83936424E-02  3.00562292E-01  1.91134901E-03
9.86922574E-02  2.76806712E-01  1.83267484E-03
9.89908724E-02  2.52015829E-01  1.73007674E-03
9.92894874E-02  2.31604815E-01  1.65364530E-03
9.95881024E-02  2.12079778E-01  1.59521610E-03
9.98867174E-02  1.97026014E-01  1.54284830E-03
1.00185332E-01  1.83697969E-01  1.45627023E-03
1.00483947E-01  1.71049923E-01  1.42774789E-03
1.00782562E-01  1.60109788E-01  1.36462704E-03
1.01081177E-01  1.54888004E-01  1.35574886E-03
1.01379792E-01  1.46863431E-01  1.31516554E-03
1.01678407E-01  1.41674504E-01  1.27785164E-03
1.01977022E-01  1.33049086E-01  1.25178671E-03
1.02275637E-01  1.29433662E-01  1.23466284E-03
1.02574252E-01  1.24922439E-01  1.20789662E-03
1.02872867E-01  1.22812875E-01  1.18489831E-03
1.03171482E-01  1.18047908E-01  1.16074027E-03
1.03470097E-01  1.15570940E-01  1.15037255E-03
1.03768712E-01  1.14921249E-01  1.15757727E-03
1.04067327E-01  1.09460413E-01  1.10963034E-03
1.04365942E-01  1.09063610E-01  1.12026697E-03
1.04664557E-01  1.06587522E-01  1.10657071E-03
1.04963172E-01  1.06533647E-01  1.09822664E-03
1.05261787E-01  1.03900984E-01  1.08720874E-03
1.05560402E-01  1.03760958E-01  1.07519981E-03
1.05859017E-01  1.05392605E-01  1.09766098E-03
1.06157632E-01  1.03471927E-01  1.08059158E-03
1.06456247E-01  1.04961745E-01  1.08834403E-03
1.06754862E-01  1.05871223E-01  1.08009367E-03
1.07053477E-01  1.03759632E-01  1.07605301E-03
1.07352092E-01  1.05377935E-01  1.08441291E-03
1.07650707E-01  1.04920149E-01  1.08291779E-03
1.07949322E-01  1.04163617E-01  1.07729214E-03
1.08247937E-01  1.04276709E-01  1.07702264E-03
1.08546552E-01  1.08070679E-01  1.10081525E-03
1.08845167E-01  1.05417520E-01  1.06941606E-03
1.09143782E-01  1.07677363E-01  1.09357992E-03
1.09442397E-01  1.08753875E-01  1.08537020E-03
1.09741012E-01  1.09822482E-01  1.09407515E-03
1.10039627E-01  1.12209499E-01  1.11459661E-03
1.10338242E-01  1.12789325E-01  1.11048401E-03
1.10636857E-01  1.16071932E-01  1.11273769E-03
1.10935472E-01  1.15842640E-01  1.11079484E-03
1.11234087E-01  1.20651074E-01  1.14408764E-03
1.11532702E-01  1.22739740E-01  1.15305779E-03
1.11831317E-01  1.25595927E-01  1.16014364E-03
1.12129932E-01  1.29240453E-01  1.17911096E-03
1.12428547E-01  1.29378155E-01  1.17928803E-03
1.12727162E-01  1.33690670E-01  1.19376183E-03
1.13025777E-01  1.36939019E-01  1.20680395E-03
1.13324392E-01  1.42229721E-01  1.22803636E-03
1.13623007E-01  1.46595329E-01  1.24957855E-03
1.13921622E-01  1.50722921E-01  1.26801268E-03
1.14220237E-01  1.57519028E-01  1.28365820E-03
1.14518852E-01  1.69406235E-01  1.32042717E-03
1.14817467E-01  1.74677923E-01  1.35990710E-03
1.15116082E-01  1.86371103E-01  1.40362920E-03
1.15414697E-01  2.01096997E-01  1.45148160E-03
1.15713312E-01  2.13761568E-01  1.48216973E-03
1.16011927E-01  2.36304134E-01  1.56410516E-03
1.16310542E-01  2.59347051E-01  1.65330130E-03
1.16609157E-01  2.90427834E-01  1.73017825E-03
1.16907772E-01  3.30696285E-01  1.85305474E-03
1.17206387E-01  3.80472422E-01  1.97958760E-03
1.17505002E-01  4.59799886E-01  2.16274080E-03
1.17803617E-01  5.73153496E-01  2.44136155E-03
1.18102232E-01  7.76231110E-01  2.81414995E-03
1.18400847E-01  1.11665165E+00  3.38020967E-03
1.18699462E-01  1.68971324E+00  4.14900063E-03
1.18998077E-01  2.55815244E+00  5.05753374E-03
1.19296692E-01  3.63119888E+00  6.14047842E-03
1.19595307E-01  4.79507732E+00  6.92921551E-03
1.19893922E-01  5.80711555E+00  7.60919973E-03
1.20192537E-01  6.49597979E+00  8.14099051E-03
1.20491152E-01  6.72553492E+00  8.16567149E-03
1.20789767E-01  6.50909901E+00  8.10805149E-03
1.21088382E-01  5.79862833E+00  7.64178345E-03
1.21386997E-01  4.72904682E+00  6.84725773E-03
1.21685612E-01  3.50183988E+00  5.94710512E-03
1.21984227E-01  2.38702631E+00  4.87854797E-03
1.22282842E-01  1.57537866E+00  3.93541018E-03
1.22581457E-01  1.05813086E+00  3.20291496E-03
1.22880072E-01  7.67849028E-01  2.77683558E-03
1.23178687E-01  5.91705620E-01  2.41524563E-03
1.23477302E-01  4.80511218E-01  2.18265411E-03
1.23775917E-01  4.06092703E-01  1.98285189E-03
1.24074532E-01  3.51019531E-01  1.86157681E-03
1.24373147E-01  3.04413766E-01  1.73116126E-03
1.24671762E-01  2.76977748E-01  1.64211565E-03
1.24970377E-01  2.51806021E-01  1.56139443E-03
1.25268992E-01  2.30624974E-01  1.49222603E-03
1.25567607E-01  2.12913185E-01  1.42692437E-03
1.25866222E-01  1.99734792E-01  1.40425190E-03
1.26164837E-01  1.90373555E-01  1.35577063E-03
1.26463452E-01  1.79739937E-01  1.31106260E-03
1.26762067E-01  1.69951156E-01  1.28010986E-03
1.27060682E-01  1.62405536E-01  1.24794489E-03
1.27359297E-01  1.57108128E-01  1.24587025E-03
1.27657912E-01  1.52918518E-01  1.20033044E-03
1.27956527E-01  1.46557167E-01  1.18026347E-03
1.28255142E-01  1.43658832E-01  1.17693853E-03
1.28553757E-01  1.38292491E-01  1.13465090E-03
1.28852372E-01  1.35452092E-01  1.12743722E-03
1.29150987E-01  1.32533893E-01  1.11522747E-03
1.29449602E-01  1.27880260E-01  1.10212946E-03
1.29748217E-01  1.26085550E-01  1.09362940E-03
1.30046832E-01  1.22186951E-01  1.06796005E-03
1.30345447E-01  1.19089082E-01  1.05154130E-03
1.30644062E-01  1.19413905E-01  1.05158461E-03
1.30942677E-01  1.17368028E-01  1.05019170E-03
1.31241292E-01  1.13058977E-01  1.02729967E-03
1.31539907E-01  1.10769257E-01  1.01147546E-03
1.31838522E-01  1.10597380E-01  1.01538154E-03
1.32137137E-01  1.08631216E-01  1.01546675E-03
1.32435752E-01  1.06675379E-01  1.01947587E-03
1.32734367E-01  1.06759049E-01  1.01846328E-03
1.33032982E-01  1.06682725E-01  1.02884392E-03
1.33331597E-01  1.05045825E-01  1.02092151E-03
1.33630212E-01  1.02642842E-01  1.01348769E-03
1.33928827E-01  1.01088136E-01  1.02119648E-03
1.34227442E-01  9.89568532E-02  9.86025203E-04
1.34526057E-01  9.73820910E-02  9.97911906E-04
1.34824672E-01  1.00099295E-01  1.01919519E-03
1.35123287E-01  9.87954512E-02  1.00659824E-03
1.35421902E-01  9.65825915E-02  1.00410939E-03
1.35720517E-01  9.45094898E-02  9.83088044E-04
1.36019132E-01  9.87414047E-02  1.02291128E-03
1.36317747E-01  9.26204845E-02  9.81113990E-04
1.36616362E-01  9.33768600E-02  9.82207130E-04
1.36914977E-01  9.03519168E-02  9.77020129E-04
1.37213592E-01  9.13880840E-02  9.84090846E-04
1.37512207E-01  9.08300430E-02  9.90860048E-04
1.37810822E-01  9.09328535E-02  9.81639139E-04
1.38109437E-01  9.02018771E-02  9.77686839E-04
1.38408052E-01  8.87743905E-02  9.73604736E-04
1.38706667E-01  8.81627873E-02  9.72469163E-04
1.39005282E-01  8.63975883E-02  9.73158109E-04
1.39303897E-01  8.79861861E-02  9.62705002E-04
1.39602512E-01  8.73467177E-02  9.77727701E-04
1.39901127E-01  8.56678113E-02  9.66779713E-04
1.40199742E-01  8.74594897E-02  9.72312468E-04
1.40498357E-01  8.58182162E-02  9.73323535E-04
1.40796972E-01  8.60124007E-02  9.61647893E-04
1.41095587E-01  8.59884918E-02  9.75442992E-04
1.41394202E-01  8.55509862E-02  9.66878433E-04
1.41692817E-01  8.47053379E-02  9.68140084E-04
1.41991432E-01  8.33002478E-02  9.60077916E-04
1.42290047E-01  8.49166960E-02  9.62541730E-04
1.42588662E-01  8.41410756E-02  9.71059664E-04
1.42887277E-01  8.36208835E-02  9.62687016E-04
1.43185892E-01  8.24131742E-02  9.52705683E-04
1.43484507E-01  8.20941851E-02  9.58413992E-04
1.43783122E-01  8.19637850E-02  9.49734414E-04
1.44081737E-01  8.24704468E-02  9.55669384E-04
1.44380352E-01  8.31958503E-02  9.52007249E-04
1.44678967E-01  7.99471363E-02  9.22903884E-04
1.44977582E-01  8.02752599E-02  9.43240593E-04
1.45276197E-01  8.07122812E-02  9.31923045E-04
1.45574812E-01  7.96284080E-02  9.36480821E-04
1.45873427E-01  8.08669776E-02  9.21924016E-04
1.46172042E-01  7.88680613E-02  9.17008496E-04
1.46470657E-01  7.99628869E-02  9.34423879E-04
1.46769272E-01  7.94975385E-02  9.20663064E-04
1.47067887E-01  7.93810561E-02  9.17899422E-04
1.47366502E-01  7.85451978E-02  9.08598769E-04
1.47665117E-01  7.76745304E-02  9.04906716E-04
1.47963732E-01  7.88618699E-02  9.22250678E-04
1.48262347E-01  7.94916749E-02  9.16121295E-04
1.48560962E-01  7.72855729E-02  9.04683198E-04
1.48859577E-01  7.76849240E-02  8.94942437E-04
1.49158192E-01  7.76367858E-02  9.13310738E-04
1.49456807E-01  7.85760731E-02  9.08105692E-04
1.49755422E-01  7.74362013E-02  8.99145380E-04
1.50054037E-01  7.80900642E-02  9.08699993E-04
1.50352652E-01  7.72323087E-02  8.92337470E-04
1.50651267E-01  7.89523423E-02  9.15085839E-04
1.50949882E-01  7.80857801E-02  8.95941164E-04
1.51248497E-01  7.49655515E-02  8.82069755E-04
1.51547112E-01  7.75524750E-02  9.12824413E-04
1.51845727E-01  7.65231475E-02  8.80507578E-04
1.52144342E-01  7.84481391E-02  9.13547352E-04
1.52442957E-01  7.64108375E-02  8.74824938E-04
1.52741572E-01  7.94712901E-02  9.05189256E-04
1.53040187E-01  7.74797499E-02  9.06521454E-04
1.53338802E-01  7.78090283E-02  8.90132971E-04
1.53637417E-01  7.69222751E-02  8.95839068E-04
1.53936032E-01  7.74263218E-02  8.85696849E-04
1.54234647E-01  7.68577680E-02  8.84357840E-04
1.54533262E-01  7.86426365E-02  9.08510992E-04
1.54831877E-01  7.62959570E-02  8.82402761E-04
1.55130492E-01  7.84225240E-02  8.95921024E-04
1.55429107E-01  7.77866244E-02  8.87440983E-04
1.55727722E-01  7.85784945E-02  9.00764717E-04
1.56026337E-01  7.68989250E-02  8.85887595E-04
1.56324952E-01  7.92279094E-02  8.96275451E-04
1.56623567E-01  7.96847343E-02  9.09095921E-04
1.56922182E-01  7.71348849E-02  8.81498330E-04
1.57220797E-01  8.01711977E-02  9.10859904E-04
1.57519412E-01  7.92704225E-02  8.94583820E-04
1.57818027E-01  8.15056488E-02  9.06458008E-04
1.58116642E-01  8.21366087E-02  9.22301260E-04
1.58415257E-01  8.11835080E-02  9.04667424E-04
1.58713872E-01  8.27700496E-02  9.22118081E-04
1.59012487E-01  8.38788599E-02  9.14975535E-04
1.59311102E-01  8.18322003E-02  9.17553552E-04
1.59609717E-01  8.52726251E-02  9.38365818E-04
1.59908332E-01  8.64162669E-02  9.22827399E-04
1.60206947E-01  8.75265449E-02  9.38005804E-04
1.60505562E-01  8.74765366E-02  9.37739096E-04
1.60804177E-01  9.01179239E-02  9.50771791E-04
1.61102792E-01  8.99517611E-02  9.50235932E-04
1.61401407E-01  9.14907232E-02  9.54583287E-04
1.61700022E-01  9.37645584E-02  9.65005311E-04
1.61998637E-01  9.54313725E-02  9.75619769E-04
1.62297252E-01  9.92209241E-02  9.99431242E-04
1.62595867E-01  1.00275323E-01  1.00400904E-03
1.62894482E-01  1.04209989E-01  1.01198594E-03
1.63193097E-01  1.08585864E-01  1.04817294E-03
1.63491712E-01  1.13257542E-01  1.05279591E-03
1.63790327E-01  1.16388686E-01  1.08401128E-03
1.64088942E-01  1.21443413E-01  1.08866428E-03
1.64387557E-01  1.27076909E-01  1.12224778E-03
1.64686172E-01  1.33853868E-01  1.16544578E-03
1.64984787E-01  1.41072422E-01  1.17499172E-03
1.65283402E-01  1.48019820E-01  1.21120387E-03
1.65582017E-01  1.55952007E-01  1.23283174E-03
1.65880632E-01  1.67228281E-01  1.28197926E-03
1.66179247E-01  1.72033966E-01  1.31087052E-03
1.66477862E-01  1.76790178E-01  1.31034793E-03
1.66776477E-01  1.77343473E-01  1.32390123E-03
1.67075092E-01  1.78424045E-01  1.33074482E-03
1.67373707E-01  1.77286223E-01  1.32229540E-03
1.67672322E-01  1.70941666E-01  1.29750965E-03
1.67970937E-01  1.67019248E-01  1.27055845E-03
1.68269552E-01  1.62037715E-01  1.26150018E-03
1.68568167E-01  1.52385220E-01  1.21112412E-03
1.68866782E-01  1.46112189E-01  1.20339519E-03
1.69165397E-01  1.37679845E-01  1.15918578E-03
1.69464012E-01  1.30782723E-01  1.12277421E-03
1.69762627E-01  1.25060454E-01  1.10517291E-03
1.70061242E-01  1.20733991E-01  1.08213082E-03
1.70359857E-01  1.14132799E-01  1.06434012E-03
1.70658472E-01  1.09720975E-01  1.02489267E-03
1.70957087E-01  1.05824359E-01  1.01032841E-03
1.71255702E-01  1.02117412E-01  1.00463338E-03
1.71554317E-01  9.95467007E-02  9.69631132E-04
1.71852932E-01  9.51151028E-02  9.59828729E-04
1.72151547E-01  9.14429501E-02  9.37888748E-04
1.72450162E-01  8.96415785E-02  9.30841954E-04
1.72748777E-01  8.78421739E-02  9.23682644E-04
1.73047392E-01  8.30354616E-02  8.94043944E-04
1.73346007E-01  8.19401667E-02  8.89656018E-04
1.73644622E-01  7.78290555E-02  8.62904999E-04
1.73943237E-01  7.91078284E-02  8.70263088E-04
1.74241852E-01  7.62918890E-02  8.59930587E-04
1.74540467E-01  7.27372617E-02  8.29133438E-04
1.74839082E-01  7.31982514E-02  8.42026959E-04
1.75137697E-01  7.35783055E-02  8.36171093E-04
1.75436312E-01  7.12547675E-02  8.28207936E-04
1.75734927E-01  6.84764236E-02  8.02060473E-04
1.76033542E-01  6.84474334E-02  8.04318173E-04
1.76332157E-01  6.74597844E-02  8.10594589E-04
1.76630772E-01  6.63607270E-02  7.89840822E-04
1.76929387E-01  6.45072684E-02  7.90741644E-04
1.77228002E-01  6.41160384E-02  7.73268519E-04
1.77526617E-01  6.43859580E-02  7.80622300E-04
1.77825232E-01  6.44230694E-02  7.83494499E-04
1.78123847E-01  6.34490028E-02  7.74401997E-04
1.78422462E-01  6.33924901E-02  7.74058281E-04
1.78721077E-01  6.27667531E-02  7.72312807E-04
1.79019692E-01  6.19536303E-02  7.67555088E-04
1.79318307E-01  6.15010038E-02  7.65006524E-04
1.79616922E-01  6.09270521E-02  7.50073814E-04
1.79915537E-01  6.07245937E-02  7.58879585E-04
1.80214152E-01  5.97882606E-02  7.46478967E-04
1.80512767E-01  5.84455952E-02  7.45513535E-04
1.80811382E-01  5.90197928E-02  7.47145852E-04
1.81109997E-01  5.95051572E-02  7.43234064E-04
1.81408612E-01  5.96302003E-02  7.51508516E-04
1.81707227E-01  6.00965060E-02  7.50152161E-04
1.82005842E-01  5.83644025E-02  7.39263895E-04
1.82304457E-01  5.95711246E-02  7.42668984E-04
1.82603072E-01  5.89098707E-02  7.41723808E-04
1.82901687E-01  6.00952543E-02  7.54439388E-04
1.83200302E-01  5.98294400E-02  7.46005331E-04
1.83498917E-01  6.05203956E-02  7.47336249E-04
1.83797532E-01  5.94852529E-02  7.39703886E-04
1.84096147E-01  5.93136027E-02  7.45508238E-04
1.84394762E-01  5.93620054E-02  7.47061393E-04
1.84693377E-01  5.91321737E-02  7.40425894E-04
1.84991992E-01  6.04479872E-02  7.52607128E-04
1.85290607E-01  5.85764609E-02  7.31406268E-04
1.85589222E-01  6.07429370E-02  7.50198727E-04
1.85887837E-01  5.93804680E-02  7.39545270E-04
1.86186452E-01  6.00193739E-02  7.42055126E-04
1.86485067E-01  6.14975616E-02  7.55097251E-04
1.86783682E-01  6.15491010E-02  7.53179542E-04
1.87082297E-01  6.15679137E-02  7.56531605E-04
1.87380912E-01  6.19560033E-02  7.53936940E-04
1.87679527E-01  6.28064051E-02  7.52726046E-04
1.87978142E-01  6.49244338E-02  7.74834014E-04
1.88276757E-01  6.51973262E-02  7.74677901E-04
1.88575372E-01  6.55197874E-02  7.78894348E-04
1.88873987E-01  6.76170737E-02  7.86351331E-04
1.89172602E-01  6.87308088E-02  7.88448320E-04
1.89471217E-01  6.99118227E-02  8.01153365E-04
1.89769832E-01  7.22640306E-02  8.16660060E-04
1.90068447E-01  7.61435777E-02  8.26428004E-04
1.90367062E-01  7.86507204E-02  8.47816817E-04
1.90665677E-01  8.19878131E-02  8.63651803E-04
1.90964292E-01  8.32654908E-02  8.68669478E-04
1.91262907E-01  8.48021582E-02  8.80351930E-04
1.91561522E-01  8.82731229E-02  8.86999129E-04
1.91860137E-01  9.07285064E-02  9.11487557E-04
1.92158752E-01  9.29091647E-02  9.17601807E-04
1.92457367E-01  9.55396518E-02  9.31706221E-04
1.92755982E-01  9.44003984E-02  9.22264182E-04
1.93054597E-01  9.41250920E-02  9.21511615E-04
1.93353212E-01  9.45426300E-02  9.18842794E-04
1.93651827E-01  9.29854065E-02  9.20963648E-04
1.93950442E-01  8.92090946E-02  8.97129008E-04
1.94249057E-01  8.89175609E-02  8.89398041E-04
1.94547672E-01  8.58014077E-02  8.80396517E-04
1.94846287E-01  8.15391690E-02  8.56600294E-04
1.95144902E-01  8.08638409E-02  8.57733423E-04
1.95443517E-01  7.58248195E-02  8.13114340E-04
1.95742132E-01  7.44145587E-02  8.16756685E-04
1.96040747E-01  7.20193163E-02  8.05049494E-04
1.96339362E-01  7.03012273E-02  7.97180808E-04
1.96637977E-01  6.80925176E-02  7.76844332E-04
1.96936592E-01  6.63410649E-02  7.68246071E-04
1.97235207E-01  6.50152043E-02  7.63196440E-04
1.97533822E-01  6.40767813E-02  7.54785317E-04
1.97832437E-01  6.21142834E-02  7.45502592E-04
1.98131052E-01  6.15106709E-02  7.37886061E-04
1.98429667E-01  5.96586429E-02  7.27382198E-04
1.98728282E-01  5.78336567E-02  7.18444411E-04
1.99026897E-01  5.78304194E-02  7.13901420E-04
1.99325512E-01  5.67148887E-02  7.09213200E-04
1.99624127E-01  5.47382720E-02  6.96526142E-04
1.99922742E-01  5.38255312E-02  6.89391396E-04
2.00221357E-01  5.24862073E-02  6.84647996E-04
2.00519972E-01  5.13955168E-02  6.70706038E-04
2.00818587E-01  5.17453067E-02  6.72357273E-04
2.01117202E-01  5.11598513E-02  6.75087154E-04
2.01415817E-01  5.08578606E-02  6.66361826E-04
2.01714432E-01  5.00678308E-02  6.64272637E-04
2.02013047E-01  5.04232720E-02  6.63924031E-04
2.02311662E-01  4.86051850E-02  6.54500269E-04
2.02610277E-01  4.91164178E-02  6.59592799E-04
2.02908892E-01  4.75267805E-02  6.41785155E-04
2.03207507E-01  4.79813181E-02  6.47450972E-04
2.03506122E-01  4.61952761E-02  6.34301570E-04
2.03804737E-01  4.56882194E-02  6.31399802E-04
2.04103352E-01  4.64219153E-02  6.38437516E-04
2.04401967E-01  4.51851562E-02  6.29090355E-04
2.04700582E-01  4.35832180E-02  6.12513046E-04
2.04999197E-01  4.42839749E-02  6.19129278E-04
2.05297812E-01  4.52881902E-02  6.32181298E-04
2.05596427E-01  4.33271974E-02  6.13352749E-04
2.05895042E-01  4.41012420E-02  6.20344887E-04
2.06193657E-01  4.25685011E-02  6.05531852E-04
2.06492272E-01  4.25503738E-02  6.04662579E-04
2.06790887E-01  4.13125716E-02  6.02477638E-04
2.07089502E-01  4.26309966E-02  6.01931009E-04
2.07388117E-01  4.24002744E-02  6.08080649E-04
2.07686732E-01  4.24068421E-02  6.05688430E-04
2.07985347E-01  4.23105583E-02  6.02961692E-04
2.08283962E-01  4.02996801E-02  5.89905889E-04
2.08582577E-01  4.13980857E-02  5.93707839E-04
2.08881192E-01  4.04034220E-02  5.89219097E-04
2.09179807E-01  4.09687012E-02  5.96070022E-04
2.09478422E-01  4.10552658E-02  5.89640869E-04
2.09777037E-01  4.01252657E-02  5.88995754E-04
2.10075652E-01  4.02985699E-02  5.84713067E-04
2.10374267E-01  3.99044044E-02  5.89191448E-04
2.10672882E-01  4.05407175E-02  5.92040364E-04
2.10971497E-01  3.95039804E-02  5.74941805E-04
2.11270112E-01  3.94997038E-02  5.83852816E-04
2.11568727E-01  3.96127254E-02  5.78673498E-04
2.11867342E-01  3.86089459E-02  5.76702761E-04
2.12165957E-01  3.78664806E-02  5.66117989E-04
2.12464572E-01  3.77222337E-02  5.64529561E-04
2.12763187E-01  3.85667719E-02  5.73582656E-04
2.13061802E-01  3.89395356E-02  5.75824524E-04
2.13360417E-01  3.77154797E-02  5.68776217E-04
2.13659032E-01  3.80514562E-02  5.65293827E-04
2.13957647E-01  3.64423767E-02  5.53876453E-04
2.14256262E-01  3.77755724E-02  5.66470786E-04
2.14554877E-01  3.81298624E-02  5.65710012E-04
2.14853492E-01  3.77139524E-02  5.63459937E-04
2.15152107E-01  3.63305509E-02  5.52368292E-04
2.15450722E-01  3.77732664E-02  5.68871910E-04
2.15749337E-01  3.63973454E-02  5.54538681E-04
2.16047952E-01  3.60238776E-02  5.49870718E-04
2.16346567E-01  3.69999036E-02  5.57604479E-04
2.16645182E-01  3.63514200E-02  5.49581833E-04
2.16943797E-01  3.61802131E-02  5.51230507E-04
2.17242412E-01  3.58202271E-02  5.52126847E-04
2.17541027E-01  3.69071439E-02  5.51652280E-04
2.17839642E-01  3.54895256E-02  5.50241733E-04
2.18138257E-01  3.55453491E-02  5.40430134E-04
2.18436872E-01  3.45690325E-02  5.38500259E-04
2.18735487E-01  3.50520536E-02  5.39517787E-04
2.19034102E-01  3.62244099E-02  5.48791722E-04
2.19332717E-01  3.54306214E-02  5.46316267E-04
2.19631332E-01  3.54781784E-02  5.44402574E-04
2.19929947E-01  3.57780345E-02  5.44597628E-04
2.20228562E-01  3.54649834E-02  5.40459005E-04
2.20527177E-01  3.48446406E-02  5.38562832E-04
2.20825792E-01  3.53781618E-02  5.43315778E-04
2.21124407E-01  3.39914896E-02  5.30987396E-04
2.21423022E-01  3.51940468E-02  5.39344619E-04
2.21721637E-01  3.31812240E-02  5.22619928E-04
2.22020252E-01  3.41984816E-02  5.30416262E-04
2.22318867E-01  3.47034670E-02  5.37795888E-04
2.22617482E-01  3.40861231E-02  5.26776188E-04
2.22916097E-01  3.34811471E-02  5.29185054E-04
2.23214712E-01  3.35759483E-02  5.24496136E-04
2.23513327E-01  3.42154689E-02  5.33057260E-04
2.23811942E-01  3.36793922E-02  5.25919604E-04
2.24110557E-01  3.43265049E-02  5.28788893E-04
2.24409172E-01  3.25282179E-02  5.18678571E-04
2.24707787E-01  3.37823145E-02  5.23520925E-04
2.25006402E-01  3.29787172E-02  5.23339841E-04
2.25305017E-01  3.41276899E-02  5.22880058E-04
2.25603632E-01  3.33094709E-02  5.23795956E-04
2.25902247E-01  3.39906327E-02  5.29747340E-04
2.26200862E-01  3.34438235E-02  5.22559742E-04
2.26499477E-01  3.36663164E-02  5.22476679E-04
2.26798092E-01  3.32118273E-02  5.21809096E-04
2.27096707E-01  3.34668085E-02  5.23046590E-04
2.27395322E-01  3.25771756E-02  5.18012443E-04
2.27693937E-01  3.30373161E-02  5.15202817E-04
2.27992552E-01  3.37593071E-02  5.22599905E-04
2.28291167E-01  3.28559652E-02  5.15264866E-04
2.28589782E-01  3.34844328E-02  5.24411967E-04
2.28888397E-01  3.24682668E-02  5.14591986E-04
2.29187012E-01  3.28530483E-02  5.13328880E-04
2.29485627E-01  3.34787145E-02  5.20129281E-04
2.29784242E-01  3.24360393E-02  5.14339656E-04
2.30082857E-01  3.21696140E-02  5.08837111E-04
2.30381472E-01  3.30833346E-02  5.14981977E-04
2.30680087E-01  3.26580219E-02  5.12981380E-04
2.30978702E-01  3.35847996E-02  5.20210247E-04
2.31277317E-01  3.25153470E-02  5.12450060E-04
2.31575932E-01  3.27550881E-02  5.14188956E-04
2.31874547E-01  3.26759852E-02  5.09629957E-04
2.32173162E-01  3.17254886E-02  5.04597323E-04
2.32471777E-01  3.30294892E-02  5.15896885E-04
2.32770392E-01  3.26117128E-02  5.10869315E-04
2.33069007E-01  3.25907134E-02  5.10415062E-04
2.33367622E-01  3.28990035E-02  5.10937884E-04
2.33666237E-01  3.30789126E-02  5.16731874E-04
2.33964852E-01  3.28200050E-02  5.10759186E-04
2.34263467E-01  3.30983438E-02  5.12921484E-04
2.34562082E-01  3.29483487E-02  5.13067294E-04
2.34860697E-01  3.38078141E-02  5.18832414E-04
2.35159312E-01  3.41960266E-02  5.22396469E-04
2.35457927E-01  3.44704613E-02  5.21681213E-04
2.35756542E-01  3.38176079E-02  5.14697284E-04
2.36055157E-01  3.51739675E-02  5.29365905E-04
2.36353772E-01  3.45496684E-02  5.24202362E-04
2.36652387E-01  3.53758037E-02  5.33310289E-04
2.36951002E-01  3.58975641E-02  5.27506229E-04
2.37249617E-01  3.64825986E-02  5.40201436E-04
2.37548232E-01  3.76752466E-02  5.46477386E-04
2.37846847E-01  3.77605371E-02  5.45253628E-04
2.38145462E-01  4.01653908E-02  5.61877387E-04
2.38444077E-01  4.26503681E-02  5.75149723E-04
2.38742692E-01  4.65000309E-02  6.10575313E-04
2.39041307E-01  5.17602079E-02  6.38382800E-04
2.39339922E-01  5.78166246E-02  6.73379807E-04
2.39638537E-01  6.38058186E-02  7.07992760E-04
2.39937152E-01  7.31540546E-02  7.55975430E-04
2.40235767E-01  8.33679959E-02  8.12698680E-04
2.40534382E-01  9.13105384E-02  8.45069590E-04
2.40832997E-01  1.00856997E-01  8.86177761E-04
2.41131612E-01  1.06754862E-01  9.16561752E-04
2.41430227E-01  1.07745938E-01  9.13166790E-04
2.41728842E-01  1.07242160E-01  9.20203049E-04
2.42027457E-01  9.90738869E-02  8.72770674E-04
2.42326072E-01  9.14638937E-02  8.41815083E-04
2.42624687E-01  8.18341970E-02  8.03842791E-04
2.42923302E-01  6.97670281E-02  7.37872731E-04
2.43221917E-01  6.16878122E-02  6.87374733E-04
2.43520532E-01  5.13698757E-02  6.29843096E-04
2.43819147E-01  4.53905128E-02  5.92543220E-04
2.44117762E-01  4.15562578E-02  5.69638039E-04
2.44416377E-01  3.82025279E-02  5.47541247E-04
2.44714992E-01  3.54395360E-02  5.20438596E-04
2.45013607E-01  3.38153988E-02  5.13712526E-04
2.45312222E-01  3.28675359E-02  5.03395684E-04
2.45610837E-01  3.14771719E-02  4.94128210E-04
2.45909452E-01  3.19036953E-02  4.92460618E-04
2.46208067E-01  3.08076274E-02  4.87904850E-04
2.46506682E-01  3.12190037E-02  4.90075559E-04
2.46805297E-01  2.93308329E-02  4.78842849E-04
2.47103912E-01  3.04206107E-02  4.81534138E-04
2.47402527E-01  2.96813790E-02  4.75648470E-04
2.47701142E-01  2.97546647E-02  4.79104492E-04
2.47999757E-01  2.89048683E-02  4.71825828E-04
2.48298372E-01  2.93351561E-02  4.78085858E-04
2.48596987E-01  2.88314614E-02  4.65023564E-04
2.48895602E-01  2.90396921E-02  4.69974242E-04
2.49194217E-01  2.89427750E-02  4.69699269E-04
2.49492832E-01  2.74999700E-02  4.58715251E-04
2.49791447E-01  2.89581288E-02  4.71878680E-04
2.50090062E-01  2.94169392E-02  4.72382235E-04
2.50388677E-01  2.81741060E-02  4.65576391E-04
2.50687292E-01  2.88383029E-02  4.69365565E-04
2.50985907E-01  2.86563449E-02  4.65234742E-04
2.51284522E-01  2.87017077E-02  4.68509563E-04
2.51583137E-01  2.87307687E-02  4.65340447E-04
2.51881752E-01  2.93445569E-02  4.72317333E-04
2.52180367E-01  2.93598920E-02  4.72441781E-04
2.52478982E-01  2.92304195E-02  4.69750637E-04
2.52777597E-01  2.94621568E-02  4.72499582E-04
2.53076212E-01  2.94326972E-02  4.72391752E-04
2.53374827E-01  2.90594399E-02  4.70787316E-04
2.53673442E-01  2.96818763E-02  4.69722872E-04
2.53972057E-01  3.04251220E-02  4.79388487E-04
2.54270672E-01  2.99483966E-02  4.75491193E-04
2.54569287E-01  3.00798677E-02  4.78726375E-04
2.54867902E-01  2.96525676E-02  4.72885004E-04
2.55166517E-01  2.89256237E-02  4.64073993E-04
2.55465132E-01  2.97331605E-02  4.73148539E-04
2.55763747E-01  2.94719748E-02  4.71445994E-04
2.56062362E-01  2.90266629E-02  4.67746286E-04
2.56360977E-01  2.92525310E-02  4.66446101E-04
2.56659592E-01  2.89876442E-02  4.63106320E-04
2.56958207E-01  2.81826779E-02  4.60405397E-04
2.57256822E-01  2.79126354E-02  4.57461254E-04
2.57555437E-01  2.80407891E-02  4.56324982E-04
2.57854052E-01  2.75929384E-02  4.53747751E-04
2.58152667E-01  2.73641311E-02  4.53431509E-04
2.58451282E-01  2.74465550E-02  4.54236375E-04
2.58749897E-01  2.59828251E-02  4.37878218E-04
2.59048512E-01  2.70188972E-02  4.47465223E-04
2.59347127E-01  2.66278144E-02  4.43981931E-04
2.59645742E-01  2.63438430E-02  4.43836296E-04
2.59944357E-01  2.65408792E-02  4.46207006E-04
2.60242972E-01  2.61265058E-02  4.37145092E-04
2.60541587E-01  2.54865270E-02  4.35746711E-04
2.60840202E-01  2.51965933E-02  4.32118017E-04
2.61138817E-01  2.60667875E-02  4.40798089E-04
2.61437432E-01  2.51258574E-02  4.31285589E-04
2.61736047E-01  2.63850652E-02  4.39995580E-04
2.62034662E-01  2.47245431E-02  4.27942199E-04
2.62333277E-01  2.48835981E-02  4.29091335E-04
2.62631892E-01  2.42988411E-02  4.21585573E-04
2.62930507E-01  2.47709323E-02  4.25884034E-04
2.63229122E-01  2.47882474E-02  4.26813000E-04
2.63527737E-01  2.47313436E-02  4.29024949E-04
2.63826352E-01  2.42115185E-02  4.20831289E-04
2.64124967E-01  2.45334785E-02  4.23621095E-04
2.64423582E-01  2.46159229E-02  4.24665021E-04
2.64722197E-01  2.39452422E-02  4.17212636E-04
2.65020812E-01  2.38990486E-02  4.20969329E-04
2.65319427E-01  2.46520042E-02  4.21910634E-04
2.65618042E-01  2.42921598E-02  4.23192949E-04
2.65916657E-01  2.42927764E-02  4.21543809E-04
2.66215272E-01  2.43392643E-02  4.21399891E-04
2.66513887E-01  2.37927604E-02  4.16967901E-04
2.66812502E-01  2.43728813E-02  4.19412478E-04
2.67111117E-01  2.35470999E-02  4.15027578E-04
2.67409732E-01  2.37381887E-02  4.15628747E-04
2.67708347E-01  2.39509884E-02  4.18138661E-04
2.68006962E-01  2.38548480E-02  4.16650757E-04
2.68305577E-01  2.39050668E-02  4.15693154E-04
2.68604192E-01  2.40215193E-02  4.17781353E-04
2.68902807E-01  2.33654100E-02  4.11505724E-04
2.69201422E-01  2.31936947E-02  4.08101972E-04
2.69500037E-01  2.37252731E-02  4.14450828E-04
2.69798652E-01  2.35924777E-02  4.13077534E-04
2.70097267E-01  2.42444649E-02  4.21467645E-04
2.70395882E-01  2.38501765E-02  4.11638437E-04
2.70694497E-01  2.41610203E-02  4.17813193E-04
2.70993112E-01  2.31679585E-02  4.09875880E-04
2.71291727E-01  2.34653074E-02  4.12179827E-04
2.71590342E-01  2.37470474E-02  4.15720162E-04
2.71888957E-01  2.32541990E-02  4.06159787E-04
2.72187572E-01  2.38002129E-02  4.13307804E-04
2.72486187E-01  2.37267837E-02  4.13092872E-04
2.72784802E-01  2.33405828E-02  4.10559442E-04
2.73083417E-01  2.33517811E-02  4.06502309E-04
2.73382032E-01  2.38259621E-02  4.13008296E-04
2.73680647E-01  2.39598677E-02  4.16080293E-04
2.73979262E-01  2.36852579E-02  4.11684130E-04
2.74277877E-01  2.38701627E-02  4.11615707E-04
2.74576492E-01  2.34587081E-02  4.08673426E-04
2.74875107E-01  2.37169098E-02  4.12172027E-04
2.75173722E-01  2.31431201E-02  4.07780579E-04
2.75472337E-01  2.30346229E-02  4.02324629E-04
2.75770952E-01  2.32588146E-02  4.08175023E-04
2.76069567E-01  2.37889085E-02  4.08758613E-04
2.76368182E-01  2.34911330E-02  4.11681889E-04
2.76666797E-01  2.39619780E-02  4.14619193E-04
2.76965412E-01  2.33468786E-02  4.04642895E-04
2.77264027E-01  2.37494409E-02  4.11311252E-04
2.77562642E-01  2.41125170E-02  4.10816545E-04
2.77861257E-01  2.31610388E-02  4.07843152E-04
2.78159872E-01  2.32590791E-02  4.03181766E-04
2.78458487E-01  2.36170664E-02  4.07797372E-04
2.78757102E-01  2.36581285E-02  4.11150482E-04
2.79055717E-01  2.39377990E-02  4.11074318E-04
2.79354332E-01  2.31003836E-02  4.03719605E-04
2.79652947E-01  2.33521145E-02  4.06016305E-04
2.79951562E-01  2.37422977E-02  4.06044070E-04
2.80250177E-01  2.36864984E-02  4.10775974E-04
2.80548792E-01  2.36505177E-02  4.07888816E-04
2.80847407E-01  2.40190197E-02  4.09520871E-04
2.81146022E-01  2.34843232E-02  4.06658772E-04
2.81444637E-01  2.36946940E-02  4.09504224E-04
2.81743252E-01  2.35358104E-02  4.06394334E-04
2.82041867E-01  2.33800132E-02  4.01554891E-04
2.82340482E-01  2.42907144E-02  4.12656460E-04
2.82639097E-01  2.34449394E-02  4.05612082E-04
2.82937712E-01  2.38808841E-02  4.08653344E-04
2.83236327E-01  2.40738317E-02  4.10097942E-04
2.83534942E-01  2.37194095E-02  4.05060739E-04
2.83833557E-01  2.39421073E-02  4.09281725E-04
2.84132172E-01  2.41240393E-02  4.10120992E-04
2.84430787E-01  2.41878647E-02  4.12819907E-04
2.84729402E-01  2.42633186E-02  4.08378488E-04
2.85028017E-01  2.47933641E-02  4.15362767E-04
2.85326632E-01  2.37492044E-02  4.09165077E-04
2.85625247E-01  2.39143837E-02  4.04053717E-04
2.85923862E-01  2.41633188E-02  4.09547793E-04
2.86222477E-01  2.47393101E-02  4.13992704E-04
2.86521092E-01  2.39614677E-02  4.07533895E-04
2.86819707E-01  2.50982847E-02  4.19999822E-04
2.87118322E-01  2.44697444E-02  4.08624415E-04
2.87416937E-01  2.47871988E-02  4.13177360E-04
2.87715552E-01  2.57241335E-02  4.20297554E-04
2.88014167E-01  2.45005582E-02  4.13015485E-04
2.88312782E-01  2.45756116E-02  4.12933441E-04
2.88611397E-01  2.55048573E-02  4.15772549E-04
2.88910012E-01  2.58689132E-02  4.24080557E-04
2.89208627E-01  2.51971744E-02  4.16382711E-04
2.89507242E-01  2.51947120E-02  4.16058057E-04
2.89805857E-01  2.50796787E-02  4.13594884E-04
2.90104472E-01  2.49117948E-02  4.11610614E-04
2.90403087E-01  2.49395370E-02  4.16295428E-04
2.90701702E-01  2.53721941E-02  4.16609924E-04
2.91000317E-01  2.49112286E-02  4.12107824E-04
2.91298932E-01  2.52533779E-02  4.15837829E-04
2.91597547E-01  2.35488322E-02  4.02147736E-04
2.91896162E-01  2.54483167E-02  4.17747244E-04
2.92194777E-01  2.52581686E-02  4.14570008E-04
2.92493392E-01  2.46323440E-02  4.09799832E-04
2.92792007E-01  2.45283227E-02  4.09431377E-04
2.93090622E-01  2.51396000E-02  4.14301496E-04
2.93389237E-01  2.47060694E-02  4.10515378E-04
2.93687852E-01  2.50158552E-02  4.10206238E-04
2.93986467E-01  2.39403266E-02  4.04203718E-04
2.94285082E-01  2.49486584E-02  4.10541950E-04
2.94583697E-01  2.42425222E-02  4.07739775E-04
2.94882312E-01  2.41711792E-02  4.04485472E-04
2.95180927E-01  2.45293155E-02  4.04849154E-04
2.95479542E-01  2.42320802E-02  4.06073552E-04
2.95778157E-01  2.39244383E-02  4.01935307E-04
2.96076772E-01  2.42431052E-02  4.04896186E-04
2.96375387E-01  2.45628543E-02  4.07069427E-04
2.96674002E-01  2.37643607E-02  4.00207296E-04
2.96972617E-01  2.47862432E-02  4.11393470E-04
2.97271232E-01  2.43320316E-02  4.07805783E-04
2.97569847E-01  2.39932407E-02  4.05154831E-04
2.97868462E-01  2.43613943E-02  4.09449684E-04
2.98167077E-01  2.38795877E-02  4.07380518E-04
2.98465692E-01  2.39392556E-02  4.10434150E-04
2.98764307E-01  2.35203281E-02  4.03310987E-04
2.99062922E-01  2.38132868E-02  4.08334483E-04
2.99361537E-01  2.41447762E-02  4.12505295E-04
2.99660152E-01  2.41733436E-02  4.13476344E-04
2.99958767E-01  2.35889759E-02  4.08654771E-04
3.00257382E-01  2.45178100E-02  4.17782372E-04
3.00555997E-01  2.42371112E-02  4.15174873E-04
3.00854612E-01  2.50147469E-02  4.21145174E-04
3.01153227E-01  2.40971018E-02  4.16086172E-04
3.01451842E-01  2.44400222E-02  4.17123520E-04
3.01750457E-01  2.41139233E-02  4.19134944E-04
3.02049072E-01  2.34676097E-02  4.10513865E-04
3.02347687E-01  2.40941662E-02  4.24274622E-04
3.02646302E-01  2.38762163E-02  4.27727122E-04
3.02944917E-01  2.40011904E-02  4.28729429E-04
3.03243532E-01  2.36917455E-02  4.34072048E-04
3.03542147E-01  2.42992304E-02  4.40350908E-04
3.03840762E-01  2.42797825E-02  4.39926225E-04
3.04139377E-01  2.33122818E-02  4.36679053E-04
3.04437992E-01  2.31726319E-02  4.31496941E-04
3.04736607E-01  2.41961144E-02  4.48153034E-04
3.05035222E-01  2.33781971E-02  4.36918403E-04
3.05333837E-01  2.39099860E-02  4.44841775E-04
3.05632452E-01  2.36234311E-02  4.45725105E-04
3.05931067E-01  2.45929547E-02  4.52486303E-04
3.06229682E-01  2.42099687E-02  4.53812856E-04
3.06528297E-01  2.29158085E-02  4.37305484E-04
3.06826912E-01  2.34104581E-02  4.47478844E-04
3.07125527E-01  2.41009407E-02  4.55139962E-04
3.07424142E-01  2.28847601E-02  4.42967692E-04
3.07722757E-01  2.38024220E-02  4.55387169E-04
3.08021372E-01  2.41650045E-02  4.55053349E-04
3.08319987E-01  2.39544455E-02  4.49655548E-04
3.08618602E-01  2.35968996E-02  4.41932905E-04
3.08917217E-01  2.33219005E-02  4.32778470E-04
3.09215832E-01  2.44394485E-02  4.46872058E-04
3.09514447E-01  2.32076459E-02  4.28670086E-04
3.09813062E-01  2.44501885E-02  4.40991542E-04
3.10111677E-01  2.38447897E-02  4.33541631E-04
3.10410292E-01  2.33889576E-02  4.24063852E-04
3.10708907E-01  2.33437177E-02  4.27767372E-04
3.11007522E-01  2.36360840E-02  4.24448168E-04
3.11306137E-01  2.38810033E-02  4.32062894E-04
3.11604752E-01  2.35603210E-02  4.24114609E-04
3.11903367E-01  2.32580025E-02  4.20929166E-04
3.12201982E-01  2.43495684E-02  4.30578191E-04
3.12500597E-01  2.39245240E-02  4.22929821E-04
3.12799212E-01  2.46600322E-02  4.32965433E-04
3.13097827E-01  2.33363640E-02  4.18257405E-04
3.13396442E-01  2.44183727E-02  4.27276129E-04
3.13695057E-01  2.41314229E-02  4.26920975E-04
3.13993672E-01  2.42484752E-02  4.23655147E-04
3.14292287E-01  2.40495037E-02  4.23029269E-04
3.14590902E-01  2.41546109E-02  4.22725512E-04
3.14889517E-01  2.40659676E-02  4.21950303E-04
3.15188132E-01  2.38239430E-02  4.22274956E-04
3.15486747E-01  2.35515907E-02  4.14271053E-04
3.15785362E-01  2.41318624E-02  4.22198093E-04
3.16083977E-01  2.43229140E-02  4.20675671E-04
3.16382592E-01  2.39649601E-02  4.19856777E-04
3.16681207E-01  2.40819845E-02  4.19023127E-04
3.16979822E-01  2.41600834E-02  4.19051998E-04
3.17278437E-01  2.31894087E-02  4.11934860E-04
3.17577052E-01  2.38019619E-02  4.16044466E-04
3.17875667E-01  2.42185313E-02  4.25541890E-04
3.18174282E-01  2.34994199E-02  4.23018326E-04
3.18472897E-01  2.39295829E-02  4.33012669E-04
3.18771512E-01  2.43820660E-02  4.35394031E-04
3.19070127E-01  2.43706703E-02  4.38701885E-04
3.19368742E-01  2.37949062E-02  4.33855457E-04
3.19667357E-01  2.39778887E-02  4.35889553E-04
3.19965972E-01  2.48268526E-02  4.44543199E-04
3.20264587E-01  2.44273059E-02  4.42962890E-04
3.20563202E-01  2.34554633E-02  4.33691661E-04
3.20861817E-01  2.55060066E-02  4.53158224E-04
3.21160432E-01  2.43624579E-02  4.41496668E-04
3.21459047E-01  2.38583460E-02  4.41065611E-04
3.21757662E-01  2.39122882E-02  4.38776042E-04
3.22056277E-01  2.47697141E-02  4.46319260E-04
3.22354892E-01  2.54557971E-02  4.56390582E-04
3.22653507E-01  2.46029869E-02  4.47253115E-04
3.22952122E-01  2.48800926E-02  4.53717221E-04
3.23250737E-01  2.43008509E-02  4.39947005E-04
3.23549352E-01  2.50135865E-02  4.51888802E-04
3.23847967E-01  2.47537717E-02  4.51638974E-04
3.24146582E-01  2.45196279E-02  4.48188279E-04
3.24445197E-01  2.51471028E-02  4.54152672E-04
3.24743812E-01  2.38907821E-02  4.41891840E-04
3.25042427E-01  2.49439720E-02  4.56326088E-04
3.25341042E-01  2.51386445E-02  4.52893408E-04
3.25639657E-01  2.42391471E-02  4.47189319E-04
3.25938272E-01  2.43098568E-02  4.49029088E-04
3.26236887E-01  2.37412769E-02  4.40257601E-04
3.26535502E-01  2.40365099E-02  4.49693151E-04
3.26834117E-01  2.41112467E-02  4.45360551E-04
3.27132732E-01  2.44615115E-02  4.50831663E-04
3.27431347E-01  2.44091079E-02  4.51016269E-04
3.27729962E-01  2.49312948E-02  4.53671353E-04
3.28028577E-01  2.48692371E-02  4.60462499E-04
3.28327192E-01  2.36731432E-02  4.38617222E-04
3.28625807E-01  2.47334987E-02  4.55767004E-04
3.28924422E-01  2.46622004E-02  4.54839494E-04
3.29223037E-01  2.53233481E-02  4.58985334E-04
3.29521652E-01  2.51447335E-02  4.58314695E-04
3.29820267E-01  2.53568180E-02  4.58613737E-04
3.30118882E-01  2.51847561E-02  4.62125085E-04
3.30417497E-01  2.45370883E-02  4.53690911E-04
3.30716112E-01  2.48449240E-02  4.53831133E-04
3.31014727E-01  2.46586837E-02  4.52929700E-04
3.31313342E-01  2.49559414E-02  4.54044668E-04
3.31611957E-01  2.42966544E-02  4.52820037E-04
3.31910572E-01  2.52830833E-02  4.58632363E-04
3.32209187E-01  2.50691753E-02  4.54677298E-04
3.32507802E-01  2.43499894E-02  4.53184854E-04
3.32806417E-01  2.43921280E-02  4.47580824E-04
3.33105032E-01  2.48418320E-02  4.55832604E-04
3.33403647E-01  2.48927828E-02  4.53346001E-04
3.33702262E-01  2.44923458E-02  4.49950312E-04
3.34000877E-01  2.51655392E-02  4.55825648E-04
3.34299492E-01  2.55535692E-02  4.60817566E-04
3.34598107E-01  2.59737037E-02  4.65003861E-04
3.34896722E-01  2.50926092E-02  4.52652108E-04
3.35195337E-01  2.50311419E-02  4.53019893E-04
3.35493952E-01  2.41982695E-02  4.48039296E-04
3.35792567E-01  2.42919959E-02  4.47327737E-04
3.36091182E-01  2.55531315E-02  4.59466857E-04
3.36389797E-01  2.49482244E-02  4.51223721E-04
3.36688412E-01  2.49980576E-02  4.54585301E-04
3.36987027E-01  2.49630008E-02  4.51490982E-04
3.37285642E-01  2.48630326E-02  4.52429202E-04
3.37584257E-01  2.49691643E-02  4.54059860E-04
3.37882872E-01  2.43198480E-02  4.46029298E-04
3.38181487E-01  2.51398850E-02  4.55211673E-04
3.38480102E-01  2.48847790E-02  4.46152961E-04
3.38778717E-01  2.44585890E-02  4.48347681E-04
3.39077332E-01  2.64287759E-02  4.64163022E-04
3.39375947E-01  2.47434285E-02  4.48990846E-04
3.39674562E-01  2.47822627E-02  4.52234090E-04
3.39973177E-01  2.52317134E-02  4.51575441E-04
3.40271792E-01  2.51420271E-02  4.53913002E-04
3.40570407E-01  2.57977713E-02  4.58994386E-04
3.40869022E-01  2.56149285E-02  4.54734720E-04
3.41167637E-01  2.51928307E-02  4.52403649E-04
3.41466252E-01  2.46262997E-02  4.44602076E-04
3.41764867E-01  2.44990271E-02  4.48862760E-04
3.42063482E-01  2.48877164E-02  4.48882958E-04
3.42362097E-01  2.51152720E-02  4.48487001E-04
3.42660712E-01  2.41945907E-02  4.44255391E-04
3.42959327E-01  2.56738048E-02  4.52933949E-04
3.43257942E-01  2.61037182E-02  4.61452903E-04
3.43556557E-01  2.56117973E-02  4.53679357E-04
3.43855172E-01  2.59884316E-02  4.57134913E-04
3.44153787E-01  2.56055221E-02  4.53497050E-04
3.44452402E-01  2.60922760E-02  4.57266869E-04
3.44751017E-01  2.52474677E-02  4.50703956E-04
3.45049632E-01  2.48845611E-02  4.43167606E-04
3.45348247E-01  2.60684509E-02  4.57975984E-04
3.45646862E-01  2.56953649E-02  4.52751032E-04
3.45945477E-01  2.63636131E-02  4.58862050E-04
3.46244092E-01  2.55237650E-02  4.46208753E-04
3.46542707E-01  2.58399174E-02  4.49338928E-04
3.46841322E-01  2.48311423E-02  4.43696335E-04
3.47139937E-01  2.58221757E-02  4.50943509E-04
3.47438552E-01  2.59422492E-02  4.48615727E-04
3.47737167E-01  2.51024533E-02  4.44866426E-04
3.48035782E-01  2.58610100E-02  4.47545579E-04
3.48334397E-01  2.67536435E-02  4.58753755E-04
3.48633012E-01  2.57598665E-02  4.43871802E-04
3.48931627E-01  2.55600512E-02  4.45551355E-04
3.49230242E-01  2.65220813E-02  4.55117726E-04
3.49528857E-01  2.59266272E-02  4.48613981E-04
3.49827472E-01  2.59349924E-02  4.49432031E-04
3.50126087E-01  2.66571734E-02  4.51298198E-04
3.50424702E-01  2.59467568E-02  4.49164014E-04
3.50723317E-01  2.65202392E-02  4.52232052E-04
3.51021932E-01  2.65164953E-02  4.53820772E-04
3.51320547E-01  2.66873147E-02  4.52913257E-04
3.51619162E-01  2.68392432E-02  4.53212997E-04
3.51917777E-01  2.61485409E-02  4.49303567E-04
3.52216392E-01  2.67331600E-02  4.53430170E-04
3.52515007E-01  2.65634712E-02  4.49905318E-04
3.52813622E-01  2.62893159E-02  4.47579019E-04
3.53112237E-01  2.61236988E-02  4.51079570E-04
3.53410852E-01  2.67283209E-02  4.55515488E-04
3.53709467E-01  2.81864963E-02  4.58878465E-04
3.54008082E-01  2.74700131E-02  4.57897142E-04
3.54306697E-01  2.68658083E-02  4.53080604E-04
3.54605312E-01  2.65823714E-02  4.53028159E-04
3.54903927E-01  2.77381632E-02  4.64176119E-04
3.55202542E-01  2.81128101E-02  4.57436428E-04
3.55501157E-01  2.79890373E-02  4.63468372E-04
3.55799772E-01  2.79298611E-02  4.60848649E-04
3.56098387E-01  2.85555460E-02  4.67120495E-04
3.56397002E-01  2.93484759E-02  4.73177904E-04
3.56695617E-01  2.92778444E-02  4.67444392E-04
3.56994232E-01  2.97606084E-02  4.79884970E-04
3.57292847E-01  2.96494719E-02  4.71280073E-04
3.57591462E-01  3.09044030E-02  4.84123913E-04
3.57890077E-01  3.14306915E-02  4.87312180E-04
3.58188692E-01  3.21092457E-02  4.90574923E-04
3.58487307E-01  3.38270403E-02  5.10367914E-04
3.58785922E-01  3.49821039E-02  5.09886886E-04
3.59084537E-01  3.62251028E-02  5.24011848E-04
3.59383152E-01  3.97159643E-02  5.46624768E-04
3.59681767E-01  4.10685763E-02  5.56302955E-04
3.59980382E-01  4.40800600E-02  5.81816770E-04
3.60278997E-01  4.70739082E-02  5.88699884E-04
3.60577612E-01  4.94274311E-02  6.12271717E-04
3.60876227E-01  5.16522489E-02  6.23721164E-04
3.61174842E-01  5.44322617E-02  6.36384415E-04
3.61473457E-01  5.69399670E-02  6.50880625E-04
3.61772072E-01  5.86353615E-02  6.62430190E-04
3.62070687E-01  6.01116531E-02  6.74858282E-04
3.62369302E-01  6.00948967E-02  6.69916393E-04
3.62667917E-01  6.02500215E-02  6.70604757E-04
3.62966532E-01  5.81190810E-02  6.56555640E-04
3.63265147E-01  5.67206778E-02  6.51016366E-04
3.63563762E-01  5.32897264E-02  6.31189323E-04
3.63862377E-01  5.06853312E-02  6.13298558E-04
3.64160992E-01  4.67076376E-02  5.89209609E-04
3.64459607E-01  4.31560166E-02  5.66666306E-04
3.64758222E-01  4.07082923E-02  5.50363387E-04
3.65056837E-01  3.82926799E-02  5.34634630E-04
3.65355452E-01  3.59357223E-02  5.13315084E-04
3.65654067E-01  3.40321474E-02  5.03751740E-04
3.65952682E-01  3.28737311E-02  4.91474522E-04
3.66251297E-01  3.15525644E-02  4.86345845E-04
3.66549912E-01  3.04297041E-02  4.73102205E-04
3.66848527E-01  3.00788227E-02  4.67929756E-04
3.67147142E-01  2.88690198E-02  4.65085206E-04
3.67445757E-01  2.95146517E-02  4.65331716E-04
3.67744372E-01  2.85337102E-02  4.58731840E-04
3.68042987E-01  2.88187508E-02  4.60055948E-04
3.68341602E-01  2.84079202E-02  4.57004935E-04
3.68640217E-01  2.82620415E-02  4.57989023E-04
3.68938832E-01  2.76663452E-02  4.47396800E-04
3.69237447E-01  2.82246396E-02  4.55413887E-04
3.69536062E-01  2.71025579E-02  4.44304227E-04
3.69834677E-01  2.70384159E-02  4.46443591E-04
3.70133292E-01  2.63277553E-02  4.41812997E-04
3.70431907E-01  2.66133007E-02  4.38469026E-04
3.70730522E-01  2.68174540E-02  4.43460624E-04
3.71029137E-01  2.70938389E-02  4.43209428E-04
3.71327752E-01  2.65945513E-02  4.41042794E-04
3.71626367E-01  2.65176818E-02  4.39949508E-04
3.71924982E-01  2.64256634E-02  4.38845862E-04
3.72223597E-01  2.63644475E-02  4.40510135E-04
3.72522212E-01  2.65552700E-02  4.37216368E-04
3.72820827E-01  2.58648545E-02  4.33495938E-04
3.73119442E-01  2.61764154E-02  4.36213013E-04
3.73418057E-01  2.59223171E-02  4.31978639E-04
3.73716672E-01  2.60296389E-02  4.38169664E-04
3.74015287E-01  2.51651090E-02  4.24218102E-04
3.74313902E-01  2.62842104E-02  4.35656548E-04
3.74612517E-01  2.61803512E-02  4.35915572E-04
3.74911132E-01  2.66786721E-02  4.39367228E-04
3.75209747E-01  2.54693832E-02  4.29958716E-04
3.75508362E-01  2.61497777E-02  4.32774919E-04
3.75806977E-01  2.61499453E-02  4.34326939E-04
3.76105592E-01  2.51994114E-02  4.26252373E-04
3.76404207E-01  2.57667284E-02  4.31246095E-04
3.76702822E-01  2.59378608E-02  4.30804415E-04
3.77001437E-01  2.58629750E-02  4.30511776E-04
3.77300052E-01  2.65585389E-02  4.39179130E-04
3.77598667E-01  2.56263763E-02  4.30406741E-04
3.77897282E-01  2.64472850E-02  4.34028858E-04
3.78195897E-01  2.53732465E-02  4.24482248E-04
3.78494512E-01  2.67265923E-02  4.38317598E-04
3.78793127E-01  2.61516962E-02  4.32806672E-04
3.79091742E-01  2.54823081E-02  4.26366460E-04
3.79390357E-01  2.60991380E-02  4.31169901E-04
3.79688972E-01  2.53913142E-02  4.25499631E-04
3.79987587E-01  2.60975957E-02  4.30615881E-04
3.80286202E-01  2.58087739E-02  4.29312291E-04
3.80584817E-01  2.59089265E-02  4.30145883E-04
3.80883432E-01  2.54880581E-02  4.24919039E-04
3.81182047E-01  2.53365561E-02  4.24940168E-04
3.81480662E-01  2.59128790E-02  4.29856183E-04
3.81779277E-01  2.57174186E-02  4.24805767E-04
3.82077892E-01  2.53641587E-02  4.25283506E-04
3.82376507E-01  2.59236265E-02  4.28973406E-04
3.82675122E-01  2.58090030E-02  4.28782514E-04
3.82973737E-01  2.64358278E-02  4.32214234E-04
3.83272352E-01  2.60258187E-02  4.26080602E-04
3.83570967E-01  2.59751249E-02  4.29296924E-04
3.83869582E-01  2.57627945E-02  4.26253682E-04
3.84168197E-01  2.60506943E-02  4.29491338E-04
3.84466812E-01  2.58570332E-02  4.26182669E-04
3.84765427E-01  2.54285224E-02  4.22111945E-04
3.85064042E-01  2.53288448E-02  4.24572034E-04
3.85362657E-01  2.49513872E-02  4.18656884E-04
3.85661272E-01  2.48434562E-02  4.14865062E-04
3.85959887E-01  2.54044589E-02  4.23819904E-04
3.86258502E-01  2.62815338E-02  4.27865511E-04
3.86557117E-01  2.64034737E-02  4.34481626E-04
3.86855732E-01  2.62031630E-02  4.26702783E-04
3.87154347E-01  2.60803308E-02  4.25493083E-04
3.87452962E-01  2.58731525E-02  4.27611609E-04
3.87751577E-01  2.63810642E-02  4.26891493E-04
3.88050192E-01  2.58381702E-02  4.27325373E-04
3.88348807E-01  2.60955803E-02  4.23437654E-04
3.88647422E-01  2.60059442E-02  4.26155195E-04
3.88946037E-01  2.55764611E-02  4.21787438E-04
3.89244652E-01  2.58247331E-02  4.24670783E-04
3.89543267E-01  2.62150150E-02  4.27975290E-04
3.89841882E-01  2.63076648E-02  4.25369741E-04
3.90140497E-01  2.58287806E-02  4.25659178E-04
3.90439112E-01  2.60360111E-02  4.26304614E-04
3.90737727E-01  2.62252260E-02  4.23262885E-04
3.91036342E-01  2.58117970E-02  4.25206090E-04
3.91334957E-01  2.67543085E-02  4.28137457E-04
3.91633572E-01  2.57924199E-02  4.24311584E-04
3.91932187E-01  2.63444856E-02  4.24745347E-04
3.92230802E-01  2.62857229E-02  4.25515842E-04
3.92529417E-01  2.58557834E-02  4.24836879E-04
3.92828032E-01  2.65186541E-02  4.25841077E-04
3.93126647E-01  2.63783187E-02  4.26791172E-04
3.93425262E-01  2.61026900E-02  4.23107645E-04
3.93723877E-01  2.63941661E-02  4.27551538E-04
3.94022492E-01  2.68119089E-02  4.30605753E-04
3.94321107E-01  2.59793364E-02  4.21495963E-04
3.94619722E-01  2.55529862E-02  4.18227573E-04
3.94918337E-01  2.69582067E-02  4.29262087E-04
3.95216952E-01  2.53781844E-02  4.17610019E-04
3.95515567E-01  2.64883377E-02  4.27064631E-04
3.95814182E-01  2.57756878E-02  4.17423464E-04
3.96112797E-01  2.62062550E-02  4.24062746E-04
3.96411412E-01  2.64601596E-02  4.25285776E-04
3.96710027E-01  2.63533909E-02  4.24944155E-04
3.97008642E-01  2.56721564E-02  4.17392061E-04
3.97307257E-01  2.60530170E-02  4.21087199E-04
3.97605872E-01  2.63429172E-02  4.24554542E-04
3.97904487E-01  2.53852978E-02  4.17783624E-04
3.98203102E-01  2.67843474E-02  4.24507132E-04
3.98501717E-01  2.63181496E-02  4.21806384E-04
3.98800332E-01  2.62035392E-02  4.21597069E-04
3.99098947E-01  2.64581759E-02  4.24050610E-04
3.99397562E-01  2.62628496E-02  4.23814927E-04
3.99696177E-01  2.56410744E-02  4.17052099E-04
3.99994792E-01  2.58176960E-02  4.17283794E-04
4.00293407E-01  2.62781661E-02  4.22306126E-04
4.00592022E-01  2.64849588E-02  4.22745972E-04
4.00890637E-01  2.63173431E-02  4.21306759E-04
4.01189252E-01  2.58902572E-02  4.17476200E-04
4.01487867E-01  2.64817029E-02  4.24046622E-04
4.01786482E-01  2.62701232E-02  4.21741424E-04
4.02085097E-01  2.66821459E-02  4.21407953E-04
4.02383712E-01  2.63503417E-02  4.24123777E-04
4.02682327E-01  2.65051965E-02  4.19713993E-04
4.02980942E-01  2.59672478E-02  4.19208431E-04
4.03279557E-01  2.65760850E-02  4.22375044E-04
4.03578172E-01  2.56972481E-02  4.13077127E-04
4.03876787E-01  2.66535468E-02  4.24410915E-04
4.04175402E-01  2.62699109E-02  4.18249168E-04
4.04474017E-01  2.60797869E-02  4.19118034E-04
4.04772632E-01  2.60485187E-02  4.16682975E-04
4.05071247E-01  2.58766171E-02  4.15799295E-04
4.05369862E-01  2.60114092E-02  4.20689554E-04
4.05668477E-01  2.58608796E-02  4.11789078E-04
4.05967092E-01  2.63399407E-02  4.19310993E-04
4.06265707E-01  2.61133611E-02  4.16814612E-04
4.06564322E-01  2.68286299E-02  4.21988254E-04
4.06862937E-01  2.60430891E-02  4.19940596E-04
4.07161552E-01  2.61925980E-02  4.15493880E-04
4.07460167E-01  2.65395902E-02  4.21104196E-04
4.07758782E-01  2.66403537E-02  4.18251468E-04
4.08057397E-01  2.53321622E-02  4.09864762E-04
4.08356012E-01  2.66203471E-02  4.21748991E-04
4.08654627E-01  2.62928978E-02  4.15519520E-04
4.08953242E-01  2.49193721E-02  4.08734049E-04
4.09251857E-01  2.55863052E-02  4.10763372E-04
4.09550472E-01  2.57094689E-02  4.11945133E-04
4.09849087E-01  2.60112509E-02  4.14551556E-04
4.10147702E-01  2.56770086E-02  4.10058681E-04
4.10446317E-01  2.53493991E-02  4.11763700E-04
4.10744932E-01  2.61449143E-02  4.15522431E-04
4.11043547E-01  2.56346036E-02  4.07927553E-04
4.11342162E-01  2.60076337E-02  4.14336042E-04
4.11640777E-01  2.58008540E-02  4.13462491E-04
4.11939392E-01  2.52588410E-02  4.09483211E-04
4.12238007E-01  2.52027810E-02  4.04762774E-04
4.12536622E-01  2.54547689E-02  4.08862514E-04
4.12835237E-01  2.55599171E-02  4.08188760E-04
4.13133852E-01  2.54275873E-02  4.08742373E-04
4.13432467E-01  2.55640745E-02  4.09457803E-04
4.13731082E-01  2.53140908E-02  4.06131643E-04
4.14029697E-01  2.51507647E-02  4.06610605E-04
4.14328312E-01  2.55167969E-02  4.08229564E-04
4.14626927E-01  2.44118217E-02  4.00409073E-04
4.14925542E-01  2.47422978E-02  3.99589422E-04
4.15224157E-01  2.57086977E-02  4.10146546E-04
4.15522772E-01  2.50312015E-02  4.05366911E-04
4.15821387E-01  2.41620261E-02  3.95514595E-04
4.16120002E-01  2.51610707E-02  4.04353719E-04
4.16418617E-01  2.50442345E-02  4.04254883E-04
4.16717232E-01  2.41653454E-02  3.96366318E-04
4.17015847E-01  2.44844574E-02  4.00363700E-04
4.17314462E-01  2.49756351E-02  3.99112381E-04
4.17613077E-01  2.44762395E-02  3.99004290E-04
4.17911692E-01  2.48104725E-02  4.00429417E-04
4.18210307E-01  2.46963594E-02  4.02378850E-04
4.18508922E-01  2.42655054E-02  3.94835195E-04
4.18807537E-01  2.53308658E-02  4.03503043E-04
4.19106152E-01  2.49649957E-02  4.02975857E-04
4.19404767E-01  2.45474167E-02  3.99316603E-04
4.19703382E-01  2.52447110E-02  4.01723140E-04
4.20001997E-01  2.50114854E-02  4.01690515E-04
4.20300612E-01  2.51564756E-02  4.01387690E-04
4.20599227E-01  2.42160205E-02  3.96983960E-04
4.20897842E-01  2.43101530E-02  3.95300100E-04
4.21196457E-01  2.51945071E-02  4.01330966E-04
4.21495072E-01  2.44463999E-02  3.97043419E-04
4.21793687E-01  2.47203186E-02  3.97990720E-04
4.22092302E-01  2.39695888E-02  3.94057599E-04
4.22390917E-01  2.38198414E-02  3.87173757E-04
4.22689532E-01  2.40895115E-02  3.94592003E-04
4.22988147E-01  2.39630304E-02  3.91054025E-04
4.23286762E-01  2.40529887E-02  3.94205359E-04
4.23585377E-01  2.41220798E-02  3.92086426E-04
4.23883992E-01  2.36309804E-02  3.87289037E-04
4.24182607E-01  2.39446983E-02  3.90028465E-04
4.24481222E-01  2.40506604E-02  3.93112714E-04
4.24779837E-01  2.43221279E-02  3.93625844E-04
4.25078452E-01  2.39409152E-02  3.89038963E-04
4.25377067E-01  2.42016688E-02  3.93900787E-04
4.25675682E-01  2.40714140E-02  3.89925961E-04
4.25974297E-01  2.45337468E-02  3.96687188E-04
4.26272912E-01  2.33715009E-02  3.82933591E-04
4.26571527E-01  2.38349754E-02  3.91000096E-04
4.26870142E-01  2.36762278E-02  3.86631174E-04
4.27168757E-01  2.35925224E-02  3.86554952E-04
4.27467372E-01  2.40324493E-02  3.88835906E-04
4.27765987E-01  2.41219364E-02  3.91928828E-04
4.28064602E-01  2.36895718E-02  3.86745989E-04
4.28363217E-01  2.33606901E-02  3.85089574E-04
4.28661832E-01  2.34962981E-02  3.85599938E-04
4.28960447E-01  2.38518529E-02  3.87899112E-04
4.29259062E-01  2.35805530E-02  3.85171559E-04
4.29557677E-01  2.39342246E-02  3.88571294E-04
4.29856292E-01  2.42643561E-02  3.89590947E-04
4.30154907E-01  2.30594743E-02  3.80641723E-04
4.30453522E-01  2.33138464E-02  3.84108687E-04
4.30752137E-01  2.34891623E-02  3.84603394E-04
4.31050752E-01  2.31770668E-02  3.80514772E-04
4.31349367E-01  2.27267854E-02  3.77471355E-04
4.31647982E-01  2.28633638E-02  3.78437107E-04
4.31946597E-01  2.34834924E-02  3.85597552E-04
4.32245212E-01  2.39842683E-02  3.86491301E-04
4.32543827E-01  2.32238881E-02  3.82263563E-04
4.32842442E-01  2.33588070E-02  3.85530264E-04
4.33141057E-01  2.29221284E-02  3.77757446E-04
4.33439672E-01  2.32889652E-02  3.83230916E-04
4.33738287E-01  2.33537927E-02  3.81722290E-04
4.34036902E-01  2.35436615E-02  3.85237625E-04
4.34335517E-01  2.33466756E-02  3.83196108E-04
4.34634132E-01  2.31721085E-02  3.82188678E-04
4.34932747E-01  2.35541761E-02  3.83362320E-04
4.35231362E-01  2.23860778E-02  3.73985356E-04
4.35529977E-01  2.28707530E-02  3.80124780E-04
4.35828592E-01  2.34229453E-02  3.84085957E-04
4.36127207E-01  2.25690138E-02  3.74850904E-04
4.36425822E-01  2.28616204E-02  3.77942546E-04
4.36724437E-01  2.31715310E-02  3.80834710E-04
4.37023052E-01  2.28289384E-02  3.78178258E-04
4.37321667E-01  2.26117950E-02  3.74221825E-04
4.37620282E-01  2.32775733E-02  3.82474274E-04
4.37918897E-01  2.32536197E-02  3.81514605E-04
4.38217512E-01  2.33178176E-02  3.82722443E-04
4.38516127E-01  2.36139707E-02  3.82767117E-04
4.38814742E-01  2.27326602E-02  3.73672141E-04
4.39113357E-01  2.37965807E-02  3.85777792E-04
4.39411972E-01  2.32695471E-02  3.81314283E-04
4.39710587E-01  2.32157968E-02  3.79365374E-04
4.40009202E-01  2.31346861E-02  3.80126468E-04
4.40307817E-01  2.30390299E-02  3.76025273E-04
4.40606432E-01  2.24542357E-02  3.74497438E-04
4.40905047E-01  2.31456272E-02  3.79130972E-04
4.41203662E-01  2.21461542E-02  3.68591020E-04
4.41502277E-01  2.28139218E-02  3.76076350E-04
4.41800892E-01  2.34610513E-02  3.80788988E-04
4.42099507E-01  2.29970273E-02  3.77253979E-04
4.42398122E-01  2.38740686E-02  3.83373874E-04
4.42696737E-01  2.27698982E-02  3.74486670E-04
4.42995352E-01  2.32967846E-02  3.79625912E-04
4.43293967E-01  2.33434588E-02  3.81095480E-04
4.43592582E-01  2.33539436E-02  3.81266640E-04
4.43891197E-01  2.32573226E-02  3.76837590E-04
4.44189812E-01  2.26358827E-02  3.75031610E-04
4.44488427E-01  2.24003252E-02  3.71281785E-04
4.44787042E-01  2.26794891E-02  3.74982861E-04
4.45085657E-01  2.30345447E-02  3.76504089E-04
4.45384272E-01  2.27966458E-02  3.75129544E-04
4.45682887E-01  2.29891408E-02  3.79377336E-04
4.45981502E-01  2.32490003E-02  3.77845252E-04
4.46280117E-01  2.30054520E-02  3.76683282E-04
4.46578732E-01  2.33261157E-02  3.79549951E-04
4.46877347E-01  2.25133356E-02  3.73617077E-04
4.47175962E-01  2.25946158E-02  3.78049997E-04
4.47474577E-01  2.35078484E-02  3.79208184E-04
4.47773192E-01  2.35100761E-02  3.81133112E-04
4.48071807E-01  2.33001839E-02  3.79429490E-04
4.48370422E-01  2.24271044E-02  3.73318704E-04
4.48669037E-01  2.24206150E-02  3.72283481E-04
4.48967652E-01  2.31489595E-02  3.77869816E-04
4.49266267E-01  2.30694003E-02  3.78798199E-04
4.49564882E-01  2.30027903E-02  3.78419325E-04
4.49863497E-01  2.25338861E-02  3.72983544E-04
4.50162112E-01  2.27240529E-02  3.75873846E-04
4.50460727E-01  2.31634360E-02  3.79575475E-04
4.50759342E-01  2.31053866E-02  3.79184668E-04
4.51057957E-01  2.27714945E-02  3.75939271E-04
4.51356572E-01  2.29834728E-02  3.75218486E-04
4.51655187E-01  2.29176786E-02  3.78146564E-04
4.51953802E-01  2.33723242E-02  3.80452926E-04
4.52252417E-01  2.28326637E-02  3.79806617E-04
4.52551032E-01  2.30833180E-02  3.77351738E-04
4.52849647E-01  2.23980080E-02  3.72524839E-04
4.53148262E-01  2.31602844E-02  3.78812430E-04
4.53446877E-01  2.25842223E-02  3.73663177E-04
4.53745492E-01  2.26092916E-02  3.74693889E-04
4.54044107E-01  2.25934070E-02  3.75307834E-04
4.54342722E-01  2.25177016E-02  3.74101888E-04
4.54641337E-01  2.23053806E-02  3.73158342E-04
4.54939952E-01  2.32521631E-02  3.79655627E-04
4.55238567E-01  2.26769522E-02  3.74684925E-04
4.55537182E-01  2.27074213E-02  3.77514429E-04
4.55835797E-01  2.34548040E-02  3.82658356E-04
4.56134412E-01  2.29398794E-02  3.77435441E-04
4.56433027E-01  2.30031069E-02  3.78373341E-04
4.56731642E-01  2.29991209E-02  3.77593300E-04
4.57030257E-01  2.25265361E-02  3.75181815E-04
4.57328872E-01  2.30020452E-02  3.78202385E-04
4.57627487E-01  2.26899609E-02  3.75464064E-04
4.57926102E-01  2.31494289E-02  3.79498815E-04
4.58224717E-01  2.32201051E-02  3.81427060E-04
4.58523332E-01  2.28923764E-02  3.77472257E-04
4.58821947E-01  2.26969328E-02  3.73640563E-04
4.59120562E-01  2.25978717E-02  3.76369921E-04
4.59419177E-01  2.28786170E-02  3.78534023E-04
4.59717792E-01  2.23427918E-02  3.73993593E-04
4.60016407E-01  2.28047203E-02  3.76590440E-04
4.60315022E-01  2.25363746E-02  3.73793591E-04
4.60613637E-01  2.20850334E-02  3.71505099E-04
4.60912252E-01  2.35309731E-02  3.84669722E-04
4.61210867E-01  2.26724166E-02  3.75585339E-04
4.61509482E-01  2.24153772E-02  3.77382501E-04
4.61808097E-01  2.31137015E-02  3.91870242E-04
4.62106712E-01  2.28759050E-02  3.91513313E-04
4.62405327E-01  2.31394991E-02  3.97365395E-04
4.62703942E-01  2.27026623E-02  3.93123395E-04
4.63002557E-01  2.39456650E-02  4.11148765E-04
4.63301172E-01  2.33327243E-02  4.07282903E-04
4.63599787E-01  2.33883969E-02  4.09944390E-04
4.63898402E-01  2.37209573E-02  4.14755312E-04
4.64197017E-01  2.30261125E-02  4.09163214E-04
4.64495632E-01  2.36549005E-02  4.19938879E-04
4.64794247E-01  2.30721720E-02  4.15394636E-04
4.65092862E-01  2.30867080E-02  4.13450907E-04
4.65391477E-01  2.27101240E-02  4.16226831E-04
4.65690092E-01  2.41161920E-02  4.28804313E-04
4.65988707E-01  2.39199568E-02  4.30797925E-04
4.66287322E-01  2.31203418E-02  4.23887657E-04
4.66585937E-01  2.30235849E-02  4.23468126E-04
4.66884552E-01  2.33892165E-02  4.32097586E-04
4.67183167E-01  2.30742786E-02  4.31012653E-04
4.67481782E-01  2.37111431E-02  4.31539898E-04
4.67780397E-01  2.38890853E-02  4.39312804E-04
4.68079012E-01  2.40789149E-02  4.42579272E-04
4.68377627E-01  2.34217346E-02  4.39037482E-04
4.68676242E-01  2.35647708E-02  4.41408600E-04
4.68974857E-01  2.31928881E-02  4.37913550E-04
4.69273472E-01  2.30631735E-02  4.40840697E-04
4.69572087E-01  2.35966109E-02  4.44586418E-04
4.69870702E-01  2.38198470E-02  4.48553677E-04
4.70169317E-01  2.27592234E-02  4.40702919E-04
4.70467932E-01  2.32675038E-02  4.46544640E-04
4.70766547E-01  2.30930969E-02  4.49533953E-04
4.71065162E-01  2.34550294E-02  4.52904467E-04
4.71363777E-01  2.35625766E-02  4.50880994E-04
4.71662392E-01  2.36666277E-02  4.57075541E-04
4.71961007E-01  2.32650116E-02  4.54606372E-04
4.72259622E-01  2.24261079E-02  4.49602492E-04
4.72558237E-01  2.42745299E-02  4.65101009E-04
4.72856852E-01  2.36358009E-02  4.52282198E-04
4.73155467E-01  2.42850129E-02  4.54979803E-04
4.73454082E-01  2.36375425E-02  4.43550583E-04
4.73752697E-01  2.37769652E-02  4.38066490E-04
4.74051312E-01  2.36104596E-02  4.36781615E-04
4.74349927E-01  2.42164750E-02  4.39718482E-04
4.74648542E-01  2.45339628E-02  4.42718621E-04
4.74947157E-01  2.40106415E-02  4.33699111E-04
4.75245772E-01  2.43215561E-02  4.35775029E-04
4.75544387E-01  2.41268463E-02  4.33191250E-04
4.75843002E-01  2.44604237E-02  4.37141891E-04
4.76141617E-01  2.45800242E-02  4.34381829E-04
4.76440232E-01  2.48854719E-02  4.37193172E-04
4.76738847E-01  2.45832205E-02  4.32886358E-04
4.77037462E-01  2.41979305E-02  4.29714593E-04
4.77336077E-01  2.52229348E-02  4.39674885E-04
4.77634692E-01  2.45533381E-02  4.29967011E-04
4.77933307E-01  2.50344239E-02  4.34740738E-04
4.78231922E-01  2.49094553E-02  4.31013614E-04
4.78530537E-01  2.59019397E-02  4.43758006E-04
4.78829152E-01  2.55881026E-02  4.34446149E-04
4.79127767E-01  2.59786826E-02  4.39245399E-04
4.79426382E-01  2.58410368E-02  4.40522010E-04
4.79724997E-01  2.70907395E-02  4.49024636E-04
4.80023612E-01  2.79630497E-02  4.55120142E-04
4.80322227E-01  2.79068034E-02  4.52767708E-04
4.80620842E-01  2.83488948E-02  4.58614319E-04
4.80919457E-01  2.92036850E-02  4.64018434E-04
4.81218072E-01  2.90768426E-02  4.62528784E-04
4.81516687E-01  3.02247573E-02  4.72434884E-04
4.81815302E-01  3.09103727E-02  4.73087159E-04
4.82113917E-01  3.08524184E-02  4.77944501E-04
4.82412532E-01  3.08718756E-02  4.74502915E-04
4.82711147E-01  3.16857621E-02  4.79482289E-04
4.83009762E-01  3.11510526E-02  4.76770801E-04
4.83308377E-01  3.07897087E-02  4.74982429E-04
4.83606992E-01  3.07816193E-02  4.72112937E-04
4.83905607E-01  2.97994483E-02  4.65957768E-04
4.84204222E-01  3.10472343E-02  4.73300810E-04
4.84502837E-01  2.93151196E-02  4.62876720E-04
4.84801452E-01  2.98421290E-02  4.64979588E-04
4.85100067E-01  2.92564817E-02  4.57355898E-04
4.85398682E-01  2.85885260E-02  4.54646040E-04
4.85697297E-01  2.82778293E-02  4.51939384E-04
4.85995912E-01  2.69054025E-02  4.42083197E-04
4.86294527E-01  2.70553119E-02  4.39822034E-04
4.86593142E-01  2.65185926E-02  4.36435046E-04
4.86891757E-01  2.68363226E-02  4.39939700E-04
4.87190372E-01  2.67108157E-02  4.39360650E-04
4.87488987E-01  2.59664133E-02  4.29152948E-04
4.87787602E-01  2.55789459E-02  4.29186592E-04
4.88086217E-01  2.57473793E-02  4.28528234E-04
4.88384832E-01  2.58221831E-02  4.30130807E-04
4.88683447E-01  2.58388612E-02  4.31367225E-04
4.88982062E-01  2.49039661E-02  4.20713506E-04
4.89280677E-01  2.56173983E-02  4.29408887E-04
4.89579292E-01  2.62039434E-02  4.32429515E-04
4.89877907E-01  2.45222952E-02  4.17798146E-04
4.90176522E-01  2.45128497E-02  4.16670722E-04
4.90475137E-01  2.47897357E-02  4.20285767E-04
4.90773752E-01  2.53572464E-02  4.24749858E-04
4.91072367E-01  2.47955509E-02  4.20444791E-04
4.91370982E-01  2.57010646E-02  4.26871469E-04
4.91669597E-01  2.43618060E-02  4.16334689E-04
4.91968212E-01  2.44034473E-02  4.17534407E-04
4.92266827E-01  2.40926892E-02  4.14345588E-04
4.92565442E-01  2.41878424E-02  4.12879657E-04
4.92864057E-01  2.41757352E-02  4.14123526E-04
4.93162672E-01  2.34852824E-02  4.08888271E-04
4.93461287E-01  2.42899302E-02  4.15835704E-04
4.93759902E-01  2.42759064E-02  4.12404916E-04
4.94058517E-01  2.44434346E-02  4.15791263E-04
4.94357132E-01  2.29301546E-02  4.01912461E-04
4.94655747E-01  2.39773635E-02  4.14203940E-04
4.94954362E-01  2.39295717E-02  4.08649707E-04
4.95252977E-01  2.38757581E-02  4.10736306E-04
4.95551592E-01  2.35936418E-02  4.09535307E-04
4.95850207E-01  2.42811609E-02  4.14835347E-04
4.96148822E-01  2.38029826E-02  4.07977874E-04
4.96447437E-01  2.44592950E-02  4.15940740E-04
4.96746052E-01  2.37960871E-02  4.09547560E-04
4.97044667E-01  2.46232636E-02  4.19335847E-04
4.97343282E-01  2.34010536E-02  4.03826736E-04
4.97641897E-01  2.35267486E-02  4.04313672E-04
4.97940512E-01  2.35857163E-02  4.08966705E-04
4.98239127E-01  2.34706085E-02  4.06543200E-04
4.98537742E-01  2.41869651E-02  4.13527945E-04
4.98836357E-01  2.43002642E-02  4.11928049E-04
4.99134972E-01  2.36472823E-02  4.08075866E-04
4.99433587E-01  2.39952542E-02  4.12304187E-04
4.99732202E-01  2.37078369E-02  4.07485903E-04
5.00030817E-01  2.38380581E-02  4.08099790E-04
5.00329432E-01  2.42095180E-02  4.12289723E-04
5.00628047E-01  2.36690845E-02  4.07663756E-04
5.00926662E-01  2.37250924E-02  4.10397479E-04
5.01225277E-01  2.38228701E-02  4.06472071E-04
5.01523892E-01  2.25454979E-02  3.95717798E-04
5.01822507E-01  2.29686238E-02  4.01294354E-04
5.02121122E-01  2.34451424E-02  4.06345993E-04
5.02419737E-01  2.26409398E-02  3.98622913E-04
5.02718352E-01  2.39858832E-02  4.10090026E-04
5.03016967E-01  2.39111278E-02  4.09350730E-04
5.03315582E-01  2.35140398E-02  4.07051295E-04
5.03614197E-01  2.31934059E-02  4.01080382E-04
5.03912812E-01  2.39790846E-02  4.09734290E-04
5.04211427E-01  2.34685596E-02  4.04450053E-04
5.04510042E-01  2.32848190E-02  4.04968683E-04
5.04808657E-01  2.34787166E-02  4.03250131E-04
5.05107272E-01  2.35575270E-02  4.06224630E-04
5.05405887E-01  2.38935743E-02  4.07500542E-04
5.05704502E-01  2.42637713E-02  4.13814181E-04
5.06003117E-01  2.28623655E-02  3.99498822E-04
5.06301732E-01  2.26726253E-02  3.97642958E-04
5.06600347E-01  2.25061979E-02  3.94724106E-04
5.06898962E-01  2.35728398E-02  4.06670122E-04
5.07197577E-01  2.39325650E-02  4.10681765E-04
5.07496192E-01  2.31004320E-02  3.98638978E-04
5.07794807E-01  2.30699051E-02  4.03618673E-04
5.08093422E-01  2.33576242E-02  4.03317565E-04
5.08392037E-01  2.37789080E-02  4.07744927E-04
5.08690652E-01  2.34123934E-02  4.02407866E-04
5.08989267E-01  2.35393289E-02  4.04888764E-04
5.09287882E-01  2.36890651E-02  4.07584914E-04
5.09586497E-01  2.23894455E-02  3.94684728E-04
5.09885112E-01  2.30652578E-02  4.00303368E-04
5.10183727E-01  2.35471427E-02  4.04963270E-04
5.10482342E-01  2.34271288E-02  4.03137790E-04
5.10780957E-01  2.29730029E-02  4.00394259E-04
5.11079572E-01  2.27090325E-02  3.97305033E-04
5.11378187E-01  2.38887742E-02  4.07596526E-04
5.11676802E-01  2.38022618E-02  4.09896718E-04
5.11975417E-01  2.25431528E-02  3.94886651E-04
5.12274032E-01  2.39070971E-02  4.07257612E-04
5.12572647E-01  2.29698662E-02  3.99491022E-04
5.12871262E-01  2.34751552E-02  4.03367478E-04
5.13169877E-01  2.28156634E-02  4.00521414E-04
5.13468492E-01  2.29154937E-02  3.96689895E-04
5.13767107E-01  2.34920923E-02  4.03123238E-04
5.14065722E-01  2.26025824E-02  3.97762662E-04
5.14364337E-01  2.38152053E-02  4.07589105E-04
5.14662952E-01  2.33281236E-02  4.02508274E-04
5.14961567E-01  2.30811108E-02  3.99198150E-04
5.15260182E-01  2.32433677E-02  4.02969948E-04
5.15558797E-01  2.27646679E-02  3.97427764E-04
5.15857412E-01  2.27868240E-02  3.97330441E-04
5.16156027E-01  2.31037363E-02  4.00971185E-04
5.16454642E-01  2.29525734E-02  3.99856042E-04
5.16753257E-01  2.30412353E-02  3.99645796E-04
5.17051872E-01  2.26577614E-02  3.97872151E-04
5.17350487E-01  2.35408489E-02  4.02775651E-04
5.17649102E-01  2.31552888E-02  4.00541001E-04
5.17947717E-01  2.24186797E-02  3.93734546E-04
5.18246332E-01  2.25557182E-02  3.95228068E-04
5.18544947E-01  2.31117308E-02  4.01351805E-04
5.18843562E-01  2.32927650E-02  4.03220824E-04
5.19142177E-01  2.28163451E-02  3.97121417E-04
5.19440792E-01  2.34064534E-02  4.02127655E-04
5.19739407E-01  2.28433646E-02  3.97651922E-04
5.20038022E-01  2.31324416E-02  4.02136124E-04
5.20336637E-01  2.27288175E-02  3.96560237E-04
5.20635252E-01  2.31535938E-02  4.00152639E-04
5.20933867E-01  2.30146945E-02  3.99245502E-04
5.21232482E-01  2.28412095E-02  3.97253461E-04
5.21531097E-01  2.32094675E-02  4.02019854E-04
5.21829712E-01  2.28416715E-02  3.98529257E-04
5.22128327E-01  2.27122717E-02  3.96815507E-04
5.22426942E-01  2.28531137E-02  3.96204094E-04
5.22725557E-01  2.27600466E-02  3.97528871E-04
5.23024172E-01  2.24775225E-02  3.94281844E-04
5.23322787E-01  2.30147913E-02  3.99849290E-04
5.23621402E-01  2.19868831E-02  3.89958528E-04
5.23920017E-01  2.23941114E-02  3.95690266E-04
5.24218632E-01  2.29410939E-02  3.97073542E-04
5.24517247E-01  2.27329824E-02  3.96331365E-04
5.24815862E-01  2.35670097E-02  4.05125233E-04
5.25114477E-01  2.25276258E-02  3.94251925E-04
5.25413092E-01  2.30474044E-02  3.99752811E-04
5.25711707E-01  2.30095536E-02  3.99818615E-04
5.26010322E-01  2.28255317E-02  3.96083255E-04
5.26308937E-01  2.31828503E-02  4.00538644E-04
5.26607552E-01  2.24938653E-02  3.94447154E-04
5.26906167E-01  2.29817107E-02  3.98313889E-04
5.27204782E-01  2.33358201E-02  4.03845130E-04
5.27503397E-01  2.26466712E-02  3.95790179E-04
5.27802012E-01  2.31424067E-02  4.00198449E-04
5.28100627E-01  2.28905100E-02  3.98895936E-04
5.28399242E-01  2.34535486E-02  4.00054152E-04
5.28697857E-01  2.33431086E-02  4.02527221E-04
5.28996472E-01  2.22741887E-02  3.92530987E-04
5.29295087E-01  2.33404581E-02  4.03201528E-04
5.29593702E-01  2.23302823E-02  3.91879992E-04
5.29892317E-01  2.31470540E-02  3.99860495E-04
5.30190932E-01  2.24048551E-02  3.95140582E-04
5.30489547E-01  2.28313208E-02  3.97321885E-04
5.30788162E-01  2.27494538E-02  3.95837269E-04
5.31086777E-01  2.21035779E-02  3.91229085E-04
5.31385392E-01  2.31237598E-02  3.98212287E-04
5.31684007E-01  2.25997996E-02  3.95696872E-04
5.31982622E-01  2.27759164E-02  3.97140277E-04
5.32281237E-01  2.24535130E-02  3.94224742E-04
5.32579852E-01  2.21558698E-02  3.92277580E-04
5.32878467E-01  2.26089898E-02  3.95494193E-04
5.33177082E-01  2.32050642E-02  4.01462108E-04
5.33475697E-01  2.32081059E-02  3.98661155E-04
5.33774312E-01  2.29133423E-02  3.97666852E-04
5.34072927E-01  2.33943705E-02  4.04495164E-04
5.34371542E-01  2.37020329E-02  4.03179758E-04
5.34670157E-01  2.29001492E-02  3.95536277E-04
5.34968772E-01  2.29780301E-02  3.99996177E-04
5.35267387E-01  2.27280762E-02  3.96065298E-04
5.35566002E-01  2.26052497E-02  3.96644376E-04
5.35864617E-01  2.28827503E-02  3.96063726E-04
5.36163232E-01  2.24627946E-02  3.94813891E-04
5.36461847E-01  2.25644484E-02  3.95320356E-04
5.36760462E-01  2.31595952E-02  3.99719458E-04
5.37059077E-01  2.21046843E-02  3.89846682E-04
5.37357692E-01  2.28517558E-02  3.99008946E-04
5.37656307E-01  2.40104496E-02  4.05618950E-04
5.37954922E-01  2.36072037E-02  4.06960287E-04
5.38253537E-01  2.24467441E-02  3.89745052E-04
5.38552152E-01  2.34392583E-02  4.02039092E-04
5.38850767E-01  2.23814398E-02  3.94115195E-04
5.39149382E-01  2.24036388E-02  3.94506089E-04
5.39447997E-01  2.27779001E-02  3.96332238E-04
5.39746612E-01  2.27038879E-02  3.96366668E-04
5.40045227E-01  2.22993251E-02  3.91577982E-04
5.40343842E-01  2.24670190E-02  3.95071285E-04
5.40642457E-01  2.30166353E-02  3.98023461E-04
5.40941072E-01  2.27317028E-02  3.95169656E-04
5.41239687E-01  2.30325535E-02  4.01798519E-04
5.41538302E-01  2.26650070E-02  3.95748182E-04
5.41836917E-01  2.22279113E-02  3.91533133E-04
5.42135532E-01  2.27724332E-02  3.93624010E-04
5.42434147E-01  2.27209441E-02  3.96241958E-04
5.42732762E-01  2.25562472E-02  3.95967480E-04
5.43031377E-01  2.26735007E-02  3.98271368E-04
5.43329992E-01  2.26181597E-02  3.92484799E-04
5.43628607E-01  2.31710020E-02  4.00154793E-04
5.43927222E-01  2.23343112E-02  3.93346272E-04
5.44225837E-01  2.22216938E-02  3.92643735E-04
5.44524452E-01  2.28637476E-02  3.95379611E-04
5.44823067E-01  2.30882484E-02  3.99740326E-04
5.45121682E-01  2.30114181E-02  3.98589385E-04
5.45420297E-01  2.30133906E-02  3.98803066E-04
5.45718912E-01  2.23338082E-02  3.91821173E-04
5.46017527E-01  2.26185396E-02  3.95177864E-04
5.46316142E-01  2.24494562E-02  3.93124792E-04
5.46614757E-01  2.26815660E-02  3.97677504E-04
5.46913372E-01  2.30483711E-02  3.96796357E-04
5.47211987E-01  2.25890130E-02  3.95023933E-04
5.47510602E-01  2.27221604E-02  3.96867137E-04
5.47809217E-01  2.24602669E-02  3.93133319E-04
5.48107832E-01  2.33596843E-02  4.02992824E-04
5.48406447E-01  2.31507123E-02  3.99328332E-04
5.48705062E-01  2.27303095E-02  3.94728151E-04
5.49003677E-01  2.29413304E-02  3.99963785E-04
5.49302292E-01  2.31557339E-02  3.97351367E-04
5.49600907E-01  2.19202563E-02  3.90005560E-04
5.49899522E-01  2.24642102E-02  3.93564231E-04
5.50198137E-01  2.27422230E-02  3.97156982E-04
5.50496752E-01  2.35587135E-02  4.02845501E-04
5.50795367E-01  2.32254360E-02  3.99017707E-04
5.51093982E-01  2.29080319E-02  3.97634605E-04
5.51392597E-01  2.30942965E-02  4.00325313E-04
5.51691212E-01  2.28750035E-02  3.97061289E-04
5.51989827E-01  2.32110098E-02  3.99774086E-04
5.52288442E-01  2.26506516E-02  3.93107795E-04
5.52587057E-01  2.29670759E-02  3.97285301E-04
5.52885672E-01  2.25975290E-02  3.94269591E-04
5.53184287E-01  2.24875733E-02  3.91695852E-04
5.53482902E-01  2.24093460E-02  3.91582726E-04
5.53781517E-01  2.28580162E-02  3.96348682E-04
5.54080132E-01  2.20700987E-02  3.89176159E-04
5.54378747E-01  2.28667837E-02  3.92913964E-04
5.54677362E-01  2.27396693E-02  3.93705152E-04
5.54975977E-01  2.25031059E-02  3.92981165E-04
5.55274592E-01  2.30102278E-02  3.96139716E-04
5.55573207E-01  2.24113278E-02  3.86689673E-04
5.55871822E-01  2.29471009E-02  3.94177710E-04
5.56170437E-01  2.27488149E-02  3.93509807E-04
5.56469052E-01  2.27220003E-02  3.93753522E-04
5.56767667E-01  2.23756973E-02  3.88687273E-04
5.57066282E-01  2.28193495E-02  3.93086666E-04
5.57364897E-01  2.24966574E-02  3.87527951E-04
5.57663512E-01  2.16542967E-02  3.82558472E-04
5.57962127E-01  2.20679324E-02  3.84912302E-04
5.58260742E-01  2.30295695E-02  3.91175417E-04
5.58559357E-01  2.34294757E-02  3.98889882E-04
5.58857972E-01  2.25498360E-02  3.90770059E-04
5.59156587E-01  2.30169632E-02  3.91074136E-04
5.59455202E-01  2.24904474E-02  3.88866058E-04
5.59753817E-01  2.21124832E-02  3.83767765E-04
5.60052432E-01  2.22794674E-02  3.86491214E-04
5.60351047E-01  2.27470994E-02  3.89422930E-04
5.60649662E-01  2.26261467E-02  3.86842410E-04
5.60948277E-01  2.23726965E-02  3.85392632E-04
5.61246892E-01  2.27237400E-02  3.89137102E-04
5.61545507E-01  2.20486019E-02  3.82774364E-04
5.61844122E-01  2.27585491E-02  3.86627682E-04
5.62142737E-01  2.33568437E-02  3.95085022E-04
5.62441352E-01  2.20490005E-02  3.81176331E-04
5.62739967E-01  2.24187784E-02  3.83914710E-04
5.63038582E-01  2.27734689E-02  3.88115208E-04
5.63337197E-01  2.24153902E-02  3.83800420E-04
5.63635812E-01  2.25775037E-02  3.88172630E-04
5.63934427E-01  2.23863367E-02  3.83022329E-04
5.64233042E-01  2.22116411E-02  3.80646728E-04
5.64531657E-01  2.31864303E-02  3.90807196E-04
5.64830272E-01  2.22756993E-02  3.82701051E-04
5.65128887E-01  2.23739054E-02  3.83991777E-04
5.65427502E-01  2.28383522E-02  3.85543215E-04
5.65726117E-01  2.25122031E-02  3.84109124E-04
5.66024732E-01  2.26539858E-02  3.84962448E-04
5.66323347E-01  2.18244959E-02  3.78200493E-04
5.66621962E-01  2.30318028E-02  3.85149353E-04
5.66920577E-01  2.26297900E-02  3.84940562E-04
5.67219192E-01  2.19152067E-02  3.79430800E-04
5.67517807E-01  2.30043009E-02  3.88566201E-04
5.67816422E-01  2.24939100E-02  3.79512319E-04
5.68115037E-01  2.27451269E-02  3.84243322E-04
5.68413652E-01  2.26284601E-02  3.83698614E-04
5.68712267E-01  2.30255686E-02  3.87052685E-04
5.69010882E-01  2.32036356E-02  3.87481414E-04
5.69309497E-01  2.26007309E-02  3.82678641E-04
5.69608112E-01  2.15490181E-02  3.74270603E-04
5.69906727E-01  2.25689802E-02  3.81976832E-04
5.70205342E-01  2.27378961E-02  3.81839549E-04
5.70503957E-01  2.23355219E-02  3.81483434E-04
5.70802572E-01  2.28650533E-02  3.85007763E-04
5.71101187E-01  2.35413853E-02  3.91649897E-04
5.71399802E-01  2.25574132E-02  3.81453370E-04
5.71698417E-01  2.25780401E-02  3.82239668E-04
5.71997032E-01  2.27147136E-02  3.85161169E-04
5.72295647E-01  2.20045596E-02  3.78658006E-04
5.72594262E-01  2.23539323E-02  3.80083191E-04
5.72892877E-01  2.20359173E-02  3.74730153E-04
5.73191492E-01  2.23030206E-02  3.80872807E-04
5.73490107E-01  2.28047632E-02  3.86022701E-04
5.73788722E-01  2.24878993E-02  3.81315185E-04
5.74087337E-01  2.24429928E-02  3.81984166E-04
5.74385952E-01  2.30341647E-02  3.87965323E-04
5.74684567E-01  2.28364728E-02  3.85676394E-04
5.74983182E-01  2.27175448E-02  3.82741069E-04
5.75281797E-01  2.31522750E-02  3.85336432E-04
5.75580412E-01  2.32708156E-02  3.89691500E-04
5.75879027E-01  2.34590452E-02  3.90010275E-04
5.76177642E-01  2.24939324E-02  3.82518920E-04
5.76476257E-01  2.29831021E-02  3.84981453E-04
5.76774872E-01  2.32094042E-02  3.88826709E-04
5.77073487E-01  2.27938574E-02  3.85066523E-04
5.77372102E-01  2.24902518E-02  3.83288512E-04
5.77670717E-01  2.24321149E-02  3.80259939E-04
5.77969332E-01  2.20413618E-02  3.78228782E-04
5.78267947E-01  2.30624359E-02  3.87781998E-04
5.78566562E-01  2.33269352E-02  3.89106659E-04
5.78865177E-01  2.27912087E-02  3.82950879E-04
5.79163792E-01  2.26718877E-02  3.84048675E-04
5.79462407E-01  2.22668909E-02  3.80255806E-04
5.79761022E-01  2.24485900E-02  3.83302831E-04
5.80059637E-01  2.23323070E-02  3.78568075E-04
5.80358252E-01  2.22072098E-02  3.80013167E-04
5.80656867E-01  2.24470627E-02  3.82941944E-04
5.80955482E-01  2.24407595E-02  3.82890139E-04


### HEADER:
#
#{
#    "analysis": {},
#    "calibration_params": {
#        "Beam_Center_X": 1061.0,
#        "Beam_Center_Y": 2093.0,
#        "Detector Tilt": 0.0,
#        "Detector Tilt Plane Rotation": 0.0,
#        "Detector_X_Pixel_Size": 75.0,
#        "Detector_Y_Pixel_Size": 75.0,
#        "Integration Method": "nosplit_csr",
#        "Radial_Average_Method": "pyFAI",
#        "Sample-to-detector distance (mm)": 1782.0,
#        "Wavelength (A)": 0.8823505857220345
#    },
#    "config_file": "/Users/jwinnikoff/Documents/MBARI/SAXS/HPSAXS_7A_Feb2023/HPSAXS_02_19_23.cfg",
#    "counters": {
#        "Epoch": "98.175",
#        "I1": "0",
#        "I2": "0",
#        "I3": "0",
#        "Seconds": "1",
#        "Time": "1.50204e-05",
#        "date": "Sun Feb 19 16:37:19 2023",
#        "diode": "55354"
#    },
#    "filename": "JWL0319_35C_050MPa_dn_1_data_000001_00001.h5",
#    "history": {},
#    "imageHeader": {},
#    "load_path": "/Users/jwinnikoff/Documents/MBARI/SAXS/HPSAXS_7A_Feb2023/JWL0319_DOPE_TS-/JWL0319_35C_050MPa_dn_1_data_000001.h5",
#    "normalizations": {
#        "Absolute_scale": {
#            "Absolute_scale_factor": 0.005174693841759343,
#            "Method": "Water"
#        },
#        "Counter_norms": [
#            [
#                "/",
#                "diode/150000"
#            ]
#        ],
#        "Polarization": {
#            "Used": false
#        },
#        "Solid_Angle_Correction": "On"
#    },
#    "raw_version": "2.1.4"
#}

