### DATA:
#
# 1908
#      Q             I(Q)           Error     
1.14966775E-02  0.00000000E+00  0.00000000E+00
1.17952925E-02  1.17488503E+00  3.60014960E-02
1.20939075E-02  1.23611152E+00  2.61117946E-02
1.23925225E-02  1.28189373E+00  2.17114259E-02
1.26911375E-02  1.19370461E+00  1.96803119E-02
1.29897525E-02  1.07253540E+00  1.81291569E-02
1.32883675E-02  1.03104854E+00  1.70777384E-02
1.35869825E-02  9.29749668E-01  1.54444315E-02
1.38855975E-02  8.66784334E-01  1.39694940E-02
1.41842125E-02  8.21517289E-01  1.38861760E-02
1.44828275E-02  7.53380418E-01  1.31586054E-02
1.47814425E-02  7.23124266E-01  1.25067579E-02
1.50800575E-02  6.87983871E-01  1.17471153E-02
1.53786725E-02  6.36286616E-01  1.06403036E-02
1.56772875E-02  6.08015954E-01  1.04861511E-02
1.59759025E-02  5.62622845E-01  9.41636506E-03
1.62745175E-02  5.42704463E-01  9.11882985E-03
1.65731325E-02  5.24957359E-01  9.09571256E-03
1.68717475E-02  4.79685247E-01  7.98477978E-03
1.71703625E-02  4.71427023E-01  8.32722802E-03
1.74689775E-02  4.45911884E-01  7.47665064E-03
1.77675925E-02  4.04056311E-01  6.99881045E-03
1.80662075E-02  3.97146374E-01  7.22203730E-03
1.83648225E-02  3.81023049E-01  6.35745190E-03
1.86634375E-02  3.70321840E-01  6.55770767E-03
1.89620525E-02  3.50751132E-01  6.01356383E-03
1.92606675E-02  3.35198790E-01  5.96291898E-03
1.95592825E-02  3.18517983E-01  5.86936763E-03
1.98578975E-02  3.10653657E-01  5.36647672E-03
2.01565125E-02  2.87921876E-01  5.34934271E-03
2.04551275E-02  2.73520440E-01  4.89366520E-03
2.07537425E-02  2.75211930E-01  4.79591405E-03
2.10523575E-02  2.65659660E-01  4.44996683E-03
2.13509725E-02  2.57148027E-01  4.10924293E-03
2.16495875E-02  2.45965466E-01  4.00699396E-03
2.19482025E-02  2.41637692E-01  3.67852976E-03
2.22468175E-02  2.33753681E-01  3.78501951E-03
2.25454325E-02  2.22751662E-01  3.38866632E-03
2.28440475E-02  2.12580547E-01  3.39056435E-03
2.31426625E-02  2.07742497E-01  3.23493849E-03
2.34412775E-02  2.02577651E-01  3.07076843E-03
2.37398925E-02  1.98123276E-01  3.15196952E-03
2.40385075E-02  1.89625069E-01  2.89850379E-03
2.43371225E-02  1.85504794E-01  2.86684139E-03
2.46357375E-02  1.85486108E-01  2.94459471E-03
2.49343525E-02  1.71438888E-01  2.69190897E-03
2.52329675E-02  1.70180559E-01  2.81453622E-03
2.55315825E-02  1.65479258E-01  2.60025566E-03
2.58301975E-02  1.62256509E-01  2.58923625E-03
2.61288125E-02  1.56080171E-01  2.62440112E-03
2.64274275E-02  1.56808749E-01  2.46370747E-03
2.67260425E-02  1.51013508E-01  2.54605571E-03
2.70246575E-02  1.47745639E-01  2.35857768E-03
2.73232725E-02  1.44097731E-01  2.40430189E-03
2.76218875E-02  1.40193000E-01  2.40676897E-03
2.79205025E-02  1.38474479E-01  2.30311486E-03
2.82191175E-02  1.34932742E-01  2.26561842E-03
2.85177325E-02  1.33744642E-01  2.21771002E-03
2.88163475E-02  1.27063707E-01  2.22953083E-03
2.91149625E-02  1.29580051E-01  2.18655728E-03
2.94135775E-02  1.24885350E-01  2.12188857E-03
2.97121925E-02  1.27363086E-01  2.16055918E-03
3.00108075E-02  1.20701388E-01  2.03355518E-03
3.03094225E-02  1.20043524E-01  2.11878167E-03
3.06080375E-02  1.15748897E-01  2.01340485E-03
3.09066525E-02  1.12329416E-01  1.95570057E-03
3.12052675E-02  1.13395058E-01  2.02523475E-03
3.15038825E-02  1.16582051E-01  1.96526921E-03
3.18024975E-02  1.10798843E-01  1.94533681E-03
3.21011125E-02  1.08306184E-01  1.86099694E-03
3.23997275E-02  1.06896006E-01  1.79994304E-03
3.26983425E-02  1.08009674E-01  1.82439398E-03
3.29969575E-02  1.03057906E-01  1.68382679E-03
3.32955725E-02  1.01572350E-01  1.67164730E-03
3.35941875E-02  9.87636149E-02  1.57184026E-03
3.38928025E-02  9.95807275E-02  1.62506348E-03
3.41914175E-02  9.75419059E-02  1.56032096E-03
3.44900325E-02  9.95600075E-02  1.56578841E-03
3.47886474E-02  9.46528465E-02  1.50015997E-03
3.50872624E-02  9.53295827E-02  1.47713500E-03
3.53858774E-02  9.52953398E-02  1.52340974E-03
3.56844924E-02  9.18370411E-02  1.43794098E-03
3.59831074E-02  9.09119621E-02  1.40649057E-03
3.62817224E-02  8.90110880E-02  1.42586662E-03
3.65803374E-02  8.86651948E-02  1.37951237E-03
3.68789524E-02  8.72712061E-02  1.41479541E-03
3.71775674E-02  8.64188075E-02  1.37537054E-03
3.74761824E-02  8.65571126E-02  1.33975851E-03
3.77747974E-02  8.37986916E-02  1.32447702E-03
3.80734124E-02  8.59660655E-02  1.32036908E-03
3.83720274E-02  8.43207538E-02  1.35055906E-03
3.86706424E-02  8.36446881E-02  1.28139369E-03
3.89692574E-02  8.15760791E-02  1.30309234E-03
3.92678724E-02  8.11778456E-02  1.30983128E-03
3.95664874E-02  7.90120959E-02  1.24540518E-03
3.98651024E-02  7.91923255E-02  1.24793593E-03
4.01637174E-02  8.07257369E-02  1.23915123E-03
4.04623324E-02  7.91020021E-02  1.27006974E-03
4.07609474E-02  7.88589641E-02  1.22368627E-03
4.10595624E-02  7.63165429E-02  1.22835813E-03
4.13581774E-02  7.77214691E-02  1.21692603E-03
4.16567924E-02  7.46098384E-02  1.16834871E-03
4.19554074E-02  7.61423036E-02  1.21397246E-03
4.22540224E-02  7.56256953E-02  1.20040786E-03
4.25526374E-02  7.33139887E-02  1.16591936E-03
4.28512524E-02  7.54903033E-02  1.18709530E-03
4.31498674E-02  7.19381794E-02  1.14534399E-03
4.34484824E-02  7.47058988E-02  1.20352581E-03
4.37470974E-02  7.25186840E-02  1.13504578E-03
4.40457124E-02  7.32262358E-02  1.14612037E-03
4.43443274E-02  7.12072998E-02  1.15195627E-03
4.46429424E-02  7.08104596E-02  1.12340960E-03
4.49415574E-02  7.06756935E-02  1.15846226E-03
4.52401724E-02  7.20575601E-02  1.11801166E-03
4.55387874E-02  6.95794299E-02  1.11631141E-03
4.58374024E-02  7.21584931E-02  1.13681250E-03
4.61360174E-02  6.74996898E-02  1.08378183E-03
4.64346324E-02  7.02278167E-02  1.12700404E-03
4.67332474E-02  6.82823807E-02  1.07654859E-03
4.70318624E-02  6.82284683E-02  1.10812497E-03
4.73304774E-02  6.92910179E-02  1.11039879E-03
4.76290924E-02  6.92471266E-02  1.08663889E-03
4.79277074E-02  6.83508888E-02  1.07297138E-03
4.82263224E-02  6.52479082E-02  1.04120478E-03
4.85249374E-02  6.67775497E-02  1.08570617E-03
4.88235524E-02  6.82437494E-02  1.07049837E-03
4.91221674E-02  6.53656349E-02  1.04136113E-03
4.94207824E-02  6.87033683E-02  1.07903662E-03
4.97193974E-02  6.73066899E-02  1.04885409E-03
5.00180124E-02  6.59536049E-02  1.06710428E-03
5.03166274E-02  6.64887130E-02  1.04092120E-03
5.06152424E-02  6.53430000E-02  1.03497633E-03
5.09138574E-02  6.52047470E-02  1.04639470E-03
5.12124724E-02  6.50811568E-02  1.01788761E-03
5.15110874E-02  6.49257973E-02  1.03474793E-03
5.18097024E-02  6.26409054E-02  1.00151764E-03
5.21083174E-02  6.41999692E-02  1.01243646E-03
5.24069324E-02  6.45968691E-02  1.01629738E-03
5.27055474E-02  6.46648705E-02  1.01026520E-03
5.30041624E-02  6.42451271E-02  1.02624856E-03
5.33027774E-02  6.52413890E-02  1.01043237E-03
5.36013924E-02  6.32993802E-02  1.00097619E-03
5.39000074E-02  6.22635186E-02  9.76089912E-04
5.41986224E-02  6.17703609E-02  9.91663430E-04
5.44972374E-02  6.31859079E-02  9.90184955E-04
5.47958524E-02  6.18658476E-02  9.72969225E-04
5.50944674E-02  6.33553192E-02  9.99987125E-04
5.53930824E-02  6.38117865E-02  9.81371501E-04
5.56916974E-02  6.50917292E-02  9.85785853E-04
5.59903124E-02  6.36445582E-02  9.95175331E-04
5.62889274E-02  6.32039309E-02  9.70074907E-04
5.65875424E-02  6.28637150E-02  9.84894112E-04
5.68861574E-02  6.36358410E-02  9.73384769E-04
5.71847724E-02  6.25975803E-02  9.58962773E-04
5.74833874E-02  6.36901185E-02  9.77767399E-04
5.77820024E-02  6.40431419E-02  9.68684268E-04
5.80806174E-02  6.20424040E-02  9.77076008E-04
5.83792324E-02  6.34066910E-02  9.52542119E-04
5.86778474E-02  6.33761808E-02  9.67490720E-04
5.89764624E-02  6.14580773E-02  9.63108207E-04
5.92750774E-02  6.20426014E-02  9.28494381E-04
5.95736924E-02  6.21357299E-02  9.57977201E-04
5.98723074E-02  6.22318275E-02  9.38820420E-04
6.01709224E-02  6.38101101E-02  9.49433248E-04
6.04695374E-02  6.33701235E-02  9.61036305E-04
6.07681524E-02  6.29291609E-02  9.47724096E-04
6.10667674E-02  6.35873154E-02  9.57635930E-04
6.13653824E-02  6.28369451E-02  9.30330832E-04
6.16639974E-02  6.18892163E-02  9.35036049E-04
6.19626124E-02  6.36202767E-02  9.49239184E-04
6.22612274E-02  6.17520846E-02  9.17695113E-04
6.25598424E-02  6.33081496E-02  9.49349371E-04
6.28584574E-02  6.34708926E-02  9.35014570E-04
6.31570724E-02  6.23009205E-02  9.34560550E-04
6.34556874E-02  6.25073463E-02  9.10988427E-04
6.37543024E-02  6.03068098E-02  9.06894973E-04
6.40529174E-02  6.25254363E-02  9.36244614E-04
6.43515324E-02  6.38651326E-02  9.28119291E-04
6.46501474E-02  6.28352016E-02  9.40355938E-04
6.49487624E-02  6.19290657E-02  8.99224135E-04
6.52473774E-02  6.29990250E-02  9.14567383E-04
6.55459924E-02  6.40003532E-02  9.31956107E-04
6.58446074E-02  6.34240285E-02  9.17648198E-04
6.61432224E-02  6.25348389E-02  9.21225175E-04
6.64418374E-02  6.20696917E-02  8.94967059E-04
6.67404524E-02  6.47951663E-02  9.26401757E-04
6.70390674E-02  6.35378808E-02  9.21807485E-04
6.73376824E-02  6.50198907E-02  9.08060058E-04
6.76362974E-02  6.29519671E-02  9.15332173E-04
6.79349124E-02  6.53850138E-02  9.12181276E-04
6.82335274E-02  6.55672252E-02  9.19839833E-04
6.85321424E-02  6.42308146E-02  9.21256549E-04
6.88307574E-02  6.43079206E-02  9.03596927E-04
6.91293724E-02  6.61212504E-02  9.30270820E-04
6.94279874E-02  6.50279671E-02  9.00391489E-04
6.97266024E-02  6.45352677E-02  9.12575284E-04
7.00252174E-02  6.58191293E-02  9.14154574E-04
7.03238324E-02  6.64625093E-02  9.11300769E-04
7.06224474E-02  6.62388131E-02  9.23463784E-04
7.09210624E-02  6.70789257E-02  9.17598896E-04
7.12196774E-02  6.63877875E-02  9.10790055E-04
7.15182924E-02  6.62363023E-02  8.89819697E-04
7.18169074E-02  6.69697151E-02  9.18946636E-04
7.21155224E-02  6.70396984E-02  9.16291086E-04
7.24141374E-02  6.80457950E-02  9.17946629E-04
7.27127524E-02  6.72071651E-02  9.08204936E-04
7.30113674E-02  6.80619329E-02  9.06928268E-04
7.33099824E-02  6.90356866E-02  9.18437145E-04
7.36085974E-02  6.86857253E-02  9.19165672E-04
7.39072124E-02  6.89861700E-02  9.04197339E-04
7.42058274E-02  7.00685084E-02  9.30449984E-04
7.45044424E-02  6.88374192E-02  9.06147761E-04
7.48030574E-02  7.03223497E-02  9.21869010E-04
7.51016724E-02  7.02893212E-02  9.20645252E-04
7.54002874E-02  7.08251595E-02  9.09361057E-04
7.56989024E-02  7.11081550E-02  9.27007175E-04
7.59975174E-02  7.21339136E-02  9.18698381E-04
7.62961324E-02  7.33142197E-02  9.29145375E-04
7.65947474E-02  7.16192871E-02  9.15416633E-04
7.68933624E-02  7.39642605E-02  9.31271061E-04
7.71919774E-02  7.41568878E-02  9.42553801E-04
7.74905924E-02  7.56890997E-02  9.31245217E-04
7.77892074E-02  7.48923346E-02  9.32157447E-04
7.80878224E-02  7.61407092E-02  9.32086783E-04
7.83864374E-02  7.82485753E-02  9.43438907E-04
7.86850524E-02  7.63315186E-02  9.47067398E-04
7.89836674E-02  7.98716843E-02  9.56632895E-04
7.92822824E-02  8.11248347E-02  9.56198142E-04
7.95808974E-02  8.24491903E-02  9.55230731E-04
7.98795124E-02  8.19770321E-02  9.71180038E-04
8.01781274E-02  8.24202970E-02  9.82029364E-04
8.04767424E-02  8.60151500E-02  9.77634219E-04
8.07753574E-02  8.65699276E-02  9.90811386E-04
8.10739724E-02  8.67961794E-02  9.81076621E-04
8.13725874E-02  9.00423378E-02  9.95261944E-04
8.16712024E-02  9.22939777E-02  1.02409883E-03
8.19698174E-02  9.31790099E-02  1.00250461E-03
8.22684324E-02  9.56725255E-02  1.03734818E-03
8.25670474E-02  9.79662165E-02  1.03710068E-03
8.28656624E-02  9.95173603E-02  1.05263712E-03
8.31642774E-02  1.01460777E-01  1.04816200E-03
8.34628924E-02  1.04947880E-01  1.06707041E-03
8.37615074E-02  1.08484499E-01  1.10126613E-03
8.40601224E-02  1.12860359E-01  1.10009545E-03
8.43587374E-02  1.15095735E-01  1.11528125E-03
8.46573524E-02  1.17522016E-01  1.12149748E-03
8.49559674E-02  1.22340649E-01  1.15210807E-03
8.52545824E-02  1.24490462E-01  1.16447988E-03
8.55531974E-02  1.29785359E-01  1.16952218E-03
8.58518124E-02  1.36985108E-01  1.20730395E-03
8.61504274E-02  1.43027306E-01  1.22076238E-03
8.64490424E-02  1.49601907E-01  1.26904377E-03
8.67476574E-02  1.55797675E-01  1.29253732E-03
8.70462724E-02  1.64071664E-01  1.30441750E-03
8.73448874E-02  1.72904670E-01  1.34925393E-03
8.76435024E-02  1.85868710E-01  1.38511427E-03
8.79421174E-02  1.97177470E-01  1.44987344E-03
8.82407324E-02  2.08910748E-01  1.48665509E-03
8.85393474E-02  2.26784095E-01  1.52713968E-03
8.88379624E-02  2.42285132E-01  1.59037136E-03
8.91365774E-02  2.61772960E-01  1.63162570E-03
8.94351924E-02  2.85778254E-01  1.71750924E-03
8.97338074E-02  3.11963260E-01  1.78448367E-03
9.00324224E-02  3.42096329E-01  1.86351745E-03
9.03310374E-02  3.77972335E-01  1.98078691E-03
9.06296524E-02  4.15477782E-01  2.05179839E-03
9.09282674E-02  4.69191104E-01  2.17839982E-03
9.12268824E-02  5.25895000E-01  2.30206666E-03
9.15254974E-02  5.96701801E-01  2.44324328E-03
9.18241124E-02  6.77719593E-01  2.64244783E-03
9.21227274E-02  7.72850394E-01  2.79583689E-03
9.24213424E-02  8.96239996E-01  2.95966142E-03
9.27199574E-02  1.05450034E+00  3.23917787E-03
9.30185724E-02  1.23492229E+00  3.51169030E-03
9.33171874E-02  1.45185721E+00  3.84614477E-03
9.36158024E-02  1.74013996E+00  4.06681327E-03
9.39144174E-02  2.09098482E+00  4.57368558E-03
9.42130324E-02  2.50852370E+00  4.98253852E-03
9.45116474E-02  3.03337216E+00  5.45463804E-03
9.48102624E-02  3.63134694E+00  5.99482004E-03
9.51088774E-02  4.31298351E+00  6.40806975E-03
9.54074924E-02  4.99662161E+00  6.98830234E-03
9.57061074E-02  5.61611223E+00  7.38925673E-03
9.60047224E-02  6.03839207E+00  7.66879041E-03
9.63033374E-02  6.19703770E+00  7.69453915E-03
9.66019524E-02  6.08730984E+00  7.66604720E-03
9.69005674E-02  5.68538189E+00  7.38927955E-03
9.71991824E-02  5.07071543E+00  6.96027279E-03
9.74977974E-02  4.36708307E+00  6.43707998E-03
9.77964124E-02  3.63714051E+00  5.85443527E-03
9.80950274E-02  2.96794295E+00  5.32501144E-03
9.83936424E-02  2.39854121E+00  4.78911027E-03
9.86922574E-02  1.94290900E+00  4.30657342E-03
9.89908724E-02  1.56541920E+00  3.82450549E-03
9.92894874E-02  1.28410470E+00  3.45364190E-03
9.95881024E-02  1.06958079E+00  3.17749754E-03
9.98867174E-02  9.01723444E-01  2.92756548E-03
1.00185332E-01  7.67955244E-01  2.64098682E-03
1.00483947E-01  6.66939795E-01  2.50058668E-03
1.00782562E-01  5.71489453E-01  2.28674477E-03
1.01081177E-01  5.07557333E-01  2.17681448E-03
1.01379792E-01  4.50641304E-01  2.04337272E-03
1.01678407E-01  4.01725233E-01  1.90856808E-03
1.01977022E-01  3.66661042E-01  1.84316945E-03
1.02275637E-01  3.34464252E-01  1.76038686E-03
1.02574252E-01  3.05235982E-01  1.67469564E-03
1.02872867E-01  2.83146650E-01  1.59578130E-03
1.03171482E-01  2.67134726E-01  1.54874381E-03
1.03470097E-01  2.48585492E-01  1.49644446E-03
1.03768712E-01  2.31244951E-01  1.45644625E-03
1.04067327E-01  2.21793935E-01  1.40098389E-03
1.04365942E-01  2.10150361E-01  1.37928862E-03
1.04664557E-01  1.99783459E-01  1.34373701E-03
1.04963172E-01  1.92241043E-01  1.30851928E-03
1.05261787E-01  1.84182122E-01  1.28391222E-03
1.05560402E-01  1.80396393E-01  1.25746126E-03
1.05859017E-01  1.75747886E-01  1.25723577E-03
1.06157632E-01  1.66836321E-01  1.21703791E-03
1.06456247E-01  1.63800329E-01  1.20591465E-03
1.06754862E-01  1.59775749E-01  1.17689138E-03
1.07053477E-01  1.58175200E-01  1.17841200E-03
1.07352092E-01  1.55418813E-01  1.16810040E-03
1.07650707E-01  1.48764089E-01  1.14373025E-03
1.07949322E-01  1.47450268E-01  1.13685930E-03
1.08247937E-01  1.46656588E-01  1.13289710E-03
1.08546552E-01  1.45244509E-01  1.13192818E-03
1.08845167E-01  1.43206805E-01  1.10555568E-03
1.09143782E-01  1.42781600E-01  1.11694797E-03
1.09442397E-01  1.41290367E-01  1.09728717E-03
1.09741012E-01  1.38516083E-01  1.08983344E-03
1.10039627E-01  1.36626542E-01  1.09088502E-03
1.10338242E-01  1.36686265E-01  1.08429953E-03
1.10636857E-01  1.36163324E-01  1.06897554E-03
1.10935472E-01  1.35261312E-01  1.06462080E-03
1.11234087E-01  1.34443581E-01  1.07120408E-03
1.11532702E-01  1.35932058E-01  1.07628666E-03
1.11831317E-01  1.36687353E-01  1.07348664E-03
1.12129932E-01  1.35332927E-01  1.07020186E-03
1.12428547E-01  1.34916604E-01  1.06814597E-03
1.12727162E-01  1.35172829E-01  1.06468308E-03
1.13025777E-01  1.35995179E-01  1.06670265E-03
1.13324392E-01  1.36401758E-01  1.06668088E-03
1.13623007E-01  1.38623953E-01  1.07778260E-03
1.13921622E-01  1.40236586E-01  1.08485855E-03
1.14220237E-01  1.41204789E-01  1.07799331E-03
1.14518852E-01  1.40707210E-01  1.06737367E-03
1.14817467E-01  1.44051567E-01  1.09536212E-03
1.15116082E-01  1.45115495E-01  1.09857204E-03
1.15414697E-01  1.49189085E-01  1.10888307E-03
1.15713312E-01  1.51295751E-01  1.10599969E-03
1.16011927E-01  1.53723940E-01  1.11894705E-03
1.16310542E-01  1.58328593E-01  1.14577543E-03
1.16609157E-01  1.61617950E-01  1.14478788E-03
1.16907772E-01  1.68059006E-01  1.17169064E-03
1.17206387E-01  1.74740180E-01  1.18992070E-03
1.17505002E-01  1.81725889E-01  1.20597123E-03
1.17803617E-01  1.89211860E-01  1.24416885E-03
1.18102232E-01  2.00627714E-01  1.26898265E-03
1.18400847E-01  2.15212137E-01  1.31621445E-03
1.18699462E-01  2.34319776E-01  1.37040822E-03
1.18998077E-01  2.55315125E-01  1.41717133E-03
1.19296692E-01  2.88195819E-01  1.53436803E-03
1.19595307E-01  3.34975809E-01  1.62443181E-03
1.19893922E-01  4.07461524E-01  1.78776553E-03
1.20192537E-01  5.18568814E-01  2.04017130E-03
1.20491152E-01  6.80946708E-01  2.30458938E-03
1.20789767E-01  8.95680726E-01  2.66772578E-03
1.21088382E-01  1.14429653E+00  3.01099406E-03
1.21386997E-01  1.38572240E+00  3.28758126E-03
1.21685612E-01  1.55098391E+00  3.51050496E-03
1.21984227E-01  1.57656217E+00  3.51662491E-03
1.22282842E-01  1.45522487E+00  3.35483439E-03
1.22581457E-01  1.19583964E+00  3.02009564E-03
1.22880072E-01  9.16596353E-01  2.69097602E-03
1.23178687E-01  6.82180703E-01  2.30020587E-03
1.23477302E-01  5.09092808E-01  1.99269201E-03
1.23775917E-01  4.00277913E-01  1.74609141E-03
1.24074532E-01  3.28772813E-01  1.59798155E-03
1.24373147E-01  2.81465173E-01  1.47647539E-03
1.24671762E-01  2.52100378E-01  1.38955761E-03
1.24970377E-01  2.27652818E-01  1.31681445E-03
1.25268992E-01  2.07862124E-01  1.25654379E-03
1.25567607E-01  1.93788737E-01  1.20745914E-03
1.25866222E-01  1.80559471E-01  1.18423207E-03
1.26164837E-01  1.73339859E-01  1.14746811E-03
1.26463452E-01  1.62356883E-01  1.10521051E-03
1.26762067E-01  1.57233387E-01  1.09210913E-03
1.27060682E-01  1.50444284E-01  1.06534769E-03
1.27359297E-01  1.46194026E-01  1.06597447E-03
1.27657912E-01  1.39908955E-01  1.01836165E-03
1.27956527E-01  1.36879250E-01  1.01170235E-03
1.28255142E-01  1.33408651E-01  1.00597716E-03
1.28553757E-01  1.28644466E-01  9.70659778E-04
1.28852372E-01  1.25594720E-01  9.62927763E-04
1.29150987E-01  1.23070113E-01  9.53201728E-04
1.29449602E-01  1.22149080E-01  9.55398253E-04
1.29748217E-01  1.18700616E-01  9.41179576E-04
1.30046832E-01  1.17877617E-01  9.30393697E-04
1.30345447E-01  1.16304182E-01  9.21714702E-04
1.30644062E-01  1.15560256E-01  9.17549536E-04
1.30942677E-01  1.13759205E-01  9.17055178E-04
1.31241292E-01  1.12312295E-01  9.08169197E-04
1.31539907E-01  1.11231267E-01  8.99016508E-04
1.31838522E-01  1.10513449E-01  9.00270301E-04
1.32137137E-01  1.09425955E-01  9.03976324E-04
1.32435752E-01  1.07094049E-01  9.06016328E-04
1.32734367E-01  1.05352983E-01  8.97377031E-04
1.33032982E-01  1.07026421E-01  9.14021570E-04
1.33331597E-01  1.06456846E-01  9.11587267E-04
1.33630212E-01  1.03809811E-01  9.04027955E-04
1.33928827E-01  1.03177138E-01  9.15080833E-04
1.34227442E-01  1.03373326E-01  8.93877121E-04
1.34526057E-01  1.03393450E-01  9.12026968E-04
1.34824672E-01  1.02604628E-01  9.15237586E-04
1.35123287E-01  1.02324620E-01  9.08628281E-04
1.35421902E-01  1.00801356E-01  9.09857336E-04
1.35720517E-01  1.02871515E-01  9.09726368E-04
1.36019132E-01  1.02941439E-01  9.26385866E-04
1.36317747E-01  9.99125615E-02  9.03825276E-04
1.36616362E-01  9.92998332E-02  8.98392755E-04
1.36914977E-01  9.89999399E-02  9.07111797E-04
1.37213592E-01  1.00474752E-01  9.15223965E-04
1.37512207E-01  1.00897387E-01  9.26288019E-04
1.37810822E-01  9.85077545E-02  9.06223198E-04
1.38109437E-01  9.99085829E-02  9.12645017E-04
1.38408052E-01  9.70738381E-02  9.03022243E-04
1.38706667E-01  9.93168503E-02  9.15489043E-04
1.39005282E-01  9.82903391E-02  9.20654158E-04
1.39303897E-01  9.77681503E-02  9.00105049E-04
1.39602512E-01  9.80513915E-02  9.18819103E-04
1.39901127E-01  9.92573053E-02  9.23014362E-04
1.40199742E-01  9.97770876E-02  9.21141414E-04
1.40498357E-01  9.67816636E-02  9.16795630E-04
1.40796972E-01  9.90816727E-02  9.15462791E-04
1.41095587E-01  9.97010395E-02  9.31622693E-04
1.41394202E-01  9.86222476E-02  9.20778839E-04
1.41692817E-01  9.79082510E-02  9.23210988E-04
1.41991432E-01  9.78910848E-02  9.23131185E-04
1.42290047E-01  9.89846140E-02  9.21754749E-04
1.42588662E-01  9.92660224E-02  9.35514923E-04
1.42887277E-01  9.94764119E-02  9.31314367E-04
1.43185892E-01  9.92505625E-02  9.27332439E-04
1.43484507E-01  9.85186845E-02  9.31246672E-04
1.43783122E-01  9.96840224E-02  9.28993046E-04
1.44081737E-01  9.91462469E-02  9.29405331E-04
1.44380352E-01  1.01583734E-01  9.33060946E-04
1.44678967E-01  1.01182707E-01  9.20908933E-04
1.44977582E-01  1.02128841E-01  9.43657360E-04
1.45276197E-01  1.00287281E-01  9.21386119E-04
1.45574812E-01  1.03307605E-01  9.46105400E-04
1.45873427E-01  1.01994134E-01  9.18344478E-04
1.46172042E-01  1.03601173E-01  9.32209659E-04
1.46470657E-01  1.05009787E-01  9.49780166E-04
1.46769272E-01  1.03467494E-01  9.31610470E-04
1.47067887E-01  1.02680862E-01  9.25955072E-04
1.47366502E-01  1.03574798E-01  9.25439177E-04
1.47665117E-01  1.06017806E-01  9.37696779E-04
1.47963732E-01  1.05263956E-01  9.45069594E-04
1.48262347E-01  1.06144674E-01  9.38965823E-04
1.48560962E-01  1.08464897E-01  9.50605667E-04
1.48859577E-01  1.07640117E-01  9.34377371E-04
1.49158192E-01  1.09215111E-01  9.60803649E-04
1.49456807E-01  1.11917764E-01  9.61278565E-04
1.49755422E-01  1.11910105E-01  9.58740420E-04
1.50054037E-01  1.12861574E-01  9.68956330E-04
1.50352652E-01  1.13173261E-01  9.58098215E-04
1.50651267E-01  1.14037812E-01  9.75466275E-04
1.50949882E-01  1.15988180E-01  9.68520646E-04
1.51248497E-01  1.18312202E-01  9.82868369E-04
1.51547112E-01  1.19326867E-01  1.00430823E-03
1.51845727E-01  1.19112469E-01  9.74369759E-04
1.52144342E-01  1.22302659E-01  1.01173366E-03
1.52442957E-01  1.24615923E-01  9.90920817E-04
1.52741572E-01  1.24807164E-01  1.00614957E-03
1.53040187E-01  1.27441049E-01  1.03121018E-03
1.53338802E-01  1.27522051E-01  1.01074367E-03
1.53637417E-01  1.30462423E-01  1.03479705E-03
1.53936032E-01  1.33884504E-01  1.03303359E-03
1.54234647E-01  1.36052489E-01  1.04362844E-03
1.54533262E-01  1.39344186E-01  1.07264030E-03
1.54831877E-01  1.41908586E-01  1.06740429E-03
1.55130492E-01  1.45101011E-01  1.08091882E-03
1.55429107E-01  1.49066791E-01  1.08964741E-03
1.55727722E-01  1.53279811E-01  1.11586205E-03
1.56026337E-01  1.58690467E-01  1.12876215E-03
1.56324952E-01  1.60729975E-01  1.13229430E-03
1.56623567E-01  1.66379511E-01  1.16514659E-03
1.56922182E-01  1.71556398E-01  1.16602553E-03
1.57220797E-01  1.75537825E-01  1.19546335E-03
1.57519412E-01  1.81696683E-01  1.20128889E-03
1.57818027E-01  1.91373602E-01  1.23197911E-03
1.58116642E-01  1.98848560E-01  1.27284101E-03
1.58415257E-01  2.04476655E-01  1.27346034E-03
1.58713872E-01  2.15287343E-01  1.31906953E-03
1.59012487E-01  2.23697275E-01  1.32532406E-03
1.59311102E-01  2.35984564E-01  1.38203683E-03
1.59609717E-01  2.47373581E-01  1.41759624E-03
1.59908332E-01  2.59814143E-01  1.41926215E-03
1.60206947E-01  2.76509076E-01  1.47876388E-03
1.60505562E-01  2.94556856E-01  1.52626284E-03
1.60804177E-01  3.10435027E-01  1.56518107E-03
1.61102792E-01  3.30858856E-01  1.61642849E-03
1.61401407E-01  3.57252538E-01  1.67309842E-03
1.61700022E-01  3.82026315E-01  1.72768871E-03
1.61998637E-01  4.11975265E-01  1.79795607E-03
1.62297252E-01  4.50832278E-01  1.88958878E-03
1.62595867E-01  4.85973954E-01  1.96044915E-03
1.62894482E-01  5.32196820E-01  2.02845060E-03
1.63193097E-01  5.84307134E-01  2.15662899E-03
1.63491712E-01  6.44419789E-01  2.22742721E-03
1.63790327E-01  7.12048471E-01  2.37816339E-03
1.64088942E-01  7.90894985E-01  2.46419408E-03
1.64387557E-01  8.77849340E-01  2.61621806E-03
1.64686172E-01  9.69289005E-01  2.78170942E-03
1.64984787E-01  1.07712305E+00  2.87975068E-03
1.65283402E-01  1.18118656E+00  3.03476513E-03
1.65582017E-01  1.28813410E+00  3.14266002E-03
1.65880632E-01  1.39069796E+00  3.27907270E-03
1.66179247E-01  1.48510325E+00  3.41617060E-03
1.66477862E-01  1.54365480E+00  3.43432324E-03
1.66776477E-01  1.57475519E+00  3.49915354E-03
1.67075092E-01  1.58046591E+00  3.51292733E-03
1.67373707E-01  1.55942595E+00  3.47841880E-03
1.67672322E-01  1.50589585E+00  3.41580133E-03
1.67970937E-01  1.42835820E+00  3.29563022E-03
1.68269552E-01  1.34508371E+00  3.22375773E-03
1.68568167E-01  1.24201584E+00  3.06682731E-03
1.68866782E-01  1.13272119E+00  2.97190575E-03
1.69165397E-01  1.01538789E+00  2.79217330E-03
1.69464012E-01  9.05174196E-01  2.61994312E-03
1.69762627E-01  8.01823974E-01  2.48209410E-03
1.70061242E-01  7.06917882E-01  2.32251221E-03
1.70359857E-01  6.28552735E-01  2.21541221E-03
1.70658472E-01  5.51949382E-01  2.03888025E-03
1.70957087E-01  4.88282621E-01  1.92492513E-03
1.71255702E-01  4.39864159E-01  1.84937718E-03
1.71554317E-01  3.93736213E-01  1.71042606E-03
1.71852932E-01  3.58155280E-01  1.65201200E-03
1.72151547E-01  3.27095300E-01  1.57333736E-03
1.72450162E-01  2.99845278E-01  1.51000475E-03
1.72748777E-01  2.77886212E-01  1.45718013E-03
1.73047392E-01  2.55810261E-01  1.39185681E-03
1.73346007E-01  2.40505159E-01  1.35189947E-03
1.73644622E-01  2.25212172E-01  1.30195671E-03
1.73943237E-01  2.13564157E-01  1.26827531E-03
1.74241852E-01  2.01921910E-01  1.24086475E-03
1.74540467E-01  1.93077058E-01  1.19817373E-03
1.74839082E-01  1.86977684E-01  1.19365565E-03
1.75137697E-01  1.77094176E-01  1.15061726E-03
1.75436312E-01  1.70511559E-01  1.13636500E-03
1.75734927E-01  1.65191278E-01  1.10493985E-03
1.76033542E-01  1.58259168E-01  1.08478148E-03
1.76332157E-01  1.54471532E-01  1.08796253E-03
1.76630772E-01  1.51820928E-01  1.05963985E-03
1.76929387E-01  1.47876844E-01  1.06191286E-03
1.77228002E-01  1.44712478E-01  1.03040633E-03
1.77526617E-01  1.40977591E-01  1.02453993E-03
1.77825232E-01  1.40990585E-01  1.02806080E-03
1.78123847E-01  1.36773303E-01  1.00847054E-03
1.78422462E-01  1.33739933E-01  9.97226452E-04
1.78721077E-01  1.34479702E-01  1.00268680E-03
1.79019692E-01  1.32192224E-01  9.94460657E-04
1.79318307E-01  1.32461935E-01  9.95813636E-04
1.79616922E-01  1.31388515E-01  9.76981013E-04
1.79915537E-01  1.29978403E-01  9.84769664E-04
1.80214152E-01  1.29670545E-01  9.75076749E-04
1.80512767E-01  1.29718021E-01  9.85118095E-04
1.80811382E-01  1.29577219E-01  9.81927384E-04
1.81109997E-01  1.31260529E-01  9.79092787E-04
1.81408612E-01  1.31652936E-01  9.90431756E-04
1.81707227E-01  1.31567314E-01  9.84480837E-04
1.82005842E-01  1.31486699E-01  9.84180719E-04
1.82304457E-01  1.33647397E-01  9.86656873E-04
1.82603072E-01  1.35369524E-01  9.97280120E-04
1.82901687E-01  1.36729315E-01  1.00935425E-03
1.83200302E-01  1.39003336E-01  1.00856891E-03
1.83498917E-01  1.41225010E-01  1.01258035E-03
1.83797532E-01  1.43534288E-01  1.01915339E-03
1.84096147E-01  1.47551924E-01  1.04293262E-03
1.84394762E-01  1.50842398E-01  1.05626334E-03
1.84693377E-01  1.54804498E-01  1.06260041E-03
1.84991992E-01  1.59569353E-01  1.08457764E-03
1.85290607E-01  1.62411094E-01  1.08022313E-03
1.85589222E-01  1.68779090E-01  1.10916526E-03
1.85887837E-01  1.76210105E-01  1.12996995E-03
1.86186452E-01  1.82766214E-01  1.14854216E-03
1.86485067E-01  1.88702703E-01  1.17319857E-03
1.86783682E-01  2.00335294E-01  1.20524375E-03
1.87082297E-01  2.07479909E-01  1.23181753E-03
1.87380912E-01  2.20503181E-01  1.26156397E-03
1.87679527E-01  2.32007414E-01  1.28320011E-03
1.87978142E-01  2.47018769E-01  1.34053477E-03
1.88276757E-01  2.59014577E-01  1.36954687E-03
1.88575372E-01  2.79339939E-01  1.42648548E-03
1.88873987E-01  2.98754185E-01  1.46606751E-03
1.89172602E-01  3.23596507E-01  1.51742750E-03
1.89471217E-01  3.47229809E-01  1.58364326E-03
1.89769832E-01  3.76096100E-01  1.65248732E-03
1.90068447E-01  4.10071492E-01  1.70108757E-03
1.90367062E-01  4.45280284E-01  1.78927020E-03
1.90665677E-01  4.81946558E-01  1.85725698E-03
1.90964292E-01  5.17033756E-01  1.91995024E-03
1.91262907E-01  5.59014618E-01  2.00480875E-03
1.91561522E-01  5.93864739E-01  2.04061554E-03
1.91860137E-01  6.29393399E-01  2.12935708E-03
1.92158752E-01  6.54136419E-01  2.15957174E-03
1.92457367E-01  6.73452258E-01  2.19406304E-03
1.92755982E-01  6.84521556E-01  2.20277696E-03
1.93054597E-01  6.82174325E-01  2.20041350E-03
1.93353212E-01  6.73041463E-01  2.17448687E-03
1.93651827E-01  6.53934479E-01  2.16626073E-03
1.93950442E-01  6.32483184E-01  2.11876770E-03
1.94249057E-01  6.03266060E-01  2.05478002E-03
1.94547672E-01  5.67641079E-01  2.00852170E-03
1.94846287E-01  5.32752156E-01  1.94207579E-03
1.95144902E-01  4.94418263E-01  1.88118243E-03
1.95443517E-01  4.54754025E-01  1.76621147E-03
1.95742132E-01  4.12516177E-01  1.70566107E-03
1.96040747E-01  3.73318225E-01  1.62572158E-03
1.96339362E-01  3.37844044E-01  1.55003695E-03
1.96637977E-01  3.09381694E-01  1.46872364E-03
1.96936592E-01  2.82710135E-01  1.40665739E-03
1.97235207E-01  2.60872960E-01  1.35597587E-03
1.97533822E-01  2.35872060E-01  1.28445774E-03
1.97832437E-01  2.19172820E-01  1.24209642E-03
1.98131052E-01  2.06866100E-01  1.20023766E-03
1.98429667E-01  1.92125753E-01  1.15778332E-03
1.98728282E-01  1.77353114E-01  1.11591408E-03
1.99026897E-01  1.69261545E-01  1.08329742E-03
1.99325512E-01  1.60186723E-01  1.05718267E-03
1.99624127E-01  1.51551574E-01  1.02797046E-03
1.99922742E-01  1.43568397E-01  9.98641481E-04
2.00221357E-01  1.39044017E-01  9.88392392E-04
2.00519972E-01  1.32531539E-01  9.55295516E-04
2.00818587E-01  1.26717478E-01  9.33235802E-04
2.01117202E-01  1.23737060E-01  9.31222865E-04
2.01415817E-01  1.18458860E-01  9.02034924E-04
2.01714432E-01  1.15719706E-01  8.95734178E-04
2.02013047E-01  1.10945828E-01  8.73507990E-04
2.02311662E-01  1.08995013E-01  8.69321404E-04
2.02610277E-01  1.05712838E-01  8.58291751E-04
2.02908892E-01  1.02127045E-01  8.34448147E-04
2.03207507E-01  1.00396760E-01  8.30690376E-04
2.03506122E-01  9.89962593E-02  8.23597307E-04
2.03804737E-01  9.76023152E-02  8.18541797E-04
2.04103352E-01  9.48421285E-02  8.09405290E-04
2.04401967E-01  9.19805467E-02  7.96107342E-04
2.04700582E-01  9.13905501E-02  7.86710298E-04
2.04999197E-01  8.96235183E-02  7.81227543E-04
2.05297812E-01  8.83570835E-02  7.83210213E-04
2.05596427E-01  8.67317617E-02  7.69710867E-04
2.05895042E-01  8.59550908E-02  7.68160739E-04
2.06193657E-01  8.47192556E-02  7.57691450E-04
2.06492272E-01  8.40795413E-02  7.53902248E-04
2.06790887E-01  8.14050436E-02  7.50125560E-04
2.07089502E-01  8.01752582E-02  7.32171233E-04
2.07388117E-01  8.00167620E-02  7.40927760E-04
2.07686732E-01  7.95462802E-02  7.35783018E-04
2.07985347E-01  7.82674626E-02  7.27385224E-04
2.08283962E-01  7.73077607E-02  7.24689511E-04
2.08582577E-01  7.52651691E-02  7.10048771E-04
2.08881192E-01  7.57941380E-02  7.15803937E-04
2.09179807E-01  7.58416653E-02  7.19339005E-04
2.09478422E-01  7.49840289E-02  7.06799154E-04
2.09777037E-01  7.30240420E-02  7.04765494E-04
2.10075652E-01  7.30714649E-02  6.98361720E-04
2.10374267E-01  7.18686953E-02  7.01333222E-04
2.10672882E-01  7.06714094E-02  6.93323556E-04
2.10971497E-01  7.12412298E-02  6.84821920E-04
2.11270112E-01  7.15192929E-02  6.96829578E-04
2.11568727E-01  7.14787766E-02  6.89466717E-04
2.11867342E-01  7.01548010E-02  6.89517416E-04
2.12165957E-01  6.86823577E-02  6.76255149E-04
2.12464572E-01  6.80734441E-02  6.72644121E-04
2.12763187E-01  6.81112781E-02  6.76094496E-04
2.13061802E-01  6.66746274E-02  6.68318651E-04
2.13360417E-01  6.63606152E-02  6.69183617E-04
2.13659032E-01  6.63261339E-02  6.61971746E-04
2.13957647E-01  6.60814568E-02  6.61542697E-04
2.14256262E-01  6.51376247E-02  6.59775862E-04
2.14554877E-01  6.64061010E-02  6.62176462E-04
2.14853492E-01  6.34595826E-02  6.48289744E-04
2.15152107E-01  6.45633340E-02  6.53121853E-04
2.15450722E-01  6.33966699E-02  6.53678086E-04
2.15749337E-01  6.46465421E-02  6.55508251E-04
2.16047952E-01  6.40302449E-02  6.50229165E-04
2.16346567E-01  6.36774078E-02  6.48824382E-04
2.16645182E-01  6.17786050E-02  6.35476084E-04
2.16943797E-01  6.28601760E-02  6.44457119E-04
2.17242412E-01  6.19443990E-02  6.43997570E-04
2.17541027E-01  6.16385490E-02  6.32331590E-04
2.17839642E-01  6.10551164E-02  6.40137063E-04
2.18138257E-01  6.19462170E-02  6.32796495E-04
2.18436872E-01  6.03511184E-02  6.31093164E-04
2.18735487E-01  6.12929538E-02  6.32794690E-04
2.19034102E-01  6.08555898E-02  6.30907365E-04
2.19332717E-01  6.10757731E-02  6.36205950E-04
2.19631332E-01  5.96078336E-02  6.25892426E-04
2.19929947E-01  5.86810708E-02  6.18621532E-04
2.20228562E-01  5.81925586E-02  6.14051940E-04
2.20527177E-01  5.97370565E-02  6.25458953E-04
2.20825792E-01  6.00565039E-02  6.27875037E-04
2.21124407E-01  5.91277555E-02  6.21159794E-04
2.21423022E-01  5.82754277E-02  6.15577912E-04
2.21721637E-01  5.95195144E-02  6.20837556E-04
2.22020252E-01  5.79315796E-02  6.12321601E-04
2.22318867E-01  5.67867719E-02  6.10187300E-04
2.22617482E-01  5.83650731E-02  6.11395633E-04
2.22916097E-01  5.69901504E-02  6.12372649E-04
2.23214712E-01  5.81728779E-02  6.12346106E-04
2.23513327E-01  5.67952432E-02  6.09153998E-04
2.23811942E-01  5.57767525E-02  6.00305561E-04
2.24110557E-01  5.49715646E-02  5.93533274E-04
2.24409172E-01  5.55337332E-02  6.01111620E-04
2.24707787E-01  5.68942428E-02  6.02604006E-04
2.25006402E-01  5.54177836E-02  6.01727690E-04
2.25305017E-01  5.53613454E-02  5.90691168E-04
2.25603632E-01  5.46067804E-02  5.94853598E-04
2.25902247E-01  5.61448745E-02  6.03882945E-04
2.26200862E-01  5.49981631E-02  5.94375073E-04
2.26499477E-01  5.47576733E-02  5.91017189E-04
2.26798092E-01  5.46106175E-02  5.93488512E-04
2.27096707E-01  5.52815050E-02  5.96254482E-04
2.27395322E-01  5.51588982E-02  5.97860373E-04
2.27693937E-01  5.35620414E-02  5.81852510E-04
2.27992552E-01  5.36461063E-02  5.84319234E-04
2.28291167E-01  5.32222316E-02  5.81672415E-04
2.28589782E-01  5.31764179E-02  5.86164067E-04
2.28888397E-01  5.40636554E-02  5.88972063E-04
2.29187012E-01  5.37805445E-02  5.82544308E-04
2.29485627E-01  5.34074493E-02  5.82688372E-04
2.29784242E-01  5.32494336E-02  5.84523717E-04
2.30082857E-01  5.26870936E-02  5.77585772E-04
2.30381472E-01  5.20668738E-02  5.73029101E-04
2.30680087E-01  5.28050326E-02  5.78565872E-04
2.30978702E-01  5.35469279E-02  5.82617242E-04
2.31277317E-01  5.24313301E-02  5.77180006E-04
2.31575932E-01  5.24522103E-02  5.77130180E-04
2.31874547E-01  5.26139289E-02  5.73587255E-04
2.32173162E-01  5.22791930E-02  5.74531325E-04
2.32471777E-01  5.18617742E-02  5.73382131E-04
2.32770392E-01  5.24139926E-02  5.74453850E-04
2.33069007E-01  5.27821891E-02  5.76140999E-04
2.33367622E-01  5.27880266E-02  5.74054255E-04
2.33666237E-01  5.24727739E-02  5.77251601E-04
2.33964852E-01  5.19525930E-02  5.69979195E-04
2.34263467E-01  5.28720506E-02  5.75001992E-04
2.34562082E-01  5.23824170E-02  5.73797675E-04
2.34860697E-01  5.16908094E-02  5.69028140E-04
2.35159312E-01  5.21475337E-02  5.72186778E-04
2.35457927E-01  5.19013666E-02  5.67779352E-04
2.35756542E-01  5.20571433E-02  5.66407631E-04
2.36055157E-01  5.23979068E-02  5.73074096E-04
2.36353772E-01  5.15457503E-02  5.67913172E-04
2.36652387E-01  5.17270565E-02  5.71997603E-04
2.36951002E-01  5.26525304E-02  5.66647795E-04
2.37249617E-01  5.19657955E-02  5.71847369E-04
2.37548232E-01  5.11849932E-02  5.64968155E-04
2.37846847E-01  5.04506864E-02  5.59012522E-04
2.38145462E-01  5.22336811E-02  5.68328425E-04
2.38444077E-01  5.30000031E-02  5.68677438E-04
2.38742692E-01  5.12466654E-02  5.68530697E-04
2.39041307E-01  5.22168763E-02  5.68718184E-04
2.39339922E-01  5.21302409E-02  5.67135809E-04
2.39638537E-01  5.22611924E-02  5.68325107E-04
2.39937152E-01  5.16142808E-02  5.63225010E-04
2.40235767E-01  5.29967174E-02  5.74728707E-04
2.40534382E-01  5.22074997E-02  5.66770148E-04
2.40832997E-01  5.34953624E-02  5.72445861E-04
2.41131612E-01  5.36749884E-02  5.76451013E-04
2.41430227E-01  5.37073985E-02  5.71840908E-04
2.41728842E-01  5.49373329E-02  5.84175286E-04
2.42027457E-01  5.50910570E-02  5.77257539E-04
2.42326072E-01  5.56995720E-02  5.82674867E-04
2.42624687E-01  5.72178066E-02  5.96180558E-04
2.42923302E-01  5.72381243E-02  5.92799101E-04
2.43221917E-01  5.97263612E-02  5.99909050E-04
2.43520532E-01  6.01340868E-02  6.04431378E-04
2.43819147E-01  6.05623014E-02  6.07081805E-04
2.44117762E-01  6.07969984E-02  6.11125433E-04
2.44416377E-01  6.24858923E-02  6.21112471E-04
2.44714992E-01  6.12631775E-02  6.06923189E-04
2.45013607E-01  6.14209473E-02  6.14086690E-04
2.45312222E-01  6.07038364E-02  6.06795715E-04
2.45610837E-01  5.89979999E-02  6.00024476E-04
2.45909452E-01  5.80980889E-02  5.89441101E-04
2.46208067E-01  5.85464276E-02  5.96574566E-04
2.46506682E-01  5.94461784E-02  5.99824183E-04
2.46805297E-01  5.74906617E-02  5.94617857E-04
2.47103912E-01  5.87004684E-02  5.93297300E-04
2.47402527E-01  5.84968403E-02  5.92268712E-04
2.47701142E-01  5.94040975E-02  6.00439729E-04
2.47999757E-01  5.99367991E-02  6.02631015E-04
2.48298372E-01  6.00038022E-02  6.06470392E-04
2.48596987E-01  6.18329756E-02  6.04032364E-04
2.48895602E-01  6.15129024E-02  6.06693968E-04
2.49194217E-01  6.28100559E-02  6.13723649E-04
2.49492832E-01  6.51626959E-02  6.26303896E-04
2.49791447E-01  6.61736056E-02  6.32697367E-04
2.50090062E-01  6.66949674E-02  6.30884548E-04
2.50388677E-01  6.78204522E-02  6.40700047E-04
2.50687292E-01  6.86094165E-02  6.42135565E-04
2.50985907E-01  7.17271790E-02  6.52848044E-04
2.51284522E-01  7.35520944E-02  6.65228174E-04
2.51583137E-01  7.63707832E-02  6.72929105E-04
2.51881752E-01  7.83002675E-02  6.84321625E-04
2.52180367E-01  7.84321949E-02  6.84899394E-04
2.52478982E-01  8.22498500E-02  6.98917487E-04
2.52777597E-01  8.29005763E-02  7.03001744E-04
2.53076212E-01  8.63933042E-02  7.17853487E-04
2.53374827E-01  8.86077210E-02  7.29164341E-04
2.53673442E-01  8.98782611E-02  7.24989746E-04
2.53972057E-01  9.06806067E-02  7.34069443E-04
2.54270672E-01  9.23843533E-02  7.40735908E-04
2.54569287E-01  9.14502591E-02  7.40372634E-04
2.54867902E-01  9.25173834E-02  7.40874384E-04
2.55166517E-01  9.06323493E-02  7.28611427E-04
2.55465132E-01  9.09063965E-02  7.33808440E-04
2.55763747E-01  8.94334987E-02  7.28426850E-04
2.56062362E-01  8.81169364E-02  7.22853001E-04
2.56360977E-01  8.46925229E-02  7.03964557E-04
2.56659592E-01  8.28558132E-02  6.94455171E-04
2.56958207E-01  7.89294094E-02  6.83403516E-04
2.57256822E-01  7.75976703E-02  6.76529540E-04
2.57555437E-01  7.35939965E-02  6.55705458E-04
2.57854052E-01  7.26840049E-02  6.53195893E-04
2.58152667E-01  6.81771263E-02  6.34817232E-04
2.58451282E-01  6.57713637E-02  6.23684493E-04
2.58749897E-01  6.42723516E-02  6.10844640E-04
2.59048512E-01  6.01480268E-02  5.92167664E-04
2.59347127E-01  5.66255413E-02  5.74264850E-04
2.59645742E-01  5.59453517E-02  5.73685335E-04
2.59944357E-01  5.44251464E-02  5.66744129E-04
2.60242972E-01  5.30309454E-02  5.52405661E-04
2.60541587E-01  5.12899496E-02  5.48281299E-04
2.60840202E-01  4.97020520E-02  5.38303400E-04
2.61138817E-01  4.71775047E-02  5.25983283E-04
2.61437432E-01  4.63304184E-02  5.19452849E-04
2.61736047E-01  4.63176407E-02  5.17071923E-04
2.62034662E-01  4.45721522E-02  5.09637408E-04
2.62333277E-01  4.40248027E-02  5.06232900E-04
2.62631892E-01  4.20706980E-02  4.92029707E-04
2.62930507E-01  4.27023098E-02  4.95968794E-04
2.63229122E-01  4.20378633E-02  4.92996187E-04
2.63527737E-01  4.11613621E-02  4.90921491E-04
2.63826352E-01  4.07421812E-02  4.84203221E-04
2.64124967E-01  3.93037312E-02  4.75579815E-04
2.64423582E-01  4.07428928E-02  4.84588236E-04
2.64722197E-01  3.89571600E-02  4.72008658E-04
2.65020812E-01  3.91085148E-02  4.77644004E-04
2.65319427E-01  3.78849283E-02  4.63912525E-04
2.65618042E-01  3.81001756E-02  4.70086030E-04
2.65916657E-01  3.80272865E-02  4.67800099E-04
2.66215272E-01  3.73892002E-02  4.63257311E-04
2.66513887E-01  3.79650965E-02  4.67176491E-04
2.66812502E-01  3.80310193E-02  4.64692217E-04
2.67111117E-01  3.60943750E-02  4.55760310E-04
2.67409732E-01  3.65202054E-02  4.57253365E-04
2.67708347E-01  3.68983820E-02  4.60331590E-04
2.68006962E-01  3.66980284E-02  4.58367402E-04
2.68305577E-01  3.64129879E-02  4.55055677E-04
2.68604192E-01  3.62756103E-02  4.55370289E-04
2.68902807E-01  3.62335518E-02  4.54520166E-04
2.69201422E-01  3.61772664E-02  4.52074601E-04
2.69500037E-01  3.59858200E-02  4.52732434E-04
2.69798652E-01  3.59660201E-02  4.52375942E-04
2.70097267E-01  3.58643420E-02  4.54671652E-04
2.70395882E-01  3.54585052E-02  4.45183279E-04
2.70694497E-01  3.60887088E-02  4.52917069E-04
2.70993112E-01  3.56202386E-02  4.50780761E-04
2.71291727E-01  3.45059112E-02  4.43331781E-04
2.71590342E-01  3.54634337E-02  4.50604130E-04
2.71888957E-01  3.53833325E-02  4.44379577E-04
2.72187572E-01  3.56071591E-02  4.48394567E-04
2.72486187E-01  3.53124402E-02  4.46992926E-04
2.72784802E-01  3.62815894E-02  4.54016699E-04
2.73083417E-01  3.50054465E-02  4.41447773E-04
2.73382032E-01  3.53932381E-02  4.46480204E-04
2.73680647E-01  3.46920751E-02  4.44077334E-04
2.73979262E-01  3.52517106E-02  4.45475336E-04
2.74277877E-01  3.46934013E-02  4.40145435E-04
2.74576492E-01  3.53087150E-02  4.44706820E-04
2.74875107E-01  3.64772044E-02  4.53386660E-04
2.75173722E-01  3.54983248E-02  4.47948434E-04
2.75472337E-01  3.57734300E-02  4.44707926E-04
2.75770952E-01  3.55591737E-02  4.47648315E-04
2.76069567E-01  3.52972783E-02  4.41630225E-04
2.76368182E-01  3.60023864E-02  4.52047359E-04
2.76666797E-01  3.58116888E-02  4.49582090E-04
2.76965412E-01  3.62215266E-02  4.47043101E-04
2.77264027E-01  3.59446071E-02  4.48816980E-04
2.77562642E-01  3.59074473E-02  4.44659352E-04
2.77861257E-01  3.63348909E-02  4.53090121E-04
2.78159872E-01  3.63435782E-02  4.47019993E-04
2.78458487E-01  3.62124890E-02  4.47887724E-04
2.78757102E-01  3.63980383E-02  4.52332839E-04
2.79055717E-01  3.69035751E-02  4.52710898E-04
2.79354332E-01  3.67575623E-02  4.51702101E-04
2.79652947E-01  3.69039401E-02  4.52715351E-04
2.79951562E-01  3.67886424E-02  4.48308740E-04
2.80250177E-01  3.71176936E-02  4.56093199E-04
2.80548792E-01  3.68028618E-02  4.51305677E-04
2.80847407E-01  3.71495225E-02  4.51734784E-04
2.81146022E-01  3.78539041E-02  4.57936170E-04
2.81444637E-01  3.82117257E-02  4.61253483E-04
2.81743252E-01  3.87819335E-02  4.62707219E-04
2.82041867E-01  3.85284536E-02  4.57216433E-04
2.82340482E-01  3.95102352E-02  4.66801081E-04
2.82639097E-01  3.89757380E-02  4.63865406E-04
2.82937712E-01  3.95828895E-02  4.66650905E-04
2.83236327E-01  3.97415981E-02  4.67354199E-04
2.83534942E-01  4.00145538E-02  4.66644007E-04
2.83833557E-01  4.06655110E-02  4.73110733E-04
2.84132172E-01  4.11388576E-02  4.75030596E-04
2.84430787E-01  4.26529795E-02  4.86233708E-04
2.84729402E-01  4.30919714E-02  4.82719042E-04
2.85028017E-01  4.29247841E-02  4.84755117E-04
2.85326632E-01  4.43886705E-02  4.96156397E-04
2.85625247E-01  4.58287261E-02  4.96120192E-04
2.85923862E-01  4.60195728E-02  5.01309696E-04
2.86222477E-01  4.72916365E-02  5.07691118E-04
2.86521092E-01  4.80458923E-02  5.11851104E-04
2.86819707E-01  4.85418402E-02  5.18076296E-04
2.87118322E-01  5.00646941E-02  5.18422516E-04
2.87416937E-01  4.98645641E-02  5.19789290E-04
2.87715552E-01  5.05182222E-02  5.22419054E-04
2.88014167E-01  5.18215932E-02  5.32773032E-04
2.88312782E-01  5.21831959E-02  5.33705577E-04
2.88611397E-01  5.26500568E-02  5.29849203E-04
2.88910012E-01  5.19861504E-02  5.33226354E-04
2.89208627E-01  5.28973602E-02  5.35109022E-04
2.89507242E-01  5.20363040E-02  5.30348043E-04
2.89805857E-01  5.23500554E-02  5.30006539E-04
2.90104472E-01  5.18077873E-02  5.26489923E-04
2.90403087E-01  5.11308312E-02  5.28697681E-04
2.90701702E-01  5.10668010E-02  5.24237927E-04
2.91000317E-01  5.09312488E-02  5.22653630E-04
2.91298932E-01  4.94094044E-02  5.15914347E-04
2.91597547E-01  4.83982824E-02  5.11357270E-04
2.91896162E-01  4.81226966E-02  5.09527395E-04
2.92194777E-01  4.68723439E-02  5.00914699E-04
2.92493392E-01  4.59873378E-02  4.96645574E-04
2.92792007E-01  4.51423191E-02  4.92660387E-04
2.93090622E-01  4.37343530E-02  4.84682299E-04
2.93389237E-01  4.29032966E-02  4.79823415E-04
2.93687852E-01  4.28903103E-02  4.76411980E-04
2.93986467E-01  4.16360311E-02  4.72801039E-04
2.94285082E-01  4.05357927E-02  4.64153651E-04
2.94583697E-01  3.94495055E-02  4.61342512E-04
2.94882312E-01  3.85907553E-02  4.53319226E-04
2.95180927E-01  3.80904749E-02  4.47473372E-04
2.95479542E-01  3.70353386E-02  4.45272657E-04
2.95778157E-01  3.68412249E-02  4.42395627E-04
2.96076772E-01  3.65806967E-02  4.41147713E-04
2.96375387E-01  3.54316607E-02  4.33643989E-04
2.96674002E-01  3.51751782E-02  4.31865570E-04
2.96972617E-01  3.40734236E-02  4.27827239E-04
2.97271232E-01  3.44186015E-02  4.30198910E-04
2.97569847E-01  3.45168673E-02  4.31023334E-04
2.97868462E-01  3.35503779E-02  4.26193350E-04
2.98167077E-01  3.41009460E-02  4.31795925E-04
2.98465692E-01  3.30331065E-02  4.27633175E-04
2.98764307E-01  3.34439054E-02  4.26565151E-04
2.99062922E-01  3.26541178E-02  4.24115191E-04
2.99361537E-01  3.30334045E-02  4.27959923E-04
2.99660152E-01  3.26157585E-02  4.25995066E-04
2.99958767E-01  3.24482732E-02  4.25114908E-04
3.00257382E-01  3.17498744E-02  4.21685603E-04
3.00555997E-01  3.16619724E-02  4.20889526E-04
3.00854612E-01  3.20739448E-02  4.22978686E-04
3.01153227E-01  3.28619853E-02  4.30979155E-04
3.01451842E-01  3.18849683E-02  4.22586279E-04
3.01750457E-01  3.14937644E-02  4.24855010E-04
3.02049072E-01  3.07158940E-02  4.16565686E-04
3.02347687E-01  3.12746502E-02  4.28741798E-04
3.02646302E-01  3.15031856E-02  4.35782480E-04
3.02944917E-01  3.12271267E-02  4.33751935E-04
3.03243532E-01  3.13334279E-02  4.42767487E-04
3.03542147E-01  3.06743737E-02  4.38832707E-04
3.03840762E-01  3.05456966E-02  4.37664159E-04
3.04139377E-01  3.11846118E-02  4.47969709E-04
3.04437992E-01  3.05059403E-02  4.39127645E-04
3.04736607E-01  3.00909951E-02  4.43282217E-04
3.05035222E-01  3.05911694E-02  4.43303725E-04
3.05333837E-01  2.98985876E-02  4.41214477E-04
3.05632452E-01  3.05668171E-02  4.49706567E-04
3.05931067E-01  3.04099638E-02  4.46289370E-04
3.06229682E-01  3.00819539E-02  4.48684645E-04
3.06528297E-01  3.00294813E-02  4.44017147E-04
3.06826912E-01  2.96413545E-02  4.46606544E-04
3.07125527E-01  2.94348374E-02  4.46136051E-04
3.07424142E-01  2.99163368E-02  4.49222600E-04
3.07722757E-01  3.01242564E-02  4.54398512E-04
3.08021372E-01  3.10309995E-02  4.57377988E-04
3.08319987E-01  2.92108860E-02  4.40420728E-04
3.08618602E-01  2.97701452E-02  4.40278876E-04
3.08917217E-01  2.98591927E-02  4.34341375E-04
3.09215832E-01  3.04248538E-02  4.42242279E-04
3.09514447E-01  2.96696797E-02  4.29905078E-04
3.09813062E-01  2.97665503E-02  4.31580615E-04
3.10111677E-01  3.04051414E-02  4.34226269E-04
3.10410292E-01  2.98568383E-02  4.24968021E-04
3.10708907E-01  2.95576397E-02  4.26939223E-04
3.11007522E-01  2.97301635E-02  4.22225101E-04
3.11306137E-01  2.98693981E-02  4.28590400E-04
3.11604752E-01  2.96227485E-02  4.21807053E-04
3.11903367E-01  2.99482848E-02  4.23659832E-04
3.12201982E-01  2.95129325E-02  4.20456519E-04
3.12500597E-01  2.93737147E-02  4.15656512E-04
3.12799212E-01  2.92202048E-02  4.18029114E-04
3.13097827E-01  3.01364437E-02  4.21581499E-04
3.13396442E-01  3.03211883E-02  4.22310492E-04
3.13695057E-01  3.05059776E-02  4.25752311E-04
3.13993672E-01  3.05016302E-02  4.21444420E-04
3.14292287E-01  2.96387374E-02  4.16539056E-04
3.14590902E-01  2.97700465E-02  4.16252355E-04
3.14889517E-01  2.94501018E-02  4.14010690E-04
3.15188132E-01  2.98245214E-02  4.19067277E-04
3.15486747E-01  3.05442978E-02  4.18454292E-04
3.15785362E-01  3.01538240E-02  4.18601267E-04
3.16083977E-01  2.95470580E-02  4.11249348E-04
3.16382592E-01  2.92294063E-02  4.11274057E-04
3.16681207E-01  2.96086576E-02  4.12106747E-04
3.16979822E-01  2.97686122E-02  4.12578403E-04
3.17278437E-01  2.97743957E-02  4.14012728E-04
3.17577052E-01  2.97156833E-02  4.12320340E-04
3.17875667E-01  3.00884284E-02  4.20704047E-04
3.18174282E-01  3.03369500E-02  4.26309562E-04
3.18472897E-01  3.04947458E-02  4.33564855E-04
3.18771512E-01  3.02711483E-02  4.30298853E-04
3.19070127E-01  3.00513953E-02  4.32092376E-04
3.19368742E-01  3.04445531E-02  4.35277674E-04
3.19667357E-01  3.00785117E-02  4.33019741E-04
3.19965972E-01  3.04402988E-02  4.36602393E-04
3.20264587E-01  2.96885613E-02  4.33144363E-04
3.20563202E-01  3.01615670E-02  4.36208909E-04
3.20861817E-01  2.95161847E-02  4.32381668E-04
3.21160432E-01  2.95708515E-02  4.31427005E-04
3.21459047E-01  3.00148427E-02  4.38792864E-04
3.21757662E-01  3.08025014E-02  4.41706536E-04
3.22056277E-01  3.05143800E-02  4.39385680E-04
3.22354892E-01  3.03261168E-02  4.41835116E-04
3.22653507E-01  3.11568864E-02  4.46421385E-04
3.22952122E-01  3.05352155E-02  4.45828977E-04
3.23250737E-01  3.05659622E-02  4.37640178E-04
3.23549352E-01  3.10399495E-02  4.46490914E-04
3.23847967E-01  3.05596255E-02  4.45095531E-04
3.24146582E-01  3.00917905E-02  4.40388627E-04
3.24445197E-01  3.05142105E-02  4.43728670E-04
3.24743812E-01  3.10445838E-02  4.46788734E-04
3.25042427E-01  3.18590850E-02  4.57422662E-04
3.25341042E-01  3.10807824E-02  4.46662569E-04
3.25639657E-01  3.13234702E-02  4.50895837E-04
3.25938272E-01  3.14115733E-02  4.52727254E-04
3.26236887E-01  3.23132761E-02  4.55568661E-04
3.26535502E-01  3.22400965E-02  4.61941789E-04
3.26834117E-01  3.16467918E-02  4.52559063E-04
3.27132732E-01  3.13633718E-02  4.52785636E-04
3.27431347E-01  3.19088288E-02  4.57383197E-04
3.27729962E-01  3.21354643E-02  4.56845912E-04
3.28028577E-01  3.27581018E-02  4.68738785E-04
3.28327192E-01  3.23442556E-02  4.54741705E-04
3.28625807E-01  3.22232991E-02  4.61417047E-04
3.28924422E-01  3.23104449E-02  4.61766293E-04
3.29223037E-01  3.29724848E-02  4.64539422E-04
3.29521652E-01  3.31688859E-02  4.66889614E-04
3.29820267E-01  3.40698361E-02  4.71512467E-04
3.30118882E-01  3.47965285E-02  4.81800351E-04
3.30417497E-01  3.47400196E-02  4.78819798E-04
3.30716112E-01  3.50155793E-02  4.77875350E-04
3.31014727E-01  3.47473323E-02  4.76886547E-04
3.31313342E-01  3.54840234E-02  4.80215938E-04
3.31611957E-01  3.56131680E-02  4.86257370E-04
3.31910572E-01  3.50424722E-02  4.78911796E-04
3.32209187E-01  3.60580347E-02  4.83662880E-04
3.32507802E-01  3.54132839E-02  4.84749791E-04
3.32806417E-01  3.67122889E-02  4.87035781E-04
3.33105032E-01  3.60335968E-02  4.86940495E-04
3.33403647E-01  3.59128378E-02  4.82976990E-04
3.33702262E-01  3.63584384E-02  4.86250967E-04
3.34000877E-01  3.67836505E-02  4.88800404E-04
3.34299492E-01  3.74805033E-02  4.95010521E-04
3.34598107E-01  3.70298624E-02  4.92463645E-04
3.34896722E-01  3.70274894E-02  4.87710699E-04
3.35195337E-01  3.81075777E-02  4.95782413E-04
3.35493952E-01  3.79959308E-02  4.97967470E-04
3.35792567E-01  3.70487571E-02  4.89992613E-04
3.36091182E-01  3.65987942E-02  4.87723853E-04
3.36389797E-01  3.69750075E-02  4.87230805E-04
3.36688412E-01  3.72190475E-02  4.91986691E-04
3.36987027E-01  3.66564281E-02  4.85270895E-04
3.37285642E-01  3.71836238E-02  4.90747334E-04
3.37584257E-01  3.69616635E-02  4.89999191E-04
3.37882872E-01  3.61933075E-02  4.82620322E-04
3.38181487E-01  3.67739350E-02  4.88326477E-04
3.38480102E-01  3.62219289E-02  4.77431604E-04
3.38778717E-01  3.59557532E-02  4.82160831E-04
3.39077332E-01  3.59785706E-02  4.80355171E-04
3.39375947E-01  3.61181945E-02  4.81148425E-04
3.39674562E-01  3.53833660E-02  4.79292794E-04
3.39973177E-01  3.57836746E-02  4.76988498E-04
3.40271792E-01  3.58843580E-02  4.80987248E-04
3.40570407E-01  3.55989933E-02  4.78237518E-04
3.40869022E-01  3.51970792E-02  4.72795509E-04
3.41167637E-01  3.53441350E-02  4.75285749E-04
3.41466252E-01  3.56534608E-02  4.74494591E-04
3.41764867E-01  3.59918699E-02  4.82558389E-04
3.42063482E-01  3.47004645E-02  4.70128667E-04
3.42362097E-01  3.58249582E-02  4.75096982E-04
3.42660712E-01  3.52511853E-02  4.75629669E-04
3.42959327E-01  3.58886048E-02  4.74981323E-04
3.43257942E-01  3.59511264E-02  4.80331393E-04
3.43556557E-01  3.54744159E-02  4.73581924E-04
3.43855172E-01  3.56720313E-02  4.75036271E-04
3.44153787E-01  3.63013148E-02  4.78935865E-04
3.44452402E-01  3.52416597E-02  4.71357547E-04
3.44751017E-01  3.62374298E-02  4.78927366E-04
3.45049632E-01  3.69685031E-02  4.79101407E-04
3.45348247E-01  3.68012227E-02  4.82641597E-04
3.45646862E-01  3.73985246E-02  4.84471006E-04
3.45945477E-01  3.69699672E-02  4.81961935E-04
3.46244092E-01  3.79382633E-02  4.82517353E-04
3.46542707E-01  3.78295742E-02  4.82228294E-04
3.46841322E-01  3.79348509E-02  4.86424222E-04
3.47139937E-01  3.79405506E-02  4.84826131E-04
3.47438552E-01  3.84624340E-02  4.84504242E-04
3.47737167E-01  3.78098600E-02  4.84264456E-04
3.48035782E-01  3.81739549E-02  4.82288160E-04
3.48334397E-01  3.85241173E-02  4.88273334E-04
3.48633012E-01  3.85095552E-02  4.81369440E-04
3.48931627E-01  3.74673530E-02  4.78466915E-04
3.49230242E-01  3.76202092E-02  4.80771880E-04
3.49528857E-01  3.82715687E-02  4.83444281E-04
3.49827472E-01  3.69712561E-02  4.75950248E-04
3.50126087E-01  3.77235934E-02  4.76180488E-04
3.50424702E-01  3.79992761E-02  4.82124946E-04
3.50723317E-01  3.80754657E-02  4.80622111E-04
3.51021932E-01  3.78600396E-02  4.80978139E-04
3.51320547E-01  3.71227227E-02  4.73795575E-04
3.51619162E-01  3.70577946E-02  4.72351763E-04
3.51917777E-01  3.71342525E-02  4.74910747E-04
3.52216392E-01  3.64539512E-02  4.69641091E-04
3.52515007E-01  3.53153460E-02  4.60117735E-04
3.52813622E-01  3.64186205E-02  4.67251084E-04
3.53112237E-01  3.50190923E-02  4.63230070E-04
3.53410852E-01  3.59783024E-02  4.68755286E-04
3.53709467E-01  3.45991440E-02  4.50939522E-04
3.54008082E-01  3.55600566E-02  4.62091761E-04
3.54306697E-01  3.52983251E-02  4.60639392E-04
3.54605312E-01  3.48889679E-02  4.60342359E-04
3.54903927E-01  3.50276530E-02  4.62655764E-04
3.55202542E-01  3.41383740E-02  4.47103987E-04
3.55501157E-01  3.45414989E-02  4.56672860E-04
3.55799772E-01  3.45594808E-02  4.54690686E-04
3.56098387E-01  3.50291356E-02  4.58888186E-04
3.56397002E-01  3.43061984E-02  4.53760265E-04
3.56695617E-01  3.43062840E-02  4.48802981E-04
3.56994232E-01  3.42673697E-02  4.56735899E-04
3.57292847E-01  3.36742885E-02  4.45480109E-04
3.57591462E-01  3.44020538E-02  4.53050976E-04
3.57890077E-01  3.33873555E-02  4.45481652E-04
3.58188692E-01  3.43296863E-02  4.49918385E-04
3.58487307E-01  3.36453989E-02  4.51463595E-04
3.58785922E-01  3.41278128E-02  4.46697581E-04
3.59084537E-01  3.30369063E-02  4.43858444E-04
3.59383152E-01  3.32752503E-02  4.43788333E-04
3.59681767E-01  3.33703980E-02  4.44780540E-04
3.59980382E-01  3.33251059E-02  4.48703475E-04
3.60278997E-01  3.44389230E-02  4.46618884E-04
3.60577612E-01  3.38791683E-02  4.49609041E-04
3.60876227E-01  3.35252248E-02  4.45697544E-04
3.61174842E-01  3.38144302E-02  4.44888195E-04
3.61473457E-01  3.34107690E-02  4.42226214E-04
3.61772072E-01  3.44188549E-02  4.50160151E-04
3.62070687E-01  3.38020585E-02  4.48862469E-04
3.62369302E-01  3.43756340E-02  4.49402665E-04
3.62667917E-01  3.38878594E-02  4.46085993E-04
3.62966532E-01  3.45782489E-02  4.49181796E-04
3.63265147E-01  3.54291424E-02  4.56362584E-04
3.63563762E-01  3.47953290E-02  4.52383625E-04
3.63862377E-01  3.46905552E-02  4.50033578E-04
3.64160992E-01  3.53246257E-02  4.54488763E-04
3.64459607E-01  3.59065905E-02  4.58460854E-04
3.64758222E-01  3.69019546E-02  4.64773417E-04
3.65056837E-01  3.69667411E-02  4.65922087E-04
3.65355452E-01  3.70045677E-02  4.62016003E-04
3.65654067E-01  3.77258696E-02  4.70435392E-04
3.65952682E-01  3.74060161E-02  4.65002988E-04
3.66251297E-01  3.76146734E-02  4.70993604E-04
3.66549912E-01  3.80647592E-02  4.69327671E-04
3.66848527E-01  3.72475795E-02  4.61857271E-04
3.67147142E-01  3.75541262E-02  4.70493716E-04
3.67445757E-01  3.72910313E-02  4.63932200E-04
3.67744372E-01  3.66337262E-02  4.61029587E-04
3.68042987E-01  3.54237445E-02  4.52406501E-04
3.68341602E-01  3.56229208E-02  4.53914894E-04
3.68640217E-01  3.50386389E-02  4.52309207E-04
3.68938832E-01  3.42135131E-02  4.41290205E-04
3.69237447E-01  3.38765159E-02  4.42537334E-04
3.69536062E-01  3.37621719E-02  4.39844327E-04
3.69834677E-01  3.31540927E-02  4.38483286E-04
3.70133292E-01  3.36729921E-02  4.43180819E-04
3.70431907E-01  3.29002850E-02  4.32412169E-04
3.70730522E-01  3.29012945E-02  4.35673632E-04
3.71029137E-01  3.35041359E-02  4.37150942E-04
3.71327752E-01  3.33341472E-02  4.37963143E-04
3.71626367E-01  3.36442366E-02  4.39540512E-04
3.71924982E-01  3.19524482E-02  4.28015657E-04
3.72223597E-01  3.32601778E-02  4.38851246E-04
3.72522212E-01  3.27613987E-02  4.30735614E-04
3.72820827E-01  3.32030840E-02  4.35639988E-04
3.73119442E-01  3.28544416E-02  4.33460053E-04
3.73418057E-01  3.28923054E-02  4.31599590E-04
3.73716672E-01  3.24373469E-02  4.33849811E-04
3.74015287E-01  3.22254933E-02  4.25792561E-04
3.74313902E-01  3.24488096E-02  4.29343287E-04
3.74612517E-01  3.27190682E-02  4.32238681E-04
3.74911132E-01  3.35235223E-02  4.36846516E-04
3.75209747E-01  3.27423438E-02  4.32395260E-04
3.75508362E-01  3.25856470E-02  4.28498955E-04
3.75806977E-01  3.26379687E-02  4.30379383E-04
3.76105592E-01  3.27179059E-02  4.30797169E-04
3.76404207E-01  3.26380990E-02  4.30493354E-04
3.76702822E-01  3.29249240E-02  4.30510729E-04
3.77001437E-01  3.22706886E-02  4.26538667E-04
3.77300052E-01  3.28635983E-02  4.33316949E-04
3.77598667E-01  3.25470567E-02  4.30229149E-04
3.77897282E-01  3.18681151E-02  4.22585668E-04
3.78195897E-01  3.27998698E-02  4.28071246E-04
3.78494512E-01  3.29530984E-02  4.31691733E-04
3.78793127E-01  3.37094329E-02  4.35841182E-04
3.79091742E-01  3.28322165E-02  4.29261796E-04
3.79390357E-01  3.26985568E-02  4.28063446E-04
3.79688972E-01  3.30796838E-02  4.30770306E-04
3.79987587E-01  3.28233279E-02  4.28340951E-04
3.80286202E-01  3.29057239E-02  4.29965759E-04
3.80584817E-01  3.26868370E-02  4.28534724E-04
3.80883432E-01  3.27695087E-02  4.27347608E-04
3.81182047E-01  3.33219729E-02  4.32242872E-04
3.81480662E-01  3.32829729E-02  4.32100642E-04
3.81779277E-01  3.28518897E-02  4.25858569E-04
3.82077892E-01  3.28570716E-02  4.29330015E-04
3.82376507E-01  3.31494175E-02  4.30257991E-04
3.82675122E-01  3.31269056E-02  4.30874090E-04
3.82973737E-01  3.28222662E-02  4.27164749E-04
3.83272352E-01  3.31461504E-02  4.26495681E-04
3.83570967E-01  3.28433588E-02  4.28165076E-04
3.83869582E-01  3.24686803E-02  4.24436264E-04
3.84168197E-01  3.30061503E-02  4.28795989E-04
3.84466812E-01  3.27208787E-02  4.25233447E-04
3.84765427E-01  3.35933752E-02  4.30330780E-04
3.85064042E-01  3.29272598E-02  4.29368316E-04
3.85362657E-01  3.36997099E-02  4.31551336E-04
3.85661272E-01  3.28760818E-02  4.23301099E-04
3.85959887E-01  3.34139168E-02  4.31120396E-04
3.86258502E-01  3.32033448E-02  4.26561222E-04
3.86557117E-01  3.33712995E-02  4.33247391E-04
3.86855732E-01  3.31273600E-02  4.25549923E-04
3.87154347E-01  3.33352275E-02  4.26674000E-04
3.87452962E-01  3.24809104E-02  4.24959377E-04
3.87751577E-01  3.31939310E-02  4.24726342E-04
3.88050192E-01  3.33709493E-02  4.30745335E-04
3.88348807E-01  3.35189775E-02  4.25657083E-04
3.88647422E-01  3.39302644E-02  4.31751279E-04
3.88946037E-01  3.40043977E-02  4.31369524E-04
3.89244652E-01  3.42164189E-02  4.33571025E-04
3.89543267E-01  3.37609090E-02  4.30783635E-04
3.89841882E-01  3.36719044E-02  4.26842627E-04
3.90140497E-01  3.39621045E-02  4.32928180E-04
3.90439112E-01  3.40027139E-02  4.32113768E-04
3.90737727E-01  3.37503143E-02  4.25890525E-04
3.91036342E-01  3.38625498E-02  4.31975088E-04
3.91334957E-01  3.33911218E-02  4.24238795E-04
3.91633572E-01  3.38883325E-02  4.31392371E-04
3.91932187E-01  3.33322547E-02  4.23764548E-04
3.92230802E-01  3.37014906E-02  4.27355058E-04
3.92529417E-01  3.39110084E-02  4.31541150E-04
3.92828032E-01  3.40321884E-02  4.27883235E-04
3.93126647E-01  3.34371179E-02  4.26201324E-04
3.93425262E-01  3.40943076E-02  4.28901607E-04
3.93723877E-01  3.41954976E-02  4.31645749E-04
3.94022492E-01  3.38243768E-02  4.28982312E-04
3.94321107E-01  3.29412483E-02  4.20976547E-04
3.94619722E-01  3.34850848E-02  4.24645026E-04
3.94918337E-01  3.37430872E-02  4.25968959E-04
3.95216952E-01  3.34648527E-02  4.25347214E-04
3.95515567E-01  3.39476094E-02  4.28824278E-04
3.95814182E-01  3.34564745E-02  4.21813340E-04
3.96112797E-01  3.32546979E-02  4.23704099E-04
3.96411412E-01  3.47391218E-02  4.32217697E-04
3.96710027E-01  3.39828990E-02  4.28008439E-04
3.97008642E-01  3.37945558E-02  4.24761238E-04
3.97307257E-01  3.37856635E-02  4.25321923E-04
3.97605872E-01  3.38964202E-02  4.27156483E-04
3.97904487E-01  3.40999514E-02  4.29482694E-04
3.98203102E-01  3.41560468E-02  4.25193633E-04
3.98501717E-01  3.46605703E-02  4.29350359E-04
3.98800332E-01  3.37210111E-02  4.24205617E-04
3.99098947E-01  3.36579941E-02  4.24219266E-04
3.99397562E-01  3.53018679E-02  4.35825525E-04
3.99696177E-01  3.37110534E-02  4.24147467E-04
3.99994792E-01  3.38094682E-02  4.23545862E-04
4.00293407E-01  3.43738124E-02  4.28402709E-04
4.00592022E-01  3.40172462E-02  4.24950093E-04
4.00890637E-01  3.36563103E-02  4.22589947E-04
4.01189252E-01  3.44395824E-02  4.27071878E-04
4.01487867E-01  3.42578068E-02  4.27788327E-04
4.01786482E-01  3.37065160E-02  4.23721620E-04
4.02085097E-01  3.43640335E-02  4.24182683E-04
4.02383712E-01  3.38235050E-02  4.26203769E-04
4.02682327E-01  3.47812474E-02  4.26450890E-04
4.02980942E-01  3.41385156E-02  4.26331942E-04
4.03279557E-01  3.43375616E-02  4.25839535E-04
4.03578172E-01  3.47544327E-02  4.26090090E-04
4.03876787E-01  3.39572132E-02  4.24896891E-04
4.04175402E-01  3.41672003E-02  4.23076592E-04
4.04474017E-01  3.47978733E-02  4.29407082E-04
4.04772632E-01  3.45356166E-02  4.25555656E-04
4.05071247E-01  3.46597917E-02  4.26826620E-04
4.05369862E-01  3.43860351E-02  4.29021806E-04
4.05668477E-01  3.44278254E-02  4.21421311E-04
4.05967092E-01  3.47222276E-02  4.27013030E-04
4.06265707E-01  3.45763117E-02  4.25411679E-04
4.06564322E-01  3.41818221E-02  4.22481011E-04
4.06862937E-01  3.40568870E-02  4.25944076E-04
4.07161552E-01  3.39995287E-02  4.19875287E-04
4.07460167E-01  3.39468904E-02  4.22426354E-04
4.07758782E-01  3.51389349E-02  4.26059531E-04
4.08057397E-01  3.42865251E-02  4.22936049E-04
4.08356012E-01  3.37689035E-02  4.21322038E-04
4.08654627E-01  3.43079604E-02  4.20996163E-04
4.08953242E-01  3.44725624E-02  4.26400366E-04
4.09251857E-01  3.48160975E-02  4.24997619E-04
4.09550472E-01  3.41531299E-02  4.21130389E-04
4.09849087E-01  3.40502597E-02  4.20694327E-04
4.10147702E-01  3.38271558E-02  4.17460164E-04
4.10446317E-01  3.38868611E-02  4.22268233E-04
4.10744932E-01  3.43052037E-02  4.22171957E-04
4.11043547E-01  3.40680629E-02  4.17111296E-04
4.11342162E-01  3.45129408E-02  4.23352176E-04
4.11640777E-01  3.45752351E-02  4.24531725E-04
4.11939392E-01  3.42228338E-02  4.22761921E-04
4.12238007E-01  3.38809490E-02  4.16258001E-04
4.12536622E-01  3.31487209E-02  4.13842034E-04
4.12835237E-01  3.45293358E-02  4.20807948E-04
4.13133852E-01  3.39038335E-02  4.18629672E-04
4.13432467E-01  3.44755910E-02  4.21753299E-04
4.13731082E-01  3.43193375E-02  4.19433985E-04
4.14029697E-01  3.41893137E-02  4.20491124E-04
4.14328312E-01  3.36903036E-02  4.16056544E-04
4.14626927E-01  3.35999317E-02  4.16659750E-04
4.14925542E-01  3.36400308E-02  4.13266942E-04
4.15224157E-01  3.40933613E-02  4.18930955E-04
4.15522772E-01  3.35333794E-02  4.16154508E-04
4.15821387E-01  3.39323021E-02  4.15729679E-04
4.16120002E-01  3.33624445E-02  4.12985042E-04
4.16418617E-01  3.36505771E-02  4.15629300E-04
4.16717232E-01  3.41250673E-02  4.17777919E-04
4.17015847E-01  3.42703648E-02  4.20123833E-04
4.17314462E-01  3.37078385E-02  4.11254703E-04
4.17613077E-01  3.35991532E-02  4.14646405E-04
4.17911692E-01  3.38819921E-02  4.15050978E-04
4.18210307E-01  3.34062874E-02  4.15089045E-04
4.18508922E-01  3.34239602E-02  4.11015906E-04
4.18807537E-01  3.38338651E-02  4.13624366E-04
4.19106152E-01  3.36157493E-02  4.14756476E-04
4.19404767E-01  3.39732356E-02  4.16669238E-04
4.19703382E-01  3.38114202E-02  4.12365043E-04
4.20001997E-01  3.41363885E-02  4.16235504E-04
4.20300612E-01  3.34148742E-02  4.10315173E-04
4.20599227E-01  3.36888395E-02  4.15310671E-04
4.20897842E-01  3.28343622E-02  4.07479616E-04
4.21196457E-01  3.35360616E-02  4.10690118E-04
4.21495072E-01  3.29958014E-02  4.09136672E-04
4.21793687E-01  3.35018821E-02  4.10950015E-04
4.22092302E-01  3.31428312E-02  4.10991401E-04
4.22390917E-01  3.31170149E-02  4.04921273E-04
4.22689532E-01  3.27419117E-02  4.08032560E-04
4.22988147E-01  3.26484479E-02  4.04860766E-04
4.23286762E-01  3.27680558E-02  4.08104941E-04
4.23585377E-01  3.20882350E-02  4.01102967E-04
4.23883992E-01  3.33616249E-02  4.08156251E-04
4.24182607E-01  3.26672271E-02  4.04069695E-04
4.24481222E-01  3.24887112E-02  4.05254948E-04
4.24779837E-01  3.31471972E-02  4.07581771E-04
4.25078452E-01  3.27903107E-02  4.03835060E-04
4.25377067E-01  3.26425359E-02  4.05755709E-04
4.25675682E-01  3.28011774E-02  4.03723971E-04
4.25974297E-01  3.29152271E-02  4.07542713E-04
4.26272912E-01  3.18867229E-02  3.96728690E-04
4.26571527E-01  3.16239186E-02  3.99471552E-04
4.26870142E-01  3.26086618E-02  4.02453414E-04
4.27168757E-01  3.16152573E-02  3.96899821E-04
4.27467372E-01  3.12158037E-02  3.93063849E-04
4.27765987E-01  3.21928896E-02  4.01596189E-04
4.28064602E-01  3.23066488E-02  4.00591438E-04
4.28363217E-01  3.18372138E-02  3.98744713E-04
4.28661832E-01  3.11698858E-02  3.93924827E-04
4.28960447E-01  3.14347856E-02  3.94976698E-04
4.29259062E-01  3.10241878E-02  3.91864509E-04
4.29557677E-01  3.14303003E-02  3.94951523E-04
4.29856292E-01  3.09293848E-02  3.90138332E-04
4.30154907E-01  3.05335969E-02  3.88498331E-04
4.30453522E-01  3.13654765E-02  3.95167852E-04
4.30752137E-01  3.05427965E-02  3.88993416E-04
4.31050752E-01  3.20146903E-02  3.96666437E-04
4.31349367E-01  3.09943967E-02  3.90989502E-04
4.31647982E-01  3.08340397E-02  3.89804947E-04
4.31946597E-01  3.09175178E-02  3.92431393E-04
4.32245212E-01  3.05104665E-02  3.86642350E-04
4.32543827E-01  3.11406422E-02  3.92615766E-04
4.32842442E-01  3.13370153E-02  3.96068644E-04
4.33141057E-01  3.12225483E-02  3.91046371E-04
4.33439672E-01  3.02782860E-02  3.87578417E-04
4.33738287E-01  3.12479287E-02  3.91640788E-04
4.34036902E-01  3.18074860E-02  3.97159427E-04
4.34335517E-01  3.12914699E-02  3.93486698E-04
4.34634132E-01  3.03152725E-02  3.87734326E-04
4.34932747E-01  3.09936367E-02  3.90049972E-04
4.35231362E-01  3.04845627E-02  3.87091888E-04
4.35529977E-01  3.11294422E-02  3.93350871E-04
4.35828592E-01  3.05319149E-02  3.88949469E-04
4.36127207E-01  3.16657759E-02  3.93827329E-04
4.36425822E-01  3.06182187E-02  3.87945533E-04
4.36724437E-01  3.08402386E-02  3.89696506E-04
4.37023052E-01  3.08333784E-02  3.89827735E-04
4.37321667E-01  3.09103113E-02  3.88080487E-04
4.37620282E-01  3.09844259E-02  3.91393492E-04
4.37918897E-01  3.07377819E-02  3.89054680E-04
4.38217512E-01  3.05016171E-02  3.88248620E-04
4.38516127E-01  3.13171037E-02  3.90975387E-04
4.38814742E-01  3.14530283E-02  3.89856985E-04
4.39113357E-01  3.13609317E-02  3.92810354E-04
4.39411972E-01  3.11269220E-02  3.91170150E-04
4.39710587E-01  3.08174808E-02  3.87679611E-04
4.40009202E-01  3.13003398E-02  3.92174494E-04
4.40307817E-01  3.07171270E-02  3.85109073E-04
4.40606432E-01  3.15317772E-02  3.93624767E-04
4.40905047E-01  3.13808359E-02  3.91557493E-04
4.41203662E-01  3.17710824E-02  3.91579611E-04
4.41502277E-01  3.12822573E-02  3.90601228E-04
4.41800892E-01  3.10990214E-02  3.88859306E-04
4.42099507E-01  3.07993945E-02  3.87237669E-04
4.42398122E-01  3.08998451E-02  3.86853004E-04
4.42696737E-01  3.13690491E-02  3.89865658E-04
4.42995352E-01  3.13949436E-02  3.90882487E-04
4.43293967E-01  3.08312420E-02  3.88467975E-04
4.43592582E-01  3.11535876E-02  3.90581117E-04
4.43891197E-01  3.16460393E-02  3.89890396E-04
4.44189812E-01  3.04050464E-02  3.85523163E-04
4.44488427E-01  3.03845555E-02  3.83540668E-04
4.44787042E-01  3.11532598E-02  3.89811845E-04
4.45085657E-01  3.12419739E-02  3.88917630E-04
4.45384272E-01  3.07940207E-02  3.86711879E-04
4.45682887E-01  3.12907472E-02  3.92578484E-04
4.45981502E-01  3.13921012E-02  3.89431021E-04
4.46280117E-01  3.01079191E-02  3.82216880E-04
4.46578732E-01  3.04100700E-02  3.84383689E-04
4.46877347E-01  2.95013841E-02  3.79346864E-04
4.47175962E-01  3.04552354E-02  3.89301655E-04
4.47474577E-01  2.96682958E-02  3.77855758E-04
4.47773192E-01  3.06285098E-02  3.85852327E-04
4.48071807E-01  3.04877851E-02  3.84966435E-04
4.48370422E-01  3.02421898E-02  3.84510582E-04
4.48669037E-01  3.00931260E-02  3.82553466E-04
4.48967652E-01  3.00324261E-02  3.81750986E-04
4.49266267E-01  3.01668234E-02  3.84205021E-04
4.49564882E-01  2.97235195E-02  3.81541380E-04
4.49863497E-01  2.93114651E-02  3.77310498E-04
4.50162112E-01  3.00515331E-02  3.83390201E-04
4.50460727E-01  2.91793179E-02  3.77870252E-04
4.50759342E-01  3.01078968E-02  3.83921870E-04
4.51057957E-01  2.96478085E-02  3.80475540E-04
4.51356572E-01  2.93726772E-02  3.76232842E-04
4.51655187E-01  2.95307525E-02  3.80733080E-04
4.51953802E-01  2.94080507E-02  3.78522440E-04
4.52252417E-01  2.87732556E-02  3.78170138E-04
4.52551032E-01  2.87007205E-02  3.73209012E-04
4.52849647E-01  2.94947866E-02  3.79167992E-04
4.53148262E-01  2.94170324E-02  3.78669414E-04
4.53446877E-01  2.83265598E-02  3.71178787E-04
4.53745492E-01  2.88618244E-02  3.75494448E-04
4.54044107E-01  2.91583147E-02  3.78169498E-04
4.54342722E-01  2.86138989E-02  3.74045892E-04
4.54641337E-01  2.96296813E-02  3.81469930E-04
4.54939952E-01  2.89632063E-02  3.75828735E-04
4.55238567E-01  2.94367056E-02  3.78640427E-04
4.55537182E-01  2.89195478E-02  3.77879973E-04
4.55835797E-01  2.92966571E-02  3.79326200E-04
4.56134412E-01  2.91421562E-02  3.77325778E-04
4.56433027E-01  2.88981982E-02  3.76158743E-04
4.56731642E-01  2.94766948E-02  3.79154808E-04
4.57030257E-01  2.84730978E-02  3.74128198E-04
4.57328872E-01  2.88929958E-02  3.75963631E-04
4.57627487E-01  2.81785950E-02  3.71124537E-04
4.57926102E-01  2.84265541E-02  3.73001792E-04
4.58224717E-01  2.84069367E-02  3.74196825E-04
4.58523332E-01  2.84346584E-02  3.73140239E-04
4.58821947E-01  2.85502449E-02  3.71692528E-04
4.59120562E-01  2.89183334E-02  3.77638498E-04
4.59419177E-01  2.83804704E-02  3.73945542E-04
4.59717792E-01  2.90674623E-02  3.78361990E-04
4.60016407E-01  2.77894009E-02  3.68727080E-04
4.60315022E-01  2.85967402E-02  3.73470742E-04
4.60613637E-01  2.88642719E-02  3.76707758E-04
4.60912252E-01  2.86636576E-02  3.76567099E-04
4.61210867E-01  2.84242034E-02  3.73003044E-04
4.61509482E-01  2.88759898E-02  3.79914331E-04
4.61808097E-01  2.82349270E-02  3.84157553E-04
4.62106712E-01  2.91196033E-02  3.91794747E-04
4.62405327E-01  2.81571485E-02  3.88790737E-04
4.62703942E-01  2.89142095E-02  3.93508992E-04
4.63002557E-01  2.84575298E-02  3.97550786E-04
4.63301172E-01  2.91059092E-02  4.03471204E-04
4.63599787E-01  2.81398240E-02  3.98835604E-04
4.63898402E-01  2.85772029E-02  4.03779442E-04
4.64197017E-01  2.87196916E-02  4.05307539E-04
4.64495632E-01  2.80757565E-02  4.05788538E-04
4.64794247E-01  2.80711204E-02  4.06401232E-04
4.65092862E-01  2.80187000E-02  4.03994491E-04
4.65391477E-01  2.81588994E-02  4.11089772E-04
4.65690092E-01  2.75380928E-02  4.06424806E-04
4.65988707E-01  2.80960221E-02  4.14118229E-04
4.66287322E-01  2.92676408E-02  4.23015241E-04
4.66585937E-01  2.81437505E-02  4.15273069E-04
4.66884552E-01  2.81787105E-02  4.20671509E-04
4.67183167E-01  2.80907005E-02  4.21808916E-04
4.67481782E-01  2.79715732E-02  4.15730261E-04
4.67780397E-01  2.80223973E-02  4.22022160E-04
4.68079012E-01  2.82740444E-02  4.25378064E-04
4.68377627E-01  2.78788712E-02  4.24852507E-04
4.68676242E-01  2.90245116E-02  4.34510381E-04
4.68974857E-01  2.84913536E-02  4.30502841E-04
4.69273472E-01  2.81409640E-02  4.31916822E-04
4.69572087E-01  2.85738707E-02  4.33934736E-04
4.69870702E-01  2.81423461E-02  4.32447705E-04
4.70169317E-01  2.86399517E-02  4.38492192E-04
4.70467932E-01  2.84315515E-02  4.37823212E-04
4.70766547E-01  2.78882999E-02  4.38168267E-04
4.71065162E-01  2.72176433E-02  4.32735338E-04
4.71363777E-01  2.74831094E-02  4.31908731E-04
4.71662392E-01  2.80776229E-02  4.41579032E-04
4.71961007E-01  2.82545574E-02  4.44361736E-04
4.72259622E-01  2.80102920E-02  4.45675832E-04
4.72558237E-01  2.77272779E-02  4.40893782E-04
4.72856852E-01  2.78476756E-02  4.35438968E-04
4.73155467E-01  2.69580800E-02  4.25183040E-04
4.73454082E-01  2.78612468E-02  4.27120860E-04
4.73752697E-01  2.81347092E-02  4.22660407E-04
4.74051312E-01  2.83324346E-02  4.24387486E-04
4.74349927E-01  2.86179986E-02  4.23981983E-04
4.74648542E-01  2.82636192E-02  4.21469682E-04
4.74947157E-01  2.89105084E-02  4.22107463E-04
4.75245772E-01  2.82128379E-02  4.16292460E-04
4.75544387E-01  2.82694753E-02  4.15907532E-04
4.75843002E-01  2.75590029E-02  4.11557674E-04
4.76141617E-01  2.84143426E-02  4.14245500E-04
4.76440232E-01  2.84542125E-02  4.14650509E-04
4.76738847E-01  2.85751801E-02  4.13959177E-04
4.77037462E-01  2.86303274E-02  4.14584094E-04
4.77336077E-01  2.80434266E-02  4.11204557E-04
4.77634692E-01  2.79943552E-02  4.07214859E-04
4.77933307E-01  2.79328395E-02  4.07312356E-04
4.78231922E-01  2.83212271E-02  4.07636835E-04
4.78530537E-01  2.85953823E-02  4.13558097E-04
4.78829152E-01  2.81676482E-02  4.04297170E-04
4.79127767E-01  2.85357963E-02  4.08321415E-04
4.79426382E-01  2.82935295E-02  4.08850668E-04
4.79724997E-01  2.82802731E-02  4.06920939E-04
4.80023612E-01  2.88287960E-02  4.09878907E-04
4.80322227E-01  2.85254810E-02  4.06018109E-04
4.80620842E-01  2.82210130E-02  4.05858242E-04
4.80919457E-01  2.82590203E-02  4.04858671E-04
4.81218072E-01  2.88023353E-02  4.08307649E-04
4.81516687E-01  2.92507876E-02  4.12228343E-04
4.81815302E-01  2.79347990E-02  3.98905773E-04
4.82113917E-01  2.87804492E-02  4.09439876E-04
4.82412532E-01  2.82979403E-02  4.02942707E-04
4.82711147E-01  2.81755980E-02  4.01038036E-04
4.83009762E-01  2.91741528E-02  4.09242668E-04
4.83308377E-01  2.90130563E-02  4.08959226E-04
4.83606992E-01  2.84603201E-02  4.02650825E-04
4.83905607E-01  2.93590166E-02  4.10224602E-04
4.84204222E-01  2.90004332E-02  4.05729457E-04
4.84502837E-01  2.98876856E-02  4.14547365E-04
4.84801452E-01  2.90743709E-02  4.07082727E-04
4.85100067E-01  2.95637045E-02  4.07784944E-04
4.85398682E-01  2.86683459E-02  4.03819577E-04
4.85697297E-01  2.91677266E-02  4.07114858E-04
4.85995912E-01  2.87272744E-02  4.05172526E-04
4.86294527E-01  2.95028463E-02  4.07372019E-04
4.86593142E-01  2.92595625E-02  4.06618201E-04
4.86891757E-01  2.98389494E-02  4.11464076E-04
4.87190372E-01  2.99798865E-02  4.12858353E-04
4.87488987E-01  2.95569245E-02  4.06110514E-04
4.87787602E-01  3.00093554E-02  4.12326917E-04
4.88086217E-01  2.96935886E-02  4.08180989E-04
4.88384832E-01  3.00210807E-02  4.11363493E-04
4.88683447E-01  3.00327949E-02  4.12493246E-04
4.88982062E-01  2.97910385E-02  4.08134714E-04
4.89280677E-01  2.98367999E-02  4.11043846E-04
4.89579292E-01  2.98221577E-02  4.09175904E-04
4.89877907E-01  2.99096610E-02  4.09260858E-04
4.90176522E-01  3.01443879E-02  4.09833854E-04
4.90475137E-01  2.95199305E-02  4.06794366E-04
4.90773752E-01  2.93356404E-02  4.05217783E-04
4.91072367E-01  2.92380862E-02  4.04953433E-04
4.91370982E-01  2.90601496E-02  4.02604841E-04
4.91669597E-01  2.86647081E-02  4.00562334E-04
4.91968212E-01  2.92080846E-02  4.05160128E-04
4.92266827E-01  2.94373799E-02  4.06235748E-04
4.92565442E-01  2.88705081E-02  4.00092715E-04
4.92864057E-01  2.78203301E-02  3.94030358E-04
4.93162672E-01  2.78347209E-02  3.94828676E-04
4.93461287E-01  2.87534613E-02  4.01293568E-04
4.93759902E-01  2.88374573E-02  3.98678763E-04
4.94058517E-01  2.84833219E-02  3.98105389E-04
4.94357132E-01  2.81981174E-02  3.95317969E-04
4.94655747E-01  2.86580808E-02  4.01647965E-04
4.94954362E-01  2.78460570E-02  3.90997593E-04
4.95252977E-01  2.90672965E-02  4.01971571E-04
4.95551592E-01  2.86167394E-02  4.00048302E-04
4.95850207E-01  2.74826065E-02  3.91451991E-04
4.96148822E-01  2.82102451E-02  3.93942522E-04
4.96447437E-01  2.79455520E-02  3.94343166E-04
4.96746052E-01  2.79202703E-02  3.93477472E-04
4.97044667E-01  2.76133362E-02  3.93873837E-04
4.97343282E-01  2.90458221E-02  3.99050361E-04
4.97641897E-01  2.88619641E-02  3.97199707E-04
4.97940512E-01  2.79499851E-02  3.94877803E-04
4.98239127E-01  2.80764811E-02  3.94388626E-04
4.98537742E-01  2.88844202E-02  4.00824705E-04
4.98836357E-01  2.82036047E-02  3.93619586E-04
4.99134972E-01  2.78556198E-02  3.92839545E-04
4.99433587E-01  2.80067828E-02  3.95089242E-04
4.99732202E-01  2.84535512E-02  3.95952753E-04
5.00030817E-01  2.86033005E-02  3.96503921E-04
5.00329432E-01  2.82541029E-02  3.95056035E-04
5.00628047E-01  2.78732106E-02  3.92385875E-04
5.00926662E-01  2.78129987E-02  3.94124218E-04
5.01225277E-01  2.79080831E-02  3.90217901E-04
5.01523892E-01  2.77145337E-02  3.89150839E-04
5.01822507E-01  2.78602801E-02  3.92009679E-04
5.02121122E-01  2.76586302E-02  3.91465379E-04
5.02419737E-01  2.76841633E-02  3.90966248E-04
5.02718352E-01  2.79658251E-02  3.92756745E-04
5.03016967E-01  2.75938399E-02  3.90040863E-04
5.03315582E-01  2.81002615E-02  3.94683710E-04
5.03614197E-01  2.72225495E-02  3.85409163E-04
5.03912812E-01  2.82171667E-02  3.94231407E-04
5.04211427E-01  2.73737889E-02  3.87433916E-04
5.04510042E-01  2.81869937E-02  3.95200885E-04
5.04808657E-01  2.80334819E-02  3.90826841E-04
5.05107272E-01  2.80447956E-02  3.93129885E-04
5.05405887E-01  2.76220292E-02  3.88618908E-04
5.05704502E-01  2.72004995E-02  3.88618209E-04
5.06003117E-01  2.79540457E-02  3.91819252E-04
5.06301732E-01  2.78882943E-02  3.91166715E-04
5.06600347E-01  2.78142951E-02  3.89210996E-04
5.06898962E-01  2.79390588E-02  3.92690767E-04
5.07197577E-01  2.76710838E-02  3.91680893E-04
5.07496192E-01  2.76985299E-02  3.87174368E-04
5.07794807E-01  2.72935778E-02  3.89392051E-04
5.08093422E-01  2.80293580E-02  3.91875306E-04
5.08392037E-01  2.74695028E-02  3.88710730E-04
5.08690652E-01  2.75493953E-02  3.87175707E-04
5.08989267E-01  2.72685494E-02  3.86525557E-04
5.09287882E-01  2.79216859E-02  3.92485352E-04
5.09586497E-01  2.84190141E-02  3.94404313E-04
5.09885112E-01  2.77980026E-02  3.89785244E-04
5.10183727E-01  2.79544219E-02  3.91363457E-04
5.10482342E-01  2.72336304E-02  3.85527441E-04
5.10780957E-01  2.76423153E-02  3.89560300E-04
5.11079572E-01  2.78509613E-02  3.90259374E-04
5.11378187E-01  2.72959135E-02  3.86447849E-04
5.11676802E-01  2.78995559E-02  3.93615774E-04
5.11975417E-01  2.80908775E-02  3.90981586E-04
5.12274032E-01  2.79228110E-02  3.90385656E-04
5.12572647E-01  2.85983086E-02  3.95372510E-04
5.12871262E-01  2.76778210E-02  3.88482178E-04
5.13169877E-01  2.75961757E-02  3.90698871E-04
5.13468492E-01  2.80926935E-02  3.89575551E-04
5.13767107E-01  2.74774469E-02  3.86699598E-04
5.14065722E-01  2.79970691E-02  3.92653776E-04
5.14364337E-01  2.83176713E-02  3.94214585E-04
5.14662952E-01  2.74332352E-02  3.87152366E-04
5.14961567E-01  2.75279563E-02  3.86683503E-04
5.15260182E-01  2.72282213E-02  3.86848813E-04
5.15558797E-01  2.78873984E-02  3.90157569E-04
5.15857412E-01  2.81573199E-02  3.91754613E-04
5.16156027E-01  2.78772246E-02  3.90665751E-04
5.16454642E-01  2.74227038E-02  3.87660548E-04
5.16753257E-01  2.75175031E-02  3.87378386E-04
5.17051872E-01  2.74770577E-02  3.88623128E-04
5.17350487E-01  2.80455370E-02  3.89935274E-04
5.17649102E-01  2.75320243E-02  3.87390930E-04
5.17947717E-01  2.80768182E-02  3.90823756E-04
5.18246332E-01  2.77533140E-02  3.88852932E-04
5.18544947E-01  2.80137248E-02  3.91924958E-04
5.18843562E-01  2.71878447E-02  3.86392174E-04
5.19142177E-01  2.78466102E-02  3.89130204E-04
5.19440792E-01  2.74473634E-02  3.86237953E-04
5.19739407E-01  2.84707379E-02  3.93759401E-04
5.20038022E-01  2.76526641E-02  3.89977329E-04
5.20336637E-01  2.71781608E-02  3.84626561E-04
5.20635252E-01  2.76874155E-02  3.88120156E-04
5.20933867E-01  2.78972778E-02  3.89876310E-04
5.21232482E-01  2.63781026E-02  3.78650409E-04
5.21531097E-01  2.75997426E-02  3.88844492E-04
5.21829712E-01  2.78656036E-02  3.90426227E-04
5.22128327E-01  2.71948054E-02  3.85132182E-04
5.22426942E-01  2.78896745E-02  3.88218759E-04
5.22725557E-01  2.76013613E-02  3.88289685E-04
5.23024172E-01  2.66991947E-02  3.81144928E-04
5.23322787E-01  2.70634554E-02  3.84585524E-04
5.23621402E-01  2.75648311E-02  3.87277920E-04
5.23920017E-01  2.79035065E-02  3.91765643E-04
5.24218632E-01  2.74506081E-02  3.85255087E-04
5.24517247E-01  2.68374123E-02  3.81952268E-04
5.24815862E-01  2.78765000E-02  3.90809117E-04
5.25114477E-01  2.79005244E-02  3.89162335E-04
5.25413092E-01  2.74048634E-02  3.86636500E-04
5.25711707E-01  2.72840876E-02  3.86164320E-04
5.26010322E-01  2.82253642E-02  3.90664820E-04
5.26308937E-01  2.71886457E-02  3.84736428E-04
5.26607552E-01  2.78775692E-02  3.89486784E-04
5.26906167E-01  2.90942527E-02  3.97508469E-04
5.27204782E-01  2.67104488E-02  3.83223756E-04
5.27503397E-01  2.69586854E-02  3.83019331E-04
5.27802012E-01  2.78922562E-02  3.89691966E-04
5.28100627E-01  2.75893789E-02  3.88428714E-04
5.28399242E-01  2.73520704E-02  3.83193488E-04
5.28697857E-01  2.79096719E-02  3.90392786E-04
5.28996472E-01  2.84946077E-02  3.93788330E-04
5.29295087E-01  2.69762632E-02  3.84473911E-04
5.29593702E-01  2.79609207E-02  3.88946792E-04
5.29892317E-01  2.72092074E-02  3.84527229E-04
5.30190932E-01  2.68148780E-02  3.83421982E-04
5.30489547E-01  2.70948969E-02  3.83909821E-04
5.30788162E-01  2.73634475E-02  3.85057065E-04
5.31086777E-01  2.73585729E-02  3.86060245E-04
5.31385392E-01  2.73847952E-02  3.84369312E-04
5.31684007E-01  2.65058614E-02  3.80092941E-04
5.31982622E-01  2.76153982E-02  3.87873530E-04
5.32281237E-01  2.74551176E-02  3.86653439E-04
5.32579852E-01  2.78393663E-02  3.90020316E-04
5.32878467E-01  2.84164492E-02  3.93271941E-04
5.33177082E-01  2.72825453E-02  3.86103842E-04
5.33475697E-01  2.71151550E-02  3.82206985E-04
5.33774312E-01  2.77343672E-02  3.88054585E-04
5.34072927E-01  2.72961557E-02  3.87540320E-04
5.34371542E-01  2.78190169E-02  3.87422915E-04
5.34670157E-01  2.70883068E-02  3.81563295E-04
5.34968772E-01  2.78442800E-02  3.90549365E-04
5.35267387E-01  2.76216548E-02  3.87274427E-04
5.35566002E-01  2.77872998E-02  3.90057219E-04
5.35864617E-01  2.65880097E-02  3.78671277E-04
5.36163232E-01  2.73948386E-02  3.86726024E-04
5.36461847E-01  2.70635523E-02  3.84005747E-04
5.36760462E-01  2.73815356E-02  3.85502528E-04
5.37059077E-01  2.77321581E-02  3.87304026E-04
5.37357692E-01  2.70872843E-02  3.85313382E-04
5.37656307E-01  2.74930801E-02  3.84980114E-04
5.37954922E-01  2.73200627E-02  3.88310465E-04
5.38253537E-01  2.74390653E-02  3.82205646E-04
5.38552152E-01  2.78037637E-02  3.88379820E-04
5.38850767E-01  2.74845436E-02  3.87375301E-04
5.39149382E-01  2.80200671E-02  3.91324924E-04
5.39447997E-01  2.78371088E-02  3.88618180E-04
5.39746612E-01  2.74699759E-02  3.86709347E-04
5.40045227E-01  2.75346506E-02  3.85940803E-04
5.40343842E-01  2.81359125E-02  3.92140530E-04
5.40642457E-01  2.72587407E-02  3.84192768E-04
5.40941072E-01  2.74006072E-02  3.84818733E-04
5.41239687E-01  2.75550317E-02  3.89803929E-04
5.41538302E-01  2.77357213E-02  3.88301647E-04
5.41836917E-01  2.72424147E-02  3.84459388E-04
5.42135532E-01  2.78178435E-02  3.85875406E-04
5.42434147E-01  2.75462493E-02  3.86978674E-04
5.42732762E-01  2.77144182E-02  3.89302761E-04
5.43031377E-01  2.67811157E-02  3.83921666E-04
5.43329992E-01  2.78135501E-02  3.86038766E-04
5.43628607E-01  2.81997025E-02  3.91549256E-04
5.43927222E-01  2.72117276E-02  3.85101594E-04
5.44225837E-01  2.68099234E-02  3.82530794E-04
5.44524452E-01  2.72229072E-02  3.82662867E-04
5.44823067E-01  2.73873452E-02  3.86158819E-04
5.45121682E-01  2.78367773E-02  3.88840970E-04
5.45420297E-01  2.78261863E-02  3.88958753E-04
5.45718912E-01  2.73370240E-02  3.84494953E-04
5.46017527E-01  2.72346642E-02  3.84618208E-04
5.46316142E-01  2.75616031E-02  3.86356522E-04
5.46614757E-01  2.71032173E-02  3.85579042E-04
5.46913372E-01  2.70912386E-02  3.81566730E-04
5.47211987E-01  2.80044265E-02  3.90118541E-04
5.47510602E-01  2.73045655E-02  3.85874853E-04
5.47809217E-01  2.70569008E-02  3.82718892E-04
5.48107832E-01  2.75278073E-02  3.88023618E-04
5.48406447E-01  2.76473388E-02  3.87064298E-04
5.48705062E-01  2.72979476E-02  3.83679784E-04
5.49003677E-01  2.67871451E-02  3.83339066E-04
5.49302292E-01  2.75185313E-02  3.84208164E-04
5.49600907E-01  2.73659620E-02  3.86511005E-04
5.49899522E-01  2.74532288E-02  3.85900436E-04
5.50198137E-01  2.73912735E-02  3.86598695E-04
5.50496752E-01  2.71723252E-02  3.83737846E-04
5.50795367E-01  2.82759573E-02  3.90505709E-04
5.51093982E-01  2.73616258E-02  3.85451509E-04
5.51392597E-01  2.70509217E-02  3.84291023E-04
5.51691212E-01  2.81029642E-02  3.90356610E-04
5.51989827E-01  2.71116756E-02  3.83225444E-04
5.52288442E-01  2.72178128E-02  3.82213853E-04
5.52587057E-01  2.73623019E-02  3.84622312E-04
5.52885672E-01  2.74432916E-02  3.85380205E-04
5.53184287E-01  2.74118446E-02  3.83579434E-04
5.53482902E-01  2.72709373E-02  3.83148785E-04
5.53781517E-01  2.63739452E-02  3.77619319E-04
5.54080132E-01  2.83550192E-02  3.91261943E-04
5.54378747E-01  2.73854453E-02  3.81384772E-04
5.54677362E-01  2.68934201E-02  3.79761186E-04
5.54975977E-01  2.71734614E-02  3.83028877E-04
5.55274592E-01  2.74595320E-02  3.83833598E-04
5.55573207E-01  2.74731405E-02  3.79744451E-04
5.55871822E-01  2.78276447E-02  3.85012536E-04
5.56170437E-01  2.69683935E-02  3.80025042E-04
5.56469052E-01  2.78764628E-02  3.86837462E-04
5.56767667E-01  2.78550386E-02  3.84655927E-04
5.57066282E-01  2.70456560E-02  3.79571808E-04
5.57364897E-01  2.71253549E-02  3.77433345E-04
5.57663512E-01  2.74890121E-02  3.82308412E-04
5.57962127E-01  2.72486191E-02  3.79368896E-04
5.58260742E-01  2.77672168E-02  3.80981015E-04
5.58559357E-01  2.81506665E-02  3.87814973E-04
5.58857972E-01  2.73722354E-02  3.81867954E-04
5.59156587E-01  2.71982513E-02  3.77063116E-04
5.59455202E-01  2.79341303E-02  3.84394400E-04
5.59753817E-01  2.78968066E-02  3.82327446E-04
5.60052432E-01  2.74122190E-02  3.80248792E-04
5.60351047E-01  2.75460109E-02  3.80098674E-04
5.60649662E-01  2.83837188E-02  3.84301355E-04
5.60948277E-01  2.69079935E-02  3.74880969E-04
5.61246892E-01  2.70987339E-02  3.76916985E-04
5.61545507E-01  2.70488057E-02  3.76040727E-04
5.61844122E-01  2.77273916E-02  3.78515513E-04
5.62142737E-01  2.70711612E-02  3.77264048E-04
5.62441352E-01  2.73776483E-02  3.76736803E-04
5.62739967E-01  2.76919119E-02  3.78454570E-04
5.63038582E-01  2.75950246E-02  3.78939585E-04
5.63337197E-01  2.70488821E-02  3.73951654E-04
5.63635812E-01  2.77325194E-02  3.81583988E-04
5.63934427E-01  2.75207795E-02  3.76679032E-04
5.64233042E-01  2.75943764E-02  3.76314158E-04
5.64531657E-01  2.74290089E-02  3.77015473E-04
5.64830272E-01  2.77300570E-02  3.78728379E-04
5.65128887E-01  2.73127109E-02  3.76306678E-04
5.65427502E-01  2.73579527E-02  3.74275143E-04
5.65726117E-01  2.72388570E-02  3.74755997E-04
5.66024732E-01  2.80122161E-02  3.79689242E-04
5.66323347E-01  2.64814645E-02  3.69512796E-04
5.66621962E-01  2.78834775E-02  3.75878240E-04
5.66920577E-01  2.64935605E-02  3.69429938E-04
5.67219192E-01  2.75670048E-02  3.77453165E-04
5.67517807E-01  2.78825052E-02  3.79432837E-04
5.67816422E-01  2.76853833E-02  3.73445451E-04
5.68115037E-01  2.71166358E-02  3.72124749E-04
5.68413652E-01  2.72969436E-02  3.73790477E-04
5.68712267E-01  2.77067013E-02  3.76587443E-04
5.69010882E-01  2.78451834E-02  3.76492564E-04
5.69309497E-01  2.72566956E-02  3.72750394E-04
5.69608112E-01  2.75695883E-02  3.75487609E-04
5.69906727E-01  2.71899272E-02  3.71872069E-04
5.70205342E-01  2.78614424E-02  3.74900555E-04
5.70503957E-01  2.80131828E-02  3.78937315E-04
5.70802572E-01  2.75867637E-02  3.75095842E-04
5.71101187E-01  2.73422394E-02  3.74375639E-04
5.71399802E-01  2.78043002E-02  3.75630887E-04
5.71698417E-01  2.67276987E-02  3.68877285E-04
5.71997032E-01  2.73496117E-02  3.74863303E-04
5.72295647E-01  2.79584937E-02  3.78578727E-04
5.72594262E-01  2.74240337E-02  3.73401330E-04
5.72892877E-01  2.72372253E-02  3.69524321E-04
5.73191492E-01  2.70483252E-02  3.72028997E-04
5.73490107E-01  2.72196848E-02  3.74067633E-04
5.73788722E-01  2.72545516E-02  3.72338283E-04
5.74087337E-01  2.79983077E-02  3.78424622E-04
5.74385952E-01  2.73850188E-02  3.75207659E-04
5.74684567E-01  2.77839284E-02  3.77323537E-04
5.74983182E-01  2.76022498E-02  3.74201161E-04
5.75281797E-01  2.71195173E-02  3.69907153E-04
5.75580412E-01  2.76871137E-02  3.77018354E-04
5.75879027E-01  2.74282955E-02  3.74049268E-04
5.76177642E-01  2.70101391E-02  3.71785223E-04
5.76476257E-01  2.79334243E-02  3.76448937E-04
5.76774872E-01  2.75758039E-02  3.75921081E-04
5.77073487E-01  2.66424958E-02  3.69251968E-04
5.77372102E-01  2.83464435E-02  3.81668622E-04
5.77670717E-01  2.72676684E-02  3.71858740E-04
5.77969332E-01  2.77617667E-02  3.76502110E-04
5.78267947E-01  2.73922924E-02  3.74850206E-04
5.78566562E-01  2.71495916E-02  3.72331677E-04
5.78865177E-01  2.67737620E-02  3.68148118E-04
5.79163792E-01  2.74939984E-02  3.75119736E-04
5.79462407E-01  2.75613554E-02  3.75236297E-04
5.79761022E-01  2.76236907E-02  3.77135002E-04
5.80059637E-01  2.74896529E-02  3.72537761E-04
5.80358252E-01  2.72164792E-02  3.73143703E-04
5.80656867E-01  2.72497851E-02  3.74233990E-04
5.80955482E-01  2.71369945E-02  3.73460585E-04


### HEADER:
#
#{
#    "analysis": {},
#    "calibration_params": {
#        "Beam_Center_X": 1061.0,
#        "Beam_Center_Y": 2093.0,
#        "Detector Tilt": 0.0,
#        "Detector Tilt Plane Rotation": 0.0,
#        "Detector_X_Pixel_Size": 75.0,
#        "Detector_Y_Pixel_Size": 75.0,
#        "Integration Method": "nosplit_csr",
#        "Radial_Average_Method": "pyFAI",
#        "Sample-to-detector distance (mm)": 1782.0,
#        "Wavelength (A)": 0.8823505857220345
#    },
#    "config_file": "/Users/jwinnikoff/Documents/MBARI/SAXS/HPSAXS_7A_Feb2023/HPSAXS_02_19_23.cfg",
#    "counters": {
#        "Epoch": "397.197",
#        "I1": "0",
#        "I2": "0",
#        "I3": "0",
#        "Seconds": "1",
#        "Time": "2.09808e-05",
#        "date": "Sun Feb 19 15:49:10 2023",
#        "diode": "70361"
#    },
#    "filename": "JWL0317_35C_000MPa_dn_9_data_000001_00001.h5",
#    "history": {},
#    "imageHeader": {},
#    "load_path": "/Users/jwinnikoff/Documents/MBARI/SAXS/HPSAXS_7A_Feb2023/JWL0317_SOPE_DOPE_TS-/JWL0317_35C_000MPa_dn_9_data_000001.h5",
#    "normalizations": {
#        "Absolute_scale": {
#            "Absolute_scale_factor": 0.005174693841759343,
#            "Method": "Water"
#        },
#        "Counter_norms": [
#            [
#                "/",
#                "diode/150000"
#            ]
#        ],
#        "Polarization": {
#            "Used": false
#        },
#        "Solid_Angle_Correction": "On"
#    },
#    "raw_version": "2.1.4"
#}

