### DATA:
#
# 1908
#      Q             I(Q)           Error     
1.14966775E-02  0.00000000E+00  0.00000000E+00
1.17952925E-02  5.98100126E-01  2.90121175E-02
1.20939075E-02  5.74879885E-01  2.01125015E-02
1.23925225E-02  5.33364773E-01  1.58177279E-02
1.26911375E-02  5.35600007E-01  1.48892719E-02
1.29897525E-02  4.92553473E-01  1.38761215E-02
1.32883675E-02  4.60438341E-01  1.28897997E-02
1.35869825E-02  4.29061711E-01  1.18500022E-02
1.38855975E-02  4.06105578E-01  1.07997637E-02
1.41842125E-02  3.71586293E-01  1.05480887E-02
1.44828275E-02  3.50944757E-01  1.01435902E-02
1.47814425E-02  3.44098091E-01  9.74426325E-03
1.50800575E-02  3.46195310E-01  9.41179134E-03
1.53786725E-02  3.29126239E-01  8.64327885E-03
1.56772875E-02  2.85612434E-01  8.11739732E-03
1.59759025E-02  2.82062978E-01  7.53038609E-03
1.62745175E-02  2.68950582E-01  7.25042215E-03
1.65731325E-02  2.59144247E-01  7.21797068E-03
1.68717475E-02  2.50431657E-01  6.51626848E-03
1.71703625E-02  2.41117537E-01  6.72631571E-03
1.74689775E-02  2.28046775E-01  6.03898801E-03
1.77675925E-02  2.21147418E-01  5.84808737E-03
1.80662075E-02  2.03891277E-01  5.84458048E-03
1.83648225E-02  1.99864030E-01  5.20049175E-03
1.86634375E-02  2.00429589E-01  5.44895139E-03
1.89620525E-02  1.91498503E-01  5.01862448E-03
1.92606675E-02  1.87820956E-01  5.04137855E-03
1.95592825E-02  1.75637126E-01  4.92268568E-03
1.98578975E-02  1.69940948E-01  4.48300922E-03
2.01565125E-02  1.71919480E-01  4.66869213E-03
2.04551275E-02  1.61616802E-01  4.24866285E-03
2.07537425E-02  1.51285455E-01  4.01611347E-03
2.10523575E-02  1.48813218E-01  3.76170129E-03
2.13509725E-02  1.50112808E-01  3.54608172E-03
2.16495875E-02  1.51722804E-01  3.55448481E-03
2.19482025E-02  1.37516201E-01  3.13428510E-03
2.22468175E-02  1.34319842E-01  3.24062374E-03
2.25454325E-02  1.32576466E-01  2.95271259E-03
2.28440475E-02  1.32452741E-01  3.02280625E-03
2.31426625E-02  1.26915023E-01  2.85581104E-03
2.34412775E-02  1.20838769E-01  2.67870002E-03
2.37398925E-02  1.19877398E-01  2.76918849E-03
2.40385075E-02  1.15693532E-01  2.55711447E-03
2.43371225E-02  1.09024391E-01  2.48231879E-03
2.46357375E-02  1.13539219E-01  2.60203076E-03
2.49343525E-02  1.03203058E-01  2.35896558E-03
2.52329675E-02  1.08250439E-01  2.53534061E-03
2.55315825E-02  1.02421314E-01  2.31051631E-03
2.58301975E-02  1.01674654E-01  2.31497642E-03
2.61288125E-02  9.55286771E-02  2.31895782E-03
2.64274275E-02  9.92035493E-02  2.21328437E-03
2.67260425E-02  9.50076729E-02  2.28091422E-03
2.70246575E-02  9.20280963E-02  2.10243557E-03
2.73232725E-02  8.89426023E-02  2.13346211E-03
2.76218875E-02  8.64948556E-02  2.13518739E-03
2.79205025E-02  8.96678492E-02  2.09323852E-03
2.82191175E-02  8.57980996E-02  2.04049959E-03
2.85177325E-02  8.43924358E-02  1.98970153E-03
2.88163475E-02  8.17944184E-02  2.02038535E-03
2.91149625E-02  8.28861967E-02  1.97516102E-03
2.94135775E-02  8.47614110E-02  1.97440176E-03
2.97121925E-02  7.85951465E-02  1.91695476E-03
3.00108075E-02  7.83207566E-02  1.85015390E-03
3.03094225E-02  7.65681192E-02  1.91121909E-03
3.06080375E-02  7.68445507E-02  1.85288663E-03
3.09066525E-02  7.37978667E-02  1.79038779E-03
3.12052675E-02  7.55804926E-02  1.86746637E-03
3.15038825E-02  7.32825845E-02  1.75985228E-03
3.18024975E-02  7.28500560E-02  1.78160646E-03
3.21011125E-02  7.08968714E-02  1.70060003E-03
3.23997275E-02  7.21837729E-02  1.67058059E-03
3.26983425E-02  6.80866167E-02  1.63601700E-03
3.29969575E-02  6.94542080E-02  1.56126160E-03
3.32955725E-02  6.87523410E-02  1.55335327E-03
3.35941875E-02  6.72074556E-02  1.46449625E-03
3.38928025E-02  6.67808205E-02  1.50306639E-03
3.41914175E-02  6.61957934E-02  1.45178789E-03
3.44900325E-02  6.58433139E-02  1.43818930E-03
3.47886474E-02  6.51197582E-02  1.40538963E-03
3.50872624E-02  6.36222735E-02  1.36295194E-03
3.53858774E-02  6.26623854E-02  1.39525626E-03
3.56844924E-02  6.28995523E-02  1.34408113E-03
3.59831074E-02  6.10125996E-02  1.30138465E-03
3.62817224E-02  6.25291690E-02  1.34979491E-03
3.65803374E-02  6.11674525E-02  1.29413267E-03
3.68789524E-02  5.97170778E-02  1.32183440E-03
3.71775674E-02  5.75504005E-02  1.26767915E-03
3.74761824E-02  6.16904721E-02  1.27747923E-03
3.77747974E-02  6.16616011E-02  1.28322502E-03
3.80734124E-02  6.10541068E-02  1.25677895E-03
3.83720274E-02  6.08747788E-02  1.29608845E-03
3.86706424E-02  5.87982163E-02  1.21343101E-03
3.89692574E-02  5.84183745E-02  1.24548399E-03
3.92678724E-02  5.84240109E-02  1.25505251E-03
3.95664874E-02  5.84978350E-02  1.21032877E-03
3.98651024E-02  5.64447083E-02  1.18995889E-03
4.01637174E-02  5.83567321E-02  1.18996284E-03
4.04623324E-02  5.72307706E-02  1.22016412E-03
4.07609474E-02  5.74327894E-02  1.17948966E-03
4.10595624E-02  5.65717854E-02  1.19449745E-03
4.13581774E-02  5.63673079E-02  1.17051485E-03
4.16567924E-02  5.51974811E-02  1.13502052E-03
4.19554074E-02  5.51833995E-02  1.16726558E-03
4.22540224E-02  5.69021851E-02  1.17605657E-03
4.25526374E-02  5.67203127E-02  1.15828123E-03
4.28512524E-02  5.43657243E-02  1.13781646E-03
4.31498674E-02  5.69925085E-02  1.15142262E-03
4.34484824E-02  5.53547926E-02  1.17010588E-03
4.37470974E-02  5.35071865E-02  1.10119476E-03
4.40457124E-02  5.59286252E-02  1.13131502E-03
4.43443274E-02  5.52487969E-02  1.14605320E-03
4.46429424E-02  5.44532277E-02  1.11268146E-03
4.49415574E-02  5.61737865E-02  1.16649619E-03
4.52401724E-02  5.44140264E-02  1.09731569E-03
4.55387874E-02  5.76886609E-02  1.14804727E-03
4.58374024E-02  5.58152534E-02  1.12925272E-03
4.61360174E-02  5.46080098E-02  1.10100373E-03
4.64346324E-02  5.42417429E-02  1.11868372E-03
4.67332474E-02  5.39567620E-02  1.08086609E-03
4.70318624E-02  5.42289242E-02  1.11581199E-03
4.73304774E-02  5.36848046E-02  1.10391539E-03
4.76290924E-02  5.51206842E-02  1.09499285E-03
4.79277074E-02  5.67680746E-02  1.10442890E-03
4.82263224E-02  5.32644503E-02  1.06252998E-03
4.85249374E-02  5.59802093E-02  1.12275232E-03
4.88235524E-02  5.71737885E-02  1.10668165E-03
4.91221674E-02  5.52373715E-02  1.08121673E-03
4.94207824E-02  5.37229590E-02  1.07769715E-03
4.97193974E-02  5.66501133E-02  1.08681584E-03
5.00180124E-02  5.48640862E-02  1.09926215E-03
5.03166274E-02  5.42792529E-02  1.06225908E-03
5.06152424E-02  5.45391776E-02  1.06795947E-03
5.09138574E-02  5.76239936E-02  1.11103372E-03
5.12124724E-02  5.62755987E-02  1.06905948E-03
5.15110874E-02  5.56227639E-02  1.08173734E-03
5.18097024E-02  5.57649173E-02  1.06728333E-03
5.21083174E-02  5.65404743E-02  1.07312354E-03
5.24069324E-02  5.77239171E-02  1.08508195E-03
5.27055474E-02  5.69606088E-02  1.07092271E-03
5.30041624E-02  5.83038144E-02  1.10420724E-03
5.33027774E-02  5.55775948E-02  1.05333165E-03
5.36013924E-02  5.94665259E-02  1.09579659E-03
5.39000074E-02  5.73504716E-02  1.05806196E-03
5.41986224E-02  5.93630858E-02  1.09799928E-03
5.44972374E-02  5.96220195E-02  1.08637358E-03
5.47958524E-02  6.04934059E-02  1.08666893E-03
5.50944674E-02  6.12698644E-02  1.11069786E-03
5.53930824E-02  6.08596839E-02  1.08247390E-03
5.56916974E-02  6.14388287E-02  1.08170975E-03
5.59903124E-02  6.22122884E-02  1.11128821E-03
5.62889274E-02  6.16150051E-02  1.08179776E-03
5.65875424E-02  6.28910884E-02  1.11263746E-03
5.68861574E-02  6.37803972E-02  1.10064400E-03
5.71847724E-02  6.53862134E-02  1.10696966E-03
5.74833874E-02  6.65224269E-02  1.12863409E-03
5.77820024E-02  6.64275885E-02  1.11426832E-03
5.80806174E-02  6.77607358E-02  1.15330121E-03
5.83792324E-02  6.70856908E-02  1.10662694E-03
5.86778474E-02  6.83367550E-02  1.13469874E-03
5.89764624E-02  6.87928796E-02  1.15087186E-03
5.92750774E-02  7.19847977E-02  1.12959894E-03
5.95736924E-02  7.10124150E-02  1.15670124E-03
5.98723074E-02  7.42202103E-02  1.15799578E-03
6.01709224E-02  7.68054575E-02  1.17648218E-03
6.04695374E-02  7.70281032E-02  1.19671773E-03
6.07681524E-02  7.91845620E-02  1.20073126E-03
6.10667674E-02  7.78417587E-02  1.19671610E-03
6.13653824E-02  8.14772025E-02  1.19651342E-03
6.16639974E-02  7.98694566E-02  1.19972264E-03
6.19626124E-02  8.37061405E-02  1.22977642E-03
6.22612274E-02  8.46557692E-02  1.21358584E-03
6.25598424E-02  8.69169384E-02  1.25637150E-03
6.28584574E-02  9.00348276E-02  1.25778373E-03
6.31570724E-02  9.44979712E-02  1.29999314E-03
6.34556874E-02  9.41691548E-02  1.26290671E-03
6.37543024E-02  1.00992493E-01  1.32552523E-03
6.40529174E-02  1.00847058E-01  1.34295726E-03
6.43515324E-02  1.09155655E-01  1.37045456E-03
6.46501474E-02  1.09347634E-01  1.40108692E-03
6.49487624E-02  1.13979608E-01  1.37785624E-03
6.52473774E-02  1.17627554E-01  1.41147419E-03
6.55459924E-02  1.23884834E-01  1.46447844E-03
6.58446074E-02  1.28264293E-01  1.47391285E-03
6.61432224E-02  1.33337513E-01  1.51932461E-03
6.64418374E-02  1.39364451E-01  1.51465205E-03
6.67404524E-02  1.46610469E-01  1.57391105E-03
6.70390674E-02  1.54907629E-01  1.62566057E-03
6.73376824E-02  1.62571728E-01  1.62174879E-03
6.76362974E-02  1.74432322E-01  1.72090612E-03
6.79349124E-02  1.88670605E-01  1.75010378E-03
6.82335274E-02  1.97343856E-01  1.80239615E-03
6.85321424E-02  2.12993652E-01  1.89479324E-03
6.88307574E-02  2.28307486E-01  1.92296866E-03
6.91293724E-02  2.50375837E-01  2.04458274E-03
6.94279874E-02  2.66214252E-01  2.05762661E-03
6.97266024E-02  2.95704812E-01  2.20632227E-03
7.00252174E-02  3.20014268E-01  2.27665831E-03
7.03238324E-02  3.64434272E-01  2.41019740E-03
7.06224474E-02  4.04002339E-01  2.57587712E-03
7.09210624E-02  4.56532121E-01  2.70374119E-03
7.12196774E-02  5.14255464E-01  2.86307861E-03
7.15182924E-02  5.96960604E-01  3.01714661E-03
7.18169074E-02  6.82888448E-01  3.31432861E-03
7.21155224E-02  7.94896901E-01  3.56362853E-03
7.24141374E-02  9.29744363E-01  3.83237679E-03
7.27127524E-02  1.09065485E+00  4.13227640E-03
7.30113674E-02  1.28114283E+00  4.44415538E-03
7.33099824E-02  1.48088062E+00  4.80443425E-03
7.36085974E-02  1.72830808E+00  5.20763732E-03
7.39072124E-02  1.97286570E+00  5.46135753E-03
7.42058274E-02  2.22400427E+00  5.92064532E-03
7.45044424E-02  2.48564935E+00  6.15001656E-03
7.48030574E-02  2.74326420E+00  6.50318246E-03
7.51016724E-02  2.96165991E+00  6.74970588E-03
7.54002874E-02  3.15165019E+00  6.85142959E-03
7.56989024E-02  3.31673837E+00  7.15070078E-03
7.59975174E-02  3.41271305E+00  7.13711511E-03
7.62961324E-02  3.48109293E+00  7.23131001E-03
7.65947474E-02  3.49347258E+00  7.22107897E-03
7.68933624E-02  3.46688819E+00  7.20119663E-03
7.71919774E-02  3.40796566E+00  7.21684936E-03
7.74905924E-02  3.31465816E+00  6.96043484E-03
7.77892074E-02  3.20495939E+00  6.88733906E-03
7.80878224E-02  3.06040764E+00  6.67432183E-03
7.83864374E-02  2.89935279E+00  6.48628036E-03
7.86850524E-02  2.74936223E+00  6.41969731E-03
7.89836674E-02  2.56619596E+00  6.12439821E-03
7.92822824E-02  2.40054178E+00  5.87482937E-03
7.95808974E-02  2.21379590E+00  5.59053663E-03
7.98795124E-02  2.04915833E+00  5.48417168E-03
8.01781274E-02  1.87572169E+00  5.29128592E-03
8.04767424E-02  1.71929049E+00  4.93665971E-03
8.07753574E-02  1.56483662E+00  4.75785881E-03
8.10739724E-02  1.40263927E+00  4.45446186E-03
8.13725874E-02  1.25760186E+00  4.20102477E-03
8.16712024E-02  1.12674892E+00  4.04146081E-03
8.19698174E-02  1.00670719E+00  3.72176128E-03
8.22684324E-02  8.90872955E-01  3.57526680E-03
8.25670474E-02  7.87554264E-01  3.32118128E-03
8.28656624E-02  7.01841354E-01  3.15731810E-03
8.31642774E-02  6.21585250E-01  2.93021346E-03
8.34628924E-02  5.44568241E-01  2.74537713E-03
8.37615074E-02  4.88931060E-01  2.64059566E-03
8.40601224E-02  4.37650174E-01  2.44676834E-03
8.43587374E-02  3.91573280E-01  2.32343725E-03
8.46573524E-02  3.48497242E-01  2.18126271E-03
8.49559674E-02  3.14292371E-01  2.08566408E-03
8.52545824E-02  2.88549244E-01  2.00236635E-03
8.55531974E-02  2.66299993E-01  1.89212931E-03
8.58518124E-02  2.50570983E-01  1.84422941E-03
8.61504274E-02  2.27674589E-01  1.73959672E-03
8.64490424E-02  2.13735446E-01  1.71323109E-03
8.67476574E-02  1.99882209E-01  1.65355753E-03
8.70462724E-02  1.95040479E-01  1.60631910E-03
8.73448874E-02  1.80450290E-01  1.55682117E-03
8.76435024E-02  1.72942281E-01  1.50904665E-03
8.79421174E-02  1.67539671E-01  1.50948891E-03
8.82407324E-02  1.59372002E-01  1.46657892E-03
8.85393474E-02  1.59862027E-01  1.44815398E-03
8.88379624E-02  1.51295543E-01  1.41944259E-03
8.91365774E-02  1.47430286E-01  1.38299656E-03
8.94351924E-02  1.45489350E-01  1.38410716E-03
8.97338074E-02  1.44421428E-01  1.37134362E-03
9.00324224E-02  1.41682029E-01  1.35452265E-03
9.03310374E-02  1.40113980E-01  1.36212853E-03
9.06296524E-02  1.34481072E-01  1.31844182E-03
9.09282674E-02  1.38866663E-01  1.33853988E-03
9.12268824E-02  1.35634318E-01  1.32045255E-03
9.15254974E-02  1.34803936E-01  1.31162268E-03
9.18241124E-02  1.39935941E-01  1.35617470E-03
9.21227274E-02  1.38519183E-01  1.33686850E-03
9.24213424E-02  1.38146132E-01  1.31240790E-03
9.27199574E-02  1.42528966E-01  1.34503201E-03
9.30185724E-02  1.50841355E-01  1.38620113E-03
9.33171874E-02  1.53008953E-01  1.41023565E-03
9.36158024E-02  1.59291565E-01  1.38972269E-03
9.39144174E-02  1.69722706E-01  1.47173787E-03
9.42130324E-02  1.83778286E-01  1.52320473E-03
9.45116474E-02  2.02890798E-01  1.59332319E-03
9.48102624E-02  2.25327060E-01  1.68662507E-03
9.51088774E-02  2.56841213E-01  1.76620181E-03
9.54074924E-02  2.85660505E-01  1.88724464E-03
9.57061074E-02  3.20440263E-01  1.99354487E-03
9.60047224E-02  3.47097456E-01  2.07664166E-03
9.63033374E-02  3.70553613E-01  2.12513097E-03
9.66019524E-02  3.74407649E-01  2.14733975E-03
9.69005674E-02  3.67466837E-01  2.12178309E-03
9.71991824E-02  3.50019217E-01  2.06541456E-03
9.74977974E-02  3.22520703E-01  1.97579362E-03
9.77964124E-02  2.93847114E-01  1.87946949E-03
9.80950274E-02  2.61574268E-01  1.78550021E-03
9.83936424E-02  2.33159617E-01  1.68646581E-03
9.86922574E-02  2.08475113E-01  1.59331760E-03
9.89908724E-02  1.86826721E-01  1.49227574E-03
9.92894874E-02  1.68272182E-01  1.41205906E-03
9.95881024E-02  1.57123089E-01  1.37552363E-03
9.98867174E-02  1.44965634E-01  1.32578192E-03
1.00185332E-01  1.37051523E-01  1.26011402E-03
1.00483947E-01  1.31525710E-01  1.25421945E-03
1.00782562E-01  1.22982159E-01  1.19813078E-03
1.01081177E-01  1.17678702E-01  1.18385197E-03
1.01379792E-01  1.13409236E-01  1.15777971E-03
1.01678407E-01  1.10766783E-01  1.13192457E-03
1.01977022E-01  1.07641652E-01  1.12795737E-03
1.02275637E-01  1.03623152E-01  1.10670354E-03
1.02574252E-01  1.02162741E-01  1.09429378E-03
1.02872867E-01  9.95621383E-02  1.06877030E-03
1.03171482E-01  9.91368517E-02  1.06561813E-03
1.03470097E-01  9.76450518E-02  1.05929631E-03
1.03768712E-01  9.71841663E-02  1.06641371E-03
1.04067327E-01  9.53356922E-02  1.03742257E-03
1.04365942E-01  9.29756537E-02  1.03620172E-03
1.04664557E-01  9.23738778E-02  1.03199773E-03
1.04963172E-01  9.24068540E-02  1.02465763E-03
1.05261787E-01  9.15094540E-02  1.02214899E-03
1.05560402E-01  9.21692178E-02  1.01518049E-03
1.05859017E-01  9.19113830E-02  1.02689478E-03
1.06157632E-01  9.03547257E-02  1.01158838E-03
1.06456247E-01  9.12496075E-02  1.01658644E-03
1.06754862E-01  8.90551209E-02  9.92384623E-04
1.07053477E-01  8.87217224E-02  9.96810384E-04
1.07352092E-01  8.76915455E-02  9.91007313E-04
1.07650707E-01  8.76183286E-02  9.91383451E-04
1.07949322E-01  8.88608322E-02  9.96801653E-04
1.08247937E-01  8.96020159E-02  1.00015709E-03
1.08546552E-01  8.76851752E-02  9.93348658E-04
1.08845167E-01  8.84735957E-02  9.81466030E-04
1.09143782E-01  9.10991579E-02  1.00768229E-03
1.09442397E-01  8.76198113E-02  9.75966221E-04
1.09741012E-01  9.08664465E-02  9.96968476E-04
1.10039627E-01  8.88342783E-02  9.93507914E-04
1.10338242E-01  8.97126719E-02  9.92163783E-04
1.10636857E-01  8.99599120E-02  9.81367892E-04
1.10935472E-01  9.22499821E-02  9.93026653E-04
1.11234087E-01  9.17957798E-02  9.99731012E-04
1.11532702E-01  9.40132141E-02  1.01095322E-03
1.11831317E-01  9.30401757E-02  1.00031635E-03
1.12129932E-01  9.23067033E-02  9.98274889E-04
1.12428547E-01  9.35414806E-02  1.00454560E-03
1.12727162E-01  9.34551358E-02  9.99877579E-04
1.13025777E-01  9.35522914E-02  9.99259879E-04
1.13324392E-01  9.38336104E-02  9.99248237E-04
1.13623007E-01  9.53302458E-02  1.00947835E-03
1.13921622E-01  9.69314352E-02  1.01869553E-03
1.14220237E-01  9.71729383E-02  1.01002865E-03
1.14518852E-01  9.84554663E-02  1.00843480E-03
1.14817467E-01  1.00195535E-01  1.03179284E-03
1.15116082E-01  9.98855904E-02  1.02942018E-03
1.15414697E-01  1.00073576E-01  1.02576194E-03
1.15713312E-01  1.02128148E-01  1.02632283E-03
1.16011927E-01  1.03515863E-01  1.03707903E-03
1.16310542E-01  1.04991272E-01  1.05381908E-03
1.16609157E-01  1.05708070E-01  1.04569236E-03
1.16907772E-01  1.07366085E-01  1.05775543E-03
1.17206387E-01  1.06592208E-01  1.04967295E-03
1.17505002E-01  1.11945063E-01  1.06905634E-03
1.17803617E-01  1.11992694E-01  1.08110928E-03
1.18102232E-01  1.15312181E-01  1.08659430E-03
1.18400847E-01  1.16100691E-01  1.09189353E-03
1.18699462E-01  1.18703209E-01  1.10165682E-03
1.18998077E-01  1.19403727E-01  1.09461823E-03
1.19296692E-01  1.21801004E-01  1.12662860E-03
1.19595307E-01  1.23513944E-01  1.11409544E-03
1.19893922E-01  1.29431561E-01  1.13803847E-03
1.20192537E-01  1.31481588E-01  1.16028718E-03
1.20491152E-01  1.37316838E-01  1.16887619E-03
1.20789767E-01  1.39816552E-01  1.19045633E-03
1.21088382E-01  1.42588958E-01  1.20047503E-03
1.21386997E-01  1.48411795E-01  1.21518446E-03
1.21685612E-01  1.51281387E-01  1.23830698E-03
1.21984227E-01  1.55950591E-01  1.24920474E-03
1.22282842E-01  1.62319243E-01  1.26549567E-03
1.22581457E-01  1.71537861E-01  1.29191473E-03
1.22880072E-01  1.76639706E-01  1.33424182E-03
1.23178687E-01  1.82208449E-01  1.34267483E-03
1.23477302E-01  1.95228726E-01  1.39374449E-03
1.23775917E-01  2.01414138E-01  1.39894546E-03
1.24074532E-01  2.12021708E-01  1.44938449E-03
1.24373147E-01  2.22423717E-01  1.48242956E-03
1.24671762E-01  2.35294297E-01  1.51623017E-03
1.24970377E-01  2.50795782E-01  1.56105368E-03
1.25268992E-01  2.69999295E-01  1.61748729E-03
1.25567607E-01  2.84343481E-01  1.65195973E-03
1.25866222E-01  3.05716008E-01  1.74042536E-03
1.26164837E-01  3.24293941E-01  1.77268032E-03
1.26463452E-01  3.53284299E-01  1.84137153E-03
1.26762067E-01  3.78406763E-01  1.91356288E-03
1.27060682E-01  4.09530848E-01  1.98525563E-03
1.27359297E-01  4.39929217E-01  2.08854093E-03
1.27657912E-01  4.72704381E-01  2.11418862E-03
1.27956527E-01  5.10303378E-01  2.20631622E-03
1.28255142E-01  5.43410003E-01  2.29313457E-03
1.28553757E-01  5.88117540E-01  2.34408397E-03
1.28852372E-01  6.23928130E-01  2.42406875E-03
1.29150987E-01  6.55357242E-01  2.48437515E-03
1.29449602E-01  7.01123774E-01  2.58527254E-03
1.29748217E-01  7.30126798E-01  2.63642101E-03
1.30046832E-01  7.61215389E-01  2.67038890E-03
1.30345447E-01  7.94571936E-01  2.72104098E-03
1.30644062E-01  8.19158196E-01  2.75917212E-03
1.30942677E-01  8.37832212E-01  2.81093200E-03
1.31241292E-01  8.63286436E-01  2.84380745E-03
1.31539907E-01  8.77776384E-01  2.85243522E-03
1.31838522E-01  8.87403250E-01  2.88134650E-03
1.32137137E-01  8.88135850E-01  2.90874881E-03
1.32435752E-01  8.92204881E-01  2.95362459E-03
1.32734367E-01  8.95293474E-01  2.95463507E-03
1.33032982E-01  8.89406085E-01  2.97598401E-03
1.33331597E-01  8.85454953E-01  2.96936999E-03
1.33630212E-01  8.73472035E-01  2.96180719E-03
1.33928827E-01  8.70662868E-01  3.00235720E-03
1.34227442E-01  8.47337663E-01  2.89049000E-03
1.34526057E-01  8.35537553E-01  2.92828796E-03
1.34824672E-01  8.14198136E-01  2.91195768E-03
1.35123287E-01  7.92943537E-01  2.85684690E-03
1.35421902E-01  7.69242823E-01  2.83884350E-03
1.35720517E-01  7.42410660E-01  2.76029157E-03
1.36019132E-01  7.26277649E-01  2.77918694E-03
1.36317747E-01  6.96761429E-01  2.69579026E-03
1.36616362E-01  6.78349674E-01  2.65209097E-03
1.36914977E-01  6.48867548E-01  2.62295594E-03
1.37213592E-01  6.26847565E-01  2.58196006E-03
1.37512207E-01  6.03552580E-01  2.55878177E-03
1.37810822E-01  5.80534995E-01  2.48475629E-03
1.38109437E-01  5.58245301E-01  2.43659108E-03
1.38408052E-01  5.36765933E-01  2.39833281E-03
1.38706667E-01  5.08290291E-01  2.33919919E-03
1.39005282E-01  4.88069326E-01  2.31713569E-03
1.39303897E-01  4.63170797E-01  2.21276190E-03
1.39602512E-01  4.38389242E-01  2.19433382E-03
1.39901127E-01  4.23361808E-01  2.15304270E-03
1.40199742E-01  4.01635975E-01  2.08735745E-03
1.40498357E-01  3.82815540E-01  2.05939845E-03
1.40796972E-01  3.65354359E-01  1.98550429E-03
1.41095587E-01  3.51451933E-01  1.97557174E-03
1.41394202E-01  3.28693211E-01  1.89859723E-03
1.41692817E-01  3.15606475E-01  1.87212089E-03
1.41991432E-01  2.99549282E-01  1.82387722E-03
1.42290047E-01  2.87791014E-01  1.77516928E-03
1.42588662E-01  2.79062718E-01  1.77162141E-03
1.42887277E-01  2.65955806E-01  1.71992939E-03
1.43185892E-01  2.56516218E-01  1.68382132E-03
1.43484507E-01  2.48952121E-01  1.67198735E-03
1.43783122E-01  2.40280002E-01  1.62902637E-03
1.44081737E-01  2.36362994E-01  1.62078859E-03
1.44380352E-01  2.31077641E-01  1.58944866E-03
1.44678967E-01  2.26150334E-01  1.55500497E-03
1.44977582E-01  2.21735761E-01  1.57046271E-03
1.45276197E-01  2.21397623E-01  1.54623261E-03
1.45574812E-01  2.22444609E-01  1.56802847E-03
1.45873427E-01  2.24411368E-01  1.53854454E-03
1.46172042E-01  2.25650951E-01  1.55388715E-03
1.46470657E-01  2.26547450E-01  1.57564157E-03
1.46769272E-01  2.33431384E-01  1.58045313E-03
1.47067887E-01  2.37751782E-01  1.59139023E-03
1.47366502E-01  2.43453890E-01  1.60250289E-03
1.47665117E-01  2.51475781E-01  1.63113803E-03
1.47963732E-01  2.62524903E-01  1.68569433E-03
1.48262347E-01  2.67887235E-01  1.68479211E-03
1.48560962E-01  2.81386465E-01  1.72932656E-03
1.48859577E-01  2.91140735E-01  1.73562684E-03
1.49158192E-01  3.01731110E-01  1.80373597E-03
1.49456807E-01  3.10229450E-01  1.80763553E-03
1.49755422E-01  3.18788469E-01  1.82762602E-03
1.50054037E-01  3.29495221E-01  1.86992995E-03
1.50352652E-01  3.40282589E-01  1.87640940E-03
1.50651267E-01  3.48662913E-01  1.92646147E-03
1.50949882E-01  3.59085083E-01  1.92473223E-03
1.51248497E-01  3.63809556E-01  1.94664719E-03
1.51547112E-01  3.73777986E-01  2.00758711E-03
1.51845727E-01  3.73607904E-01  1.94904930E-03
1.52144342E-01  3.80858123E-01  2.01650592E-03
1.52442957E-01  3.82832646E-01  1.96167151E-03
1.52741572E-01  3.89180630E-01  2.00672564E-03
1.53040187E-01  3.88725579E-01  2.03415332E-03
1.53338802E-01  3.90523493E-01  1.99775212E-03
1.53637417E-01  3.88714373E-01  2.01742491E-03
1.53936032E-01  3.88907731E-01  1.98857603E-03
1.54234647E-01  3.81317943E-01  1.97335798E-03
1.54533262E-01  3.76160115E-01  1.99051597E-03
1.54831877E-01  3.74850154E-01  1.95939979E-03
1.55130492E-01  3.72400999E-01  1.95583794E-03
1.55429107E-01  3.62742603E-01  1.91983732E-03
1.55727722E-01  3.58965904E-01  1.92869804E-03
1.56026337E-01  3.57155740E-01  1.91260572E-03
1.56324952E-01  3.44984174E-01  1.87361403E-03
1.56623567E-01  3.39014530E-01  1.87849230E-03
1.56922182E-01  3.35518450E-01  1.84175745E-03
1.57220797E-01  3.26748490E-01  1.84215989E-03
1.57519412E-01  3.18290889E-01  1.79579062E-03
1.57818027E-01  3.10792834E-01  1.77323981E-03
1.58116642E-01  2.98597097E-01  1.76167313E-03
1.58415257E-01  2.91075885E-01  1.71607512E-03
1.58713872E-01  2.86688477E-01  1.71922683E-03
1.59012487E-01  2.74666697E-01  1.65868667E-03
1.59311102E-01  2.67926395E-01  1.66324107E-03
1.59609717E-01  2.59295911E-01  1.63924298E-03
1.59908332E-01  2.49705821E-01  1.57150289E-03
1.60206947E-01  2.41327509E-01  1.56033260E-03
1.60505562E-01  2.34750465E-01  1.53892557E-03
1.60804177E-01  2.26687461E-01  1.51064561E-03
1.61102792E-01  2.16977566E-01  1.47846877E-03
1.61401407E-01  2.10656300E-01  1.45107764E-03
1.61700022E-01  2.03531995E-01  1.42431096E-03
1.61998637E-01  1.99836046E-01  1.41432765E-03
1.62297252E-01  1.87555760E-01  1.37655833E-03
1.62595867E-01  1.82767823E-01  1.35790254E-03
1.62894482E-01  1.78445861E-01  1.32663420E-03
1.63193097E-01  1.67677522E-01  1.30485382E-03
1.63491712E-01  1.63969800E-01  1.26902643E-03
1.63790327E-01  1.57255113E-01  1.26228936E-03
1.64088942E-01  1.50821328E-01  1.21539237E-03
1.64387557E-01  1.44601166E-01  1.19927689E-03
1.64686172E-01  1.41422302E-01  1.20008958E-03
1.64984787E-01  1.35057285E-01  1.15173054E-03
1.65283402E-01  1.31910667E-01  1.14544807E-03
1.65582017E-01  1.28548637E-01  1.12129585E-03
1.65880632E-01  1.21876948E-01  1.09638995E-03
1.66179247E-01  1.18048221E-01  1.08782877E-03
1.66477862E-01  1.15804225E-01  1.06242404E-03
1.66776477E-01  1.10959843E-01  1.04908098E-03
1.67075092E-01  1.09956816E-01  1.04654348E-03
1.67373707E-01  1.05520330E-01  1.02196774E-03
1.67672322E-01  1.04631245E-01  1.01694034E-03
1.67970937E-01  1.01648010E-01  9.92976478E-04
1.68269552E-01  9.88588780E-02  9.87109262E-04
1.68568167E-01  9.74048376E-02  9.70031018E-04
1.68866782E-01  9.31524113E-02  9.62587481E-04
1.69165397E-01  9.10027325E-02  9.44111322E-04
1.69464012E-01  9.00907889E-02  9.33545700E-04
1.69762627E-01  8.77928734E-02  9.27636807E-04
1.70061242E-01  8.77996460E-02  9.24462918E-04
1.70359857E-01  8.62032324E-02  9.26648674E-04
1.70658472E-01  8.47791210E-02  9.02518572E-04
1.70957087E-01  8.45877975E-02  9.04902350E-04
1.71255702E-01  8.07611942E-02  8.95029167E-04
1.71554317E-01  7.97147155E-02  8.69241601E-04
1.71852932E-01  7.97577426E-02  8.80508509E-04
1.72151547E-01  7.98581392E-02  8.78039282E-04
1.72450162E-01  7.74593055E-02  8.66834365E-04
1.72748777E-01  7.56025687E-02  8.58455256E-04
1.73047392E-01  7.61556178E-02  8.57740990E-04
1.73346007E-01  7.53515735E-02  8.54669022E-04
1.73644622E-01  7.40182027E-02  8.43023125E-04
1.73943237E-01  7.28967264E-02  8.36898922E-04
1.74241852E-01  7.46299773E-02  8.52038036E-04
1.74540467E-01  7.14143440E-02  8.23032111E-04
1.74839082E-01  7.00489804E-02  8.25191382E-04
1.75137697E-01  7.13533685E-02  8.24908202E-04
1.75436312E-01  7.11241215E-02  8.28932214E-04
1.75734927E-01  7.12395757E-02  8.19549838E-04
1.76033542E-01  7.11403713E-02  8.21458292E-04
1.76332157E-01  7.12698400E-02  8.34665087E-04
1.76630772E-01  6.85424879E-02  8.04159208E-04
1.76929387E-01  6.87953457E-02  8.18065251E-04
1.77228002E-01  6.78092018E-02  7.96653447E-04
1.77526617E-01  6.77420422E-02  8.02144525E-04
1.77825232E-01  6.80682734E-02  8.06799682E-04
1.78123847E-01  6.74899817E-02  8.00113950E-04
1.78422462E-01  6.73004836E-02  7.98991125E-04
1.78721077E-01  6.63205013E-02  7.95299013E-04
1.79019692E-01  6.67855516E-02  7.98354100E-04
1.79318307E-01  6.62198439E-02  7.95236323E-04
1.79616922E-01  6.69841841E-02  7.87885627E-04
1.79915537E-01  6.64914772E-02  7.95521017E-04
1.80214152E-01  6.51099160E-02  7.80389353E-04
1.80512767E-01  6.64334968E-02  7.96253444E-04
1.80811382E-01  6.63033947E-02  7.93327577E-04
1.81109997E-01  6.54949993E-02  7.81142910E-04
1.81408612E-01  6.67354763E-02  7.96447741E-04
1.81707227E-01  6.56875297E-02  7.85677577E-04
1.82005842E-01  6.53118491E-02  7.83428841E-04
1.82304457E-01  6.40221462E-02  7.71295163E-04
1.82603072E-01  6.37888238E-02  7.73212058E-04
1.82901687E-01  6.55008703E-02  7.89052574E-04
1.83200302E-01  6.29568100E-02  7.66626734E-04
1.83498917E-01  6.42292798E-02  7.71276013E-04
1.83797532E-01  6.57452941E-02  7.79047026E-04
1.84096147E-01  6.47080615E-02  7.80068280E-04
1.84394762E-01  6.36511967E-02  7.74967368E-04
1.84693377E-01  6.51784092E-02  7.78752903E-04
1.84991992E-01  6.36178330E-02  7.73472653E-04
1.85290607E-01  6.59632310E-02  7.77546200E-04
1.85589222E-01  6.61960542E-02  7.84553587E-04
1.85887837E-01  6.46314099E-02  7.72934873E-04
1.86186452E-01  6.58237264E-02  7.78502144E-04
1.86485067E-01  6.52076006E-02  7.78934977E-04
1.86783682E-01  6.44987375E-02  7.72398431E-04
1.87082297E-01  6.48583248E-02  7.77876819E-04
1.87380912E-01  6.51064068E-02  7.74253742E-04
1.87679527E-01  6.56664968E-02  7.71054416E-04
1.87978142E-01  6.58349693E-02  7.81647686E-04
1.88276757E-01  6.56346083E-02  7.78665359E-04
1.88575372E-01  6.71860650E-02  7.90150894E-04
1.88873987E-01  6.63087741E-02  7.80103263E-04
1.89172602E-01  6.75705820E-02  7.83167139E-04
1.89471217E-01  6.80712685E-02  7.91954808E-04
1.89769832E-01  6.79571554E-02  7.93370302E-04
1.90068447E-01  6.91254064E-02  7.88833480E-04
1.90367062E-01  6.97153360E-02  7.99637171E-04
1.90665677E-01  7.00201616E-02  7.99564878E-04
1.90964292E-01  7.14954063E-02  8.06379016E-04
1.91262907E-01  7.22108185E-02  8.13827035E-04
1.91561522E-01  7.35447407E-02  8.11078469E-04
1.91860137E-01  7.36851692E-02  8.22899980E-04
1.92158752E-01  7.45523199E-02  8.23443232E-04
1.92457367E-01  7.44811445E-02  8.24116229E-04
1.92755982E-01  7.65907913E-02  8.32213671E-04
1.93054597E-01  7.62730017E-02  8.31020356E-04
1.93353212E-01  7.88398162E-02  8.40578577E-04
1.93651827E-01  8.01186711E-02  8.56406754E-04
1.93950442E-01  8.09367672E-02  8.56054423E-04
1.94249057E-01  8.43084306E-02  8.67592928E-04
1.94547672E-01  8.66171196E-02  8.86157912E-04
1.94846287E-01  8.59681815E-02  8.81134241E-04
1.95144902E-01  8.82761106E-02  8.97790247E-04
1.95443517E-01  8.86894315E-02  8.80967709E-04
1.95742132E-01  9.18384194E-02  9.08979506E-04
1.96040747E-01  9.28783491E-02  9.15869197E-04
1.96339362E-01  9.41863731E-02  9.24373628E-04
1.96637977E-01  9.67106298E-02  9.27469286E-04
1.96936592E-01  9.77215394E-02  9.34076437E-04
1.97235207E-01  1.00287013E-01  9.49575217E-04
1.97533822E-01  1.03558317E-01  9.61266283E-04
1.97832437E-01  1.02656238E-01  9.60117148E-04
1.98131052E-01  1.06211200E-01  9.71353613E-04
1.98429667E-01  1.04988798E-01  9.66664054E-04
1.98728282E-01  1.06803104E-01  9.78076714E-04
1.99026897E-01  1.08018652E-01  9.77434218E-04
1.99325512E-01  1.11691952E-01  9.97050898E-04
1.99624127E-01  1.11666314E-01  9.96623421E-04
1.99922742E-01  1.10837698E-01  9.91045497E-04
2.00221357E-01  1.12752557E-01  1.00527774E-03
2.00519972E-01  1.12761021E-01  9.95238661E-04
2.00818587E-01  1.14602558E-01  1.00239739E-03
2.01117202E-01  1.13915890E-01  1.00917276E-03
2.01415817E-01  1.14304282E-01  1.00078422E-03
2.01714432E-01  1.13585502E-01  1.00232044E-03
2.02013047E-01  1.13429740E-01  9.97572555E-04
2.02311662E-01  1.11737728E-01  9.94137721E-04
2.02610277E-01  1.12177648E-01  9.98605276E-04
2.02908892E-01  1.11267820E-01  9.83746955E-04
2.03207507E-01  1.09678246E-01  9.80639015E-04
2.03506122E-01  1.07948661E-01  9.71367990E-04
2.03804737E-01  1.07896365E-01  9.72039299E-04
2.04103352E-01  1.07478857E-01  9.73187503E-04
2.04401967E-01  1.04011498E-01  9.56167409E-04
2.04700582E-01  1.02796443E-01  9.42373066E-04
2.04999197E-01  1.02654874E-01  9.44334723E-04
2.05297812E-01  1.01741701E-01  9.49241628E-04
2.05596427E-01  9.91911739E-02  9.29703936E-04
2.05895042E-01  9.88878012E-02  9.30587645E-04
2.06193657E-01  9.83057022E-02  9.21850093E-04
2.06492272E-01  9.58578214E-02  9.09187132E-04
2.06790887E-01  9.38645378E-02  9.09763912E-04
2.07089502E-01  9.32531580E-02  8.91854230E-04
2.07388117E-01  9.00673792E-02  8.87848262E-04
2.07686732E-01  8.94938707E-02  8.81467073E-04
2.07985347E-01  8.64512622E-02  8.63433990E-04
2.08283962E-01  8.45024362E-02  8.55745573E-04
2.08582577E-01  8.40846375E-02  8.47654941E-04
2.08881192E-01  8.21921304E-02  8.41900939E-04
2.09179807E-01  7.88545534E-02  8.28443095E-04
2.09478422E-01  7.71359801E-02  8.09673162E-04
2.09777037E-01  7.67641887E-02  8.16132408E-04
2.10075652E-01  7.59225935E-02  8.04010371E-04
2.10374267E-01  7.47695863E-02  8.07954057E-04
2.10672882E-01  7.37280995E-02  7.99834728E-04
2.10971497E-01  7.17588067E-02  7.76281347E-04
2.11270112E-01  7.11762831E-02  7.85149285E-04
2.11568727E-01  7.04746470E-02  7.73233769E-04
2.11867342E-01  6.87721372E-02  7.71067571E-04
2.12165957E-01  6.52343631E-02  7.44381920E-04
2.12464572E-01  6.46166056E-02  7.40181422E-04
2.12763187E-01  6.40463904E-02  7.40482588E-04
2.13061802E-01  6.32293671E-02  7.35076144E-04
2.13360417E-01  6.16184995E-02  7.28308340E-04
2.13659032E-01  6.05227165E-02  7.14210037E-04
2.13957647E-01  5.90037443E-02  7.06036983E-04
2.14256262E-01  5.96246459E-02  7.12956476E-04
2.14554877E-01  5.65114617E-02  6.89934182E-04
2.14853492E-01  5.84214702E-02  7.02548656E-04
2.15152107E-01  5.58629967E-02  6.86171988E-04
2.15450722E-01  5.61281629E-02  6.94689574E-04
2.15749337E-01  5.59875630E-02  6.89002685E-04
2.16047952E-01  5.50805591E-02  6.81149890E-04
2.16346567E-01  5.30804880E-02  6.69069937E-04
2.16645182E-01  5.26923947E-02  6.62862964E-04
2.16943797E-01  5.17427251E-02  6.60390011E-04
2.17242412E-01  5.28598763E-02  6.71917398E-04
2.17541027E-01  5.25390171E-02  6.59370155E-04
2.17839642E-01  5.06085716E-02  6.58254139E-04
2.18138257E-01  5.22395186E-02  6.56335440E-04
2.18436872E-01  5.10589220E-02  6.55626121E-04
2.18735487E-01  5.05874828E-02  6.49304944E-04
2.19034102E-01  5.22913300E-02  6.60541118E-04
2.19332717E-01  5.08343093E-02  6.55558310E-04
2.19631332E-01  5.13584949E-02  6.56181190E-04
2.19929947E-01  5.17798588E-02  6.56335789E-04
2.20228562E-01  5.06524853E-02  6.47055276E-04
2.20527177E-01  5.12766801E-02  6.54495147E-04
2.20825792E-01  5.09298109E-02  6.53053634E-04
2.21124407E-01  5.24772070E-02  6.60940888E-04
2.21423022E-01  5.04754707E-02  6.47068198E-04
2.21721637E-01  5.39695136E-02  6.67716609E-04
2.22020252E-01  5.31207398E-02  6.62252482E-04
2.22318867E-01  5.31035699E-02  6.66455308E-04
2.22617482E-01  5.43234348E-02  6.66206819E-04
2.22916097E-01  5.41247651E-02  6.74036681E-04
2.23214712E-01  5.47136106E-02  6.70739682E-04
2.23513327E-01  5.45912199E-02  6.74531388E-04
2.23811942E-01  5.51304966E-02  6.74079813E-04
2.24110557E-01  5.65632842E-02  6.80006342E-04
2.24409172E-01  5.58691658E-02  6.80976897E-04
2.24707787E-01  5.74341752E-02  6.83837105E-04
2.25006402E-01  5.73177524E-02  6.91177556E-04
2.25305017E-01  5.79921864E-02  6.82828308E-04
2.25603632E-01  5.87818846E-02  6.97072828E-04
2.25902247E-01  6.03620745E-02  7.07211613E-04
2.26200862E-01  5.98348267E-02  7.00217730E-04
2.26499477E-01  6.04621135E-02  7.01437413E-04
2.26798092E-01  6.00633621E-02  7.02988473E-04
2.27096707E-01  6.07502088E-02  7.05968356E-04
2.27395322E-01  5.99902049E-02  7.04209320E-04
2.27693937E-01  6.14658408E-02  7.03997095E-04
2.27992552E-01  6.12576902E-02  7.05230399E-04
2.28291167E-01  6.07981831E-02  7.02177407E-04
2.28589782E-01  6.11345582E-02  7.09859887E-04
2.28888397E-01  6.13390282E-02  7.08565582E-04
2.29187012E-01  6.03153259E-02  6.96786679E-04
2.29485627E-01  6.16669133E-02  7.07181927E-04
2.29784242E-01  6.19127378E-02  7.11875793E-04
2.30082857E-01  5.99095747E-02  6.95636088E-04
2.30381472E-01  6.18587174E-02  7.05449609E-04
2.30680087E-01  6.03750534E-02  6.98736694E-04
2.30978702E-01  5.79412021E-02  6.84509403E-04
2.31277317E-01  5.92013560E-02  6.92709698E-04
2.31575932E-01  5.96779175E-02  6.95293769E-04
2.31874547E-01  5.86705506E-02  6.84114522E-04
2.32173162E-01  5.86044304E-02  6.87043299E-04
2.32471777E-01  5.91554195E-02  6.91651599E-04
2.32770392E-01  5.82451895E-02  6.83960738E-04
2.33069007E-01  5.73608316E-02  6.78363431E-04
2.33367622E-01  5.68043925E-02  6.72582886E-04
2.33666237E-01  5.62043339E-02  6.74765150E-04
2.33964852E-01  5.66300787E-02  6.72122755E-04
2.34263467E-01  5.61835915E-02  6.69469242E-04
2.34562082E-01  5.50201759E-02  6.64196559E-04
2.34860697E-01  5.36506139E-02  6.54762844E-04
2.35159312E-01  5.44295125E-02  6.60249032E-04
2.35457927E-01  5.44506125E-02  6.56842429E-04
2.35756542E-01  5.30586876E-02  6.45857654E-04
2.36055157E-01  5.17070480E-02  6.42981264E-04
2.36353772E-01  5.18748499E-02  6.43477833E-04
2.36652387E-01  5.11482358E-02  6.42421830E-04
2.36951002E-01  4.98270951E-02  6.22595544E-04
2.37249617E-01  4.94014211E-02  6.29739137E-04
2.37548232E-01  4.92180809E-02  6.25726592E-04
2.37846847E-01  4.77098823E-02  6.13990705E-04
2.38145462E-01  4.79139686E-02  6.14787103E-04
2.38444077E-01  4.75905538E-02  6.08636532E-04
2.38742692E-01  4.71899509E-02  6.16191188E-04
2.39041307E-01  4.59090918E-02  6.02296903E-04
2.39339922E-01  4.59108837E-02  6.01131702E-04
2.39638537E-01  4.54519875E-02  5.98622777E-04
2.39937152E-01  4.54894789E-02  5.97203209E-04
2.40235767E-01  4.41195183E-02  5.92274999E-04
2.40534382E-01  4.35154513E-02  5.84429188E-04
2.40832997E-01  4.26584445E-02  5.77362371E-04
2.41131612E-01  4.21807878E-02  5.77169529E-04
2.41430227E-01  4.18177433E-02  5.69912314E-04
2.41728842E-01  4.23868038E-02  5.79554588E-04
2.42027457E-01  3.95372510E-02  5.52334124E-04
2.42326072E-01  4.02859449E-02  5.59688953E-04
2.42624687E-01  3.99387255E-02  5.62573085E-04
2.42923302E-01  3.92223187E-02  5.54244150E-04
2.43221917E-01  3.94100808E-02  5.50396508E-04
2.43520532E-01  3.85184586E-02  5.46374882E-04
2.43819147E-01  3.82173955E-02  5.44685929E-04
2.44117762E-01  3.64863798E-02  5.34717401E-04
2.44416377E-01  3.75205800E-02  5.43605303E-04
2.44714992E-01  3.68706957E-02  5.31795027E-04
2.45013607E-01  3.55110578E-02  5.27378987E-04
2.45312222E-01  3.57478596E-02  5.25931362E-04
2.45610837E-01  3.54124382E-02  5.25046606E-04
2.45909452E-01  3.52299623E-02  5.18424145E-04
2.46208067E-01  3.48653942E-02  5.19973750E-04
2.46506682E-01  3.36627625E-02  5.09807840E-04
2.46805297E-01  3.48808691E-02  5.23121504E-04
2.47103912E-01  3.34672891E-02  5.05977834E-04
2.47402527E-01  3.27024646E-02  5.00163995E-04
2.47701142E-01  3.35854553E-02  5.09925187E-04
2.47999757E-01  3.31206992E-02  5.05969219E-04
2.48298372E-01  3.19192484E-02  4.99592803E-04
2.48596987E-01  3.25480700E-02  4.94973967E-04
2.48895602E-01  3.13346982E-02  4.89067635E-04
2.49194217E-01  3.08367517E-02  4.85693425E-04
2.49492832E-01  3.15995030E-02  4.92601015E-04
2.49791447E-01  3.22028883E-02  4.98506299E-04
2.50090062E-01  3.13115530E-02  4.88230929E-04
2.50388677E-01  3.19737270E-02  4.96867578E-04
2.50687292E-01  3.05135045E-02  4.83671553E-04
2.50985907E-01  3.11848745E-02  4.86196543E-04
2.51284522E-01  3.07618994E-02  4.85902681E-04
2.51583137E-01  3.01878601E-02  4.77849884E-04
2.51881752E-01  3.03959567E-02  4.81566385E-04
2.52180367E-01  2.99840979E-02  4.78293747E-04
2.52478982E-01  3.00475229E-02  4.77125141E-04
2.52777597E-01  2.93321703E-02  4.72301559E-04
2.53076212E-01  2.93481294E-02  4.72558546E-04
2.53374827E-01  2.91331410E-02  4.72229294E-04
2.53673442E-01  2.86022630E-02  4.61928052E-04
2.53972057E-01  2.98369341E-02  4.75583365E-04
2.54270672E-01  2.84572691E-02  4.64333949E-04
2.54569287E-01  2.79856957E-02  4.62589291E-04
2.54867902E-01  2.85707731E-02  4.65011311E-04
2.55166517E-01  2.81552151E-02  4.58673254E-04
2.55465132E-01  2.84041967E-02  4.63282980E-04
2.55763747E-01  2.82305777E-02  4.62237687E-04
2.56062362E-01  2.87602022E-02  4.66429366E-04
2.56360977E-01  2.79616974E-02  4.56856331E-04
2.56659592E-01  2.87872739E-02  4.62330587E-04
2.56958207E-01  2.83517838E-02  4.62612748E-04
2.57256822E-01  2.86599249E-02  4.64375771E-04
2.57555437E-01  2.86854990E-02  4.62368713E-04
2.57854052E-01  2.87104100E-02  4.63674631E-04
2.58152667E-01  2.82314904E-02  4.61387564E-04
2.58451282E-01  2.88578309E-02  4.66603466E-04
2.58749897E-01  2.86681559E-02  4.60774230E-04
2.59048512E-01  2.77703609E-02  4.54458641E-04
2.59347127E-01  2.83207148E-02  4.58698982E-04
2.59645742E-01  2.78717764E-02  4.57344751E-04
2.59944357E-01  2.81343460E-02  4.60230367E-04
2.60242972E-01  2.79232934E-02  4.52737411E-04
2.60541587E-01  2.81350724E-02  4.58649505E-04
2.60840202E-01  2.82024927E-02  4.57987189E-04
2.61138817E-01  2.80679688E-02  4.58225841E-04
2.61437432E-01  2.85593737E-02  4.60635056E-04
2.61736047E-01  2.87257042E-02  4.59920440E-04
2.62034662E-01  2.83739865E-02  4.59260686E-04
2.62333277E-01  2.81437375E-02  4.57153626E-04
2.62631892E-01  2.84748841E-02  4.57195652E-04
2.62930507E-01  2.81813629E-02  4.55071131E-04
2.63229122E-01  2.80707814E-02  4.55009140E-04
2.63527737E-01  2.91149113E-02  4.66331287E-04
2.63826352E-01  2.86589377E-02  4.58675117E-04
2.64124967E-01  2.80644540E-02  4.53894027E-04
2.64423582E-01  2.83437613E-02  4.56504757E-04
2.64722197E-01  2.83355154E-02  4.54664987E-04
2.65020812E-01  2.73485258E-02  4.51133674E-04
2.65319427E-01  2.81899683E-02  4.51980595E-04
2.65618042E-01  2.85153482E-02  4.59327886E-04
2.65916657E-01  2.80725863E-02  4.53966146E-04
2.66215272E-01  2.82341465E-02  4.54680325E-04
2.66513887E-01  2.75596362E-02  4.49567684E-04
2.66812502E-01  2.88787447E-02  4.57356859E-04
2.67111117E-01  2.75518820E-02  4.49740503E-04
2.67409732E-01  2.83441544E-02  4.54979338E-04
2.67708347E-01  2.81835459E-02  4.54396039E-04
2.68006962E-01  2.80449837E-02  4.52573964E-04
2.68305577E-01  2.76471898E-02  4.47848899E-04
2.68604192E-01  2.74256691E-02  4.47203871E-04
2.68902807E-01  2.84315329E-02  4.54744499E-04
2.69201422E-01  2.82710530E-02  4.51370142E-04
2.69500037E-01  2.84679029E-02  4.54802939E-04
2.69798652E-01  2.85403542E-02  4.55147965E-04
2.70097267E-01  2.77727637E-02  4.51903383E-04
2.70395882E-01  2.86060181E-02  4.51623957E-04
2.70694497E-01  2.87724566E-02  4.56763199E-04
2.70993112E-01  2.75811516E-02  4.48015227E-04
2.71291727E-01  2.81054117E-02  4.51904547E-04
2.71590342E-01  2.84336898E-02  4.55712579E-04
2.71888957E-01  2.89620720E-02  4.54087101E-04
2.72187572E-01  2.82363556E-02  4.50988649E-04
2.72486187E-01  2.76879892E-02  4.47045895E-04
2.72784802E-01  2.79324055E-02  4.49937797E-04
2.73083417E-01  2.81440374E-02  4.47068800E-04
2.73382032E-01  2.81721633E-02  4.49905987E-04
2.73680647E-01  2.79544238E-02  4.50234045E-04
2.73979262E-01  2.77774800E-02  4.46631748E-04
2.74277877E-01  2.73608174E-02  4.41475830E-04
2.74576492E-01  2.82229260E-02  4.49059065E-04
2.74875107E-01  2.77127456E-02  4.46341612E-04
2.75173722E-01  2.77474131E-02  4.47306258E-04
2.75472337E-01  2.77294926E-02  4.42216726E-04
2.75770952E-01  2.84032840E-02  4.51871601E-04
2.76069567E-01  2.74903439E-02  4.40197793E-04
2.76368182E-01  2.71885321E-02  4.43691184E-04
2.76666797E-01  2.78063957E-02  4.47443890E-04
2.76965412E-01  2.81323120E-02  4.44977806E-04
2.77264027E-01  2.90820487E-02  4.55968169E-04
2.77562642E-01  2.80625001E-02  4.43984638E-04
2.77861257E-01  2.72515528E-02  4.43187921E-04
2.78159872E-01  2.81261206E-02  4.44158155E-04
2.78458487E-01  2.77934913E-02  4.43180994E-04
2.78757102E-01  2.74432749E-02  4.43615485E-04
2.79055717E-01  2.80265063E-02  4.45595535E-04
2.79354332E-01  2.81117093E-02  4.46161430E-04
2.79652947E-01  2.81401370E-02  4.46500140E-04
2.79951562E-01  2.85107978E-02  4.45753365E-04
2.80250177E-01  2.75106300E-02  4.43489145E-04
2.80548792E-01  2.79290061E-02  4.44045378E-04
2.80847407E-01  2.83096470E-02  4.45393380E-04
2.81146022E-01  2.75756493E-02  4.41450597E-04
2.81444637E-01  2.75796857E-02  4.42594086E-04
2.81743252E-01  2.77964603E-02  4.42441582E-04
2.82041867E-01  2.80805957E-02  4.40863165E-04
2.82340482E-01  2.81981751E-02  4.45407117E-04
2.82639097E-01  2.76349001E-02  4.41157230E-04
2.82937712E-01  2.77774092E-02  4.41523531E-04
2.83236327E-01  2.81004906E-02  4.43864148E-04
2.83534942E-01  2.80045476E-02  4.40920820E-04
2.83833557E-01  2.78829355E-02  4.42474819E-04
2.84132172E-01  2.76323184E-02  4.39717522E-04
2.84430787E-01  2.80293897E-02  4.45191457E-04
2.84729402E-01  2.77649984E-02  4.37637675E-04
2.85028017E-01  2.74453294E-02  4.37796378E-04
2.85326632E-01  2.76830625E-02  4.42546821E-04
2.85625247E-01  2.73779407E-02  4.33099864E-04
2.85923862E-01  2.67928001E-02  4.32029570E-04
2.86222477E-01  2.78664548E-02  4.40167380E-04
2.86521092E-01  2.88124643E-02  4.47687897E-04
2.86819707E-01  2.76148189E-02  4.41343087E-04
2.87118322E-01  2.71941386E-02  4.31544264E-04
2.87416937E-01  2.80764233E-02  4.40526259E-04
2.87715552E-01  2.77530588E-02  4.37340845E-04
2.88014167E-01  2.86761150E-02  4.47627361E-04
2.88312782E-01  2.70104501E-02  4.33682522E-04
2.88611397E-01  2.82288417E-02  4.38196585E-04
2.88910012E-01  2.69246176E-02  4.33423207E-04
2.89208627E-01  2.73592528E-02  4.34657326E-04
2.89507242E-01  2.76709385E-02  4.36806702E-04
2.89805857E-01  2.73533221E-02  4.32710396E-04
2.90104472E-01  2.78815180E-02  4.36234870E-04
2.90403087E-01  2.74629313E-02  4.37631970E-04
2.90701702E-01  2.74061467E-02  4.33763198E-04
2.91000317E-01  2.86679659E-02  4.42883873E-04
2.91298932E-01  2.74881050E-02  4.34625108E-04
2.91597547E-01  2.73896195E-02  4.34482296E-04
2.91896162E-01  2.85127629E-02  4.42977645E-04
2.92194777E-01  2.81350277E-02  4.38327523E-04
2.92493392E-01  2.80050132E-02  4.37738665E-04
2.92792007E-01  2.78125964E-02  4.36763250E-04
2.93090622E-01  2.83476040E-02  4.40731004E-04
2.93389237E-01  2.71838736E-02  4.31381370E-04
2.93687852E-01  2.70025898E-02  4.26948420E-04
2.93986467E-01  2.78959498E-02  4.37103183E-04
2.94285082E-01  2.75806878E-02  4.32428817E-04
2.94583697E-01  2.72270702E-02  4.32885223E-04
2.94882312E-01  2.80484669E-02  4.36502451E-04
2.95180927E-01  2.75947917E-02  4.30172076E-04
2.95479542E-01  2.75561493E-02  4.33807203E-04
2.95778157E-01  2.70531215E-02  4.28175787E-04
2.96076772E-01  2.75537930E-02  4.32432542E-04
2.96375387E-01  2.75961552E-02  4.32246510E-04
2.96674002E-01  2.76307166E-02  4.32310830E-04
2.96972617E-01  2.71640159E-02  4.31446708E-04
2.97271232E-01  2.75266785E-02  4.34529444E-04
2.97569847E-01  2.78625861E-02  4.37386538E-04
2.97868462E-01  2.67003532E-02  4.29423759E-04
2.98167077E-01  2.77177375E-02  4.39687225E-04
2.98465692E-01  2.75703575E-02  4.41252836E-04
2.98764307E-01  2.73873545E-02  4.35984985E-04
2.99062922E-01  2.68290248E-02  4.34197107E-04
2.99361537E-01  2.74142176E-02  4.40335774E-04
2.99660152E-01  2.77877040E-02  4.44106146E-04
2.99958767E-01  2.74392739E-02  4.41536366E-04
3.00257382E-01  2.77279932E-02  4.45088750E-04
3.00555997E-01  2.73646340E-02  4.41940269E-04
3.00854612E-01  2.74385288E-02  4.41867742E-04
3.01153227E-01  2.75292210E-02  4.45528975E-04
3.01451842E-01  2.72427443E-02  4.41181648E-04
3.01750457E-01  2.73297355E-02  4.47008497E-04
3.02049072E-01  2.72417422E-02  4.43086959E-04
3.02347687E-01  2.65125018E-02  4.45855956E-04
3.02646302E-01  2.71917135E-02  4.57278133E-04
3.02944917E-01  2.68619321E-02  4.54374182E-04
3.03243532E-01  2.79351398E-02  4.72190062E-04
3.03542147E-01  2.68371198E-02  4.63605626E-04
3.03840762E-01  2.79507879E-02  4.72860032E-04
3.04139377E-01  2.69915611E-02  4.70719388E-04
3.04437992E-01  2.75699161E-02  4.71504551E-04
3.04736607E-01  2.83898376E-02  4.86309902E-04
3.05035222E-01  2.67892685E-02  4.68547252E-04
3.05333837E-01  2.80324984E-02  4.82530682E-04
3.05632452E-01  2.68310718E-02  4.75874840E-04
3.05931067E-01  2.73883212E-02  4.78366681E-04
3.06229682E-01  2.75751650E-02  4.85195604E-04
3.06528297E-01  2.77383886E-02  4.81987838E-04
3.06826912E-01  2.66534220E-02  4.78323986E-04
3.07125527E-01  2.66890135E-02  4.79813403E-04
3.07424142E-01  2.67015100E-02  4.79341368E-04
3.07722757E-01  2.73853596E-02  4.89336497E-04
3.08021372E-01  2.69951243E-02  4.81825380E-04
3.08319987E-01  2.68104263E-02  4.76559188E-04
3.08618602E-01  2.78265141E-02  4.80768940E-04
3.08917217E-01  2.72179022E-02  4.68370068E-04
3.09215832E-01  2.64214575E-02  4.65472491E-04
3.09514447E-01  2.71926485E-02  4.64848592E-04
3.09813062E-01  2.75473315E-02  4.68928978E-04
3.10111677E-01  2.67071053E-02  4.59648232E-04
3.10410292E-01  2.68989485E-02  4.55587287E-04
3.10708907E-01  2.74081491E-02  4.64344863E-04
3.11007522E-01  2.71325875E-02  4.55575762E-04
3.11306137E-01  2.64771599E-02  4.55758214E-04
3.11604752E-01  2.71617509E-02  4.56194073E-04
3.11903367E-01  2.72483081E-02  4.56426351E-04
3.12201982E-01  2.81353835E-02  4.63672099E-04
3.12500597E-01  2.66890693E-02  4.47498402E-04
3.12799212E-01  2.75941845E-02  4.58821014E-04
3.13097827E-01  2.68056393E-02  4.49074345E-04
3.13396442E-01  2.69146152E-02  4.49389045E-04
3.13695057E-01  2.77654827E-02  4.58761293E-04
3.13993672E-01  2.67720465E-02  4.45953105E-04
3.14292287E-01  2.72424296E-02  4.51043481E-04
3.14590902E-01  2.77977064E-02  4.54298221E-04
3.14889517E-01  2.80205999E-02  4.56117239E-04
3.15188132E-01  2.71394625E-02  4.51509870E-04
3.15486747E-01  2.71830205E-02  4.45862999E-04
3.15785362E-01  2.71466523E-02  4.48597799E-04
3.16083977E-01  2.71630418E-02  4.45355632E-04
3.16382592E-01  2.68857293E-02  4.45504236E-04
3.16681207E-01  2.70221103E-02  4.44661593E-04
3.16979822E-01  2.74417903E-02  4.47407278E-04
3.17278437E-01  2.69886404E-02  4.45197133E-04
3.17577052E-01  2.73687076E-02  4.46929102E-04
3.17875667E-01  2.74871700E-02  4.54162800E-04
3.18174282E-01  2.77029146E-02  4.60120384E-04
3.18472897E-01  2.69014332E-02  4.59937582E-04
3.18771512E-01  2.74580661E-02  4.62871365E-04
3.19070127E-01  2.81990021E-02  4.72749176E-04
3.19368742E-01  2.70559005E-02  4.63459932E-04
3.19667357E-01  2.74834968E-02  4.67503793E-04
3.19965972E-01  2.80474480E-02  4.73345164E-04
3.20264587E-01  2.75702998E-02  4.71442181E-04
3.20563202E-01  2.81993113E-02  4.76383226E-04
3.20861817E-01  2.75206193E-02  4.71558829E-04
3.21160432E-01  2.72763092E-02  4.67991340E-04
3.21459047E-01  2.78964713E-02  4.77788592E-04
3.21757662E-01  2.75210869E-02  4.71566862E-04
3.22056277E-01  2.84905750E-02  4.79527895E-04
3.22354892E-01  2.80025322E-02  4.79534792E-04
3.22653507E-01  2.77512018E-02  4.75859211E-04
3.22952122E-01  2.76930407E-02  4.79537674E-04
3.23250737E-01  2.75854766E-02  4.69578285E-04
3.23549352E-01  2.73236874E-02  4.73141874E-04
3.23847967E-01  2.82498114E-02  4.83344338E-04
3.24146582E-01  2.79867817E-02  4.79687238E-04
3.24445197E-01  2.77808700E-02  4.78199305E-04
3.24743812E-01  2.87997462E-02  4.86041361E-04
3.25042427E-01  2.78569087E-02  4.83100070E-04
3.25341042E-01  2.86844503E-02  4.84648044E-04
3.25639657E-01  2.91450266E-02  4.91239305E-04
3.25938272E-01  2.84508262E-02  4.86641191E-04
3.26236887E-01  2.80952826E-02  4.79788287E-04
3.26535502E-01  2.81671863E-02  4.87674930E-04
3.26834117E-01  2.85238493E-02  4.85270750E-04
3.27132732E-01  2.90939528E-02  4.92552179E-04
3.27431347E-01  2.81432234E-02  4.85155906E-04
3.27729962E-01  2.84010880E-02  4.85081342E-04
3.28028577E-01  2.86205783E-02  4.94857726E-04
3.28327192E-01  2.83009596E-02  4.80436982E-04
3.28625807E-01  2.91124545E-02  4.95356275E-04
3.28924422E-01  2.93388814E-02  4.96983703E-04
3.29223037E-01  2.86286082E-02  4.88895981E-04
3.29521652E-01  2.89741382E-02  4.92860097E-04
3.29820267E-01  2.96267197E-02  4.96614724E-04
3.30118882E-01  2.90536750E-02  4.97243716E-04
3.30417497E-01  2.88935360E-02  4.93204512E-04
3.30716112E-01  2.93019507E-02  4.93744039E-04
3.31014727E-01  2.86045633E-02  4.88699239E-04
3.31313342E-01  2.89088897E-02  4.89559490E-04
3.31611957E-01  2.97620483E-02  5.02067327E-04
3.31910572E-01  2.85048727E-02  4.87851183E-04
3.32209187E-01  2.92392597E-02  4.91920102E-04
3.32507802E-01  2.82634180E-02  4.89121187E-04
3.32806417E-01  2.95404755E-02  4.93439031E-04
3.33105032E-01  2.80620772E-02  4.85346187E-04
3.33403647E-01  2.89179701E-02  4.89502680E-04
3.33702262E-01  2.83299424E-02  4.84786287E-04
3.34000877E-01  2.84874383E-02  4.85848053E-04
3.34299492E-01  2.89896168E-02  4.91702696E-04
3.34598107E-01  2.88490895E-02  4.90946113E-04
3.34896722E-01  2.91817617E-02  4.89018741E-04
3.35195337E-01  2.98193600E-02  4.95340908E-04
3.35493952E-01  2.78317500E-02  4.81362571E-04
3.35792567E-01  2.91822907E-02  4.91170213E-04
3.36091182E-01  2.85468046E-02  4.86506877E-04
3.36389797E-01  2.97963563E-02  4.94005508E-04
3.36688412E-01  2.93520596E-02  4.93468775E-04
3.36987027E-01  2.85437535E-02  4.83653508E-04
3.37285642E-01  2.87612285E-02  4.87478450E-04
3.37584257E-01  2.97904704E-02  4.96853027E-04
3.37882872E-01  2.81835701E-02  4.81015537E-04
3.38181487E-01  2.88533457E-02  4.88548831E-04
3.38480102E-01  2.92287804E-02  4.84395772E-04
3.38778717E-01  2.97097117E-02  4.95024375E-04
3.39077332E-01  2.88471282E-02  4.85804398E-04
3.39375947E-01  2.88142450E-02  4.85388300E-04
3.39674562E-01  3.02960221E-02  5.00914641E-04
3.39973177E-01  2.91668680E-02  4.86384757E-04
3.40271792E-01  2.86124889E-02  4.85096796E-04
3.40570407E-01  2.96686236E-02  4.93109226E-04
3.40869022E-01  2.84452755E-02  4.80059127E-04
3.41167637E-01  2.86505669E-02  4.83317301E-04
3.41466252E-01  2.85411328E-02  4.79496724E-04
3.41764867E-01  2.85651293E-02  4.85551602E-04
3.42063482E-01  2.87715569E-02  4.83504380E-04
3.42362097E-01  2.87177954E-02  4.80434945E-04
3.42660712E-01  2.86940206E-02  4.84671415E-04
3.42959327E-01  2.90057622E-02  4.82291944E-04
3.43257942E-01  2.87762359E-02  4.85368189E-04
3.43556557E-01  2.90023983E-02  4.83642070E-04
3.43855172E-01  2.89626587E-02  4.83450160E-04
3.44153787E-01  2.87766196E-02  4.81621304E-04
3.44452402E-01  2.91214064E-02  4.83947311E-04
3.44751017E-01  2.76393648E-02  4.72415995E-04
3.45049632E-01  2.83243395E-02  4.73653810E-04
3.45348247E-01  2.82533802E-02  4.77637514E-04
3.45646862E-01  2.85096783E-02  4.77756170E-04
3.45945477E-01  2.83658765E-02  4.76821617E-04
3.46244092E-01  2.79561616E-02  4.67824109E-04
3.46542707E-01  2.71795187E-02  4.61665564E-04
3.46841322E-01  2.82302573E-02  4.73939610E-04
3.47139937E-01  2.78432742E-02  4.69098450E-04
3.47438552E-01  2.83944439E-02  4.70181461E-04
3.47737167E-01  2.86897756E-02  4.76445537E-04
3.48035782E-01  2.82390900E-02  4.68509068E-04
3.48334397E-01  2.91943941E-02  4.80082643E-04
3.48633012E-01  2.77866591E-02  4.61829914E-04
3.48931627E-01  2.71561518E-02  4.60075564E-04
3.49230242E-01  2.80202627E-02  4.68634418E-04
3.49528857E-01  2.76322979E-02  4.63966280E-04
3.49827472E-01  2.88966578E-02  4.75250825E-04
3.50126087E-01  2.74506360E-02  4.58786759E-04
3.50424702E-01  2.72026062E-02  4.60730342E-04
3.50723317E-01  2.77995542E-02  4.63841570E-04
3.51021932E-01  2.84512751E-02  4.70928877E-04
3.51320547E-01  2.81716436E-02  4.66172671E-04
3.51619162E-01  2.80108638E-02  4.63829783E-04
3.51917777E-01  2.78075021E-02  4.64168057E-04
3.52216392E-01  2.83573698E-02  4.67838952E-04
3.52515007E-01  2.72323843E-02  4.56351729E-04
3.52813622E-01  2.70184278E-02  4.54556895E-04
3.53112237E-01  2.76948512E-02  4.65279008E-04
3.53410852E-01  2.83279251E-02  4.69788996E-04
3.53709467E-01  2.71555744E-02  4.51216270E-04
3.54008082E-01  2.75303256E-02  4.59221599E-04
3.54306697E-01  2.70082615E-02  4.55094880E-04
3.54605312E-01  2.71272063E-02  4.58467985E-04
3.54903927E-01  2.69646440E-02  4.58478957E-04
3.55202542E-01  2.72426456E-02  4.51108906E-04
3.55501157E-01  2.73424126E-02  4.58904833E-04
3.55799772E-01  2.70304121E-02  4.54180379E-04
3.56098387E-01  2.64494605E-02  4.50370804E-04
3.56397002E-01  2.69578733E-02  4.54310328E-04
3.56695617E-01  2.71359719E-02  4.50828345E-04
3.56994232E-01  2.66446173E-02  4.54882393E-04
3.57292847E-01  2.72148531E-02  4.52326174E-04
3.57591462E-01  2.63344999E-02  4.47699946E-04
3.57890077E-01  2.64328662E-02  4.47693252E-04
3.58188692E-01  2.61241198E-02  4.43291385E-04
3.58487307E-01  2.71247756E-02  4.57838789E-04
3.58785922E-01  2.69032121E-02  4.47951577E-04
3.59084537E-01  2.68612709E-02  4.52040869E-04
3.59383152E-01  2.73550842E-02  4.54468594E-04
3.59681767E-01  2.66807452E-02  4.49193729E-04
3.59980382E-01  2.65121516E-02  4.52028442E-04
3.60278997E-01  2.64439043E-02  4.42022865E-04
3.60577612E-01  2.73180716E-02  4.55998379E-04
3.60876227E-01  2.71131136E-02  4.52703331E-04
3.61174842E-01  2.63431389E-02  4.43509809E-04
3.61473457E-01  2.58728936E-02  4.39534895E-04
3.61772072E-01  2.69707032E-02  4.50074673E-04
3.62070687E-01  2.62174215E-02  4.46484453E-04
3.62369302E-01  2.62992419E-02  4.43967874E-04
3.62667917E-01  2.61581205E-02  4.42659133E-04
3.62966532E-01  2.61864364E-02  4.41497745E-04
3.63265147E-01  2.66736560E-02  4.47239960E-04
3.63563762E-01  2.64103841E-02  4.45146929E-04
3.63862377E-01  2.62156408E-02  4.41864540E-04
3.64160992E-01  2.67944168E-02  4.47070634E-04
3.64459607E-01  2.52472926E-02  4.34202404E-04
3.64758222E-01  2.57328395E-02  4.38359129E-04
3.65056837E-01  2.55227108E-02  4.37260984E-04
3.65355452E-01  2.59907395E-02  4.37328999E-04
3.65654067E-01  2.66634170E-02  4.46691702E-04
3.65952682E-01  2.55070273E-02  4.33695153E-04
3.66251297E-01  2.66402271E-02  4.47687489E-04
3.66549912E-01  2.49729846E-02  4.29357897E-04
3.66848527E-01  2.62782965E-02  4.38154209E-04
3.67147142E-01  2.64912173E-02  4.46319231E-04
3.67445757E-01  2.64398679E-02  4.41216340E-04
3.67744372E-01  2.57865898E-02  4.36872622E-04
3.68042987E-01  2.53769495E-02  4.32484871E-04
3.68341602E-01  2.62890197E-02  4.40419448E-04
3.68640217E-01  2.58012488E-02  4.38381074E-04
3.68938832E-01  2.61610057E-02  4.35835216E-04
3.69237447E-01  2.59587057E-02  4.37533890E-04
3.69536062E-01  2.49849744E-02  4.27359017E-04
3.69834677E-01  2.66768113E-02  4.44243458E-04
3.70133292E-01  2.53954362E-02  4.34697897E-04
3.70431907E-01  2.59838421E-02  4.34029615E-04
3.70730522E-01  2.60232240E-02  4.37627867E-04
3.71029137E-01  2.55903397E-02  4.31509019E-04
3.71327752E-01  2.55302247E-02  4.32902249E-04
3.71626367E-01  2.58144159E-02  4.34854883E-04
3.71924982E-01  2.46115755E-02  4.24274476E-04
3.72223597E-01  2.60011181E-02  4.38248768E-04
3.72522212E-01  2.58848201E-02  4.32435889E-04
3.72820827E-01  2.58993730E-02  4.34563030E-04
3.73119442E-01  2.61244792E-02  4.36561531E-04
3.73418057E-01  2.60081496E-02  4.33469162E-04
3.73716672E-01  2.58195829E-02  4.37180686E-04
3.74015287E-01  2.57578306E-02  4.29954554E-04
3.74313902E-01  2.46320739E-02  4.22498706E-04
3.74612517E-01  2.56041810E-02  4.31865221E-04
3.74911132E-01  2.66292077E-02  4.39746887E-04
3.75209747E-01  2.60197297E-02  4.35358525E-04
3.75508362E-01  2.61286423E-02  4.33375768E-04
3.75806977E-01  2.52881814E-02  4.27876366E-04
3.76105592E-01  2.61075422E-02  4.34643036E-04
3.76404207E-01  2.55984627E-02  4.30606509E-04
3.76702822E-01  2.50184592E-02  4.23859077E-04
3.77001437E-01  2.54308041E-02  4.27665247E-04
3.77300052E-01  2.47880351E-02  4.25048813E-04
3.77598667E-01  2.52613164E-02  4.28096420E-04
3.77897282E-01  2.61919517E-02  4.32703207E-04
3.78195897E-01  2.61556394E-02  4.31749970E-04
3.78494512E-01  2.55961157E-02  4.29716718E-04
3.78793127E-01  2.55914144E-02  4.28913074E-04
3.79091742E-01  2.61608660E-02  4.32780653E-04
3.79390357E-01  2.61785332E-02  4.32599627E-04
3.79688972E-01  2.58331075E-02  4.29955049E-04
3.79987587E-01  2.57563051E-02  4.28558094E-04
3.80286202E-01  2.63887774E-02  4.34887945E-04
3.80584817E-01  2.70984881E-02  4.40698670E-04
3.80883432E-01  2.59421356E-02  4.29456122E-04
3.81182047E-01  2.66792160E-02  4.36836213E-04
3.81480662E-01  2.58484632E-02  4.30091488E-04
3.81779277E-01  2.65491735E-02  4.32394678E-04
3.82077892E-01  2.62925085E-02  4.33772919E-04
3.82376507E-01  2.67219599E-02  4.36309580E-04
3.82675122E-01  2.60946825E-02  4.31922264E-04
3.82973737E-01  2.67080255E-02  4.35212743E-04
3.83272352E-01  2.64482759E-02  4.30295069E-04
3.83570967E-01  2.71791779E-02  4.39921569E-04
3.83869582E-01  2.72071436E-02  4.38824878E-04
3.84168197E-01  2.75796931E-02  4.42708231E-04
3.84466812E-01  2.73104440E-02  4.38782154E-04
3.84765427E-01  2.65957322E-02  4.32465225E-04
3.85064042E-01  2.74482090E-02  4.42770659E-04
3.85362657E-01  2.74026487E-02  4.39526717E-04
3.85661272E-01  2.74843071E-02  4.37140843E-04
3.85959887E-01  2.86249593E-02  4.50688996E-04
3.86258502E-01  2.73965206E-02  4.37630690E-04
3.86557117E-01  2.80768164E-02  4.48841427E-04
3.86855732E-01  2.84869205E-02  4.45707032E-04
3.87154347E-01  2.81176679E-02  4.42592165E-04
3.87452962E-01  2.82924082E-02  4.47958620E-04
3.87751577E-01  2.78414991E-02  4.39334981E-04
3.88050192E-01  2.87041720E-02  4.51209693E-04
3.88348807E-01  2.79269349E-02  4.38829447E-04
3.88647422E-01  2.80826800E-02  4.43638157E-04
3.88946037E-01  2.81673912E-02  4.43429773E-04
3.89244652E-01  2.74943523E-02  4.38969495E-04
3.89543267E-01  2.70874575E-02  4.35818743E-04
3.89841882E-01  2.74443850E-02  4.35241498E-04
3.90140497E-01  2.81250402E-02  4.44974110E-04
3.90439112E-01  2.73904167E-02  4.38036455E-04
3.90737727E-01  2.75328457E-02  4.34464455E-04
3.91036342E-01  2.68112887E-02  4.34137532E-04
3.91334957E-01  2.71116365E-02  4.31759952E-04
3.91633572E-01  2.72860955E-02  4.37207549E-04
3.91932187E-01  2.63840780E-02  4.25826671E-04
3.92230802E-01  2.67672129E-02  4.30165412E-04
3.92529417E-01  2.68663298E-02  4.33836045E-04
3.92828032E-01  2.68334597E-02  4.29129432E-04
3.93126647E-01  2.61126459E-02  4.25398001E-04
3.93425262E-01  2.67401449E-02  4.29010834E-04
3.93723877E-01  2.64958683E-02  4.29142674E-04
3.94022492E-01  2.70539094E-02  4.33320383E-04
3.94321107E-01  2.63333935E-02  4.25119390E-04
3.94619722E-01  2.65377816E-02  4.26974817E-04
3.94918337E-01  2.63552833E-02  4.25195845E-04
3.95216952E-01  2.63244715E-02  4.26087296E-04
3.95515567E-01  2.67147198E-02  4.29654814E-04
3.95814182E-01  2.62074303E-02  4.21659672E-04
3.96112797E-01  2.66859867E-02  4.28693980E-04
3.96411412E-01  2.55535841E-02  4.18686221E-04
3.96710027E-01  2.60766502E-02  4.23465099E-04
3.97008642E-01  2.69152988E-02  4.28144878E-04
3.97307257E-01  2.61328816E-02  4.22488432E-04
3.97605872E-01  2.66434904E-02  4.27735475E-04
3.97904487E-01  2.57662442E-02  4.21661505E-04
3.98203102E-01  2.65023764E-02  4.23023972E-04
3.98501717E-01  2.64397655E-02  4.23538033E-04
3.98800332E-01  2.63929106E-02  4.23876540E-04
3.99098947E-01  2.65258737E-02  4.25354199E-04
3.99397562E-01  2.65561808E-02  4.26939427E-04
3.99696177E-01  2.64887773E-02  4.24650148E-04
3.99994792E-01  2.66346224E-02  4.24594298E-04
4.00293407E-01  2.68356539E-02  4.27527528E-04
4.00592022E-01  2.62617525E-02  4.21715726E-04
4.00890637E-01  2.65404247E-02  4.23847348E-04
4.01189252E-01  2.65574511E-02  4.23579448E-04
4.01487867E-01  2.57999077E-02  4.19302873E-04
4.01786482E-01  2.58751921E-02  4.19309887E-04
4.02085097E-01  2.63504460E-02  4.19531396E-04
4.02383712E-01  2.71779951E-02  4.31505468E-04
4.02682327E-01  2.59400066E-02  4.15959570E-04
4.02980942E-01  2.68619079E-02  4.27133491E-04
4.03279557E-01  2.66782250E-02  4.23944817E-04
4.03578172E-01  2.62959581E-02  4.18610842E-04
4.03876787E-01  2.60642208E-02  4.20445343E-04
4.04175402E-01  2.59298235E-02  4.16278228E-04
4.04474017E-01  2.63288803E-02  4.21870034E-04
4.04772632E-01  2.64631193E-02  4.20739118E-04
4.05071247E-01  2.56275404E-02  4.14535374E-04
4.05369862E-01  2.67876200E-02  4.27685940E-04
4.05668477E-01  2.61050686E-02  4.14470589E-04
4.05967092E-01  2.60258541E-02  4.17550938E-04
4.06265707E-01  2.55928226E-02  4.13379341E-04
4.06564322E-01  2.59257481E-02  4.15570656E-04
4.06862937E-01  2.56540794E-02  4.17539879E-04
4.07161552E-01  2.45998893E-02  4.03385289E-04
4.07460167E-01  2.58704182E-02  4.16507013E-04
4.07758782E-01  2.60769781E-02  4.14547452E-04
4.08057397E-01  2.58224159E-02  4.14553913E-04
4.08356012E-01  2.57167462E-02  4.15272661E-04
4.08654627E-01  2.59786900E-02  4.13769943E-04
4.08953242E-01  2.59373244E-02  4.17746662E-04
4.09251857E-01  2.55524125E-02  4.11227375E-04
4.09550472E-01  2.50267163E-02  4.07167303E-04
4.09849087E-01  2.57532056E-02  4.13229864E-04
4.10147702E-01  2.57889014E-02  4.11688117E-04
4.10446317E-01  2.57357489E-02  4.15633724E-04
4.10744932E-01  2.58875061E-02  4.14213340E-04
4.11043547E-01  2.48797145E-02  4.02597012E-04
4.11342162E-01  2.48025712E-02  4.05348692E-04
4.11640777E-01  2.52351668E-02  4.09638043E-04
4.11939392E-01  2.51896251E-02  4.09655098E-04
4.12238007E-01  2.50779651E-02  4.04483289E-04
4.12536622E-01  2.51506958E-02  4.07141924E-04
4.12835237E-01  2.50955932E-02  4.05189494E-04
4.13133852E-01  2.52814833E-02  4.08297288E-04
4.13432467E-01  2.49910839E-02  4.05569037E-04
4.13731082E-01  2.45614015E-02  4.00765508E-04
4.14029697E-01  2.46077161E-02  4.02918202E-04
4.14328312E-01  2.45137978E-02  4.00843448E-04
4.14626927E-01  2.49147024E-02  4.05237661E-04
4.14925542E-01  2.46886350E-02  3.99871671E-04
4.15224157E-01  2.53938455E-02  4.08358319E-04
4.15522772E-01  2.42909379E-02  4.00043966E-04
4.15821387E-01  2.49375012E-02  4.02532023E-04
4.16120002E-01  2.41818633E-02  3.97118303E-04
4.16418617E-01  2.42762510E-02  3.98722128E-04
4.16717232E-01  2.40694061E-02  3.96288087E-04
4.17015847E-01  2.42635570E-02  3.99268261E-04
4.17314462E-01  2.42395997E-02  3.93892551E-04
4.17613077E-01  2.42703538E-02  3.98035132E-04
4.17911692E-01  2.38034129E-02  3.92921880E-04
4.18210307E-01  2.46336870E-02  4.02588630E-04
4.18508922E-01  2.47136820E-02  3.99179320E-04
4.18807537E-01  2.39833165E-02  3.93327704E-04
4.19106152E-01  2.38273442E-02  3.94393021E-04
4.19404767E-01  2.49875672E-02  4.03603161E-04
4.19703382E-01  2.40714569E-02  3.92980466E-04
4.20001997E-01  2.40329951E-02  3.94460862E-04
4.20300612E-01  2.42891014E-02  3.95114534E-04
4.20599227E-01  2.36563552E-02  3.93073336E-04
4.20897842E-01  2.45457944E-02  3.97923635E-04
4.21196457E-01  2.41878387E-02  3.93936643E-04
4.21495072E-01  2.36022361E-02  3.90827627E-04
4.21793687E-01  2.37930324E-02  3.91155045E-04
4.22092302E-01  2.40946449E-02  3.95792740E-04
4.22390917E-01  2.36906130E-02  3.86814529E-04
4.22689532E-01  2.35467777E-02  3.90821253E-04
4.22988147E-01  2.41451208E-02  3.93240945E-04
4.23286762E-01  2.38670129E-02  3.93382623E-04
4.23585377E-01  2.40103994E-02  3.91879235E-04
4.23883992E-01  2.29195505E-02  3.82098689E-04
4.24182607E-01  2.32272968E-02  3.84830142E-04
4.24481222E-01  2.35243831E-02  3.89485096E-04
4.24779837E-01  2.27599796E-02  3.81458143E-04
4.25078452E-01  2.36208085E-02  3.87122331E-04
4.25377067E-01  2.33170073E-02  3.87327833E-04
4.25675682E-01  2.34668795E-02  3.85688880E-04
4.25974297E-01  2.33150925E-02  3.87402950E-04
4.26272912E-01  2.37324592E-02  3.86571337E-04
4.26571527E-01  2.32060123E-02  3.86498577E-04
4.26870142E-01  2.28044353E-02  3.80126730E-04
4.27168757E-01  2.29843780E-02  3.82224534E-04
4.27467372E-01  2.27359999E-02  3.78880708E-04
4.27765987E-01  2.30134428E-02  3.83504113E-04
4.28064602E-01  2.35781819E-02  3.86527565E-04
4.28363217E-01  2.25590095E-02  3.79102858E-04
4.28661832E-01  2.28630025E-02  3.81050020E-04
4.28960447E-01  2.26902720E-02  3.79014382E-04
4.29259062E-01  2.33684424E-02  3.84122919E-04
4.29557677E-01  2.34946646E-02  3.85677035E-04
4.29856292E-01  2.27443520E-02  3.77867371E-04
4.30154907E-01  2.28269659E-02  3.79397010E-04
4.30453522E-01  2.24956796E-02  3.77985241E-04
4.30752137E-01  2.26570889E-02  3.78407334E-04
4.31050752E-01  2.28652824E-02  3.78624478E-04
4.31349367E-01  2.22798456E-02  3.74411524E-04
4.31647982E-01  2.28825752E-02  3.79275007E-04
4.31946597E-01  2.29006018E-02  3.81464837E-04
4.32245212E-01  2.23702546E-02  3.73929797E-04
4.32543827E-01  2.27452554E-02  3.78982339E-04
4.32842442E-01  2.20249891E-02  3.75032687E-04
4.33141057E-01  2.28232276E-02  3.77617602E-04
4.33439672E-01  2.28156280E-02  3.79996665E-04
4.33738287E-01  2.30180938E-02  3.79648409E-04
4.34036902E-01  2.26286463E-02  3.78354685E-04
4.34335517E-01  2.30896343E-02  3.81764199E-04
4.34634132E-01  2.25404259E-02  3.77619348E-04
4.34932747E-01  2.26117764E-02  3.76288488E-04
4.35231362E-01  2.25855745E-02  3.76321725E-04
4.35529977E-01  2.26485077E-02  3.78951721E-04
4.35828592E-01  2.21859850E-02  3.74477007E-04
4.36127207E-01  2.24063490E-02  3.74167430E-04
4.36425822E-01  2.30879094E-02  3.80489539E-04
4.36724437E-01  2.14707199E-02  3.67248984E-04
4.37023052E-01  2.31120847E-02  3.81198653E-04
4.37321667E-01  2.21149214E-02  3.70751077E-04
4.37620282E-01  2.25286130E-02  3.76945623E-04
4.37918897E-01  2.19739340E-02  3.71533446E-04
4.38217512E-01  2.22226232E-02  3.74296505E-04
4.38516127E-01  2.26215255E-02  3.75309173E-04
4.38814742E-01  2.18033139E-02  3.66610562E-04
4.39113357E-01  2.25011818E-02  3.75803414E-04
4.39411972E-01  2.26695444E-02  3.77041055E-04
4.39710587E-01  2.26956625E-02  3.75764241E-04
4.40009202E-01  2.24216618E-02  3.74893862E-04
4.40307817E-01  2.21547373E-02  3.69399582E-04
4.40606432E-01  2.30363142E-02  3.80000623E-04
4.40905047E-01  2.18201596E-02  3.68775363E-04
4.41203662E-01  2.23056935E-02  3.70579626E-04
4.41502277E-01  2.21678820E-02  3.71378090E-04
4.41800892E-01  2.21806876E-02  3.70916590E-04
4.42099507E-01  2.24398635E-02  3.73324263E-04
4.42398122E-01  2.21000779E-02  3.69516929E-04
4.42696737E-01  2.24436838E-02  3.72461189E-04
4.42995352E-01  2.19897591E-02  3.69484478E-04
4.43293967E-01  2.19661780E-02  3.70345078E-04
4.43592582E-01  2.15450171E-02  3.66859895E-04
4.43891197E-01  2.20539737E-02  3.67617264E-04
4.44189812E-01  2.19750777E-02  3.70179594E-04
4.44488427E-01  2.20978260E-02  3.69427609E-04
4.44787042E-01  2.22382378E-02  3.71983013E-04
4.45085657E-01  2.23946273E-02  3.71903210E-04
4.45384272E-01  2.19739974E-02  3.68959300E-04
4.45682887E-01  2.23742388E-02  3.74940457E-04
4.45981502E-01  2.18040794E-02  3.66571621E-04
4.46280117E-01  2.19924394E-02  3.68957029E-04
4.46578732E-01  2.24863514E-02  3.73323506E-04
4.46877347E-01  2.17541065E-02  3.67921835E-04
4.47175962E-01  2.27011200E-02  3.79619509E-04
4.47474577E-01  2.21495703E-02  3.68749985E-04
4.47773192E-01  2.24969108E-02  3.73498828E-04
4.48071807E-01  2.25218944E-02  3.73707648E-04
4.48370422E-01  2.25512683E-02  3.75022035E-04
4.48669037E-01  2.20234115E-02  3.69632733E-04
4.48967652E-01  2.16473527E-02  3.66063963E-04
4.49266267E-01  2.21909210E-02  3.72182141E-04
4.49564882E-01  2.16171499E-02  3.67502565E-04
4.49863497E-01  2.19146498E-02  3.68482637E-04
4.50162112E-01  2.21192762E-02  3.71503382E-04
4.50460727E-01  2.23788992E-02  3.73761141E-04
4.50759342E-01  2.12773085E-02  3.64527776E-04
4.51057957E-01  2.23673992E-02  3.73256858E-04
4.51356572E-01  2.20823549E-02  3.68448877E-04
4.51655187E-01  2.18101889E-02  3.69558053E-04
4.51953802E-01  2.17408258E-02  3.67592089E-04
4.52252417E-01  2.20396388E-02  3.73821764E-04
4.52551032E-01  2.21508835E-02  3.70314636E-04
4.52849647E-01  2.18628217E-02  3.68707319E-04
4.53148262E-01  2.12038737E-02  3.63109837E-04
4.53446877E-01  2.26528868E-02  3.74901894E-04
4.53745492E-01  2.22542211E-02  3.72406677E-04
4.54044107E-01  2.16358900E-02  3.67927540E-04
4.54342722E-01  2.09144056E-02  3.61184211E-04
4.54641337E-01  2.16336325E-02  3.68155394E-04
4.54939952E-01  2.22718138E-02  3.72232316E-04
4.55238567E-01  2.27272920E-02  3.75773234E-04
4.55537182E-01  2.17496417E-02  3.70129594E-04
4.55835797E-01  2.23172549E-02  3.73933028E-04
4.56134412E-01  2.22182591E-02  3.72117647E-04
4.56433027E-01  2.25110408E-02  3.74975760E-04
4.56731642E-01  2.19182670E-02  3.69274989E-04
4.57030257E-01  2.18235124E-02  3.69943184E-04
4.57328872E-01  2.20361687E-02  3.70840542E-04
4.57627487E-01  2.18610577E-02  3.69202986E-04
4.57926102E-01  2.21336540E-02  3.71744856E-04
4.58224717E-01  2.20332798E-02  3.72217764E-04
4.58523332E-01  2.17377543E-02  3.68489447E-04
4.58821947E-01  2.17351727E-02  3.66294233E-04
4.59120562E-01  2.17919666E-02  3.70260590E-04
4.59419177E-01  2.17853691E-02  3.70041671E-04
4.59717792E-01  2.18387078E-02  3.70413705E-04
4.60016407E-01  2.18380596E-02  3.69183312E-04
4.60315022E-01  2.21319534E-02  3.71088769E-04
4.60613637E-01  2.16061305E-02  3.68114037E-04
4.60912252E-01  2.19051875E-02  3.71808797E-04
4.61210867E-01  2.21606102E-02  3.71987815E-04
4.61509482E-01  2.10866667E-02  3.66683060E-04
4.61808097E-01  2.22832114E-02  3.85455758E-04
4.62106712E-01  2.25343704E-02  3.89276538E-04
4.62405327E-01  2.20104177E-02  3.88244516E-04
4.62703942E-01  2.16979012E-02  3.85014835E-04
4.63002557E-01  2.27138530E-02  4.01152094E-04
4.63301172E-01  2.20251959E-02  3.96416261E-04
4.63599787E-01  2.11792048E-02  3.90802830E-04
4.63898402E-01  2.13607270E-02  3.94286559E-04
4.64197017E-01  2.17734687E-02  3.98591656E-04
4.64495632E-01  2.16748342E-02  4.02699923E-04
4.64794247E-01  2.16538627E-02  4.03146114E-04
4.65092862E-01  2.19583474E-02  4.03943763E-04
4.65391477E-01  2.15513911E-02  4.06196457E-04
4.65690092E-01  2.20143404E-02  4.10426816E-04
4.65988707E-01  2.21526343E-02  4.15321323E-04
4.66287322E-01  2.15264596E-02  4.09749162E-04
4.66585937E-01  2.18086597E-02  4.12882888E-04
4.66884552E-01  2.09896695E-02  4.10067121E-04
4.67183167E-01  2.14684028E-02  4.16489405E-04
4.67481782E-01  2.21646540E-02  4.17977892E-04
4.67780397E-01  2.25397572E-02  4.27490857E-04
4.68079012E-01  2.17243265E-02  4.21137491E-04
4.68377627E-01  2.20108908E-02  4.26372339E-04
4.68676242E-01  2.24046614E-02  4.31177905E-04
4.68974857E-01  2.21807975E-02  4.29020147E-04
4.69273472E-01  2.10148804E-02  4.21564211E-04
4.69572087E-01  2.18570922E-02  4.28652856E-04
4.69870702E-01  2.24896856E-02  4.36631177E-04
4.70169317E-01  2.21386552E-02  4.35432623E-04
4.70467932E-01  2.20179148E-02  4.35167225E-04
4.70766547E-01  2.16566920E-02  4.36109520E-04
4.71065162E-01  2.20559593E-02  4.39976749E-04
4.71363777E-01  2.18028408E-02  4.34495421E-04
4.71662392E-01  2.22986750E-02  4.44464851E-04
4.71961007E-01  2.16100924E-02  4.38924995E-04
4.72259622E-01  2.15386841E-02  4.41407261E-04
4.72558237E-01  2.19559111E-02  4.43124474E-04
4.72856852E-01  2.21572239E-02  4.38692397E-04
4.73155467E-01  2.16860324E-02  4.30716114E-04
4.73454082E-01  2.18095705E-02  4.26818937E-04
4.73752697E-01  2.16429457E-02  4.18695359E-04
4.74051312E-01  2.21950077E-02  4.24246129E-04
4.74349927E-01  2.23402251E-02  4.23098187E-04
4.74648542E-01  2.23851260E-02  4.23644757E-04
4.74947157E-01  2.09835097E-02  4.06166248E-04
4.75245772E-01  2.18308512E-02  4.13599628E-04
4.75544387E-01  2.22386010E-02  4.16640280E-04
4.75843002E-01  2.20314693E-02  4.15614137E-04
4.76141617E-01  2.11013015E-02  4.03193233E-04
4.76440232E-01  2.19994131E-02  4.11797868E-04
4.76738847E-01  2.10988875E-02  4.01756057E-04
4.77037462E-01  2.19030324E-02  4.09563509E-04
4.77336077E-01  2.19137371E-02  4.10553912E-04
4.77634692E-01  2.21478622E-02  4.09094733E-04
4.77933307E-01  2.21618097E-02  4.09772008E-04
4.78231922E-01  2.20573917E-02  4.06316161E-04
4.78530537E-01  2.20808070E-02  4.10455104E-04
4.78829152E-01  2.16676984E-02  4.00498975E-04
4.79127767E-01  2.19427664E-02  4.04410559E-04
4.79426382E-01  2.16454174E-02  4.03899903E-04
4.79724997E-01  2.22134851E-02  4.07329819E-04
4.80023612E-01  2.19898373E-02  4.04317863E-04
4.80322227E-01  2.21387148E-02  4.03993821E-04
4.80620842E-01  2.17195973E-02  4.02145844E-04
4.80919457E-01  2.24493947E-02  4.07564978E-04
4.81218072E-01  2.19966769E-02  4.03015554E-04
4.81516687E-01  2.17142571E-02  4.01154015E-04
4.81815302E-01  2.25556865E-02  4.04850987E-04
4.82113917E-01  2.21802425E-02  4.05970175E-04
4.82412532E-01  2.19945703E-02  4.01229860E-04
4.82711147E-01  2.13501640E-02  3.94293136E-04
4.83009762E-01  2.17792932E-02  3.99368029E-04
4.83308377E-01  2.22081672E-02  4.04118997E-04
4.83606992E-01  2.18882766E-02  3.98826582E-04
4.83905607E-01  2.20898055E-02  4.01898636E-04
4.84204222E-01  2.25561969E-02  4.04144666E-04
4.84502837E-01  2.18287166E-02  4.00139776E-04
4.84801452E-01  2.15948746E-02  3.96252930E-04
4.85100067E-01  2.19852552E-02  3.97179771E-04
4.85398682E-01  2.20081620E-02  3.99620301E-04
4.85697297E-01  2.17683688E-02  3.97235650E-04
4.85995912E-01  2.15491038E-02  3.96348303E-04
4.86294527E-01  2.22873855E-02  3.99906450E-04
4.86593142E-01  2.19498891E-02  3.97776079E-04
4.86891757E-01  2.15475764E-02  3.94919887E-04
4.87190372E-01  2.17514355E-02  3.97191237E-04
4.87488987E-01  2.18954980E-02  3.94785922E-04
4.87787602E-01  2.23968793E-02  4.02324717E-04
4.88086217E-01  2.11227909E-02  3.88836197E-04
4.88384832E-01  2.20822953E-02  3.98477976E-04
4.88683447E-01  2.20577754E-02  3.99272540E-04
4.88982062E-01  2.14768909E-02  3.91395704E-04
4.89280677E-01  2.25309059E-02  4.03432583E-04
4.89579292E-01  2.11200546E-02  3.88917630E-04
4.89877907E-01  2.15527881E-02  3.92388087E-04
4.90176522E-01  2.20775008E-02  3.96140444E-04
4.90475137E-01  2.20897924E-02  3.97450174E-04
4.90773752E-01  2.18281075E-02  3.94792005E-04
4.91072367E-01  2.25306191E-02  4.01501136E-04
4.91370982E-01  2.20363960E-02  3.95977026E-04
4.91669597E-01  2.22142674E-02  3.98274016E-04
4.91968212E-01  2.28994209E-02  4.05188446E-04
4.92266827E-01  2.14902200E-02  3.92029382E-04
4.92565442E-01  2.10140012E-02  3.85529333E-04
4.92864057E-01  2.15643123E-02  3.91819456E-04
4.93162672E-01  2.18049083E-02  3.94695351E-04
4.93461287E-01  2.18693987E-02  3.95280309E-04
4.93759902E-01  2.26896312E-02  3.99418292E-04
4.94058517E-01  2.17416119E-02  3.92842281E-04
4.94357132E-01  2.22489219E-02  3.96607211E-04
4.94655747E-01  2.18588803E-02  3.96191899E-04
4.94954362E-01  2.17112787E-02  3.89946072E-04
4.95252977E-01  2.23233812E-02  3.97871307E-04
4.95551592E-01  2.18662564E-02  3.94965551E-04
4.95850207E-01  2.15232205E-02  3.91266629E-04
4.96148822E-01  2.18953900E-02  3.91990354E-04
4.96447437E-01  2.24175081E-02  3.98915843E-04
4.96746052E-01  2.13419795E-02  3.88550106E-04
4.97044667E-01  2.15868652E-02  3.93334543E-04
4.97343282E-01  2.16946546E-02  3.89521883E-04
4.97641897E-01  2.18679085E-02  3.90498375E-04
4.97940512E-01  2.11296976E-02  3.87782493E-04
4.98239127E-01  2.15124544E-02  3.89912922E-04
4.98537742E-01  2.21948046E-02  3.96842282E-04
4.98836357E-01  2.12689824E-02  3.86071159E-04
4.99134972E-01  2.21208166E-02  3.95392999E-04
4.99433587E-01  2.21474878E-02  3.96821706E-04
4.99732202E-01  2.14593373E-02  3.88376473E-04
5.00030817E-01  2.09647305E-02  3.83401406E-04
5.00329432E-01  2.20203977E-02  3.93912836E-04
5.00628047E-01  2.23658755E-02  3.96992633E-04
5.00926662E-01  2.14021616E-02  3.90487985E-04
5.01225277E-01  2.14583892E-02  3.86465166E-04
5.01523892E-01  2.23406404E-02  3.94622271E-04
5.01822507E-01  2.22630072E-02  3.95790703E-04
5.02121122E-01  2.20945068E-02  3.95175332E-04
5.02419737E-01  2.13839579E-02  3.88094253E-04
5.02718352E-01  2.18132623E-02  3.91777750E-04
5.03016967E-01  2.15353779E-02  3.89179448E-04
5.03315582E-01  2.19083019E-02  3.93611699E-04
5.03614197E-01  2.16965824E-02  3.88618006E-04
5.03912812E-01  2.16481090E-02  3.90008558E-04
5.04211427E-01  2.15591788E-02  3.88343382E-04
5.04510042E-01  2.23858878E-02  3.97786731E-04
5.04808657E-01  2.17697117E-02  3.88993009E-04
5.05107272E-01  2.17931885E-02  3.91417212E-04
5.05405887E-01  2.18311101E-02  3.90214729E-04
5.05704502E-01  2.21056063E-02  3.95690440E-04
5.06003117E-01  2.23139040E-02  3.95385578E-04
5.06301732E-01  2.17321496E-02  3.90006520E-04
5.06600347E-01  2.15239935E-02  3.86707077E-04
5.06898962E-01  2.22633611E-02  3.95922165E-04
5.07197577E-01  2.14016251E-02  3.89056164E-04
5.07496192E-01  2.18439996E-02  3.88341607E-04
5.07794807E-01  2.17140932E-02  3.92281043E-04
5.08093422E-01  2.21345108E-02  3.93319875E-04
5.08392037E-01  2.14855615E-02  3.88279179E-04
5.08690652E-01  2.16986313E-02  3.88094835E-04
5.08989267E-01  2.11845655E-02  3.84792511E-04
5.09287882E-01  2.16064248E-02  3.89954308E-04
5.09586497E-01  2.19880249E-02  3.91832000E-04
5.09885112E-01  2.13631466E-02  3.85940948E-04
5.10183727E-01  2.11433936E-02  3.84425337E-04
5.10482342E-01  2.19029672E-02  3.90502304E-04
5.10780957E-01  2.13606283E-02  3.86780070E-04
5.11079572E-01  2.15209238E-02  3.87465785E-04
5.11378187E-01  2.18178704E-02  3.90227477E-04
5.11676802E-01  2.13940926E-02  3.89305351E-04
5.11975417E-01  2.15758309E-02  3.87014326E-04
5.12274032E-01  2.17857938E-02  3.89466964E-04
5.12572647E-01  2.18669344E-02  3.90480971E-04
5.12871262E-01  2.18343791E-02  3.89713270E-04
5.13169877E-01  2.20719837E-02  3.94646282E-04
5.13468492E-01  2.15711650E-02  3.85568419E-04
5.13767107E-01  2.17297431E-02  3.88402870E-04
5.14065722E-01  2.13770717E-02  3.87522770E-04
5.14364337E-01  2.23605242E-02  3.95653071E-04
5.14662952E-01  2.16554552E-02  3.88505054E-04
5.14961567E-01  2.16395669E-02  3.87224281E-04
5.15260182E-01  2.11252403E-02  3.84859391E-04
5.15558797E-01  2.16208585E-02  3.88009299E-04
5.15857412E-01  2.17422284E-02  3.88812390E-04
5.16156027E-01  2.18597259E-02  3.90726200E-04
5.16454642E-01  2.18674913E-02  3.90989939E-04
5.16753257E-01  2.18508802E-02  3.89883615E-04
5.17051872E-01  2.18486078E-02  3.91403795E-04
5.17350487E-01  2.14813706E-02  3.85443971E-04
5.17649102E-01  2.12705880E-02  3.84582701E-04
5.17947717E-01  2.15483923E-02  3.86708823E-04
5.18246332E-01  2.12466568E-02  3.84275656E-04
5.18544947E-01  2.15509236E-02  3.88257671E-04
5.18843562E-01  2.19683349E-02  3.92291695E-04
5.19142177E-01  2.15386469E-02  3.86533909E-04
5.19440792E-01  2.20760591E-02  3.91232577E-04
5.19739407E-01  2.20291950E-02  3.91201494E-04
5.20038022E-01  2.16018353E-02  3.89301247E-04
5.20336637E-01  2.11438965E-02  3.83169885E-04
5.20635252E-01  2.12031528E-02  3.83614330E-04
5.20933867E-01  2.18461789E-02  3.89675697E-04
5.21232482E-01  2.10718773E-02  3.82241531E-04
5.21531097E-01  2.11193506E-02  3.84178740E-04
5.21829712E-01  2.11093146E-02  3.83805746E-04
5.22128327E-01  2.19658241E-02  3.90940113E-04
5.22426942E-01  2.20941268E-02  3.90267902E-04
5.22725557E-01  2.15177946E-02  3.87221167E-04
5.23024172E-01  2.16072984E-02  3.87267384E-04
5.23322787E-01  2.24629808E-02  3.95735144E-04
5.23621402E-01  2.16840506E-02  3.87958164E-04
5.23920017E-01  2.12395620E-02  3.86046275E-04
5.24218632E-01  2.11473610E-02  3.81917984E-04
5.24517247E-01  2.11156309E-02  3.82657658E-04
5.24815862E-01  2.19112877E-02  3.91335401E-04
5.25114477E-01  2.12997645E-02  3.84044601E-04
5.25413092E-01  2.18358561E-02  3.89801717E-04
5.25711707E-01  2.18022838E-02  3.89886380E-04
5.26010322E-01  2.14520432E-02  3.84670158E-04
5.26308937E-01  2.20506806E-02  3.91336303E-04
5.26607552E-01  2.11029612E-02  3.82742408E-04
5.26906167E-01  2.16924138E-02  3.87673703E-04
5.27204782E-01  2.23815273E-02  3.96210788E-04
5.27503397E-01  2.17838623E-02  3.88873566E-04
5.27802012E-01  2.16627661E-02  3.87887878E-04
5.28100627E-01  2.13611778E-02  3.86031345E-04
5.28399242E-01  2.16476005E-02  3.85032617E-04
5.28697857E-01  2.10584421E-02  3.83007398E-04
5.28996472E-01  2.14169417E-02  3.85593652E-04
5.29295087E-01  2.20192112E-02  3.92325426E-04
5.29593702E-01  2.24173460E-02  3.93347320E-04
5.29892317E-01  2.11851187E-02  3.83225328E-04
5.30190932E-01  2.16879826E-02  3.89464869E-04
5.30489547E-01  2.15948299E-02  3.87106091E-04
5.30788162E-01  2.12689545E-02  3.83426755E-04
5.31086777E-01  2.15852670E-02  3.87308188E-04
5.31385392E-01  2.18578596E-02  3.87853215E-04
5.31684007E-01  2.19160914E-02  3.90364206E-04
5.31982622E-01  2.21418552E-02  3.92275455E-04
5.32281237E-01  2.07488928E-02  3.79644684E-04
5.32579852E-01  2.13919934E-02  3.86147149E-04
5.32878467E-01  2.11557206E-02  3.83258302E-04
5.33177082E-01  2.16712169E-02  3.88662767E-04
5.33475697E-01  2.19787434E-02  3.88654444E-04
5.33774312E-01  2.20328309E-02  3.90650559E-04
5.34072927E-01  2.18429398E-02  3.91553680E-04
5.34371542E-01  2.19287500E-02  3.88499961E-04
5.34670157E-01  2.21664570E-02  3.89846304E-04
5.34968772E-01  2.14672461E-02  3.87316250E-04
5.35267387E-01  2.16182712E-02  3.86967120E-04
5.35566002E-01  2.13313624E-02  3.85997118E-04
5.35864617E-01  2.17609238E-02  3.86925851E-04
5.36163232E-01  2.12202147E-02  3.84426705E-04
5.36461847E-01  2.13943198E-02  3.85624124E-04
5.36760462E-01  2.05632765E-02  3.77323711E-04
5.37059077E-01  2.16389243E-02  3.86409345E-04
5.37357692E-01  2.17451472E-02  3.89925990E-04
5.37656307E-01  2.12702397E-02  3.82456812E-04
5.37954922E-01  2.16571894E-02  3.90489091E-04
5.38253537E-01  2.09992416E-02  3.77645134E-04
5.38552152E-01  2.12464966E-02  3.83458304E-04
5.38850767E-01  2.14658063E-02  3.86661472E-04
5.39149382E-01  2.14104075E-02  3.86353640E-04
5.39447997E-01  2.18907446E-02  3.89234163E-04
5.39746612E-01  2.17853617E-02  3.88962333E-04
5.40045227E-01  2.21033432E-02  3.90552566E-04
5.40343842E-01  2.16691922E-02  3.88688961E-04
5.40642457E-01  2.17937101E-02  3.87999782E-04
5.40941072E-01  2.16619540E-02  3.86451109E-04
5.41239687E-01  2.12300010E-02  3.86447413E-04
5.41538302E-01  2.10820008E-02  3.82362283E-04
5.41836917E-01  2.18578149E-02  3.88956163E-04
5.42135532E-01  2.15909537E-02  3.83964361E-04
5.42434147E-01  2.20049750E-02  3.90648231E-04
5.42732762E-01  2.10745893E-02  3.83427949E-04
5.43031377E-01  2.13998519E-02  3.87617416E-04
5.43329992E-01  2.10999437E-02  3.79763282E-04
5.43628607E-01  2.20613033E-02  3.91155423E-04
5.43927222E-01  2.14967728E-02  3.86592583E-04
5.44225837E-01  2.19533313E-02  3.90965521E-04
5.44524452E-01  2.16832552E-02  3.85727792E-04
5.44823067E-01  2.18097586E-02  3.89211840E-04
5.45121682E-01  2.21378375E-02  3.91651469E-04
5.45420297E-01  2.10777055E-02  3.82347265E-04
5.45718912E-01  2.09859442E-02  3.80494981E-04
5.46017527E-01  2.17088759E-02  3.87844048E-04
5.46316142E-01  2.14522518E-02  3.84983461E-04
5.46614757E-01  2.11185683E-02  3.84419021E-04
5.46913372E-01  2.14788876E-02  3.83735169E-04
5.47211987E-01  2.13112850E-02  3.84377287E-04
5.47510602E-01  2.15515420E-02  3.87202046E-04
5.47809217E-01  2.16914695E-02  3.87039239E-04
5.48107832E-01  2.08898690E-02  3.81777063E-04
5.48406447E-01  2.24388521E-02  3.93845927E-04
5.48705062E-01  2.16286611E-02  3.85734398E-04
5.49003677E-01  2.17360388E-02  3.90013534E-04
5.49302292E-01  2.12270152E-02  3.81125516E-04
5.49600907E-01  2.08986513E-02  3.81491845E-04
5.49899522E-01  2.12785229E-02  3.83723935E-04
5.50198137E-01  2.15361491E-02  3.87175533E-04
5.50496752E-01  2.17974503E-02  3.88189423E-04
5.50795367E-01  2.11210288E-02  3.81193851E-04
5.51093982E-01  2.09606960E-02  3.81040591E-04
5.51392597E-01  2.16868389E-02  3.88630579E-04
5.51691212E-01  2.12555677E-02  3.83434730E-04
5.51989827E-01  2.13387422E-02  3.83999082E-04
5.52288442E-01  2.19308678E-02  3.87505017E-04
5.52587057E-01  2.18632538E-02  3.88315879E-04
5.52885672E-01  2.16914210E-02  3.86976812E-04
5.53184287E-01  2.18561925E-02  3.86850414E-04
5.53482902E-01  2.14047879E-02  3.83391540E-04
5.53781517E-01  2.08157375E-02  3.78906610E-04
5.54080132E-01  2.13021971E-02  3.83031438E-04
5.54378747E-01  2.13498361E-02  3.80338548E-04
5.54677362E-01  2.10905485E-02  3.79840349E-04
5.54975977E-01  2.10342146E-02  3.80620186E-04
5.55274592E-01  2.17171162E-02  3.85537947E-04
5.55573207E-01  2.07910035E-02  3.73116665E-04
5.55871822E-01  2.12762747E-02  3.80236714E-04
5.56170437E-01  2.10953094E-02  3.79618403E-04
5.56469052E-01  2.18585562E-02  3.86892265E-04
5.56767667E-01  2.16903221E-02  3.83374456E-04
5.57066282E-01  2.15489361E-02  3.82672908E-04
5.57364897E-01  2.11973134E-02  3.76844837E-04
5.57663512E-01  2.14946344E-02  3.81829042E-04
5.57962127E-01  2.11095307E-02  3.77136341E-04
5.58260742E-01  2.06983276E-02  3.71513306E-04
5.58559357E-01  2.18233317E-02  3.85665131E-04
5.58857972E-01  2.09657587E-02  3.77470482E-04
5.59156587E-01  2.14791521E-02  3.78461555E-04
5.59455202E-01  2.12148875E-02  3.78355006E-04
5.59753817E-01  2.06076857E-02  3.71144008E-04
5.60052432E-01  2.20701136E-02  3.85360880E-04
5.60351047E-01  2.14705393E-02  3.79016506E-04
5.60649662E-01  2.14263070E-02  3.77120858E-04
5.60948277E-01  2.12870538E-02  3.76599841E-04
5.61246892E-01  2.14878228E-02  3.79085395E-04
5.61545507E-01  2.14208383E-02  3.77962482E-04
5.61844122E-01  2.11923234E-02  3.73755902E-04
5.62142737E-01  2.13749595E-02  3.78629338E-04
5.62441352E-01  2.16916744E-02  3.78753059E-04
5.62739967E-01  2.16019265E-02  3.77531454E-04
5.63038582E-01  2.15076730E-02  3.77851306E-04
5.63337197E-01  2.12625749E-02  3.74471128E-04
5.63635812E-01  2.13859770E-02  3.78468394E-04
5.63934427E-01  2.14735866E-02  3.75805394E-04
5.64233042E-01  2.13093795E-02  3.73504037E-04
5.64531657E-01  2.07377672E-02  3.70258233E-04
5.64830272E-01  2.16496270E-02  3.77961289E-04
5.65128887E-01  2.14885939E-02  3.76992859E-04
5.65427502E-01  2.09019892E-02  3.69498477E-04
5.65726117E-01  2.13433318E-02  3.74675146E-04
5.66024732E-01  2.15141810E-02  3.75825795E-04
5.66323347E-01  2.07123272E-02  3.69098736E-04
5.66621962E-01  2.06259266E-02  3.65132146E-04
5.66920577E-01  2.10090149E-02  3.71564616E-04
5.67219192E-01  2.15125978E-02  3.76603479E-04
5.67517807E-01  2.16575377E-02  3.77696677E-04
5.67816422E-01  2.09488720E-02  3.66903492E-04
5.68115037E-01  2.16737147E-02  3.75756877E-04
5.68413652E-01  2.12666672E-02  3.72640934E-04
5.68712267E-01  2.08424572E-02  3.68907495E-04
5.69010882E-01  2.09881105E-02  3.69179586E-04
5.69309497E-01  2.17714664E-02  3.76265991E-04
5.69608112E-01  2.11240426E-02  3.71226197E-04
5.69906727E-01  2.05673147E-02  3.65298562E-04
5.70205342E-01  2.12493110E-02  3.69791000E-04
5.70503957E-01  2.17879582E-02  3.77454009E-04
5.70802572E-01  2.07480621E-02  3.67409404E-04
5.71101187E-01  2.20368858E-02  3.79607896E-04
5.71399802E-01  2.16932353E-02  3.74746101E-04
5.71698417E-01  2.11458877E-02  3.70581489E-04
5.71997032E-01  2.11117715E-02  3.71988339E-04
5.72295647E-01  2.08149087E-02  3.68940382E-04
5.72594262E-01  2.11175736E-02  3.70085298E-04
5.72892877E-01  2.13731658E-02  3.69713758E-04
5.73191492E-01  2.17107441E-02  3.76455457E-04
5.73490107E-01  2.22833119E-02  3.82268103E-04
5.73788722E-01  2.09463853E-02  3.68673849E-04
5.74087337E-01  2.11990271E-02  3.71912756E-04
5.74385952E-01  2.20347885E-02  3.80136218E-04
5.74684567E-01  2.14084219E-02  3.74092517E-04
5.74983182E-01  2.11876929E-02  3.70292022E-04
5.75281797E-01  2.08989773E-02  3.66761611E-04
5.75580412E-01  2.11079866E-02  3.71806236E-04
5.75879027E-01  2.19099373E-02  3.77589226E-04
5.76177642E-01  2.15236340E-02  3.74848809E-04
5.76476257E-01  2.13958751E-02  3.72116250E-04
5.76774872E-01  2.07496788E-02  3.68305249E-04
5.77073487E-01  2.07147673E-02  3.67743516E-04
5.77372102E-01  2.16204245E-02  3.76477372E-04
5.77670717E-01  2.18075048E-02  3.75600881E-04
5.77969332E-01  2.14170087E-02  3.73501971E-04
5.78267947E-01  2.12279093E-02  3.72706330E-04
5.78566562E-01  2.08702851E-02  3.68707639E-04
5.78865177E-01  2.09744740E-02  3.68029869E-04
5.79163792E-01  2.14866661E-02  3.74545925E-04
5.79462407E-01  2.11607311E-02  3.71355185E-04
5.79761022E-01  2.18657814E-02  3.78972851E-04
5.80059637E-01  2.18006428E-02  3.74705385E-04
5.80358252E-01  2.19736733E-02  3.78687633E-04
5.80656867E-01  2.17080992E-02  3.77261254E-04
5.80955482E-01  2.07183007E-02  3.68562032E-04


### HEADER:
#
#{
#    "analysis": {},
#    "calibration_params": {
#        "Beam_Center_X": 1061.0,
#        "Beam_Center_Y": 2093.0,
#        "Detector Tilt": 0.0,
#        "Detector Tilt Plane Rotation": 0.0,
#        "Detector_X_Pixel_Size": 75.0,
#        "Detector_Y_Pixel_Size": 75.0,
#        "Integration Method": "nosplit_csr",
#        "Radial_Average_Method": "pyFAI",
#        "Sample-to-detector distance (mm)": 1782.0,
#        "Wavelength (A)": 0.8823505857220345
#    },
#    "config_file": "/Users/jwinnikoff/Documents/MBARI/SAXS/HPSAXS_7A_Feb2023/HPSAXS_02_19_23.cfg",
#    "counters": {
#        "Epoch": "109.022",
#        "I1": "0",
#        "I2": "0",
#        "I3": "0",
#        "Seconds": "1",
#        "Time": "2.31266e-05",
#        "date": "Sun Feb 19 22:16:45 2023",
#        "diode": "55156"
#    },
#    "filename": "JWL0320_35C_090MPa_up_2_data_000001_00001.h5",
#    "history": {},
#    "imageHeader": {},
#    "load_path": "/Users/jwinnikoff/Documents/MBARI/SAXS/HPSAXS_7A_Feb2023/JWL0320_SOPE_DOPE_TS+/JWL0320_35C_090MPa_up_2_data_000001.h5",
#    "normalizations": {
#        "Absolute_scale": {
#            "Absolute_scale_factor": 0.005174693841759343,
#            "Method": "Water"
#        },
#        "Counter_norms": [
#            [
#                "/",
#                "diode/150000"
#            ]
#        ],
#        "Polarization": {
#            "Used": false
#        },
#        "Solid_Angle_Correction": "On"
#    },
#    "raw_version": "2.1.4"
#}

