### DATA:
#
# 1908
#      Q             I(Q)           Error     
1.14966775E-02  0.00000000E+00  0.00000000E+00
1.17952925E-02  7.18634129E-01  3.14236768E-02
1.20939075E-02  8.29246223E-01  2.38687601E-02
1.23925225E-02  7.66268551E-01  1.87341087E-02
1.26911375E-02  8.22820842E-01  1.82354469E-02
1.29897525E-02  7.62223065E-01  1.70566235E-02
1.32883675E-02  7.27548718E-01  1.60103943E-02
1.35869825E-02  6.72651887E-01  1.46610243E-02
1.38855975E-02  6.66841447E-01  1.36746643E-02
1.41842125E-02  6.14820540E-01  1.34069109E-02
1.44828275E-02  5.47335625E-01  1.25172744E-02
1.47814425E-02  5.02207160E-01  1.16321482E-02
1.50800575E-02  4.89916623E-01  1.10632665E-02
1.53786725E-02  4.70506579E-01  1.02115273E-02
1.56772875E-02  4.11543965E-01  9.62824095E-03
1.59759025E-02  3.94356966E-01  8.79831612E-03
1.62745175E-02  4.00196880E-01  8.73925630E-03
1.65731325E-02  3.53331476E-01  8.32810253E-03
1.68717475E-02  3.34080458E-01  7.43687525E-03
1.71703625E-02  3.25012803E-01  7.71655887E-03
1.74689775E-02  3.03075701E-01  6.87920675E-03
1.77675925E-02  3.06824982E-01  6.80657849E-03
1.80662075E-02  2.80211926E-01  6.77030068E-03
1.83648225E-02  2.70453870E-01  5.97770186E-03
1.86634375E-02  2.65412450E-01  6.19588373E-03
1.89620525E-02  2.43094876E-01  5.58728073E-03
1.92606675E-02  2.32006580E-01  5.53653482E-03
1.95592825E-02  2.22545654E-01  5.47537813E-03
1.98578975E-02  2.14539945E-01  4.97720251E-03
2.01565125E-02  2.06482202E-01  5.05573861E-03
2.04551275E-02  2.01639727E-01  4.68929578E-03
2.07537425E-02  1.90184236E-01  4.44943877E-03
2.10523575E-02  1.89863577E-01  4.19850787E-03
2.13509725E-02  1.84927493E-01  3.88911879E-03
2.16495875E-02  1.73426121E-01  3.75507912E-03
2.19482025E-02  1.64889038E-01  3.39131430E-03
2.22468175E-02  1.63591370E-01  3.53385950E-03
2.25454325E-02  1.60779774E-01  3.21302633E-03
2.28440475E-02  1.51350528E-01  3.19287879E-03
2.31426625E-02  1.54160202E-01  3.11006652E-03
2.34412775E-02  1.40654579E-01  2.85567297E-03
2.37398925E-02  1.37407869E-01  2.92954547E-03
2.40385075E-02  1.38621971E-01  2.76580942E-03
2.43371225E-02  1.29516676E-01  2.67343200E-03
2.46357375E-02  1.26985997E-01  2.71911756E-03
2.49343525E-02  1.23877876E-01  2.55377591E-03
2.52329675E-02  1.23725325E-01  2.67831329E-03
2.55315825E-02  1.17000557E-01  2.44016084E-03
2.58301975E-02  1.17183022E-01  2.45574443E-03
2.61288125E-02  1.15258120E-01  2.51693698E-03
2.64274275E-02  1.14989147E-01  2.35457555E-03
2.67260425E-02  1.10461444E-01  2.43021990E-03
2.70246575E-02  1.01766735E-01  2.18462036E-03
2.73232725E-02  1.05629750E-01  2.29738490E-03
2.76218875E-02  9.85534117E-02  2.25209794E-03
2.79205025E-02  9.77605954E-02  2.15969724E-03
2.82191175E-02  9.65652242E-02  2.13903887E-03
2.85177325E-02  9.49037299E-02  2.08491529E-03
2.88163475E-02  9.04852524E-02  2.09977059E-03
2.91149625E-02  8.96145776E-02  2.02937052E-03
2.94135775E-02  8.56786072E-02  1.96147687E-03
2.97121925E-02  9.00691971E-02  2.02774210E-03
3.00108075E-02  8.79504457E-02  1.93730963E-03
3.03094225E-02  8.36100727E-02  1.97345112E-03
3.06080375E-02  8.67205858E-02  1.94497500E-03
3.09066525E-02  8.14702362E-02  1.85881124E-03
3.12052675E-02  8.21303502E-02  1.92358042E-03
3.15038825E-02  7.81955570E-02  1.79629424E-03
3.18024975E-02  7.35120550E-02  1.76842522E-03
3.21011125E-02  7.55554512E-02  1.73473102E-03
3.23997275E-02  7.39521682E-02  1.67083542E-03
3.26983425E-02  7.63814896E-02  1.71222806E-03
3.29969575E-02  7.64835700E-02  1.61890383E-03
3.32955725E-02  7.18575940E-02  1.56918238E-03
3.35941875E-02  7.15093687E-02  1.49269681E-03
3.38928025E-02  7.00924397E-02  1.52159284E-03
3.41914175E-02  7.07259029E-02  1.48281781E-03
3.44900325E-02  6.89812526E-02  1.45457580E-03
3.47886474E-02  6.98602051E-02  1.43835437E-03
3.50872624E-02  6.86482713E-02  1.39894732E-03
3.53858774E-02  6.65213242E-02  1.42050104E-03
3.56844924E-02  6.68545365E-02  1.36923417E-03
3.59831074E-02  6.63745850E-02  1.34124281E-03
3.62817224E-02  6.73683360E-02  1.38441077E-03
3.65803374E-02  6.52568638E-02  1.32081599E-03
3.68789524E-02  6.35633469E-02  1.34754030E-03
3.71775674E-02  6.30619228E-02  1.31123152E-03
3.74761824E-02  6.33848235E-02  1.27952278E-03
3.77747974E-02  6.08051829E-02  1.25914672E-03
3.80734124E-02  6.02185540E-02  1.23332406E-03
3.83720274E-02  6.17813133E-02  1.29019422E-03
3.86706424E-02  5.97814023E-02  1.20900106E-03
3.89692574E-02  5.92685379E-02  1.23961293E-03
3.92678724E-02  5.89396767E-02  1.24560599E-03
3.95664874E-02  5.92436157E-02  1.20355189E-03
3.98651024E-02  5.74877076E-02  1.18663849E-03
4.01637174E-02  6.14563897E-02  1.20665203E-03
4.04623324E-02  5.62094748E-02  1.19486498E-03
4.07609474E-02  5.69752641E-02  1.16082816E-03
4.10595624E-02  5.48418388E-02  1.16212247E-03
4.13581774E-02  5.47039472E-02  1.13941834E-03
4.16567924E-02  5.46460152E-02  1.11592212E-03
4.19554074E-02  5.59534989E-02  1.16142095E-03
4.22540224E-02  5.44192754E-02  1.13645103E-03
4.25526374E-02  5.58889546E-02  1.13610458E-03
4.28512524E-02  5.62905148E-02  1.14403118E-03
4.31498674E-02  5.31027950E-02  1.09823467E-03
4.34484824E-02  5.21156006E-02  1.12186873E-03
4.37470974E-02  5.57619371E-02  1.11080438E-03
4.40457124E-02  5.28650805E-02  1.08682970E-03
4.43443274E-02  5.28763682E-02  1.10785966E-03
4.46429424E-02  5.06366044E-02  1.06023450E-03
4.49415574E-02  5.17252907E-02  1.10605964E-03
4.52401724E-02  5.12277223E-02  1.05205702E-03
4.55387874E-02  5.07941023E-02  1.06446596E-03
4.58374024E-02  5.32925837E-02  1.09033182E-03
4.61360174E-02  5.22997677E-02  1.06468482E-03
4.64346324E-02  5.15416376E-02  1.07753207E-03
4.67332474E-02  5.16889729E-02  1.04534219E-03
4.70318624E-02  4.98548113E-02  1.05715741E-03
4.73304774E-02  5.20402677E-02  1.07396580E-03
4.76290924E-02  5.07606417E-02  1.03831268E-03
4.79277074E-02  5.00777662E-02  1.02498790E-03
4.82263224E-02  5.00819832E-02  1.01806107E-03
4.85249374E-02  4.98652086E-02  1.04707095E-03
4.88235524E-02  4.94653098E-02  1.01715035E-03
4.91221674E-02  4.73824777E-02  9.89499851E-04
4.94207824E-02  4.97735403E-02  1.02500652E-03
4.97193974E-02  4.82277945E-02  9.90865869E-04
5.00180124E-02  5.06653339E-02  1.04381435E-03
5.03166274E-02  4.84710597E-02  9.91894165E-04
5.06152424E-02  4.90654707E-02  1.00091926E-03
5.09138574E-02  4.79805991E-02  1.00177224E-03
5.12124724E-02  4.90970537E-02  9.86688654E-04
5.15110874E-02  4.94000502E-02  1.00732560E-03
5.18097024E-02  4.68891338E-02  9.67043277E-04
5.21083174E-02  4.96966876E-02  9.94132599E-04
5.24069324E-02  4.77373786E-02  9.75044735E-04
5.27055474E-02  4.88331169E-02  9.79802688E-04
5.30041624E-02  4.81878296E-02  9.91930836E-04
5.33027774E-02  4.83396389E-02  9.70683293E-04
5.36013924E-02  4.76721525E-02  9.69475019E-04
5.39000074E-02  4.92301099E-02  9.68653825E-04
5.41986224E-02  4.76896279E-02  9.72447975E-04
5.44972374E-02  4.81444933E-02  9.64627776E-04
5.47958524E-02  4.74767946E-02  9.51249676E-04
5.50944674E-02  4.93446290E-02  9.84924729E-04
5.53930824E-02  4.99291830E-02  9.68814013E-04
5.56916974E-02  4.77523506E-02  9.42317536E-04
5.59903124E-02  4.84937429E-02  9.69487126E-04
5.62889274E-02  4.71970253E-02  9.35558055E-04
5.65875424E-02  4.88941111E-02  9.69388755E-04
5.68861574E-02  4.91443500E-02  9.54664196E-04
5.71847724E-02  4.74470183E-02  9.31767747E-04
5.74833874E-02  4.84425351E-02  9.51684895E-04
5.77820024E-02  4.86168116E-02  9.41931619E-04
5.80806174E-02  4.84704822E-02  9.63835570E-04
5.83792324E-02  4.94959466E-02  9.39251040E-04
5.86778474E-02  4.84371781E-02  9.43959574E-04
5.89764624E-02  4.92342301E-02  9.62053891E-04
5.92750774E-02  4.92046140E-02  9.22820880E-04
5.95736924E-02  4.93755378E-02  9.53060749E-04
5.98723074E-02  4.77001369E-02  9.17310303E-04
6.01709224E-02  4.83698323E-02  9.22544219E-04
6.04695374E-02  4.96492609E-02  9.49366949E-04
6.07681524E-02  4.91016358E-02  9.34295240E-04
6.10667674E-02  4.91660833E-02  9.39784339E-04
6.13653824E-02  4.93068174E-02  9.19736864E-04
6.16639974E-02  5.18012159E-02  9.54709074E-04
6.19626124E-02  4.90235500E-02  9.29951901E-04
6.22612274E-02  4.93120030E-02  9.15227691E-04
6.25598424E-02  5.13158403E-02  9.53898532E-04
6.28584574E-02  5.16403392E-02  9.41251812E-04
6.31570724E-02  4.86476608E-02  9.21661442E-04
6.34556874E-02  4.97761779E-02  9.07273672E-04
6.37543024E-02  4.97709215E-02  9.19479120E-04
6.40529174E-02  5.05511314E-02  9.39521240E-04
6.43515324E-02  5.20289950E-02  9.34920856E-04
6.46501474E-02  5.23047075E-02  9.57505719E-04
6.49487624E-02  5.17327413E-02  9.17241443E-04
6.52473774E-02  5.07522039E-02  9.16128629E-04
6.55459924E-02  5.38028926E-02  9.53646260E-04
6.58446074E-02  5.17445467E-02  9.25042725E-04
6.61432224E-02  5.36846966E-02  9.52599279E-04
6.64418374E-02  5.25423959E-02  9.18972248E-04
6.67404524E-02  5.48044965E-02  9.50859569E-04
6.70390674E-02  5.43198958E-02  9.51225578E-04
6.73376824E-02  5.60121275E-02  9.40616766E-04
6.76362974E-02  5.43563142E-02  9.49247158E-04
6.79349124E-02  5.76484762E-02  9.55908210E-04
6.82335274E-02  5.77343628E-02  9.63310362E-04
6.85321424E-02  5.77677339E-02  9.75060975E-04
6.88307574E-02  5.81327602E-02  9.58811375E-04
6.91293724E-02  5.84912114E-02  9.76482348E-04
6.94279874E-02  5.75788170E-02  9.45568201E-04
6.97266024E-02  5.98724410E-02  9.80988261E-04
7.00252174E-02  6.10112324E-02  9.82264988E-04
7.03238324E-02  6.26897663E-02  9.87761072E-04
7.06224474E-02  6.31485432E-02  1.00629532E-03
7.09210624E-02  6.40070662E-02  1.00035465E-03
7.12196774E-02  6.48533329E-02  1.00466330E-03
7.15182924E-02  6.61075935E-02  9.92109999E-04
7.18169074E-02  6.70327395E-02  1.02606474E-03
7.21155224E-02  6.81049973E-02  1.03071146E-03
7.24141374E-02  7.18290731E-02  1.05256063E-03
7.27127524E-02  7.10218176E-02  1.04196277E-03
7.30113674E-02  7.25519508E-02  1.04502239E-03
7.33099824E-02  7.48317391E-02  1.06717530E-03
7.36085974E-02  7.62363151E-02  1.08074117E-03
7.39072124E-02  7.97553509E-02  1.08503143E-03
7.42058274E-02  8.09024349E-02  1.11581606E-03
7.45044424E-02  8.33780244E-02  1.11299381E-03
7.48030574E-02  8.84929970E-02  1.15413649E-03
7.51016724E-02  8.99668559E-02  1.16243621E-03
7.54002874E-02  9.18954313E-02  1.15603174E-03
7.56989024E-02  9.53121111E-02  1.19778165E-03
7.59975174E-02  1.01082489E-01  1.21372810E-03
7.62961324E-02  1.06716663E-01  1.25108229E-03
7.65947474E-02  1.11386329E-01  1.27408956E-03
7.68933624E-02  1.16544984E-01  1.30464428E-03
7.71919774E-02  1.24044940E-01  1.36050500E-03
7.74905924E-02  1.28952995E-01  1.35657343E-03
7.77892074E-02  1.37719199E-01  1.41074334E-03
7.80878224E-02  1.47250876E-01  1.44662859E-03
7.83864374E-02  1.58399343E-01  1.49807124E-03
7.86850524E-02  1.70712695E-01  1.58067304E-03
7.89836674E-02  1.86623499E-01  1.63197040E-03
7.92822824E-02  2.03619868E-01  1.69067946E-03
7.95808974E-02  2.23088115E-01  1.75361196E-03
7.98795124E-02  2.46645868E-01  1.88005599E-03
8.01781274E-02  2.72181809E-01  1.99166918E-03
8.04767424E-02  3.03332835E-01  2.04893830E-03
8.07753574E-02  3.38311762E-01  2.18598009E-03
8.10739724E-02  3.83981675E-01  2.30296911E-03
8.13725874E-02  4.29616988E-01  2.42624665E-03
8.16712024E-02  4.94686931E-01  2.64606578E-03
8.19698174E-02  5.58853447E-01  2.74003739E-03
8.22684324E-02  6.39701307E-01  2.99364142E-03
8.25670474E-02  7.19001710E-01  3.13565228E-03
8.28656624E-02  8.15863967E-01  3.36370850E-03
8.31642774E-02  9.23327804E-01  3.52888461E-03
8.34628924E-02  1.05228150E+00  3.77096422E-03
8.37615074E-02  1.17336965E+00  4.04209131E-03
8.40601224E-02  1.30730867E+00  4.17858222E-03
8.43587374E-02  1.44323730E+00  4.40761726E-03
8.46573524E-02  1.58804405E+00  4.60097799E-03
8.49559674E-02  1.73859894E+00  4.84716473E-03
8.52545824E-02  1.86462688E+00  5.02967741E-03
8.55531974E-02  1.97786105E+00  5.09534683E-03
8.58518124E-02  2.10169029E+00  5.27769746E-03
8.61504274E-02  2.17701340E+00  5.31535689E-03
8.64490424E-02  2.24597168E+00  5.48770046E-03
8.67476574E-02  2.28209472E+00  5.52089745E-03
8.70462724E-02  2.27647090E+00  5.42264385E-03
8.73448874E-02  2.23493147E+00  5.41380560E-03
8.76435024E-02  2.16846728E+00  5.28006302E-03
8.79421174E-02  2.05704045E+00  5.22640534E-03
8.82407324E-02  1.91485763E+00  5.02317492E-03
8.85393474E-02  1.75114250E+00  4.73601883E-03
8.88379624E-02  1.58573413E+00  4.54078102E-03
8.91365774E-02  1.39890218E+00  4.20951471E-03
8.94351924E-02  1.21317077E+00  3.94935068E-03
8.97338074E-02  1.04551017E+00  3.64590366E-03
9.00324224E-02  8.90467644E-01  3.35543277E-03
9.03310374E-02  7.61834741E-01  3.13847256E-03
9.06296524E-02  6.42858446E-01  2.84838490E-03
9.09282674E-02  5.46153843E-01  2.62301276E-03
9.12268824E-02  4.67281431E-01  2.42179749E-03
9.15254974E-02  3.97951901E-01  2.22681183E-03
9.18241124E-02  3.47487986E-01  2.11169641E-03
9.21227274E-02  3.02456349E-01  1.95198134E-03
9.24213424E-02  2.64837354E-01  1.79555907E-03
9.27199574E-02  2.33723253E-01  1.70193356E-03
9.30185724E-02  2.10875154E-01  1.61953119E-03
9.33171874E-02  1.87671021E-01  1.54327205E-03
9.36158024E-02  1.72624260E-01  1.42952998E-03
9.39144174E-02  1.58749223E-01  1.40645832E-03
9.42130324E-02  1.46945477E-01  1.34585996E-03
9.45116474E-02  1.37625143E-01  1.29667809E-03
9.48102624E-02  1.29417464E-01  1.26304536E-03
9.51088774E-02  1.20780870E-01  1.19678921E-03
9.54074924E-02  1.14154041E-01  1.17885205E-03
9.57061074E-02  1.10099562E-01  1.15466467E-03
9.60047224E-02  1.04677498E-01  1.12686807E-03
9.63033374E-02  1.01577125E-01  1.09943294E-03
9.66019524E-02  9.71724391E-02  1.08096236E-03
9.69005674E-02  9.26459357E-02  1.05272676E-03
9.71991824E-02  8.84520486E-02  1.02594914E-03
9.74977974E-02  8.71701241E-02  1.01497944E-03
9.77964124E-02  8.44502896E-02  9.95601993E-04
9.80950274E-02  8.24430212E-02  9.90489614E-04
9.83936424E-02  8.26337039E-02  9.92064830E-04
9.86922574E-02  7.73307458E-02  9.58874822E-04
9.89908724E-02  7.80913383E-02  9.53326351E-04
9.92894874E-02  7.52711669E-02  9.33193252E-04
9.95881024E-02  7.30379745E-02  9.26686800E-04
9.98867174E-02  7.23811984E-02  9.25684581E-04
1.00185332E-01  7.09517449E-02  8.95901059E-04
1.00483947E-01  6.92488104E-02  8.99259350E-04
1.00782562E-01  6.65580183E-02  8.70951510E-04
1.01081177E-01  6.84909895E-02  8.92433396E-04
1.01379792E-01  6.80081695E-02  8.85916641E-04
1.01678407E-01  6.52113780E-02  8.58193031E-04
1.01977022E-01  6.31152242E-02  8.53454112E-04
1.02275637E-01  6.42347708E-02  8.60990956E-04
1.02574252E-01  6.43409342E-02  8.58107989E-04
1.02872867E-01  6.31008893E-02  8.40747554E-04
1.03171482E-01  6.20141476E-02  8.32798658E-04
1.03470097E-01  6.02307580E-02  8.22076225E-04
1.03768712E-01  5.98584488E-02  8.26991920E-04
1.04067327E-01  6.00611791E-02  8.13645893E-04
1.04365942E-01  6.08996488E-02  8.28662480E-04
1.04664557E-01  6.04510307E-02  8.24928982E-04
1.04963172E-01  5.90958931E-02  8.09684745E-04
1.05261787E-01  5.87147139E-02  8.09031248E-04
1.05560402E-01  5.80918305E-02  7.96376495E-04
1.05859017E-01  5.81170730E-02  8.06870346E-04
1.06157632E-01  5.72585128E-02  7.95717759E-04
1.06456247E-01  5.73028512E-02  7.96026492E-04
1.06754862E-01  5.61360940E-02  7.78542424E-04
1.07053477E-01  5.51886335E-02  7.76842528E-04
1.07352092E-01  5.64243868E-02  7.85492419E-04
1.07650707E-01  5.53534590E-02  7.78622867E-04
1.07949322E-01  5.54069690E-02  7.77761394E-04
1.08247937E-01  5.52537926E-02  7.76070112E-04
1.08546552E-01  5.53439781E-02  7.79802096E-04
1.08845167E-01  5.33656441E-02  7.53199274E-04
1.09143782E-01  5.39477021E-02  7.66237674E-04
1.09442397E-01  5.43766953E-02  7.59714923E-04
1.09741012E-01  5.37856296E-02  7.57920032E-04
1.10039627E-01  5.16621768E-02  7.48648541E-04
1.10338242E-01  5.31285815E-02  7.54451205E-04
1.10636857E-01  5.35814501E-02  7.48385151E-04
1.10935472E-01  5.40116020E-02  7.50813168E-04
1.11234087E-01  5.39936908E-02  7.57624337E-04
1.11532702E-01  5.24031669E-02  7.45806203E-04
1.11831317E-01  5.25673665E-02  7.42969220E-04
1.12129932E-01  5.10508269E-02  7.33576715E-04
1.12428547E-01  5.13277985E-02  7.35282840E-04
1.12727162E-01  5.04079498E-02  7.25613558E-04
1.13025777E-01  5.05956188E-02  7.26136554E-04
1.13324392E-01  5.21051250E-02  7.35774927E-04
1.13623007E-01  5.22904247E-02  7.38759874E-04
1.13921622E-01  5.01540005E-02  7.24061509E-04
1.14220237E-01  5.08627631E-02  7.22057128E-04
1.14518852E-01  5.16958386E-02  7.22048397E-04
1.14817467E-01  4.99728955E-02  7.20022712E-04
1.15116082E-01  5.18243872E-02  7.32687768E-04
1.15414697E-01  5.21915816E-02  7.31977401E-04
1.15713312E-01  5.17212190E-02  7.21699209E-04
1.16011927E-01  5.05306087E-02  7.15972332E-04
1.16310542E-01  5.13179265E-02  7.28005427E-04
1.16609157E-01  5.08635491E-02  7.16743525E-04
1.16907772E-01  5.23390174E-02  7.29751657E-04
1.17206387E-01  5.01401164E-02  7.11368339E-04
1.17505002E-01  5.01501001E-02  7.07041065E-04
1.17803617E-01  5.11839576E-02  7.22191355E-04
1.18102232E-01  5.14358878E-02  7.17089802E-04
1.18400847E-01  5.09844758E-02  7.14977679E-04
1.18699462E-01  5.05428053E-02  7.10322172E-04
1.18998077E-01  4.99589853E-02  6.99634315E-04
1.19296692E-01  5.00301793E-02  7.13480229E-04
1.19595307E-01  4.99520227E-02  7.00086181E-04
1.19893922E-01  5.03937043E-02  7.01674377E-04
1.20192537E-01  4.97970693E-02  7.05578830E-04
1.20491152E-01  5.04975952E-02  7.00410397E-04
1.20789767E-01  5.05621433E-02  7.07387691E-04
1.21088382E-01  5.14927022E-02  7.12842622E-04
1.21386997E-01  5.07019311E-02  7.01828278E-04
1.21685612E-01  5.04338071E-02  7.06491701E-04
1.21984227E-01  5.24754971E-02  7.16026349E-04
1.22282842E-01  5.15089445E-02  7.04413338E-04
1.22581457E-01  5.11106215E-02  6.96819043E-04
1.22880072E-01  5.16214520E-02  7.12715322E-04
1.23178687E-01  5.30451685E-02  7.15846836E-04
1.23477302E-01  5.19267917E-02  7.10260472E-04
1.23775917E-01  5.03479615E-02  6.91126159E-04
1.24074532E-01  5.11660166E-02  7.03549769E-04
1.24373147E-01  4.98648770E-02  6.93571870E-04
1.24671762E-01  5.14196157E-02  7.00381119E-04
1.24970377E-01  5.31755798E-02  7.10271532E-04
1.25268992E-01  5.06640412E-02  6.92341011E-04
1.25567607E-01  5.17455749E-02  6.96345873E-04
1.25866222E-01  5.31015284E-02  7.16737995E-04
1.26164837E-01  5.16672581E-02  6.99164404E-04
1.26463452E-01  5.23550250E-02  7.00436940E-04
1.26762067E-01  5.13886064E-02  6.96798670E-04
1.27060682E-01  5.18500432E-02  6.98004558E-04
1.27359297E-01  5.19390590E-02  7.09102838E-04
1.27657912E-01  5.17481230E-02  6.91204856E-04
1.27956527E-01  5.43182567E-02  7.11274217E-04
1.28255142E-01  5.32977358E-02  7.09627930E-04
1.28553757E-01  5.44143990E-02  7.04544771E-04
1.28852372E-01  5.37478328E-02  7.03021651E-04
1.29150987E-01  5.47594652E-02  7.09607673E-04
1.29449602E-01  5.49522489E-02  7.15174945E-04
1.29748217E-01  5.44319004E-02  7.11300236E-04
1.30046832E-01  5.53007163E-02  7.11208093E-04
1.30345447E-01  5.74918799E-02  7.23239791E-04
1.30644062E-01  5.67503907E-02  7.17612391E-04
1.30942677E-01  5.65462634E-02  7.21579767E-04
1.31241292E-01  5.68012968E-02  7.20796117E-04
1.31539907E-01  5.70176616E-02  7.18355004E-04
1.31838522E-01  5.78770414E-02  7.27107690E-04
1.32137137E-01  5.70555627E-02  7.28494197E-04
1.32435752E-01  5.82080930E-02  7.45461613E-04
1.32734367E-01  5.81231527E-02  7.43885932E-04
1.33032982E-01  5.85300364E-02  7.54363311E-04
1.33331597E-01  6.29539639E-02  7.82353804E-04
1.33630212E-01  6.10905141E-02  7.73980049E-04
1.33928827E-01  6.18754327E-02  7.90873542E-04
1.34227442E-01  6.37716874E-02  7.83551892E-04
1.34526057E-01  6.38396293E-02  7.99809466E-04
1.34824672E-01  6.45197704E-02  8.09985038E-04
1.35123287E-01  6.49813190E-02  8.08110344E-04
1.35421902E-01  6.68578967E-02  8.26983247E-04
1.35720517E-01  6.82893097E-02  8.27217707E-04
1.36019132E-01  6.83873519E-02  8.42684298E-04
1.36317747E-01  7.06856698E-02  8.48438416E-04
1.36616362E-01  7.30028600E-02  8.59690481E-04
1.36914977E-01  7.39482269E-02  8.74958467E-04
1.37213592E-01  7.53763393E-02  8.84701265E-04
1.37512207E-01  7.74795189E-02  9.05898982E-04
1.37810822E-01  7.88760781E-02  9.05008870E-04
1.38109437E-01  8.21575895E-02  9.23643878E-04
1.38408052E-01  8.44780430E-02  9.40155063E-04
1.38706667E-01  8.64424184E-02  9.53202893E-04
1.39005282E-01  8.69264975E-02  9.66267544E-04
1.39303897E-01  9.21207964E-02  9.75109870E-04
1.39602512E-01  9.64860320E-02  1.01722160E-03
1.39901127E-01  9.84526277E-02  1.02593785E-03
1.40199742E-01  1.04152150E-01  1.05032860E-03
1.40498357E-01  1.07479088E-01  1.07824686E-03
1.40796972E-01  1.11453354E-01  1.08360464E-03
1.41095587E-01  1.18251421E-01  1.13233156E-03
1.41394202E-01  1.21875040E-01  1.14236656E-03
1.41692817E-01  1.28975570E-01  1.18256570E-03
1.41991432E-01  1.34917796E-01  1.20950222E-03
1.42290047E-01  1.42918989E-01  1.23610883E-03
1.42588662E-01  1.51928902E-01  1.29166769E-03
1.42887277E-01  1.59664869E-01  1.31680409E-03
1.43185892E-01  1.70199215E-01  1.35527656E-03
1.43484507E-01  1.76981822E-01  1.39299640E-03
1.43783122E-01  1.87244713E-01  1.42096914E-03
1.44081737E-01  1.98486924E-01  1.46761851E-03
1.44380352E-01  2.08242342E-01  1.49094861E-03
1.44678967E-01  2.19849393E-01  1.51497824E-03
1.44977582E-01  2.31345505E-01  1.58507889E-03
1.45276197E-01  2.46293053E-01  1.61148037E-03
1.45574812E-01  2.60209054E-01  1.67577143E-03
1.45873427E-01  2.67517388E-01  1.65987061E-03
1.46172042E-01  2.84722209E-01  1.72473420E-03
1.46470657E-01  3.00461918E-01  1.79301179E-03
1.46769272E-01  3.12232763E-01  1.80614181E-03
1.47067887E-01  3.27540338E-01  1.84568588E-03
1.47366502E-01  3.38842601E-01  1.86809967E-03
1.47665117E-01  3.56555313E-01  1.91918435E-03
1.47963732E-01  3.66574764E-01  1.96827343E-03
1.48262347E-01  3.74722898E-01  1.96895585E-03
1.48560962E-01  3.85443479E-01  1.99993723E-03
1.48859577E-01  3.95252079E-01  1.99826248E-03
1.49158192E-01  4.05160606E-01  2.06531887E-03
1.49456807E-01  4.11460817E-01  2.05704686E-03
1.49755422E-01  4.20132428E-01  2.07319297E-03
1.50054037E-01  4.17817205E-01  2.08067615E-03
1.50352652E-01  4.19837147E-01  2.05948553E-03
1.50651267E-01  4.21909541E-01  2.09400500E-03
1.50949882E-01  4.15405810E-01  2.04558973E-03
1.51248497E-01  4.10146505E-01  2.04235059E-03
1.51547112E-01  4.07548606E-01  2.07141833E-03
1.51845727E-01  3.93784165E-01  1.97721785E-03
1.52144342E-01  3.86385620E-01  2.00696103E-03
1.52442957E-01  3.69719148E-01  1.90488319E-03
1.52741572E-01  3.57228369E-01  1.89974788E-03
1.53040187E-01  3.45175892E-01  1.89405656E-03
1.53338802E-01  3.27328652E-01  1.80725998E-03
1.53637417E-01  3.10835302E-01  1.78261613E-03
1.53936032E-01  2.90153891E-01  1.69724179E-03
1.54234647E-01  2.71235526E-01  1.64454652E-03
1.54533262E-01  2.55351841E-01  1.62053865E-03
1.54831877E-01  2.37535283E-01  1.54123513E-03
1.55130492E-01  2.21971259E-01  1.49206049E-03
1.55429107E-01  2.02614754E-01  1.41778798E-03
1.55727722E-01  1.91382766E-01  1.39155274E-03
1.56026337E-01  1.74905822E-01  1.32254162E-03
1.56324952E-01  1.64856911E-01  1.27980765E-03
1.56623567E-01  1.53583184E-01  1.24934595E-03
1.56922182E-01  1.41700968E-01  1.18269073E-03
1.57220797E-01  1.34321958E-01  1.16709073E-03
1.57519412E-01  1.28177792E-01  1.12605747E-03
1.57818027E-01  1.20298743E-01  1.09011703E-03
1.58116642E-01  1.14359342E-01  1.07728096E-03
1.58415257E-01  1.06993183E-01  1.02806801E-03
1.58713872E-01  1.04610778E-01  1.02618791E-03
1.59012487E-01  1.00441769E-01  9.91126639E-04
1.59311102E-01  9.80102941E-02  9.94017115E-04
1.59609717E-01  9.44856927E-02  9.77775431E-04
1.59908332E-01  9.11290497E-02  9.38079960E-04
1.60206947E-01  8.99330825E-02  9.41204722E-04
1.60505562E-01  8.99234861E-02  9.41155828E-04
1.60804177E-01  8.59073475E-02  9.18913400E-04
1.61102792E-01  8.59788731E-02  9.19625920E-04
1.61401407E-01  8.64009485E-02  9.18276142E-04
1.61700022E-01  8.59522372E-02  9.14592587E-04
1.61998637E-01  8.56739730E-02  9.15057084E-04
1.62297252E-01  8.59010443E-02  9.20532737E-04
1.62595867E-01  8.42021406E-02  9.10732546E-04
1.62894482E-01  8.81318897E-02  9.21244849E-04
1.63193097E-01  8.95872712E-02  9.42449726E-04
1.63491712E-01  9.16953608E-02  9.37719597E-04
1.63790327E-01  9.08784047E-02  9.48194589E-04
1.64088942E-01  9.28848311E-02  9.42471263E-04
1.64387557E-01  9.62219834E-02  9.66676860E-04
1.64686172E-01  9.93932486E-02  9.94131318E-04
1.64984787E-01  1.00720599E-01  9.82792000E-04
1.65283402E-01  1.04807906E-01  1.00888824E-03
1.65582017E-01  1.07893601E-01  1.01506745E-03
1.65880632E-01  1.08954675E-01  1.02432503E-03
1.66179247E-01  1.14683062E-01  1.05947582E-03
1.66477862E-01  1.17885053E-01  1.05919444E-03
1.66776477E-01  1.21045500E-01  1.08270720E-03
1.67075092E-01  1.27034962E-01  1.11152302E-03
1.67373707E-01  1.32571504E-01  1.13189151E-03
1.67672322E-01  1.37027726E-01  1.14995171E-03
1.67970937E-01  1.40096456E-01  1.15189713E-03
1.68269552E-01  1.46990314E-01  1.18935725E-03
1.68568167E-01  1.52593762E-01  1.19970471E-03
1.68866782E-01  1.58878177E-01  1.24218385E-03
1.69165397E-01  1.64165646E-01  1.25299033E-03
1.69464012E-01  1.69201627E-01  1.26417808E-03
1.69762627E-01  1.75506637E-01  1.29600207E-03
1.70061242E-01  1.81621850E-01  1.31382572E-03
1.70359857E-01  1.87174097E-01  1.34923251E-03
1.70658472E-01  1.94841325E-01  1.35195686E-03
1.70957087E-01  1.99953914E-01  1.37474900E-03
1.71255702E-01  2.06664979E-01  1.41475059E-03
1.71554317E-01  2.08231390E-01  1.38820929E-03
1.71852932E-01  2.10891709E-01  1.41477527E-03
1.72151547E-01  2.15800047E-01  1.42623368E-03
1.72450162E-01  2.20667556E-01  1.44570332E-03
1.72748777E-01  2.24925563E-01  1.46311813E-03
1.73047392E-01  2.25250572E-01  1.45763485E-03
1.73346007E-01  2.27862611E-01  1.46858452E-03
1.73644622E-01  2.28210568E-01  1.46267796E-03
1.73943237E-01  2.30890498E-01  1.47174508E-03
1.74241852E-01  2.27578282E-01  1.47020654E-03
1.74540467E-01  2.24733353E-01  1.44267478E-03
1.74839082E-01  2.24584714E-01  1.46000541E-03
1.75137697E-01  2.20458224E-01  1.43275561E-03
1.75436312E-01  2.18634278E-01  1.43608544E-03
1.75734927E-01  2.14241177E-01  1.40435447E-03
1.76033542E-01  2.07232818E-01  1.38537481E-03
1.76332157E-01  2.04083800E-01  1.39564264E-03
1.76630772E-01  1.96644709E-01  1.34590326E-03
1.76929387E-01  1.88575834E-01  1.33832637E-03
1.77228002E-01  1.78720206E-01  1.27797562E-03
1.77526617E-01  1.74277440E-01  1.27131934E-03
1.77825232E-01  1.65610582E-01  1.24350633E-03
1.78123847E-01  1.57298848E-01  1.20699522E-03
1.78422462E-01  1.48574904E-01  1.17304910E-03
1.78721077E-01  1.42638355E-01  1.15248503E-03
1.79019692E-01  1.32401615E-01  1.11073779E-03
1.79318307E-01  1.28193200E-01  1.09331484E-03
1.79616922E-01  1.19313166E-01  1.03903899E-03
1.79915537E-01  1.12287998E-01  1.02151779E-03
1.80214152E-01  1.05107643E-01  9.79750534E-04
1.80512767E-01  1.00078538E-01  9.65692452E-04
1.80811382E-01  9.33482647E-02  9.30140144E-04
1.81109997E-01  9.11013857E-02  9.10331320E-04
1.81408612E-01  8.37672651E-02  8.81711836E-04
1.81707227E-01  8.05420205E-02  8.59656080E-04
1.82005842E-01  7.84135759E-02  8.48222524E-04
1.82304457E-01  7.59014487E-02  8.29833793E-04
1.82603072E-01  7.20649958E-02  8.12080514E-04
1.82901687E-01  6.73415735E-02  7.90559629E-04
1.83200302E-01  6.80783167E-02  7.87730329E-04
1.83498917E-01  6.30561486E-02  7.55122863E-04
1.83797532E-01  6.09930120E-02  7.41450174E-04
1.84096147E-01  6.00765459E-02  7.42705248E-04
1.84394762E-01  5.89513220E-02  7.36949092E-04
1.84693377E-01  5.73888682E-02  7.22058234E-04
1.84991992E-01  5.38242608E-02  7.02999765E-04
1.85290607E-01  5.51702194E-02  7.02648598E-04
1.85589222E-01  5.28484061E-02  6.92680711E-04
1.85887837E-01  5.19408099E-02  6.84677507E-04
1.86186452E-01  5.03438450E-02  6.72747905E-04
1.86485067E-01  5.03036939E-02  6.76024763E-04
1.86783682E-01  4.86428589E-02  6.62805222E-04
1.87082297E-01  4.84332703E-02  6.64217747E-04
1.87380912E-01  4.77733426E-02  6.55352371E-04
1.87679527E-01  4.81420979E-02  6.52358285E-04
1.87978142E-01  4.63118926E-02  6.47797948E-04
1.88276757E-01  4.65143695E-02  6.47721870E-04
1.88575372E-01  4.54387516E-02  6.42087543E-04
1.88873987E-01  4.52886708E-02  6.37047691E-04
1.89172602E-01  4.50143181E-02  6.31628267E-04
1.89471217E-01  4.39283475E-02  6.28639304E-04
1.89769832E-01  4.32099737E-02  6.25116460E-04
1.90068447E-01  4.33224514E-02  6.17068843E-04
1.90367062E-01  4.20987345E-02  6.14007819E-04
1.90665677E-01  4.30578813E-02  6.19553903E-04
1.90964292E-01  4.24561165E-02  6.14017714E-04
1.91262907E-01  4.24752869E-02  6.16750855E-04
1.91561522E-01  4.15197276E-02  6.02178043E-04
1.91860137E-01  4.13652956E-02  6.09236129E-04
1.92158752E-01  4.10180837E-02  6.03533525E-04
1.92457367E-01  4.06258330E-02  6.01418840E-04
1.92755982E-01  3.99514809E-02  5.93914068E-04
1.93054597E-01  3.95786278E-02  5.91516960E-04
1.93353212E-01  4.07072641E-02  5.96831960E-04
1.93651827E-01  3.99982184E-02  5.97921433E-04
1.93950442E-01  3.93933840E-02  5.90134063E-04
1.94249057E-01  3.92453037E-02  5.84904454E-04
1.94547672E-01  3.90637219E-02  5.88039693E-04
1.94846287E-01  3.92134190E-02  5.88032242E-04
1.95144902E-01  3.81924212E-02  5.83515619E-04
1.95443517E-01  3.83461826E-02  5.72394871E-04
1.95742132E-01  3.70959081E-02  5.70841425E-04
1.96040747E-01  3.80499773E-02  5.79247251E-04
1.96339362E-01  3.79558802E-02  5.79833984E-04
1.96637977E-01  3.73434536E-02  5.69482334E-04
1.96936592E-01  3.79040167E-02  5.74831385E-04
1.97235207E-01  3.77488472E-02  5.75664511E-04
1.97533822E-01  3.69132310E-02  5.67091105E-04
1.97832437E-01  3.72713767E-02  5.71649522E-04
1.98131052E-01  3.79822366E-02  5.73975092E-04
1.98429667E-01  3.64032164E-02  5.62450849E-04
1.98728282E-01  3.68534066E-02  5.67714975E-04
1.99026897E-01  3.71507853E-02  5.66412404E-04
1.99325512E-01  3.68902534E-02  5.66203846E-04
1.99624127E-01  3.52517180E-02  5.53312828E-04
1.99922742E-01  3.60965021E-02  5.58847038E-04
2.00221357E-01  3.56698334E-02  5.58706874E-04
2.00519972E-01  3.50355320E-02  5.48166747E-04
2.00818587E-01  3.56722251E-02  5.52609621E-04
2.01117202E-01  3.60510536E-02  5.60974237E-04
2.01415817E-01  3.51797454E-02  5.48613083E-04
2.01714432E-01  3.59774753E-02  5.57405234E-04
2.02013047E-01  3.62603068E-02  5.57323452E-04
2.02311662E-01  3.61418165E-02  5.58678876E-04
2.02610277E-01  3.43714431E-02  5.46198047E-04
2.02908892E-01  3.50471623E-02  5.45551302E-04
2.03207507E-01  3.40894759E-02  5.40218840E-04
2.03506122E-01  3.37790363E-02  5.36919746E-04
2.03804737E-01  3.51588912E-02  5.48287819E-04
2.04103352E-01  3.41915712E-02  5.42381837E-04
2.04401967E-01  3.39518897E-02  5.39803645E-04
2.04700582E-01  3.42463963E-02  5.37467073E-04
2.04999197E-01  3.35883535E-02  5.33753948E-04
2.05297812E-01  3.36549208E-02  5.39463654E-04
2.05596427E-01  3.46623883E-02  5.43060247E-04
2.05895042E-01  3.30392458E-02  5.31510159E-04
2.06193657E-01  3.40232551E-02  5.35882369E-04
2.06492272E-01  3.39400917E-02  5.34572464E-04
2.06790887E-01  3.42313051E-02  5.42875496E-04
2.07089502E-01  3.32623906E-02  5.26319433E-04
2.07388117E-01  3.35662328E-02  5.35570784E-04
2.07686732E-01  3.29499394E-02  5.28502860E-04
2.07985347E-01  3.41343693E-02  5.36105188E-04
2.08283962E-01  3.31855379E-02  5.29901357E-04
2.08582577E-01  3.36655937E-02  5.29986166E-04
2.08881192E-01  3.27707045E-02  5.25290321E-04
2.09179807E-01  3.39242518E-02  5.36926731E-04
2.09478422E-01  3.37902531E-02  5.29526325E-04
2.09777037E-01  3.31338271E-02  5.29819226E-04
2.10075652E-01  3.37270573E-02  5.29512181E-04
2.10374267E-01  3.29642892E-02  5.30098565E-04
2.10672882E-01  3.30071151E-02  5.28808101E-04
2.10971497E-01  3.23877968E-02  5.15326974E-04
2.11270112E-01  3.29634137E-02  5.27972472E-04
2.11568727E-01  3.32330987E-02  5.24674950E-04
2.11867342E-01  3.34263332E-02  5.31179307E-04
2.12165957E-01  3.23528349E-02  5.17993583E-04
2.12464572E-01  3.27167623E-02  5.20429458E-04
2.12763187E-01  3.38958912E-02  5.32294100E-04
2.13061802E-01  3.37342285E-02  5.30540943E-04
2.13360417E-01  3.33680734E-02  5.29585232E-04
2.13659032E-01  3.21348086E-02  5.14239189E-04
2.13957647E-01  3.31936106E-02  5.23269642E-04
2.14256262E-01  3.35698649E-02  5.28610137E-04
2.14554877E-01  3.32591459E-02  5.23004623E-04
2.14853492E-01  3.31444964E-02  5.22885355E-04
2.15152107E-01  3.28349099E-02  5.19815658E-04
2.15450722E-01  3.33954021E-02  5.29485755E-04
2.15749337E-01  3.25608253E-02  5.19198482E-04
2.16047952E-01  3.43454070E-02  5.31481870E-04
2.16346567E-01  3.41807902E-02  5.30524820E-04
2.16645182E-01  3.39187644E-02  5.25509298E-04
2.16943797E-01  3.38561162E-02  5.27843309E-04
2.17242412E-01  3.35070938E-02  5.28605655E-04
2.17541027E-01  3.39430198E-02  5.23689843E-04
2.17839642E-01  3.37643325E-02  5.31277270E-04
2.18138257E-01  3.28740440E-02  5.14473999E-04
2.18436872E-01  3.36272605E-02  5.25746960E-04
2.18735487E-01  3.45831439E-02  5.30481222E-04
2.19034102E-01  3.37769538E-02  5.24572912E-04
2.19332717E-01  3.44704874E-02  5.33417391E-04
2.19631332E-01  3.46746780E-02  5.32763486E-04
2.19929947E-01  3.43112387E-02  5.27927652E-04
2.20228562E-01  3.40657979E-02  5.24337462E-04
2.20527177E-01  3.47638316E-02  5.32501610E-04
2.20825792E-01  3.41679715E-02  5.28546283E-04
2.21124407E-01  3.51529531E-02  5.34525898E-04
2.21423022E-01  3.42514254E-02  5.26695745E-04
2.21721637E-01  3.42723392E-02  5.25775540E-04
2.22020252E-01  3.51955667E-02  5.32655104E-04
2.22318867E-01  3.53857391E-02  5.37568645E-04
2.22617482E-01  3.56741697E-02  5.33461396E-04
2.22916097E-01  3.65123600E-02  5.47036179E-04
2.23214712E-01  3.57990302E-02  5.36108273E-04
2.23513327E-01  3.65383588E-02  5.45287912E-04
2.23811942E-01  3.53358351E-02  5.33253420E-04
2.24110557E-01  3.61744873E-02  5.37350192E-04
2.24409172E-01  3.56587768E-02  5.37576328E-04
2.24707787E-01  3.58376913E-02  5.33762504E-04
2.25006402E-01  3.68076339E-02  5.47298929E-04
2.25305017E-01  3.58827710E-02  5.30738209E-04
2.25603632E-01  3.66267599E-02  5.43708680E-04
2.25902247E-01  3.79346460E-02  5.53982332E-04
2.26200862E-01  3.63956392E-02  5.39624132E-04
2.26499477E-01  3.63581441E-02  5.37475513E-04
2.26798092E-01  3.68097648E-02  5.43795351E-04
2.27096707E-01  3.73195671E-02  5.46751835E-04
2.27395322E-01  3.54330800E-02  5.34781837E-04
2.27693937E-01  3.59629393E-02  5.32098638E-04
2.27992552E-01  3.60689871E-02  5.34722290E-04
2.28291167E-01  3.53149921E-02  5.28800301E-04
2.28589782E-01  3.57887745E-02  5.36677311E-04
2.28888397E-01  3.64345983E-02  5.39608998E-04
2.29187012E-01  3.61299738E-02  5.32881182E-04
2.29485627E-01  3.48879769E-02  5.25597774E-04
2.29784242E-01  3.47327664E-02  5.26859134E-04
2.30082857E-01  3.51189747E-02  5.26278338E-04
2.30381472E-01  3.52930091E-02  5.26526768E-04
2.30680087E-01  3.44963223E-02  5.21893322E-04
2.30978702E-01  3.51754948E-02  5.27006981E-04
2.31277317E-01  3.38795260E-02  5.17803186E-04
2.31575932E-01  3.42161171E-02  5.20220492E-04
2.31874547E-01  3.39893922E-02  5.14518528E-04
2.32173162E-01  3.34467813E-02  5.12869214E-04
2.32471777E-01  3.39839347E-02  5.18009241E-04
2.32770392E-01  3.29675116E-02  5.08457655E-04
2.33069007E-01  3.24601345E-02  5.04243653E-04
2.33367622E-01  3.25095579E-02  5.02771873E-04
2.33666237E-01  3.18679363E-02  5.02059644E-04
2.33964852E-01  3.12019773E-02  4.92976978E-04
2.34263467E-01  3.20822485E-02  4.99883608E-04
2.34562082E-01  3.19413021E-02  5.00060502E-04
2.34860697E-01  3.08263134E-02  4.90419858E-04
2.35159312E-01  3.06775421E-02  4.89791681E-04
2.35457927E-01  2.95686498E-02  4.78284317E-04
2.35756542E-01  3.06505021E-02  4.85051598E-04
2.36055157E-01  3.05476580E-02  4.88340796E-04
2.36353772E-01  2.97243372E-02  4.81306633E-04
2.36652387E-01  2.93071792E-02  4.80510149E-04
2.36951002E-01  2.90687326E-02  4.69890714E-04
2.37249617E-01  2.92042457E-02  4.78436763E-04
2.37548232E-01  2.86765844E-02  4.71950654E-04
2.37846847E-01  2.91550178E-02  4.74269153E-04
2.38145462E-01  2.77121179E-02  4.61996970E-04
2.38444077E-01  2.83557903E-02  4.64225654E-04
2.38742692E-01  2.88158879E-02  4.75792214E-04
2.39041307E-01  2.85614450E-02  4.69420396E-04
2.39339922E-01  2.87035406E-02  4.69667109E-04
2.39638537E-01  2.81205904E-02  4.65264166E-04
2.39937152E-01  2.75279656E-02  4.59054514E-04
2.40235767E-01  2.78153177E-02  4.64687124E-04
2.40534382E-01  2.74745524E-02  4.58866183E-04
2.40832997E-01  2.78411377E-02  4.60892916E-04
2.41131612E-01  2.75978334E-02  4.61311341E-04
2.41430227E-01  2.76574716E-02  4.57977992E-04
2.41728842E-01  2.78613642E-02  4.64291603E-04
2.42027457E-01  2.79054791E-02  4.58515482E-04
2.42326072E-01  2.81438641E-02  4.62245225E-04
2.42624687E-01  2.80164666E-02  4.65585152E-04
2.42923302E-01  2.75444333E-02  4.58946422E-04
2.43221917E-01  2.78895106E-02  4.57512593E-04
2.43520532E-01  2.74310056E-02  4.55604197E-04
2.43819147E-01  2.77341492E-02  4.58494003E-04
2.44117762E-01  2.76367348E-02  4.59846488E-04
2.44416377E-01  2.78219488E-02  4.62544238E-04
2.44714992E-01  2.83985864E-02  4.61171585E-04
2.45013607E-01  2.77517419E-02  4.60677227E-04
2.45312222E-01  2.84215696E-02  4.63381468E-04
2.45610837E-01  2.80774701E-02  4.61965479E-04
2.45909452E-01  2.87444666E-02  4.62718483E-04
2.46208067E-01  2.92037819E-02  4.70234256E-04
2.46506682E-01  2.87518054E-02  4.65559075E-04
2.46805297E-01  2.84575727E-02  4.66894155E-04
2.47103912E-01  2.83598714E-02  4.60239564E-04
2.47402527E-01  2.85840668E-02  4.62056196E-04
2.47701142E-01  2.86347121E-02  4.65251564E-04
2.47999757E-01  2.91235726E-02  4.68821207E-04
2.48298372E-01  2.81115398E-02  4.63279139E-04
2.48596987E-01  2.84574553E-02  4.57328628E-04
2.48895602E-01  2.90519558E-02  4.65322926E-04
2.49194217E-01  2.94139087E-02  4.68721497E-04
2.49492832E-01  2.97811069E-02  4.72537416E-04
2.49791447E-01  2.97471099E-02  4.73430468E-04
2.50090062E-01  2.96430066E-02  4.69401712E-04
2.50388677E-01  3.07437237E-02  4.81429655E-04
2.50687292E-01  2.99725886E-02  4.73671476E-04
2.50985907E-01  3.08777187E-02  4.78049711E-04
2.51284522E-01  3.03202309E-02  4.76671907E-04
2.51583137E-01  3.12696248E-02  4.80559567E-04
2.51881752E-01  3.12127266E-02  4.82197211E-04
2.52180367E-01  3.20397466E-02  4.88544756E-04
2.52478982E-01  3.22081335E-02  4.88114107E-04
2.52777597E-01  3.15650776E-02  4.84129210E-04
2.53076212E-01  3.17456983E-02  4.85644443E-04
2.53374827E-01  3.15841511E-02  4.85852506E-04
2.53673442E-01  3.19912955E-02  4.82725940E-04
2.53972057E-01  3.21151502E-02  4.87545476E-04
2.54270672E-01  3.20240632E-02  4.86723846E-04
2.54569287E-01  3.15131322E-02  4.85047087E-04
2.54867902E-01  3.24333496E-02  4.89563507E-04
2.55166517E-01  3.23857740E-02  4.86084435E-04
2.55465132E-01  3.28831971E-02  4.92552703E-04
2.55763747E-01  3.27219926E-02  4.91740415E-04
2.56062362E-01  3.39971110E-02  5.01096656E-04
2.56360977E-01  3.37149538E-02  4.95700981E-04
2.56659592E-01  3.40378024E-02  4.96756693E-04
2.56958207E-01  3.39542553E-02  5.00247697E-04
2.57256822E-01  3.37281525E-02  4.97781672E-04
2.57555437E-01  3.42733525E-02  4.99397225E-04
2.57854052E-01  3.39328274E-02  4.98097390E-04
2.58152667E-01  3.49787436E-02  5.07471501E-04
2.58451282E-01  3.43641080E-02  5.03128918E-04
2.58749897E-01  3.41085829E-02  4.96627472E-04
2.59048512E-01  3.45213339E-02  5.00677386E-04
2.59347127E-01  3.40426266E-02  4.96932946E-04
2.59645742E-01  3.46727818E-02  5.04041498E-04
2.59944357E-01  3.39533687E-02  4.99584421E-04
2.60242972E-01  3.37071717E-02  4.91512765E-04
2.60541587E-01  3.51285823E-02  5.06404787E-04
2.60840202E-01  3.44641916E-02  5.00269758E-04
2.61138817E-01  3.43586951E-02  5.00959926E-04
2.61437432E-01  3.38406079E-02  4.95464250E-04
2.61736047E-01  3.42665166E-02  4.96355642E-04
2.62034662E-01  3.36627923E-02  4.94293345E-04
2.62333277E-01  3.37652527E-02  4.94785432E-04
2.62631892E-01  3.31923626E-02  4.87753918E-04
2.62930507E-01  3.31840627E-02  4.87948157E-04
2.63229122E-01  3.32985036E-02  4.89683880E-04
2.63527737E-01  3.27301249E-02  4.88563732E-04
2.63826352E-01  3.29922885E-02  4.86286212E-04
2.64124967E-01  3.18169557E-02  4.77546942E-04
2.64423582E-01  3.24268229E-02  4.82480042E-04
2.64722197E-01  3.15200090E-02  4.73837805E-04
2.65020812E-01  3.17816585E-02  4.80548420E-04
2.65319427E-01  3.14512514E-02  4.71739302E-04
2.65618042E-01  3.02187167E-02  4.67231468E-04
2.65916657E-01  3.06495018E-02  4.68710379E-04
2.66215272E-01  3.04342415E-02  4.66455967E-04
2.66513887E-01  3.07611208E-02  4.69321036E-04
2.66812502E-01  3.00850514E-02  4.61266609E-04
2.67111117E-01  2.93813553E-02  4.58915660E-04
2.67409732E-01  2.93505620E-02  4.57486982E-04
2.67708347E-01  2.94564888E-02  4.59026545E-04
2.68006962E-01  2.82883327E-02  4.49134328E-04
2.68305577E-01  2.85809562E-02  4.49940417E-04
2.68604192E-01  2.76822466E-02  4.43954224E-04
2.68902807E-01  2.70925779E-02  4.38634801E-04
2.69201422E-01  2.76034381E-02  4.40711126E-04
2.69500037E-01  2.76892241E-02  4.43211989E-04
2.69798652E-01  2.78734658E-02  4.44456236E-04
2.70097267E-01  2.73969155E-02  4.43503930E-04
2.70395882E-01  2.70811617E-02  4.34202666E-04
2.70694497E-01  2.67195012E-02  4.34938062E-04
2.70993112E-01  2.56863665E-02  4.27216990E-04
2.71291727E-01  2.71721147E-02  4.39060183E-04
2.71590342E-01  2.65855659E-02  4.35419584E-04
2.71888957E-01  2.61093136E-02  4.26022627E-04
2.72187572E-01  2.62262486E-02  4.29477048E-04
2.72486187E-01  2.50819903E-02  4.20434168E-04
2.72784802E-01  2.62183901E-02  4.30736720E-04
2.73083417E-01  2.60440838E-02  4.24958271E-04
2.73382032E-01  2.46937592E-02  4.16213239E-04
2.73680647E-01  2.60977261E-02  4.29857988E-04
2.73979262E-01  2.46463660E-02  4.15709772E-04
2.74277877E-01  2.48854961E-02  4.16031427E-04
2.74576492E-01  2.43682694E-02  4.12311463E-04
2.74875107E-01  2.56123971E-02  4.23997495E-04
2.75173722E-01  2.53108963E-02  4.22141515E-04
2.75472337E-01  2.57112924E-02  4.20762226E-04
2.75770952E-01  2.48687454E-02  4.17799863E-04
2.76069567E-01  2.44254600E-02  4.10005567E-04
2.76368182E-01  2.43619625E-02  4.15006245E-04
2.76666797E-01  2.45205443E-02  4.15185204E-04
2.76965412E-01  2.50146165E-02  4.14613227E-04
2.77264027E-01  2.45143138E-02  4.13659000E-04
2.77562642E-01  2.38882434E-02  4.04769235E-04
2.77861257E-01  2.43279301E-02  4.13766626E-04
2.78159872E-01  2.44760420E-02  4.09415166E-04
2.78458487E-01  2.36596242E-02  4.04039747E-04
2.78757102E-01  2.42536180E-02  4.12085734E-04
2.79055717E-01  2.48121992E-02  4.14285343E-04
2.79354332E-01  2.40393449E-02  4.07680840E-04
2.79652947E-01  2.40307860E-02  4.07711603E-04
2.79951562E-01  2.48979442E-02  4.11606539E-04
2.80250177E-01  2.45783478E-02  4.14209120E-04
2.80548792E-01  2.37884074E-02  4.04942053E-04
2.80847407E-01  2.38575693E-02  4.04017541E-04
2.81146022E-01  2.40677856E-02  4.07519052E-04
2.81444637E-01  2.41058730E-02  4.08867869E-04
2.81743252E-01  2.44789924E-02  4.10268869E-04
2.82041867E-01  2.46061217E-02  4.07786487E-04
2.82340482E-01  2.38091033E-02  4.04416409E-04
2.82639097E-01  2.41630543E-02  4.07615735E-04
2.82937712E-01  2.45792437E-02  4.10395733E-04
2.83236327E-01  2.43974868E-02  4.08673281E-04
2.83534942E-01  2.51809824E-02  4.13136207E-04
2.83833557E-01  2.45849919E-02  4.10548935E-04
2.84132172E-01  2.41718125E-02  4.06378094E-04
2.84430787E-01  2.45644543E-02  4.11816873E-04
2.84729402E-01  2.52234675E-02  4.12172347E-04
2.85028017E-01  2.41515860E-02  4.05808707E-04
2.85326632E-01  2.45564226E-02  4.11855901E-04
2.85625247E-01  2.45506242E-02  4.05256054E-04
2.85923862E-01  2.44460162E-02  4.07773536E-04
2.86222477E-01  2.54773200E-02  4.15876595E-04
2.86521092E-01  2.46138573E-02  4.08870314E-04
2.86819707E-01  2.49310285E-02  4.14367707E-04
2.87118322E-01  2.50541866E-02  4.09296888E-04
2.87416937E-01  2.50513423E-02  4.11175308E-04
2.87715552E-01  2.45944895E-02  4.06812323E-04
2.88014167E-01  2.51335464E-02  4.14089242E-04
2.88312782E-01  2.44893320E-02  4.08042193E-04
2.88611397E-01  2.49122642E-02  4.06761334E-04
2.88910012E-01  2.49944553E-02  4.12638561E-04
2.89208627E-01  2.46432703E-02  4.07619198E-04
2.89507242E-01  2.54959520E-02  4.14308248E-04
2.89805857E-01  2.45820172E-02  4.05332714E-04
2.90104472E-01  2.54371054E-02  4.11724410E-04
2.90403087E-01  2.56091803E-02  4.17584175E-04
2.90701702E-01  2.53714044E-02  4.12393274E-04
2.91000317E-01  2.52520032E-02  4.10723878E-04
2.91298932E-01  2.48596035E-02  4.08413500E-04
2.91597547E-01  2.54373066E-02  4.13737813E-04
2.91896162E-01  2.51448657E-02  4.11052635E-04
2.92194777E-01  2.62037758E-02  4.17991658E-04
2.92493392E-01  2.59073526E-02  4.16024734E-04
2.92792007E-01  2.55485587E-02  4.13636764E-04
2.93090622E-01  2.60122716E-02  4.17172007E-04
2.93389237E-01  2.57064383E-02  4.14512178E-04
2.93687852E-01  2.59628631E-02  4.13675298E-04
2.93986467E-01  2.65818425E-02  4.21615434E-04
2.94285082E-01  2.58172471E-02  4.13406815E-04
2.94583697E-01  2.63623502E-02  4.20896162E-04
2.94882312E-01  2.64840703E-02  4.19116812E-04
2.95180927E-01  2.55288761E-02  4.08841617E-04
2.95479542E-01  2.58385353E-02  4.15080198E-04
2.95778157E-01  2.66590882E-02  4.19997465E-04
2.96076772E-01  2.67175771E-02  4.20762284E-04
2.96375387E-01  2.68717613E-02  4.21469216E-04
2.96674002E-01  2.66083870E-02  4.19198681E-04
2.96972617E-01  2.65426151E-02  4.21417557E-04
2.97271232E-01  2.73655504E-02  4.28109634E-04
2.97569847E-01  2.76537817E-02  4.30568791E-04
2.97868462E-01  2.73982715E-02  4.29832988E-04
2.98167077E-01  2.77986750E-02  4.35098511E-04
2.98465692E-01  2.72364747E-02  4.33363515E-04
2.98764307E-01  2.72353012E-02  4.29608830E-04
2.99062922E-01  2.69776229E-02  4.30226268E-04
2.99361537E-01  2.75333785E-02  4.36050090E-04
2.99660152E-01  2.76859142E-02  4.38026589E-04
2.99958767E-01  2.76861936E-02  4.38250485E-04
3.00257382E-01  2.83358265E-02  4.44596400E-04
3.00555997E-01  2.87393779E-02  4.47525759E-04
3.00854612E-01  2.75548268E-02  4.37543611E-04
3.01153227E-01  2.83153057E-02  4.46478167E-04
3.01451842E-01  2.78132316E-02  4.40482196E-04
3.01750457E-01  2.73982175E-02  4.42252000E-04
3.02049072E-01  2.81675998E-02  4.45201935E-04
3.02347687E-01  2.82144342E-02  4.54480731E-04
3.02646302E-01  2.76833493E-02  4.55913105E-04
3.02944917E-01  2.82837749E-02  4.60706477E-04
3.03243532E-01  2.86158510E-02  4.72231914E-04
3.03542147E-01  2.86352523E-02  4.73196851E-04
3.03840762E-01  2.82983202E-02  4.70139232E-04
3.04139377E-01  2.81014852E-02  4.74595174E-04
3.04437992E-01  2.80762352E-02  4.70162748E-04
3.04736607E-01  2.81342324E-02  4.78365429E-04
3.05035222E-01  2.87811104E-02  4.79885173E-04
3.05333837E-01  2.90086940E-02  4.85030119E-04
3.05632452E-01  2.78208964E-02  4.78817354E-04
3.05931067E-01  2.84465495E-02  4.81729920E-04
3.06229682E-01  2.89578699E-02  4.91305604E-04
3.06528297E-01  2.87106428E-02  4.84537624E-04
3.06826912E-01  2.87395548E-02  4.90790640E-04
3.07125527E-01  2.89139356E-02  4.93480882E-04
3.07424142E-01  2.87931599E-02  4.91849554E-04
3.07722757E-01  2.84973327E-02  4.93243162E-04
3.08021372E-01  2.86835618E-02  4.90765611E-04
3.08319987E-01  2.85096876E-02  4.85592347E-04
3.08618602E-01  2.87752282E-02  4.83088807E-04
3.08917217E-01  2.81569175E-02  4.70722502E-04
3.09215832E-01  2.77111176E-02  4.71035048E-04
3.09514447E-01  2.76134517E-02  4.62867494E-04
3.09813062E-01  2.78398711E-02  4.65812889E-04
3.10111677E-01  2.87257731E-02  4.71040927E-04
3.10410292E-01  2.76801381E-02  4.56665992E-04
3.10708907E-01  2.81742308E-02  4.65197547E-04
3.11007522E-01  2.77018044E-02  4.54861962E-04
3.11306137E-01  2.69166231E-02  4.54066729E-04
3.11604752E-01  2.83905957E-02  4.60859563E-04
3.11903367E-01  2.78440155E-02  4.55908274E-04
3.12201982E-01  2.78738607E-02  4.56030277E-04
3.12500597E-01  2.76046116E-02  4.49703424E-04
3.12799212E-01  2.76799910E-02  4.54075518E-04
3.13097827E-01  2.79062074E-02  4.52758046E-04
3.13396442E-01  2.73926109E-02  4.47976985E-04
3.13695057E-01  2.77388897E-02  4.53095010E-04
3.13993672E-01  2.72277817E-02  4.44390840E-04
3.14292287E-01  2.76636519E-02  4.49118408E-04
3.14590902E-01  2.74312384E-02  4.45933256E-04
3.14889517E-01  2.75038853E-02  4.46524587E-04
3.15188132E-01  2.74006799E-02  4.48288803E-04
3.15486747E-01  2.70980559E-02  4.39878000E-04
3.15785362E-01  2.72293910E-02  4.43944358E-04
3.16083977E-01  2.71275975E-02  4.39778494E-04
3.16382592E-01  2.68634912E-02  4.40030475E-04
3.16681207E-01  2.74985041E-02  4.43236087E-04
3.16979822E-01  2.80757565E-02  4.47170518E-04
3.17278437E-01  2.65018884E-02  4.35924070E-04
3.17577052E-01  2.73993686E-02  4.41867829E-04
3.17875667E-01  2.70871762E-02  4.45491081E-04
3.18174282E-01  2.71755662E-02  4.50306921E-04
3.18472897E-01  2.68343277E-02  4.53907269E-04
3.18771512E-01  2.67791767E-02  4.51683823E-04
3.19070127E-01  2.70842630E-02  4.57807619E-04
3.19368742E-01  2.70293467E-02  4.57730202E-04
3.19667357E-01  2.63996627E-02  4.52750479E-04
3.19965972E-01  2.63243411E-02  4.53127694E-04
3.20264587E-01  2.60848943E-02  4.53119574E-04
3.20563202E-01  2.63940226E-02  4.55407921E-04
3.20861817E-01  2.59082373E-02  4.52101871E-04
3.21160432E-01  2.52288394E-02  4.44738020E-04
3.21459047E-01  2.58794129E-02  4.54725116E-04
3.21757662E-01  2.65319403E-02  4.57515242E-04
3.22056277E-01  2.47365441E-02  4.41512879E-04
3.22354892E-01  2.60503665E-02  4.57023969E-04
3.22653507E-01  2.52156444E-02  4.48211737E-04
3.22952122E-01  2.52797119E-02  4.52724547E-04
3.23250737E-01  2.59194393E-02  4.49770683E-04
3.23549352E-01  2.54465155E-02  4.51176515E-04
3.23847967E-01  2.51603294E-02  4.50731197E-04
3.24146582E-01  2.60013286E-02  4.56867274E-04
3.24445197E-01  2.50593238E-02  4.48777748E-04
3.24743812E-01  2.47318335E-02  4.45059064E-04
3.25042427E-01  2.52930932E-02  4.54864668E-04
3.25341042E-01  2.56884750E-02  4.53192770E-04
3.25639657E-01  2.50936989E-02  4.50405671E-04
3.25938272E-01  2.58446783E-02  4.58308146E-04
3.26236887E-01  2.55998299E-02  4.52545326E-04
3.26535502E-01  2.46166196E-02  4.50488296E-04
3.26834117E-01  2.45211311E-02  4.44591220E-04
3.27132732E-01  2.48896256E-02  4.50163905E-04
3.27431347E-01  2.53391322E-02  4.54884197E-04
3.27729962E-01  2.39364803E-02  4.40035597E-04
3.28028577E-01  2.46281028E-02  4.53593908E-04
3.28327192E-01  2.46782564E-02  4.43306053E-04
3.28625807E-01  2.45406087E-02  4.49398387E-04
3.28924422E-01  2.48484947E-02  4.51940257E-04
3.29223037E-01  2.42353249E-02  4.44479141E-04
3.29521652E-01  2.37304624E-02  4.40739619E-04
3.29820267E-01  2.35383119E-02  4.37397248E-04
3.30118882E-01  2.44456399E-02  4.50692256E-04
3.30417497E-01  2.39696726E-02  4.43882833E-04
3.30716112E-01  2.45889947E-02  4.46924911E-04
3.31014727E-01  2.42769346E-02  4.44868347E-04
3.31313342E-01  2.37417500E-02  4.38386021E-04
3.31611957E-01  2.48665586E-02  4.53470420E-04
3.31910572E-01  2.48724744E-02  4.50295774E-04
3.32209187E-01  2.37084981E-02  4.37697396E-04
3.32507802E-01  2.44471151E-02  4.49498795E-04
3.32806417E-01  2.44408026E-02  4.43499448E-04
3.33105032E-01  2.38996819E-02  4.42586723E-04
3.33403647E-01  2.44245566E-02  4.44523903E-04
3.33702262E-01  2.37973146E-02  4.39037947E-04
3.34000877E-01  2.42711287E-02  4.43128141E-04
3.34299492E-01  2.43068244E-02  4.44893521E-04
3.34598107E-01  2.43582744E-02  4.45760525E-04
3.34896722E-01  2.39719041E-02  4.37957147E-04
3.35195337E-01  2.39814613E-02  4.38938296E-04
3.35493952E-01  2.34759133E-02  4.36841539E-04
3.35792567E-01  2.45299451E-02  4.44970501E-04
3.36091182E-01  2.32096910E-02  4.33466485E-04
3.36389797E-01  2.38947365E-02  4.37131326E-04
3.36688412E-01  2.42442451E-02  4.43154626E-04
3.36987027E-01  2.36688405E-02  4.35188966E-04
3.37285642E-01  2.41290946E-02  4.41197277E-04
3.37584257E-01  2.36741267E-02  4.37659968E-04
3.37882872E-01  2.35903095E-02  4.34849033E-04
3.38181487E-01  2.41174120E-02  4.41352720E-04
3.38480102E-01  2.30205208E-02  4.24779137E-04
3.38778717E-01  2.39506252E-02  4.39183874E-04
3.39077332E-01  2.31494065E-02  4.30021988E-04
3.39375947E-01  2.44374480E-02  4.41696757E-04
3.39674562E-01  2.39927825E-02  4.40475589E-04
3.39973177E-01  2.44154558E-02  4.39721858E-04
3.40271792E-01  2.44437046E-02  4.43041819E-04
3.40570407E-01  2.29823496E-02  4.28846863E-04
3.40869022E-01  2.41505671E-02  4.37083014E-04
3.41167637E-01  2.45031118E-02  4.41658864E-04
3.41466252E-01  2.38400511E-02  4.33026231E-04
3.41764867E-01  2.43770499E-02  4.43219091E-04
3.42063482E-01  2.44506970E-02  4.40428033E-04
3.42362097E-01  2.38332935E-02  4.32475674E-04
3.42660712E-01  2.35801507E-02  4.34145768E-04
3.42959327E-01  2.43901797E-02  4.37004550E-04
3.43257942E-01  2.40360592E-02  4.38325311E-04
3.43556557E-01  2.40100380E-02  4.34824644E-04
3.43855172E-01  2.33068895E-02  4.28533967E-04
3.44153787E-01  2.31938530E-02  4.27250750E-04
3.44452402E-01  2.36437172E-02  4.30884014E-04
3.44751017E-01  2.38173287E-02  4.33328940E-04
3.45049632E-01  2.35489067E-02  4.26753511E-04
3.45348247E-01  2.39358805E-02  4.34408721E-04
3.45646862E-01  2.49363109E-02  4.41506243E-04
3.45945477E-01  2.42995620E-02  4.36081464E-04
3.46244092E-01  2.39632893E-02  4.27984109E-04
3.46542707E-01  2.40875762E-02  4.29451116E-04
3.46841322E-01  2.40831953E-02  4.32546949E-04
3.47139937E-01  2.38521677E-02  4.29020816E-04
3.47438552E-01  2.40294207E-02  4.27396590E-04
3.47737167E-01  2.35160943E-02  4.26228857E-04
3.48035782E-01  2.40583457E-02  4.27303195E-04
3.48334397E-01  2.35640090E-02  4.26188257E-04
3.48633012E-01  2.32857484E-02  4.17753006E-04
3.48931627E-01  2.35772245E-02  4.23596124E-04
3.49230242E-01  2.36316826E-02  4.25261445E-04
3.49528857E-01  2.33895648E-02  4.21793200E-04
3.49827472E-01  2.34597400E-02  4.23127523E-04
3.50126087E-01  2.41146684E-02  4.24899219E-04
3.50424702E-01  2.35049576E-02  4.23186575E-04
3.50723317E-01  2.39239894E-02  4.25185222E-04
3.51021932E-01  2.36391313E-02  4.24161059E-04
3.51320547E-01  2.36349963E-02  4.21918987E-04
3.51619162E-01  2.32923534E-02  4.17938776E-04
3.51917777E-01  2.38827467E-02  4.25056816E-04
3.52216392E-01  2.30982173E-02  4.17218165E-04
3.52515007E-01  2.40879171E-02  4.24098835E-04
3.52813622E-01  2.37744600E-02  4.21331701E-04
3.53112237E-01  2.31713224E-02  4.20532859E-04
3.53410852E-01  2.35664137E-02  4.23401885E-04
3.53709467E-01  2.32640654E-02  4.12675494E-04
3.54008082E-01  2.45167781E-02  4.28212108E-04
3.54306697E-01  2.32931636E-02  4.17617295E-04
3.54605312E-01  2.41488814E-02  4.27430583E-04
3.54903927E-01  2.30169147E-02  4.18558542E-04
3.55202542E-01  2.35652290E-02  4.14575072E-04
3.55501157E-01  2.36736033E-02  4.21936420E-04
3.55799772E-01  2.41865441E-02  4.24521364E-04
3.56098387E-01  2.42749210E-02  4.26335318E-04
3.56397002E-01  2.34058201E-02  4.18294658E-04
3.56695617E-01  2.43378133E-02  4.21880919E-04
3.56994232E-01  2.35738587E-02  4.22785728E-04
3.57292847E-01  2.43627261E-02  4.22884972E-04
3.57591462E-01  2.41966136E-02  4.24045429E-04
3.57890077E-01  2.36394275E-02  4.18347830E-04
3.58188692E-01  2.32010540E-02  4.12793539E-04
3.58487307E-01  2.31567230E-02  4.18002281E-04
3.58785922E-01  2.40321774E-02  4.18346521E-04
3.59084537E-01  2.46374346E-02  4.27782245E-04
3.59383152E-01  2.39814240E-02  4.20467986E-04
3.59681767E-01  2.35696677E-02  4.17178584E-04
3.59980382E-01  2.36887671E-02  4.22206649E-04
3.60278997E-01  2.39653997E-02  4.15800372E-04
3.60577612E-01  2.41535585E-02  4.23681457E-04
3.60876227E-01  2.40668915E-02  4.21448582E-04
3.61174842E-01  2.34245285E-02  4.13252506E-04
3.61473457E-01  2.38912776E-02  4.17350704E-04
3.61772072E-01  2.35398170E-02  4.15480434E-04
3.62070687E-01  2.44921111E-02  4.26417537E-04
3.62369302E-01  2.35926136E-02  4.15507209E-04
3.62667917E-01  2.36460827E-02  4.15868795E-04
3.62966532E-01  2.39618700E-02  4.17312345E-04
3.63265147E-01  2.48210169E-02  4.26304294E-04
3.63563762E-01  2.44973730E-02  4.23629681E-04
3.63862377E-01  2.37568114E-02  4.15636401E-04
3.64160992E-01  2.45302096E-02  4.22683428E-04
3.64459607E-01  2.45927535E-02  4.23446938E-04
3.64758222E-01  2.44616717E-02  4.22318262E-04
3.65056837E-01  2.41812468E-02  4.20559343E-04
3.65355452E-01  2.44142003E-02  4.18823271E-04
3.65654067E-01  2.42509320E-02  4.20944445E-04
3.65952682E-01  2.46238858E-02  4.21059551E-04
3.66251297E-01  2.39249449E-02  4.19220072E-04
3.66549912E-01  2.41814405E-02  4.17480216E-04
3.66848527E-01  2.41740551E-02  4.15253919E-04
3.67147142E-01  2.42650919E-02  4.22081386E-04
3.67445757E-01  2.42986288E-02  4.17949137E-04
3.67744372E-01  2.46862322E-02  4.22372745E-04
3.68042987E-01  2.43818685E-02  4.18885465E-04
3.68341602E-01  2.40400825E-02  4.16157622E-04
3.68640217E-01  2.49156021E-02  4.25674574E-04
3.68938832E-01  2.45861467E-02  4.17494652E-04
3.69237447E-01  2.53528953E-02  4.27262275E-04
3.69536062E-01  2.47732308E-02  4.20489698E-04
3.69834677E-01  2.40171254E-02  4.16509778E-04
3.70133292E-01  2.41200756E-02  4.18610027E-04
3.70431907E-01  2.49525923E-02  4.20277473E-04
3.70730522E-01  2.46182624E-02  4.20594617E-04
3.71029137E-01  2.42969077E-02  4.15468356E-04
3.71327752E-01  2.54648682E-02  4.27212392E-04
3.71626367E-01  2.52119657E-02  4.24646103E-04
3.71924982E-01  2.45731156E-02  4.18907264E-04
3.72223597E-01  2.52500735E-02  4.26743180E-04
3.72522212E-01  2.52171252E-02  4.21752397E-04
3.72820827E-01  2.48036515E-02  4.20219847E-04
3.73119442E-01  2.47596372E-02  4.19956574E-04
3.73418057E-01  2.50271708E-02  4.20165074E-04
3.73716672E-01  2.49713473E-02  4.24832717E-04
3.74015287E-01  2.48762760E-02  4.17514122E-04
3.74313902E-01  2.52178870E-02  4.22415498E-04
3.74612517E-01  2.44803503E-02  4.17265226E-04
3.74911132E-01  2.48659067E-02  4.19890857E-04
3.75209747E-01  2.52203569E-02  4.23527759E-04
3.75508362E-01  2.49361154E-02  4.18341748E-04
3.75806977E-01  2.53978763E-02  4.23710095E-04
3.76105592E-01  2.50883047E-02  4.21013479E-04
3.76404207E-01  2.50788275E-02  4.21151053E-04
3.76702822E-01  2.55214274E-02  4.23013553E-04
3.77001437E-01  2.54411865E-02  4.22671728E-04
3.77300052E-01  2.46154182E-02  4.18535172E-04
3.77598667E-01  2.41972636E-02  4.14006645E-04
3.77897282E-01  2.55385358E-02  4.22196637E-04
3.78195897E-01  2.52526775E-02  4.19192918E-04
3.78494512E-01  2.55340468E-02  4.24097438E-04
3.78793127E-01  2.48537194E-02  4.17665346E-04
3.79091742E-01  2.57178433E-02  4.24003694E-04
3.79390357E-01  2.61675809E-02  4.27371793E-04
3.79688972E-01  2.59916335E-02  4.26149636E-04
3.79987587E-01  2.49600913E-02  4.16870898E-04
3.80286202E-01  2.55346876E-02  4.22711048E-04
3.80584817E-01  2.56748144E-02  4.23870748E-04
3.80883432E-01  2.56349426E-02  4.21835080E-04
3.81182047E-01  2.54136752E-02  4.21285426E-04
3.81480662E-01  2.54127383E-02  4.21385717E-04
3.81779277E-01  2.56815627E-02  4.20219440E-04
3.82077892E-01  2.59790607E-02  4.26058017E-04
3.82376507E-01  2.45745778E-02  4.13441652E-04
3.82675122E-01  2.49619130E-02  4.17425617E-04
3.82973737E-01  2.59249825E-02  4.23692283E-04
3.83272352E-01  2.51265056E-02  4.14423470E-04
3.83570967E-01  2.53206752E-02  4.19570861E-04
3.83869582E-01  2.62605809E-02  4.26002895E-04
3.84168197E-01  2.56309006E-02  4.21711477E-04
3.84466812E-01  2.57913470E-02  4.21339500E-04
3.84765427E-01  2.53428612E-02  4.17141739E-04
3.85064042E-01  2.60608103E-02  4.26310842E-04
3.85362657E-01  2.63494235E-02  4.25877952E-04
3.85661272E-01  2.58034058E-02  4.18531446E-04
3.85959887E-01  2.67157406E-02  4.30228014E-04
3.86258502E-01  2.57803202E-02  4.19483433E-04
3.86557117E-01  2.59775948E-02  4.26608080E-04
3.86855732E-01  2.61800811E-02  4.22204466E-04
3.87154347E-01  2.66986322E-02  4.26156563E-04
3.87452962E-01  2.59207096E-02  4.23679041E-04
3.87751577E-01  2.63176057E-02  4.22068784E-04
3.88050192E-01  2.59556919E-02  4.23967722E-04
3.88348807E-01  2.65672449E-02  4.22929501E-04
3.88647422E-01  2.58251168E-02  4.20379336E-04
3.88946037E-01  2.65411790E-02  4.25326289E-04
3.89244652E-01  2.71393284E-02  4.30945889E-04
3.89543267E-01  2.55029853E-02  4.17857169E-04
3.89841882E-01  2.64458358E-02  4.22175275E-04
3.90140497E-01  2.65329089E-02  4.27062274E-04
3.90439112E-01  2.61758938E-02  4.23128513E-04
3.90737727E-01  2.60191504E-02  4.17336007E-04
3.91036342E-01  2.62742378E-02  4.24662721E-04
3.91334957E-01  2.56792065E-02  4.15208138E-04
3.91633572E-01  2.64775790E-02  4.25565784E-04
3.91932187E-01  2.67675743E-02  4.23815654E-04
3.92230802E-01  2.70193312E-02  4.27053019E-04
3.92529417E-01  2.56983563E-02  4.19261283E-04
3.92828032E-01  2.60791797E-02  4.18030075E-04
3.93126647E-01  2.62606107E-02  4.21534380E-04
3.93425262E-01  2.67269574E-02  4.23810503E-04
3.93723877E-01  2.60941274E-02  4.20818309E-04
3.94022492E-01  2.67877467E-02  4.26061975E-04
3.94321107E-01  2.67501827E-02  4.23381105E-04
3.94619722E-01  2.63336711E-02  4.20277618E-04
3.94918337E-01  2.63089184E-02  4.19775664E-04
3.95216952E-01  2.70765144E-02  4.26997896E-04
3.95515567E-01  2.60433741E-02  4.19182936E-04
3.95814182E-01  2.58402582E-02  4.13722242E-04
3.96112797E-01  2.70375162E-02  4.26382903E-04
3.96411412E-01  2.69394536E-02  4.24783619E-04
3.96710027E-01  2.70655863E-02  4.26295795E-04
3.97008642E-01  2.64193434E-02  4.19143500E-04
3.97307257E-01  2.64027417E-02  4.19620104E-04
3.97605872E-01  2.63227262E-02  4.20102937E-04
3.97904487E-01  2.66669765E-02  4.23873134E-04
3.98203102E-01  2.65885442E-02  4.18678304E-04
3.98501717E-01  2.71932781E-02  4.24428930E-04
3.98800332E-01  2.58361157E-02  4.14400187E-04
3.99098947E-01  2.72380654E-02  4.25906823E-04
3.99397562E-01  2.67466754E-02  4.23378631E-04
3.99696177E-01  2.68802308E-02  4.22695302E-04
3.99994792E-01  2.66202707E-02  4.19437943E-04
4.00293407E-01  2.61487346E-02  4.17007541E-04
4.00592022E-01  2.66862921E-02  4.20061289E-04
4.00890637E-01  2.73147747E-02  4.24878672E-04
4.01189252E-01  2.65569557E-02  4.18544281E-04
4.01487867E-01  2.67010219E-02  4.21495846E-04
4.01786482E-01  2.62659620E-02  4.17446252E-04
4.02085097E-01  2.71890499E-02  4.21093078E-04
4.02383712E-01  2.64358539E-02  4.20518278E-04
4.02682327E-01  2.60894112E-02  4.12200752E-04
4.02980942E-01  2.61811484E-02  4.16677591E-04
4.03279557E-01  2.71006785E-02  4.22212936E-04
4.03578172E-01  2.62540709E-02  4.13309026E-04
4.03876787E-01  2.61970162E-02  4.16508323E-04
4.04175402E-01  2.67465003E-02  4.17761097E-04
4.04474017E-01  2.61823311E-02  4.15697315E-04
4.04772632E-01  2.62235496E-02  4.13855480E-04
4.05071247E-01  2.59061866E-02  4.11832356E-04
4.05369862E-01  2.71084309E-02  4.25128965E-04
4.05668477E-01  2.60604415E-02  4.09197324E-04
4.05967092E-01  2.60849670E-02  4.13059606E-04
4.06265707E-01  2.63835806E-02  4.14731621E-04
4.06564322E-01  2.61395220E-02  4.12324036E-04
4.06862937E-01  2.64881235E-02  4.19233460E-04
4.07161552E-01  2.63763014E-02  4.12734720E-04
4.07460167E-01  2.62612309E-02  4.14656737E-04
4.07758782E-01  2.56863832E-02  4.06544103E-04
4.08057397E-01  2.63108034E-02  4.13485453E-04
4.08356012E-01  2.65302453E-02  4.16779687E-04
4.08654627E-01  2.61437967E-02  4.10152395E-04
4.08953242E-01  2.55219005E-02  4.09465662E-04
4.09251857E-01  2.62219720E-02  4.11632180E-04
4.09550472E-01  2.55287886E-02  4.06346633E-04
4.09849087E-01  2.54169572E-02  4.05647152E-04
4.10147702E-01  2.59435121E-02  4.08015709E-04
4.10446317E-01  2.55540144E-02  4.09244181E-04
4.10744932E-01  2.53861863E-02  4.05310915E-04
4.11043547E-01  2.57297419E-02  4.04553692E-04
4.11342162E-01  2.56786719E-02  4.07546613E-04
4.11640777E-01  2.62818597E-02  4.13081580E-04
4.11939392E-01  2.56810840E-02  4.08718974E-04
4.12238007E-01  2.59444527E-02  4.06525040E-04
4.12536622E-01  2.55670957E-02  4.05622588E-04
4.12835237E-01  2.53397450E-02  4.02319565E-04
4.13133852E-01  2.60043181E-02  4.09174478E-04
4.13432467E-01  2.55833752E-02  4.05472849E-04
4.13731082E-01  2.49263421E-02  3.98936390E-04
4.14029697E-01  2.55596749E-02  4.05760249E-04
4.14328312E-01  2.56692301E-02  4.05309256E-04
4.14626927E-01  2.57679075E-02  4.07222833E-04
4.14925542E-01  2.50415131E-02  3.97935743E-04
4.15224157E-01  2.45056469E-02  3.96388321E-04
4.15522772E-01  2.45149657E-02  3.97110911E-04
4.15821387E-01  2.46404354E-02  3.95374576E-04
4.16120002E-01  2.52791066E-02  4.01205121E-04
4.16418617E-01  2.52503473E-02  4.01812809E-04
4.16717232E-01  2.48770528E-02  3.98096541E-04
4.17015847E-01  2.51147058E-02  4.01386002E-04
4.17314462E-01  2.51733363E-02  3.96639574E-04
4.17613077E-01  2.46787556E-02  3.96602612E-04
4.17911692E-01  2.46598423E-02  3.95177602E-04
4.18210307E-01  2.39299089E-02  3.92082904E-04
4.18508922E-01  2.44322494E-02  3.92185582E-04
4.18807537E-01  2.51993649E-02  3.98387143E-04
4.19106152E-01  2.45394427E-02  3.95488925E-04
4.19404767E-01  2.45693494E-02  3.95457668E-04
4.19703382E-01  2.45178025E-02  3.91896261E-04
4.20001997E-01  2.43441518E-02  3.92290560E-04
4.20300612E-01  2.38159299E-02  3.86599801E-04
4.20599227E-01  2.38565840E-02  3.90044734E-04
4.20897842E-01  2.41425093E-02  3.89953668E-04
4.21196457E-01  2.37857848E-02  3.86008789E-04
4.21495072E-01  2.43465584E-02  3.92227521E-04
4.21793687E-01  2.41918061E-02  3.89734429E-04
4.22092302E-01  2.43572406E-02  3.93216906E-04
4.22390917E-01  2.31496636E-02  3.77830962E-04
4.22689532E-01  2.39977557E-02  3.89859691E-04
4.22988147E-01  2.38188170E-02  3.85935477E-04
4.23286762E-01  2.40504239E-02  3.90200730E-04
4.23585377E-01  2.37244200E-02  3.84911546E-04
4.23883992E-01  2.40451768E-02  3.86720378E-04
4.24182607E-01  2.39051729E-02  3.85768071E-04
4.24481222E-01  2.31577493E-02  3.81847960E-04
4.24779837E-01  2.40202844E-02  3.87222506E-04
4.25078452E-01  2.33603548E-02  3.80409328E-04
4.25377067E-01  2.42678057E-02  3.90452449E-04
4.25675682E-01  2.33830996E-02  3.80426791E-04
4.25974297E-01  2.34747231E-02  3.84109619E-04
4.26272912E-01  2.39405278E-02  3.83650477E-04
4.26571527E-01  2.31671054E-02  3.81587481E-04
4.26870142E-01  2.34351996E-02  3.80770827E-04
4.27168757E-01  2.34842487E-02  3.81769380E-04
4.27467372E-01  2.29820106E-02  3.76400392E-04
4.27765987E-01  2.29566991E-02  3.78481403E-04
4.28064602E-01  2.32997965E-02  3.79674981E-04
4.28363217E-01  2.33823210E-02  3.81374324E-04
4.28661832E-01  2.26455405E-02  3.74729017E-04
4.28960447E-01  2.30878498E-02  3.77779332E-04
4.29259062E-01  2.28659213E-02  3.75457050E-04
4.29557677E-01  2.30263863E-02  3.77279008E-04
4.29856292E-01  2.30715107E-02  3.76054872E-04
4.30154907E-01  2.30944622E-02  3.77080723E-04
4.30453522E-01  2.28698160E-02  3.76588636E-04
4.30752137E-01  2.31155343E-02  3.77676566E-04
4.31050752E-01  2.27293465E-02  3.73013434E-04
4.31349367E-01  2.31298283E-02  3.76955344E-04
4.31647982E-01  2.32199375E-02  3.77522549E-04
4.31946597E-01  2.23970339E-02  3.72766517E-04
4.32245212E-01  2.26658657E-02  3.71921575E-04
4.32543827E-01  2.28493437E-02  3.75336676E-04
4.32842442E-01  2.33442299E-02  3.81515012E-04
4.33141057E-01  2.28759870E-02  3.73563322E-04
4.33439672E-01  2.31666788E-02  3.78360739E-04
4.33738287E-01  2.24011596E-02  3.70077585E-04
4.34036902E-01  2.31505018E-02  3.78146971E-04
4.34335517E-01  2.30250936E-02  3.76702053E-04
4.34634132E-01  2.24899333E-02  3.72715818E-04
4.34932747E-01  2.26402953E-02  3.72053386E-04
4.35231362E-01  2.25419980E-02  3.71492904E-04
4.35529977E-01  2.27637067E-02  3.75401636E-04
4.35828592E-01  2.29766015E-02  3.76564421E-04
4.36127207E-01  2.22127680E-02  3.68122477E-04
4.36425822E-01  2.24141236E-02  3.70443420E-04
4.36724437E-01  2.20922250E-02  3.68101522E-04
4.37023052E-01  2.28916537E-02  3.74870258E-04
4.37321667E-01  2.30370481E-02  3.73907125E-04
4.37620282E-01  2.31481623E-02  3.77555087E-04
4.37918897E-01  2.27614623E-02  3.73641116E-04
4.38217512E-01  2.32182276E-02  3.78044759E-04
4.38516127E-01  2.32606921E-02  3.76053940E-04
4.38814742E-01  2.21491177E-02  3.65117390E-04
4.39113357E-01  2.26439293E-02  3.72515671E-04
4.39411972E-01  2.22076830E-02  3.68747831E-04
4.39710587E-01  2.23601665E-02  3.68546345E-04
4.40009202E-01  2.30856314E-02  3.75885778E-04
4.40307817E-01  2.31530443E-02  3.73145071E-04
4.40606432E-01  2.25718804E-02  3.71682661E-04
4.40905047E-01  2.28505656E-02  3.72899667E-04
4.41203662E-01  2.29932312E-02  3.71778529E-04
4.41502277E-01  2.26588771E-02  3.71008588E-04
4.41800892E-01  2.25592665E-02  3.69625428E-04
4.42099507E-01  2.21161321E-02  3.66219349E-04
4.42398122E-01  2.18375865E-02  3.62952967E-04
4.42696737E-01  2.22275089E-02  3.66260385E-04
4.42995352E-01  2.21372619E-02  3.66318214E-04
4.43293967E-01  2.22217049E-02  3.68068460E-04
4.43592582E-01  2.20182110E-02  3.66461580E-04
4.43891197E-01  2.22451612E-02  3.64821870E-04
4.44189812E-01  2.21867710E-02  3.67540255E-04
4.44488427E-01  2.25166976E-02  3.68483074E-04
4.44787042E-01  2.23206151E-02  3.68244771E-04
4.45085657E-01  2.29753535E-02  3.72220005E-04
4.45384272E-01  2.21385993E-02  3.65939777E-04
4.45682887E-01  2.29624026E-02  3.75324918E-04
4.45981502E-01  2.23301724E-02  3.66561289E-04
4.46280117E-01  2.20049340E-02  3.64678126E-04
4.46578732E-01  2.21731998E-02  3.66311549E-04
4.46877347E-01  2.25101933E-02  3.69815505E-04
4.47175962E-01  2.27972623E-02  3.75903881E-04
4.47474577E-01  2.26035416E-02  3.68085079E-04
4.47773192E-01  2.20383052E-02  3.65281361E-04
4.48071807E-01  2.30072048E-02  3.73226154E-04
4.48370422E-01  2.27555241E-02  3.72241950E-04
4.48669037E-01  2.21878048E-02  3.66602879E-04
4.48967652E-01  2.23087072E-02  3.67199740E-04
4.49266267E-01  2.17339303E-02  3.63954925E-04
4.49564882E-01  2.25768108E-02  3.71110335E-04
4.49863497E-01  2.22622212E-02  3.66981840E-04
4.50162112E-01  2.25412287E-02  3.70575493E-04
4.50460727E-01  2.23684963E-02  3.69235786E-04
4.50759342E-01  2.23419555E-02  3.69099493E-04
4.51057957E-01  2.23318115E-02  3.68529814E-04
4.51356572E-01  2.23832242E-02  3.66544293E-04
4.51655187E-01  2.24751513E-02  3.70693422E-04
4.51953802E-01  2.21073460E-02  3.66274791E-04
4.52252417E-01  2.18596701E-02  3.67870321E-04
4.52551032E-01  2.25284491E-02  3.69021436E-04
4.52849647E-01  2.19475888E-02  3.65033455E-04
4.53148262E-01  2.27431078E-02  3.71591625E-04
4.53446877E-01  2.19664928E-02  3.64793261E-04
4.53745492E-01  2.18321327E-02  3.64476844E-04
4.54044107E-01  2.28171591E-02  3.73350107E-04
4.54342722E-01  2.26921700E-02  3.71753093E-04
4.54641337E-01  2.21382175E-02  3.68000474E-04
4.54939952E-01  2.20921021E-02  3.66324035E-04
4.55238567E-01  2.24999748E-02  3.69448244E-04
4.55537182E-01  2.23676320E-02  3.70892754E-04
4.55835797E-01  2.26222072E-02  3.72007344E-04
4.56134412E-01  2.17483453E-02  3.63788480E-04
4.56433027E-01  2.23819558E-02  3.69457965E-04
4.56731642E-01  2.27492247E-02  3.71741189E-04
4.57030257E-01  2.21347641E-02  3.68146575E-04
4.57328872E-01  2.24176124E-02  3.69593588E-04
4.57627487E-01  2.27511600E-02  3.72170529E-04
4.57926102E-01  2.20498964E-02  3.66633642E-04
4.58224717E-01  2.20471080E-02  3.67911969E-04
4.58523332E-01  2.21453663E-02  3.67510482E-04
4.58821947E-01  2.23489944E-02  3.67018656E-04
4.59120562E-01  2.23154221E-02  3.70230700E-04
4.59419177E-01  2.26394664E-02  3.72745038E-04
4.59717792E-01  2.30406076E-02  3.75950913E-04
4.60016407E-01  2.25837845E-02  3.70974449E-04
4.60315022E-01  2.29762215E-02  3.73609451E-04
4.60613637E-01  2.21675411E-02  3.68437002E-04
4.60912252E-01  2.20841933E-02  3.68890585E-04
4.61210867E-01  2.18262896E-02  3.64786218E-04
4.61509482E-01  2.13482566E-02  3.64568114E-04
4.61808097E-01  2.16072630E-02  3.75056028E-04
4.62106712E-01  2.21466757E-02  3.81329475E-04
4.62405327E-01  2.14705858E-02  3.78899247E-04
4.62703942E-01  2.15390455E-02  3.79046454E-04
4.63002557E-01  2.30075698E-02  3.98941862E-04
4.63301172E-01  2.25569904E-02  3.96408315E-04
4.63599787E-01  2.23266277E-02  3.96483403E-04
4.63898402E-01  2.14816313E-02  3.90704285E-04
4.64197017E-01  2.20643524E-02  3.96479358E-04
4.64495632E-01  2.28504743E-02  4.08565655E-04
4.64794247E-01  2.13770196E-02  3.95802897E-04
4.65092862E-01  2.17010006E-02  3.96799907E-04
4.65391477E-01  2.29336657E-02  4.14043316E-04
4.65690092E-01  2.18530912E-02  4.04063787E-04
4.65988707E-01  2.23897677E-02  4.12578840E-04
4.66287322E-01  2.28610095E-02  4.17243980E-04
4.66585937E-01  2.23010946E-02  4.12559020E-04
4.66884552E-01  2.16751453E-02  4.11759625E-04
4.67183167E-01  2.12454405E-02  4.09399741E-04
4.67481782E-01  2.17412878E-02  4.09049680E-04
4.67780397E-01  2.24033035E-02  4.21132572E-04
4.68079012E-01  2.23990176E-02  4.22547775E-04
4.68377627E-01  2.23620422E-02  4.24655300E-04
4.68676242E-01  2.20619272E-02  4.22785030E-04
4.68974857E-01  2.25320328E-02  4.27267543E-04
4.69273472E-01  2.25168094E-02  4.31185617E-04
4.69572087E-01  2.19729617E-02  4.24682541E-04
4.69870702E-01  2.27366239E-02  4.33807087E-04
4.70169317E-01  2.16493029E-02  4.25478764E-04
4.70467932E-01  2.18338706E-02  4.28197440E-04
4.70766547E-01  2.15997342E-02  4.30362386E-04
4.71065162E-01  2.17579193E-02  4.31803346E-04
4.71363777E-01  2.23701224E-02  4.34884016E-04
4.71662392E-01  2.24381462E-02  4.40556905E-04
4.71961007E-01  2.21182052E-02  4.38780728E-04
4.72259622E-01  2.16659885E-02  4.37451323E-04
4.72558237E-01  2.18303744E-02  4.36607486E-04
4.72856852E-01  2.24481225E-02  4.36317903E-04
4.73155467E-01  2.21428256E-02  4.30059154E-04
4.73454082E-01  2.23629382E-02  4.27066145E-04
4.73752697E-01  2.22865120E-02  4.19828197E-04
4.74051312E-01  2.18767375E-02  4.16190451E-04
4.74349927E-01  2.17266046E-02  4.12291061E-04
4.74648542E-01  2.29916032E-02  4.24245547E-04
4.74947157E-01  2.21230350E-02  4.12095367E-04
4.75245772E-01  2.16978639E-02  4.07440180E-04
4.75544387E-01  2.22621839E-02  4.11909685E-04
4.75843002E-01  2.23609321E-02  4.13736765E-04
4.76141617E-01  2.20998954E-02  4.07722138E-04
4.76440232E-01  2.26314161E-02  4.12710011E-04
4.76738847E-01  2.22364441E-02  4.07545333E-04
4.77037462E-01  2.22158059E-02  4.07578016E-04
4.77336077E-01  2.24551708E-02  4.10658453E-04
4.77634692E-01  2.22814847E-02  4.05453116E-04
4.77933307E-01  2.24226248E-02  4.07280371E-04
4.78231922E-01  2.23769248E-02  4.04387567E-04
4.78530537E-01  2.15817224E-02  4.00969962E-04
4.78829152E-01  2.15752367E-02  3.94896604E-04
4.79127767E-01  2.26763021E-02  4.06231411E-04
4.79426382E-01  2.20688246E-02  4.02986916E-04
4.79724997E-01  2.17691381E-02  3.98445642E-04
4.80023612E-01  2.21673641E-02  4.01124824E-04
4.80322227E-01  2.16734968E-02  3.94978648E-04
4.80620842E-01  2.15120353E-02  3.95465875E-04
4.80919457E-01  2.23310553E-02  4.01661091E-04
4.81218072E-01  2.21621357E-02  3.99723504E-04
4.81516687E-01  2.14113221E-02  3.93614435E-04
4.81815302E-01  2.17747111E-02  3.93055583E-04
4.82113917E-01  2.15403792E-02  3.95319512E-04
4.82412532E-01  2.21469421E-02  3.97834985E-04
4.82711147E-01  2.14289892E-02  3.90328321E-04
4.83009762E-01  2.23732758E-02  3.99969431E-04
4.83308377E-01  2.20714491E-02  3.98087839E-04
4.83606992E-01  2.24569887E-02  3.99176206E-04
4.83905607E-01  2.25319788E-02  4.01079858E-04
4.84204222E-01  2.23841146E-02  3.97818047E-04
4.84502837E-01  2.28315163E-02  4.04366903E-04
4.84801452E-01  2.25828681E-02  4.00402962E-04
4.85100067E-01  2.21876856E-02  3.94264760E-04
4.85398682E-01  2.25086659E-02  3.99338460E-04
4.85697297E-01  2.26840079E-02  4.00687481E-04
4.85995912E-01  2.26986744E-02  4.01951111E-04
4.86294527E-01  2.26368401E-02  3.98242264E-04
4.86593142E-01  2.20438763E-02  3.93891940E-04
4.86891757E-01  2.23673470E-02  3.97582829E-04
4.87190372E-01  2.19317768E-02  3.94097093E-04
4.87488987E-01  2.21499000E-02  3.92356393E-04
4.87787602E-01  2.20302790E-02  3.94278934E-04
4.88086217E-01  2.18400322E-02  3.90686386E-04
4.88384832E-01  2.17854921E-02  3.91089794E-04
4.88683447E-01  2.19320580E-02  3.93404101E-04
4.88982062E-01  2.21397337E-02  3.92669463E-04
4.89280677E-01  2.16179732E-02  3.90480825E-04
4.89579292E-01  2.25163139E-02  3.96797899E-04
4.89877907E-01  2.24527903E-02  3.95739888E-04
4.90176522E-01  2.27082111E-02  3.96986987E-04
4.90475137E-01  2.19312236E-02  3.91317153E-04
4.90773752E-01  2.20167879E-02  3.91785085E-04
4.91072367E-01  2.23967582E-02  3.95551819E-04
4.91370982E-01  2.22524330E-02  3.93186900E-04
4.91669597E-01  2.17315126E-02  3.89243680E-04
4.91968212E-01  2.22606529E-02  3.94751987E-04
4.92266827E-01  2.19602976E-02  3.91586655E-04
4.92565442E-01  2.22580750E-02  3.92064423E-04
4.92864057E-01  2.16598269E-02  3.88021930E-04
4.93162672E-01  2.19666380E-02  3.91450856E-04
4.93461287E-01  2.20017079E-02  3.91764916E-04
4.93759902E-01  2.18105633E-02  3.86953034E-04
4.94058517E-01  2.24687513E-02  3.94613948E-04
4.94357132E-01  2.28555985E-02  3.97203461E-04
4.94655747E-01  2.21419856E-02  3.94012954E-04
4.94954362E-01  2.18892340E-02  3.86890199E-04
4.95252977E-01  2.20800955E-02  3.90997244E-04
4.95551592E-01  2.23808140E-02  3.94839444E-04
4.95850207E-01  2.20705625E-02  3.91504233E-04
4.96148822E-01  2.19333488E-02  3.87669919E-04
4.96447437E-01  2.22554673E-02  3.92750313E-04
4.96746052E-01  2.19223686E-02  3.89120425E-04
4.97044667E-01  2.29104944E-02  4.00400982E-04
4.97343282E-01  2.22407747E-02  3.89709545E-04
4.97641897E-01  2.20868215E-02  3.87786626E-04
4.97940512E-01  2.22289283E-02  3.93017050E-04
4.98239127E-01  2.24051978E-02  3.93194670E-04
4.98537742E-01  2.20932849E-02  3.91230773E-04
4.98836357E-01  2.20667776E-02  3.88574292E-04
4.99134972E-01  2.19227597E-02  3.88943590E-04
4.99433587E-01  2.20479444E-02  3.91226116E-04
4.99732202E-01  2.22290866E-02  3.90585541E-04
5.00030817E-01  2.18388606E-02  3.86664789E-04
5.00329432E-01  2.14935094E-02  3.84549116E-04
5.00628047E-01  2.12528948E-02  3.82392289E-04
5.00926662E-01  2.23367102E-02  3.94184055E-04
5.01225277E-01  2.33302079E-02  3.98182077E-04
5.01523892E-01  2.28407681E-02  3.94275441E-04
5.01822507E-01  2.20739096E-02  3.89425055E-04
5.02121122E-01  2.22214498E-02  3.91601585E-04
5.02419737E-01  2.25019846E-02  3.93381721E-04
5.02718352E-01  2.25966461E-02  3.94014351E-04
5.03016967E-01  2.22422872E-02  3.90817469E-04
5.03315582E-01  2.19847504E-02  3.89614404E-04
5.03614197E-01  2.23260093E-02  3.89532244E-04
5.03912812E-01  2.21110713E-02  3.89475026E-04
5.04211427E-01  2.22999528E-02  3.90267465E-04
5.04510042E-01  2.20988058E-02  3.90533358E-04
5.04808657E-01  2.22939737E-02  3.88973305E-04
5.05107272E-01  2.18894463E-02  3.87621199E-04
5.05405887E-01  2.27865521E-02  3.93926923E-04
5.05704502E-01  2.16527432E-02  3.86964733E-04
5.06003117E-01  2.14449409E-02  3.83006438E-04
5.06301732E-01  2.25857086E-02  3.92869202E-04
5.06600347E-01  2.16872878E-02  3.83560546E-04
5.06898962E-01  2.19713543E-02  3.88645334E-04
5.07197577E-01  2.23878324E-02  3.93192779E-04
5.07496192E-01  2.15640888E-02  3.81262420E-04
5.07794807E-01  2.14089043E-02  3.84887913E-04
5.08093422E-01  2.23897528E-02  3.90882458E-04
5.08392037E-01  2.14235075E-02  3.83112783E-04
5.08690652E-01  2.23858263E-02  3.89510213E-04
5.08989267E-01  2.26496793E-02  3.93150141E-04
5.09287882E-01  2.27179192E-02  3.95109208E-04
5.09586497E-01  2.28936709E-02  3.95070965E-04
5.09885112E-01  2.16891952E-02  3.84255894E-04
5.10183727E-01  2.16745939E-02  3.84601299E-04
5.10482342E-01  2.22150590E-02  3.88603279E-04
5.10780957E-01  2.21554395E-02  3.89231398E-04
5.11079572E-01  2.16802154E-02  3.84277781E-04
5.11378187E-01  2.23521031E-02  3.90284666E-04
5.11676802E-01  2.18987335E-02  3.89191671E-04
5.11975417E-01  2.20152568E-02  3.86292028E-04
5.12274032E-01  2.22094674E-02  3.88564920E-04
5.12572647E-01  2.25011390E-02  3.91398149E-04
5.12871262E-01  2.18756739E-02  3.85448249E-04
5.13169877E-01  2.25910936E-02  3.94517730E-04
5.13468492E-01  2.24344824E-02  3.88537796E-04
5.13767107E-01  2.20774654E-02  3.86847969E-04
5.14065722E-01  2.26487648E-02  3.94144969E-04
5.14364337E-01  2.27826145E-02  3.94626200E-04
5.14662952E-01  2.19130646E-02  3.86167027E-04
5.14961567E-01  2.21839659E-02  3.87407927E-04
5.15260182E-01  2.17011608E-02  3.85436928E-04
5.15558797E-01  2.20825151E-02  3.87472188E-04
5.15857412E-01  2.25661974E-02  3.91406356E-04
5.16156027E-01  2.24345550E-02  3.91128531E-04
5.16454642E-01  2.23340094E-02  3.90445173E-04
5.16753257E-01  2.22314708E-02  3.88593209E-04
5.17051872E-01  2.19351202E-02  3.87519685E-04
5.17350487E-01  2.21625790E-02  3.86857486E-04
5.17649102E-01  2.20650323E-02  3.87046253E-04
5.17947717E-01  2.22253352E-02  3.88071174E-04
5.18246332E-01  2.20071245E-02  3.86446889E-04
5.18544947E-01  2.19093636E-02  3.86823260E-04
5.18843562E-01  2.26875581E-02  3.93926341E-04
5.19142177E-01  2.24794261E-02  3.90194909E-04
5.19440792E-01  2.21030824E-02  3.86822096E-04
5.19739407E-01  2.15768106E-02  3.82565137E-04
5.20038022E-01  2.19000336E-02  3.87323147E-04
5.20336637E-01  2.20412333E-02  3.86569329E-04
5.20635252E-01  2.22068448E-02  3.87925771E-04
5.20933867E-01  2.23007705E-02  3.89032677E-04
5.21232482E-01  2.19147429E-02  3.85181163E-04
5.21531097E-01  2.22855564E-02  3.89955792E-04
5.21829712E-01  2.27366332E-02  3.93593626E-04
5.22128327E-01  2.17799880E-02  3.84658983E-04
5.22426942E-01  2.21848860E-02  3.86423577E-04
5.22725557E-01  2.24452242E-02  3.90780420E-04
5.23024172E-01  2.21881568E-02  3.87776847E-04
5.23322787E-01  2.27425694E-02  3.93460621E-04
5.23621402E-01  2.14227438E-02  3.81033198E-04
5.23920017E-01  2.19232179E-02  3.87551408E-04
5.24218632E-01  2.26077102E-02  3.90194269E-04
5.24517247E-01  2.20253095E-02  3.86171276E-04
5.24815862E-01  2.25812681E-02  3.92554473E-04
5.25114477E-01  2.28250697E-02  3.92835645E-04
5.25413092E-01  2.23461296E-02  3.89646157E-04
5.25711707E-01  2.18864977E-02  3.85998661E-04
5.26010322E-01  2.22587585E-02  3.87182052E-04
5.26308937E-01  2.24454049E-02  3.90133704E-04
5.26607552E-01  2.23668553E-02  3.89356981E-04
5.26906167E-01  2.21069101E-02  3.86711443E-04
5.27204782E-01  2.15722099E-02  3.84361047E-04
5.27503397E-01  2.20014676E-02  3.86168977E-04
5.27802012E-01  2.25685164E-02  3.91211273E-04
5.28100627E-01  2.23143920E-02  3.89863999E-04
5.28399242E-01  2.25940794E-02  3.88687477E-04
5.28697857E-01  2.19962820E-02  3.86793603E-04
5.28996472E-01  2.23075226E-02  3.88854736E-04
5.29295087E-01  2.28028353E-02  3.94503266E-04
5.29593702E-01  2.20294818E-02  3.85298074E-04
5.29892317E-01  2.18828786E-02  3.84858955E-04
5.30190932E-01  2.15582345E-02  3.83685954E-04
5.30489547E-01  2.23857388E-02  3.89449735E-04
5.30788162E-01  2.24944390E-02  3.89634602E-04
5.31086777E-01  2.18015760E-02  3.84620565E-04
5.31385392E-01  2.15231217E-02  3.80300422E-04
5.31684007E-01  2.17108354E-02  3.83916980E-04
5.31982622E-01  2.26232521E-02  3.91807029E-04
5.32281237E-01  2.27616038E-02  3.92908900E-04
5.32579852E-01  2.20233854E-02  3.87150503E-04
5.32878467E-01  2.24932879E-02  3.90494330E-04
5.33177082E-01  2.20169947E-02  3.87097971E-04
5.33475697E-01  2.15737950E-02  3.80483718E-04
5.33774312E-01  2.16072090E-02  3.82263854E-04
5.34072927E-01  2.22797170E-02  3.90751986E-04
5.34371542E-01  2.19552517E-02  3.84117302E-04
5.34670157E-01  2.18839981E-02  3.82753555E-04
5.34968772E-01  2.24204268E-02  3.91120062E-04
5.35267387E-01  2.27038600E-02  3.91853770E-04
5.35566002E-01  2.22938806E-02  3.89922410E-04
5.35864617E-01  2.21203025E-02  3.85474093E-04
5.36163232E-01  2.22626664E-02  3.89079039E-04
5.36461847E-01  2.22192686E-02  3.88320565E-04
5.36760462E-01  2.21936107E-02  3.87340144E-04
5.37059077E-01  2.25629527E-02  3.89886642E-04
5.37357692E-01  2.20986567E-02  3.88413668E-04
5.37656307E-01  2.24398579E-02  3.88165441E-04
5.37954922E-01  2.20669322E-02  3.89483845E-04
5.38253537E-01  2.22738516E-02  3.84317653E-04
5.38552152E-01  2.19610706E-02  3.85222665E-04
5.38850767E-01  2.23937836E-02  3.90239846E-04
5.39149382E-01  2.28584614E-02  3.94463335E-04
5.39447997E-01  2.23468728E-02  3.88597167E-04
5.39746612E-01  2.21049264E-02  3.87150882E-04
5.40045227E-01  2.21473575E-02  3.86297645E-04
5.40343842E-01  2.18654498E-02  3.85807507E-04
5.40642457E-01  2.22098045E-02  3.87033768E-04
5.40941072E-01  2.19851192E-02  3.84698709E-04
5.41239687E-01  2.24526133E-02  3.92698683E-04
5.41538302E-01  2.22092196E-02  3.87789769E-04
5.41836917E-01  2.15038378E-02  3.81211401E-04
5.42135532E-01  2.23411527E-02  3.85938736E-04
5.42434147E-01  2.23385170E-02  3.88922577E-04
5.42732762E-01  2.22933646E-02  3.89675057E-04
5.43031377E-01  2.16896962E-02  3.85598425E-04
5.43329992E-01  2.26638410E-02  3.88910499E-04
5.43628607E-01  2.24748049E-02  3.90114699E-04
5.43927222E-01  2.18919627E-02  3.85495950E-04
5.44225837E-01  2.20807437E-02  3.87441076E-04
5.44524452E-01  2.30203401E-02  3.92721937E-04
5.44823067E-01  2.25764774E-02  3.91290494E-04
5.45121682E-01  2.26433780E-02  3.91393289E-04
5.45420297E-01  2.19140351E-02  3.85228195E-04
5.45718912E-01  2.22416800E-02  3.87060660E-04
5.46017527E-01  2.23666523E-02  3.88999935E-04
5.46316142E-01  2.22206134E-02  3.87163367E-04
5.46614757E-01  2.23962534E-02  3.91174835E-04
5.46913372E-01  2.15808041E-02  3.80075711E-04
5.47211987E-01  2.27033533E-02  3.92020243E-04
5.47510602E-01  2.21090000E-02  3.87519540E-04
5.47809217E-01  2.21636817E-02  3.86582396E-04
5.48107832E-01  2.25220527E-02  3.91702692E-04
5.48406447E-01  2.21046992E-02  3.86259315E-04
5.48705062E-01  2.22530589E-02  3.86615284E-04
5.49003677E-01  2.22681686E-02  3.90069792E-04
5.49302292E-01  2.22758316E-02  3.85790132E-04
5.49600907E-01  2.15474404E-02  3.82767059E-04
5.49899522E-01  2.22962312E-02  3.88127577E-04
5.50198137E-01  2.21965313E-02  3.88398039E-04
5.50496752E-01  2.22884547E-02  3.87874694E-04
5.50795367E-01  2.24090759E-02  3.87981418E-04
5.51093982E-01  2.26029139E-02  3.90986010E-04
5.51392597E-01  2.21674871E-02  3.88246583E-04
5.51691212E-01  2.22934298E-02  3.88020009E-04
5.51989827E-01  2.23664083E-02  3.88467306E-04
5.52288442E-01  2.24959906E-02  3.87804263E-04
5.52587057E-01  2.20944379E-02  3.85726831E-04
5.52885672E-01  2.23992448E-02  3.88569053E-04
5.53184287E-01  2.24297978E-02  3.87238979E-04
5.53482902E-01  2.21129134E-02  3.85053107E-04
5.53781517E-01  2.22703964E-02  3.87267297E-04
5.54080132E-01  2.30653360E-02  3.93833558E-04
5.54378747E-01  2.21886244E-02  3.83132370E-04
5.54677362E-01  2.27365773E-02  3.89699911E-04
5.54975977E-01  2.19362527E-02  3.84078914E-04
5.55274592E-01  2.26945188E-02  3.89436929E-04
5.55573207E-01  2.24902071E-02  3.83454841E-04
5.55871822E-01  2.22202465E-02  3.83964682E-04
5.56170437E-01  2.24180743E-02  3.86690983E-04
5.56469052E-01  2.16833670E-02  3.80761689E-04
5.56767667E-01  2.19124965E-02  3.80755926E-04
5.57066282E-01  2.26125941E-02  3.87347362E-04
5.57364897E-01  2.26656813E-02  3.85050022E-04
5.57663512E-01  2.30268072E-02  3.90509289E-04
5.57962127E-01  2.20846608E-02  3.81166785E-04
5.58260742E-01  2.19674576E-02  3.78187571E-04
5.58559357E-01  2.22862009E-02  3.85104388E-04
5.58857972E-01  2.17778590E-02  3.80142010E-04
5.59156587E-01  2.21764594E-02  3.79988021E-04
5.59455202E-01  2.15835702E-02  3.77095508E-04
5.59753817E-01  2.22421344E-02  3.81001504E-04
5.60052432E-01  2.23044585E-02  3.82799888E-04
5.60351047E-01  2.16363892E-02  3.75958247E-04
5.60649662E-01  2.17693262E-02  3.75612464E-04
5.60948277E-01  2.17276290E-02  3.75957810E-04
5.61246892E-01  2.19925195E-02  3.78956116E-04
5.61545507E-01  2.24647298E-02  3.82464961E-04
5.61844122E-01  2.28608157E-02  3.83579376E-04
5.62142737E-01  2.24483907E-02  3.83411214E-04
5.62441352E-01  2.22383998E-02  3.78941331E-04
5.62739967E-01  2.20645759E-02  3.77020799E-04
5.63038582E-01  2.28534564E-02  3.84867075E-04
5.63337197E-01  2.24153753E-02  3.79921636E-04
5.63635812E-01  2.11948529E-02  3.72298149E-04
5.63934427E-01  2.23471355E-02  3.78819415E-04
5.64233042E-01  2.23658253E-02  3.78105469E-04
5.64531657E-01  2.26814300E-02  3.82621656E-04
5.64830272E-01  2.23302674E-02  3.79297213E-04
5.65128887E-01  2.27699336E-02  3.83460487E-04
5.65427502E-01  2.21558623E-02  3.75901232E-04
5.65726117E-01  2.26438884E-02  3.81337799E-04
5.66024732E-01  2.18971409E-02  3.74652387E-04
5.66323347E-01  2.23681927E-02  3.79013043E-04
5.66621962E-01  2.15462334E-02  3.68756446E-04
5.66920577E-01  2.26046033E-02  3.80838261E-04
5.67219192E-01  2.18092334E-02  3.74687050E-04
5.67517807E-01  2.19693054E-02  3.75887059E-04
5.67816422E-01  2.29638834E-02  3.79581266E-04
5.68115037E-01  2.21795980E-02  3.75601812E-04
5.68413652E-01  2.15550009E-02  3.70702444E-04
5.68712267E-01  2.20269971E-02  3.74741037E-04
5.69010882E-01  2.24009696E-02  3.76872980E-04
5.69309497E-01  2.25716364E-02  3.78567434E-04
5.69608112E-01  2.20711324E-02  3.74949683E-04
5.69906727E-01  2.23305095E-02  3.76113632E-04
5.70205342E-01  2.25068424E-02  3.76055366E-04
5.70503957E-01  2.15032846E-02  3.70526075E-04
5.70802572E-01  2.28499174E-02  3.80990736E-04
5.71101187E-01  2.23081931E-02  3.77400895E-04
5.71399802E-01  2.26473771E-02  3.78350669E-04
5.71698417E-01  2.15342809E-02  3.69527319E-04
5.71997032E-01  2.18867473E-02  3.74255498E-04
5.72295647E-01  2.23346353E-02  3.77632154E-04
5.72594262E-01  2.22780239E-02  3.75602714E-04
5.72892877E-01  2.17925981E-02  3.68889509E-04
5.73191492E-01  2.23580152E-02  3.77488264E-04
5.73490107E-01  2.21988969E-02  3.77011398E-04
5.73788722E-01  2.22384185E-02  3.75362026E-04
5.74087337E-01  2.16731355E-02  3.71581933E-04
5.74385952E-01  2.21483484E-02  3.76587646E-04
5.74684567E-01  2.26580705E-02  3.80284589E-04
5.74983182E-01  2.20964160E-02  3.73657764E-04
5.75281797E-01  2.30197627E-02  3.80349084E-04
5.75580412E-01  2.19459794E-02  3.74611700E-04
5.75879027E-01  2.16784514E-02  3.71128001E-04
5.76177642E-01  2.27682311E-02  3.80954909E-04
5.76476257E-01  2.28179116E-02  3.79718840E-04
5.76774872E-01  2.21235175E-02  3.75785399E-04
5.77073487E-01  2.28581689E-02  3.81712423E-04
5.77372102E-01  2.26780605E-02  3.80995916E-04
5.77670717E-01  2.20820718E-02  3.73468618E-04
5.77969332E-01  2.22531818E-02  3.76201177E-04
5.78267947E-01  2.23239195E-02  3.77666962E-04
5.78566562E-01  2.27878783E-02  3.80697893E-04
5.78865177E-01  2.19482686E-02  3.72004550E-04
5.79163792E-01  2.26111952E-02  3.79658333E-04
5.79462407E-01  2.21818071E-02  3.75693111E-04
5.79761022E-01  2.22023763E-02  3.77342687E-04
5.80059637E-01  2.24554446E-02  3.75773991E-04
5.80358252E-01  2.24743020E-02  3.78428173E-04
5.80656867E-01  2.27510389E-02  3.81630001E-04
5.80955482E-01  2.23031603E-02  3.77856864E-04


### HEADER:
#
#{
#    "analysis": {},
#    "calibration_params": {
#        "Beam_Center_X": 1061.0,
#        "Beam_Center_Y": 2093.0,
#        "Detector Tilt": 0.0,
#        "Detector Tilt Plane Rotation": 0.0,
#        "Detector_X_Pixel_Size": 75.0,
#        "Detector_Y_Pixel_Size": 75.0,
#        "Integration Method": "nosplit_csr",
#        "Radial_Average_Method": "pyFAI",
#        "Sample-to-detector distance (mm)": 1782.0,
#        "Wavelength (A)": 0.8823505857220345
#    },
#    "config_file": "/Users/jwinnikoff/Documents/MBARI/SAXS/HPSAXS_7A_Feb2023/HPSAXS_02_19_23.cfg",
#    "counters": {
#        "Epoch": "68.654",
#        "I1": "0",
#        "I2": "0",
#        "I3": "0",
#        "Seconds": "1",
#        "Time": "2.00272e-05",
#        "date": "Sun Feb 19 18:39:42 2023",
#        "diode": "56490"
#    },
#    "filename": "JWL0321_35C_030MPa_up_1_data_000001_00001.h5",
#    "history": {},
#    "imageHeader": {},
#    "load_path": "/Users/jwinnikoff/Documents/MBARI/SAXS/HPSAXS_7A_Feb2023/JWL0321_SOPPE_DOPE_TS+/JWL0321_35C_030MPa_up_1_data_000001.h5",
#    "normalizations": {
#        "Absolute_scale": {
#            "Absolute_scale_factor": 0.005174693841759343,
#            "Method": "Water"
#        },
#        "Counter_norms": [
#            [
#                "/",
#                "diode/150000"
#            ]
#        ],
#        "Polarization": {
#            "Used": false
#        },
#        "Solid_Angle_Correction": "On"
#    },
#    "raw_version": "2.1.4"
#}

