### DATA:
#
# 1908
#      Q             I(Q)           Error     
1.14966775E-02  0.00000000E+00  0.00000000E+00
1.17952925E-02  6.91818714E-01  3.03382576E-02
1.20939075E-02  7.62996376E-01  2.25289389E-02
1.23925225E-02  7.33949006E-01  1.80412605E-02
1.26911375E-02  7.00427771E-01  1.65552925E-02
1.29897525E-02  6.34537220E-01  1.53134121E-02
1.32883675E-02  6.29733086E-01  1.46568511E-02
1.35869825E-02  5.84148228E-01  1.34438006E-02
1.38855975E-02  5.58506012E-01  1.23143271E-02
1.41842125E-02  5.20280302E-01  1.21356947E-02
1.44828275E-02  4.77289379E-01  1.15017835E-02
1.47814425E-02  4.69300449E-01  1.10645909E-02
1.50800575E-02  4.26703274E-01  1.01596015E-02
1.53786725E-02  4.12216991E-01  9.40507371E-03
1.56772875E-02  3.82333547E-01  9.13169608E-03
1.59759025E-02  3.55983764E-01  8.22548103E-03
1.62745175E-02  3.30573797E-01  7.81561621E-03
1.65731325E-02  3.15881103E-01  7.74833094E-03
1.68717475E-02  3.03753942E-01  6.97778119E-03
1.71703625E-02  3.08126807E-01  7.39315106E-03
1.74689775E-02  2.75912434E-01  6.45862147E-03
1.77675925E-02  2.65646905E-01  6.23199763E-03
1.80662075E-02  2.60225356E-01  6.41993806E-03
1.83648225E-02  2.37302363E-01  5.50972717E-03
1.86634375E-02  2.32474923E-01  5.70587255E-03
1.89620525E-02  2.11376607E-01  5.12663601E-03
1.92606675E-02  1.98924825E-01  5.04456554E-03
1.95592825E-02  2.04521030E-01  5.16493572E-03
1.98578975E-02  1.90955922E-01  4.62050224E-03
2.01565125E-02  1.82544738E-01  4.67755971E-03
2.04551275E-02  1.76229388E-01  4.31370223E-03
2.07537425E-02  1.81220964E-01  4.27379413E-03
2.10523575E-02  1.74933895E-01  3.96554219E-03
2.13509725E-02  1.68996677E-01  3.65831377E-03
2.16495875E-02  1.60832882E-01  3.55828437E-03
2.19482025E-02  1.63096353E-01  3.31883528E-03
2.22468175E-02  1.56399980E-01  3.39999935E-03
2.25454325E-02  1.51818812E-01  3.07222316E-03
2.28440475E-02  1.45043567E-01  3.07560875E-03
2.31426625E-02  1.38632655E-01  2.90206913E-03
2.34412775E-02  1.37366191E-01  2.77691684E-03
2.37398925E-02  1.35765076E-01  2.86536454E-03
2.40385075E-02  1.32456034E-01  2.66031758E-03
2.43371225E-02  1.26471788E-01  2.59952829E-03
2.46357375E-02  1.20754249E-01  2.60911183E-03
2.49343525E-02  1.18771039E-01  2.46055238E-03
2.52329675E-02  1.19515069E-01  2.59020901E-03
2.55315825E-02  1.11214988E-01  2.34097918E-03
2.58301975E-02  1.11318573E-01  2.35519069E-03
2.61288125E-02  1.07127182E-01  2.38768919E-03
2.64274275E-02  1.05455078E-01  2.21875519E-03
2.67260425E-02  1.02966987E-01  2.30876962E-03
2.70246575E-02  1.00441694E-01  2.13560765E-03
2.73232725E-02  9.83077511E-02  2.18085060E-03
2.76218875E-02  9.68185291E-02  2.19645398E-03
2.79205025E-02  9.83975530E-02  2.13203579E-03
2.82191175E-02  9.04703587E-02  2.03729002E-03
2.85177325E-02  9.14017111E-02  2.01333174E-03
2.88163475E-02  8.87908787E-02  2.04672036E-03
2.91149625E-02  8.85482356E-02  1.98496738E-03
2.94135775E-02  8.50443915E-02  1.92292023E-03
2.97121925E-02  8.36724788E-02  1.92312407E-03
3.00108075E-02  8.50331411E-02  1.87441404E-03
3.03094225E-02  8.29840750E-02  1.93457631E-03
3.06080375E-02  8.21923614E-02  1.86320243E-03
3.09066525E-02  8.05252418E-02  1.81841594E-03
3.12052675E-02  7.59885162E-02  1.82063924E-03
3.15038825E-02  7.61115626E-02  1.74382608E-03
3.18024975E-02  7.67791942E-02  1.77836372E-03
3.21011125E-02  7.46597722E-02  1.69681292E-03
3.23997275E-02  7.12744519E-02  1.61404849E-03
3.26983425E-02  7.85638690E-02  1.70871790E-03
3.29969575E-02  7.21632391E-02  1.54734228E-03
3.32955725E-02  7.19642118E-02  1.54520746E-03
3.35941875E-02  7.06863180E-02  1.46032393E-03
3.38928025E-02  7.05207884E-02  1.50180270E-03
3.41914175E-02  7.08876923E-02  1.46074826E-03
3.44900325E-02  6.48600161E-02  1.38787623E-03
3.47886474E-02  6.76414147E-02  1.39267149E-03
3.50872624E-02  6.54466599E-02  1.34406949E-03
3.53858774E-02  6.55833706E-02  1.38787192E-03
3.56844924E-02  6.51927963E-02  1.33046519E-03
3.59831074E-02  6.40040785E-02  1.29599019E-03
3.62817224E-02  6.55316934E-02  1.34355098E-03
3.65803374E-02  6.40902370E-02  1.28800201E-03
3.68789524E-02  6.35914207E-02  1.32626109E-03
3.71775674E-02  6.67346567E-02  1.32728112E-03
3.74761824E-02  6.23970553E-02  1.24919089E-03
3.77747974E-02  6.08431809E-02  1.23937684E-03
3.80734124E-02  6.19990230E-02  1.23139063E-03
3.83720274E-02  6.15930744E-02  1.26760488E-03
3.86706424E-02  5.95635660E-02  1.18747749E-03
3.89692574E-02  5.87417185E-02  1.21433556E-03
3.92678724E-02  5.89028634E-02  1.22528302E-03
3.95664874E-02  5.75513989E-02  1.16724870E-03
3.98651024E-02  5.84840961E-02  1.17771782E-03
4.01637174E-02  5.75776063E-02  1.14925590E-03
4.04623324E-02  5.57276607E-02  1.17068714E-03
4.07609474E-02  5.77762835E-02  1.15024671E-03
4.10595624E-02  5.69388792E-02  1.16517663E-03
4.13581774E-02  5.47588840E-02  1.12174090E-03
4.16567924E-02  5.56464158E-02  1.10806350E-03
4.19554074E-02  5.68840392E-02  1.15229236E-03
4.22540224E-02  5.60917892E-02  1.13531249E-03
4.25526374E-02  5.56791760E-02  1.11581734E-03
4.28512524E-02  5.55157624E-02  1.11794332E-03
4.31498674E-02  5.36373742E-02  1.08607940E-03
4.34484824E-02  5.67036308E-02  1.15147629E-03
4.37470974E-02  5.24054654E-02  1.05961564E-03
4.40457124E-02  5.35441674E-02  1.07627828E-03
4.43443274E-02  5.42085767E-02  1.10377197E-03
4.46429424E-02  5.25749102E-02  1.06304174E-03
4.49415574E-02  5.43876849E-02  1.11601176E-03
4.52401724E-02  5.35545386E-02  1.05846452E-03
4.55387874E-02  5.48829846E-02  1.08876813E-03
4.58374024E-02  5.39974719E-02  1.07994943E-03
4.61360174E-02  5.15201055E-02  1.03980280E-03
4.64346324E-02  5.17586283E-02  1.06251205E-03
4.67332474E-02  5.28720617E-02  1.04031304E-03
4.70318624E-02  5.28076924E-02  1.07059733E-03
4.73304774E-02  5.23617379E-02  1.06003240E-03
4.76290924E-02  5.14516495E-02  1.02862169E-03
4.79277074E-02  5.13514169E-02  1.02132477E-03
4.82263224E-02  5.24387918E-02  1.02506357E-03
4.85249374E-02  5.17514274E-02  1.04961463E-03
4.88235524E-02  5.13774864E-02  1.02002930E-03
4.91221674E-02  4.98591103E-02  9.98781528E-04
4.94207824E-02  5.12584038E-02  1.02353166E-03
4.97193974E-02  5.16830124E-02  1.00932608E-03
5.00180124E-02  4.99723405E-02  1.02005608E-03
5.03166274E-02  4.89362106E-02  9.80687561E-04
5.06152424E-02  5.05516939E-02  9.99701559E-04
5.09138574E-02  5.19043431E-02  1.02524902E-03
5.12124724E-02  5.09552024E-02  9.89095075E-04
5.15110874E-02  5.04563190E-02  1.00174081E-03
5.18097024E-02  4.92041595E-02  9.74769937E-04
5.21083174E-02  4.93506156E-02  9.74806200E-04
5.24069324E-02  5.10226712E-02  9.91900801E-04
5.27055474E-02  5.05370833E-02  9.80794313E-04
5.30041624E-02  5.03741354E-02  9.97947995E-04
5.33027774E-02  5.05600199E-02  9.76834213E-04
5.36013924E-02  5.14649041E-02  9.91177047E-04
5.39000074E-02  5.12281507E-02  9.72296984E-04
5.41986224E-02  5.01108952E-02  9.80871031E-04
5.44972374E-02  5.09382263E-02  9.76337004E-04
5.47958524E-02  5.24093546E-02  9.83443926E-04
5.50944674E-02  5.12988642E-02  9.88162472E-04
5.53930824E-02  5.15832901E-02  9.68967273E-04
5.56916974E-02  5.14930487E-02  9.62865364E-04
5.59903124E-02  5.19829541E-02  9.87690990E-04
5.62889274E-02  5.18748909E-02  9.65124695E-04
5.65875424E-02  5.24028502E-02  9.87503328E-04
5.68861574E-02  5.21982014E-02  9.68128559E-04
5.71847724E-02  5.27611077E-02  9.66833206E-04
5.74833874E-02  5.02348654E-02  9.53616516E-04
5.77820024E-02  5.21793328E-02  9.60211270E-04
5.80806174E-02  5.35188280E-02  9.96572664E-04
5.83792324E-02  5.37224337E-02  9.62866587E-04
5.86778474E-02  5.22423685E-02  9.64643434E-04
5.89764624E-02  5.29672503E-02  9.81885707E-04
5.92750774E-02  5.36745861E-02  9.48397152E-04
5.95736924E-02  5.35784289E-02  9.76902083E-04
5.98723074E-02  5.34442887E-02  9.55429219E-04
6.01709224E-02  5.35119250E-02  9.54809249E-04
6.04695374E-02  5.52964136E-02  9.85865365E-04
6.07681524E-02  5.41174896E-02  9.65153449E-04
6.10667674E-02  5.49095906E-02  9.77261807E-04
6.13653824E-02  5.52324951E-02  9.57852928E-04
6.16639974E-02  5.54543957E-02  9.71987029E-04
6.19626124E-02  5.62800467E-02  9.80452867E-04
6.22612274E-02  5.33378348E-02  9.36616736E-04
6.25598424E-02  5.57293855E-02  9.78160184E-04
6.28584574E-02  5.76580577E-02  9.78661934E-04
6.31570724E-02  5.57758212E-02  9.71079571E-04
6.34556874E-02  5.60410060E-02  9.47265886E-04
6.37543024E-02  5.70387430E-02  9.68568667E-04
6.40529174E-02  5.77541254E-02  9.88152693E-04
6.43515324E-02  5.65577000E-02  9.59156314E-04
6.46501474E-02  5.84504567E-02  9.95993149E-04
6.49487624E-02  5.90966940E-02  9.64659208E-04
6.52473774E-02  5.79948276E-02  9.63640516E-04
6.55459924E-02  5.88533916E-02  9.81435180E-04
6.58446074E-02  6.14054911E-02  9.91572626E-04
6.61432224E-02  5.91153875E-02  9.83618433E-04
6.64418374E-02  6.21875189E-02  9.83763020E-04
6.67404524E-02  5.96928708E-02  9.76474548E-04
6.70390674E-02  6.18201084E-02  9.98528209E-04
6.73376824E-02  6.23696595E-02  9.76674259E-04
6.76362974E-02  6.38974607E-02  1.01271563E-03
6.79349124E-02  6.19563907E-02  9.75117029E-04
6.82335274E-02  6.41021580E-02  9.98795964E-04
6.85321424E-02  6.50320798E-02  1.01799192E-03
6.88307574E-02  6.71731755E-02  1.01417303E-03
6.91293724E-02  6.63249642E-02  1.02317287E-03
6.94279874E-02  6.95673227E-02  1.02271722E-03
6.97266024E-02  6.96117282E-02  1.04083749E-03
7.00252174E-02  7.02818260E-02  1.03737728E-03
7.03238324E-02  7.30855837E-02  1.04944780E-03
7.06224474E-02  7.24771768E-02  1.06080563E-03
7.09210624E-02  7.43417591E-02  1.06083509E-03
7.12196774E-02  7.32214823E-02  1.05042499E-03
7.15182924E-02  7.54256248E-02  1.04276161E-03
7.18169074E-02  7.59744942E-02  1.07487163E-03
7.21155224E-02  7.91122168E-02  1.09310227E-03
7.24141374E-02  7.81348124E-02  1.08021614E-03
7.27127524E-02  8.16727281E-02  1.09947717E-03
7.30113674E-02  8.30729678E-02  1.10032829E-03
7.33099824E-02  8.56139585E-02  1.12319854E-03
7.36085974E-02  8.70767906E-02  1.13653648E-03
7.39072124E-02  8.90421644E-02  1.12811057E-03
7.42058274E-02  9.12518352E-02  1.16606837E-03
7.45044424E-02  9.36046764E-02  1.16039847E-03
7.48030574E-02  9.56949741E-02  1.18096953E-03
7.51016724E-02  9.73910019E-02  1.19008683E-03
7.54002874E-02  1.01860754E-01  1.19761610E-03
7.56989024E-02  1.05664231E-01  1.24096347E-03
7.59975174E-02  1.06775939E-01  1.22747186E-03
7.62961324E-02  1.10811278E-01  1.25444937E-03
7.65947474E-02  1.16018787E-01  1.27949787E-03
7.68933624E-02  1.20592609E-01  1.30586140E-03
7.71919774E-02  1.26028836E-01  1.34938851E-03
7.74905924E-02  1.29527792E-01  1.33782858E-03
7.77892074E-02  1.35821775E-01  1.37856393E-03
7.80878224E-02  1.40867800E-01  1.39227614E-03
7.83864374E-02  1.46866113E-01  1.41941046E-03
7.86850524E-02  1.54563323E-01  1.47997297E-03
7.89836674E-02  1.65828228E-01  1.51373458E-03
7.92822824E-02  1.75813273E-01  1.54585391E-03
7.95808974E-02  1.85852572E-01  1.57496531E-03
7.98795124E-02  1.97712868E-01  1.65631424E-03
8.01781274E-02  2.10776135E-01  1.72460545E-03
8.04767424E-02  2.27004528E-01  1.74412585E-03
8.07753574E-02  2.45702475E-01  1.83309021E-03
8.10739724E-02  2.67926812E-01  1.89292047E-03
8.13725874E-02  2.90002406E-01  1.96149154E-03
8.16712024E-02  3.18444461E-01  2.08902499E-03
8.19698174E-02  3.49098504E-01  2.13094824E-03
8.22684324E-02  3.92083079E-01  2.30617146E-03
8.25670474E-02  4.35351938E-01  2.40090280E-03
8.28656624E-02  4.91158515E-01  2.56809872E-03
8.31642774E-02  5.62088072E-01  2.70927511E-03
8.34628924E-02  6.38482273E-01  2.89036217E-03
8.37615074E-02  7.33700275E-01  3.14513594E-03
8.40601224E-02  8.49212468E-01  3.31390044E-03
8.43587374E-02  9.89354253E-01  3.59089207E-03
8.46573524E-02  1.16037822E+00  3.86999222E-03
8.49559674E-02  1.34452951E+00  4.19434998E-03
8.52545824E-02  1.57721579E+00  4.55177855E-03
8.55531974E-02  1.83910298E+00  4.83470829E-03
8.58518124E-02  2.14446282E+00  5.24578895E-03
8.61504274E-02  2.45695806E+00  5.55638270E-03
8.64490424E-02  2.80908179E+00  6.03895588E-03
8.67476574E-02  3.13596535E+00  6.36824640E-03
8.70462724E-02  3.43576670E+00  6.55515958E-03
8.73448874E-02  3.69990945E+00  6.85421145E-03
8.76435024E-02  3.87854981E+00  6.94846315E-03
8.79421174E-02  3.97382426E+00  7.14788260E-03
8.82407324E-02  3.98193240E+00  7.12768314E-03
8.85393474E-02  3.86493969E+00  6.92333654E-03
8.88379624E-02  3.67253852E+00  6.79970346E-03
8.91365774E-02  3.41465974E+00  6.47147791E-03
8.94351924E-02  3.08167911E+00  6.19369512E-03
8.97338074E-02  2.76447582E+00  5.83362952E-03
9.00324224E-02  2.40653539E+00  5.42783970E-03
9.03310374E-02  2.07194257E+00  5.09293610E-03
9.06296524E-02  1.75947082E+00  4.63685393E-03
9.09282674E-02  1.47458494E+00  4.24100924E-03
9.12268824E-02  1.23612022E+00  3.87588004E-03
9.15254974E-02  1.03710020E+00  3.53728468E-03
9.18241124E-02  8.68762791E-01  3.28551629E-03
9.21227274E-02  7.40779579E-01  3.00593954E-03
9.24213424E-02  6.30721867E-01  2.72659375E-03
9.27199574E-02  5.35193324E-01  2.53418530E-03
9.30185724E-02  4.65041906E-01  2.36654119E-03
9.33171874E-02  4.05162305E-01  2.23125797E-03
9.36158024E-02  3.55580002E-01  2.01884238E-03
9.39144174E-02  3.13278079E-01  1.94413983E-03
9.42130324E-02  2.87731558E-01  1.85313437E-03
9.45116474E-02  2.53259689E-01  1.73084321E-03
9.48102624E-02  2.32234091E-01  1.66485680E-03
9.51088774E-02  2.14909777E-01  1.57086214E-03
9.54074924E-02  1.98838055E-01  1.53092819E-03
9.57061074E-02  1.84936777E-01  1.47253671E-03
9.60047224E-02  1.74927399E-01  1.43339788E-03
9.63033374E-02  1.65155008E-01  1.37945660E-03
9.66019524E-02  1.57912523E-01  1.35593442E-03
9.69005674E-02  1.48957551E-01  1.31348509E-03
9.71991824E-02  1.41651034E-01  1.27753604E-03
9.74977974E-02  1.37289852E-01  1.25338358E-03
9.77964124E-02  1.31260827E-01  1.22136122E-03
9.80950274E-02  1.24023080E-01  1.19540666E-03
9.83936424E-02  1.21074773E-01  1.18162506E-03
9.86922574E-02  1.14775613E-01  1.14948163E-03
9.89908724E-02  1.14667475E-01  1.13671529E-03
9.92894874E-02  1.10620208E-01  1.11318135E-03
9.95881024E-02  1.04699895E-01  1.09174987E-03
9.98867174E-02  1.05054729E-01  1.09736063E-03
1.00185332E-01  9.92028639E-02  1.04239432E-03
1.00483947E-01  9.86406878E-02  1.05608348E-03
1.00782562E-01  9.60150957E-02  1.02933077E-03
1.01081177E-01  9.62196663E-02  1.04083621E-03
1.01379792E-01  9.26210284E-02  1.01732218E-03
1.01678407E-01  9.05002728E-02  9.94808855E-04
1.01977022E-01  8.95261616E-02  1.00018305E-03
1.02275637E-01  8.80736932E-02  9.92037356E-04
1.02574252E-01  8.50135013E-02  9.70585097E-04
1.02872867E-01  8.35593045E-02  9.51999449E-04
1.03171482E-01  8.39107707E-02  9.53223789E-04
1.03470097E-01  8.38807300E-02  9.54608724E-04
1.03768712E-01  8.25938806E-02  9.55881085E-04
1.04067327E-01  8.10030997E-02  9.29781178E-04
1.04365942E-01  7.97960460E-02  9.33366886E-04
1.04664557E-01  7.96436891E-02  9.31712217E-04
1.04963172E-01  7.77241439E-02  9.13706433E-04
1.05261787E-01  7.67641068E-02  9.10253380E-04
1.05560402E-01  7.66271576E-02  9.00002371E-04
1.05859017E-01  7.61527419E-02  9.08837130E-04
1.06157632E-01  7.52154663E-02  8.97395716E-04
1.06456247E-01  7.57402405E-02  9.00521642E-04
1.06754862E-01  7.40390942E-02  8.79798376E-04
1.07053477E-01  7.24935681E-02  8.76091130E-04
1.07352092E-01  7.31924921E-02  8.80305131E-04
1.07650707E-01  7.19306767E-02  8.73379991E-04
1.07949322E-01  7.29919299E-02  8.78401333E-04
1.08247937E-01  7.06599280E-02  8.63570720E-04
1.08546552E-01  7.15334117E-02  8.72358680E-04
1.08845167E-01  7.11759105E-02  8.55927414E-04
1.09143782E-01  6.98108226E-02  8.57688894E-04
1.09442397E-01  6.74692690E-02  8.32700112E-04
1.09741012E-01  6.80852681E-02  8.39089451E-04
1.10039627E-01  6.86874613E-02  8.49418633E-04
1.10338242E-01  6.80177212E-02  8.39981076E-04
1.10636857E-01  6.78808019E-02  8.28863122E-04
1.10935472E-01  6.67774081E-02  8.21475347E-04
1.11234087E-01  6.71318173E-02  8.31262150E-04
1.11532702E-01  6.66685700E-02  8.27749958E-04
1.11831317E-01  6.80094734E-02  8.31550802E-04
1.12129932E-01  6.59025013E-02  8.20137211E-04
1.12428547E-01  6.42815530E-02  8.09678691E-04
1.12727162E-01  6.56355619E-02  8.14735948E-04
1.13025777E-01  6.55267760E-02  8.13134946E-04
1.13324392E-01  6.66164532E-02  8.18628585E-04
1.13623007E-01  6.48585111E-02  8.09593708E-04
1.13921622E-01  6.49977699E-02  8.11079226E-04
1.14220237E-01  6.46805540E-02  8.01216462E-04
1.14518852E-01  6.27285615E-02  7.82640942E-04
1.14817467E-01  6.40857294E-02  8.02326249E-04
1.15116082E-01  6.41397163E-02  8.02059832E-04
1.15414697E-01  6.48075044E-02  8.02604365E-04
1.15713312E-01  6.36609644E-02  7.87861471E-04
1.16011927E-01  6.50444105E-02  7.99310219E-04
1.16310542E-01  6.25975356E-02  7.91170518E-04
1.16609157E-01  6.40244856E-02  7.91270402E-04
1.16907772E-01  6.26956746E-02  7.85909418E-04
1.17206387E-01  6.42220378E-02  7.92200910E-04
1.17505002E-01  6.32663816E-02  7.81423820E-04
1.17803617E-01  6.32921979E-02  7.90226972E-04
1.18102232E-01  6.30731806E-02  7.81365437E-04
1.18400847E-01  6.18690886E-02  7.75000139E-04
1.18699462E-01  6.26435354E-02  7.78135494E-04
1.18998077E-01  6.28488436E-02  7.72154774E-04
1.19296692E-01  6.26967177E-02  7.85922515E-04
1.19595307E-01  6.22833148E-02  7.69222970E-04
1.19893922E-01  6.26421869E-02  7.69790087E-04
1.20192537E-01  6.29966706E-02  7.80897157E-04
1.20491152E-01  6.14417270E-02  7.60221854E-04
1.20789767E-01  6.25344664E-02  7.74097920E-04
1.21088382E-01  6.18390664E-02  7.68676633E-04
1.21386997E-01  6.26179129E-02  7.67466263E-04
1.21685612E-01  6.29469082E-02  7.76648987E-04
1.21984227E-01  6.30025938E-02  7.72007159E-04
1.22282842E-01  6.22969419E-02  7.62273849E-04
1.22581457E-01  6.30917400E-02  7.61801959E-04
1.22880072E-01  6.26346171E-02  7.72501982E-04
1.23178687E-01  6.31272122E-02  7.68416910E-04
1.23477302E-01  6.30985871E-02  7.70412153E-04
1.23775917E-01  6.29500896E-02  7.60424242E-04
1.24074532E-01  6.30385056E-02  7.68419530E-04
1.24373147E-01  6.22825809E-02  7.62726471E-04
1.24671762E-01  6.23393506E-02  7.58826616E-04
1.24970377E-01  6.32537752E-02  7.62259646E-04
1.25268992E-01  6.36843741E-02  7.63797143E-04
1.25567607E-01  6.31674901E-02  7.57053611E-04
1.25866222E-01  6.28426373E-02  7.67229882E-04
1.26164837E-01  6.47565946E-02  7.70202663E-04
1.26463452E-01  6.31043985E-02  7.56677939E-04
1.26762067E-01  6.44300207E-02  7.67731632E-04
1.27060682E-01  6.40596524E-02  7.63426826E-04
1.27359297E-01  6.43030107E-02  7.76370871E-04
1.27657912E-01  6.52029961E-02  7.63457152E-04
1.27956527E-01  6.47313371E-02  7.64034281E-04
1.28255142E-01  6.45771176E-02  7.68611790E-04
1.28553757E-01  6.48839250E-02  7.57027476E-04
1.28852372E-01  6.37399331E-02  7.53330300E-04
1.29150987E-01  6.35709167E-02  7.52331689E-04
1.29449602E-01  6.59499317E-02  7.70935672E-04
1.29748217E-01  6.51139095E-02  7.65516423E-04
1.30046832E-01  6.68462887E-02  7.69416278E-04
1.30345447E-01  6.53208941E-02  7.58571492E-04
1.30644062E-01  6.57987446E-02  7.60336290E-04
1.30942677E-01  6.66882321E-02  7.71078165E-04
1.31241292E-01  6.69886097E-02  7.70238461E-04
1.31539907E-01  6.67213053E-02  7.64641911E-04
1.31838522E-01  6.70679435E-02  7.70183979E-04
1.32137137E-01  6.73566610E-02  7.78858899E-04
1.32435752E-01  7.03082532E-02  8.06172786E-04
1.32734367E-01  6.94130734E-02  7.99914938E-04
1.33032982E-01  6.97280392E-02  8.10188882E-04
1.33331597E-01  6.99729621E-02  8.11611535E-04
1.33630212E-01  7.07239509E-02  8.19440698E-04
1.33928827E-01  7.15281889E-02  8.36715742E-04
1.34227442E-01  7.08907619E-02  8.12905433E-04
1.34526057E-01  7.23000169E-02  8.37533094E-04
1.34824672E-01  7.26903677E-02  8.45980656E-04
1.35123287E-01  7.35237375E-02  8.45827104E-04
1.35421902E-01  7.45496154E-02  8.59279477E-04
1.35720517E-01  7.39791840E-02  8.47207149E-04
1.36019132E-01  7.55152404E-02  8.71336146E-04
1.36317747E-01  7.76600763E-02  8.75074416E-04
1.36616362E-01  7.77124912E-02  8.72788485E-04
1.36914977E-01  7.73532242E-02  8.80550302E-04
1.37213592E-01  8.02313238E-02  8.98136816E-04
1.37512207E-01  8.10079277E-02  9.11468058E-04
1.37810822E-01  8.03825259E-02  8.98984901E-04
1.38109437E-01  8.12071562E-02  9.03585518E-04
1.38408052E-01  8.48240480E-02  9.26997280E-04
1.38706667E-01  8.61191303E-02  9.36188095E-04
1.39005282E-01  8.71192142E-02  9.51852591E-04
1.39303897E-01  8.81156549E-02  9.38410114E-04
1.39602512E-01  8.94446522E-02  9.63722414E-04
1.39901127E-01  8.95393118E-02  9.62732651E-04
1.40199742E-01  9.39934254E-02  9.81818535E-04
1.40498357E-01  9.49953869E-02  9.97467781E-04
1.40796972E-01  9.60602909E-02  9.89891589E-04
1.41095587E-01  1.00238852E-01  1.02584064E-03
1.41394202E-01  1.01685598E-01  1.02676067E-03
1.41692817E-01  1.04932167E-01  1.04958413E-03
1.41991432E-01  1.07672535E-01  1.06320239E-03
1.42290047E-01  1.10937797E-01  1.07162516E-03
1.42588662E-01  1.15162902E-01  1.10656850E-03
1.42887277E-01  1.17138848E-01  1.10983488E-03
1.43185892E-01  1.22767113E-01  1.13261316E-03
1.43484507E-01  1.28143728E-01  1.16634159E-03
1.43783122E-01  1.32736579E-01  1.17724435E-03
1.44081737E-01  1.38008982E-01  1.20418239E-03
1.44380352E-01  1.44709870E-01  1.22297800E-03
1.44678967E-01  1.50156096E-01  1.23198843E-03
1.44977582E-01  1.59391597E-01  1.29462639E-03
1.45276197E-01  1.70530155E-01  1.31944404E-03
1.45574812E-01  1.81014389E-01  1.37531303E-03
1.45873427E-01  1.89895481E-01  1.37609034E-03
1.46172042E-01  1.99870527E-01  1.42192689E-03
1.46470657E-01  2.15487957E-01  1.49414013E-03
1.46769272E-01  2.28985354E-01  1.52197620E-03
1.47067887E-01  2.43253216E-01  1.56511436E-03
1.47366502E-01  2.64179826E-01  1.62308884E-03
1.47665117E-01  2.85338640E-01  1.68937061E-03
1.47963732E-01  3.03553671E-01  1.76243589E-03
1.48262347E-01  3.27641249E-01  1.81163871E-03
1.48560962E-01  3.52252722E-01  1.88128499E-03
1.48859577E-01  3.82493287E-01  1.93427748E-03
1.49158192E-01  4.13892865E-01  2.05403985E-03
1.49456807E-01  4.43967313E-01  2.10255245E-03
1.49755422E-01  4.74463135E-01  2.16790009E-03
1.50054037E-01  5.08452833E-01  2.25854176E-03
1.50352652E-01  5.42744040E-01  2.30413163E-03
1.50651267E-01  5.74113011E-01  2.40357756E-03
1.50949882E-01  6.02006674E-01  2.42311647E-03
1.51248497E-01  6.24979913E-01  2.48076255E-03
1.51547112E-01  6.50134385E-01  2.57437071E-03
1.51845727E-01  6.58778906E-01  2.51644035E-03
1.52144342E-01  6.78925991E-01  2.61776778E-03
1.52442957E-01  6.80783808E-01  2.54348060E-03
1.52741572E-01  6.81768060E-01  2.58245482E-03
1.53040187E-01  6.70559227E-01  2.59766239E-03
1.53338802E-01  6.61400080E-01  2.52785487E-03
1.53637417E-01  6.48567677E-01  2.53373804E-03
1.53936032E-01  6.21725142E-01  2.44466937E-03
1.54234647E-01  5.93566597E-01  2.39386130E-03
1.54533262E-01  5.68509638E-01  2.37930543E-03
1.54831877E-01  5.36261678E-01  2.27868673E-03
1.55130492E-01  5.07957101E-01  2.22097128E-03
1.55429107E-01  4.72759902E-01  2.13101972E-03
1.55727722E-01  4.38245058E-01  2.07204022E-03
1.56026337E-01  4.05676812E-01  1.98193174E-03
1.56324952E-01  3.73382062E-01  1.89521839E-03
1.56623567E-01  3.46532971E-01  1.84660731E-03
1.56922182E-01  3.12201560E-01  1.72740337E-03
1.57220797E-01  2.91874498E-01  1.69285829E-03
1.57519412E-01  2.65665382E-01  1.59519236E-03
1.57818027E-01  2.43075371E-01  1.52477040E-03
1.58116642E-01  2.30179802E-01  1.50389725E-03
1.58415257E-01  2.06491828E-01  1.40535692E-03
1.58713872E-01  1.93395138E-01  1.37294398E-03
1.59012487E-01  1.79096520E-01  1.30228768E-03
1.59311102E-01  1.68086186E-01  1.28090067E-03
1.59609717E-01  1.57095581E-01  1.24059350E-03
1.59908332E-01  1.49382919E-01  1.18182541E-03
1.60206947E-01  1.41001418E-01  1.15965144E-03
1.60505562E-01  1.32198736E-01  1.12287141E-03
1.60804177E-01  1.26785949E-01  1.09846541E-03
1.61102792E-01  1.21410295E-01  1.07531191E-03
1.61401407E-01  1.17552333E-01  1.05395250E-03
1.61700022E-01  1.14289396E-01  1.03775167E-03
1.61998637E-01  1.11493431E-01  1.02716393E-03
1.62297252E-01  1.10250741E-01  1.02617673E-03
1.62595867E-01  1.05371967E-01  1.00249739E-03
1.62894482E-01  1.03029631E-01  9.80123994E-04
1.63193097E-01  1.02677263E-01  9.92804184E-04
1.63491712E-01  1.00807138E-01  9.67467437E-04
1.63790327E-01  9.86534134E-02  9.72108159E-04
1.64088942E-01  1.00592121E-01  9.65092855E-04
1.64387557E-01  9.91557017E-02  9.65593674E-04
1.64686172E-01  9.85374451E-02  9.73996415E-04
1.64984787E-01  9.91001353E-02  9.59248166E-04
1.65283402E-01  1.00745708E-01  9.73308983E-04
1.65582017E-01  9.95939523E-02  9.59632511E-04
1.65880632E-01  9.99929309E-02  9.65585874E-04
1.66179247E-01  1.01829141E-01  9.82355908E-04
1.66477862E-01  1.02622747E-01  9.72432608E-04
1.66776477E-01  1.06005102E-01  9.96991526E-04
1.67075092E-01  1.07425138E-01  1.00577576E-03
1.67373707E-01  1.09019801E-01  1.01000560E-03
1.67672322E-01  1.13810100E-01  1.03123381E-03
1.67970937E-01  1.15985826E-01  1.03132124E-03
1.68269552E-01  1.18272290E-01  1.04978622E-03
1.68568167E-01  1.23637222E-01  1.06260530E-03
1.68866782E-01  1.27342418E-01  1.09428819E-03
1.69165397E-01  1.30283698E-01  1.09835574E-03
1.69464012E-01  1.38266772E-01  1.12449180E-03
1.69762627E-01  1.43162474E-01  1.15176779E-03
1.70061242E-01  1.52479947E-01  1.18454476E-03
1.70359857E-01  1.56556934E-01  1.21420342E-03
1.70658472E-01  1.67780429E-01  1.23448088E-03
1.70957087E-01  1.76562905E-01  1.27115811E-03
1.71255702E-01  1.86119720E-01  1.32109493E-03
1.71554317E-01  2.00542569E-01  1.34053000E-03
1.71852932E-01  2.09597185E-01  1.38784782E-03
1.72151547E-01  2.23512307E-01  1.42825930E-03
1.72450162E-01  2.35118508E-01  1.46840117E-03
1.72748777E-01  2.51205176E-01  1.52147806E-03
1.73047392E-01  2.61788875E-01  1.54626102E-03
1.73346007E-01  2.80799538E-01  1.60417601E-03
1.73644622E-01  2.93170393E-01  1.63129414E-03
1.73943237E-01  3.10702145E-01  1.67993736E-03
1.74241852E-01  3.22060347E-01  1.72096863E-03
1.74540467E-01  3.33154768E-01  1.72841921E-03
1.74839082E-01  3.47994566E-01  1.78830663E-03
1.75137697E-01  3.55463088E-01  1.79018395E-03
1.75436312E-01  3.65521580E-01  1.82712835E-03
1.75734927E-01  3.70984972E-01  1.81842269E-03
1.76033542E-01  3.71351421E-01  1.82482821E-03
1.76332157E-01  3.74485493E-01  1.86028227E-03
1.76630772E-01  3.70746374E-01  1.81845506E-03
1.76929387E-01  3.65945637E-01  1.83450419E-03
1.77228002E-01  3.61908495E-01  1.78947859E-03
1.77526617E-01  3.53028059E-01  1.78045128E-03
1.77825232E-01  3.47660094E-01  1.77285320E-03
1.78123847E-01  3.32431883E-01  1.72657531E-03
1.78422462E-01  3.16004544E-01  1.68337766E-03
1.78721077E-01  3.03904533E-01  1.65530154E-03
1.79019692E-01  2.91778028E-01  1.62249210E-03
1.79318307E-01  2.74777770E-01  1.57505216E-03
1.79616922E-01  2.61255682E-01  1.51290593E-03
1.79915537E-01  2.46083692E-01  1.48803135E-03
1.80214152E-01  2.30835825E-01  1.42870098E-03
1.80512767E-01  2.16644585E-01  1.39808527E-03
1.80811382E-01  2.01944977E-01  1.34618022E-03
1.81109997E-01  1.88411847E-01  1.28819770E-03
1.81408612E-01  1.79736063E-01  1.27086241E-03
1.81707227E-01  1.64558798E-01  1.20910897E-03
1.82005842E-01  1.53827384E-01  1.16902124E-03
1.82304457E-01  1.44548267E-01  1.12684444E-03
1.82603072E-01  1.37585342E-01  1.10411516E-03
1.82901687E-01  1.27601907E-01  1.07081141E-03
1.83200302E-01  1.19467996E-01  1.02681073E-03
1.83498917E-01  1.12274267E-01  9.91483335E-04
1.83797532E-01  1.06208012E-01  9.62746621E-04
1.84096147E-01  1.01623714E-01  9.50501824E-04
1.84394762E-01  9.80752632E-02  9.35323536E-04
1.84693377E-01  9.30911452E-02  9.04907065E-04
1.84991992E-01  8.82181749E-02  8.85597838E-04
1.85290607E-01  8.38051513E-02  8.52143217E-04
1.85589222E-01  8.40730220E-02  8.59680120E-04
1.85887837E-01  7.94346631E-02  8.33159487E-04
1.86186452E-01  7.67906308E-02  8.17569497E-04
1.86485067E-01  7.46028125E-02  8.10087018E-04
1.86783682E-01  7.05419704E-02  7.85401266E-04
1.87082297E-01  7.05144927E-02  7.88622536E-04
1.87380912E-01  6.97583556E-02  7.79240567E-04
1.87679527E-01  6.66243508E-02  7.55147135E-04
1.87978142E-01  6.37652948E-02  7.47957500E-04
1.88276757E-01  6.27042875E-02  7.40005635E-04
1.88575372E-01  6.31382465E-02  7.44764053E-04
1.88873987E-01  6.13938645E-02  7.29845720E-04
1.89172602E-01  6.03440069E-02  7.19605887E-04
1.89471217E-01  5.88914007E-02  7.16219947E-04
1.89769832E-01  5.77740744E-02  7.11257453E-04
1.90068447E-01  5.72647713E-02  6.98091346E-04
1.90367062E-01  5.80686741E-02  7.09580607E-04
1.90665677E-01  5.57166003E-02  6.93484035E-04
1.90964292E-01  5.66617176E-02  6.97986514E-04
1.91262907E-01  5.46702519E-02  6.88507280E-04
1.91561522E-01  5.45851327E-02  6.79401099E-04
1.91860137E-01  5.47428615E-02  6.89640467E-04
1.92158752E-01  5.22601791E-02  6.70332927E-04
1.92457367E-01  5.28784096E-02  6.75159681E-04
1.92755982E-01  5.18988036E-02  6.66081323E-04
1.93054597E-01  5.19913696E-02  6.67104498E-04
1.93353212E-01  5.15301526E-02  6.60751597E-04
1.93651827E-01  5.03332317E-02  6.59997982E-04
1.93950442E-01  5.06908186E-02  6.58711302E-04
1.94249057E-01  4.84734364E-02  6.39638223E-04
1.94547672E-01  5.06364182E-02  6.58783538E-04
1.94846287E-01  4.90330830E-02  6.47023146E-04
1.95144902E-01  4.89001796E-02  6.49696449E-04
1.95443517E-01  4.84951064E-02  6.33395568E-04
1.95742132E-01  4.89477888E-02  6.45223830E-04
1.96040747E-01  4.66345847E-02  6.31004223E-04
1.96339362E-01  4.63475063E-02  6.30476221E-04
1.96637977E-01  4.68616821E-02  6.27730682E-04
1.96936592E-01  4.63141277E-02  6.25238928E-04
1.97235207E-01  4.64694053E-02  6.28481619E-04
1.97533822E-01  4.60067503E-02  6.22965454E-04
1.97832437E-01  4.53833006E-02  6.20699779E-04
1.98131052E-01  4.50397730E-02  6.15024299E-04
1.98429667E-01  4.55459990E-02  6.19057799E-04
1.98728282E-01  4.57764342E-02  6.22592575E-04
1.99026897E-01  4.40312736E-02  6.06765389E-04
1.99325512E-01  4.48480919E-02  6.14299788E-04
1.99624127E-01  4.42060828E-02  6.09695562E-04
1.99922742E-01  4.37294617E-02  6.05255715E-04
2.00221357E-01  4.30779755E-02  6.04160770E-04
2.00519972E-01  4.39210795E-02  6.03929511E-04
2.00818587E-01  4.30186577E-02  5.97135862E-04
2.01117202E-01  4.28592227E-02  6.01862790E-04
2.01415817E-01  4.18739133E-02  5.88956173E-04
2.01714432E-01  4.36647609E-02  6.04244415E-04
2.02013047E-01  4.16941270E-02  5.88058378E-04
2.02311662E-01  4.26365770E-02  5.97090053E-04
2.02610277E-01  4.27678898E-02  5.99517138E-04
2.02908892E-01  4.36283126E-02  5.98942046E-04
2.03207507E-01  4.20998074E-02  5.90732670E-04
2.03506122E-01  4.15231548E-02  5.85763541E-04
2.03804737E-01  4.20477800E-02  5.90002630E-04
2.04103352E-01  4.05948013E-02  5.81530097E-04
2.04401967E-01  4.10587154E-02  5.84114401E-04
2.04700582E-01  4.10400331E-02  5.78948122E-04
2.04999197E-01  4.09722514E-02  5.80073567E-04
2.05297812E-01  4.06153165E-02  5.83141809E-04
2.05596427E-01  4.01765890E-02  5.75303042E-04
2.05895042E-01  4.03185412E-02  5.77750499E-04
2.06193657E-01  4.03876528E-02  5.74509497E-04
2.06492272E-01  3.97264175E-02  5.69090364E-04
2.06790887E-01  4.02130634E-02  5.78979962E-04
2.07089502E-01  3.99792567E-02  5.67781797E-04
2.07388117E-01  4.04348932E-02  5.78409119E-04
2.07686732E-01  3.95037904E-02  5.69417491E-04
2.07985347E-01  3.96863818E-02  5.68808697E-04
2.08283962E-01  3.98735963E-02  5.71550685E-04
2.08582577E-01  3.91075537E-02  5.62073488E-04
2.08881192E-01  3.82601209E-02  5.58497268E-04
2.09179807E-01  3.85160036E-02  5.62952657E-04
2.09478422E-01  3.86546589E-02  5.57293766E-04
2.09777037E-01  3.97101641E-02  5.70734555E-04
2.10075652E-01  3.80247310E-02  5.53236983E-04
2.10374267E-01  3.73813212E-02  5.55460923E-04
2.10672882E-01  3.81110273E-02  5.59127715E-04
2.10971497E-01  3.79564762E-02  5.48942015E-04
2.11270112E-01  3.72550003E-02  5.52304846E-04
2.11568727E-01  3.71582285E-02  5.45913528E-04
2.11867342E-01  3.79059240E-02  5.56598126E-04
2.12165957E-01  3.76931354E-02  5.50162164E-04
2.12464572E-01  3.73687409E-02  5.47296077E-04
2.12763187E-01  3.77645008E-02  5.52855199E-04
2.13061802E-01  3.83422486E-02  5.56562154E-04
2.13360417E-01  3.75573672E-02  5.52852522E-04
2.13659032E-01  3.79505493E-02  5.49892429E-04
2.13957647E-01  3.75385247E-02  5.47555683E-04
2.14256262E-01  3.67509872E-02  5.44235168E-04
2.14554877E-01  3.72753218E-02  5.44818758E-04
2.14853492E-01  3.78025249E-02  5.49480843E-04
2.15152107E-01  3.66126560E-02  5.40117791E-04
2.15450722E-01  3.70979868E-02  5.49132936E-04
2.15749337E-01  3.60396504E-02  5.37486339E-04
2.16047952E-01  3.68061960E-02  5.41384681E-04
2.16346567E-01  3.73845696E-02  5.45949268E-04
2.16645182E-01  3.77448499E-02  5.45482268E-04
2.16943797E-01  3.51473615E-02  5.29205310E-04
2.17242412E-01  3.63912694E-02  5.42067573E-04
2.17541027E-01  3.58455889E-02  5.29551471E-04
2.17839642E-01  3.71356048E-02  5.48250217E-04
2.18138257E-01  3.62501256E-02  5.31597587E-04
2.18436872E-01  3.67216691E-02  5.40609471E-04
2.18735487E-01  3.67387012E-02  5.38010907E-04
2.19034102E-01  3.57411131E-02  5.30971272E-04
2.19332717E-01  3.62848714E-02  5.38514811E-04
2.19631332E-01  3.71241197E-02  5.42435038E-04
2.19929947E-01  3.61079276E-02  5.32903941E-04
2.20228562E-01  3.53593752E-02  5.25648356E-04
2.20527177E-01  3.68029736E-02  5.39125584E-04
2.20825792E-01  3.67876738E-02  5.39654749E-04
2.21124407E-01  3.58465090E-02  5.31132275E-04
2.21423022E-01  3.62533107E-02  5.33194572E-04
2.21721637E-01  3.66279557E-02  5.34842955E-04
2.22020252E-01  3.63568738E-02  5.32705046E-04
2.22318867E-01  3.62386703E-02  5.35300060E-04
2.22617482E-01  3.67424451E-02  5.32723032E-04
2.22916097E-01  3.72572318E-02  5.43741917E-04
2.23214712E-01  3.60690393E-02  5.29511715E-04
2.23513327E-01  3.75604406E-02  5.44011476E-04
2.23811942E-01  3.65043245E-02  5.33322047E-04
2.24110557E-01  3.63471434E-02  5.30008401E-04
2.24409172E-01  3.65585797E-02  5.35602914E-04
2.24707787E-01  3.70163582E-02  5.33784973E-04
2.25006402E-01  3.72854024E-02  5.42021473E-04
2.25305017E-01  3.84674929E-02  5.40724082E-04
2.25603632E-01  3.76125425E-02  5.42156573E-04
2.25902247E-01  3.77403051E-02  5.43715840E-04
2.26200862E-01  3.75791937E-02  5.39550150E-04
2.26499477E-01  3.75497714E-02  5.37468353E-04
2.26798092E-01  3.71574573E-02  5.37611311E-04
2.27096707E-01  3.86161357E-02  5.47265110E-04
2.27395322E-01  3.86372022E-02  5.49498422E-04
2.27693937E-01  3.93029191E-02  5.47354110E-04
2.27992552E-01  3.79168577E-02  5.39471919E-04
2.28291167E-01  3.89160439E-02  5.46220341E-04
2.28589782E-01  3.81975770E-02  5.45568299E-04
2.28888397E-01  3.93089019E-02  5.51517180E-04
2.29187012E-01  3.87493446E-02  5.43025380E-04
2.29485627E-01  3.92693467E-02  5.48698648E-04
2.29784242E-01  4.08028252E-02  5.61902998E-04
2.30082857E-01  3.98375653E-02  5.51546807E-04
2.30381472E-01  3.96861658E-02  5.49398013E-04
2.30680087E-01  4.07169014E-02  5.57922816E-04
2.30978702E-01  4.01666276E-02  5.54141065E-04
2.31277317E-01  3.97994295E-02  5.52237441E-04
2.31575932E-01  4.18597497E-02  5.66189468E-04
2.31874547E-01  3.94707322E-02  5.45579882E-04
2.32173162E-01  4.03111987E-02  5.54030586E-04
2.32471777E-01  3.97469699E-02  5.51244302E-04
2.32770392E-01  3.94146144E-02  5.47055970E-04
2.33069007E-01  3.88769321E-02  5.43003611E-04
2.33367622E-01  3.88701148E-02  5.40959532E-04
2.33666237E-01  3.76641378E-02  5.37073531E-04
2.33964852E-01  3.74733917E-02  5.31604281E-04
2.34263467E-01  3.74282971E-02  5.31285477E-04
2.34562082E-01  3.72107401E-02  5.31094498E-04
2.34860697E-01  3.80512848E-02  5.36146341E-04
2.35159312E-01  3.76457721E-02  5.33888582E-04
2.35457927E-01  3.65247540E-02  5.23064751E-04
2.35756542E-01  3.58681008E-02  5.16314991E-04
2.36055157E-01  3.49895246E-02  5.14273881E-04
2.36353772E-01  3.61602232E-02  5.22363349E-04
2.36652387E-01  3.47381681E-02  5.14766667E-04
2.36951002E-01  3.48233394E-02  5.06069802E-04
2.37249617E-01  3.52130719E-02  5.16945729E-04
2.37548232E-01  3.31204198E-02  4.99082322E-04
2.37846847E-01  3.36522423E-02  5.01379545E-04
2.38145462E-01  3.30067500E-02  4.96131834E-04
2.38444077E-01  3.30845788E-02  4.93415107E-04
2.38742692E-01  3.25178355E-02  4.97340166E-04
2.39041307E-01  3.23380753E-02  4.91496408E-04
2.39339922E-01  3.16537470E-02  4.85318014E-04
2.39638537E-01  3.30188014E-02  4.96088818E-04
2.39937152E-01  3.24869342E-02  4.90707811E-04
2.40235767E-01  3.11787557E-02  4.84104821E-04
2.40534382E-01  3.08241248E-02  4.78252798E-04
2.40832997E-01  3.14189233E-02  4.81774274E-04
2.41131612E-01  3.16638984E-02  4.86217090E-04
2.41430227E-01  3.11112888E-02  4.77956928E-04
2.41728842E-01  3.13963890E-02  4.84976714E-04
2.42027457E-01  3.08123790E-02  4.74092725E-04
2.42326072E-01  3.01830340E-02  4.71035251E-04
2.42624687E-01  3.00108716E-02  4.74158063E-04
2.42923302E-01  3.02087739E-02  4.72936721E-04
2.43221917E-01  3.03537585E-02  4.69656399E-04
2.43520532E-01  3.03990450E-02  4.71941574E-04
2.43819147E-01  3.05374637E-02  4.73406370E-04
2.44117762E-01  3.14706936E-02  4.82852018E-04
2.44416377E-01  3.01846080E-02  4.74071305E-04
2.44714992E-01  2.99257934E-02  4.65831050E-04
2.45013607E-01  3.11204214E-02  4.80027113E-04
2.45312222E-01  2.97060609E-02  4.66153113E-04
2.45610837E-01  2.90108547E-02  4.62064083E-04
2.45909452E-01  2.91441325E-02  4.58465540E-04
2.46208067E-01  3.00503951E-02  4.69365565E-04
2.46506682E-01  3.05757839E-02  4.72413638E-04
2.46805297E-01  2.98826490E-02  4.70782659E-04
2.47103912E-01  3.11545990E-02  4.74661821E-04
2.47402527E-01  3.00627295E-02  4.66270983E-04
2.47701142E-01  2.99137123E-02  4.67916107E-04
2.47999757E-01  3.07415091E-02  4.73956985E-04
2.48298372E-01  3.06339785E-02  4.75875713E-04
2.48596987E-01  3.03573869E-02  4.64786979E-04
2.48895602E-01  3.09724864E-02  4.72765969E-04
2.49194217E-01  3.03383376E-02  4.68409620E-04
2.49492832E-01  3.14414501E-02  4.77758585E-04
2.49791447E-01  3.09325904E-02  4.75043489E-04
2.50090062E-01  3.09613813E-02  4.72046871E-04
2.50388677E-01  3.03001497E-02  4.70292900E-04
2.50687292E-01  3.12674977E-02  4.76050540E-04
2.50985907E-01  3.06781344E-02  4.68874205E-04
2.51284522E-01  3.12002357E-02  4.75799141E-04
2.51583137E-01  3.08843032E-02  4.69944120E-04
2.51881752E-01  3.11013497E-02  4.73630731E-04
2.52180367E-01  3.18516158E-02  4.79310518E-04
2.52478982E-01  3.13284360E-02  4.73695603E-04
2.52777597E-01  3.15331370E-02  4.76138026E-04
2.53076212E-01  3.12553644E-02  4.74165194E-04
2.53374827E-01  3.21223773E-02  4.82131029E-04
2.53673442E-01  3.20683978E-02  4.75570356E-04
2.53972057E-01  3.21772881E-02  4.80204559E-04
2.54270672E-01  3.31342593E-02  4.87163168E-04
2.54569287E-01  3.24061736E-02  4.83997806E-04
2.54867902E-01  3.25909816E-02  4.82895586E-04
2.55166517E-01  3.25015597E-02  4.79157257E-04
2.55465132E-01  3.32103707E-02  4.87072888E-04
2.55763747E-01  3.36289108E-02  4.90528066E-04
2.56062362E-01  3.35609615E-02  4.89901868E-04
2.56360977E-01  3.35191786E-02  4.86347359E-04
2.56659592E-01  3.44519094E-02  4.91768820E-04
2.56958207E-01  3.43316086E-02  4.94967273E-04
2.57256822E-01  3.45348269E-02  4.95635788E-04
2.57555437E-01  3.53196338E-02  4.98846988E-04
2.57854052E-01  3.65363471E-02  5.08578785E-04
2.58152667E-01  3.61275561E-02  5.07481571E-04
2.58451282E-01  3.69672775E-02  5.13483945E-04
2.58749897E-01  3.74081098E-02  5.11768041E-04
2.59048512E-01  3.76715846E-02  5.14650659E-04
2.59347127E-01  3.73370759E-02  5.12091792E-04
2.59645742E-01  3.80269550E-02  5.19408612E-04
2.59944357E-01  3.78357805E-02  5.18931716E-04
2.60242972E-01  3.85213383E-02  5.17030014E-04
2.60541587E-01  3.91798429E-02  5.26247779E-04
2.60840202E-01  4.05905321E-02  5.34224673E-04
2.61138817E-01  3.97738330E-02  5.30364923E-04
2.61437432E-01  4.09555100E-02  5.36340754E-04
2.61736047E-01  4.02579755E-02  5.29389479E-04
2.62034662E-01  4.11812775E-02  5.37961256E-04
2.62333277E-01  4.11802158E-02  5.37672197E-04
2.62631892E-01  4.17011827E-02  5.37956657E-04
2.62930507E-01  4.14461195E-02  5.36589592E-04
2.63229122E-01  4.19815369E-02  5.41033340E-04
2.63527737E-01  4.09407541E-02  5.37671149E-04
2.63826352E-01  4.13757861E-02  5.35858679E-04
2.64124967E-01  4.10150997E-02  5.33519196E-04
2.64423582E-01  4.19065952E-02  5.39709115E-04
2.64722197E-01  4.19678278E-02  5.38004853E-04
2.65020812E-01  4.02698666E-02  5.32268023E-04
2.65319427E-01  4.12493981E-02  5.31597936E-04
2.65618042E-01  4.13038805E-02  5.37503045E-04
2.65916657E-01  4.10995372E-02  5.34075603E-04
2.66215272E-01  3.96362878E-02  5.23802184E-04
2.66513887E-01  4.00796272E-02  5.27135388E-04
2.66812502E-01  3.96747850E-02  5.21225098E-04
2.67111117E-01  3.92889008E-02  5.22183662E-04
2.67409732E-01  3.82501930E-02  5.13900130E-04
2.67708347E-01  3.86258550E-02  5.17222914E-04
2.68006962E-01  3.77741456E-02  5.10694634E-04
2.68305577E-01  3.74257043E-02  5.06632437E-04
2.68604192E-01  3.72471325E-02  5.06728538E-04
2.68902807E-01  3.67387012E-02  5.02610055E-04
2.69201422E-01  3.66189703E-02  4.99478600E-04
2.69500037E-01  3.56296264E-02  4.94712789E-04
2.69798652E-01  3.41383815E-02  4.84001124E-04
2.70097267E-01  3.41038667E-02  4.86900099E-04
2.70395882E-01  3.35278921E-02  4.75393666E-04
2.70694497E-01  3.30343805E-02  4.75869339E-04
2.70993112E-01  3.35735306E-02  4.80603660E-04
2.71291727E-01  3.26288007E-02  4.73428372E-04
2.71590342E-01  3.24043520E-02  4.73018445E-04
2.71888957E-01  3.19702700E-02  4.63873439E-04
2.72187572E-01  3.20667736E-02  4.67294769E-04
2.72486187E-01  3.15047950E-02  4.63656907E-04
2.72784802E-01  3.20592709E-02  4.68680781E-04
2.73083417E-01  3.12190205E-02  4.57817921E-04
2.73382032E-01  2.97442004E-02  4.49484622E-04
2.73680647E-01  3.03760916E-02  4.56332113E-04
2.73979262E-01  2.94781476E-02  4.47358063E-04
2.74277877E-01  2.89505087E-02  4.41542477E-04
2.74576492E-01  2.89846081E-02  4.42474440E-04
2.74875107E-01  3.00115366E-02  4.51620552E-04
2.75173722E-01  2.95788366E-02  4.49041283E-04
2.75472337E-01  2.89949141E-02  4.39670286E-04
2.75770952E-01  2.84692403E-02  4.39866300E-04
2.76069567E-01  2.94071883E-02  4.42676566E-04
2.76368182E-01  2.80991364E-02  4.38567455E-04
2.76666797E-01  2.75398977E-02  4.32961591E-04
2.76965412E-01  2.80195083E-02  4.31785331E-04
2.77264027E-01  2.86288559E-02  4.39871685E-04
2.77562642E-01  2.85682715E-02  4.35560767E-04
2.77861257E-01  2.73641702E-02  4.31802764E-04
2.78159872E-01  2.74185818E-02  4.26390208E-04
2.78458487E-01  2.83128824E-02  4.34914225E-04
2.78757102E-01  2.79982891E-02  4.35668830E-04
2.79055717E-01  2.71787029E-02  4.26650950E-04
2.79354332E-01  2.75802352E-02  4.29684180E-04
2.79652947E-01  2.76009217E-02  4.29954292E-04
2.79951562E-01  2.74936426E-02  4.25606326E-04
2.80250177E-01  2.69878805E-02  4.27089719E-04
2.80548792E-01  2.74245404E-02  4.27830033E-04
2.80847407E-01  2.73991823E-02  4.26037033E-04
2.81146022E-01  2.77930237E-02  4.30912536E-04
2.81444637E-01  2.70333383E-02  4.26052196E-04
2.81743252E-01  2.73899119E-02  4.27030114E-04
2.82041867E-01  2.70047262E-02  4.20361117E-04
2.82340482E-01  2.65913308E-02  4.20551019E-04
2.82639097E-01  2.67778039E-02  4.22234705E-04
2.82937712E-01  2.70761270E-02  4.23841266E-04
2.83236327E-01  2.76856460E-02  4.28373343E-04
2.83534942E-01  2.63960361E-02  4.16214956E-04
2.83833557E-01  2.64593940E-02  4.19093820E-04
2.84132172E-01  2.69630104E-02  4.22329351E-04
2.84430787E-01  2.72135437E-02  4.26515238E-04
2.84729402E-01  2.64830962E-02  4.15577728E-04
2.85028017E-01  2.70222593E-02  4.22377489E-04
2.85326632E-01  2.70269569E-02  4.25160310E-04
2.85625247E-01  2.70806737E-02  4.18812240E-04
2.85923862E-01  2.70679053E-02  4.22215060E-04
2.86222477E-01  2.76193880E-02  4.26074956E-04
2.86521092E-01  2.70478651E-02  4.21748584E-04
2.86819707E-01  2.73866635E-02  4.27343184E-04
2.87118322E-01  2.75149252E-02  4.22059675E-04
2.87416937E-01  2.70916298E-02  4.20746481E-04
2.87715552E-01  2.64911372E-02  4.15448245E-04
2.88014167E-01  2.72285771E-02  4.24102618E-04
2.88312782E-01  2.69371513E-02  4.21098637E-04
2.88611397E-01  2.70790979E-02  4.17293457E-04
2.88910012E-01  2.74788179E-02  4.25734062E-04
2.89208627E-01  2.68896744E-02  4.18976502E-04
2.89507242E-01  2.73327660E-02  4.22105630E-04
2.89805857E-01  2.71339770E-02  4.19035699E-04
2.90104472E-01  2.64036506E-02  4.12758614E-04
2.90403087E-01  2.75186803E-02  4.25942912E-04
2.90701702E-01  2.81741768E-02  4.27618361E-04
2.91000317E-01  2.70955022E-02  4.18641255E-04
2.91298932E-01  2.75522508E-02  4.23080433E-04
2.91597547E-01  2.68056560E-02  4.17921081E-04
2.91896162E-01  2.71699503E-02  4.20444412E-04
2.92194777E-01  2.81475522E-02  4.26282379E-04
2.92493392E-01  2.75813323E-02  4.22383193E-04
2.92792007E-01  2.73761824E-02  4.21321660E-04
2.93090622E-01  2.71230061E-02  4.19166259E-04
2.93389237E-01  2.73298044E-02  4.20558092E-04
2.93687852E-01  2.84121800E-02  4.25820908E-04
2.93986467E-01  2.75376029E-02  4.22258541E-04
2.94285082E-01  2.80995071E-02  4.24388330E-04
2.94583697E-01  2.82057542E-02  4.28393803E-04
2.94882312E-01  2.86162961E-02  4.28687519E-04
2.95180927E-01  2.85345018E-02  4.25319973E-04
2.95479542E-01  2.84332354E-02  4.28452448E-04
2.95778157E-01  2.84647364E-02  4.27040446E-04
2.96076772E-01  2.81851627E-02  4.25245729E-04
2.96375387E-01  2.86937393E-02  4.28551255E-04
2.96674002E-01  2.91523580E-02  4.31756489E-04
2.96972617E-01  2.93145273E-02  4.35786351E-04
2.97271232E-01  2.89541017E-02  4.33310663E-04
2.97569847E-01  2.90019065E-02  4.33880341E-04
2.97868462E-01  2.94988696E-02  4.38866322E-04
2.98167077E-01  2.90389713E-02  4.37580107E-04
2.98465692E-01  3.02436911E-02  4.49350977E-04
2.98764307E-01  2.98150349E-02  4.42299206E-04
2.99062922E-01  3.02196145E-02  4.48054605E-04
2.99361537E-01  3.01893558E-02  4.49288142E-04
2.99660152E-01  3.03427856E-02  4.51221917E-04
2.99958767E-01  3.06556113E-02  4.53771441E-04
3.00257382E-01  3.09818629E-02  4.57449496E-04
3.00555997E-01  3.05188466E-02  4.53789893E-04
3.00854612E-01  3.06755695E-02  4.54265974E-04
3.01153227E-01  3.20239589E-02  4.67216858E-04
3.01451842E-01  3.26035842E-02  4.69274208E-04
3.01750457E-01  3.15253697E-02  4.66799276E-04
3.02049072E-01  3.29074487E-02  4.73500695E-04
3.02347687E-01  3.22234370E-02  4.77922149E-04
3.02646302E-01  3.22347283E-02  4.84090036E-04
3.02944917E-01  3.16796638E-02  4.79774637E-04
3.03243532E-01  3.35773826E-02  5.03346208E-04
3.03542147E-01  3.23593654E-02  4.94974433E-04
3.03840762E-01  3.22547890E-02  4.93895030E-04
3.04139377E-01  3.33321504E-02  5.08606317E-04
3.04437992E-01  3.31001654E-02  5.02325536E-04
3.04736607E-01  3.28400172E-02  5.08551951E-04
3.05035222E-01  3.32513750E-02  5.07551129E-04
3.05333837E-01  3.32070068E-02  5.10635378E-04
3.05632452E-01  3.25784832E-02  5.09848527E-04
3.05931067E-01  3.33881751E-02  5.13542735E-04
3.06229682E-01  3.45351920E-02  5.27947501E-04
3.06528297E-01  3.42753977E-02  5.20941161E-04
3.06826912E-01  3.40591893E-02  5.25732525E-04
3.07125527E-01  3.39323506E-02  5.26035554E-04
3.07424142E-01  3.39067169E-02  5.25196549E-04
3.07722757E-01  3.47506888E-02  5.35959611E-04
3.08021372E-01  3.41872387E-02  5.27206808E-04
3.08319987E-01  3.34982313E-02  5.17938170E-04
3.08618602E-01  3.26907113E-02  5.06665325E-04
3.08917217E-01  3.37925702E-02  5.07427962E-04
3.09215832E-01  3.48081999E-02  5.19467518E-04
3.09514447E-01  3.35501321E-02  5.02036011E-04
3.09813062E-01  3.40492614E-02  5.06901008E-04
3.10111677E-01  3.31756845E-02  4.98108740E-04
3.10410292E-01  3.42781469E-02  5.00051363E-04
3.10708907E-01  3.33629809E-02  4.98121371E-04
3.11007522E-01  3.35618258E-02  4.92651481E-04
3.11306137E-01  3.34337838E-02  4.97958972E-04
3.11604752E-01  3.29504572E-02  4.88543767E-04
3.11903367E-01  3.33779603E-02  4.91171086E-04
3.12201982E-01  3.24137397E-02  4.83894954E-04
3.12500597E-01  3.38638239E-02  4.90111357E-04
3.12799212E-01  3.27654220E-02  4.86121018E-04
3.13097827E-01  3.20838988E-02  4.77695052E-04
3.13396442E-01  3.27578001E-02  4.82045172E-04
3.13695057E-01  3.33717167E-02  4.89018683E-04
3.13993672E-01  3.25710326E-02  4.78262315E-04
3.14292287E-01  3.19599062E-02  4.75007255E-04
3.14590902E-01  3.30315568E-02  4.81507508E-04
3.14889517E-01  3.32212560E-02  4.82889533E-04
3.15188132E-01  3.32553424E-02  4.85958677E-04
3.15486747E-01  3.36212181E-02  4.82126808E-04
3.15785362E-01  3.28470916E-02  4.79788054E-04
3.16083977E-01  3.27548571E-02  4.75507724E-04
3.16382592E-01  3.27588730E-02  4.78142581E-04
3.16681207E-01  3.30099128E-02  4.77852853E-04
3.16979822E-01  3.23422700E-02  4.72263171E-04
3.17278437E-01  3.21793593E-02  4.72664018E-04
3.17577052E-01  3.29182260E-02  4.76575515E-04
3.17875667E-01  3.36473025E-02  4.88566468E-04
3.18174282E-01  3.34143639E-02  4.91334591E-04
3.18472897E-01  3.26950178E-02  4.93008003E-04
3.18771512E-01  3.21839899E-02  4.87244892E-04
3.19070127E-01  3.28774713E-02  4.96323803E-04
3.19368742E-01  3.32108252E-02  4.99255722E-04
3.19667357E-01  3.23725045E-02  4.93331987E-04
3.19965972E-01  3.23606580E-02  4.94358421E-04
3.20264587E-01  3.24202888E-02  4.97070665E-04
3.20563202E-01  3.29508483E-02  5.00694092E-04
3.20861817E-01  3.24948877E-02  4.98214387E-04
3.21160432E-01  3.23448814E-02  4.95507033E-04
3.21459047E-01  3.18420976E-02  4.96322522E-04
3.21757662E-01  3.29384916E-02  5.01607836E-04
3.22056277E-01  3.16420458E-02  4.91357408E-04
3.22354892E-01  3.15190367E-02  4.94663604E-04
3.22653507E-01  3.12262382E-02  4.90794191E-04
3.22952122E-01  3.07569485E-02  4.91372717E-04
3.23250737E-01  3.10661197E-02  4.84521734E-04
3.23549352E-01  3.03699654E-02  4.85004624E-04
3.23847967E-01  3.09675280E-02  4.92044201E-04
3.24146582E-01  3.06707565E-02  4.88254154E-04
3.24445197E-01  3.11035682E-02  4.91975108E-04
3.24743812E-01  3.04059554E-02  4.85579367E-04
3.25042427E-01  3.06834988E-02  4.92975174E-04
3.25341042E-01  3.05469241E-02  4.86282835E-04
3.25639657E-01  3.03552356E-02  4.87449579E-04
3.25938272E-01  3.02253347E-02  4.87695768E-04
3.26236887E-01  3.05032153E-02  4.86080011E-04
3.26535502E-01  2.91988086E-02  4.82773321E-04
3.26834117E-01  2.89013274E-02  4.74942382E-04
3.27132732E-01  2.90971063E-02  4.78936330E-04
3.27431347E-01  2.87011564E-02  4.76371846E-04
3.27729962E-01  2.87372936E-02  4.74429835E-04
3.28028577E-01  2.97992900E-02  4.90959967E-04
3.28327192E-01  2.82431170E-02  4.66653088E-04
3.28625807E-01  2.85899192E-02  4.77294816E-04
3.28924422E-01  2.88982149E-02  4.79576498E-04
3.29223037E-01  2.86512356E-02  4.75543289E-04
3.29521652E-01  2.80968118E-02  4.71898849E-04
3.29820267E-01  2.74181236E-02  4.64513840E-04
3.30118882E-01  2.76114270E-02  4.71319276E-04
3.30417497E-01  2.88910978E-02  4.79524402E-04
3.30716112E-01  2.81811021E-02  4.70797968E-04
3.31014727E-01  2.79418547E-02  4.69627586E-04
3.31313342E-01  2.78235041E-02  4.66979312E-04
3.31611957E-01  2.83364616E-02  4.76327143E-04
3.31910572E-01  2.73424536E-02  4.64567187E-04
3.32209187E-01  2.79471911E-02  4.67608566E-04
3.32507802E-01  2.74237189E-02  4.68456536E-04
3.32806417E-01  2.74359193E-02  4.62366646E-04
3.33105032E-01  2.72592660E-02  4.65104764E-04
3.33403647E-01  2.71268189E-02  4.60969954E-04
3.33702262E-01  2.72294395E-02  4.62113705E-04
3.34000877E-01  2.68608034E-02  4.58706898E-04
3.34299492E-01  2.75400858E-02  4.65978635E-04
3.34598107E-01  2.56856196E-02  4.50417021E-04
3.34896722E-01  2.69834213E-02  4.57214774E-04
3.35195337E-01  2.74359230E-02  4.61973279E-04
3.35493952E-01  2.69332118E-02  4.60413576E-04
3.35792567E-01  2.75413096E-02  4.63945151E-04
3.36091182E-01  2.62898151E-02  4.53947898E-04
3.36389797E-01  2.71853711E-02  4.58796247E-04
3.36688412E-01  2.64545921E-02  4.55504749E-04
3.36987027E-01  2.60625910E-02  4.49355022E-04
3.37285642E-01  2.63777934E-02  4.53913352E-04
3.37584257E-01  2.67687105E-02  4.57936170E-04
3.37882872E-01  2.69932877E-02  4.57710616E-04
3.38181487E-01  2.61354595E-02  4.52092121E-04
3.38480102E-01  2.71388553E-02  4.53829532E-04
3.38778717E-01  2.68859863E-02  4.57870163E-04
3.39077332E-01  2.66293958E-02  4.53829562E-04
3.39375947E-01  2.67996546E-02  4.55147616E-04
3.39674562E-01  2.60181390E-02  4.51347529E-04
3.39973177E-01  2.58713551E-02  4.45396348E-04
3.40271792E-01  2.56033577E-02  4.46170714E-04
3.40570407E-01  2.62194257E-02  4.50721214E-04
3.40869022E-01  2.60642525E-02  4.46801161E-04
3.41167637E-01  2.63841040E-02  4.50960913E-04
3.41466252E-01  2.68754475E-02  4.52407578E-04
3.41764867E-01  2.53193919E-02  4.44473553E-04
3.42063482E-01  2.63549481E-02  4.49937099E-04
3.42362097E-01  2.61612870E-02  4.45851882E-04
3.42660712E-01  2.61436980E-02  4.49818384E-04
3.42959327E-01  2.62462236E-02  4.46070277E-04
3.43257942E-01  2.62678470E-02  4.50887892E-04
3.43556557E-01  2.62896921E-02  4.47715225E-04
3.43855172E-01  2.66024061E-02  4.50500171E-04
3.44153787E-01  2.58025434E-02  4.43423836E-04
3.44452402E-01  2.60176342E-02  4.44762147E-04
3.44751017E-01  2.56562792E-02  4.42546996E-04
3.45049632E-01  2.60133389E-02  4.41348006E-04
3.45348247E-01  2.63512507E-02  4.48503532E-04
3.45646862E-01  2.59381160E-02  4.43079218E-04
3.45945477E-01  2.62480788E-02  4.45973012E-04
3.46244092E-01  2.56519411E-02  4.35718452E-04
3.46542707E-01  2.50869319E-02  4.31253226E-04
3.46841322E-01  2.62293275E-02  4.44182224E-04
3.47139937E-01  2.60234661E-02  4.40949050E-04
3.47438552E-01  2.54890770E-02  4.33139561E-04
3.47737167E-01  2.63222251E-02  4.43724071E-04
3.48035782E-01  2.58441158E-02  4.35788214E-04
3.48334397E-01  2.59875488E-02  4.40403674E-04
3.48633012E-01  2.63123456E-02  4.36964008E-04
3.48931627E-01  2.58643273E-02  4.36563714E-04
3.49230242E-01  2.72306185E-02  4.49188723E-04
3.49528857E-01  2.56588962E-02  4.34709247E-04
3.49827472E-01  2.56703608E-02  4.35528986E-04
3.50126087E-01  2.56321840E-02  4.31051827E-04
3.50424702E-01  2.63068266E-02  4.40532312E-04
3.50723317E-01  2.62005143E-02  4.37832176E-04
3.51021932E-01  2.57254336E-02  4.35399357E-04
3.51320547E-01  2.59982999E-02  4.35426831E-04
3.51619162E-01  2.55804025E-02  4.30973974E-04
3.51917777E-01  2.57171802E-02  4.34018177E-04
3.52216392E-01  2.53052060E-02  4.29704931E-04
3.52515007E-01  2.68075690E-02  4.40238044E-04
3.52813622E-01  2.61281449E-02  4.34624788E-04
3.53112237E-01  2.55317111E-02  4.34366084E-04
3.53410852E-01  2.58892942E-02  4.36674221E-04
3.53709467E-01  2.60691140E-02  4.29853419E-04
3.54008082E-01  2.66854633E-02  4.39598312E-04
3.54306697E-01  2.62216367E-02  4.35999042E-04
3.54605312E-01  2.54329462E-02  4.31625202E-04
3.54903927E-01  2.58896556E-02  4.36804577E-04
3.55202542E-01  2.59169303E-02  4.27809602E-04
3.55501157E-01  2.56158225E-02  4.31877299E-04
3.55799772E-01  2.57270169E-02  4.30822896E-04
3.56098387E-01  2.66068634E-02  4.39198309E-04
3.56397002E-01  2.61873864E-02  4.35369380E-04
3.56695617E-01  2.49243416E-02  4.20099706E-04
3.56994232E-01  2.56002806E-02  4.33529582E-04
3.57292847E-01  2.55789831E-02  4.26375598E-04
3.57591462E-01  2.58601513E-02  4.31362132E-04
3.57890077E-01  2.59925369E-02  4.31652996E-04
3.58188692E-01  2.58348696E-02  4.28621133E-04
3.58487307E-01  2.58987769E-02  4.34981863E-04
3.58785922E-01  2.54054125E-02  4.23247227E-04
3.59084537E-01  2.53292415E-02  4.26803046E-04
3.59383152E-01  2.62605306E-02  4.32950852E-04
3.59681767E-01  2.65531037E-02  4.35706781E-04
3.59980382E-01  2.56322287E-02  4.32153902E-04
3.60278997E-01  2.57537812E-02  4.24135331E-04
3.60577612E-01  2.59049684E-02  4.31749475E-04
3.60876227E-01  2.56534889E-02  4.28153231E-04
3.61174842E-01  2.61112265E-02  4.29323933E-04
3.61473457E-01  2.64996421E-02  4.32506728E-04
3.61772072E-01  2.55045220E-02  4.25548467E-04
3.62070687E-01  2.57557109E-02  4.30278975E-04
3.62369302E-01  2.56491173E-02  4.26302751E-04
3.62667917E-01  2.62588691E-02  4.31227207E-04
3.62966532E-01  2.60156114E-02  4.27867490E-04
3.63265147E-01  2.69038510E-02  4.36725502E-04
3.63563762E-01  2.61380710E-02  4.30580927E-04
3.63862377E-01  2.57411543E-02  4.25720849E-04
3.64160992E-01  2.63462532E-02  4.31037857E-04
3.64459607E-01  2.52235755E-02  4.21978300E-04
3.64758222E-01  2.71086339E-02  4.37463692E-04
3.65056837E-01  2.60760877E-02  4.29734821E-04
3.65355452E-01  2.65188590E-02  4.29515028E-04
3.65654067E-01  2.63105631E-02  4.31436696E-04
3.65952682E-01  2.62260009E-02  4.27585212E-04
3.66251297E-01  2.61949580E-02  4.31635213E-04
3.66549912E-01  2.63165515E-02  4.28549247E-04
3.66848527E-01  2.67766695E-02  4.30039800E-04
3.67147142E-01  2.62455065E-02  4.31940687E-04
3.67445757E-01  2.60605589E-02  4.25908016E-04
3.67744372E-01  2.68129911E-02  4.33144218E-04
3.68042987E-01  2.63668075E-02  4.28629428E-04
3.68341602E-01  2.68688351E-02  4.32918052E-04
3.68640217E-01  2.58071963E-02  4.26288694E-04
3.68938832E-01  2.61048079E-02  4.23308840E-04
3.69237447E-01  2.71411818E-02  4.34997288E-04
3.69536062E-01  2.63981950E-02  4.27112740E-04
3.69834677E-01  2.65973583E-02  4.31295921E-04
3.70133292E-01  2.57808585E-02  4.25853679E-04
3.70431907E-01  2.69770492E-02  4.29998472E-04
3.70730522E-01  2.68002674E-02  4.31813271E-04
3.71029137E-01  2.62216851E-02  4.24701837E-04
3.71327752E-01  2.75151730E-02  4.36969014E-04
3.71626367E-01  2.75621749E-02  4.36889823E-04
3.71924982E-01  2.66137626E-02  4.28975327E-04
3.72223597E-01  2.65779905E-02  4.30811953E-04
3.72522212E-01  2.63900030E-02  4.24542231E-04
3.72820827E-01  2.63940264E-02  4.26543149E-04
3.73119442E-01  2.67043896E-02  4.29155800E-04
3.73418057E-01  2.65476145E-02  4.25812323E-04
3.73716672E-01  2.80761570E-02  4.43258614E-04
3.74015287E-01  2.67797764E-02  4.26258805E-04
3.74313902E-01  2.61502583E-02  4.23267455E-04
3.74612517E-01  2.65400223E-02  4.27509163E-04
3.74911132E-01  2.72409972E-02  4.32451256E-04
3.75209747E-01  2.63268929E-02  4.25791979E-04
3.75508362E-01  2.72020735E-02  4.29941341E-04
3.75806977E-01  2.66102683E-02  4.26762388E-04
3.76105592E-01  2.69867424E-02  4.29662032E-04
3.76404207E-01  2.72405650E-02  4.31900495E-04
3.76702822E-01  2.75281649E-02  4.32296598E-04
3.77001437E-01  2.71284338E-02  4.29475389E-04
3.77300052E-01  2.67206654E-02  4.29085048E-04
3.77598667E-01  2.76604611E-02  4.35557304E-04
3.77897282E-01  2.73157228E-02  4.29649721E-04
3.78195897E-01  2.75701340E-02  4.30993852E-04
3.78494512E-01  2.75602601E-02  4.33549692E-04
3.78793127E-01  2.72516403E-02  4.30348678E-04
3.79091742E-01  2.72835176E-02  4.29728301E-04
3.79390357E-01  2.74788365E-02  4.30937856E-04
3.79688972E-01  2.75271423E-02  4.31536260E-04
3.79987587E-01  2.77806520E-02  4.32754023E-04
3.80286202E-01  2.72983722E-02  4.30068991E-04
3.80584817E-01  2.77118608E-02  4.33315319E-04
3.80883432E-01  2.81476751E-02  4.34949849E-04
3.81182047E-01  2.86568981E-02  4.40198637E-04
3.81480662E-01  2.68043615E-02  4.25841718E-04
3.81779277E-01  2.75755227E-02  4.28468309E-04
3.82077892E-01  2.76774671E-02  4.32724628E-04
3.82376507E-01  2.67506577E-02  4.24453232E-04
3.82675122E-01  2.77377032E-02  4.32978995E-04
3.82973737E-01  2.75017992E-02  4.29401232E-04
3.83272352E-01  2.76441909E-02  4.27731895E-04
3.83570967E-01  2.84140743E-02  4.37346695E-04
3.83869582E-01  2.79089659E-02  4.32139175E-04
3.84168197E-01  2.76653469E-02  4.31114808E-04
3.84466812E-01  2.78912894E-02  4.31142544E-04
3.84765427E-01  2.77157295E-02  4.29250067E-04
3.85064042E-01  2.80487891E-02  4.35191963E-04
3.85362657E-01  2.85183433E-02  4.35966533E-04
3.85661272E-01  2.71529593E-02  4.22463869E-04
3.85959887E-01  2.76382286E-02  4.30587679E-04
3.86258502E-01  2.72349603E-02  4.24253521E-04
3.86557117E-01  2.80490089E-02  4.36194096E-04
3.86855732E-01  2.80713383E-02  4.30189975E-04
3.87154347E-01  2.74379347E-02  4.25100647E-04
3.87452962E-01  2.81348974E-02  4.34337766E-04
3.87751577E-01  2.81950794E-02  4.29870968E-04
3.88050192E-01  2.81486940E-02  4.34447225E-04
3.88348807E-01  2.88003627E-02  4.33296431E-04
3.88647422E-01  2.86887158E-02  4.35980590E-04
3.88946037E-01  2.82258037E-02  4.31595283E-04
3.89244652E-01  2.84969658E-02  4.34524147E-04
3.89543267E-01  2.88560055E-02  4.37362818E-04
3.89841882E-01  2.91100759E-02  4.35840135E-04
3.90140497E-01  2.85520740E-02  4.35922208E-04
3.90439112E-01  2.81193890E-02  4.31534863E-04
3.90737727E-01  2.80056503E-02  4.26043087E-04
3.91036342E-01  2.81379111E-02  4.32430592E-04
3.91334957E-01  2.85557881E-02  4.30837565E-04
3.91633572E-01  2.85771377E-02  4.35039110E-04
3.91932187E-01  2.83928663E-02  4.29505279E-04
3.92230802E-01  2.86380984E-02  4.32621397E-04
3.92529417E-01  2.82134730E-02  4.32266679E-04
3.92828032E-01  2.80471761E-02  4.26576094E-04
3.93126647E-01  2.86237169E-02  4.33046982E-04
3.93425262E-01  2.87086163E-02  4.32209694E-04
3.93723877E-01  2.89451070E-02  4.36116185E-04
3.94022492E-01  2.86008567E-02  4.33197187E-04
3.94321107E-01  2.86645237E-02  4.31252731E-04
3.94619722E-01  2.80626174E-02  4.26909712E-04
3.94918337E-01  2.86121070E-02  4.30756743E-04
3.95216952E-01  3.01089380E-02  4.43066034E-04
3.95515567E-01  2.91685089E-02  4.36519331E-04
3.95814182E-01  2.85406411E-02  4.27842315E-04
3.96112797E-01  2.87439376E-02  4.32594417E-04
3.96411412E-01  2.94821374E-02  4.37264534E-04
3.96710027E-01  2.96840649E-02  4.39294148E-04
3.97008642E-01  2.76277028E-02  4.21760138E-04
3.97307257E-01  2.87217647E-02  4.30654240E-04
3.97605872E-01  2.95700300E-02  4.38134623E-04
3.97904487E-01  2.90687252E-02  4.35465132E-04
3.98203102E-01  3.00847627E-02  4.38225718E-04
3.98501717E-01  2.93442011E-02  4.33837151E-04
3.98800332E-01  2.79437900E-02  4.24072787E-04
3.99098947E-01  2.86298264E-02  4.29662294E-04
3.99397562E-01  2.94660814E-02  4.37266921E-04
3.99696177E-01  2.90449075E-02  4.32351866E-04
3.99994792E-01  2.87630875E-02  4.29013191E-04
4.00293407E-01  2.89691631E-02  4.31894790E-04
4.00592022E-01  2.86620334E-02  4.28364467E-04
4.00890637E-01  2.87381019E-02  4.28831379E-04
4.01189252E-01  2.85492595E-02  4.27013001E-04
4.01487867E-01  2.89903898E-02  4.32163215E-04
4.01786482E-01  2.90740263E-02  4.32163331E-04
4.02085097E-01  2.93438863E-02  4.30458516E-04
4.02383712E-01  2.89447345E-02  4.32976551E-04
4.02682327E-01  2.80101020E-02  4.20267112E-04
4.02980942E-01  2.89645772E-02  4.31251654E-04
4.03279557E-01  2.88066212E-02  4.28330532E-04
4.03578172E-01  2.84252968E-02  4.23175457E-04
4.03876787E-01  2.84169912E-02  4.26852872E-04
4.04175402E-01  2.87590213E-02  4.26258426E-04
4.04474017E-01  2.83095296E-02  4.25334671E-04
4.04772632E-01  2.88245846E-02  4.26948915E-04
4.05071247E-01  2.92544514E-02  4.30631801E-04
4.05369862E-01  2.82486137E-02  4.27030085E-04
4.05668477E-01  2.88098771E-02  4.23354330E-04
4.05967092E-01  2.91260350E-02  4.29486652E-04
4.06265707E-01  2.84681935E-02  4.23908001E-04
4.06564322E-01  2.87288167E-02  4.25343780E-04
4.06862937E-01  2.83772871E-02  4.26979648E-04
4.07161552E-01  2.80461591E-02  4.18786018E-04
4.07460167E-01  2.80896910E-02  4.21984092E-04
4.07758782E-01  2.75744349E-02  4.14477458E-04
4.08057397E-01  2.85203513E-02  4.23605903E-04
4.08356012E-01  2.78303809E-02  4.20036376E-04
4.08654627E-01  2.86590941E-02  4.22555313E-04
4.08953242E-01  2.79107429E-02  4.21345234E-04
4.09251857E-01  2.85674855E-02  4.22769896E-04
4.09550472E-01  2.85506174E-02  4.22844518E-04
4.09849087E-01  2.89913081E-02  4.26296669E-04
4.10147702E-01  2.78657209E-02  4.16091701E-04
4.10446317E-01  2.76170690E-02  4.18632699E-04
4.10744932E-01  2.81262323E-02  4.19794524E-04
4.11043547E-01  2.78564841E-02  4.14202805E-04
4.11342162E-01  2.73619406E-02  4.13957605E-04
4.11640777E-01  2.81502642E-02  4.20668919E-04
4.11939392E-01  2.79578753E-02  4.19625227E-04
4.12238007E-01  2.75689624E-02  4.12350637E-04
4.12536622E-01  2.67053209E-02  4.07916930E-04
4.12835237E-01  2.71325428E-02  4.09644068E-04
4.13133852E-01  2.84075290E-02  4.20817640E-04
4.13432467E-01  2.74899658E-02  4.13581729E-04
4.13731082E-01  2.73555107E-02  4.11233224E-04
4.14029697E-01  2.74983458E-02  4.14129841E-04
4.14328312E-01  2.77972780E-02  4.15023445E-04
4.14626927E-01  2.66568400E-02  4.07556945E-04
4.14925542E-01  2.74667609E-02  4.10088716E-04
4.15224157E-01  2.68127602E-02  4.07990359E-04
4.15522772E-01  2.70187147E-02  4.10222914E-04
4.15821387E-01  2.69475691E-02  4.06851352E-04
4.16120002E-01  2.61470266E-02  4.01502417E-04
4.16418617E-01  2.65842900E-02  4.05689760E-04
4.16717232E-01  2.57770419E-02  3.98746488E-04
4.17015847E-01  2.65220460E-02  4.05875733E-04
4.17314462E-01  2.66550835E-02  4.01612371E-04
4.17613077E-01  2.62400080E-02  4.02408681E-04
4.17911692E-01  2.61392128E-02  4.00345394E-04
4.18210307E-01  2.64665373E-02  4.05739556E-04
4.18508922E-01  2.71123648E-02  4.06522886E-04
4.18807537E-01  2.64846161E-02  4.01882193E-04
4.19106152E-01  2.63335519E-02  4.03132784E-04
4.19404767E-01  2.71355007E-02  4.08943684E-04
4.19703382E-01  2.63531972E-02  3.99795972E-04
4.20001997E-01  2.65395287E-02  4.03040380E-04
4.20300612E-01  2.53988951E-02  3.92849935E-04
4.20599227E-01  2.66183671E-02  4.05408064E-04
4.20897842E-01  2.57785600E-02  3.96499410E-04
4.21196457E-01  2.62874588E-02  3.99304437E-04
4.21495072E-01  2.66323835E-02  4.03660000E-04
4.21793687E-01  2.59889178E-02  3.97484459E-04
4.22092302E-01  2.58885343E-02  3.98899312E-04
4.22390917E-01  2.59789936E-02  3.93847207E-04
4.22689532E-01  2.60993969E-02  4.00064164E-04
4.22988147E-01  2.59867366E-02  3.96663178E-04
4.23286762E-01  2.61062142E-02  4.00027697E-04
4.23585377E-01  2.59639733E-02  3.96223419E-04
4.23883992E-01  2.51664128E-02  3.89300665E-04
4.24182607E-01  2.54906658E-02  3.91978567E-04
4.24481222E-01  2.60739401E-02  3.98691569E-04
4.24779837E-01  2.52942238E-02  3.90997157E-04
4.25078452E-01  2.50536017E-02  3.87648353E-04
4.25377067E-01  2.54313126E-02  3.93304304E-04
4.25675682E-01  2.57326756E-02  3.92693706E-04
4.25974297E-01  2.57110260E-02  3.95554234E-04
4.26272912E-01  2.53648404E-02  3.88576329E-04
4.26571527E-01  2.51211170E-02  3.90993111E-04
4.26870142E-01  2.53325645E-02  3.89547407E-04
4.27168757E-01  2.48355474E-02  3.86314525E-04
4.27467372E-01  2.61497889E-02  3.95076844E-04
4.27765987E-01  2.58284640E-02  3.95030394E-04
4.28064602E-01  2.53153611E-02  3.89421009E-04
4.28363217E-01  2.57052891E-02  3.93468799E-04
4.28661832E-01  2.44299415E-02  3.82982194E-04
4.28960447E-01  2.54728366E-02  3.90459958E-04
4.29259062E-01  2.50765253E-02  3.86893109E-04
4.29557677E-01  2.54073869E-02  3.89960973E-04
4.29856292E-01  2.54129972E-02  3.88358283E-04
4.30154907E-01  2.46560853E-02  3.83383885E-04
4.30453522E-01  2.53136735E-02  3.89856577E-04
4.30752137E-01  2.50281822E-02  3.86699976E-04
4.31050752E-01  2.56526396E-02  3.89931607E-04
4.31349367E-01  2.48875357E-02  3.84756597E-04
4.31647982E-01  2.45684627E-02  3.82113823E-04
4.31946597E-01  2.47733518E-02  3.85767315E-04
4.32245212E-01  2.53672916E-02  3.87162843E-04
4.32543827E-01  2.40578149E-02  3.78968951E-04
4.32842442E-01  2.42569651E-02  3.82676226E-04
4.33141057E-01  2.48368997E-02  3.83013772E-04
4.33439672E-01  2.52788812E-02  3.88905872E-04
4.33738287E-01  2.45133732E-02  3.80934624E-04
4.34036902E-01  2.50885524E-02  3.87355394E-04
4.34335517E-01  2.47941017E-02  3.84647457E-04
4.34634132E-01  2.50769760E-02  3.87269014E-04
4.34932747E-01  2.42891721E-02  3.79194447E-04
4.35231362E-01  2.40371134E-02  3.77473858E-04
4.35529977E-01  2.53255498E-02  3.89623834E-04
4.35828592E-01  2.51688827E-02  3.87810665E-04
4.36127207E-01  2.34093256E-02  3.71857779E-04
4.36425822E-01  2.42571887E-02  3.79203761E-04
4.36724437E-01  2.40747780E-02  3.78111959E-04
4.37023052E-01  2.44648736E-02  3.81333783E-04
4.37321667E-01  2.49672197E-02  3.83024715E-04
4.37620282E-01  2.50126068E-02  3.86182830E-04
4.37918897E-01  2.44437233E-02  3.81004123E-04
4.38217512E-01  2.43701003E-02  3.81108606E-04
4.38516127E-01  2.42525656E-02  3.77841003E-04
4.38814742E-01  2.45634299E-02  3.78346944E-04
4.39113357E-01  2.42803972E-02  3.79566569E-04
4.39411972E-01  2.47570556E-02  3.83105827E-04
4.39710587E-01  2.41202489E-02  3.76649085E-04
4.40009202E-01  2.40887031E-02  3.77818418E-04
4.40307817E-01  2.42343992E-02  3.75648116E-04
4.40606432E-01  2.45631561E-02  3.81524034E-04
4.40905047E-01  2.47880481E-02  3.82169557E-04
4.41203662E-01  2.47366168E-02  3.79442383E-04
4.41502277E-01  2.42507793E-02  3.77675693E-04
4.41800892E-01  2.46925969E-02  3.80517071E-04
4.42099507E-01  2.43788697E-02  3.78342287E-04
4.42398122E-01  2.46660691E-02  3.79567849E-04
4.42696737E-01  2.45251041E-02  3.78565775E-04
4.42995352E-01  2.45859101E-02  3.79866600E-04
4.43293967E-01  2.37117968E-02  3.74122261E-04
4.43592582E-01  2.45137848E-02  3.80481913E-04
4.43891197E-01  2.43598707E-02  3.75657430E-04
4.44189812E-01  2.41585281E-02  3.77384888E-04
4.44488427E-01  2.40786336E-02  3.74949275E-04
4.44787042E-01  2.48352233E-02  3.82216065E-04
4.45085657E-01  2.37987544E-02  3.72766721E-04
4.45384272E-01  2.44809445E-02  3.78651806E-04
4.45682887E-01  2.39853803E-02  3.77453514E-04
4.45981502E-01  2.44058687E-02  3.77084856E-04
4.46280117E-01  2.40387917E-02  3.75057105E-04
4.46578732E-01  2.39885245E-02  3.74912255E-04
4.46877347E-01  2.45542284E-02  3.80058162E-04
4.47175962E-01  2.47438401E-02  3.85354506E-04
4.47474577E-01  2.43347902E-02  3.75807285E-04
4.47773192E-01  2.45098006E-02  3.79052799E-04
4.48071807E-01  2.46799998E-02  3.80368117E-04
4.48370422E-01  2.47979537E-02  3.82367696E-04
4.48669037E-01  2.41399072E-02  3.76268552E-04
4.48967652E-01  2.38064211E-02  3.73253279E-04
4.49266267E-01  2.40414552E-02  3.76660639E-04
4.49564882E-01  2.40215212E-02  3.76672077E-04
4.49863497E-01  2.40152627E-02  3.75055388E-04
4.50162112E-01  2.35949270E-02  3.73068557E-04
4.50460727E-01  2.42841765E-02  3.78563273E-04
4.50759342E-01  2.43777391E-02  3.79376987E-04
4.51057957E-01  2.40839329E-02  3.76587355E-04
4.51356572E-01  2.42585875E-02  3.75482137E-04
4.51655187E-01  2.46087722E-02  3.81680467E-04
4.51953802E-01  2.39552632E-02  3.75172152E-04
4.52252417E-01  2.35990267E-02  3.76106997E-04
4.52551032E-01  2.44173761E-02  3.78030527E-04
4.52849647E-01  2.45365668E-02  3.79784789E-04
4.53148262E-01  2.43075024E-02  3.78009398E-04
4.53446877E-01  2.40491405E-02  3.75584495E-04
4.53745492E-01  2.40903795E-02  3.76734242E-04
4.54044107E-01  2.42987666E-02  3.79113277E-04
4.54342722E-01  2.40176432E-02  3.76333744E-04
4.54641337E-01  2.42958739E-02  3.79345292E-04
4.54939952E-01  2.41252724E-02  3.76681593E-04
4.55238567E-01  2.51039770E-02  3.83994717E-04
4.55537182E-01  2.46286187E-02  3.82956787E-04
4.55835797E-01  2.46283524E-02  3.81938211E-04
4.56134412E-01  2.37737671E-02  3.74262454E-04
4.56433027E-01  2.37201061E-02  3.74253374E-04
4.56731642E-01  2.42675990E-02  3.77800199E-04
4.57030257E-01  2.50837486E-02  3.85630090E-04
4.57328872E-01  2.49387454E-02  3.83582228E-04
4.57627487E-01  2.37026736E-02  3.73792253E-04
4.57926102E-01  2.35571414E-02  3.72890849E-04
4.58224717E-01  2.36771461E-02  3.75166623E-04
4.58523332E-01  2.41348203E-02  3.77521530E-04
4.58821947E-01  2.53215749E-02  3.84411076E-04
4.59120562E-01  2.39677671E-02  3.77550517E-04
4.59419177E-01  2.45290119E-02  3.81777383E-04
4.59717792E-01  2.39243750E-02  3.76960525E-04
4.60016407E-01  2.45039463E-02  3.80237616E-04
4.60315022E-01  2.48758290E-02  3.82524042E-04
4.60613637E-01  2.43331939E-02  3.79835401E-04
4.60912252E-01  2.43778117E-02  3.81369144E-04
4.61210867E-01  2.41790731E-02  3.77798016E-04
4.61509482E-01  2.40459405E-02  3.80723563E-04
4.61808097E-01  2.37197187E-02  3.86671745E-04
4.62106712E-01  2.44948063E-02  3.94615839E-04
4.62405327E-01  2.43430082E-02  3.96990683E-04
4.62703942E-01  2.43749153E-02  3.96773044E-04
4.63002557E-01  2.44134311E-02  4.04371065E-04
4.63301172E-01  2.38303691E-02  4.00921126E-04
4.63599787E-01  2.43785139E-02  4.07669722E-04
4.63898402E-01  2.43221149E-02  4.09078464E-04
4.64197017E-01  2.42401082E-02  4.08915599E-04
4.64495632E-01  2.41122805E-02  4.12975962E-04
4.64794247E-01  2.33447626E-02  4.06997278E-04
4.65092862E-01  2.42994651E-02  4.13163012E-04
4.65391477E-01  2.40147077E-02  4.16906929E-04
4.65690092E-01  2.43274551E-02  4.19501215E-04
4.65988707E-01  2.36588139E-02  4.17320814E-04
4.66287322E-01  2.34768912E-02  4.16058174E-04
4.66585937E-01  2.40535829E-02  4.21603560E-04
4.66884552E-01  2.38041505E-02  4.24600468E-04
4.67183167E-01  2.44357921E-02  4.32035362E-04
4.67481782E-01  2.38302220E-02  4.21394507E-04
4.67780397E-01  2.34317034E-02  4.23795311E-04
4.68079012E-01  2.39026845E-02  4.29512758E-04
4.68377627E-01  2.48765517E-02  4.40724602E-04
4.68676242E-01  2.38950811E-02  4.32955800E-04
4.68974857E-01  2.43659671E-02  4.37202805E-04
4.69273472E-01  2.37523820E-02  4.35768510E-04
4.69572087E-01  2.47242451E-02  4.43274796E-04
4.69870702E-01  2.51800325E-02  4.49213927E-04
4.70169317E-01  2.43541244E-02  4.44051751E-04
4.70467932E-01  2.36366130E-02  4.38392104E-04
4.70766547E-01  2.50317007E-02  4.55875968E-04
4.71065162E-01  2.44272891E-02  4.50200925E-04
4.71363777E-01  2.47047562E-02  4.49698011E-04
4.71662392E-01  2.35178135E-02  4.43811325E-04
4.71961007E-01  2.39272844E-02  4.49066545E-04
4.72259622E-01  2.40480062E-02  4.53493878E-04
4.72558237E-01  2.42906753E-02  4.53181099E-04
4.72856852E-01  2.41574757E-02  4.45379497E-04
4.73155467E-01  2.46421490E-02  4.46418679E-04
4.73454082E-01  2.47481782E-02  4.42072720E-04
4.73752697E-01  2.36079041E-02  4.25177888E-04
4.74051312E-01  2.38344539E-02  4.27459367E-04
4.74349927E-01  2.38848627E-02  4.25364036E-04
4.74648542E-01  2.40501724E-02  4.26956045E-04
4.74947157E-01  2.41332501E-02  4.23520745E-04
4.75245772E-01  2.40311418E-02  4.21923760E-04
4.75544387E-01  2.34663822E-02  4.16133407E-04
4.75843002E-01  2.37483624E-02  4.19553544E-04
4.76141617E-01  2.40199380E-02  4.18260199E-04
4.76440232E-01  2.40332093E-02  4.18491312E-04
4.76738847E-01  2.44737007E-02  4.20711585E-04
4.77037462E-01  2.39356421E-02  4.16287774E-04
4.77336077E-01  2.49269288E-02  4.25743841E-04
4.77634692E-01  2.52385046E-02  4.24611557E-04
4.77933307E-01  2.39739195E-02  4.14391834E-04
4.78231922E-01  2.38172784E-02  4.10520704E-04
4.78530537E-01  2.44955998E-02  4.20343393E-04
4.78829152E-01  2.44031567E-02  4.13256814E-04
4.79127767E-01  2.46688947E-02  4.16920870E-04
4.79426382E-01  2.41751615E-02  4.15028044E-04
4.79724997E-01  2.42482275E-02  4.13789880E-04
4.80023612E-01  2.41269059E-02  4.11779532E-04
4.80322227E-01  2.37311162E-02  4.06686362E-04
4.80620842E-01  2.37500444E-02  4.08876251E-04
4.80919457E-01  2.32866406E-02  4.03598882E-04
4.81218072E-01  2.42853854E-02  4.11734974E-04
4.81516687E-01  2.38560457E-02  4.08827298E-04
4.81815302E-01  2.48752162E-02  4.13382979E-04
4.82113917E-01  2.47760136E-02  4.17185016E-04
4.82412532E-01  2.37546582E-02  4.05426283E-04
4.82711147E-01  2.36327928E-02  4.03346348E-04
4.83009762E-01  2.37327274E-02  4.05347237E-04
4.83308377E-01  2.33587213E-02  4.02976235E-04
4.83606992E-01  2.39971243E-02  4.06031642E-04
4.83905607E-01  2.41251811E-02  4.08373802E-04
4.84204222E-01  2.34393515E-02  4.00570279E-04
4.84502837E-01  2.37913989E-02  4.06171661E-04
4.84801452E-01  2.32403912E-02  3.99687735E-04
4.85100067E-01  2.42506173E-02  4.05587693E-04
4.85398682E-01  2.41535716E-02  4.07050567E-04
4.85697297E-01  2.36013960E-02  4.02166712E-04
4.85995912E-01  2.37696059E-02  4.04739287E-04
4.86294527E-01  2.37494633E-02  4.01381840E-04
4.86593142E-01  2.39401665E-02  4.03913233E-04
4.86891757E-01  2.39834469E-02  4.05104976E-04
4.87190372E-01  2.28602532E-02  3.95911600E-04
4.87488987E-01  2.41919793E-02  4.03479935E-04
4.87787602E-01  2.46101152E-02  4.10054694E-04
4.88086217E-01  2.41102595E-02  4.03918733E-04
4.88384832E-01  2.40098312E-02  4.03997576E-04
4.88683447E-01  2.35585440E-02  4.01203579E-04
4.88982062E-01  2.39585135E-02  4.01940953E-04
4.89280677E-01  2.34581642E-02  4.00249381E-04
4.89579292E-01  2.40083858E-02  4.03175014E-04
4.89877907E-01  2.35293694E-02  3.98631149E-04
4.90176522E-01  2.33510956E-02  3.96122807E-04
4.90475137E-01  2.41078828E-02  4.03708953E-04
4.90773752E-01  2.43281685E-02  4.05244413E-04
4.91072367E-01  2.37822700E-02  4.01078025E-04
4.91370982E-01  2.36444212E-02  3.98809992E-04
4.91669597E-01  2.42005438E-02  4.04185324E-04
4.91968212E-01  2.40953472E-02  4.04122839E-04
4.92266827E-01  2.40482930E-02  4.03220212E-04
4.92565442E-01  2.35304032E-02  3.96661198E-04
4.92864057E-01  2.34352238E-02  3.97150143E-04
4.93162672E-01  2.31398791E-02  3.95336945E-04
4.93461287E-01  2.40789223E-02  4.03280545E-04
4.93759902E-01  2.45743431E-02  4.04163584E-04
4.94058517E-01  2.45332401E-02  4.05743747E-04
4.94357132E-01  2.36134734E-02  3.97272088E-04
4.94655747E-01  2.41202861E-02  4.04654944E-04
4.94954362E-01  2.41668783E-02  4.00013028E-04
4.95252977E-01  2.42078789E-02  4.02849633E-04
4.95551592E-01  2.35651862E-02  3.98666190E-04
4.95850207E-01  2.40996275E-02  4.02556034E-04
4.96148822E-01  2.40298212E-02  3.99278855E-04
4.96447437E-01  2.46154927E-02  4.06437583E-04
4.96746052E-01  2.35667266E-02  3.96991614E-04
4.97044667E-01  2.40122192E-02  4.03353159E-04
4.97343282E-01  2.36501489E-02  3.95434385E-04
4.97641897E-01  2.43782271E-02  4.00883931E-04
4.97940512E-01  2.36422513E-02  3.98830132E-04
4.98239127E-01  2.42992342E-02  4.02921985E-04
4.98537742E-01  2.38601100E-02  4.00064950E-04
4.98836357E-01  2.31414512E-02  3.91553680E-04
4.99134972E-01  2.32976843E-02  3.94536124E-04
4.99433587E-01  2.42648497E-02  4.03853628E-04
4.99732202E-01  2.41079777E-02  4.00246121E-04
5.00030817E-01  2.41148621E-02  3.99809796E-04
5.00329432E-01  2.36487109E-02  3.96911142E-04
5.00628047E-01  2.36355979E-02  3.96802847E-04
5.00926662E-01  2.40318142E-02  4.02322330E-04
5.01225277E-01  2.40499955E-02  3.97805969E-04
5.01523892E-01  2.40000151E-02  3.97687138E-04
5.01822507E-01  2.45258734E-02  4.03913087E-04
5.02121122E-01  2.36271638E-02  3.97333730E-04
5.02419737E-01  2.40512732E-02  4.00188117E-04
5.02718352E-01  2.36883536E-02  3.96961957E-04
5.03016967E-01  2.36635171E-02  3.96657153E-04
5.03315582E-01  2.48498544E-02  4.07593820E-04
5.03614197E-01  2.36634575E-02  3.94610252E-04
5.03912812E-01  2.35211309E-02  3.95271258E-04
5.04211427E-01  2.35557798E-02  3.94684903E-04
5.04510042E-01  2.35352926E-02  3.96574644E-04
5.04808657E-01  2.39974819E-02  3.97100375E-04
5.05107272E-01  2.34605279E-02  3.94866627E-04
5.05405887E-01  2.42190119E-02  3.99618846E-04
5.05704502E-01  2.44000684E-02  4.04205173E-04
5.06003117E-01  2.30554789E-02  3.90770816E-04
5.06301732E-01  2.26425361E-02  3.87066044E-04
5.06600347E-01  2.36651730E-02  3.94255301E-04
5.06898962E-01  2.41956487E-02  4.01314697E-04
5.07197577E-01  2.34352648E-02  3.95845622E-04
5.07496192E-01  2.36530900E-02  3.92910617E-04
5.07794807E-01  2.42597014E-02  4.03154205E-04
5.08093422E-01  2.35815533E-02  3.94729082E-04
5.08392037E-01  2.43185665E-02  4.01644415E-04
5.08690652E-01  2.41684671E-02  3.98243079E-04
5.08989267E-01  2.35887989E-02  3.94795090E-04
5.09287882E-01  2.40656193E-02  4.00149962E-04
5.09586497E-01  2.43383255E-02  4.00824385E-04
5.09885112E-01  2.38807965E-02  3.96747899E-04
5.10183727E-01  2.40654089E-02  3.98770731E-04
5.10482342E-01  2.43594423E-02  4.00412653E-04
5.10780957E-01  2.31070016E-02  3.91138805E-04
5.11079572E-01  2.34845225E-02  3.93546215E-04
5.11378187E-01  2.45190188E-02  4.02221456E-04
5.11676802E-01  2.42906120E-02  4.03333863E-04
5.11975417E-01  2.39542946E-02  3.96494317E-04
5.12274032E-01  2.32746992E-02  3.91406444E-04
5.12572647E-01  2.45353486E-02  4.02164791E-04
5.12871262E-01  2.44951341E-02  4.01343888E-04
5.13169877E-01  2.40015779E-02  4.00137447E-04
5.13468492E-01  2.36179009E-02  3.92271962E-04
5.13767107E-01  2.43165791E-02  3.99492244E-04
5.14065722E-01  2.40214244E-02  3.99415119E-04
5.14364337E-01  2.48652175E-02  4.05668863E-04
5.14662952E-01  2.34969445E-02  3.93478229E-04
5.14961567E-01  2.37524491E-02  3.94452305E-04
5.15260182E-01  2.41537672E-02  4.00125020E-04
5.15558797E-01  2.34218538E-02  3.92661488E-04
5.15857412E-01  2.38148849E-02  3.95652867E-04
5.16156027E-01  2.39734538E-02  3.97848286E-04
5.16454642E-01  2.39576492E-02  3.97914904E-04
5.16753257E-01  2.49781329E-02  4.05305473E-04
5.17051872E-01  2.43340675E-02  4.01626632E-04
5.17350487E-01  2.45905276E-02  4.00973979E-04
5.17649102E-01  2.36452781E-02  3.94252274E-04
5.17947717E-01  2.39731893E-02  3.96589807E-04
5.18246332E-01  2.39889361E-02  3.97013326E-04
5.18544947E-01  2.46454980E-02  4.03699203E-04
5.18843562E-01  2.45497841E-02  4.03214712E-04
5.19142177E-01  2.35032961E-02  3.92595015E-04
5.19440792E-01  2.39574090E-02  3.96274525E-04
5.19739407E-01  2.34988555E-02  3.92849819E-04
5.20038022E-01  2.38707904E-02  3.97901778E-04
5.20336637E-01  2.38225739E-02  3.95453302E-04
5.20635252E-01  2.40604710E-02  3.97327531E-04
5.20933867E-01  2.42077671E-02  3.98836535E-04
5.21232482E-01  2.45290250E-02  4.00985242E-04
5.21531097E-01  2.40619071E-02  3.98712698E-04
5.21829712E-01  2.39672475E-02  3.97635798E-04
5.22128327E-01  2.42521390E-02  3.99404991E-04
5.22426942E-01  2.41001491E-02  3.96311138E-04
5.22725557E-01  2.40116492E-02  3.97716125E-04
5.23024172E-01  2.34388765E-02  3.92176065E-04
5.23322787E-01  2.43073013E-02  4.00259189E-04
5.23621402E-01  2.40298864E-02  3.97093303E-04
5.23920017E-01  2.41854303E-02  4.00539604E-04
5.24218632E-01  2.44783591E-02  3.99516925E-04
5.24517247E-01  2.38431729E-02  3.95359704E-04
5.24815862E-01  2.37075575E-02  3.95786134E-04
5.25114477E-01  2.37039663E-02  3.93918832E-04
5.25413092E-01  2.38664895E-02  3.96236894E-04
5.25711707E-01  2.32083425E-02  3.91120993E-04
5.26010322E-01  2.41928026E-02  3.97190859E-04
5.26308937E-01  2.35118382E-02  3.92902177E-04
5.26607552E-01  2.37893071E-02  3.95118899E-04
5.26906167E-01  2.38347631E-02  3.95111652E-04
5.27204782E-01  2.39107180E-02  3.98180302E-04
5.27503397E-01  2.40327939E-02  3.97141353E-04
5.27802012E-01  2.35982928E-02  3.93633061E-04
5.28100627E-01  2.43624449E-02  4.00841265E-04
5.28399242E-01  2.35986300E-02  3.90875124E-04
5.28697857E-01  2.40504295E-02  3.97976517E-04
5.28996472E-01  2.46967897E-02  4.02599631E-04
5.29295087E-01  2.42461562E-02  4.00284742E-04
5.29593702E-01  2.37113945E-02  3.93336872E-04
5.29892317E-01  2.40386948E-02  3.96913791E-04
5.30190932E-01  2.41926704E-02  3.99947137E-04
5.30489547E-01  2.34722402E-02  3.92404851E-04
5.30788162E-01  2.42305007E-02  3.97917029E-04
5.31086777E-01  2.37568244E-02  3.95070092E-04
5.31385392E-01  2.42618285E-02  3.97308002E-04
5.31684007E-01  2.39792578E-02  3.97016265E-04
5.31982622E-01  2.42371131E-02  3.99049313E-04
5.32281237E-01  2.35293824E-02  3.93085589E-04
5.32579852E-01  2.37752404E-02  3.95814452E-04
5.32878467E-01  2.40828041E-02  3.97587952E-04
5.33177082E-01  2.38613542E-02  3.96534364E-04
5.33475697E-01  2.45530400E-02  3.99408076E-04
5.33774312E-01  2.39854306E-02  3.96304560E-04
5.34072927E-01  2.34101433E-02  3.94130271E-04
5.34371542E-01  2.41274722E-02  3.96225078E-04
5.34670157E-01  2.42807642E-02  3.96714837E-04
5.34968772E-01  2.40800083E-02  3.98848410E-04
5.35267387E-01  2.44056601E-02  3.99770623E-04
5.35566002E-01  2.38639154E-02  3.96960793E-04
5.35864617E-01  2.46242359E-02  4.00195713E-04
5.36163232E-01  2.39652917E-02  3.97220836E-04
5.36461847E-01  2.42668372E-02  3.99322278E-04
5.36760462E-01  2.40545496E-02  3.96797142E-04
5.37059077E-01  2.43056063E-02  3.98185104E-04
5.37357692E-01  2.34789643E-02  3.93951224E-04
5.37656307E-01  2.39635836E-02  3.94706352E-04
5.37954922E-01  2.36091819E-02  3.96415242E-04
5.38253537E-01  2.43529156E-02  3.95420851E-04
5.38552152E-01  2.45021824E-02  4.00385965E-04
5.38850767E-01  2.34340075E-02  3.92810005E-04
5.39149382E-01  2.36220229E-02  3.94578208E-04
5.39447997E-01  2.31877752E-02  3.89504246E-04
5.39746612E-01  2.33199298E-02  3.91282781E-04
5.40045227E-01  2.43796874E-02  3.98810487E-04
5.40343842E-01  2.36690659E-02  3.94978444E-04
5.40642457E-01  2.40120608E-02  3.95988551E-04
5.40941072E-01  2.36071683E-02  3.92256072E-04
5.41239687E-01  2.34419592E-02  3.94833827E-04
5.41538302E-01  2.45720744E-02  4.01367346E-04
5.41836917E-01  2.38242522E-02  3.94828909E-04
5.42135532E-01  2.32776795E-02  3.87638429E-04
5.42434147E-01  2.45203357E-02  4.00950375E-04
5.42732762E-01  2.38144137E-02  3.96301912E-04
5.43031377E-01  2.35230438E-02  3.95136070E-04
5.43329992E-01  2.39923950E-02  3.93741444E-04
5.43628607E-01  2.41737850E-02  3.98114556E-04
5.43927222E-01  2.39768773E-02  3.96976859E-04
5.44225837E-01  2.45653018E-02  4.02115926E-04
5.44524452E-01  2.40147356E-02  3.94693168E-04
5.44823067E-01  2.42036320E-02  3.98660195E-04
5.45121682E-01  2.41448022E-02  3.97691212E-04
5.45420297E-01  2.45620385E-02  4.01310506E-04
5.45718912E-01  2.40788087E-02  3.96281830E-04
5.46017527E-01  2.42699645E-02  3.98726435E-04
5.46316142E-01  2.40556449E-02  3.96384014E-04
5.46614757E-01  2.38349084E-02  3.97083058E-04
5.46913372E-01  2.39285883E-02  3.93809547E-04
5.47211987E-01  2.47218776E-02  4.02527541E-04
5.47510602E-01  2.41229404E-02  3.98304837E-04
5.47809217E-01  2.40712240E-02  3.96425516E-04
5.48107832E-01  2.31853295E-02  3.91066482E-04
5.48406447E-01  2.44937725E-02  4.00088349E-04
5.48705062E-01  2.35819053E-02  3.91620124E-04
5.49003677E-01  2.34001167E-02  3.93459894E-04
5.49302292E-01  2.49840822E-02  4.02028905E-04
5.49600907E-01  2.41087433E-02  3.98396398E-04
5.49899522E-01  2.46038847E-02  4.01191763E-04
5.50198137E-01  2.40644924E-02  3.97936907E-04
5.50496752E-01  2.37438474E-02  3.93929426E-04
5.50795367E-01  2.42664330E-02  3.97276919E-04
5.51093982E-01  2.39412580E-02  3.95953219E-04
5.51392597E-01  2.37217061E-02  3.95197130E-04
5.51691212E-01  2.37498023E-02  3.94082424E-04
5.51989827E-01  2.40404923E-02  3.96295771E-04
5.52288442E-01  2.51021348E-02  4.03094396E-04
5.52587057E-01  2.35574078E-02  3.91916459E-04
5.52885672E-01  2.38089729E-02  3.94196948E-04
5.53184287E-01  2.38859206E-02  3.93213850E-04
5.53482902E-01  2.46890523E-02  4.00351331E-04
5.53781517E-01  2.39234753E-02  3.94957548E-04
5.54080132E-01  2.41818968E-02  3.96797957E-04
5.54378747E-01  2.47378759E-02  3.98067088E-04
5.54677362E-01  2.38964166E-02  3.93120397E-04
5.54975977E-01  2.43128352E-02  3.97876633E-04
5.55274592E-01  2.37466395E-02  3.91984708E-04
5.55573207E-01  2.43966132E-02  3.92982940E-04
5.55871822E-01  2.37950981E-02  3.90977715E-04
5.56170437E-01  2.39018593E-02  3.92891059E-04
5.56469052E-01  2.41863020E-02  3.95699986E-04
5.56767667E-01  2.42465641E-02  3.94109840E-04
5.57066282E-01  2.39502210E-02  3.92257760E-04
5.57364897E-01  2.42322255E-02  3.91760666E-04
5.57663512E-01  2.37446371E-02  3.90201283E-04
5.57962127E-01  2.33642329E-02  3.85777472E-04
5.58260742E-01  2.39111446E-02  3.88247747E-04
5.58559357E-01  2.40268093E-02  3.93459370E-04
5.58857972E-01  2.42985822E-02  3.95111943E-04
5.59156587E-01  2.37794649E-02  3.87182954E-04
5.59455202E-01  2.41514277E-02  3.92511603E-04
5.59753817E-01  2.33998671E-02  3.84535582E-04
5.60052432E-01  2.41405126E-02  3.91868729E-04
5.60351047E-01  2.37323139E-02  3.87443753E-04
5.60649662E-01  2.45480295E-02  3.92479706E-04
5.60948277E-01  2.38971449E-02  3.87969310E-04
5.61246892E-01  2.43667383E-02  3.92501708E-04
5.61545507E-01  2.43992172E-02  3.92211572E-04
5.61844122E-01  2.35181674E-02  3.82826984E-04
5.62142737E-01  2.45189238E-02  3.94288683E-04
5.62441352E-01  2.37765890E-02  3.85555031E-04
5.62739967E-01  2.42268555E-02  3.88738379E-04
5.63038582E-01  2.37404387E-02  3.85985128E-04
5.63337197E-01  2.41662133E-02  3.88165296E-04
5.63635812E-01  2.38902662E-02  3.88935499E-04
5.63934427E-01  2.42550038E-02  3.88341141E-04
5.64233042E-01  2.42115520E-02  3.87100037E-04
5.64531657E-01  2.38921791E-02  3.86414671E-04
5.64830272E-01  2.41162647E-02  3.87863693E-04
5.65128887E-01  2.33723056E-02  3.82280297E-04
5.65427502E-01  2.42062602E-02  3.86620319E-04
5.65726117E-01  2.35662628E-02  3.82799277E-04
5.66024732E-01  2.34174263E-02  3.81237624E-04
5.66323347E-01  2.41014957E-02  3.87125794E-04
5.66621962E-01  2.42105760E-02  3.84634215E-04
5.66920577E-01  2.41852980E-02  3.87622742E-04
5.67219192E-01  2.43638251E-02  3.89684050E-04
5.67517807E-01  2.39118114E-02  3.85875202E-04
5.67816422E-01  2.46827677E-02  3.87231295E-04
5.68115037E-01  2.34767199E-02  3.80242767E-04
5.68413652E-01  2.37963349E-02  3.83263861E-04
5.68712267E-01  2.37410162E-02  3.82820057E-04
5.69010882E-01  2.42433771E-02  3.85788735E-04
5.69309497E-01  2.39941180E-02  3.84065701E-04
5.69608112E-01  2.38617845E-02  3.83622042E-04
5.69906727E-01  2.37251408E-02  3.81474558E-04
5.70205342E-01  2.31182724E-02  3.75027914E-04
5.70503957E-01  2.35650539E-02  3.81673482E-04
5.70802572E-01  2.37295348E-02  3.82039376E-04
5.71101187E-01  2.38004420E-02  3.83578852E-04
5.71399802E-01  2.43393779E-02  3.85950581E-04
5.71698417E-01  2.35886388E-02  3.80560930E-04
5.71997032E-01  2.39799842E-02  3.85472522E-04
5.72295647E-01  2.32511908E-02  3.79134697E-04
5.72594262E-01  2.34098993E-02  3.78862460E-04
5.72892877E-01  2.39299722E-02  3.80368292E-04
5.73191492E-01  2.41163187E-02  3.85774707E-04
5.73490107E-01  2.38496810E-02  3.84522253E-04
5.73788722E-01  2.37221345E-02  3.81475518E-04
5.74087337E-01  2.34521329E-02  3.80343758E-04
5.74385952E-01  2.40859967E-02  3.86428466E-04
5.74684567E-01  2.45092530E-02  3.89182882E-04
5.74983182E-01  2.40559503E-02  3.83632811E-04
5.75281797E-01  2.38524396E-02  3.80969112E-04
5.75580412E-01  2.38060225E-02  3.83918174E-04
5.75879027E-01  2.41765641E-02  3.85654421E-04
5.76177642E-01  2.48408560E-02  3.91546724E-04
5.76476257E-01  2.32740361E-02  3.77356162E-04
5.76774872E-01  2.37446520E-02  3.83077917E-04
5.77073487E-01  2.49156784E-02  3.92141985E-04
5.77372102E-01  2.44925767E-02  3.89606343E-04
5.77670717E-01  2.43101902E-02  3.85584688E-04
5.77969332E-01  2.47485060E-02  3.90382193E-04
5.78267947E-01  2.48132143E-02  3.91793001E-04
5.78566562E-01  2.37144679E-02  3.82143626E-04
5.78865177E-01  2.45722514E-02  3.87312932E-04
5.79163792E-01  2.40039695E-02  3.84914369E-04
5.79462407E-01  2.40218025E-02  3.84706014E-04
5.79761022E-01  2.38506123E-02  3.84837476E-04
5.80059637E-01  2.46647578E-02  3.87521432E-04
5.80358252E-01  2.44319849E-02  3.88249726E-04
5.80656867E-01  2.38569286E-02  3.84539162E-04
5.80955482E-01  2.43282411E-02  3.88321001E-04


### HEADER:
#
#{
#    "analysis": {},
#    "calibration_params": {
#        "Beam_Center_X": 1061.0,
#        "Beam_Center_Y": 2093.0,
#        "Detector Tilt": 0.0,
#        "Detector Tilt Plane Rotation": 0.0,
#        "Detector_X_Pixel_Size": 75.0,
#        "Detector_Y_Pixel_Size": 75.0,
#        "Integration Method": "nosplit_csr",
#        "Radial_Average_Method": "pyFAI",
#        "Sample-to-detector distance (mm)": 1782.0,
#        "Wavelength (A)": 0.8823505857220345
#    },
#    "config_file": "/Users/jwinnikoff/Documents/MBARI/SAXS/HPSAXS_7A_Feb2023/HPSAXS_02_19_23.cfg",
#    "counters": {
#        "Epoch": "119.198",
#        "I1": "0",
#        "I2": "0",
#        "I3": "0",
#        "Seconds": "1",
#        "Time": "2.19345e-05",
#        "date": "Sun Feb 19 18:36:14 2023",
#        "diode": "58343"
#    },
#    "filename": "JWL0321_35C_010MPa_up_1_data_000001_00001.h5",
#    "history": {},
#    "imageHeader": {},
#    "load_path": "/Users/jwinnikoff/Documents/MBARI/SAXS/HPSAXS_7A_Feb2023/JWL0321_SOPPE_DOPE_TS+/JWL0321_35C_010MPa_up_1_data_000001.h5",
#    "normalizations": {
#        "Absolute_scale": {
#            "Absolute_scale_factor": 0.005174693841759343,
#            "Method": "Water"
#        },
#        "Counter_norms": [
#            [
#                "/",
#                "diode/150000"
#            ]
#        ],
#        "Polarization": {
#            "Used": false
#        },
#        "Solid_Angle_Correction": "On"
#    },
#    "raw_version": "2.1.4"
#}

