### DATA:
#
# 1908
#      Q             I(Q)           Error     
1.14966775E-02  0.00000000E+00  0.00000000E+00
1.17952925E-02  2.04892421E+00  5.65018952E-02
1.20939075E-02  1.99205327E+00  3.93944979E-02
1.23925225E-02  1.93102741E+00  3.16689573E-02
1.26911375E-02  1.80970848E+00  2.87981816E-02
1.29897525E-02  1.75374901E+00  2.75507048E-02
1.32883675E-02  1.62563741E+00  2.54847184E-02
1.35869825E-02  1.62116873E+00  2.42370758E-02
1.38855975E-02  1.46558642E+00  2.15877853E-02
1.41842125E-02  1.37578690E+00  2.13563535E-02
1.44828275E-02  1.33771133E+00  2.08382439E-02
1.47814425E-02  1.28651905E+00  1.98254753E-02
1.50800575E-02  1.23828149E+00  1.87296197E-02
1.53786725E-02  1.20578516E+00  1.74076371E-02
1.56772875E-02  1.12440217E+00  1.69471502E-02
1.59759025E-02  1.11227691E+00  1.57346912E-02
1.62745175E-02  1.04718852E+00  1.50538320E-02
1.65731325E-02  1.05841100E+00  1.53489644E-02
1.68717475E-02  1.00470829E+00  1.37335230E-02
1.71703625E-02  9.92421329E-01  1.43588111E-02
1.74689775E-02  9.29563105E-01  1.28291901E-02
1.77675925E-02  9.14157271E-01  1.25109693E-02
1.80662075E-02  8.97962749E-01  1.29059739E-02
1.83648225E-02  8.78094077E-01  1.14697823E-02
1.86634375E-02  8.53033423E-01  1.18283080E-02
1.89620525E-02  8.23768854E-01  1.09524745E-02
1.92606675E-02  8.00937653E-01  1.09542897E-02
1.95592825E-02  7.71120787E-01  1.08533232E-02
1.98578975E-02  7.69506216E-01  1.00377016E-02
2.01565125E-02  7.30074883E-01  1.01233441E-02
2.04551275E-02  7.24777818E-01  9.46714450E-03
2.07537425E-02  7.02929378E-01  9.10900254E-03
2.10523575E-02  6.77681804E-01  8.44664127E-03
2.13509725E-02  6.43656790E-01  7.72635452E-03
2.16495875E-02  6.43997312E-01  7.70550035E-03
2.19482025E-02  6.28710628E-01  7.05171144E-03
2.22468175E-02  6.06200516E-01  7.24392990E-03
2.25454325E-02  6.02429986E-01  6.62290957E-03
2.28440475E-02  5.91556549E-01  6.72179973E-03
2.31426625E-02  5.92518330E-01  6.49279123E-03
2.34412775E-02  5.65531075E-01  6.09756960E-03
2.37398925E-02  5.56679726E-01  6.27905317E-03
2.40385075E-02  5.41718662E-01  5.82223991E-03
2.43371225E-02  5.36337376E-01  5.79325063E-03
2.46357375E-02  5.19071460E-01  5.85410651E-03
2.49343525E-02  5.25707841E-01  5.60215535E-03
2.52329675E-02  5.04521787E-01  5.75929135E-03
2.55315825E-02  5.04664481E-01  5.39663248E-03
2.58301975E-02  4.97146338E-01  5.38629247E-03
2.61288125E-02  4.95489210E-01  5.55713102E-03
2.64274275E-02  4.71379220E-01  5.07652387E-03
2.67260425E-02  4.75506634E-01  5.36927301E-03
2.70246575E-02  4.63189036E-01  4.96305618E-03
2.73232725E-02  4.69313353E-01  5.15666697E-03
2.76218875E-02  4.49994892E-01  5.12450887E-03
2.79205025E-02  4.53485608E-01  4.95324377E-03
2.82191175E-02  4.41224396E-01  4.86894697E-03
2.85177325E-02  4.31191564E-01  4.73237224E-03
2.88163475E-02  4.23186660E-01  4.83555067E-03
2.91149625E-02  4.18042749E-01  4.66744648E-03
2.94135775E-02  4.17289048E-01  4.60959226E-03
2.97121925E-02  4.14023101E-01  4.62949788E-03
3.00108075E-02  4.09377903E-01  4.45081154E-03
3.03094225E-02  4.01211232E-01  4.60341992E-03
3.06080375E-02  3.97650778E-01  4.43507358E-03
3.09066525E-02  3.94828737E-01  4.35749767E-03
3.12052675E-02  3.90407383E-01  4.46595671E-03
3.15038825E-02  3.84719610E-01  4.24282951E-03
3.18024975E-02  3.74584883E-01  4.25088685E-03
3.21011125E-02  3.73957992E-01  4.10967646E-03
3.23997275E-02  3.68821412E-01  3.97340907E-03
3.26983425E-02  3.61467004E-01  3.96642135E-03
3.29969575E-02  3.62456977E-01  3.75285861E-03
3.32955725E-02  3.64633203E-01  3.76410899E-03
3.35941875E-02  3.48767012E-01  3.51038552E-03
3.38928025E-02  3.50099921E-01  3.62122804E-03
3.41914175E-02  3.45193386E-01  3.48840398E-03
3.44900325E-02  3.42831194E-01  3.45309055E-03
3.47886474E-02  3.36214721E-01  3.36013176E-03
3.50872624E-02  3.36525381E-01  3.29831755E-03
3.53858774E-02  3.29175979E-01  3.36490013E-03
3.56844924E-02  3.26674998E-01  3.22305132E-03
3.59831074E-02  3.21161360E-01  3.14170308E-03
3.62817224E-02  3.27570856E-01  3.25077330E-03
3.65803374E-02  3.19698185E-01  3.11312289E-03
3.68789524E-02  3.12736094E-01  3.18290992E-03
3.71775674E-02  3.17478031E-01  3.13292211E-03
3.74761824E-02  3.15208346E-01  3.03844386E-03
3.77747974E-02  3.11546594E-01  3.03504081E-03
3.80734124E-02  3.08628023E-01  2.97321752E-03
3.83720274E-02  3.00850689E-01  3.03178956E-03
3.86706424E-02  3.05064976E-01  2.90828384E-03
3.89692574E-02  2.97553718E-01  2.95769703E-03
3.92678724E-02  2.96382904E-01  2.97440705E-03
3.95664874E-02  2.92339504E-01  2.84698256E-03
3.98651024E-02  2.94082910E-01  2.85800407E-03
4.01637174E-02  2.88264245E-01  2.78285705E-03
4.04623324E-02  2.88768470E-01  2.88393814E-03
4.07609474E-02  2.92703211E-01  2.80178944E-03
4.10595624E-02  2.82679945E-01  2.80957343E-03
4.13581774E-02  2.82384843E-01  2.75671296E-03
4.16567924E-02  2.82309026E-01  2.70093419E-03
4.19554074E-02  2.79326379E-01  2.76330626E-03
4.22540224E-02  2.78483272E-01  2.73760571E-03
4.25526374E-02  2.73325592E-01  2.67542293E-03
4.28512524E-02  2.75465727E-01  2.69495184E-03
4.31498674E-02  2.74628907E-01  2.65954016E-03
4.34484824E-02  2.69220412E-01  2.71524582E-03
4.37470974E-02  2.69385248E-01  2.59987544E-03
4.40457124E-02  2.71506876E-01  2.62279576E-03
4.43443274E-02  2.64867902E-01  2.64037494E-03
4.46429424E-02  2.63711303E-01  2.57650507E-03
4.49415574E-02  2.68461615E-01  2.68327491E-03
4.52401724E-02  2.61685342E-01  2.53205677E-03
4.55387874E-02  2.62947291E-01  2.57903058E-03
4.58374024E-02  2.57028341E-01  2.54983921E-03
4.61360174E-02  2.66370147E-01  2.55865045E-03
4.64346324E-02  2.62443453E-01  2.58920225E-03
4.67332474E-02  2.58495301E-01  2.48933211E-03
4.70318624E-02  2.59761423E-01  2.56962935E-03
4.73304774E-02  2.57105321E-01  2.54198629E-03
4.76290924E-02  2.60152102E-01  2.50308309E-03
4.79277074E-02  2.55000353E-01  2.46299570E-03
4.82263224E-02  2.54853129E-01  2.44554156E-03
4.85249374E-02  2.59088248E-01  2.54154694E-03
4.88235524E-02  2.55813807E-01  2.46316660E-03
4.91221674E-02  2.57282376E-01  2.45532417E-03
4.94207824E-02  2.56711900E-01  2.47883354E-03
4.97193974E-02  2.57857323E-01  2.43979250E-03
5.00180124E-02  2.61557639E-01  2.52550654E-03
5.03166274E-02  2.59811968E-01  2.44540418E-03
5.06152424E-02  2.60731280E-01  2.45699706E-03
5.09138574E-02  2.58329421E-01  2.47525563E-03
5.12124724E-02  2.57321835E-01  2.40540202E-03
5.15110874E-02  2.62477249E-01  2.47257203E-03
5.18097024E-02  2.62683481E-01  2.43737968E-03
5.21083174E-02  2.66433537E-01  2.45116185E-03
5.24069324E-02  2.70613879E-01  2.47210707E-03
5.27055474E-02  2.61556715E-01  2.41468986E-03
5.30041624E-02  2.71360695E-01  2.50658905E-03
5.33027774E-02  2.69498438E-01  2.44062440E-03
5.36013924E-02  2.69752681E-01  2.45574978E-03
5.39000074E-02  2.74086803E-01  2.43385253E-03
5.41986224E-02  2.78820395E-01  2.50388100E-03
5.44972374E-02  2.80418813E-01  2.47905985E-03
5.47958524E-02  2.81997710E-01  2.46873009E-03
5.50944674E-02  2.79637992E-01  2.49676779E-03
5.53930824E-02  2.86112994E-01  2.46961345E-03
5.56916974E-02  2.89236337E-01  2.46958109E-03
5.59903124E-02  2.97914654E-01  2.55883415E-03
5.62889274E-02  2.99938142E-01  2.51145987E-03
5.65875424E-02  3.00318867E-01  2.55833869E-03
5.68861574E-02  3.05679709E-01  2.53538624E-03
5.71847724E-02  3.05863291E-01  2.51920708E-03
5.74833874E-02  3.11737418E-01  2.57081701E-03
5.77820024E-02  3.14508706E-01  2.55117030E-03
5.80806174E-02  3.19477171E-01  2.63500330E-03
5.83792324E-02  3.28651011E-01  2.57727853E-03
5.86778474E-02  3.29030573E-01  2.61986605E-03
5.89764624E-02  3.31883997E-01  2.65984284E-03
5.92750774E-02  3.40778917E-01  2.58611492E-03
5.95736924E-02  3.41526985E-01  2.66915723E-03
5.98723074E-02  3.48841786E-01  2.64160405E-03
6.01709224E-02  3.53994399E-01  2.65763351E-03
6.04695374E-02  3.62788826E-01  2.73276120E-03
6.07681524E-02  3.72092515E-01  2.73878919E-03
6.10667674E-02  3.78509909E-01  2.77671311E-03
6.13653824E-02  3.83073360E-01  2.72990833E-03
6.16639974E-02  3.97732049E-01  2.81704240E-03
6.19626124E-02  4.05254841E-01  2.84720794E-03
6.22612274E-02  4.08930600E-01  2.80656177E-03
6.25598424E-02  4.12816465E-01  2.88105779E-03
6.28584574E-02  4.32275504E-01  2.89993710E-03
6.31570724E-02  4.39846963E-01  2.95112911E-03
6.34556874E-02  4.53893661E-01  2.91743758E-03
6.37543024E-02  4.69126701E-01  3.00604920E-03
6.40529174E-02  4.76004183E-01  3.07003642E-03
6.43515324E-02  4.86502528E-01  3.04432958E-03
6.46501474E-02  5.03725529E-01  3.16420756E-03
6.49487624E-02  5.09169281E-01  3.06428387E-03
6.52473774E-02  5.20204484E-01  3.12329526E-03
6.55459924E-02  5.28943300E-01  3.18409526E-03
6.58446074E-02  5.37664056E-01  3.17527982E-03
6.61432224E-02  5.43415904E-01  3.22736567E-03
6.64418374E-02  5.41327417E-01  3.14104720E-03
6.67404524E-02  5.52762568E-01  3.21569317E-03
6.70390674E-02  5.56291163E-01  3.24154575E-03
6.73376824E-02  5.61657846E-01  3.17179109E-03
6.76362974E-02  5.60563445E-01  3.24611319E-03
6.79349124E-02  5.54561853E-01  3.15714302E-03
6.82335274E-02  5.64314306E-01  3.20705608E-03
6.85321424E-02  5.57881176E-01  3.22668767E-03
6.88307574E-02  5.70054352E-01  3.19725927E-03
6.91293724E-02  5.65786898E-01  3.23401857E-03
6.94279874E-02  5.63641071E-01  3.15035740E-03
6.97266024E-02  5.70077181E-01  3.22339963E-03
7.00252174E-02  5.72675288E-01  3.20460857E-03
7.03238324E-02  5.68731844E-01  3.16813984E-03
7.06224474E-02  5.69858074E-01  3.21902335E-03
7.09210624E-02  5.66109180E-01  3.16801434E-03
7.12196774E-02  5.67622185E-01  3.16505367E-03
7.15182924E-02  5.71489394E-01  3.10624181E-03
7.18169074E-02  5.74255884E-01  3.19801876E-03
7.21155224E-02  5.74590921E-01  3.18804174E-03
7.24141374E-02  5.72795093E-01  3.16514517E-03
7.27127524E-02  5.71737528E-01  3.14812269E-03
7.30113674E-02  5.69713295E-01  3.11835948E-03
7.33099824E-02  5.73244691E-01  3.14528379E-03
7.36085974E-02  5.63911080E-01  3.12999077E-03
7.39072124E-02  5.76309562E-01  3.10589909E-03
7.42058274E-02  5.71935475E-01  3.15923779E-03
7.45044424E-02  5.70143163E-01  3.09924502E-03
7.48030574E-02  5.68847239E-01  3.11600068E-03
7.51016724E-02  5.71181178E-01  3.11897416E-03
7.54002874E-02  5.72607160E-01  3.07289814E-03
7.56989024E-02  5.66203833E-01  3.10875848E-03
7.59975174E-02  5.69625616E-01  3.06814001E-03
7.62961324E-02  5.66222191E-01  3.06874071E-03
7.65947474E-02  5.71593761E-01  3.07343993E-03
7.68933624E-02  5.69116294E-01  3.07003153E-03
7.71919774E-02  5.67753136E-01  3.09946970E-03
7.74905924E-02  5.56213260E-01  3.00016580E-03
7.77892074E-02  5.57480693E-01  3.02247494E-03
7.80878224E-02  5.57540059E-01  2.99752713E-03
7.83864374E-02  5.55173874E-01  2.98653264E-03
7.86850524E-02  5.44741631E-01  3.00677842E-03
7.89836674E-02  5.54129541E-01  2.99455109E-03
7.92822824E-02  5.48783004E-01  2.95561948E-03
7.95808974E-02  5.42736769E-01  2.91264057E-03
7.98795124E-02  5.44547975E-01  2.97473930E-03
8.01781274E-02  5.42038083E-01  2.99295038E-03
8.04767424E-02  5.34049451E-01  2.89505534E-03
8.07753574E-02  5.32662809E-01  2.92086066E-03
8.10739724E-02  5.24253547E-01  2.86550075E-03
8.13725874E-02  5.20383537E-01  2.84349849E-03
8.16712024E-02  5.18450916E-01  2.88460427E-03
8.19698174E-02  5.15284181E-01  2.80174054E-03
8.22684324E-02  5.14835536E-01  2.85984436E-03
8.25670474E-02  5.09116530E-01  2.80975550E-03
8.28656624E-02  5.06764054E-01  2.82299006E-03
8.31642774E-02  5.03820837E-01  2.77584093E-03
8.34628924E-02  4.95970547E-01  2.75683892E-03
8.37615074E-02  4.92540985E-01  2.78873229E-03
8.40601224E-02  4.95473742E-01  2.73934775E-03
8.43587374E-02  4.95922387E-01  2.75130570E-03
8.46573524E-02  4.92821127E-01  2.72935815E-03
8.49559674E-02  4.95529860E-01  2.75562424E-03
8.52545824E-02  4.96794999E-01  2.76458380E-03
8.55531974E-02  4.94371921E-01  2.71268724E-03
8.58518124E-02  4.98794347E-01  2.73790187E-03
8.61504274E-02  4.96688813E-01  2.70359148E-03
8.64490424E-02  4.99374688E-01  2.75548780E-03
8.67476574E-02  4.92557436E-01  2.73129274E-03
8.70462724E-02  4.86491472E-01  2.66940589E-03
8.73448874E-02  4.83777672E-01  2.68219551E-03
8.76435024E-02  4.72248375E-01  2.62388564E-03
8.79421174E-02  4.63760704E-01  2.64256471E-03
8.82407324E-02  4.56737697E-01  2.61240476E-03
8.85393474E-02  4.44796354E-01  2.54173484E-03
8.88379624E-02  4.37478721E-01  2.53974926E-03
8.91365774E-02  4.25097972E-01  2.47104047E-03
8.94351924E-02  4.11400676E-01  2.44903052E-03
8.97338074E-02  4.01673138E-01  2.40643672E-03
9.00324224E-02  3.91026199E-01  2.36776937E-03
9.03310374E-02  3.87393236E-01  2.38320255E-03
9.06296524E-02  3.79862100E-01  2.33158353E-03
9.09282674E-02  3.69052589E-01  2.29606428E-03
9.12268824E-02  3.57457429E-01  2.25557736E-03
9.15254974E-02  3.56320709E-01  2.24380824E-03
9.18241124E-02  3.47017139E-01  2.24716030E-03
9.21227274E-02  3.43956083E-01  2.21662782E-03
9.24213424E-02  3.39281857E-01  2.16415012E-03
9.27199574E-02  3.37137818E-01  2.17666896E-03
9.30185724E-02  3.31772149E-01  2.16318457E-03
9.33171874E-02  3.27719271E-01  2.17166031E-03
9.36158024E-02  3.28442574E-01  2.09975708E-03
9.39144174E-02  3.18189055E-01  2.12036539E-03
9.42130324E-02  3.18846613E-01  2.11110408E-03
9.45116474E-02  3.19046885E-01  2.10236222E-03
9.48102624E-02  3.13745797E-01  2.09415308E-03
9.51088774E-02  3.14717710E-01  2.05719820E-03
9.54074924E-02  3.07288617E-01  2.05960497E-03
9.57061074E-02  3.07353705E-01  2.05437304E-03
9.60047224E-02  3.09231073E-01  2.06245738E-03
9.63033374E-02  3.03085089E-01  2.02232064E-03
9.66019524E-02  3.01904261E-01  2.02894653E-03
9.69005674E-02  2.98836172E-01  2.01333500E-03
9.71991824E-02  2.97243804E-01  2.00274331E-03
9.74977974E-02  2.95682073E-01  1.99059490E-03
9.77964124E-02  2.92371511E-01  1.97264855E-03
9.80950274E-02  2.91550875E-01  1.98347704E-03
9.83936424E-02  2.90507466E-01  1.98078388E-03
9.86922574E-02  2.91124403E-01  1.98117178E-03
9.89908724E-02  2.89660364E-01  1.95515715E-03
9.92894874E-02  2.86799610E-01  1.93974015E-03
9.95881024E-02  2.87621796E-01  1.95824262E-03
9.98867174E-02  2.84757972E-01  1.95517251E-03
1.00185332E-01  2.84750730E-01  1.91120792E-03
1.00483947E-01  2.80146480E-01  1.92605366E-03
1.00782562E-01  2.82275975E-01  1.90997520E-03
1.01081177E-01  2.80109584E-01  1.92185258E-03
1.01379792E-01  2.78673887E-01  1.90966611E-03
1.01678407E-01  2.78996110E-01  1.89025048E-03
1.01977022E-01  2.76646495E-01  1.90271030E-03
1.02275637E-01  2.76620805E-01  1.90262368E-03
1.02574252E-01  2.77328819E-01  1.89711107E-03
1.02872867E-01  2.74361610E-01  1.86683761E-03
1.03171482E-01  2.72241652E-01  1.85809913E-03
1.03470097E-01  2.75752097E-01  1.87309284E-03
1.03768712E-01  2.71674454E-01  1.87611708E-03
1.04067327E-01  2.72500545E-01  1.84552185E-03
1.04365942E-01  2.70001888E-01  1.85802137E-03
1.04664557E-01  2.69917548E-01  1.85621064E-03
1.04963172E-01  2.70085096E-01  1.84325152E-03
1.05261787E-01  2.69023389E-01  1.84409728E-03
1.05560402E-01  2.70326644E-01  1.82937318E-03
1.05859017E-01  2.69450724E-01  1.85007171E-03
1.06157632E-01  2.68177211E-01  1.83377869E-03
1.06456247E-01  2.66823471E-01  1.82914617E-03
1.06754862E-01  2.67857671E-01  1.81096571E-03
1.07053477E-01  2.65725046E-01  1.81518705E-03
1.07352092E-01  2.63865590E-01  1.80882670E-03
1.07650707E-01  2.64994502E-01  1.81413745E-03
1.07949322E-01  2.67446190E-01  1.81961432E-03
1.08247937E-01  2.62276083E-01  1.80051289E-03
1.08546552E-01  2.67014503E-01  1.82395289E-03
1.08845167E-01  2.65803456E-01  1.79001351E-03
1.09143782E-01  2.66305000E-01  1.81285758E-03
1.09442397E-01  2.69089013E-01  1.79965480E-03
1.09741012E-01  2.66244859E-01  1.79567549E-03
1.10039627E-01  2.62870073E-01  1.79828785E-03
1.10338242E-01  2.63722926E-01  1.78993796E-03
1.10636857E-01  2.63433874E-01  1.76705769E-03
1.10935472E-01  2.64501899E-01  1.76929287E-03
1.11234087E-01  2.65879929E-01  1.79028499E-03
1.11532702E-01  2.63628274E-01  1.78131287E-03
1.11831317E-01  2.62631088E-01  1.76840916E-03
1.12129932E-01  2.62323767E-01  1.77076110E-03
1.12428547E-01  2.65981197E-01  1.78238109E-03
1.12727162E-01  2.63794005E-01  1.76760531E-03
1.13025777E-01  2.64411718E-01  1.76766177E-03
1.13324392E-01  2.61880934E-01  1.75652234E-03
1.13623007E-01  2.63642639E-01  1.76643243E-03
1.13921622E-01  2.64245629E-01  1.76979753E-03
1.14220237E-01  2.64062822E-01  1.75195199E-03
1.14518852E-01  2.67543256E-01  1.74917199E-03
1.14817467E-01  2.64276326E-01  1.76321412E-03
1.15116082E-01  2.65041411E-01  1.76443520E-03
1.15414697E-01  2.65483797E-01  1.75797800E-03
1.15713312E-01  2.66171366E-01  1.74340990E-03
1.16011927E-01  2.65674531E-01  1.74819923E-03
1.16310542E-01  2.66073972E-01  1.76521752E-03
1.16609157E-01  2.66875118E-01  1.74828211E-03
1.16907772E-01  2.64847487E-01  1.74806360E-03
1.17206387E-01  2.63178259E-01  1.73549703E-03
1.17505002E-01  2.65473098E-01  1.73227163E-03
1.17803617E-01  2.67298579E-01  1.75744062E-03
1.18102232E-01  2.67096728E-01  1.74008985E-03
1.18400847E-01  2.65841424E-01  1.73852849E-03
1.18699462E-01  2.69358754E-01  1.74617697E-03
1.18998077E-01  2.71078199E-01  1.73543603E-03
1.19296692E-01  2.72340000E-01  1.77263212E-03
1.19595307E-01  2.70253569E-01  1.73403439E-03
1.19893922E-01  2.70132005E-01  1.72994577E-03
1.20192537E-01  2.70014167E-01  1.74958038E-03
1.20491152E-01  2.72439510E-01  1.73240434E-03
1.20789767E-01  2.67720222E-01  1.73333439E-03
1.21088382E-01  2.72558272E-01  1.74641516E-03
1.21386997E-01  2.75360554E-01  1.74167228E-03
1.21685612E-01  2.75813282E-01  1.75934390E-03
1.21984227E-01  2.74833471E-01  1.74494809E-03
1.22282842E-01  2.75296986E-01  1.73413916E-03
1.22581457E-01  2.72181958E-01  1.71234435E-03
1.22880072E-01  2.77115047E-01  1.75844179E-03
1.23178687E-01  2.77606249E-01  1.74384878E-03
1.23477302E-01  2.77402729E-01  1.74813217E-03
1.23775917E-01  2.79651135E-01  1.73448958E-03
1.24074532E-01  2.76144892E-01  1.74048194E-03
1.24373147E-01  2.80478895E-01  1.75162521E-03
1.24671762E-01  2.80556470E-01  1.74211629E-03
1.24970377E-01  2.81428665E-01  1.74000079E-03
1.25268992E-01  2.80418485E-01  1.73448469E-03
1.25567607E-01  2.79815078E-01  1.72433234E-03
1.25866222E-01  2.80964404E-01  1.75561605E-03
1.26164837E-01  2.84389913E-01  1.74672960E-03
1.26463452E-01  2.83801734E-01  1.73657830E-03
1.26762067E-01  2.83914536E-01  1.74407312E-03
1.27060682E-01  2.84408480E-01  1.74081232E-03
1.27359297E-01  2.85260111E-01  1.76961871E-03
1.27657912E-01  2.86405534E-01  1.73159852E-03
1.27956527E-01  2.89657474E-01  1.74905523E-03
1.28255142E-01  2.88042575E-01  1.75671640E-03
1.28553757E-01  2.90620595E-01  1.73385150E-03
1.28852372E-01  2.91170955E-01  1.74244563E-03
1.29150987E-01  2.89805651E-01  1.73835771E-03
1.29449602E-01  2.93211490E-01  1.75916695E-03
1.29748217E-01  2.90401965E-01  1.74953637E-03
1.30046832E-01  2.92144150E-01  1.74071186E-03
1.30345447E-01  2.95261323E-01  1.74533715E-03
1.30644062E-01  2.93072760E-01  1.73656165E-03
1.30942677E-01  2.93163210E-01  1.74958131E-03
1.31241292E-01  2.96202302E-01  1.75276841E-03
1.31539907E-01  2.94601887E-01  1.73879822E-03
1.31838522E-01  2.96410829E-01  1.75222382E-03
1.32137137E-01  2.88473248E-01  1.74432283E-03
1.32435752E-01  2.86105007E-01  1.75992155E-03
1.32734367E-01  2.85496682E-01  1.75561488E-03
1.33032982E-01  2.82051057E-01  1.76340470E-03
1.33331597E-01  2.78645009E-01  1.75272697E-03
1.33630212E-01  2.79329389E-01  1.76237442E-03
1.33928827E-01  2.76321709E-01  1.77972310E-03
1.34227442E-01  2.76340932E-01  1.73689437E-03
1.34526057E-01  2.76996821E-01  1.77409046E-03
1.34824672E-01  2.74718612E-01  1.77980179E-03
1.35123287E-01  2.72520393E-01  1.76227186E-03
1.35421902E-01  2.73501694E-01  1.78113708E-03
1.35720517E-01  2.69670546E-01  1.75048003E-03
1.36019132E-01  2.65965790E-01  1.76964805E-03
1.36317747E-01  2.70475090E-01  1.76732033E-03
1.36616362E-01  2.67539233E-01  1.75251975E-03
1.36914977E-01  2.65765339E-01  1.76632137E-03
1.37213592E-01  2.67028123E-01  1.77318731E-03
1.37512207E-01  2.64810860E-01  1.78340985E-03
1.37810822E-01  2.62837559E-01  1.75922294E-03
1.38109437E-01  2.62826443E-01  1.75918790E-03
1.38408052E-01  2.63973027E-01  1.76971906E-03
1.38706667E-01  2.61501610E-01  1.76545267E-03
1.39005282E-01  2.64396936E-01  1.79451262E-03
1.39303897E-01  2.58956432E-01  1.74094504E-03
1.39602512E-01  2.58099973E-01  1.77163526E-03
1.39901127E-01  2.62280315E-01  1.78314745E-03
1.40199742E-01  2.57754266E-01  1.75950711E-03
1.40498357E-01  2.56349146E-01  1.77324656E-03
1.40796972E-01  2.58152992E-01  1.75614282E-03
1.41095587E-01  2.56231517E-01  1.77494006E-03
1.41394202E-01  2.55346209E-01  1.76079897E-03
1.41692817E-01  2.55593449E-01  1.77273317E-03
1.41991432E-01  2.56946564E-01  1.77742168E-03
1.42290047E-01  2.54490346E-01  1.75648474E-03
1.42588662E-01  2.52710253E-01  1.77394040E-03
1.42887277E-01  2.54706740E-01  1.77106168E-03
1.43185892E-01  2.52300292E-01  1.75713457E-03
1.43484507E-01  2.50618279E-01  1.76518003E-03
1.43783122E-01  2.54500359E-01  1.76409143E-03
1.44081737E-01  2.56920129E-01  1.77804718E-03
1.44380352E-01  2.59401500E-01  1.77199044E-03
1.44678967E-01  2.59301424E-01  1.75203674E-03
1.44977582E-01  2.61595398E-01  1.79486745E-03
1.45276197E-01  2.59927034E-01  1.76287559E-03
1.45574812E-01  2.61716276E-01  1.78964110E-03
1.45873427E-01  2.62546390E-01  1.75104884E-03
1.46172042E-01  2.56942809E-01  1.74472388E-03
1.46470657E-01  2.58640736E-01  1.77147030E-03
1.46769272E-01  2.62512356E-01  1.76353659E-03
1.47067887E-01  2.59658724E-01  1.74994266E-03
1.47366502E-01  2.65247583E-01  1.76004495E-03
1.47665117E-01  2.63034970E-01  1.75532268E-03
1.47963732E-01  2.64163613E-01  1.77925278E-03
1.48262347E-01  2.62188613E-01  1.75381918E-03
1.48560962E-01  2.58544654E-01  1.74421805E-03
1.48859577E-01  2.62165666E-01  1.73300714E-03
1.49158192E-01  2.63298303E-01  1.77294202E-03
1.49456807E-01  2.63817817E-01  1.75399764E-03
1.49755422E-01  2.61353970E-01  1.74123805E-03
1.50054037E-01  2.59239346E-01  1.74525473E-03
1.50352652E-01  2.61527598E-01  1.73090841E-03
1.50651267E-01  2.61474073E-01  1.75541325E-03
1.50949882E-01  2.63264120E-01  1.73410354E-03
1.51248497E-01  2.63028473E-01  1.74164306E-03
1.51547112E-01  2.59137362E-01  1.75889581E-03
1.51845727E-01  2.62053788E-01  1.71758258E-03
1.52144342E-01  2.59788156E-01  1.75240764E-03
1.52442957E-01  2.59618878E-01  1.69979874E-03
1.52741572E-01  2.58623332E-01  1.72128913E-03
1.53040187E-01  2.60501534E-01  1.75216433E-03
1.53338802E-01  2.57221907E-01  1.70600216E-03
1.53637417E-01  2.60067463E-01  1.73633161E-03
1.53936032E-01  2.60325074E-01  1.71192409E-03
1.54234647E-01  2.58507371E-01  1.70964655E-03
1.54533262E-01  2.59223372E-01  1.73869717E-03
1.54831877E-01  2.58421659E-01  1.71185227E-03
1.55130492E-01  2.54763663E-01  1.70217326E-03
1.55429107E-01  2.54200876E-01  1.69106876E-03
1.55727722E-01  2.57094949E-01  1.71748118E-03
1.56026337E-01  2.51904070E-01  1.69013662E-03
1.56324952E-01  2.53838032E-01  1.69108901E-03
1.56623567E-01  2.52048641E-01  1.70431565E-03
1.56922182E-01  2.50050277E-01  1.67299819E-03
1.57220797E-01  2.51917869E-01  1.70199224E-03
1.57519412E-01  2.54001498E-01  1.68798782E-03
1.57818027E-01  2.47610822E-01  1.66542223E-03
1.58116642E-01  2.45431542E-01  1.68056495E-03
1.58415257E-01  2.50412613E-01  1.67482288E-03
1.58713872E-01  2.48296440E-01  1.68353005E-03
1.59012487E-01  2.43484512E-01  1.64325361E-03
1.59311102E-01  2.44683683E-01  1.67246687E-03
1.59609717E-01  2.42360458E-01  1.66756962E-03
1.59908332E-01  2.45829046E-01  1.64068432E-03
1.60206947E-01  2.43500113E-01  1.64919079E-03
1.60505562E-01  2.42283300E-01  1.64506736E-03
1.60804177E-01  2.39368081E-01  1.63338869E-03
1.61102792E-01  2.39183068E-01  1.63334352E-03
1.61401407E-01  2.37582058E-01  1.62150327E-03
1.61700022E-01  2.37781972E-01  1.61988998E-03
1.61998637E-01  2.38497421E-01  1.62578293E-03
1.62297252E-01  2.36370921E-01  1.62605045E-03
1.62595867E-01  2.34279260E-01  1.61768228E-03
1.62894482E-01  2.32338652E-01  1.59281841E-03
1.63193097E-01  2.33383685E-01  1.61982188E-03
1.63491712E-01  2.33205572E-01  1.59244984E-03
1.63790327E-01  2.30951771E-01  1.60962518E-03
1.64088942E-01  2.31365383E-01  1.58395153E-03
1.64387557E-01  2.28892893E-01  1.58765924E-03
1.64686172E-01  2.25199759E-01  1.59347872E-03
1.64984787E-01  2.26053700E-01  1.56785268E-03
1.65283402E-01  2.24291667E-01  1.57162745E-03
1.65582017E-01  2.22254276E-01  1.55138329E-03
1.65880632E-01  2.22408175E-01  1.55842968E-03
1.66179247E-01  2.21521363E-01  1.56800053E-03
1.66477862E-01  2.21400842E-01  1.54572749E-03
1.66776477E-01  2.16997281E-01  1.54369266E-03
1.67075092E-01  2.19462663E-01  1.55572966E-03
1.67373707E-01  2.18020499E-01  1.54570048E-03
1.67672322E-01  2.13983506E-01  1.53025042E-03
1.67970937E-01  2.15106472E-01  1.51993090E-03
1.68269552E-01  2.15186387E-01  1.53240073E-03
1.68568167E-01  2.13784024E-01  1.51213503E-03
1.68866782E-01  2.08297879E-01  1.51458324E-03
1.69165397E-01  2.08234936E-01  1.50272797E-03
1.69464012E-01  2.08317399E-01  1.49370811E-03
1.69762627E-01  2.08240032E-01  1.50327361E-03
1.70061242E-01  2.04268917E-01  1.48371968E-03
1.70359857E-01  2.07845673E-01  1.51401933E-03
1.70658472E-01  2.06367016E-01  1.48162886E-03
1.70957087E-01  2.07681298E-01  1.49194943E-03
1.71255702E-01  2.02049330E-01  1.48960843E-03
1.71554317E-01  2.02888265E-01  1.45917479E-03
1.71852932E-01  1.98803186E-01  1.46273745E-03
1.72151547E-01  2.00840190E-01  1.46516738E-03
1.72450162E-01  2.02131242E-01  1.47341006E-03
1.72748777E-01  1.97973907E-01  1.46170903E-03
1.73047392E-01  1.97236136E-01  1.45246612E-03
1.73346007E-01  1.97958395E-01  1.45762681E-03
1.73644622E-01  1.92710578E-01  1.43129972E-03
1.73943237E-01  1.94331914E-01  1.43780047E-03
1.74241852E-01  1.92741767E-01  1.44078059E-03
1.74540467E-01  1.91258594E-01  1.41723582E-03
1.74839082E-01  1.88842982E-01  1.42564625E-03
1.75137697E-01  1.90015018E-01  1.41644571E-03
1.75436312E-01  1.86865523E-01  1.41378283E-03
1.75734927E-01  1.87488690E-01  1.39897456E-03
1.76033542E-01  1.86220631E-01  1.39845640E-03
1.76332157E-01  1.82632327E-01  1.40590430E-03
1.76630772E-01  1.81129202E-01  1.37551059E-03
1.76929387E-01  1.78174794E-01  1.38528494E-03
1.77228002E-01  1.79002181E-01  1.36195216E-03
1.77526617E-01  1.78051129E-01  1.36836967E-03
1.77825232E-01  1.74464241E-01  1.35910860E-03
1.78123847E-01  1.74819335E-01  1.35498506E-03
1.78422462E-01  1.71595693E-01  1.34243618E-03
1.78721077E-01  1.69632465E-01  1.33834663E-03
1.79019692E-01  1.72748759E-01  1.35104358E-03
1.79318307E-01  1.66501164E-01  1.32683944E-03
1.79616922E-01  1.67502955E-01  1.31097948E-03
1.79915537E-01  1.64928094E-01  1.31832832E-03
1.80214152E-01  1.63199693E-01  1.30003481E-03
1.80512767E-01  1.63009211E-01  1.31241570E-03
1.80811382E-01  1.58421099E-01  1.29032391E-03
1.81109997E-01  1.60181180E-01  1.28540420E-03
1.81408612E-01  1.59414664E-01  1.29524118E-03
1.81707227E-01  1.55630410E-01  1.27249979E-03
1.82005842E-01  1.52728051E-01  1.26058049E-03
1.82304457E-01  1.54760674E-01  1.26180833E-03
1.82603072E-01  1.51482046E-01  1.25376019E-03
1.82901687E-01  1.51303247E-01  1.26186851E-03
1.83200302E-01  1.50384575E-01  1.24672824E-03
1.83498917E-01  1.50562420E-01  1.24253659E-03
1.83797532E-01  1.47483766E-01  1.22775312E-03
1.84096147E-01  1.44004345E-01  1.22447184E-03
1.84394762E-01  1.43996090E-01  1.22648734E-03
1.84693377E-01  1.41566560E-01  1.20763504E-03
1.84991992E-01  1.41423613E-01  1.21345615E-03
1.85290607E-01  1.40595734E-01  1.19445240E-03
1.85589222E-01  1.39508158E-01  1.19843357E-03
1.85887837E-01  1.39943570E-01  1.19675475E-03
1.86186452E-01  1.37458339E-01  1.18375465E-03
1.86485067E-01  1.34543434E-01  1.17731025E-03
1.86783682E-01  1.34301811E-01  1.17277389E-03
1.87082297E-01  1.34983361E-01  1.18079816E-03
1.87380912E-01  1.33209124E-01  1.16532214E-03
1.87679527E-01  1.31484896E-01  1.14804425E-03
1.87978142E-01  1.30851761E-01  1.15952489E-03
1.88276757E-01  1.32327810E-01  1.16336916E-03
1.88575372E-01  1.29173309E-01  1.15282775E-03
1.88873987E-01  1.29231125E-01  1.14592898E-03
1.89172602E-01  1.30217969E-01  1.14398065E-03
1.89471217E-01  1.26903191E-01  1.13779062E-03
1.89769832E-01  1.25612393E-01  1.13496417E-03
1.90068447E-01  1.23705767E-01  1.11037341E-03
1.90367062E-01  1.22914091E-01  1.11721619E-03
1.90665677E-01  1.21244922E-01  1.10708643E-03
1.90964292E-01  1.21500708E-01  1.10610703E-03
1.91262907E-01  1.21767834E-01  1.11200020E-03
1.91561522E-01  1.20911993E-01  1.09428226E-03
1.91860137E-01  1.19392008E-01  1.10217917E-03
1.92158752E-01  1.17393874E-01  1.08725997E-03
1.92457367E-01  1.15426622E-01  1.07950799E-03
1.92755982E-01  1.15815468E-01  1.07680587E-03
1.93054597E-01  1.14140250E-01  1.06967846E-03
1.93353212E-01  1.14308536E-01  1.06500695E-03
1.93651827E-01  1.13668695E-01  1.07334962E-03
1.93950442E-01  1.11374594E-01  1.05664507E-03
1.94249057E-01  1.11907959E-01  1.05176459E-03
1.94547672E-01  1.11408286E-01  1.05748826E-03
1.94846287E-01  1.10270239E-01  1.05004990E-03
1.95144902E-01  1.08644806E-01  1.04800984E-03
1.95443517E-01  1.07718416E-01  1.02158997E-03
1.95742132E-01  1.08095773E-01  1.03765703E-03
1.96040747E-01  1.07132003E-01  1.03500730E-03
1.96339362E-01  1.06600776E-01  1.03476399E-03
1.96637977E-01  1.06612474E-01  1.02464634E-03
1.96936592E-01  1.02975130E-01  1.00893003E-03
1.97235207E-01  1.02503791E-01  1.01014692E-03
1.97533822E-01  1.01211429E-01  9.99939162E-04
1.97832437E-01  1.02831177E-01  1.01111736E-03
1.98131052E-01  1.00794926E-01  9.95678478E-04
1.98429667E-01  9.89661813E-02  9.87540931E-04
1.98728282E-01  1.00299791E-01  9.97329247E-04
1.99026897E-01  9.81301814E-02  9.80273122E-04
1.99325512E-01  9.79916453E-02  9.82671860E-04
1.99624127E-01  9.74180251E-02  9.79483826E-04
1.99922742E-01  9.55790952E-02  9.68364475E-04
2.00221357E-01  9.61677581E-02  9.76888929E-04
2.00519972E-01  9.60390270E-02  9.66449559E-04
2.00818587E-01  9.56076831E-02  9.63377999E-04
2.01117202E-01  9.18070003E-02  9.53276351E-04
2.01415817E-01  9.39675793E-02  9.54785501E-04
2.01714432E-01  9.19149071E-02  9.48736619E-04
2.02013047E-01  9.08603817E-02  9.39454767E-04
2.02311662E-01  9.02409852E-02  9.40061291E-04
2.02610277E-01  9.01259333E-02  9.41831386E-04
2.02908892E-01  8.79094526E-02  9.20076563E-04
2.03207507E-01  8.85917991E-02  9.27370507E-04
2.03506122E-01  8.87431428E-02  9.26723413E-04
2.03804737E-01  8.65722820E-02  9.16172867E-04
2.04103352E-01  8.47627372E-02  9.09379334E-04
2.04401967E-01  8.59918669E-02  9.14807082E-04
2.04700582E-01  8.73088837E-02  9.13840951E-04
2.04999197E-01  8.54660794E-02  9.06652072E-04
2.05297812E-01  8.45528245E-02  9.10539762E-04
2.05596427E-01  8.48723203E-02  9.04896180E-04
2.05895042E-01  8.35687518E-02  9.00151208E-04
2.06193657E-01  8.16692933E-02  8.84113251E-04
2.06492272E-01  8.23003054E-02  8.86436843E-04
2.06790887E-01  8.24657306E-02  8.97268183E-04
2.07089502E-01  8.09319839E-02  8.74238147E-04
2.07388117E-01  7.98070878E-02  8.79393599E-04
2.07686732E-01  7.87163451E-02  8.69860291E-04
2.07985347E-01  7.87023008E-02  8.66851653E-04
2.08283962E-01  7.79192448E-02  8.64649308E-04
2.08582577E-01  7.71260113E-02  8.54218146E-04
2.08881192E-01  7.79966265E-02  8.62961402E-04
2.09179807E-01  7.73222819E-02  8.63195572E-04
2.09478422E-01  7.61059895E-02  8.46249168E-04
2.09777037E-01  7.54132122E-02  8.51162768E-04
2.10075652E-01  7.49530271E-02  8.40578519E-04
2.10374267E-01  7.48273805E-02  8.50475917E-04
2.10672882E-01  7.48760626E-02  8.48130730E-04
2.10971497E-01  7.50329196E-02  8.35247280E-04
2.11270112E-01  7.54961073E-02  8.50852870E-04
2.11568727E-01  7.12834001E-02  8.18269094E-04
2.11867342E-01  7.27063715E-02  8.34218867E-04
2.12165957E-01  7.08526298E-02  8.16287531E-04
2.12464572E-01  7.20298588E-02  8.22299393E-04
2.12763187E-01  7.15644211E-02  8.23613897E-04
2.13061802E-01  6.93529546E-02  8.10052152E-04
2.13360417E-01  7.04811141E-02  8.19603272E-04
2.13659032E-01  6.96685240E-02  8.06292519E-04
2.13957647E-01  6.72354922E-02  7.93038984E-04
2.14256262E-01  6.88935742E-02  8.06393567E-04
2.14554877E-01  6.83406964E-02  7.98337744E-04
2.14853492E-01  6.78349137E-02  7.96570792E-04
2.15152107E-01  6.53866380E-02  7.81129347E-04
2.15450722E-01  6.68937862E-02  7.97996181E-04
2.15749337E-01  6.60058632E-02  7.87179917E-04
2.16047952E-01  6.41265735E-02  7.73339358E-04
2.16346567E-01  6.52026683E-02  7.80268980E-04
2.16645182E-01  6.38328344E-02  7.67678604E-04
2.16943797E-01  6.38017207E-02  7.71613151E-04
2.17242412E-01  6.40190914E-02  7.78063666E-04
2.17541027E-01  6.21002503E-02  7.54297362E-04
2.17839642E-01  6.28575310E-02  7.71911989E-04
2.18138257E-01  6.25948384E-02  7.55967456E-04
2.18436872E-01  6.13312609E-02  7.56082067E-04
2.18735487E-01  6.18683174E-02  7.55559944E-04
2.19034102E-01  5.92997074E-02  7.40148476E-04
2.19332717E-01  5.92494905E-02  7.44702411E-04
2.19631332E-01  6.04270585E-02  7.48929509E-04
2.19929947E-01  5.95306493E-02  7.40497373E-04
2.20228562E-01  5.92474751E-02  7.36348680E-04
2.20527177E-01  5.99723645E-02  7.44782854E-04
2.20825792E-01  5.84092177E-02  7.35886977E-04
2.21124407E-01  5.79907037E-02  7.31078559E-04
2.21423022E-01  5.77402152E-02  7.28210085E-04
2.21721637E-01  5.64608313E-02  7.18619733E-04
2.22020252E-01  5.63365668E-02  7.17619609E-04
2.22318867E-01  5.57017960E-02  7.18209893E-04
2.22617482E-01  5.45551032E-02  7.02490972E-04
2.22916097E-01  5.47581688E-02  7.13374466E-04
2.23214712E-01  5.48328236E-02  7.06535822E-04
2.23513327E-01  5.34195490E-02  7.02099118E-04
2.23811942E-01  5.35379797E-02  6.98962598E-04
2.24110557E-01  5.46059273E-02  7.03028811E-04
2.24409172E-01  5.49460314E-02  7.10594817E-04
2.24707787E-01  5.21589108E-02  6.85708132E-04
2.25006402E-01  5.26731424E-02  6.97183772E-04
2.25305017E-01  5.34007773E-02  6.89458509E-04
2.25603632E-01  5.20214029E-02  6.90009445E-04
2.25902247E-01  5.04376106E-02  6.80224330E-04
2.26200862E-01  5.12324534E-02  6.81767473E-04
2.26499477E-01  5.24363741E-02  6.87339285E-04
2.26798092E-01  5.13693430E-02  6.84073835E-04
2.27096707E-01  4.98939045E-02  6.73197792E-04
2.27395322E-01  4.94782627E-02  6.72940107E-04
2.27693937E-01  4.88237366E-02  6.60202291E-04
2.27992552E-01  4.88737747E-02  6.62820938E-04
2.28291167E-01  4.93564568E-02  6.65703905E-04
2.28589782E-01  4.77282330E-02  6.59970450E-04
2.28888397E-01  4.80029956E-02  6.59558573E-04
2.29187012E-01  4.73507568E-02  6.49616471E-04
2.29485627E-01  4.81002033E-02  6.57182653E-04
2.29784242E-01  4.70973365E-02  6.53311028E-04
2.30082857E-01  4.68791947E-02  6.47487876E-04
2.30381472E-01  4.77965884E-02  6.52486575E-04
2.30680087E-01  4.71482500E-02  6.49718393E-04
2.30978702E-01  4.57517169E-02  6.40025013E-04
2.31277317E-01  4.66917194E-02  6.47310982E-04
2.31575932E-01  4.45753261E-02  6.32290030E-04
2.31874547E-01  4.57932428E-02  6.35955948E-04
2.32173162E-01  4.49987240E-02  6.33470714E-04
2.32471777E-01  4.39350829E-02  6.27196161E-04
2.32770392E-01  4.39727604E-02  6.25317451E-04
2.33069007E-01  4.47311737E-02  6.30329188E-04
2.33367622E-01  4.48260456E-02  6.28677080E-04
2.33666237E-01  4.40025888E-02  6.28223876E-04
2.33964852E-01  4.30389419E-02  6.16542995E-04
2.34263467E-01  4.32422571E-02  6.17998827E-04
2.34562082E-01  4.30643298E-02  6.18304010E-04
2.34860697E-01  4.24756706E-02  6.13019627E-04
2.35159312E-01  4.19073291E-02  6.09597424E-04
2.35457927E-01  4.26705591E-02  6.11831085E-04
2.35756542E-01  4.16151062E-02  6.01854641E-04
2.36055157E-01  4.19162102E-02  6.09146897E-04
2.36353772E-01  4.16065715E-02  6.06378366E-04
2.36652387E-01  4.06924151E-02  6.02933287E-04
2.36951002E-01  4.04731520E-02  5.90424461E-04
2.37249617E-01  4.01020162E-02  5.97010076E-04
2.37548232E-01  4.01364304E-02  5.94564830E-04
2.37846847E-01  3.91579978E-02  5.85295842E-04
2.38145462E-01  4.04024944E-02  5.94025885E-04
2.38444077E-01  3.95828374E-02  5.84061665E-04
2.38742692E-01  3.94728445E-02  5.92990196E-04
2.39041307E-01  3.92198972E-02  5.85763191E-04
2.39339922E-01  3.89970616E-02  5.82955428E-04
2.39638537E-01  3.86174731E-02  5.80599008E-04
2.39937152E-01  3.87327187E-02  5.79846732E-04
2.40235767E-01  3.85835916E-02  5.82796521E-04
2.40534382E-01  3.74639407E-02  5.70590375E-04
2.40832997E-01  3.87601182E-02  5.79090032E-04
2.41131612E-01  3.79749388E-02  5.76238381E-04
2.41430227E-01  3.77945863E-02  5.70098811E-04
2.41728842E-01  3.71031612E-02  5.70547883E-04
2.42027457E-01  3.65471281E-02  5.58769738E-04
2.42326072E-01  3.71049978E-02  5.65189053E-04
2.42624687E-01  3.66210900E-02  5.66832896E-04
2.42923302E-01  3.60639282E-02  5.59214677E-04
2.43221917E-01  3.62465605E-02  5.55409119E-04
2.43520532E-01  3.62281278E-02  5.57553838E-04
2.43819147E-01  3.52051631E-02  5.50080673E-04
2.44117762E-01  3.65270898E-02  5.62955451E-04
2.44416377E-01  3.62313055E-02  5.62080415E-04
2.44714992E-01  3.42067517E-02  5.38973080E-04
2.45013607E-01  3.43827344E-02  5.46032912E-04
2.45312222E-01  3.53298597E-02  5.50151861E-04
2.45610837E-01  3.43896672E-02  5.44429349E-04
2.45909452E-01  3.52892056E-02  5.45956020E-04
2.46208067E-01  3.36737148E-02  5.37696527E-04
2.46506682E-01  3.39110009E-02  5.38405555E-04
2.46805297E-01  3.38416845E-02  5.42178750E-04
2.47103912E-01  3.38441133E-02  5.35390165E-04
2.47402527E-01  3.44032496E-02  5.39795787E-04
2.47701142E-01  3.42790075E-02  5.42066467E-04
2.47999757E-01  3.35124768E-02  5.35531668E-04
2.48298372E-01  3.36605422E-02  5.39831177E-04
2.48596987E-01  3.41611616E-02  5.33572747E-04
2.48895602E-01  3.28758582E-02  5.27111290E-04
2.49194217E-01  3.36079970E-02  5.33527520E-04
2.49492832E-01  3.18658240E-02  5.20505535E-04
2.49791447E-01  3.22279967E-02  5.24743984E-04
2.50090062E-01  3.28045376E-02  5.25832584E-04
2.50388677E-01  3.21860872E-02  5.24548581E-04
2.50687292E-01  3.25444005E-02  5.25593758E-04
2.50985907E-01  3.20428275E-02  5.18576533E-04
2.51284522E-01  3.21212485E-02  5.22452116E-04
2.51583137E-01  3.25773209E-02  5.22324699E-04
2.51881752E-01  3.30115706E-02  5.28066885E-04
2.52180367E-01  3.21585499E-02  5.21200709E-04
2.52478982E-01  3.11958846E-02  5.11545455E-04
2.52777597E-01  3.13053876E-02  5.13410079E-04
2.53076212E-01  3.20385098E-02  5.19528170E-04
2.53374827E-01  3.22723538E-02  5.22976450E-04
2.53673442E-01  3.14611383E-02  5.09763719E-04
2.53972057E-01  3.13476436E-02  5.12931787E-04
2.54270672E-01  3.15574296E-02  5.14508109E-04
2.54569287E-01  3.18315700E-02  5.19115652E-04
2.54867902E-01  3.13646197E-02  5.12660830E-04
2.55166517E-01  3.23143452E-02  5.17046079E-04
2.55465132E-01  3.08125094E-02  5.07722259E-04
2.55763747E-01  3.09460629E-02  5.09232108E-04
2.56062362E-01  3.07453461E-02  5.07442921E-04
2.56360977E-01  3.08261830E-02  5.04737196E-04
2.56659592E-01  3.04420311E-02  5.00261143E-04
2.56958207E-01  3.07217166E-02  5.06707991E-04
2.57256822E-01  2.99986936E-02  4.99908812E-04
2.57555437E-01  3.07778642E-02  5.03946096E-04
2.57854052E-01  2.99965292E-02  4.98696987E-04
2.58152667E-01  2.97460277E-02  4.98334644E-04
2.58451282E-01  3.01546734E-02  5.01881295E-04
2.58749897E-01  2.98464820E-02  4.94700624E-04
2.59048512E-01  3.06065883E-02  5.02017268E-04
2.59347127E-01  2.99411081E-02  4.96269029E-04
2.59645742E-01  2.99116541E-02  4.98527545E-04
2.59944357E-01  3.01909894E-02  5.01652656E-04
2.60242972E-01  3.05176601E-02  4.98019392E-04
2.60541587E-01  3.00824977E-02  4.99023998E-04
2.60840202E-01  3.02533526E-02  4.99118818E-04
2.61138817E-01  2.96183471E-02  4.95292887E-04
2.61437432E-01  2.96048112E-02  4.93482105E-04
2.61736047E-01  2.97579337E-02  4.92556836E-04
2.62034662E-01  2.97441464E-02  4.94774664E-04
2.62333277E-01  2.95814127E-02  4.93160565E-04
2.62631892E-01  3.00392658E-02  4.94109641E-04
2.62930507E-01  2.87608150E-02  4.83733864E-04
2.63229122E-01  2.98788100E-02  4.93948988E-04
2.63527737E-01  2.89686956E-02  4.89450584E-04
2.63826352E-01  2.87556555E-02  4.83441981E-04
2.64124967E-01  2.92678345E-02  4.87729500E-04
2.64423582E-01  2.99975481E-02  4.94159351E-04
2.64722197E-01  2.96356715E-02  4.89261351E-04
2.65020812E-01  2.90353894E-02  4.89113561E-04
2.65319427E-01  2.92213373E-02  4.84205957E-04
2.65618042E-01  2.98101511E-02  4.94166336E-04
2.65916657E-01  2.96019018E-02  4.90512000E-04
2.66215272E-01  2.92171333E-02  4.86681907E-04
2.66513887E-01  2.93359272E-02  4.88051708E-04
2.66812502E-01  2.93192882E-02  4.84897930E-04
2.67111117E-01  2.91310325E-02  4.86599747E-04
2.67409732E-01  2.91824602E-02  4.85767494E-04
2.67708347E-01  2.96872314E-02  4.90714796E-04
2.68006962E-01  2.94334050E-02  4.87853948E-04
2.68305577E-01  2.91885231E-02  4.84194286E-04
2.68604192E-01  2.93638054E-02  4.86901030E-04
2.68902807E-01  2.97311340E-02  4.89306112E-04
2.69201422E-01  2.95695197E-02  4.85726225E-04
2.69500037E-01  3.03363092E-02  4.94008535E-04
2.69798652E-01  2.92685330E-02  4.84987977E-04
2.70097267E-01  2.87057944E-02  4.83424228E-04
2.70395882E-01  2.92640384E-02  4.80643386E-04
2.70694497E-01  2.94074491E-02  4.85891040E-04
2.70993112E-01  2.84824762E-02  4.79052425E-04
2.71291727E-01  2.94039734E-02  4.86365025E-04
2.71590342E-01  2.89094634E-02  4.83506155E-04
2.71888957E-01  2.87080575E-02  4.75700741E-04
2.72187572E-01  2.88779438E-02  4.79901413E-04
2.72486187E-01  2.88333092E-02  4.80022107E-04
2.72784802E-01  2.96260305E-02  4.87576326E-04
2.73083417E-01  2.92496327E-02  4.79566632E-04
2.73382032E-01  2.93379277E-02  4.83096606E-04
2.73680647E-01  2.96497215E-02  4.87900164E-04
2.73979262E-01  2.98003331E-02  4.86767211E-04
2.74277877E-01  3.00249867E-02  4.86621604E-04
2.74576492E-01  2.94756200E-02  4.82882577E-04
2.74875107E-01  2.89635900E-02  4.80132789E-04
2.75173722E-01  2.94677280E-02  4.85036726E-04
2.75472337E-01  2.96862740E-02  4.81448282E-04
2.75770952E-01  2.86376812E-02  4.77427326E-04
2.76069567E-01  3.00619397E-02  4.84366261E-04
2.76368182E-01  2.91564260E-02  4.83462325E-04
2.76666797E-01  2.99016163E-02  4.88226244E-04
2.76965412E-01  2.89887432E-02  4.75289184E-04
2.77264027E-01  2.96422411E-02  4.84378805E-04
2.77562642E-01  2.92812567E-02  4.77207446E-04
2.77861257E-01  2.93342676E-02  4.83824086E-04
2.78159872E-01  2.93854102E-02  4.77701047E-04
2.78458487E-01  3.03809755E-02  4.87548707E-04
2.78757102E-01  2.92093847E-02  4.81567899E-04
2.79055717E-01  2.93672774E-02  4.79949755E-04
2.79354332E-01  2.94232406E-02  4.80287417E-04
2.79652947E-01  3.06696557E-02  4.90479113E-04
2.79951562E-01  2.99459919E-02  4.80691990E-04
2.80250177E-01  2.99365781E-02  4.86789708E-04
2.80548792E-01  2.89524514E-02  4.75718291E-04
2.80847407E-01  3.02342121E-02  4.84321179E-04
2.81146022E-01  2.98659131E-02  4.83408978E-04
2.81444637E-01  2.94030607E-02  4.80855757E-04
2.81743252E-01  2.92472187E-02  4.77541413E-04
2.82041867E-01  2.93351579E-02  4.74135479E-04
2.82340482E-01  3.00596040E-02  4.83889104E-04
2.82639097E-01  3.06277815E-02  4.88685851E-04
2.82937712E-01  2.99074240E-02  4.82064410E-04
2.83236327E-01  3.05531826E-02  4.86999954E-04
2.83534942E-01  3.07214689E-02  4.85931319E-04
2.83833557E-01  3.02570518E-02  4.84998280E-04
2.84132172E-01  3.01753841E-02  4.83502896E-04
2.84430787E-01  2.99999584E-02  4.84627351E-04
2.84729402E-01  2.97935940E-02  4.77018155E-04
2.85028017E-01  3.06032021E-02  4.86439647E-04
2.85326632E-01  3.06107532E-02  4.89662343E-04
2.85625247E-01  2.99631562E-02  4.76748130E-04
2.85923862E-01  3.00190430E-02  4.81183146E-04
2.86222477E-01  3.04988623E-02  4.84536402E-04
2.86521092E-01  3.08837350E-02  4.87705489E-04
2.86819707E-01  3.01916916E-02  4.85575234E-04
2.87118322E-01  3.10487766E-02  4.85196360E-04
2.87416937E-01  3.01364940E-02  4.80236165E-04
2.87715552E-01  3.11394539E-02  4.87447309E-04
2.88014167E-01  3.08674686E-02  4.88668738E-04
2.88312782E-01  3.19559500E-02  4.96351684E-04
2.88611397E-01  3.09454110E-02  4.82756557E-04
2.88910012E-01  3.12315598E-02  4.91181272E-04
2.89208627E-01  3.20880935E-02  4.95306915E-04
2.89507242E-01  3.07662766E-02  4.84643533E-04
2.89805857E-01  3.10275592E-02  4.84924007E-04
2.90104472E-01  3.08998674E-02  4.83223528E-04
2.90403087E-01  3.13172974E-02  4.91739716E-04
2.90701702E-01  3.08981985E-02  4.84621734E-04
2.91000317E-01  3.04298531E-02  4.80119052E-04
2.91298932E-01  3.13470885E-02  4.88369551E-04
2.91597547E-01  3.12483590E-02  4.88315185E-04
2.91896162E-01  3.12256496E-02  4.87781712E-04
2.92194777E-01  3.03110778E-02  4.78721951E-04
2.92493392E-01  3.14533226E-02  4.88132675E-04
2.92792007E-01  3.14691886E-02  4.88850055E-04
2.93090622E-01  3.18257026E-02  4.91373823E-04
2.93389237E-01  3.12947519E-02  4.87022538E-04
2.93687852E-01  3.10849026E-02  4.82008880E-04
2.93986467E-01  3.17349173E-02  4.90557170E-04
2.94285082E-01  3.16400304E-02  4.87346784E-04
2.94583697E-01  3.23396400E-02  4.96417983E-04
2.94882312E-01  3.18742804E-02  4.89620841E-04
2.95180927E-01  3.19480076E-02  4.87032696E-04
2.95479542E-01  3.18855383E-02  4.91011830E-04
2.95778157E-01  3.16781811E-02  4.87529760E-04
2.96076772E-01  3.18367705E-02  4.89102327E-04
2.96375387E-01  3.11458800E-02  4.83186828E-04
2.96674002E-01  3.21721099E-02  4.90848441E-04
2.96972617E-01  3.19037326E-02  4.91992512E-04
2.97271232E-01  3.25500742E-02  4.97194007E-04
2.97569847E-01  3.25135067E-02  4.97157685E-04
2.97868462E-01  3.25823091E-02  4.99144255E-04
2.98167077E-01  3.17694284E-02  4.95310174E-04
2.98465692E-01  3.32148485E-02  5.09612437E-04
2.98764307E-01  3.26047726E-02  5.00546768E-04
2.99062922E-01  3.19450125E-02  4.98532667E-04
2.99361537E-01  3.24665830E-02  5.04222116E-04
2.99660152E-01  3.13630141E-02  4.96451627E-04
2.99958767E-01  3.16071585E-02  4.98632377E-04
3.00257382E-01  3.19257490E-02  5.02534094E-04
3.00555997E-01  3.18857208E-02  5.01966220E-04
3.00854612E-01  3.19233462E-02  5.01503178E-04
3.01153227E-01  3.22598256E-02  5.07478428E-04
3.01451842E-01  3.22191156E-02  5.04843076E-04
3.01750457E-01  3.16672362E-02  5.06303273E-04
3.02049072E-01  3.15736122E-02  5.01927803E-04
3.02347687E-01  3.21929976E-02  5.16960688E-04
3.02646302E-01  3.26941982E-02  5.27600350E-04
3.02944917E-01  3.25404182E-02  5.26216172E-04
3.03243532E-01  3.26256864E-02  5.36943786E-04
3.03542147E-01  3.27280909E-02  5.38702123E-04
3.03840762E-01  3.26291621E-02  5.37583721E-04
3.04139377E-01  3.21928859E-02  5.40923211E-04
3.04437992E-01  3.28012705E-02  5.41154295E-04
3.04736607E-01  3.26498933E-02  5.48757031E-04
3.05035222E-01  3.27452235E-02  5.45072835E-04
3.05333837E-01  3.22139040E-02  5.44281153E-04
3.05632452E-01  3.27903479E-02  5.53546764E-04
3.05931067E-01  3.32375355E-02  5.54498285E-04
3.06229682E-01  3.29502076E-02  5.58077416E-04
3.06528297E-01  3.29273492E-02  5.52562531E-04
3.06826912E-01  3.18479128E-02  5.50166005E-04
3.07125527E-01  3.25004458E-02  5.57132298E-04
3.07424142E-01  3.37551758E-02  5.67093608E-04
3.07722757E-01  3.28373201E-02  5.63819136E-04
3.08021372E-01  3.23067345E-02  5.54627157E-04
3.08319987E-01  3.29194292E-02  5.55646664E-04
3.08618602E-01  3.23997587E-02  5.45865274E-04
3.08917217E-01  3.35169397E-02  5.46891941E-04
3.09215832E-01  3.34022865E-02  5.50695229E-04
3.09514447E-01  3.44179906E-02  5.50283003E-04
3.09813062E-01  3.31952050E-02  5.41642250E-04
3.10111677E-01  3.38874012E-02  5.44802228E-04
3.10410292E-01  3.41986269E-02  5.40525129E-04
3.10708907E-01  3.31066027E-02  5.36989362E-04
3.11007522E-01  3.37838568E-02  5.34905703E-04
3.11306137E-01  3.40311974E-02  5.43682021E-04
3.11604752E-01  3.44585218E-02  5.40663023E-04
3.11903367E-01  3.42824645E-02  5.38697001E-04
3.12201982E-01  3.40272039E-02  5.36543899E-04
3.12500597E-01  3.37280147E-02  5.29331504E-04
3.12799212E-01  3.41666788E-02  5.37209271E-04
3.13097827E-01  3.42597514E-02  5.34201215E-04
3.13396442E-01  3.40442620E-02  5.31811733E-04
3.13695057E-01  3.41568552E-02  5.35402854E-04
3.13993672E-01  3.44279520E-02  5.32122445E-04
3.14292287E-01  3.45028155E-02  5.34109597E-04
3.14590902E-01  3.40320878E-02  5.28918114E-04
3.14889517E-01  3.51009257E-02  5.37161191E-04
3.15188132E-01  3.46055813E-02  5.36472304E-04
3.15486747E-01  3.47682126E-02  5.30580583E-04
3.15785362E-01  3.44552621E-02  5.31782862E-04
3.16083977E-01  3.54988351E-02  5.35713218E-04
3.16382592E-01  3.47201452E-02  5.32708073E-04
3.16681207E-01  3.58725898E-02  5.39087108E-04
3.16979822E-01  3.51235345E-02  5.32602891E-04
3.17278437E-01  3.45969982E-02  5.30381803E-04
3.17577052E-01  3.56026776E-02  5.36364969E-04
3.17875667E-01  3.51271778E-02  5.40226349E-04
3.18174282E-01  3.59432325E-02  5.51473815E-04
3.18472897E-01  3.56177911E-02  5.56867977E-04
3.18771512E-01  3.58779654E-02  5.56732819E-04
3.19070127E-01  3.51786390E-02  5.55598410E-04
3.19368742E-01  3.58007364E-02  5.60963701E-04
3.19667357E-01  3.55797000E-02  5.59703272E-04
3.19965972E-01  3.48123051E-02  5.54887869E-04
3.20264587E-01  3.57018337E-02  5.64495567E-04
3.20563202E-01  3.52489240E-02  5.60425280E-04
3.20861817E-01  3.63207459E-02  5.70022152E-04
3.21160432E-01  3.65737490E-02  5.70213306E-04
3.21459047E-01  3.62407714E-02  5.73016878E-04
3.21757662E-01  3.55162099E-02  5.63678390E-04
3.22056277E-01  3.64766270E-02  5.70923847E-04
3.22354892E-01  3.62496935E-02  5.74091624E-04
3.22653507E-01  3.64711173E-02  5.74010308E-04
3.22952122E-01  3.69954184E-02  5.83201938E-04
3.23250737E-01  3.65422741E-02  5.68686810E-04
3.23549352E-01  3.61845084E-02  5.72915596E-04
3.23847967E-01  3.58646363E-02  5.73046214E-04
3.24146582E-01  3.67665105E-02  5.78516163E-04
3.24445197E-01  3.60258333E-02  5.72994759E-04
3.24743812E-01  3.59276868E-02  5.71216980E-04
3.25042427E-01  3.61111090E-02  5.78760169E-04
3.25341042E-01  3.63279507E-02  5.73893427E-04
3.25639657E-01  3.72005180E-02  5.83973306E-04
3.25938272E-01  3.65871415E-02  5.80675143E-04
3.26236887E-01  3.66943851E-02  5.76952880E-04
3.26535502E-01  3.67107689E-02  5.85818430E-04
3.26834117E-01  3.58494781E-02  5.72438759E-04
3.27132732E-01  3.80469225E-02  5.92677214E-04
3.27431347E-01  3.73449735E-02  5.88055176E-04
3.27729962E-01  3.61506194E-02  5.75854210E-04
3.28028577E-01  3.71160619E-02  5.92965807E-04
3.28327192E-01  3.69777754E-02  5.77848288E-04
3.28625807E-01  3.67678218E-02  5.85760106E-04
3.28924422E-01  3.66682597E-02  5.84619236E-04
3.29223037E-01  3.72892618E-02  5.87105111E-04
3.29521652E-01  3.71288881E-02  5.87059301E-04
3.29820267E-01  3.66083346E-02  5.80865191E-04
3.30118882E-01  3.63037698E-02  5.84860449E-04
3.30417497E-01  3.67811806E-02  5.85527276E-04
3.30716112E-01  3.66150364E-02  5.80752268E-04
3.31014727E-01  3.59039605E-02  5.76106424E-04
3.31313342E-01  3.57154272E-02  5.72565594E-04
3.31611957E-01  3.68432775E-02  5.87783288E-04
3.31910572E-01  3.64777334E-02  5.80696622E-04
3.32209187E-01  3.81547511E-02  5.91280113E-04
3.32507802E-01  3.55753861E-02  5.77412953E-04
3.32806417E-01  3.60007621E-02  5.73176250E-04
3.33105032E-01  3.66366059E-02  5.83521556E-04
3.33403647E-01  3.71912941E-02  5.84116438E-04
3.33702262E-01  3.72444019E-02  5.84878377E-04
3.34000877E-01  3.73752154E-02  5.85562433E-04
3.34299492E-01  3.62516828E-02  5.78566163E-04
3.34598107E-01  3.69267613E-02  5.84448106E-04
3.34896722E-01  3.71905528E-02  5.80889697E-04
3.35195337E-01  3.73880342E-02  5.83618355E-04
3.35493952E-01  3.74327973E-02  5.87402494E-04
3.35792567E-01  3.60991322E-02  5.74815262E-04
3.36091182E-01  3.71967591E-02  5.84346417E-04
3.36389797E-01  3.64627726E-02  5.75019629E-04
3.36688412E-01  3.66954878E-02  5.80569613E-04
3.36987027E-01  3.66295464E-02  5.76503808E-04
3.37285642E-01  3.67285796E-02  5.79643995E-04
3.37584257E-01  3.69466655E-02  5.82216424E-04
3.37882872E-01  3.59942019E-02  5.71985438E-04
3.38181487E-01  3.63418087E-02  5.76926803E-04
3.38480102E-01  3.69297378E-02  5.72915655E-04
3.38778717E-01  3.55877280E-02  5.70079021E-04
3.39077332E-01  3.82522121E-02  5.88634866E-04
3.39375947E-01  3.71167883E-02  5.79666812E-04
3.39674562E-01  3.66422832E-02  5.79655287E-04
3.39973177E-01  3.75641137E-02  5.80803491E-04
3.40271792E-01  3.67417559E-02  5.78413135E-04
3.40570407E-01  3.62329185E-02  5.73394645E-04
3.40869022E-01  3.60416286E-02  5.68590302E-04
3.41167637E-01  3.68484855E-02  5.76744031E-04
3.41466252E-01  3.67372818E-02  5.72415185E-04
3.41764867E-01  3.72372307E-02  5.83329005E-04
3.42063482E-01  3.70098129E-02  5.77011844E-04
3.42362097E-01  3.72594297E-02  5.75817365E-04
3.42660712E-01  3.67090851E-02  5.76827617E-04
3.42959327E-01  3.63140106E-02  5.67822484E-04
3.43257942E-01  3.66279557E-02  5.76193328E-04
3.43556557E-01  3.70219015E-02  5.74968522E-04
3.43855172E-01  3.64089161E-02  5.70353295E-04
3.44153787E-01  3.72154079E-02  5.76308172E-04
3.44452402E-01  3.73534709E-02  5.76719933E-04
3.44751017E-01  3.71634774E-02  5.76403108E-04
3.45049632E-01  3.59639339E-02  5.61593799E-04
3.45348247E-01  3.69314887E-02  5.74604783E-04
3.45646862E-01  3.64403874E-02  5.68341347E-04
3.45945477E-01  3.73072736E-02  5.75389829E-04
3.46244092E-01  3.63782495E-02  5.61529188E-04
3.46542707E-01  3.54753546E-02  5.54980244E-04
3.46841322E-01  3.59599739E-02  5.62837289E-04
3.47139937E-01  3.49399373E-02  5.52932965E-04
3.47438552E-01  3.47735211E-02  5.47495729E-04
3.47737167E-01  3.65125537E-02  5.65559603E-04
3.48035782E-01  3.57492529E-02  5.54668775E-04
3.48334397E-01  3.61866243E-02  5.62403351E-04
3.48633012E-01  3.65096107E-02  5.57025487E-04
3.48931627E-01  3.63577269E-02  5.60145651E-04
3.49230242E-01  3.67593020E-02  5.64793008E-04
3.49528857E-01  3.61742415E-02  5.58579748E-04
3.49827472E-01  3.59224603E-02  5.57557505E-04
3.50126087E-01  3.54863070E-02  5.48874028E-04
3.50424702E-01  3.56992073E-02  5.55364939E-04
3.50723317E-01  3.54145803E-02  5.50870318E-04
3.51021932E-01  3.50302383E-02  5.49836492E-04
3.51320547E-01  3.60249318E-02  5.54689381E-04
3.51619162E-01  3.61320525E-02  5.54305618E-04
3.51917777E-01  3.60119045E-02  5.55808132E-04
3.52216392E-01  3.53274606E-02  5.49448770E-04
3.52515007E-01  3.47908475E-02  5.42746391E-04
3.52813622E-01  3.53498906E-02  5.47091360E-04
3.53112237E-01  3.53364088E-02  5.53009682E-04
3.53410852E-01  3.49091478E-02  5.48747659E-04
3.53709467E-01  3.52124609E-02  5.40643581E-04
3.54008082E-01  3.54082882E-02  5.47995092E-04
3.54306697E-01  3.50733809E-02  5.45695075E-04
3.54605312E-01  3.52246799E-02  5.49715012E-04
3.54903927E-01  3.50330807E-02  5.49881137E-04
3.55202542E-01  3.43388729E-02  5.32914244E-04
3.55501157E-01  3.46047468E-02  5.43224858E-04
3.55799772E-01  3.49546373E-02  5.43453032E-04
3.56098387E-01  3.50916833E-02  5.45847695E-04
3.56397002E-01  3.44160311E-02  5.40129375E-04
3.56695617E-01  3.55090350E-02  5.42644702E-04
3.56994232E-01  3.47450376E-02  5.46573254E-04
3.57292847E-01  3.37689519E-02  5.30169928E-04
3.57591462E-01  3.42971906E-02  5.37602580E-04
3.57890077E-01  3.49996686E-02  5.42060763E-04
3.58188692E-01  3.39624695E-02  5.31833444E-04
3.58487307E-01  3.47119644E-02  5.44975162E-04
3.58785922E-01  3.50385569E-02  5.37910091E-04
3.59084537E-01  3.54842357E-02  5.46688214E-04
3.59383152E-01  3.40151638E-02  5.33247367E-04
3.59681767E-01  3.58199812E-02  5.47652366E-04
3.59980382E-01  3.52412872E-02  5.48373850E-04
3.60278997E-01  3.52906100E-02  5.37302811E-04
3.60577612E-01  3.49229947E-02  5.42502326E-04
3.60876227E-01  3.48476805E-02  5.40030829E-04
3.61174842E-01  3.43333408E-02  5.32764243E-04
3.61473457E-01  3.38871330E-02  5.29292680E-04
3.61772072E-01  3.35200652E-02  5.27956872E-04
3.62070687E-01  3.45581956E-02  5.39379544E-04
3.62369302E-01  3.42459716E-02  5.33079787E-04
3.62667917E-01  3.40455733E-02  5.31378610E-04
3.62966532E-01  3.38305384E-02  5.28022356E-04
3.63265147E-01  3.40738483E-02  5.31884725E-04
3.63563762E-01  3.36934254E-02  5.29049372E-04
3.63862377E-01  3.51188779E-02  5.38129534E-04
3.64160992E-01  3.44562046E-02  5.33451908E-04
3.64459607E-01  3.45837958E-02  5.34722814E-04
3.64758222E-01  3.41375582E-02  5.31263591E-04
3.65056837E-01  3.35662663E-02  5.27638418E-04
3.65355452E-01  3.38845737E-02  5.25421172E-04
3.65654067E-01  3.38542759E-02  5.29619923E-04
3.65952682E-01  3.40129025E-02  5.26967808E-04
3.66251297E-01  3.28771584E-02  5.23312017E-04
3.66549912E-01  3.32642719E-02  5.21411770E-04
3.66848527E-01  3.37455273E-02  5.22449205E-04
3.67147142E-01  3.41007859E-02  5.32824779E-04
3.67445757E-01  3.42543013E-02  5.28429518E-04
3.67744372E-01  3.34669910E-02  5.23689436E-04
3.68042987E-01  3.38742994E-02  5.25767740E-04
3.68341602E-01  3.35177816E-02  5.23268362E-04
3.68640217E-01  3.45040187E-02  5.33425598E-04
3.68938832E-01  3.35309245E-02  5.19188936E-04
3.69237447E-01  3.33049819E-02  5.21473645E-04
3.69536062E-01  3.49870436E-02  5.32126229E-04
3.69834677E-01  3.35001424E-02  5.23823546E-04
3.70133292E-01  3.33484039E-02  5.24149043E-04
3.70431907E-01  3.31432745E-02  5.15790074E-04
3.70730522E-01  3.31307575E-02  5.19574329E-04
3.71029137E-01  3.34565230E-02  5.19158319E-04
3.71327752E-01  3.42723429E-02  5.27766708E-04
3.71626367E-01  3.30417156E-02  5.17668901E-04
3.71924982E-01  3.28529626E-02  5.15788968E-04
3.72223597E-01  3.28278095E-02  5.18147252E-04
3.72522212E-01  3.42499688E-02  5.23403753E-04
3.72820827E-01  3.20334062E-02  5.08530822E-04
3.73119442E-01  3.40694450E-02  5.24580013E-04
3.73418057E-01  3.33387889E-02  5.16399683E-04
3.73716672E-01  3.35697308E-02  5.24527044E-04
3.74015287E-01  3.33257094E-02  5.14594547E-04
3.74313902E-01  3.27841043E-02  5.12878119E-04
3.74612517E-01  3.33323665E-02  5.18481713E-04
3.74911132E-01  3.34790573E-02  5.18821354E-04
3.75209747E-01  3.36312130E-02  5.20804257E-04
3.75508362E-01  3.28205787E-02  5.11077698E-04
3.75806977E-01  3.31924558E-02  5.15806489E-04
3.76105592E-01  3.36323380E-02  5.19081834E-04
3.76404207E-01  3.36028822E-02  5.19122113E-04
3.76702822E-01  3.19532901E-02  5.04030206E-04
3.77001437E-01  3.42238918E-02  5.22030925E-04
3.77300052E-01  3.31578813E-02  5.17271692E-04
3.77598667E-01  3.34466845E-02  5.18319721E-04
3.77897282E-01  3.35577950E-02  5.15359745E-04
3.78195897E-01  3.35985161E-02  5.14893327E-04
3.78494512E-01  3.35470960E-02  5.17642882E-04
3.78793127E-01  3.22817750E-02  5.06883778E-04
3.79091742E-01  3.31975035E-02  5.12981904E-04
3.79390357E-01  3.23479511E-02  5.05992910E-04
3.79688972E-01  3.43537293E-02  5.21710084E-04
3.79987587E-01  3.39326188E-02  5.17587992E-04
3.80286202E-01  3.37161049E-02  5.17242297E-04
3.80584817E-01  3.29942331E-02  5.11676888E-04
3.80883432E-01  3.31382155E-02  5.10726124E-04
3.81182047E-01  3.35059874E-02  5.15111082E-04
3.81480662E-01  3.31983231E-02  5.12872182E-04
3.81779277E-01  3.30356844E-02  5.07521036E-04
3.82077892E-01  3.24856751E-02  5.07340999E-04
3.82376507E-01  3.30799483E-02  5.10799640E-04
3.82675122E-01  3.30627374E-02  5.11571765E-04
3.82973737E-01  3.33628654E-02  5.11823222E-04
3.83272352E-01  3.26079167E-02  5.02732350E-04
3.83570967E-01  3.31114829E-02  5.10921236E-04
3.83869582E-01  3.26149575E-02  5.05551929E-04
3.84168197E-01  3.27463597E-02  5.07588731E-04
3.84466812E-01  3.34687158E-02  5.11106802E-04
3.84765427E-01  3.29107568E-02  5.06199489E-04
3.85064042E-01  3.23826745E-02  5.06041048E-04
3.85362657E-01  3.29074152E-02  5.06807992E-04
3.85661272E-01  3.29778716E-02  5.03846095E-04
3.85959887E-01  3.22505645E-02  5.03362389E-04
3.86258502E-01  3.17258462E-02  4.95534914E-04
3.86557117E-01  3.30481008E-02  5.12389059E-04
3.86855732E-01  3.30377854E-02  5.05056290E-04
3.87154347E-01  3.26737724E-02  5.02020295E-04
3.87452962E-01  3.30914333E-02  5.09763020E-04
3.87751577E-01  3.33045647E-02  5.05602162E-04
3.88050192E-01  3.28563005E-02  5.07952180E-04
3.88348807E-01  3.24468352E-02  4.97711764E-04
3.88647422E-01  3.27141024E-02  5.03830786E-04
3.88946037E-01  3.28633226E-02  5.03981835E-04
3.89244652E-01  3.26757543E-02  5.03538817E-04
3.89543267E-01  3.26688960E-02  5.03612566E-04
3.89841882E-01  3.20593156E-02  4.94980719E-04
3.90140497E-01  3.29553932E-02  5.06826153E-04
3.90439112E-01  3.34670842E-02  5.09480364E-04
3.90737727E-01  3.31402905E-02  5.01550210E-04
3.91036342E-01  3.23932283E-02  5.02114999E-04
3.91334957E-01  3.25066335E-02  4.97459900E-04
3.91633572E-01  3.27234156E-02  5.03794989E-04
3.91932187E-01  3.22934426E-02  4.95708839E-04
3.92230802E-01  3.24372426E-02  4.98268520E-04
3.92529417E-01  3.22121754E-02  4.99849324E-04
3.92828032E-01  3.19659486E-02  4.92834777E-04
3.93126647E-01  3.29854637E-02  5.03082119E-04
3.93425262E-01  3.24865244E-02  4.97560133E-04
3.93723877E-01  3.26830558E-02  5.01512259E-04
3.94022492E-01  3.31192613E-02  5.04477706E-04
3.94321107E-01  3.22786011E-02  4.95247659E-04
3.94619722E-01  3.27817649E-02  4.99336980E-04
3.94918337E-01  3.24076936E-02  4.96120076E-04
3.95216952E-01  3.24367397E-02  4.97673987E-04
3.95515567E-01  3.34108174E-02  5.05586562E-04
3.95814182E-01  3.25840041E-02  4.94720240E-04
3.96112797E-01  3.22299004E-02  4.95727290E-04
3.96411412E-01  3.32443044E-02  5.02491777E-04
3.96710027E-01  3.18330899E-02  4.92310093E-04
3.97008642E-01  3.25672179E-02  4.95551794E-04
3.97307257E-01  3.29340883E-02  4.99058631E-04
3.97605872E-01  3.25780734E-02  4.97679750E-04
3.97904487E-01  3.25004570E-02  4.98299836E-04
3.98203102E-01  3.23629342E-02  4.91874292E-04
3.98501717E-01  3.20076570E-02  4.90340928E-04
3.98800332E-01  3.26433592E-02  4.96021763E-04
3.99098947E-01  3.27141285E-02  4.97039757E-04
3.99397562E-01  3.30879986E-02  5.01448405E-04
3.99696177E-01  3.14380787E-02  4.86783596E-04
3.99994792E-01  3.18797156E-02  4.88782534E-04
4.00293407E-01  3.24490890E-02  4.94671403E-04
4.00592022E-01  3.06133218E-02  4.79094044E-04
4.00890637E-01  3.24724354E-02  4.93310683E-04
4.01189252E-01  3.20291333E-02  4.89465252E-04
4.01487867E-01  3.18092406E-02  4.89894999E-04
4.01786482E-01  3.20111550E-02  4.90740116E-04
4.02085097E-01  3.24949734E-02  4.90214501E-04
4.02383712E-01  3.11374851E-02  4.85989585E-04
4.02682327E-01  3.18660401E-02  4.85107157E-04
4.02980942E-01  3.21245305E-02  4.91497340E-04
4.03279557E-01  3.15513015E-02  4.85117664E-04
4.03578172E-01  3.18366885E-02  4.84660326E-04
4.03876787E-01  3.23568322E-02  4.92921507E-04
4.04175402E-01  3.15204635E-02  4.82934032E-04
4.04474017E-01  3.04977428E-02  4.77753521E-04
4.04772632E-01  3.22247073E-02  4.88533638E-04
4.05071247E-01  3.23087610E-02  4.89751576E-04
4.05369862E-01  3.11402995E-02  4.85206809E-04
4.05668477E-01  3.21959928E-02  4.84328251E-04
4.05967092E-01  3.15890647E-02  4.84041870E-04
4.06265707E-01  3.12926807E-02  4.80970746E-04
4.06564322E-01  3.19272280E-02  4.85252094E-04
4.06862937E-01  3.09165325E-02  4.82306030E-04
4.07161552E-01  3.12715918E-02  4.78559639E-04
4.07460167E-01  3.17389481E-02  4.85427590E-04
4.07758782E-01  3.13451737E-02  4.78231872E-04
4.08057397E-01  3.15077938E-02  4.81835916E-04
4.08356012E-01  3.18435766E-02  4.86232340E-04
4.08654627E-01  3.17033827E-02  4.80961928E-04
4.08953242E-01  3.08699328E-02  4.79541079E-04
4.09251857E-01  3.14929746E-02  4.80375107E-04
4.09550472E-01  3.15520428E-02  4.81052266E-04
4.09849087E-01  3.16405855E-02  4.81954339E-04
4.10147702E-01  3.07720676E-02  4.73192486E-04
4.10446317E-01  3.08869779E-02  4.79112641E-04
4.10744932E-01  3.01368479E-02  4.70257219E-04
4.11043547E-01  3.04457210E-02  4.68617567E-04
4.11342162E-01  3.11060082E-02  4.77650407E-04
4.11640777E-01  3.10170874E-02  4.77865076E-04
4.11939392E-01  3.10831293E-02  4.78825707E-04
4.12238007E-01  3.05320751E-02  4.69613093E-04
4.12536622E-01  3.08380071E-02  4.74374741E-04
4.12835237E-01  3.15443948E-02  4.78000235E-04
4.13133852E-01  3.09039410E-02  4.74995759E-04
4.13432467E-01  3.00377663E-02  4.67857550E-04
4.13731082E-01  2.98797656E-02  4.65114601E-04
4.14029697E-01  3.01666930E-02  4.69410355E-04
4.14328312E-01  3.01671438E-02  4.67890437E-04
4.14626927E-01  3.06060649E-02  4.72599524E-04
4.14925542E-01  3.10776550E-02  4.72067157E-04
4.15224157E-01  2.97512431E-02  4.65090328E-04
4.15522772E-01  3.06581333E-02  4.72896412E-04
4.15821387E-01  2.96531674E-02  4.61867166E-04
4.16120002E-01  2.93150898E-02  4.60074574E-04
4.16418617E-01  2.95317117E-02  4.62733995E-04
4.16717232E-01  3.01597919E-02  4.66766942E-04
4.17015847E-01  2.95045003E-02  4.63275472E-04
4.17314462E-01  3.02177742E-02  4.62757947E-04
4.17613077E-01  2.94444133E-02  4.61309479E-04
4.17911692E-01  3.03974114E-02  4.67210368E-04
4.18210307E-01  2.97796521E-02  4.65762132E-04
4.18508922E-01  2.99179237E-02  4.62138996E-04
4.18807537E-01  3.05602774E-02  4.67182050E-04
4.19106152E-01  2.99153011E-02  4.64992190E-04
4.19404767E-01  3.09929103E-02  4.72967542E-04
4.19703382E-01  2.96345949E-02  4.58803639E-04
4.20001997E-01  2.87448112E-02  4.53928311E-04
4.20300612E-01  2.97315922E-02  4.59974690E-04
4.20599227E-01  2.98072919E-02  4.64267767E-04
4.20897842E-01  2.82977596E-02  4.49567393E-04
4.21196457E-01  3.04525979E-02  4.65101359E-04
4.21495072E-01  2.89118625E-02  4.55149740E-04
4.21793687E-01  2.90769581E-02  4.54994472E-04
4.22092302E-01  2.97290012E-02  4.62599652E-04
4.22390917E-01  2.89427526E-02  4.49875253E-04
4.22689532E-01  2.84475498E-02  4.52004169E-04
4.22988147E-01  2.91862693E-02  4.54926136E-04
4.23286762E-01  2.91097369E-02  4.57133283E-04
4.23585377E-01  2.88567822E-02  4.52047505E-04
4.23883992E-01  2.89657526E-02  4.51983389E-04
4.24182607E-01  2.91120838E-02  4.53329500E-04
4.24481222E-01  2.88799945E-02  4.54085734E-04
4.24779837E-01  2.97152568E-02  4.58625582E-04
4.25078452E-01  2.93765571E-02  4.54264606E-04
4.25377067E-01  2.88862158E-02  4.53623157E-04
4.25675682E-01  2.92454027E-02  4.53049695E-04
4.25974297E-01  2.82298587E-02  4.48545266E-04
4.26272912E-01  2.85068266E-02  4.45800251E-04
4.26571527E-01  2.88432129E-02  4.53395303E-04
4.26870142E-01  2.80966908E-02  4.43970290E-04
4.27168757E-01  2.89593861E-02  4.51444561E-04
4.27467372E-01  2.88566425E-02  4.49134008E-04
4.27765987E-01  2.84162872E-02  4.48405044E-04
4.28064602E-01  2.86938697E-02  4.48670442E-04
4.28363217E-01  2.87433155E-02  4.50270047E-04
4.28661832E-01  2.90891770E-02  4.52260516E-04
4.28960447E-01  2.79258378E-02  4.42432007E-04
4.29259062E-01  2.88998969E-02  4.49480722E-04
4.29557677E-01  2.83468384E-02  4.45757905E-04
4.29856292E-01  2.85112374E-02  4.45162150E-04
4.30154907E-01  2.85128411E-02  4.46167192E-04
4.30453522E-01  2.90764421E-02  4.52171837E-04
4.30752137E-01  2.91927103E-02  4.51962376E-04
4.31050752E-01  2.88906991E-02  4.47823637E-04
4.31349367E-01  2.83458252E-02  4.44370526E-04
4.31647982E-01  2.89333500E-02  4.48754377E-04
4.31946597E-01  2.86755301E-02  4.49153042E-04
4.32245212E-01  2.85185222E-02  4.44248231E-04
4.32543827E-01  2.87415218E-02  4.48266219E-04
4.32842442E-01  2.83731036E-02  4.47890925E-04
4.33141057E-01  2.85826754E-02  4.44654521E-04
4.33439672E-01  2.87153590E-02  4.48567997E-04
4.33738287E-01  2.80709285E-02  4.41146549E-04
4.34036902E-01  2.81006098E-02  4.43644676E-04
4.34335517E-01  2.87789442E-02  4.48468229E-04
4.34634132E-01  2.91656870E-02  4.51977510E-04
4.34932747E-01  2.85709705E-02  4.45065234E-04
4.35231362E-01  2.86647063E-02  4.46092628E-04
4.35529977E-01  2.84103472E-02  4.46590973E-04
4.35828592E-01  2.82587577E-02  4.44702833E-04
4.36127207E-01  2.82874033E-02  4.42368852E-04
4.36425822E-01  2.86517050E-02  4.45998332E-04
4.36724437E-01  2.82994118E-02  4.43642930E-04
4.37023052E-01  2.82482021E-02  4.43439931E-04
4.37321667E-01  2.86277980E-02  4.43855184E-04
4.37620282E-01  2.82180496E-02  4.43897385E-04
4.37918897E-01  2.84324363E-02  4.44691279E-04
4.38217512E-01  2.84362547E-02  4.45514539E-04
4.38516127E-01  2.93753576E-02  4.50015417E-04
4.38814742E-01  2.78459974E-02  4.35945985E-04
4.39113357E-01  2.85262372E-02  4.45233571E-04
4.39411972E-01  2.80707106E-02  4.41470358E-04
4.39710587E-01  2.82758959E-02  4.41326265E-04
4.40009202E-01  2.86763813E-02  4.46112303E-04
4.40307817E-01  2.77751070E-02  4.35209688E-04
4.40606432E-01  2.86560096E-02  4.45957296E-04
4.40905047E-01  2.83127800E-02  4.42009652E-04
4.41203662E-01  2.81658508E-02  4.38170071E-04
4.41502277E-01  2.79534608E-02  4.38813062E-04
4.41800892E-01  2.85684057E-02  4.42934339E-04
4.42099507E-01  2.89569385E-02  4.46231279E-04
4.42398122E-01  2.77999323E-02  4.36080707E-04
4.42696737E-01  2.87361722E-02  4.43461555E-04
4.42995352E-01  2.85599958E-02  4.43070283E-04
4.43293967E-01  2.83714253E-02  4.42871242E-04
4.43592582E-01  2.83772517E-02  4.43016179E-04
4.43891197E-01  2.74773706E-02  4.31765220E-04
4.44189812E-01  2.78651156E-02  4.38616815E-04
4.44488427E-01  2.81996056E-02  4.39120486E-04
4.44787042E-01  2.86447797E-02  4.44225239E-04
4.45085657E-01  2.82410774E-02  4.39446711E-04
4.45384272E-01  2.85267290E-02  4.42341319E-04
4.45682887E-01  2.85008252E-02  4.45271027E-04
4.45981502E-01  2.87397802E-02  4.42832272E-04
4.46280117E-01  2.73648258E-02  4.33054956E-04
4.46578732E-01  2.84371860E-02  4.41750191E-04
4.46877347E-01  2.86394730E-02  4.44196397E-04
4.47175962E-01  2.89856866E-02  4.51361237E-04
4.47474577E-01  2.81257685E-02  4.37229202E-04
4.47773192E-01  2.88624708E-02  4.45145648E-04
4.48071807E-01  2.87528504E-02  4.44301288E-04
4.48370422E-01  2.86691673E-02  4.44924575E-04
4.48669037E-01  2.93153990E-02  4.48728446E-04
4.48967652E-01  2.85524633E-02  4.42368269E-04
4.49266267E-01  2.85983775E-02  4.44576144E-04
4.49564882E-01  2.86930185E-02  4.45509388E-04
4.49863497E-01  2.80773677E-02  4.38869611E-04
4.50162112E-01  2.78887190E-02  4.38933988E-04
4.50460727E-01  2.81431358E-02  4.41030483E-04
4.50759342E-01  2.92067751E-02  4.49388201E-04
4.51057957E-01  2.95436885E-02  4.51377593E-04
4.51356572E-01  2.81449016E-02  4.37685318E-04
4.51655187E-01  2.81063765E-02  4.41431155E-04
4.51953802E-01  2.88327076E-02  4.45428945E-04
4.52252417E-01  2.86698602E-02  4.48624225E-04
4.52551032E-01  2.83632744E-02  4.40921343E-04
4.52849647E-01  2.86051035E-02  4.43770085E-04
4.53148262E-01  2.91974060E-02  4.48342733E-04
4.53446877E-01  2.84741931E-02  4.42271703E-04
4.53745492E-01  2.84962524E-02  4.43417375E-04
4.54044107E-01  2.80833375E-02  4.41069307E-04
4.54342722E-01  2.93505378E-02  4.50216699E-04
4.54641337E-01  2.84678973E-02  4.44377161E-04
4.54939952E-01  2.83093266E-02  4.41579235E-04
4.55238567E-01  2.88638752E-02  4.45591519E-04
4.55537182E-01  2.93318834E-02  4.52277833E-04
4.55835797E-01  2.90376358E-02  4.48809093E-04
4.56134412E-01  2.86291912E-02  4.44464793E-04
4.56433027E-01  2.97990534E-02  4.53956483E-04
4.56731642E-01  2.90339626E-02  4.47205908E-04
4.57030257E-01  2.94600595E-02  4.52269276E-04
4.57328872E-01  2.88890786E-02  4.46779886E-04
4.57627487E-01  2.83184890E-02  4.42152668E-04
4.57926102E-01  2.94829588E-02  4.51451953E-04
4.58224717E-01  2.87179984E-02  4.47138620E-04
4.58523332E-01  2.91783083E-02  4.49216139E-04
4.58821947E-01  2.92520300E-02  4.47130325E-04
4.59120562E-01  2.91981250E-02  4.50966560E-04
4.59419177E-01  2.97570042E-02  4.55061789E-04
4.59717792E-01  2.93823294E-02  4.52089356E-04
4.60016407E-01  2.84213014E-02  4.43164143E-04
4.60315022E-01  2.84374561E-02  4.42609686E-04
4.60613637E-01  2.91643441E-02  4.50015592E-04
4.60912252E-01  2.93465350E-02  4.52826847E-04
4.61210867E-01  2.88080834E-02  4.46275080E-04
4.61509482E-01  2.86837369E-02  4.49999789E-04
4.61808097E-01  2.92261764E-02  4.64493089E-04
4.62106712E-01  2.88359113E-02  4.63350822E-04
4.62405327E-01  2.80315448E-02  4.61022690E-04
4.62703942E-01  2.93635074E-02  4.71281237E-04
4.63002557E-01  2.92819813E-02  4.79260314E-04
4.63301172E-01  2.96862312E-02  4.84257878E-04
4.63599787E-01  3.04350331E-02  4.92943742E-04
4.63898402E-01  2.93388963E-02  4.86220670E-04
4.64197017E-01  2.90027000E-02  4.84051096E-04
4.64495632E-01  2.95561124E-02  4.94805921E-04
4.64794247E-01  2.96337120E-02  4.96244116E-04
4.65092862E-01  2.98239626E-02  4.95349057E-04
4.65391477E-01  2.79043503E-02  4.86342236E-04
4.65690092E-01  2.91009862E-02  4.96528693E-04
4.65988707E-01  2.82165743E-02  4.93209343E-04
4.66287322E-01  2.93860119E-02  5.03743766E-04
4.66585937E-01  2.94424705E-02  5.04785799E-04
4.66884552E-01  2.93505490E-02  5.10232174E-04
4.67183167E-01  2.91009676E-02  5.10229263E-04
4.67481782E-01  2.85806507E-02  4.99420625E-04
4.67780397E-01  2.88872123E-02  5.09228383E-04
4.68079012E-01  2.98013259E-02  5.19010471E-04
4.68377627E-01  2.86768619E-02  5.12086845E-04
4.68676242E-01  2.87655611E-02  5.14080690E-04
4.68974857E-01  2.91884206E-02  5.17847599E-04
4.69273472E-01  2.90815216E-02  5.21814800E-04
4.69572087E-01  2.92256288E-02  5.21553680E-04
4.69870702E-01  2.90671531E-02  5.22314280E-04
4.70169317E-01  2.82946713E-02  5.17970766E-04
4.70467932E-01  2.95292996E-02  5.30276331E-04
4.70766547E-01  2.82364972E-02  5.23977331E-04
4.71065162E-01  2.93756034E-02  5.34278515E-04
4.71363777E-01  2.99203228E-02  5.35573869E-04
4.71662392E-01  2.93574072E-02  5.36616892E-04
4.71961007E-01  2.96312440E-02  5.40809764E-04
4.72259622E-01  2.98263170E-02  5.46559284E-04
4.72558237E-01  2.96064503E-02  5.41440502E-04
4.72856852E-01  2.96478756E-02  5.33957675E-04
4.73155467E-01  2.82439180E-02  5.17214998E-04
4.73454082E-01  3.02599836E-02  5.29007753E-04
4.73752697E-01  2.94688139E-02  5.14077838E-04
4.74051312E-01  2.91526429E-02  5.11607388E-04
4.74349927E-01  2.91703586E-02  5.08716563E-04
4.74648542E-01  2.95776930E-02  5.12403145E-04
4.74947157E-01  2.92210653E-02  5.04336494E-04
4.75245772E-01  2.88727432E-02  5.00491122E-04
4.75544387E-01  2.96517890E-02  5.06221433E-04
4.75843002E-01  2.89239306E-02  5.01077389E-04
4.76141617E-01  3.05021107E-02  5.10071579E-04
4.76440232E-01  2.99386270E-02  5.05477772E-04
4.76738847E-01  2.81117391E-02  4.87959856E-04
4.77037462E-01  2.99060363E-02  5.03565650E-04
4.77336077E-01  2.92867590E-02  4.99407703E-04
4.77634692E-01  2.94073895E-02  4.96013847E-04
4.77933307E-01  2.99812034E-02  5.01500966E-04
4.78231922E-01  3.02386954E-02  5.00583032E-04
4.78530537E-01  2.97016408E-02  5.00905735E-04
4.78829152E-01  2.93746851E-02  4.90669685E-04
4.79127767E-01  2.93447562E-02  4.92095773E-04
4.79426382E-01  2.95726620E-02  4.96756518E-04
4.79724997E-01  2.94650178E-02  4.93626867E-04
4.80023612E-01  3.03055923E-02  4.99437214E-04
4.80322227E-01  2.98984833E-02  4.94004227E-04
4.80620842E-01  2.92656962E-02  4.91184532E-04
4.80919457E-01  2.93692853E-02  4.90511069E-04
4.81218072E-01  3.04855555E-02  4.99226851E-04
4.81516687E-01  2.98753623E-02  4.95111279E-04
4.81815302E-01  2.91646998E-02  4.84399294E-04
4.82113917E-01  2.87613031E-02  4.86432778E-04
4.82412532E-01  2.94814520E-02  4.88784572E-04
4.82711147E-01  2.99187433E-02  4.91131621E-04
4.83009762E-01  2.98701636E-02  4.92127670E-04
4.83308377E-01  2.88220067E-02  4.84420569E-04
4.83606992E-01  2.98983678E-02  4.90466831E-04
4.83905607E-01  3.09661906E-02  5.00693626E-04
4.84204222E-01  2.96235736E-02  4.87337937E-04
4.84502837E-01  2.96092276E-02  4.90364211E-04
4.84801452E-01  2.99710836E-02  4.91197279E-04
4.85100067E-01  2.98468899E-02  4.86943405E-04
4.85398682E-01  2.97013354E-02  4.88485035E-04
4.85697297E-01  2.97033079E-02  4.88253398E-04
4.85995912E-01  3.01299170E-02  4.93138505E-04
4.86294527E-01  3.07138804E-02  4.93973610E-04
4.86593142E-01  2.98092309E-02  4.87759215E-04
4.86891757E-01  2.96908729E-02  4.87785466E-04
4.87190372E-01  2.99044810E-02  4.90039878E-04
4.87488987E-01  2.95223854E-02  4.82355856E-04
4.87787602E-01  2.95822062E-02  4.86525736E-04
4.88086217E-01  2.93144379E-02  4.81991534E-04
4.88384832E-01  2.90106833E-02  4.80583403E-04
4.88683447E-01  3.07352431E-02  4.95923276E-04
4.88982062E-01  2.95988899E-02  4.83476790E-04
4.89280677E-01  3.02722249E-02  4.92052466E-04
4.89579292E-01  2.95049641E-02  4.83687909E-04
4.89877907E-01  3.09494659E-02  4.94764186E-04
4.90176522E-01  2.92992592E-02  4.80186689E-04
4.90475137E-01  2.99994648E-02  4.87361482E-04
4.90773752E-01  3.02073658E-02  4.88679740E-04
4.91072367E-01  2.86763702E-02  4.76617395E-04
4.91370982E-01  3.00623495E-02  4.86652250E-04
4.91669597E-01  2.98049562E-02  4.85420169E-04
4.91968212E-01  3.07116732E-02  4.93746600E-04
4.92266827E-01  2.99772751E-02  4.87193902E-04
4.92565442E-01  3.06743123E-02  4.90115082E-04
4.92864057E-01  3.02442852E-02  4.88255813E-04
4.93162672E-01  2.95206923E-02  4.83232026E-04
4.93461287E-01  2.96000522E-02  4.83883225E-04
4.93759902E-01  2.94963475E-02  4.79187991E-04
4.94058517E-01  2.98872683E-02  4.84644261E-04
4.94357132E-01  2.94864867E-02  4.80424584E-04
4.94655747E-01  3.01803742E-02  4.89848200E-04
4.94954362E-01  2.98537984E-02  4.81137540E-04
4.95252977E-01  3.07456087E-02  4.91316954E-04
4.95551592E-01  3.01811770E-02  4.88256075E-04
4.95850207E-01  2.96889506E-02  4.83530835E-04
4.96148822E-01  3.02713774E-02  4.84978751E-04
4.96447437E-01  2.95592714E-02  4.81994473E-04
4.96746052E-01  2.96677426E-02  4.82036063E-04
4.97044667E-01  3.00897174E-02  4.88634279E-04
4.97343282E-01  2.89831739E-02  4.73735621E-04
4.97641897E-01  3.05732451E-02  4.85840777E-04
4.97940512E-01  3.04463599E-02  4.89797792E-04
4.98239127E-01  2.97959615E-02  4.82846342E-04
4.98537742E-01  2.86585744E-02  4.74490109E-04
4.98836357E-01  2.96857581E-02  4.79927519E-04
4.99134972E-01  3.15260254E-02  4.96673048E-04
4.99433587E-01  2.96614561E-02  4.83211246E-04
4.99732202E-01  2.94791274E-02  4.78971459E-04
5.00030817E-01  3.05321384E-02  4.86850069E-04
5.00329432E-01  2.89677810E-02  4.75392968E-04
5.00628047E-01  3.01929191E-02  4.85343946E-04
5.00926662E-01  3.01483497E-02  4.87661222E-04
5.01225277E-01  3.01773734E-02  4.82236530E-04
5.01523892E-01  2.97436640E-02  4.79113718E-04
5.01822507E-01  3.04528661E-02  4.87074460E-04
5.02121122E-01  3.02219689E-02  4.86313831E-04
5.02419737E-01  3.00937481E-02  4.84438759E-04
5.02718352E-01  3.11548375E-02  4.92662832E-04
5.03016967E-01  2.96835173E-02  4.80771705E-04
5.03315582E-01  2.97291894E-02  4.82461619E-04
5.03614197E-01  3.03182453E-02  4.83378011E-04
5.03912812E-01  2.97015682E-02  4.80685936E-04
5.04211427E-01  2.97016185E-02  4.79620154E-04
5.04510042E-01  3.01145576E-02  4.85466182E-04
5.04808657E-01  3.03055234E-02  4.82929725E-04
5.05107272E-01  2.92659141E-02  4.77274443E-04
5.05405887E-01  2.98312437E-02  4.79964394E-04
5.05704502E-01  2.95641366E-02  4.81498049E-04
5.06003117E-01  2.91732363E-02  4.75699781E-04
5.06301732E-01  2.97801327E-02  4.80387214E-04
5.06600347E-01  2.92846113E-02  4.74622182E-04
5.06898962E-01  2.91161966E-02  4.76419285E-04
5.07197577E-01  2.95290537E-02  4.80862916E-04
5.07496192E-01  2.96656918E-02  4.76192625E-04
5.07794807E-01  2.99103167E-02  4.84445074E-04
5.08093422E-01  2.93121040E-02  4.76257701E-04
5.08392037E-01  2.96303891E-02  4.79785376E-04
5.08690652E-01  3.01876999E-02  4.81664116E-04
5.08989267E-01  2.97694616E-02  4.79965354E-04
5.09287882E-01  2.95869578E-02  4.80153394E-04
5.09586497E-01  2.99262218E-02  4.80994728E-04
5.09885112E-01  2.93805841E-02  4.76240180E-04
5.10183727E-01  2.94609908E-02  4.77480789E-04
5.10482342E-01  2.99468003E-02  4.80457442E-04
5.10780957E-01  2.99074221E-02  4.81564173E-04
5.11079572E-01  2.94810589E-02  4.77179739E-04
5.11378187E-01  2.98667550E-02  4.80411371E-04
5.11676802E-01  2.96949558E-02  4.82605625E-04
5.11975417E-01  2.97910273E-02  4.78512840E-04
5.12274032E-01  2.99021751E-02  4.80112358E-04
5.12572647E-01  2.98539083E-02  4.80080547E-04
5.12871262E-01  2.87489966E-02  4.70536907E-04
5.13169877E-01  2.98827961E-02  4.83176176E-04
5.13468492E-01  2.93081738E-02  4.72897053E-04
5.13767107E-01  2.99771279E-02  4.80018236E-04
5.14065722E-01  3.01548541E-02  4.84294258E-04
5.14364337E-01  2.95626204E-02  4.78688045E-04
5.14662952E-01  2.96790842E-02  4.78570408E-04
5.14961567E-01  2.91678142E-02  4.73039952E-04
5.15260182E-01  2.92657074E-02  4.76637651E-04
5.15558797E-01  2.98589133E-02  4.79788956E-04
5.15857412E-01  3.05081159E-02  4.84622258E-04
5.16156027E-01  2.99631339E-02  4.81339375E-04
5.16454642E-01  2.94588748E-02  4.77509224E-04
5.16753257E-01  3.01002935E-02  4.81496827E-04
5.17051872E-01  3.04939002E-02  4.86549718E-04
5.17350487E-01  2.93121450E-02  4.73763561E-04
5.17649102E-01  2.98400093E-02  4.79299604E-04
5.17947717E-01  2.89366841E-02  4.71529202E-04
5.18246332E-01  2.95412205E-02  4.76781483E-04
5.18544947E-01  2.87550632E-02  4.71902022E-04
5.18843562E-01  2.94028912E-02  4.77543712E-04
5.19142177E-01  2.98836194E-02  4.79073962E-04
5.19440792E-01  2.92935502E-02  4.74206841E-04
5.19739407E-01  2.99819168E-02  4.80218034E-04
5.20038022E-01  2.99447365E-02  4.82290052E-04
5.20336637E-01  2.97986548E-02  4.78635367E-04
5.20635252E-01  3.00456174E-02  4.80499293E-04
5.20933867E-01  2.93974485E-02  4.75639565E-04
5.21232482E-01  2.97557879E-02  4.77946800E-04
5.21531097E-01  2.95650288E-02  4.78288333E-04
5.21829712E-01  2.90271994E-02  4.73570370E-04
5.22128327E-01  2.93734465E-02  4.75687237E-04
5.22426942E-01  2.94230953E-02  4.73888504E-04
5.22725557E-01  2.97181588E-02  4.78827133E-04
5.23024172E-01  2.95560099E-02  4.76585847E-04
5.23322787E-01  2.96252482E-02  4.78199916E-04
5.23621402E-01  2.86804643E-02  4.69478138E-04
5.23920017E-01  2.92103104E-02  4.76367626E-04
5.24218632E-01  2.92404853E-02  4.72543587E-04
5.24517247E-01  2.96052638E-02  4.76760673E-04
5.24815862E-01  2.86936145E-02  4.71210980E-04
5.25114477E-01  2.98231319E-02  4.78165748E-04
5.25413092E-01  2.94843055E-02  4.76608373E-04
5.25711707E-01  2.91025210E-02  4.73979919E-04
5.26010322E-01  2.95017771E-02  4.74663480E-04
5.26308937E-01  2.95734983E-02  4.76867892E-04
5.26607552E-01  2.96592209E-02  4.77443915E-04
5.26906167E-01  2.94404831E-02  4.75217530E-04
5.27204782E-01  2.87484527E-02  4.72493994E-04
5.27503397E-01  2.97907107E-02  4.78507776E-04
5.27802012E-01  2.92826667E-02  4.74528351E-04
5.28100627E-01  2.98141520E-02  4.79875773E-04
5.28399242E-01  2.95026936E-02  4.72967222E-04
5.28697857E-01  2.93003321E-02  4.75376699E-04
5.28996472E-01  2.94231642E-02  4.75557899E-04
5.29295087E-01  2.93090455E-02  4.76270856E-04
5.29593702E-01  2.87323538E-02  4.68573009E-04
5.29892317E-01  2.91506108E-02  4.73009859E-04
5.30190932E-01  2.91849338E-02  4.75385197E-04
5.30489547E-01  2.96944212E-02  4.77639376E-04
5.30788162E-01  2.84233801E-02  4.66395955E-04
5.31086777E-01  2.96308864E-02  4.77482972E-04
5.31385392E-01  2.88789589E-02  4.69096209E-04
5.31684007E-01  2.94766035E-02  4.76359419E-04
5.31982622E-01  2.91623566E-02  4.73699591E-04
5.32281237E-01  2.94790640E-02  4.76150541E-04
5.32579852E-01  2.99588460E-02  4.80836374E-04
5.32878467E-01  2.93960106E-02  4.75367473E-04
5.33177082E-01  2.87323240E-02  4.70895175E-04
5.33475697E-01  2.92650219E-02  4.71893727E-04
5.33774312E-01  2.84278728E-02  4.66909900E-04
5.34072927E-01  2.87999734E-02  4.73085238E-04
5.34371542E-01  2.92550866E-02  4.72163403E-04
5.34670157E-01  2.89449319E-02  4.68747690E-04
5.34968772E-01  2.86499579E-02  4.70811588E-04
5.35267387E-01  2.96486001E-02  4.76840651E-04
5.35566002E-01  2.91081313E-02  4.74448985E-04
5.35864617E-01  2.87928805E-02  4.68316226E-04
5.36163232E-01  2.94856280E-02  4.76816669E-04
5.36461847E-01  2.91587990E-02  4.73704305E-04
5.36760462E-01  2.98501831E-02  4.78353584E-04
5.37059077E-01  2.85570975E-02  4.67083388E-04
5.37357692E-01  2.88752653E-02  4.72793559E-04
5.37656307E-01  2.92221792E-02  4.71693726E-04
5.37954922E-01  2.97467336E-02  4.81543015E-04
5.38253537E-01  2.87313703E-02  4.64801822E-04
5.38552152E-01  2.85117440E-02  4.67405625E-04
5.38850767E-01  2.96423826E-02  4.78102942E-04
5.39149382E-01  2.83749923E-02  4.68002312E-04
5.39447997E-01  2.85048969E-02  4.67356178E-04
5.39746612E-01  2.89872345E-02  4.72102285E-04
5.40045227E-01  2.92780194E-02  4.72964952E-04
5.40343842E-01  2.94953734E-02  4.77161491E-04
5.40642457E-01  2.85193324E-02  4.67028265E-04
5.40941072E-01  2.94946842E-02  4.74487955E-04
5.41239687E-01  2.91674044E-02  4.76619549E-04
5.41538302E-01  2.91230101E-02  4.72873362E-04
5.41836917E-01  2.93576922E-02  4.74313885E-04
5.42135532E-01  2.98244301E-02  4.74841479E-04
5.42434147E-01  2.90163569E-02  4.72013518E-04
5.42732762E-01  2.88170036E-02  4.71776380E-04
5.43031377E-01  2.84895077E-02  4.70595725E-04
5.43329992E-01  2.85753664E-02  4.65024466E-04
5.43628607E-01  2.82342527E-02  4.65617719E-04
5.43927222E-01  2.90811043E-02  4.73129388E-04
5.44225837E-01  2.83687022E-02  4.67644189E-04
5.44524452E-01  2.80032158E-02  4.61243471E-04
5.44823067E-01  2.86151506E-02  4.69100836E-04
5.45121682E-01  2.93204188E-02  4.74269094E-04
5.45420297E-01  2.90652253E-02  4.72433574E-04
5.45718912E-01  2.79630292E-02  4.62151482E-04
5.46017527E-01  2.94900481E-02  4.75645938E-04
5.46316142E-01  2.87999287E-02  4.69363091E-04
5.46614757E-01  2.92312372E-02  4.75886976E-04
5.46913372E-01  2.87146084E-02  4.66857920E-04
5.47211987E-01  2.78246012E-02  4.62141470E-04
5.47510602E-01  2.92373691E-02  4.74542583E-04
5.47809217E-01  2.90931575E-02  4.71643143E-04
5.48107832E-01  2.85670906E-02  4.69767052E-04
5.48406447E-01  2.79357377E-02  4.62395605E-04
5.48705062E-01  2.91335694E-02  4.71061911E-04
5.49003677E-01  2.86833942E-02  4.71424690E-04
5.49302292E-01  2.82902382E-02  4.62966389E-04
5.49600907E-01  2.77028624E-02  4.62163909E-04
5.49899522E-01  2.88683791E-02  4.70291299E-04
5.50198137E-01  2.90153567E-02  4.72873973E-04
5.50496752E-01  2.84504686E-02  4.66652040E-04
5.50795367E-01  2.87699345E-02  4.68128826E-04
5.51093982E-01  2.82687936E-02  4.65617864E-04
5.51392597E-01  2.90307198E-02  4.73124383E-04
5.51691212E-01  2.84807552E-02  4.67023143E-04
5.51989827E-01  2.95932833E-02  4.75827925E-04
5.52288442E-01  2.84961611E-02  4.64782934E-04
5.52587057E-01  2.88796704E-02  4.69603634E-04
5.52885672E-01  2.86710802E-02  4.68134385E-04
5.53184287E-01  2.77161542E-02  4.58384457E-04
5.53482902E-01  2.85191350E-02  4.65653429E-04
5.53781517E-01  2.81248000E-02  4.63434728E-04
5.54080132E-01  2.88543161E-02  4.69067367E-04
5.54378747E-01  2.84465514E-02  4.61950520E-04
5.54677362E-01  2.96676457E-02  4.74030530E-04
5.54975977E-01  2.89848000E-02  4.70133702E-04
5.55274592E-01  2.83867083E-02  4.63800447E-04
5.55573207E-01  2.84014903E-02  4.58865135E-04
5.55871822E-01  2.87327599E-02  4.64946002E-04
5.56170437E-01  2.75917090E-02  4.56826383E-04
5.56469052E-01  2.83939354E-02  4.63980425E-04
5.56767667E-01  2.86138430E-02  4.63325123E-04
5.57066282E-01  2.84555051E-02  4.62706434E-04
5.57364897E-01  2.76896525E-02  4.53198532E-04
5.57663512E-01  2.85669249E-02  4.63173026E-04
5.57962127E-01  2.86833402E-02  4.62574331E-04
5.58260742E-01  2.93914396E-02  4.65827121E-04
5.58559357E-01  2.81162728E-02  4.60613141E-04
5.58857972E-01  2.86001582E-02  4.63894801E-04
5.59156587E-01  2.77384873E-02  4.52545413E-04
5.59455202E-01  2.77394801E-02  4.55235218E-04
5.59753817E-01  2.80633289E-02  4.55727277E-04
5.60052432E-01  2.81752255E-02  4.58148890E-04
5.60351047E-01  2.75421478E-02  4.51692729E-04
5.60649662E-01  2.77939644E-02  4.51949309E-04
5.60948277E-01  2.81345882E-02  4.55564848E-04
5.61246892E-01  2.80853417E-02  4.56024602E-04
5.61545507E-01  2.81024948E-02  4.55523172E-04
5.61844122E-01  2.84627825E-02  4.55769274E-04
5.62142737E-01  2.76385192E-02  4.53029585E-04
5.62441352E-01  2.81314254E-02  4.53850778E-04
5.62739967E-01  2.87530608E-02  4.58307040E-04
5.63038582E-01  2.79211234E-02  4.53000015E-04
5.63337197E-01  2.78421510E-02  4.50888736E-04
5.63635812E-01  2.77787764E-02  4.53867659E-04
5.63934427E-01  2.78090555E-02  4.49998857E-04
5.64233042E-01  2.83480231E-02  4.53292858E-04
5.64531657E-01  2.82447282E-02  4.54673893E-04
5.64830272E-01  2.82509811E-02  4.54303867E-04
5.65128887E-01  2.77971104E-02  4.51166183E-04
5.65427502E-01  2.79802475E-02  4.49833897E-04
5.65726117E-01  2.84879711E-02  4.55472444E-04
5.66024732E-01  2.79122442E-02  4.50431893E-04
5.66323347E-01  2.86487546E-02  4.56760521E-04
5.66621962E-01  2.79247370E-02  4.47039056E-04
5.66920577E-01  2.73277443E-02  4.45903628E-04
5.67219192E-01  2.82781236E-02  4.54329333E-04
5.67517807E-01  2.76322998E-02  4.48905310E-04
5.67816422E-01  2.78683845E-02  4.45281854E-04
5.68115037E-01  2.83024944E-02  4.51814529E-04
5.68413652E-01  2.75292117E-02  4.46113438E-04
5.68712267E-01  2.77680587E-02  4.48046776E-04
5.69010882E-01  2.68970635E-02  4.39755211E-04
5.69309497E-01  2.87702009E-02  4.55124449E-04
5.69608112E-01  2.82634515E-02  4.51825006E-04
5.69906727E-01  2.83171888E-02  4.51015861E-04
5.70205342E-01  2.80581266E-02  4.47116618E-04
5.70503957E-01  2.79745962E-02  4.50033927E-04
5.70802572E-01  2.84894891E-02  4.53013781E-04
5.71101187E-01  2.79172417E-02  4.49576881E-04
5.71399802E-01  2.74871960E-02  4.43861791E-04
5.71698417E-01  2.69857962E-02  4.40500065E-04
5.71997032E-01  2.77720261E-02  4.48929699E-04
5.72295647E-01  2.78966501E-02  4.49420157E-04
5.72594262E-01  2.77970023E-02  4.46772436E-04
5.72892877E-01  2.81529520E-02  4.46478720E-04
5.73191492E-01  2.81931497E-02  4.51393833E-04
5.73490107E-01  2.85558756E-02  4.55337606E-04
5.73788722E-01  2.71857847E-02  4.41943062E-04
5.74087337E-01  2.73864139E-02  4.44793346E-04
5.74385952E-01  2.85785291E-02  4.55525093E-04
5.74684567E-01  2.79222727E-02  4.49541345E-04
5.74983182E-01  2.80154068E-02  4.48031496E-04
5.75281797E-01  2.78634354E-02  4.45601123E-04
5.75580412E-01  2.78730858E-02  4.49565909E-04
5.75879027E-01  2.82638613E-02  4.51255328E-04
5.76177642E-01  2.84995902E-02  4.53863468E-04
5.76476257E-01  2.78591979E-02  4.46792110E-04
5.76774872E-01  2.79966500E-02  4.50155785E-04
5.77073487E-01  2.81318296E-02  4.50932508E-04
5.77372102E-01  2.83287410E-02  4.53448534E-04
5.77670717E-01  2.76471060E-02  4.44995938E-04
5.77969332E-01  2.73686852E-02  4.44271078E-04
5.78267947E-01  2.76905894E-02  4.47906001E-04
5.78566562E-01  2.76937820E-02  4.46906488E-04
5.78865177E-01  2.76194438E-02  4.44378034E-04
5.79163792E-01  2.73603834E-02  4.44722653E-04
5.79462407E-01  2.84360964E-02  4.52967186E-04
5.79761022E-01  2.71544307E-02  4.44378995E-04
5.80059637E-01  2.77237538E-02  4.44619916E-04
5.80358252E-01  2.79053189E-02  4.49035695E-04
5.80656867E-01  2.77439617E-02  4.48769279E-04
5.80955482E-01  2.77006906E-02  4.48421459E-04


### HEADER:
#
#{
#    "analysis": {},
#    "calibration_params": {
#        "Beam_Center_X": 1061.0,
#        "Beam_Center_Y": 2093.0,
#        "Detector Tilt": 0.0,
#        "Detector Tilt Plane Rotation": 0.0,
#        "Detector_X_Pixel_Size": 75.0,
#        "Detector_Y_Pixel_Size": 75.0,
#        "Integration Method": "nosplit_csr",
#        "Radial_Average_Method": "pyFAI",
#        "Sample-to-detector distance (mm)": 1782.0,
#        "Wavelength (A)": 0.8823505857220345
#    },
#    "config_file": "/Users/jwinnikoff/Documents/MBARI/SAXS/HPSAXS_7A_Feb2023/HPSAXS_02_19_23.cfg",
#    "counters": {
#        "Epoch": "387.560",
#        "I1": "0",
#        "I2": "0",
#        "I3": "0",
#        "Seconds": "1",
#        "Time": "2.28882e-05",
#        "date": "Mon Feb 20 16:36:47 2023",
#        "diode": "49817"
#    },
#    "filename": "JWL0311_04-90C_000MPa_rh_26_data_000001_00001.h5",
#    "history": {},
#    "imageHeader": {},
#    "load_path": "/Users/jwinnikoff/Documents/MBARI/SAXS/HPSAXS_7A_Feb2023/JWL0311_BL21_pET28/JWL0311_04-90C_000MPa_rh_26_data_000001.h5",
#    "normalizations": {
#        "Absolute_scale": {
#            "Absolute_scale_factor": 0.005174693841759343,
#            "Method": "Water"
#        },
#        "Counter_norms": [
#            [
#                "/",
#                "diode/150000"
#            ]
#        ],
#        "Polarization": {
#            "Used": false
#        },
#        "Solid_Angle_Correction": "On"
#    },
#    "raw_version": "2.1.4"
#}

