### DATA:
#
# 1908
#      Q             I(Q)           Error     
1.14966775E-02  0.00000000E+00  0.00000000E+00
1.17952925E-02  6.86089039E-01  3.08063067E-02
1.20939075E-02  8.47928703E-01  2.42166519E-02
1.23925225E-02  7.89371490E-01  1.90778561E-02
1.26911375E-02  8.25471699E-01  1.83257256E-02
1.29897525E-02  7.85760045E-01  1.73757393E-02
1.32883675E-02  7.41632342E-01  1.62185356E-02
1.35869825E-02  7.06742108E-01  1.50780762E-02
1.38855975E-02  6.58876836E-01  1.36380978E-02
1.41842125E-02  6.41590893E-01  1.37413675E-02
1.44828275E-02  5.65690279E-01  1.27678737E-02
1.47814425E-02  5.15056133E-01  1.18193096E-02
1.50800575E-02  4.95705605E-01  1.11655602E-02
1.53786725E-02  4.69188780E-01  1.02312332E-02
1.56772875E-02  4.31301326E-01  9.88952722E-03
1.59759025E-02  3.91261756E-01  8.79295450E-03
1.62745175E-02  3.90767872E-01  8.66449717E-03
1.65731325E-02  3.58261615E-01  8.41397792E-03
1.68717475E-02  3.51812124E-01  7.65714142E-03
1.71703625E-02  3.25340450E-01  7.74620147E-03
1.74689775E-02  2.97556072E-01  6.83901459E-03
1.77675925E-02  2.89570719E-01  6.63448358E-03
1.80662075E-02  2.85048634E-01  6.85125962E-03
1.83648225E-02  2.62019843E-01  5.90338465E-03
1.86634375E-02  2.54372865E-01  6.08589267E-03
1.89620525E-02  2.49631912E-01  5.68079296E-03
1.92606675E-02  2.39808261E-01  5.64763043E-03
1.95592825E-02  2.16845378E-01  5.42282965E-03
1.98578975E-02  2.07139432E-01  4.90691932E-03
2.01565125E-02  2.03625083E-01  5.03738597E-03
2.04551275E-02  1.98156819E-01  4.66412771E-03
2.07537425E-02  1.91140816E-01  4.47549438E-03
2.10523575E-02  1.89076185E-01  4.20376938E-03
2.13509725E-02  1.82540506E-01  3.87682673E-03
2.16495875E-02  1.77204281E-01  3.80842364E-03
2.19482025E-02  1.68799594E-01  3.44273960E-03
2.22468175E-02  1.62456021E-01  3.53332283E-03
2.25454325E-02  1.62112787E-01  3.23708053E-03
2.28440475E-02  1.52497590E-01  3.21564614E-03
2.31426625E-02  1.49126813E-01  3.06907669E-03
2.34412775E-02  1.41886353E-01  2.87771760E-03
2.37398925E-02  1.36502743E-01  2.92962114E-03
2.40385075E-02  1.36159629E-01  2.75027868E-03
2.43371225E-02  1.33937582E-01  2.72774557E-03
2.46357375E-02  1.29241318E-01  2.75230827E-03
2.49343525E-02  1.26560673E-01  2.58989190E-03
2.52329675E-02  1.26478210E-01  2.71697878E-03
2.55315825E-02  1.21317454E-01  2.49305833E-03
2.58301975E-02  1.12526320E-01  2.41448334E-03
2.61288125E-02  1.12708524E-01  2.49724556E-03
2.64274275E-02  1.06244594E-01  2.27082660E-03
2.67260425E-02  1.03449032E-01  2.35966151E-03
2.70246575E-02  1.02541238E-01  2.20023282E-03
2.73232725E-02  1.06436245E-01  2.31383136E-03
2.76218875E-02  1.04081959E-01  2.32212432E-03
2.79205025E-02  1.00046933E-01  2.19209376E-03
2.82191175E-02  9.88323092E-02  2.17122119E-03
2.85177325E-02  9.50768590E-02  2.09377729E-03
2.88163475E-02  9.37878191E-02  2.14487733E-03
2.91149625E-02  9.22027677E-02  2.06533424E-03
2.94135775E-02  9.00936052E-02  2.01808894E-03
2.97121925E-02  8.77758786E-02  2.00843834E-03
3.00108075E-02  8.44571069E-02  1.90477830E-03
3.03094225E-02  8.63257870E-02  2.01193360E-03
3.06080375E-02  8.41383412E-02  1.92218949E-03
3.09066525E-02  8.06911737E-02  1.85607339E-03
3.12052675E-02  8.09104294E-02  1.91560993E-03
3.15038825E-02  7.68903643E-02  1.78718171E-03
3.18024975E-02  7.88854808E-02  1.83802855E-03
3.21011125E-02  7.89071247E-02  1.77870388E-03
3.23997275E-02  7.61944726E-02  1.70163449E-03
3.26983425E-02  7.68532902E-02  1.72323734E-03
3.29969575E-02  7.43040144E-02  1.60099298E-03
3.32955725E-02  7.46490210E-02  1.60470605E-03
3.35941875E-02  7.36810640E-02  1.52024790E-03
3.38928025E-02  7.11261332E-02  1.53788482E-03
3.41914175E-02  6.93520755E-02  1.47324370E-03
3.44900325E-02  7.13566095E-02  1.48434285E-03
3.47886474E-02  7.13406801E-02  1.45836384E-03
3.50872624E-02  6.83034584E-02  1.40008447E-03
3.53858774E-02  6.50726184E-02  1.40963471E-03
3.56844924E-02  6.61156327E-02  1.36618875E-03
3.59831074E-02  6.61087707E-02  1.34301966E-03
3.62817224E-02  6.59569725E-02  1.37440185E-03
3.65803374E-02  6.62850291E-02  1.33562100E-03
3.68789524E-02  6.51959926E-02  1.36928901E-03
3.71775674E-02  6.24403879E-02  1.30910624E-03
3.74761824E-02  6.27163351E-02  1.27700332E-03
3.77747974E-02  6.02403358E-02  1.25746534E-03
3.80734124E-02  6.21212460E-02  1.25683541E-03
3.83720274E-02  6.11363687E-02  1.28772366E-03
3.86706424E-02  6.00824505E-02  1.21608446E-03
3.89692574E-02  5.93514144E-02  1.24461739E-03
3.92678724E-02  5.90685531E-02  1.25112676E-03
3.95664874E-02  5.96149117E-02  1.21134496E-03
3.98651024E-02  5.89568242E-02  1.20571395E-03
4.01637174E-02  5.70493750E-02  1.16646115E-03
4.04623324E-02  5.85028119E-02  1.22306275E-03
4.07609474E-02  5.69512621E-02  1.16445520E-03
4.10595624E-02  5.62495328E-02  1.18086883E-03
4.13581774E-02  5.46872579E-02  1.14304479E-03
4.16567924E-02  5.60894012E-02  1.13433506E-03
4.19554074E-02  5.50411865E-02  1.15575630E-03
4.22540224E-02  5.38033992E-02  1.13377150E-03
4.25526374E-02  5.71691580E-02  1.15287583E-03
4.28512524E-02  5.43026552E-02  1.12739753E-03
4.31498674E-02  5.25202155E-02  1.09583710E-03
4.34484824E-02  5.29744141E-02  1.13484764E-03
4.37470974E-02  5.38401902E-02  1.09513651E-03
4.40457124E-02  5.30834049E-02  1.09270460E-03
4.43443274E-02  5.37905321E-02  1.12112286E-03
4.46429424E-02  5.23158573E-02  1.08126621E-03
4.49415574E-02  5.39995097E-02  1.13388314E-03
4.52401724E-02  5.24183288E-02  1.06776250E-03
4.55387874E-02  5.21216355E-02  1.08188344E-03
4.58374024E-02  5.11560440E-02  1.07181561E-03
4.61360174E-02  5.11219427E-02  1.05613924E-03
4.64346324E-02  5.19541129E-02  1.08544389E-03
4.67332474E-02  5.19918352E-02  1.05189742E-03
4.70318624E-02  5.04362099E-02  1.06685073E-03
4.73304774E-02  4.91751432E-02  1.04746572E-03
4.76290924E-02  4.99880649E-02  1.03381800E-03
4.79277074E-02  5.00322729E-02  1.02793984E-03
4.82263224E-02  4.93125021E-02  1.01357966E-03
4.85249374E-02  5.05304448E-02  1.05754822E-03
4.88235524E-02  5.09328619E-02  1.03557168E-03
4.91221674E-02  4.94880974E-02  1.01462030E-03
4.94207824E-02  4.97661717E-02  1.02834962E-03
4.97193974E-02  4.93288562E-02  1.00545585E-03
5.00180124E-02  4.98998426E-02  1.03935448E-03
5.03166274E-02  4.87541147E-02  9.98104573E-04
5.06152424E-02  4.85711657E-02  9.99186770E-04
5.09138574E-02  4.93750721E-02  1.01961521E-03
5.12124724E-02  4.91856188E-02  9.90872504E-04
5.15110874E-02  4.86549325E-02  1.00303453E-03
5.18097024E-02  4.93307114E-02  9.95210139E-04
5.21083174E-02  4.93881702E-02  9.94347967E-04
5.24069324E-02  4.77356203E-02  9.78279277E-04
5.27055474E-02  4.78137061E-02  9.72756068E-04
5.30041624E-02  4.72971126E-02  9.85998660E-04
5.33027774E-02  4.88196574E-02  9.78744938E-04
5.36013924E-02  4.67205085E-02  9.62951279E-04
5.39000074E-02  5.03073819E-02  9.82461148E-04
5.41986224E-02  4.79684025E-02  9.78539465E-04
5.44972374E-02  4.78241667E-02  9.64620442E-04
5.47958524E-02  4.77748811E-02  9.57414391E-04
5.50944674E-02  4.85067405E-02  9.79784178E-04
5.53930824E-02  4.82001007E-02  9.55066178E-04
5.56916974E-02  4.66300733E-02  9.34284704E-04
5.59903124E-02  4.89153713E-02  9.76940617E-04
5.62889274E-02  4.78298031E-02  9.44950443E-04
5.65875424E-02  4.82921600E-02  9.66616848E-04
5.68861574E-02  4.78112288E-02  9.44767904E-04
5.71847724E-02  4.87403758E-02  9.47532186E-04
5.74833874E-02  4.76369821E-02  9.46887012E-04
5.77820024E-02  4.71780412E-02  9.30984388E-04
5.80806174E-02  4.80998158E-02  9.63345985E-04
5.83792324E-02  4.74403426E-02  9.22607782E-04
5.86778474E-02  4.69274782E-02  9.32231778E-04
5.89764624E-02  4.82953079E-02  9.56014788E-04
5.92750774E-02  4.89933267E-02  9.23909131E-04
5.95736924E-02  4.90388125E-02  9.52973787E-04
5.98723074E-02  4.92442399E-02  9.35148331E-04
6.01709224E-02  4.85867970E-02  9.27695306E-04
6.04695374E-02  4.93962653E-02  9.50103858E-04
6.07681524E-02  4.81233373E-02  9.28026391E-04
6.10667674E-02  4.84638847E-02  9.36161610E-04
6.13653824E-02  4.92736362E-02  9.22494335E-04
6.16639974E-02  4.92601544E-02  9.34104086E-04
6.19626124E-02  4.99904715E-02  9.42210725E-04
6.22612274E-02  4.85984385E-02  9.11612529E-04
6.25598424E-02  4.86956239E-02  9.32325900E-04
6.28584574E-02  4.97056767E-02  9.26532375E-04
6.31570724E-02  4.97286208E-02  9.34953394E-04
6.34556874E-02  4.99423444E-02  9.11818293E-04
6.37543024E-02  5.12150377E-02  9.35834600E-04
6.40529174E-02  5.07659055E-02  9.44655680E-04
6.43515324E-02  5.28164059E-02  9.45111096E-04
6.46501474E-02  4.99721281E-02  9.39033809E-04
6.49487624E-02  5.04904017E-02  9.09183698E-04
6.52473774E-02  5.11413105E-02  9.22701554E-04
6.55459924E-02  5.05039692E-02  9.27029527E-04
6.58446074E-02  5.23899980E-02  9.33899253E-04
6.61432224E-02  5.43497503E-02  9.61678918E-04
6.64418374E-02  5.46409972E-02  9.40271129E-04
6.67404524E-02  5.34767583E-02  9.42404033E-04
6.70390674E-02  5.44313714E-02  9.55377531E-04
6.73376824E-02  5.53687513E-02  9.38318670E-04
6.76362974E-02  5.42356148E-02  9.51355672E-04
6.79349124E-02  5.52732572E-02  9.39130841E-04
6.82335274E-02  5.66477664E-02  9.57385288E-04
6.85321424E-02  5.76567389E-02  9.77373333E-04
6.88307574E-02  5.59263155E-02  9.43576568E-04
6.91293724E-02  5.81764244E-02  9.77099757E-04
6.94279874E-02  5.98707087E-02  9.67419881E-04
6.97266024E-02  5.93179017E-02  9.79691977E-04
7.00252174E-02  6.00816831E-02  9.78005119E-04
7.03238324E-02  6.29363656E-02  9.93003370E-04
7.06224474E-02  6.42969757E-02  1.01879169E-03
7.09210624E-02  6.35534376E-02  1.00012869E-03
7.12196774E-02  6.49577156E-02  1.00882561E-03
7.15182924E-02  6.49755672E-02  9.86860017E-04
7.18169074E-02  6.60735369E-02  1.02209521E-03
7.21155224E-02  6.80733249E-02  1.03390927E-03
7.24141374E-02  7.04769045E-02  1.04608445E-03
7.27127524E-02  7.13733286E-02  1.04802242E-03
7.30113674E-02  7.12184533E-02  1.03882793E-03
7.33099824E-02  7.44585469E-02  1.06806180E-03
7.36085974E-02  7.68845901E-02  1.08894694E-03
7.39072124E-02  7.87726194E-02  1.08192302E-03
7.42058274E-02  8.20317939E-02  1.12732523E-03
7.45044424E-02  8.46082568E-02  1.12491485E-03
7.48030574E-02  8.86146352E-02  1.15878205E-03
7.51016724E-02  8.97667259E-02  1.16501597E-03
7.54002874E-02  9.54668075E-02  1.18221180E-03
7.56989024E-02  9.61157456E-02  1.20683294E-03
7.59975174E-02  9.90732089E-02  1.20561279E-03
7.62961324E-02  1.04358710E-01  1.24131050E-03
7.65947474E-02  1.13759182E-01  1.29188411E-03
7.68933624E-02  1.17573760E-01  1.31476112E-03
7.71919774E-02  1.23536982E-01  1.36224565E-03
7.74905924E-02  1.30130813E-01  1.36730052E-03
7.77892074E-02  1.42145529E-01  1.43801596E-03
7.80878224E-02  1.47548184E-01  1.45291886E-03
7.83864374E-02  1.58987209E-01  1.50585512E-03
7.86850524E-02  1.71308383E-01  1.58871047E-03
7.89836674E-02  1.85959920E-01  1.63450057E-03
7.92822824E-02  2.04627305E-01  1.70051050E-03
7.95808974E-02  2.25605831E-01  1.76936225E-03
7.98795124E-02  2.47919053E-01  1.89118984E-03
8.01781274E-02  2.75394529E-01  2.01007188E-03
8.04767424E-02  3.03785533E-01  2.05730670E-03
8.07753574E-02  3.41823906E-01  2.20462726E-03
8.10739724E-02  3.86200130E-01  2.31731660E-03
8.13725874E-02  4.37177867E-01  2.45566806E-03
8.16712024E-02  4.89529282E-01  2.64101615E-03
8.19698174E-02  5.67957163E-01  2.77147931E-03
8.22684324E-02  6.37855530E-01  2.99929106E-03
8.25670474E-02  7.32754767E-01  3.17605911E-03
8.28656624E-02  8.28561902E-01  3.40109086E-03
8.31642774E-02  9.44080174E-01  3.58022447E-03
8.34628924E-02  1.05532765E+00  3.78901581E-03
8.37615074E-02  1.18684602E+00  4.07879800E-03
8.40601224E-02  1.32651901E+00  4.22321260E-03
8.43587374E-02  1.46412921E+00  4.45421366E-03
8.46573524E-02  1.58974612E+00  4.61879931E-03
8.49559674E-02  1.73288608E+00  4.85533709E-03
8.52545824E-02  1.86047983E+00  5.04084025E-03
8.55531974E-02  1.99684000E+00  5.13681350E-03
8.58518124E-02  2.09524226E+00  5.28717367E-03
8.61504274E-02  2.17763495E+00  5.33384923E-03
8.64490424E-02  2.23179841E+00  5.48860570E-03
8.67476574E-02  2.25796342E+00  5.50994929E-03
8.70462724E-02  2.24422193E+00  5.40205836E-03
8.73448874E-02  2.20265722E+00  5.39250206E-03
8.76435024E-02  2.13232756E+00  5.25334524E-03
8.79421174E-02  2.02948093E+00  5.20859379E-03
8.82407324E-02  1.89666677E+00  5.01593482E-03
8.85393474E-02  1.73575401E+00  4.73089237E-03
8.88379624E-02  1.55233729E+00  4.50769719E-03
8.91365774E-02  1.37575936E+00  4.18847473E-03
8.94351924E-02  1.18924510E+00  3.92325642E-03
8.97338074E-02  1.03294015E+00  3.63600906E-03
9.00324224E-02  8.76524031E-01  3.34016327E-03
9.03310374E-02  7.45215654E-01  3.11440625E-03
9.06296524E-02  6.33153617E-01  2.83623277E-03
9.09282674E-02  5.40875733E-01  2.61901482E-03
9.12268824E-02  4.58046705E-01  2.40574614E-03
9.15254974E-02  3.98052394E-01  2.23452225E-03
9.18241124E-02  3.44280988E-01  2.10894109E-03
9.21227274E-02  2.98453718E-01  1.94549060E-03
9.24213424E-02  2.60994405E-01  1.78843015E-03
9.27199574E-02  2.32690156E-01  1.70383265E-03
9.30185724E-02  2.07501292E-01  1.61188236E-03
9.33171874E-02  1.88043654E-01  1.54995662E-03
9.36158024E-02  1.71525493E-01  1.42972660E-03
9.39144174E-02  1.56310335E-01  1.40026829E-03
9.42130324E-02  1.45942032E-01  1.34573109E-03
9.45116474E-02  1.36441782E-01  1.29539822E-03
9.48102624E-02  1.27577171E-01  1.25821622E-03
9.51088774E-02  1.21862590E-01  1.20614655E-03
9.54074924E-02  1.15554169E-01  1.19001605E-03
9.57061074E-02  1.10359907E-01  1.15988532E-03
9.60047224E-02  1.04082562E-01  1.12740963E-03
9.63033374E-02  1.01046026E-01  1.10021280E-03
9.66019524E-02  9.78218243E-02  1.08818617E-03
9.69005674E-02  9.32168961E-02  1.05948816E-03
9.71991824E-02  8.87676254E-02  1.03120611E-03
9.74977974E-02  8.72886777E-02  1.01905747E-03
9.77964124E-02  8.48728567E-02  1.00141915E-03
9.80950274E-02  8.18319544E-02  9.90103930E-04
9.83936424E-02  7.90614039E-02  9.73621209E-04
9.86922574E-02  8.09954181E-02  9.84605751E-04
9.89908724E-02  7.67503902E-02  9.48258559E-04
9.92894874E-02  7.60304108E-02  9.41016595E-04
9.95881024E-02  7.17151389E-02  9.21319705E-04
9.98867174E-02  7.12798461E-02  9.21679311E-04
1.00185332E-01  7.13234022E-02  9.01240855E-04
1.00483947E-01  7.09812045E-02  9.13475291E-04
1.00782562E-01  6.91712275E-02  8.90846364E-04
1.01081177E-01  6.89955205E-02  8.98702303E-04
1.01379792E-01  6.59532472E-02  8.75339902E-04
1.01678407E-01  6.66704178E-02  8.70635209E-04
1.01977022E-01  6.30142167E-02  8.55615537E-04
1.02275637E-01  6.36765361E-02  8.60101136E-04
1.02574252E-01  6.24436699E-02  8.48181488E-04
1.02872867E-01  6.11882694E-02  8.30669538E-04
1.03171482E-01  6.02106415E-02  8.23336828E-04
1.03470097E-01  6.25986531E-02  8.40875553E-04
1.03768712E-01  6.15121759E-02  8.41134402E-04
1.04067327E-01  5.99521324E-02  8.15618667E-04
1.04365942E-01  6.02736846E-02  8.27142794E-04
1.04664557E-01  5.99937476E-02  8.24544404E-04
1.04963172E-01  5.88430837E-02  8.10646161E-04
1.05261787E-01  5.81083186E-02  8.07527453E-04
1.05560402E-01  5.91394678E-02  8.06205790E-04
1.05859017E-01  5.64417504E-02  7.97808112E-04
1.06157632E-01  5.65836243E-02  7.93653075E-04
1.06456247E-01  5.72405159E-02  7.98247347E-04
1.06754862E-01  5.57721034E-02  7.78602902E-04
1.07053477E-01  5.69114313E-02  7.91506027E-04
1.07352092E-01  5.50401732E-02  7.78385554E-04
1.07650707E-01  5.49074784E-02  7.78066693E-04
1.07949322E-01  5.54804951E-02  7.80873408E-04
1.08247937E-01  5.43720983E-02  7.72421365E-04
1.08546552E-01  5.33799753E-02  7.68395315E-04
1.08845167E-01  5.36580607E-02  7.57779460E-04
1.09143782E-01  5.43849133E-02  7.71902676E-04
1.09442397E-01  5.29556610E-02  7.52223248E-04
1.09741012E-01  5.18119670E-02  7.46365637E-04
1.10039627E-01  5.31978495E-02  7.62228156E-04
1.10338242E-01  5.22972569E-02  7.51022249E-04
1.10636857E-01  5.35291359E-02  7.50514970E-04
1.10935472E-01  5.19559905E-02  7.38843519E-04
1.11234087E-01  5.36267944E-02  7.57564558E-04
1.11532702E-01  5.15672974E-02  7.42302102E-04
1.11831317E-01  5.38172014E-02  7.54257373E-04
1.12129932E-01  5.13919853E-02  7.38479022E-04
1.12428547E-01  5.09921871E-02  7.35319802E-04
1.12727162E-01  5.06606959E-02  7.29856954E-04
1.13025777E-01  5.13219051E-02  7.33769324E-04
1.13324392E-01  5.23696579E-02  7.40100921E-04
1.13623007E-01  5.07276021E-02  7.30063592E-04
1.13921622E-01  5.12152500E-02  7.34122645E-04
1.14220237E-01  5.05835265E-02  7.22474419E-04
1.14518852E-01  5.15336879E-02  7.23319943E-04
1.14817467E-01  5.17376252E-02  7.35069625E-04
1.15116082E-01  5.00434302E-02  7.22389959E-04
1.15414697E-01  5.09075224E-02  7.25328515E-04
1.15713312E-01  5.10733686E-02  7.19557400E-04
1.16011927E-01  5.08478656E-02  7.20612297E-04
1.16310542E-01  4.97790799E-02  7.19398959E-04
1.16609157E-01  5.04307263E-02  7.16068200E-04
1.16907772E-01  5.00154234E-02  7.15748756E-04
1.17206387E-01  5.15013561E-02  7.23365054E-04
1.17505002E-01  5.08264229E-02  7.14167079E-04
1.17803617E-01  5.06027862E-02  7.20474927E-04
1.18102232E-01  4.96460386E-02  7.06852879E-04
1.18400847E-01  5.06590232E-02  7.15069473E-04
1.18699462E-01  4.98957224E-02  7.08114821E-04
1.18998077E-01  4.90204878E-02  6.95343537E-04
1.19296692E-01  4.95450832E-02  7.12381327E-04
1.19595307E-01  5.07698320E-02  7.08148233E-04
1.19893922E-01  5.08091524E-02  7.06911029E-04
1.20192537E-01  5.04519083E-02  7.12571957E-04
1.20491152E-01  5.16858958E-02  7.10967171E-04
1.20789767E-01  4.97543104E-02  7.04054779E-04
1.21088382E-01  5.16580008E-02  7.16367562E-04
1.21386997E-01  5.03463969E-02  7.01696204E-04
1.21685612E-01  5.01431823E-02  7.06803054E-04
1.21984227E-01  5.16557619E-02  7.12781446E-04
1.22282842E-01  5.03694303E-02  6.98901655E-04
1.22581457E-01  5.19590527E-02  7.04922481E-04
1.22880072E-01  5.08767776E-02  7.09916174E-04
1.23178687E-01  5.25049604E-02  7.14568188E-04
1.23477302E-01  5.11295535E-02  7.07138039E-04
1.23775917E-01  5.13720587E-02  7.00448465E-04
1.24074532E-01  5.17221987E-02  7.09722925E-04
1.24373147E-01  5.01398407E-02  6.97801530E-04
1.24671762E-01  5.13022691E-02  7.01915123E-04
1.24970377E-01  5.14680147E-02  7.01105397E-04
1.25268992E-01  5.01549505E-02  6.91151712E-04
1.25567607E-01  5.19121401E-02  6.99792348E-04
1.25866222E-01  5.19663543E-02  7.11400760E-04
1.26164837E-01  5.08219898E-02  6.95734867E-04
1.26463452E-01  5.38369194E-02  7.12649955E-04
1.26762067E-01  5.23217246E-02  7.05441867E-04
1.27060682E-01  5.29059917E-02  7.07428379E-04
1.27359297E-01  5.21594621E-02  7.12976209E-04
1.27657912E-01  5.38784266E-02  7.07641477E-04
1.27956527E-01  5.33029698E-02  7.06945895E-04
1.28255142E-01  5.30642010E-02  7.10433524E-04
1.28553757E-01  5.31526022E-02  6.98650954E-04
1.28852372E-01  5.42088449E-02  7.08385429E-04
1.29150987E-01  5.54123782E-02  7.16206792E-04
1.29449602E-01  5.36985025E-02  7.09327753E-04
1.29748217E-01  5.45242988E-02  7.14278489E-04
1.30046832E-01  5.55597842E-02  7.15250033E-04
1.30345447E-01  5.52199557E-02  7.11169967E-04
1.30644062E-01  5.54396845E-02  7.11643021E-04
1.30942677E-01  5.53668663E-02  7.16396898E-04
1.31241292E-01  5.63890077E-02  7.20571144E-04
1.31539907E-01  5.72802536E-02  7.22409110E-04
1.31838522E-01  5.74729890E-02  7.26982194E-04
1.32137137E-01  5.76990359E-02  7.35034468E-04
1.32435752E-01  5.98560981E-02  7.58462469E-04
1.32734367E-01  5.89428656E-02  7.51611951E-04
1.33032982E-01  6.06927276E-02  7.70736253E-04
1.33331597E-01  5.89604676E-02  7.59658578E-04
1.33630212E-01  6.09163567E-02  7.75454217E-04
1.33928827E-01  6.18920550E-02  7.93618325E-04
1.34227442E-01  6.37132749E-02  7.85805518E-04
1.34526057E-01  6.39737174E-02  8.03319854E-04
1.34824672E-01  6.55856058E-02  8.19372130E-04
1.35123287E-01  6.60832822E-02  8.17652035E-04
1.35421902E-01  6.61925599E-02  8.25602969E-04
1.35720517E-01  6.91693425E-02  8.35307874E-04
1.36019132E-01  7.01301023E-02  8.56200699E-04
1.36317747E-01  7.13015646E-02  8.54969257E-04
1.36616362E-01  7.35620558E-02  8.65855545E-04
1.36914977E-01  7.18161315E-02  8.65128997E-04
1.37213592E-01  7.55246505E-02  8.88525334E-04
1.37512207E-01  7.60993436E-02  9.00788989E-04
1.37810822E-01  7.97376931E-02  9.12973832E-04
1.38109437E-01  8.26648176E-02  9.29581292E-04
1.38408052E-01  8.37681070E-02  9.39319259E-04
1.38706667E-01  8.75914767E-02  9.62718099E-04
1.39005282E-01  8.99510756E-02  9.86213214E-04
1.39303897E-01  9.33390707E-02  9.84810758E-04
1.39602512E-01  9.69688818E-02  1.02316542E-03
1.39901127E-01  1.01004735E-01  1.04261655E-03
1.40199742E-01  1.03995137E-01  1.05303770E-03
1.40498357E-01  1.08328022E-01  1.08610780E-03
1.40796972E-01  1.13619342E-01  1.09773292E-03
1.41095587E-01  1.20711699E-01  1.14786660E-03
1.41394202E-01  1.23282358E-01  1.15277583E-03
1.41692817E-01  1.29771993E-01  1.19016820E-03
1.41991432E-01  1.37816921E-01  1.22650585E-03
1.42290047E-01  1.43228322E-01  1.24157371E-03
1.42588662E-01  1.53452724E-01  1.30245951E-03
1.42887277E-01  1.59594879E-01  1.32090703E-03
1.43185892E-01  1.69457138E-01  1.35682989E-03
1.43484507E-01  1.77943796E-01  1.40143640E-03
1.43783122E-01  1.90287188E-01  1.43724552E-03
1.44081737E-01  1.98262140E-01  1.47168012E-03
1.44380352E-01  2.10439935E-01  1.50379469E-03
1.44678967E-01  2.21234515E-01  1.52481277E-03
1.44977582E-01  2.33973891E-01  1.59937516E-03
1.45276197E-01  2.46283144E-01  1.61682349E-03
1.45574812E-01  2.61556864E-01  1.68571039E-03
1.45873427E-01  2.74022520E-01  1.68553460E-03
1.46172042E-01  2.88055331E-01  1.74058706E-03
1.46470657E-01  2.99443066E-01  1.79594022E-03
1.46769272E-01  3.13320160E-01  1.81531953E-03
1.47067887E-01  3.26326489E-01  1.84840814E-03
1.47366502E-01  3.44518065E-01  1.88996329E-03
1.47665117E-01  3.54372829E-01  1.91968400E-03
1.47963732E-01  3.65683854E-01  1.97243807E-03
1.48262347E-01  3.78216475E-01  1.98471174E-03
1.48560962E-01  3.92761946E-01  2.02556886E-03
1.48859577E-01  3.94811928E-01  2.00381177E-03
1.49158192E-01  4.07613844E-01  2.07847240E-03
1.49456807E-01  4.10949409E-01  2.06262595E-03
1.49755422E-01  4.11796778E-01  2.05937005E-03
1.50054037E-01  4.18742269E-01  2.08992674E-03
1.50352652E-01  4.18157756E-01  2.06221873E-03
1.50651267E-01  4.17112470E-01  2.08901195E-03
1.50949882E-01  4.09278572E-01  2.03722040E-03
1.51248497E-01  4.09078896E-01  2.04649474E-03
1.51547112E-01  4.02672946E-01  2.06585880E-03
1.51845727E-01  3.90309334E-01  1.97504135E-03
1.52144342E-01  3.80971164E-01  1.99949741E-03
1.52442957E-01  3.70520145E-01  1.91330689E-03
1.52741572E-01  3.56106848E-01  1.90309063E-03
1.53040187E-01  3.44134599E-01  1.89750618E-03
1.53338802E-01  3.20174277E-01  1.79336267E-03
1.53637417E-01  3.07838827E-01  1.77992089E-03
1.53936032E-01  2.86945879E-01  1.69346342E-03
1.54234647E-01  2.66212374E-01  1.63468206E-03
1.54533262E-01  2.51105249E-01  1.61236769E-03
1.54831877E-01  2.34471694E-01  1.53637188E-03
1.55130492E-01  2.17941985E-01  1.48338813E-03
1.55429107E-01  2.01691687E-01  1.41927344E-03
1.55727722E-01  1.86580896E-01  1.37856789E-03
1.56026337E-01  1.73396796E-01  1.32121681E-03
1.56324952E-01  1.65078461E-01  1.28493935E-03
1.56623567E-01  1.54333308E-01  1.25657092E-03
1.56922182E-01  1.42220616E-01  1.18880987E-03
1.57220797E-01  1.35515630E-01  1.17617554E-03
1.57519412E-01  1.25230163E-01  1.11674739E-03
1.57818027E-01  1.17651969E-01  1.08165434E-03
1.58116642E-01  1.12120092E-01  1.07023993E-03
1.58415257E-01  1.09269470E-01  1.04241224E-03
1.58713872E-01  1.04397833E-01  1.02856255E-03
1.59012487E-01  1.00118600E-01  9.92831774E-04
1.59311102E-01  9.73459482E-02  9.93947149E-04
1.59609717E-01  9.58301425E-02  9.87992156E-04
1.59908332E-01  9.23601910E-02  9.47545690E-04
1.60206947E-01  9.00184438E-02  9.44792468E-04
1.60505562E-01  8.69744420E-02  9.28682159E-04
1.60804177E-01  8.68970305E-02  9.27274290E-04
1.61102792E-01  8.57612938E-02  9.21525352E-04
1.61401407E-01  8.69193971E-02  9.24099411E-04
1.61700022E-01  8.58702436E-02  9.17205645E-04
1.61998637E-01  8.39048922E-02  9.08581074E-04
1.62297252E-01  8.53827372E-02  9.20812832E-04
1.62595867E-01  8.66588652E-02  9.27005080E-04
1.62894482E-01  8.78483802E-02  9.22830077E-04
1.63193097E-01  8.93076509E-02  9.44116735E-04
1.63491712E-01  8.95085856E-02  9.29561153E-04
1.63790327E-01  9.20633525E-02  9.57539829E-04
1.64088942E-01  9.42468271E-02  9.52522794E-04
1.64387557E-01  9.63175297E-02  9.70382942E-04
1.64686172E-01  9.82056633E-02  9.91470763E-04
1.64984787E-01  1.02407336E-01  9.94292786E-04
1.65283402E-01  1.03709430E-01  1.00693514E-03
1.65582017E-01  1.06595770E-01  1.01230969E-03
1.65880632E-01  1.09770045E-01  1.03158038E-03
1.66179247E-01  1.14838563E-01  1.06373057E-03
1.66477862E-01  1.18826136E-01  1.06696109E-03
1.66776477E-01  1.21834919E-01  1.08985545E-03
1.67075092E-01  1.27257317E-01  1.11620640E-03
1.67373707E-01  1.33194774E-01  1.13833370E-03
1.67672322E-01  1.37584001E-01  1.15612720E-03
1.67970937E-01  1.43854856E-01  1.17113977E-03
1.68269552E-01  1.48321375E-01  1.19871553E-03
1.68568167E-01  1.51287183E-01  1.19854219E-03
1.68866782E-01  1.59235984E-01  1.24773011E-03
1.69165397E-01  1.64357752E-01  1.25790539E-03
1.69464012E-01  1.71416312E-01  1.27666921E-03
1.69762627E-01  1.77402049E-01  1.30732800E-03
1.70061242E-01  1.84175044E-01  1.32744154E-03
1.70359857E-01  1.86887771E-01  1.35269749E-03
1.70658472E-01  1.92092106E-01  1.34686276E-03
1.70957087E-01  1.98854312E-01  1.37553690E-03
1.71255702E-01  2.03522280E-01  1.40863576E-03
1.71554317E-01  2.08495647E-01  1.39372365E-03
1.71852932E-01  2.13667333E-01  1.42880552E-03
1.72151547E-01  2.17887446E-01  1.43789558E-03
1.72450162E-01  2.21894324E-01  1.45455229E-03
1.72748777E-01  2.24876553E-01  1.46783888E-03
1.73047392E-01  2.22796187E-01  1.45450758E-03
1.73346007E-01  2.24964216E-01  1.46408216E-03
1.73644622E-01  2.28102967E-01  1.46721117E-03
1.73943237E-01  2.25539416E-01  1.45944289E-03
1.74241852E-01  2.29921415E-01  1.48268521E-03
1.74540467E-01  2.25433394E-01  1.44973991E-03
1.74839082E-01  2.22435623E-01  1.45785010E-03
1.75137697E-01  2.20000505E-01  1.43604202E-03
1.75436312E-01  2.14416817E-01  1.42691098E-03
1.75734927E-01  2.10010707E-01  1.39505812E-03
1.76033542E-01  2.06836954E-01  1.38866797E-03
1.76332157E-01  2.01345026E-01  1.39087054E-03
1.76630772E-01  1.90632865E-01  1.32959057E-03
1.76929387E-01  1.86575532E-01  1.33564998E-03
1.77228002E-01  1.80475727E-01  1.28852075E-03
1.77526617E-01  1.71082169E-01  1.26381288E-03
1.77825232E-01  1.63286537E-01  1.23886927E-03
1.78123847E-01  1.52364373E-01  1.19187532E-03
1.78422462E-01  1.48057386E-01  1.17491058E-03
1.78721077E-01  1.39363885E-01  1.14297983E-03
1.79019692E-01  1.32282719E-01  1.11394248E-03
1.79318307E-01  1.23990402E-01  1.07883022E-03
1.79616922E-01  1.18434459E-01  1.03865901E-03
1.79915537E-01  1.11578986E-01  1.02168450E-03
1.80214152E-01  1.04578093E-01  9.80539364E-04
1.80512767E-01  1.00325219E-01  9.70107154E-04
1.80811382E-01  9.28151608E-02  9.30574257E-04
1.81109997E-01  8.93567726E-02  9.04580171E-04
1.81408612E-01  8.45045745E-02  8.88537790E-04
1.81707227E-01  8.13388973E-02  8.66780116E-04
1.82005842E-01  7.70071000E-02  8.43385002E-04
1.82304457E-01  7.49564916E-02  8.27402924E-04
1.82603072E-01  7.08054751E-02  8.07637814E-04
1.82901687E-01  6.79504275E-02  7.96774460E-04
1.83200302E-01  6.57346770E-02  7.76634668E-04
1.83498917E-01  6.47064894E-02  7.67492456E-04
1.83797532E-01  6.32153153E-02  7.57354894E-04
1.84096147E-01  6.06628843E-02  7.48810358E-04
1.84394762E-01  5.78150451E-02  7.32246786E-04
1.84693377E-01  5.69675751E-02  7.21802819E-04
1.84991992E-01  5.58754690E-02  7.18659256E-04
1.85290607E-01  5.34218512E-02  6.93731825E-04
1.85589222E-01  5.25069684E-02  6.92742644E-04
1.85887837E-01  5.24696298E-02  6.90449669E-04
1.86186452E-01  5.09608313E-02  6.79115648E-04
1.86485067E-01  4.94326241E-02  6.72381604E-04
1.86783682E-01  4.84042428E-02  6.63383107E-04
1.87082297E-01  4.87019159E-02  6.68279128E-04
1.87380912E-01  4.88347150E-02  6.64802559E-04
1.87679527E-01  4.69064973E-02  6.46080298E-04
1.87978142E-01  4.53899428E-02  6.43456879E-04
1.88276757E-01  4.56993021E-02  6.44163461E-04
1.88575372E-01  4.64822501E-02  6.51584764E-04
1.88873987E-01  4.48335744E-02  6.35953213E-04
1.89172602E-01  4.53954376E-02  6.36412413E-04
1.89471217E-01  4.30445932E-02  6.24359469E-04
1.89769832E-01  4.34168018E-02  6.28701004E-04
1.90068447E-01  4.30810824E-02  6.17400103E-04
1.90367062E-01  4.22448441E-02  6.17124198E-04
1.90665677E-01  4.32379358E-02  6.22919004E-04
1.90964292E-01  4.27040830E-02  6.17862388E-04
1.91262907E-01  4.26239111E-02  6.19889877E-04
1.91561522E-01  4.27994803E-02  6.13427488E-04
1.91860137E-01  4.03048582E-02  6.03382359E-04
1.92158752E-01  4.15335670E-02  6.09339913E-04
1.92457367E-01  4.06284407E-02  6.03444467E-04
1.92755982E-01  4.07250859E-02  6.01636944E-04
1.93054597E-01  3.97452302E-02  5.94737940E-04
1.93353212E-01  3.99486497E-02  5.93216857E-04
1.93651827E-01  4.02475186E-02  6.01782696E-04
1.93950442E-01  3.93273532E-02  5.91606251E-04
1.94249057E-01  3.94198149E-02  5.88158960E-04
1.94547672E-01  3.93515080E-02  5.92170574E-04
1.94846287E-01  3.87741998E-02  5.86680311E-04
1.95144902E-01  3.92733254E-02  5.93689037E-04
1.95443517E-01  3.75100821E-02  5.68008691E-04
1.95742132E-01  3.82104218E-02  5.81285800E-04
1.96040747E-01  3.86149511E-02  5.85478381E-04
1.96339362E-01  3.84770408E-02  5.85748581E-04
1.96637977E-01  3.70859429E-02  5.69408527E-04
1.96936592E-01  3.68584991E-02  5.68738964E-04
1.97235207E-01  3.73294652E-02  5.74367412E-04
1.97533822E-01  3.73616330E-02  5.72428224E-04
1.97832437E-01  3.73615772E-02  5.74250065E-04
1.98131052E-01  3.60618718E-02  5.61142631E-04
1.98429667E-01  3.69614251E-02  5.68637333E-04
1.98728282E-01  3.69500220E-02  5.70354925E-04
1.99026897E-01  3.72947305E-02  5.69401833E-04
1.99325512E-01  3.62706967E-02  5.63301961E-04
1.99624127E-01  3.68686691E-02  5.67748037E-04
1.99922742E-01  3.65641825E-02  5.64332004E-04
2.00221357E-01  3.62341665E-02  5.64987597E-04
2.00519972E-01  3.63057368E-02  5.59876557E-04
2.00818587E-01  3.55141908E-02  5.53223479E-04
2.01117202E-01  3.54923196E-02  5.58466883E-04
2.01415817E-01  3.50961797E-02  5.49788994E-04
2.01714432E-01  3.44704725E-02  5.47426287E-04
2.02013047E-01  3.51487584E-02  5.50545112E-04
2.02311662E-01  3.47923860E-02  5.49978460E-04
2.02610277E-01  3.44351232E-02  5.48527518E-04
2.02908892E-01  3.53070199E-02  5.49396675E-04
2.03207507E-01  3.40156555E-02  5.41433692E-04
2.03506122E-01  3.52247544E-02  5.50118217E-04
2.03804737E-01  3.41974124E-02  5.42542723E-04
2.04103352E-01  3.52255665E-02  5.52358339E-04
2.04401967E-01  3.50427553E-02  5.50236378E-04
2.04700582E-01  3.42205130E-02  5.39056084E-04
2.04999197E-01  3.44873630E-02  5.42654074E-04
2.05297812E-01  3.43847200E-02  5.47100266E-04
2.05596427E-01  3.37377489E-02  5.37555257E-04
2.05895042E-01  3.47061306E-02  5.46570169E-04
2.06193657E-01  3.39107513E-02  5.36780281E-04
2.06492272E-01  3.38787176E-02  5.35870553E-04
2.06790887E-01  3.39053720E-02  5.42087131E-04
2.07089502E-01  3.41134556E-02  5.34788240E-04
2.07388117E-01  3.46766040E-02  5.46172902E-04
2.07686732E-01  3.37077528E-02  5.36328997E-04
2.07985347E-01  3.44472416E-02  5.40353067E-04
2.08283962E-01  3.23681198E-02  5.25080250E-04
2.08582577E-01  3.37477885E-02  5.32402832E-04
2.08881192E-01  3.30575146E-02  5.29343903E-04
2.09179807E-01  3.40140834E-02  5.39430592E-04
2.09478422E-01  3.39575894E-02  5.32606675E-04
2.09777037E-01  3.47709991E-02  5.44561306E-04
2.10075652E-01  3.34419459E-02  5.29028184E-04
2.10374267E-01  3.43774073E-02  5.43147326E-04
2.10672882E-01  3.31253484E-02  5.31521509E-04
2.10971497E-01  3.32315601E-02  5.23737690E-04
2.11270112E-01  3.32007259E-02  5.31637110E-04
2.11568727E-01  3.28214392E-02  5.23154624E-04
2.11867342E-01  3.36327180E-02  5.34594001E-04
2.12165957E-01  3.34623717E-02  5.28558274E-04
2.12464572E-01  3.31437476E-02  5.25561802E-04
2.12763187E-01  3.30200605E-02  5.27124677E-04
2.13061802E-01  3.45476381E-02  5.38690132E-04
2.13360417E-01  3.35064530E-02  5.32452483E-04
2.13659032E-01  3.33933569E-02  5.25961164E-04
2.13957647E-01  3.42956632E-02  5.33659419E-04
2.14256262E-01  3.31992656E-02  5.27437776E-04
2.14554877E-01  3.26286405E-02  5.19751513E-04
2.14853492E-01  3.33742984E-02  5.26445161E-04
2.15152107E-01  3.25489938E-02  5.19273977E-04
2.15450722E-01  3.28410715E-02  5.26824442E-04
2.15749337E-01  3.36951837E-02  5.29926911E-04
2.16047952E-01  3.30515131E-02  5.23113704E-04
2.16346567E-01  3.35885622E-02  5.27663040E-04
2.16645182E-01  3.31782810E-02  5.21475158E-04
2.16943797E-01  3.35770175E-02  5.27416589E-04
2.17242412E-01  3.39660756E-02  5.33989107E-04
2.17541027E-01  3.38851735E-02  5.24988864E-04
2.17839642E-01  3.42760943E-02  5.37073996E-04
2.18138257E-01  3.48039381E-02  5.31125756E-04
2.18436872E-01  3.33306752E-02  5.25169366E-04
2.18735487E-01  3.32414694E-02  5.21824171E-04
2.19034102E-01  3.45357619E-02  5.32201957E-04
2.19332717E-01  3.39446701E-02  5.31099096E-04
2.19631332E-01  3.48569565E-02  5.35943836E-04
2.19929947E-01  3.44505832E-02  5.30763238E-04
2.20228562E-01  3.46428007E-02  5.30523248E-04
2.20527177E-01  3.46923359E-02  5.33728220E-04
2.20825792E-01  3.55486162E-02  5.40917565E-04
2.21124407E-01  3.49705815E-02  5.34916006E-04
2.21423022E-01  3.46841514E-02  5.31780417E-04
2.21721637E-01  3.49479690E-02  5.32703823E-04
2.22020252E-01  3.51710878E-02  5.34246035E-04
2.22318867E-01  3.56139913E-02  5.41098590E-04
2.22617482E-01  3.51336077E-02  5.31170226E-04
2.22916097E-01  3.59065533E-02  5.44288661E-04
2.23214712E-01  3.63211408E-02  5.41804940E-04
2.23513327E-01  3.50540020E-02  5.35878644E-04
2.23811942E-01  3.72002982E-02  5.48966054E-04
2.24110557E-01  3.60867828E-02  5.38488734E-04
2.24409172E-01  3.58970761E-02  5.41168789E-04
2.24707787E-01  3.56530324E-02  5.34161518E-04
2.25006402E-01  3.64637673E-02  5.46553580E-04
2.25305017E-01  3.62173952E-02  5.34985855E-04
2.25603632E-01  3.67415249E-02  5.46376396E-04
2.25902247E-01  3.66000347E-02  5.45965217E-04
2.26200862E-01  3.61153334E-02  5.39335248E-04
2.26499477E-01  3.69690470E-02  5.43780101E-04
2.26798092E-01  3.59397158E-02  5.39122673E-04
2.27096707E-01  3.68271023E-02  5.44944196E-04
2.27395322E-01  3.61330099E-02  5.41839399E-04
2.27693937E-01  3.63776311E-02  5.36942855E-04
2.27992552E-01  3.67090404E-02  5.41245274E-04
2.28291167E-01  3.66828889E-02  5.40742127E-04
2.28589782E-01  3.54608260E-02  5.35994826E-04
2.28888397E-01  3.46104652E-02  5.27681899E-04
2.29187012E-01  3.53903361E-02  5.29157813E-04
2.29485627E-01  3.51609811E-02  5.29410376E-04
2.29784242E-01  3.48763801E-02  5.29708399E-04
2.30082857E-01  3.50519754E-02  5.27529977E-04
2.30381472E-01  3.51967439E-02  5.27562224E-04
2.30680087E-01  3.38922627E-02  5.19029389E-04
2.30978702E-01  3.38606052E-02  5.18788002E-04
2.31277317E-01  3.40501666E-02  5.20837144E-04
2.31575932E-01  3.45323570E-02  5.24362375E-04
2.31874547E-01  3.28287445E-02  5.07344317E-04
2.32173162E-01  3.31398696E-02  5.12213679E-04
2.32471777E-01  3.33605334E-02  5.14948159E-04
2.32770392E-01  3.32983434E-02  5.12707105E-04
2.33069007E-01  3.31028700E-02  5.10910060E-04
2.33367622E-01  3.17796804E-02  4.98754147E-04
2.33666237E-01  3.14996392E-02  5.00815164E-04
2.33964852E-01  3.11203804E-02  4.93974308E-04
2.34263467E-01  3.20300534E-02  5.01142989E-04
2.34562082E-01  3.09804790E-02  4.94124775E-04
2.34860697E-01  3.06710191E-02  4.90814855E-04
2.35159312E-01  3.05361766E-02  4.90291975E-04
2.35457927E-01  2.97818258E-02  4.81606519E-04
2.35756542E-01  3.00516859E-02  4.81892173E-04
2.36055157E-01  3.02802678E-02  4.87820682E-04
2.36353772E-01  3.00406609E-02  4.85474913E-04
2.36652387E-01  2.95188949E-02  4.83851298E-04
2.36951002E-01  2.93547492E-02  4.73771914E-04
2.37249617E-01  2.90364530E-02  4.78651753E-04
2.37548232E-01  2.83365231E-02  4.70708939E-04
2.37846847E-01  2.93032546E-02  4.77059395E-04
2.38145462E-01  2.83237565E-02  4.68625600E-04
2.38444077E-01  2.88436674E-02  4.69764083E-04
2.38742692E-01  2.82096975E-02  4.72331449E-04
2.39041307E-01  2.81232111E-02  4.67359030E-04
2.39339922E-01  2.85394844E-02  4.69885243E-04
2.39638537E-01  2.79055461E-02  4.65027842E-04
2.39937152E-01  2.79662367E-02  4.64237848E-04
2.40235767E-01  2.77354904E-02  4.65567718E-04
2.40534382E-01  2.81827766E-02  4.66293044E-04
2.40832997E-01  2.80732773E-02  4.64354263E-04
2.41131612E-01  2.78210752E-02  4.64718440E-04
2.41430227E-01  2.83461642E-02  4.65191551E-04
2.41728842E-01  2.80475542E-02  4.67394333E-04
2.42027457E-01  2.78947763E-02  4.59956762E-04
2.42326072E-01  2.78428011E-02  4.61299904E-04
2.42624687E-01  2.78531928E-02  4.65775054E-04
2.42923302E-01  2.78516766E-02  4.63038450E-04
2.43221917E-01  2.83629950E-02  4.62918950E-04
2.43520532E-01  2.74238754E-02  4.57064598E-04
2.43819147E-01  2.84536146E-02  4.65952093E-04
2.44117762E-01  2.75749452E-02  4.60864365E-04
2.44416377E-01  2.84026805E-02  4.68905637E-04
2.44714992E-01  2.78947670E-02  4.58587136E-04
2.45013607E-01  2.78294235E-02  4.62860422E-04
2.45312222E-01  2.72501390E-02  4.55245143E-04
2.45610837E-01  2.92521641E-02  4.73103166E-04
2.45909452E-01  2.85391398E-02  4.62600903E-04
2.46208067E-01  2.86900755E-02  4.67634876E-04
2.46506682E-01  2.84279045E-02  4.64473531E-04
2.46805297E-01  2.86863036E-02  4.70330473E-04
2.47103912E-01  2.92862486E-02  4.69256192E-04
2.47402527E-01  2.90457699E-02  4.67326638E-04
2.47701142E-01  2.90619768E-02  4.70273284E-04
2.47999757E-01  2.90370956E-02  4.69686231E-04
2.48298372E-01  2.95906309E-02  4.76896181E-04
2.48596987E-01  2.93357056E-02  4.65880934E-04
2.48895602E-01  2.94336732E-02  4.69932333E-04
2.49194217E-01  2.94224955E-02  4.70353698E-04
2.49492832E-01  2.99197435E-02  4.75215988E-04
2.49791447E-01  2.92708296E-02  4.71191714E-04
2.50090062E-01  2.99084485E-02  4.73071530E-04
2.50388677E-01  3.01219411E-02  4.78126050E-04
2.50687292E-01  2.97810324E-02  4.73730441E-04
2.50985907E-01  3.03166509E-02  4.75266686E-04
2.51284522E-01  3.06888204E-02  4.81160241E-04
2.51583137E-01  3.06533370E-02  4.77387570E-04
2.51881752E-01  3.09038740E-02  4.81406139E-04
2.52180367E-01  3.15039419E-02  4.86058532E-04
2.52478982E-01  3.03457156E-02  4.75371984E-04
2.52777597E-01  3.16937938E-02  4.86733567E-04
2.53076212E-01  3.16287689E-02  4.86366276E-04
2.53374827E-01  3.20961699E-02  4.91408631E-04
2.53673442E-01  3.25790495E-02  4.88765188E-04
2.53972057E-01  3.24638858E-02  4.91820567E-04
2.54270672E-01  3.27146798E-02  4.93585132E-04
2.54569287E-01  3.29713300E-02  4.97797446E-04
2.54867902E-01  3.32749747E-02  4.97528876E-04
2.55166517E-01  3.33660282E-02  4.95031825E-04
2.55465132E-01  3.33331898E-02  4.97565721E-04
2.55763747E-01  3.34242098E-02  4.98646696E-04
2.56062362E-01  3.38897184E-02  5.01973496E-04
2.56360977E-01  3.33606526E-02  4.94734326E-04
2.56659592E-01  3.29880752E-02  4.90668055E-04
2.56958207E-01  3.32611576E-02  4.96767287E-04
2.57256822E-01  3.43455188E-02  5.03992371E-04
2.57555437E-01  3.39896195E-02  4.98984766E-04
2.57854052E-01  3.38136554E-02  4.98880574E-04
2.58152667E-01  3.44565138E-02  5.05349191E-04
2.58451282E-01  3.37187164E-02  5.00044378E-04
2.58749897E-01  3.43947560E-02  5.00370050E-04
2.59048512E-01  3.47958915E-02  5.04341268E-04
2.59347127E-01  3.45038027E-02  5.01956441E-04
2.59645742E-01  3.46389450E-02  5.05476084E-04
2.59944357E-01  3.38398740E-02  5.00412483E-04
2.60242972E-01  3.45312767E-02  4.99144488E-04
2.60541587E-01  3.37612592E-02  4.98107576E-04
2.60840202E-01  3.30277681E-02  4.91367129E-04
2.61138817E-01  3.41030098E-02  5.00757364E-04
2.61437432E-01  3.37016247E-02  4.96095105E-04
2.61736047E-01  3.31927016E-02  4.90146107E-04
2.62034662E-01  3.21414880E-02  4.84606222E-04
2.62333277E-01  3.33850905E-02  4.93633328E-04
2.62631892E-01  3.33853178E-02  4.90801351E-04
2.62930507E-01  3.39403152E-02  4.95123037E-04
2.63229122E-01  3.23828831E-02  4.84515331E-04
2.63527737E-01  3.23248208E-02  4.87148965E-04
2.63826352E-01  3.19212005E-02  4.79923096E-04
2.64124967E-01  3.19357812E-02  4.80033807E-04
2.64423582E-01  3.19136158E-02  4.80243441E-04
2.64722197E-01  3.10494285E-02  4.71856183E-04
2.65020812E-01  3.13357338E-02  4.78756963E-04
2.65319427E-01  3.16115730E-02  4.74517728E-04
2.65618042E-01  3.12715359E-02  4.76886460E-04
2.65916657E-01  3.11140884E-02  4.73824737E-04
2.66215272E-01  3.03713381E-02  4.67528065E-04
2.66513887E-01  2.99863666E-02  4.64918878E-04
2.66812502E-01  2.94816047E-02  4.58140305E-04
2.67111117E-01  2.89499257E-02  4.57053451E-04
2.67409732E-01  2.91877799E-02  4.57738410E-04
2.67708347E-01  2.87676267E-02  4.55140689E-04
2.68006962E-01  2.79318057E-02  4.47783823E-04
2.68305577E-01  2.90001351E-02  4.54739755E-04
2.68604192E-01  2.78887432E-02  4.47093451E-04
2.68902807E-01  2.86033545E-02  4.52202221E-04
2.69201422E-01  2.84324866E-02  4.48772422E-04
2.69500037E-01  2.70529632E-02  4.39551572E-04
2.69798652E-01  2.74961181E-02  4.42910037E-04
2.70097267E-01  2.68428009E-02  4.40460397E-04
2.70395882E-01  2.66594272E-02  4.32245579E-04
2.70694497E-01  2.72686761E-02  4.40850738E-04
2.70993112E-01  2.65518613E-02  4.35803755E-04
2.71291727E-01  2.59110238E-02  4.30180720E-04
2.71590342E-01  2.63253134E-02  4.34728485E-04
2.71888957E-01  2.60388721E-02  4.26866784E-04
2.72187572E-01  2.58209463E-02  4.27567109E-04
2.72486187E-01  2.59874426E-02  4.29383246E-04
2.72784802E-01  2.52965391E-02  4.24507889E-04
2.73083417E-01  2.53176671E-02  4.20387601E-04
2.73382032E-01  2.62641497E-02  4.30675602E-04
2.73680647E-01  2.55094841E-02  4.26403567E-04
2.73979262E-01  2.58275140E-02  4.26973973E-04
2.74277877E-01  2.40085572E-02  4.09998553E-04
2.74576492E-01  2.56828796E-02  4.24698985E-04
2.74875107E-01  2.50133723E-02  4.20407654E-04
2.75173722E-01  2.54091658E-02  4.24371130E-04
2.75472337E-01  2.52384637E-02  4.18265990E-04
2.75770952E-01  2.44413894E-02  4.15576156E-04
2.76069567E-01  2.46164035E-02  4.12978057E-04
2.76368182E-01  2.49944814E-02  4.21761448E-04
2.76666797E-01  2.48896405E-02  4.19693679E-04
2.76965412E-01  2.42132526E-02  4.09278669E-04
2.77264027E-01  2.49943435E-02  4.19082760E-04
2.77562642E-01  2.47797444E-02  4.13628179E-04
2.77861257E-01  2.43984107E-02  4.15747811E-04
2.78159872E-01  2.39708796E-02  4.06519743E-04
2.78458487E-01  2.40052752E-02  4.08338034E-04
2.78757102E-01  2.50782501E-02  4.20430530E-04
2.79055717E-01  2.45044958E-02  4.13081871E-04
2.79354332E-01  2.44227145E-02  4.12289490E-04
2.79652947E-01  2.37805285E-02  4.06936044E-04
2.79951562E-01  2.45437268E-02  4.10031382E-04
2.80250177E-01  2.48620603E-02  4.17982606E-04
2.80548792E-01  2.48494819E-02  4.15255286E-04
2.80847407E-01  2.47953013E-02  4.13255009E-04
2.81146022E-01  2.41869465E-02  4.09889384E-04
2.81444637E-01  2.44275369E-02  4.12959722E-04
2.81743252E-01  2.41372678E-02  4.08754131E-04
2.82041867E-01  2.47637555E-02  4.10455250E-04
2.82340482E-01  2.39682142E-02  4.07119020E-04
2.82639097E-01  2.40337979E-02  4.07880143E-04
2.82937712E-01  2.42261421E-02  4.08796361E-04
2.83236327E-01  2.44778339E-02  4.10711160E-04
2.83534942E-01  2.44007949E-02  4.08042339E-04
2.83833557E-01  2.37623528E-02  4.04968217E-04
2.84132172E-01  2.53031030E-02  4.17166011E-04
2.84430787E-01  2.47147121E-02  4.14452428E-04
2.84729402E-01  2.44699158E-02  4.07323067E-04
2.85028017E-01  2.44296752E-02  4.09499829E-04
2.85326632E-01  2.44145617E-02  4.12034453E-04
2.85625247E-01  2.47618295E-02  4.08353168E-04
2.85923862E-01  2.42738612E-02  4.07690648E-04
2.86222477E-01  2.43628081E-02  4.08035150E-04
2.86521092E-01  2.44843420E-02  4.09153494E-04
2.86819707E-01  2.49797739E-02  4.16156225E-04
2.87118322E-01  2.45283078E-02  4.06329549E-04
2.87416937E-01  2.48722676E-02  4.11069748E-04
2.87715552E-01  2.51923818E-02  4.13100905E-04
2.88014167E-01  2.53495835E-02  4.17252362E-04
2.88312782E-01  2.45640129E-02  4.10027103E-04
2.88611397E-01  2.46040486E-02  4.05585743E-04
2.88910012E-01  2.42836811E-02  4.08085878E-04
2.89208627E-01  2.45500337E-02  4.08204534E-04
2.89507242E-01  2.46835984E-02  4.09014319E-04
2.89805857E-01  2.51096152E-02  4.11025947E-04
2.90104472E-01  2.57546864E-02  4.15668619E-04
2.90403087E-01  2.46424507E-02  4.10993001E-04
2.90701702E-01  2.50551049E-02  4.11181652E-04
2.91000317E-01  2.50374284E-02  4.10339358E-04
2.91298932E-01  2.53972374E-02  4.14183247E-04
2.91597547E-01  2.55666524E-02  4.16172057E-04
2.91896162E-01  2.62125861E-02  4.21089120E-04
2.92194777E-01  2.58217789E-02  4.16317867E-04
2.92493392E-01  2.60670353E-02  4.18696902E-04
2.92792007E-01  2.59956997E-02  4.18632553E-04
2.93090622E-01  2.60109939E-02  4.18553333E-04
2.93389237E-01  2.52659246E-02  4.12316062E-04
2.93687852E-01  2.64946725E-02  4.19284566E-04
2.93986467E-01  2.64767408E-02  4.22184734E-04
2.94285082E-01  2.65828781E-02  4.20891331E-04
2.94583697E-01  2.61935163E-02  4.20945726E-04
2.94882312E-01  2.69681979E-02  4.24341008E-04
2.95180927E-01  2.65563484E-02  4.18378855E-04
2.95479542E-01  2.67764404E-02  4.23956022E-04
2.95778157E-01  2.65441593E-02  4.20489174E-04
2.96076772E-01  2.63624694E-02  4.19350952E-04
2.96375387E-01  2.62727402E-02  4.18135256E-04
2.96674002E-01  2.66997758E-02  4.21318720E-04
2.96972617E-01  2.66930498E-02  4.24019847E-04
2.97271232E-01  2.73933578E-02  4.29755921E-04
2.97569847E-01  2.73999162E-02  4.30017593E-04
2.97868462E-01  2.76628286E-02  4.33343987E-04
2.98167077E-01  2.70178113E-02  4.30374930E-04
2.98465692E-01  2.76892036E-02  4.38407966E-04
2.98764307E-01  2.79425960E-02  4.36603063E-04
2.99062922E-01  2.76759248E-02  4.37212409E-04
2.99361537E-01  2.74393000E-02  4.36756585E-04
2.99660152E-01  2.75360625E-02  4.38296789E-04
2.99958767E-01  2.68935226E-02  4.33372072E-04
3.00257382E-01  2.78159212E-02  4.41968208E-04
3.00555997E-01  2.83772219E-02  4.46180522E-04
3.00854612E-01  2.72074100E-02  4.36226866E-04
3.01153227E-01  2.84194835E-02  4.48790845E-04
3.01451842E-01  2.84204576E-02  4.46749909E-04
3.01750457E-01  2.86736414E-02  4.53937857E-04
3.02049072E-01  2.72791237E-02  4.39585798E-04
3.02347687E-01  2.80271266E-02  4.54480672E-04
3.02646302E-01  2.85788532E-02  4.64773620E-04
3.02944917E-01  2.76115797E-02  4.56717389E-04
3.03243532E-01  2.79049017E-02  4.67884383E-04
3.03542147E-01  2.80787926E-02  4.70139639E-04
3.03840762E-01  2.77719051E-02  4.67299484E-04
3.04139377E-01  2.87088603E-02  4.81296796E-04
3.04437992E-01  2.91515663E-02  4.80679970E-04
3.04736607E-01  2.80192904E-02  4.78979753E-04
3.05035222E-01  2.91103814E-02  4.84232354E-04
3.05333837E-01  2.86555644E-02  4.83676966E-04
3.05632452E-01  2.87866276E-02  4.88681660E-04
3.05931067E-01  2.79221721E-02  4.78861301E-04
3.06229682E-01  2.84800828E-02  4.88860940E-04
3.06528297E-01  2.85649989E-02  4.84919292E-04
3.06826912E-01  2.83410009E-02  4.89001512E-04
3.07125527E-01  2.83695199E-02  4.90443548E-04
3.07424142E-01  2.78944951E-02  4.85728029E-04
3.07722757E-01  2.75705159E-02  4.86774370E-04
3.08021372E-01  2.85033174E-02  4.90853214E-04
3.08319987E-01  2.90665627E-02  4.91947460E-04
3.08618602E-01  2.79143099E-02  4.77394438E-04
3.08917217E-01  2.80519687E-02  4.71411709E-04
3.09215832E-01  2.83799153E-02  4.78275440E-04
3.09514447E-01  2.85556149E-02  4.72267886E-04
3.09813062E-01  2.74296217E-02  4.63910401E-04
3.10111677E-01  2.91276854E-02  4.75906971E-04
3.10410292E-01  2.80623119E-02  4.61341580E-04
3.10708907E-01  2.72026509E-02  4.58630879E-04
3.11007522E-01  2.78493352E-02  4.57592949E-04
3.11306137E-01  2.78290454E-02  4.63238743E-04
3.11604752E-01  2.70590521E-02  4.51423286E-04
3.11903367E-01  2.73988508E-02  4.53757704E-04
3.12201982E-01  2.78122798E-02  4.57045797E-04
3.12500597E-01  2.72728354E-02  4.48483886E-04
3.12799212E-01  2.82698963E-02  4.60419309E-04
3.13097827E-01  2.73975898E-02  4.50109597E-04
3.13396442E-01  2.67422777E-02  4.44103818E-04
3.13695057E-01  2.82893348E-02  4.59094852E-04
3.13993672E-01  2.85195615E-02  4.56327602E-04
3.14292287E-01  2.77971402E-02  4.51702479E-04
3.14590902E-01  2.79502496E-02  4.51633678E-04
3.14889517E-01  2.65200455E-02  4.39928204E-04
3.15188132E-01  2.72884611E-02  4.48862236E-04
3.15486747E-01  2.68191006E-02  4.39067808E-04
3.15785362E-01  2.69741751E-02  4.43332916E-04
3.16083977E-01  2.72801761E-02  4.42484656E-04
3.16382592E-01  2.65350956E-02  4.38791467E-04
3.16681207E-01  2.81425621E-02  4.49892454E-04
3.16979822E-01  2.66716816E-02  4.37299459E-04
3.17278437E-01  2.67511774E-02  4.39430500E-04
3.17577052E-01  2.63844803E-02  4.35053516E-04
3.17875667E-01  2.64716111E-02  4.41869110E-04
3.18174282E-01  2.74398010E-02  4.54000285E-04
3.18472897E-01  2.72996370E-02  4.59352945E-04
3.18771512E-01  2.68737711E-02  4.53990273E-04
3.19070127E-01  2.64239330E-02  4.53700777E-04
3.19368742E-01  2.68744361E-02  4.57939168E-04
3.19667357E-01  2.64822859E-02  4.54971072E-04
3.19965972E-01  2.63746288E-02  4.55073285E-04
3.20264587E-01  2.63701454E-02  4.57110145E-04
3.20563202E-01  2.60562431E-02  4.53993882E-04
3.20861817E-01  2.59543061E-02  4.54013090E-04
3.21160432E-01  2.64550075E-02  4.56936512E-04
3.21459047E-01  2.60523576E-02  4.57763934E-04
3.21757662E-01  2.59547476E-02  4.54020832E-04
3.22056277E-01  2.64805295E-02  4.58335504E-04
3.22354892E-01  2.61921678E-02  4.59794828E-04
3.22653507E-01  2.61942018E-02  4.58349823E-04
3.22952122E-01  2.55710762E-02  4.56844951E-04
3.23250737E-01  2.56290957E-02  4.48736420E-04
3.23549352E-01  2.51817070E-02  4.50319989E-04
3.23847967E-01  2.53934991E-02  4.54325404E-04
3.24146582E-01  2.57952716E-02  4.56571346E-04
3.24445197E-01  2.55423263E-02  4.54593450E-04
3.24743812E-01  2.57275514E-02  4.55444067E-04
3.25042427E-01  2.47950982E-02  4.51866828E-04
3.25341042E-01  2.57394165E-02  4.55155154E-04
3.25639657E-01  2.51800120E-02  4.52684646E-04
3.25938272E-01  2.45692544E-02  4.48347040E-04
3.26236887E-01  2.47159097E-02  4.46147198E-04
3.26535502E-01  2.48392206E-02  4.54030058E-04
3.26834117E-01  2.50907354E-02  4.51225496E-04
3.27132732E-01  2.45723780E-02  4.48777806E-04
3.27431347E-01  2.43822485E-02  4.47701110E-04
3.27729962E-01  2.50166506E-02  4.51355329E-04
3.28028577E-01  2.40441971E-02  4.49679588E-04
3.28327192E-01  2.44022664E-02  4.42290737E-04
3.28625807E-01  2.48868670E-02  4.54067340E-04
3.28924422E-01  2.50062775E-02  4.54885187E-04
3.29223037E-01  2.44219024E-02  4.47675178E-04
3.29521652E-01  2.47130916E-02  4.51272470E-04
3.29820267E-01  2.49720346E-02  4.52024164E-04
3.30118882E-01  2.44082510E-02  4.51849744E-04
3.30417497E-01  2.40884814E-02  4.46465943E-04
3.30716112E-01  2.42463108E-02  4.45280137E-04
3.31014727E-01  2.39057429E-02  4.42926859E-04
3.31313342E-01  2.46012062E-02  4.47738916E-04
3.31611957E-01  2.32345741E-02  4.39799565E-04
3.31910572E-01  2.46775951E-02  4.50024469E-04
3.32209187E-01  2.39564162E-02  4.41447628E-04
3.32507802E-01  2.37618517E-02  4.44632460E-04
3.32806417E-01  2.46446431E-02  4.46830614E-04
3.33105032E-01  2.42986716E-02  4.47754428E-04
3.33403647E-01  2.45226249E-02  4.46901249E-04
3.33702262E-01  2.34181844E-02  4.36979462E-04
3.34000877E-01  2.39365157E-02  4.41530923E-04
3.34299492E-01  2.40102075E-02  4.43645637E-04
3.34598107E-01  2.36505810E-02  4.40702570E-04
3.34896722E-01  2.46476084E-02  4.45568061E-04
3.35195337E-01  2.50960700E-02  4.50520776E-04
3.35493952E-01  2.37719100E-02  4.41053242E-04
3.35792567E-01  2.35969089E-02  4.37881710E-04
3.36091182E-01  2.48887632E-02  4.50369320E-04
3.36389797E-01  2.41429713E-02  4.40861826E-04
3.36688412E-01  2.39169952E-02  4.41621902E-04
3.36987027E-01  2.38914527E-02  4.38689254E-04
3.37285642E-01  2.38436796E-02  4.40043135E-04
3.37584257E-01  2.38730609E-02  4.40961012E-04
3.37882872E-01  2.43128091E-02  4.42930497E-04
3.38181487E-01  2.40997057E-02  4.42662393E-04
3.38480102E-01  2.43579354E-02  4.38401621E-04
3.38778717E-01  2.40377169E-02  4.41449345E-04
3.39077332E-01  2.36177240E-02  4.35798836E-04
3.39375947E-01  2.34514903E-02  4.34137997E-04
3.39674562E-01  2.39577461E-02  4.41622135E-04
3.39973177E-01  2.47858968E-02  4.44523059E-04
3.40271792E-01  2.47040614E-02  4.46880789E-04
3.40570407E-01  2.33614948E-02  4.33812063E-04
3.40869022E-01  2.36510038E-02  4.33981651E-04
3.41167637E-01  2.37693023E-02  4.36446338E-04
3.41466252E-01  2.35559624E-02  4.31874301E-04
3.41764867E-01  2.36394815E-02  4.37918381E-04
3.42063482E-01  2.34880131E-02  4.33110545E-04
3.42362097E-01  2.42058672E-02  4.37296781E-04
3.42660712E-01  2.40756925E-02  4.40147240E-04
3.42959327E-01  2.37491839E-02  4.32662375E-04
3.43257942E-01  2.28689667E-02  4.28977481E-04
3.43556557E-01  2.31954269E-02  4.28810308E-04
3.43855172E-01  2.36371476E-02  4.32999019E-04
3.44153787E-01  2.36182306E-02  4.32579953E-04
3.44452402E-01  2.33985707E-02  4.30074288E-04
3.44751017E-01  2.41510998E-02  4.37810260E-04
3.45049632E-01  2.37062797E-02  4.29605396E-04
3.45348247E-01  2.42942572E-02  4.39108611E-04
3.45646862E-01  2.27579139E-02  4.23187943E-04
3.45945477E-01  2.36504897E-02  4.31653054E-04
3.46244092E-01  2.38771942E-02  4.28639702E-04
3.46542707E-01  2.31463406E-02  4.22381301E-04
3.46841322E-01  2.27112807E-02  4.21447359E-04
3.47139937E-01  2.37629842E-02  4.29646461E-04
3.47438552E-01  2.40063388E-02  4.28616302E-04
3.47737167E-01  2.35954765E-02  4.28371888E-04
3.48035782E-01  2.32717488E-02  4.21661622E-04
3.48334397E-01  2.30075866E-02  4.22531157E-04
3.48633012E-01  2.31999308E-02  4.18373471E-04
3.48931627E-01  2.39186585E-02  4.28075495E-04
3.49230242E-01  2.38127187E-02  4.28311265E-04
3.49528857E-01  2.40129586E-02  4.28802858E-04
3.49827472E-01  2.44539268E-02  4.33441310E-04
3.50126087E-01  2.36954913E-02  4.22595098E-04
3.50424702E-01  2.37080548E-02  4.26428713E-04
3.50723317E-01  2.30721328E-02  4.18939715E-04
3.51021932E-01  2.31918357E-02  4.21530392E-04
3.51320547E-01  2.32394431E-02  4.19769116E-04
3.51619162E-01  2.34253630E-02  4.20528522E-04
3.51917777E-01  2.36311089E-02  4.24222031E-04
3.52216392E-01  2.38063894E-02  4.24978614E-04
3.52515007E-01  2.35047378E-02  4.20331024E-04
3.52813622E-01  2.33470332E-02  4.18919866E-04
3.53112237E-01  2.35874001E-02  4.25707083E-04
3.53410852E-01  2.29887515E-02  4.19575430E-04
3.53709467E-01  2.40385514E-02  4.20887780E-04
3.54008082E-01  2.35512424E-02  4.21095348E-04
3.54306697E-01  2.37126350E-02  4.22766403E-04
3.54605312E-01  2.30688546E-02  4.19156684E-04
3.54903927E-01  2.45576017E-02  4.33782436E-04
3.55202542E-01  2.37447359E-02  4.17539268E-04
3.55501157E-01  2.30217688E-02  4.17475007E-04
3.55799772E-01  2.40481365E-02  4.24717029E-04
3.56098387E-01  2.37361398E-02  4.22983838E-04
3.56397002E-01  2.42621042E-02  4.27298073E-04
3.56695617E-01  2.46182475E-02  4.25719947E-04
3.56994232E-01  2.43267808E-02  4.30916989E-04
3.57292847E-01  2.39639375E-02  4.20808705E-04
3.57591462E-01  2.32436359E-02  4.16997471E-04
3.57890077E-01  2.36259867E-02  4.19623975E-04
3.58188692E-01  2.41472051E-02  4.22531215E-04
3.58487307E-01  2.42913309E-02  4.29548381E-04
3.58785922E-01  2.40534861E-02  4.19928081E-04
3.59084537E-01  2.26112437E-02  4.11181478E-04
3.59383152E-01  2.36221906E-02  4.18698939E-04
3.59681767E-01  2.47381106E-02  4.28819825E-04
3.59980382E-01  2.39531267E-02  4.25972219E-04
3.60278997E-01  2.34428942E-02  4.12614463E-04
3.60577612E-01  2.33199280E-02  4.17694537E-04
3.60876227E-01  2.42648721E-02  4.24590136E-04
3.61174842E-01  2.41682101E-02  4.21161472E-04
3.61473457E-01  2.35078279E-02  4.15368966E-04
3.61772072E-01  2.35125721E-02  4.16625087E-04
3.62070687E-01  2.37365197E-02  4.21188772E-04
3.62369302E-01  2.38902457E-02  4.19514661E-04
3.62667917E-01  2.41575204E-02  4.21744306E-04
3.62966532E-01  2.43049096E-02  4.21690871E-04
3.63265147E-01  2.46109795E-02  4.25912818E-04
3.63563762E-01  2.37171166E-02  4.18219104E-04
3.63862377E-01  2.46768892E-02  4.25021630E-04
3.64160992E-01  2.42395550E-02  4.21573408E-04
3.64459607E-01  2.42579952E-02  4.21957957E-04
3.64758222E-01  2.44856868E-02  4.23934980E-04
3.65056837E-01  2.39305031E-02  4.19768796E-04
3.65355452E-01  2.40059551E-02  4.16692201E-04
3.65654067E-01  2.44939048E-02  4.24459169E-04
3.65952682E-01  2.50856113E-02  4.26406594E-04
3.66251297E-01  2.46098600E-02  4.26596671E-04
3.66549912E-01  2.41761580E-02  4.18827112E-04
3.66848527E-01  2.55994201E-02  4.28746251E-04
3.67147142E-01  2.40872633E-02  4.21934732E-04
3.67445757E-01  2.47939117E-02  4.23595542E-04
3.67744372E-01  2.44219825E-02  4.21507459E-04
3.68042987E-01  2.46897005E-02  4.22927580E-04
3.68341602E-01  2.46503763E-02  4.22812649E-04
3.68640217E-01  2.48112269E-02  4.26199025E-04
3.68938832E-01  2.46933550E-02  4.19799617E-04
3.69237447E-01  2.39928681E-02  4.17030853E-04
3.69536062E-01  2.46082786E-02  4.20485449E-04
3.69834677E-01  2.44757552E-02  4.21870383E-04
3.70133292E-01  2.45591830E-02  4.23812307E-04
3.70431907E-01  2.51763538E-02  4.23565914E-04
3.70730522E-01  2.52602063E-02  4.27464227E-04
3.71029137E-01  2.46595293E-02  4.19953431E-04
3.71327752E-01  2.49351859E-02  4.24156111E-04
3.71626367E-01  2.47612409E-02  4.22237033E-04
3.71924982E-01  2.51974277E-02  4.25610371E-04
3.72223597E-01  2.49178428E-02  4.25340579E-04
3.72522212E-01  2.51726191E-02  4.22785670E-04
3.72820827E-01  2.60157734E-02  4.31800785E-04
3.73119442E-01  2.46956386E-02  4.20812576E-04
3.73418057E-01  2.57838052E-02  4.27891733E-04
3.73716672E-01  2.50727423E-02  4.27114370E-04
3.74015287E-01  2.53458489E-02  4.22842102E-04
3.74313902E-01  2.53579207E-02  4.24999715E-04
3.74612517E-01  2.56892741E-02  4.28869942E-04
3.74911132E-01  2.50749048E-02  4.23058314E-04
3.75209747E-01  2.53316201E-02  4.25876875E-04
3.75508362E-01  2.45092791E-02  4.16129391E-04
3.75806977E-01  2.49271691E-02  4.21165605E-04
3.76105592E-01  2.56898180E-02  4.27451800E-04
3.76404207E-01  2.60295905E-02  4.30491171E-04
3.76702822E-01  2.53178943E-02  4.22728859E-04
3.77001437E-01  2.49820575E-02  4.20237629E-04
3.77300052E-01  2.50234902E-02  4.23397782E-04
3.77598667E-01  2.54856404E-02  4.26302897E-04
3.77897282E-01  2.49363109E-02  4.18580719E-04
3.78195897E-01  2.50781849E-02  4.19135642E-04
3.78494512E-01  2.56337747E-02  4.26342303E-04
3.78793127E-01  2.65036188E-02  4.32744564E-04
3.79091742E-01  2.51719188E-02  4.20878612E-04
3.79390357E-01  2.56116949E-02  4.24218451E-04
3.79688972E-01  2.55111959E-02  4.23601072E-04
3.79987587E-01  2.63043884E-02  4.29377134E-04
3.80286202E-01  2.51699481E-02  4.21081175E-04
3.80584817E-01  2.54800767E-02  4.23668796E-04
3.80883432E-01  2.54638493E-02  4.21827455E-04
3.81182047E-01  2.58858148E-02  4.26599086E-04
3.81480662E-01  2.43797563E-02  4.14109381E-04
3.81779277E-01  2.63930932E-02  4.27421997E-04
3.82077892E-01  2.58361381E-02  4.26301791E-04
3.82376507E-01  2.53129844E-02  4.21006873E-04
3.82675122E-01  2.51146723E-02  4.20097640E-04
3.82973737E-01  2.54987553E-02  4.21596633E-04
3.83272352E-01  2.58036107E-02  4.21371195E-04
3.83570967E-01  2.55948715E-02  4.23243648E-04
3.83869582E-01  2.59838793E-02  4.25166159E-04
3.84168197E-01  2.54599247E-02  4.21704637E-04
3.84466812E-01  2.48065274E-02  4.14595386E-04
3.84765427E-01  2.65766717E-02  4.28600237E-04
3.85064042E-01  2.63121929E-02  4.29790933E-04
3.85362657E-01  2.64354292E-02  4.27995401E-04
3.85661272E-01  2.61056889E-02  4.22380137E-04
3.85959887E-01  2.63363030E-02  4.28586820E-04
3.86258502E-01  2.61999685E-02  4.24294471E-04
3.86557117E-01  2.65673026E-02  4.32862173E-04
3.86855732E-01  2.60740072E-02  4.22753801E-04
3.87154347E-01  2.64524966E-02  4.25602630E-04
3.87452962E-01  2.57732477E-02  4.23881458E-04
3.87751577E-01  2.58733891E-02  4.19887598E-04
3.88050192E-01  2.67496090E-02  4.31838678E-04
3.88348807E-01  2.54434701E-02  4.15268703E-04
3.88647422E-01  2.63696872E-02  4.26205457E-04
3.88946037E-01  2.69724224E-02  4.30198037E-04
3.89244652E-01  2.64802687E-02  4.27101098E-04
3.89543267E-01  2.60593779E-02  4.23799764E-04
3.89841882E-01  2.64190305E-02  4.23368852E-04
3.90140497E-01  2.55892221E-02  4.20797965E-04
3.90439112E-01  2.65229587E-02  4.27345221E-04
3.90737727E-01  2.66849510E-02  4.24051686E-04
3.91036342E-01  2.54617538E-02  4.19439719E-04
3.91334957E-01  2.61481814E-02  4.20380093E-04
3.91633572E-01  2.64341794E-02  4.26635292E-04
3.91932187E-01  2.64600813E-02  4.22779965E-04
3.92230802E-01  2.62010470E-02  4.21939447E-04
3.92529417E-01  2.68823095E-02  4.30240878E-04
3.92828032E-01  2.60848235E-02  4.19469899E-04
3.93126647E-01  2.61976961E-02  4.22433601E-04
3.93425262E-01  2.63372827E-02  4.22113022E-04
3.93723877E-01  2.66852528E-02  4.26977698E-04
3.94022492E-01  2.70418040E-02  4.29505599E-04
3.94321107E-01  2.65174564E-02  4.22941550E-04
3.94619722E-01  2.69350484E-02  4.26467304E-04
3.94918337E-01  2.70578507E-02  4.27128689E-04
3.95216952E-01  2.61864141E-02  4.21321543E-04
3.95515567E-01  2.66045649E-02  4.25088510E-04
3.95814182E-01  2.69865114E-02  4.24209255E-04
3.96112797E-01  2.65819151E-02  4.24185506E-04
3.96411412E-01  2.66137756E-02  4.23616555E-04
3.96710027E-01  2.64759064E-02  4.23032820E-04
3.97008642E-01  2.61273067E-02  4.18210926E-04
3.97307257E-01  2.63912044E-02  4.20927856E-04
3.97605872E-01  2.74840649E-02  4.30702203E-04
3.97904487E-01  2.61058919E-02  4.20789205E-04
3.98203102E-01  2.68325973E-02  4.21998440E-04
3.98501717E-01  2.67881583E-02  4.22660756E-04
3.98800332E-01  2.73470152E-02  4.27767343E-04
3.99098947E-01  2.60390285E-02  4.17816103E-04
3.99397562E-01  2.66555548E-02  4.24066733E-04
3.99696177E-01  2.60227043E-02  4.17285657E-04
3.99994792E-01  2.60796454E-02  4.16541850E-04
4.00293407E-01  2.64305938E-02  4.20647557E-04
4.00592022E-01  2.60791928E-02  4.16640920E-04
4.00890637E-01  2.71180850E-02  4.24758357E-04
4.01189252E-01  2.65086554E-02  4.19558404E-04
4.01487867E-01  2.64909696E-02  4.21235163E-04
4.01786482E-01  2.58070026E-02  4.15163347E-04
4.02085097E-01  2.70227864E-02  4.21203964E-04
4.02383712E-01  2.66529210E-02  4.23649704E-04
4.02682327E-01  2.64669992E-02  4.16557858E-04
4.02980942E-01  2.66364962E-02  4.21687408E-04
4.03279557E-01  2.69838050E-02  4.22706944E-04
4.03578172E-01  2.61347666E-02  4.13744448E-04
4.03876787E-01  2.58721076E-02  4.15298127E-04
4.04175402E-01  2.66690589E-02  4.18547424E-04
4.04474017E-01  2.56862435E-02  4.13113768E-04
4.04772632E-01  2.61292178E-02  4.14488517E-04
4.05071247E-01  2.61913538E-02  4.15474147E-04
4.05369862E-01  2.62090135E-02  4.19411343E-04
4.05668477E-01  2.63639577E-02  4.12946247E-04
4.05967092E-01  2.68255603E-02  4.20279568E-04
4.06265707E-01  2.63630114E-02  4.15952847E-04
4.06564322E-01  2.66481265E-02  4.17704810E-04
4.06862937E-01  2.62977574E-02  4.19117685E-04
4.07161552E-01  2.62079816E-02  4.12788097E-04
4.07460167E-01  2.64301375E-02  4.17375762E-04
4.07758782E-01  2.58709937E-02  4.09363449E-04
4.08057397E-01  2.63819676E-02  4.15425427E-04
4.08356012E-01  2.59100050E-02  4.13252972E-04
4.08654627E-01  2.57679131E-02  4.08551539E-04
4.08953242E-01  2.60495711E-02  4.15056857E-04
4.09251857E-01  2.55190339E-02  4.07431944E-04
4.09550472E-01  2.52826810E-02  4.05732135E-04
4.09849087E-01  2.61668507E-02  4.12960653E-04
4.10147702E-01  2.57809777E-02  4.08092397E-04
4.10446317E-01  2.55928300E-02  4.10921086E-04
4.10744932E-01  2.53278334E-02  4.06195322E-04
4.11043547E-01  2.63883453E-02  4.11065324E-04
4.11342162E-01  2.54465695E-02  4.07053914E-04
4.11640777E-01  2.43659932E-02  3.99067299E-04
4.11939392E-01  2.53812261E-02  4.07681247E-04
4.12238007E-01  2.58549228E-02  4.07176762E-04
4.12536622E-01  2.56990846E-02  4.08024818E-04
4.12835237E-01  2.49689370E-02  4.00697259E-04
4.13133852E-01  2.43762881E-02  3.97480588E-04
4.13432467E-01  2.44540107E-02  3.97744530E-04
4.13731082E-01  2.44887341E-02  3.96738062E-04
4.14029697E-01  2.53284462E-02  4.05268103E-04
4.14328312E-01  2.48808432E-02  4.00367629E-04
4.14626927E-01  2.55060457E-02  4.06499894E-04
4.14925542E-01  2.46422961E-02  3.96067830E-04
4.15224157E-01  2.51083244E-02  4.02571401E-04
4.15522772E-01  2.45622303E-02  3.98819509E-04
4.15821387E-01  2.49200575E-02  3.98937991E-04
4.16120002E-01  2.46147308E-02  3.97218508E-04
4.16418617E-01  2.45308056E-02  3.97367490E-04
4.16717232E-01  2.43442673E-02  3.95124196E-04
4.17015847E-01  2.49338169E-02  4.01272002E-04
4.17314462E-01  2.50899084E-02  3.97302705E-04
4.17613077E-01  2.47859322E-02  3.98788747E-04
4.17911692E-01  2.45951358E-02  3.95975308E-04
4.18210307E-01  2.48141382E-02  4.00592951E-04
4.18508922E-01  2.44497638E-02  3.93634866E-04
4.18807537E-01  2.49936841E-02  3.98081465E-04
4.19106152E-01  2.43569445E-02  3.95329931E-04
4.19404767E-01  2.38236543E-02  3.90709232E-04
4.19703382E-01  2.36916076E-02  3.86521773E-04
4.20001997E-01  2.40677372E-02  3.91358248E-04
4.20300612E-01  2.45183948E-02  3.93568393E-04
4.20599227E-01  2.38683596E-02  3.91442416E-04
4.20897842E-01  2.40375400E-02  3.90402973E-04
4.21196457E-01  2.46258117E-02  3.94076051E-04
4.21495072E-01  2.39622071E-02  3.90417263E-04
4.21793687E-01  2.35317890E-02  3.85663385E-04
4.22092302E-01  2.36573089E-02  3.88818677E-04
4.22390917E-01  2.42541730E-02  3.88029526E-04
4.22689532E-01  2.34312806E-02  3.86515865E-04
4.22988147E-01  2.44312398E-02  3.92169371E-04
4.23286762E-01  2.34208908E-02  3.86344502E-04
4.23585377E-01  2.43796092E-02  3.91491951E-04
4.23883992E-01  2.36548781E-02  3.84848448E-04
4.24182607E-01  2.34507695E-02  3.83358594E-04
4.24481222E-01  2.42759380E-02  3.92262358E-04
4.24779837E-01  2.40362734E-02  3.88643501E-04
4.25078452E-01  2.37908568E-02  3.85179184E-04
4.25377067E-01  2.38102209E-02  3.88043962E-04
4.25675682E-01  2.36452837E-02  3.83829756E-04
4.25974297E-01  2.32329946E-02  3.83401522E-04
4.26272912E-01  2.32092794E-02  3.79005971E-04
4.26571527E-01  2.31890548E-02  3.83041712E-04
4.26870142E-01  2.31558476E-02  3.79757170E-04
4.27168757E-01  2.38848459E-02  3.86296073E-04
4.27467372E-01  2.32721232E-02  3.80032201E-04
4.27765987E-01  2.33613774E-02  3.83076374E-04
4.28064602E-01  2.30942667E-02  3.79257632E-04
4.28363217E-01  2.33381968E-02  3.82285303E-04
4.28661832E-01  2.38143709E-02  3.85559892E-04
4.28960447E-01  2.31425762E-02  3.79488483E-04
4.29259062E-01  2.37200260E-02  3.83680599E-04
4.29557677E-01  2.30433606E-02  3.78677039E-04
4.29856292E-01  2.26580072E-02  3.73912830E-04
4.30154907E-01  2.34347377E-02  3.81115620E-04
4.30453522E-01  2.27791891E-02  3.77095479E-04
4.30752137E-01  2.34998520E-02  3.82073515E-04
4.31050752E-01  2.33187769E-02  3.79079400E-04
4.31349367E-01  2.26906929E-02  3.74605297E-04
4.31647982E-01  2.26212740E-02  3.73867049E-04
4.31946597E-01  2.29839012E-02  3.78878380E-04
4.32245212E-01  2.28849165E-02  3.74961062E-04
4.32543827E-01  2.31385883E-02  3.78964818E-04
4.32842442E-01  2.27470212E-02  3.77859571E-04
4.33141057E-01  2.31086947E-02  3.76711017E-04
4.33439672E-01  2.18907297E-02  3.69020592E-04
4.33738287E-01  2.22862083E-02  3.70358175E-04
4.34036902E-01  2.26585343E-02  3.75355390E-04
4.34335517E-01  2.19877549E-02  3.69346526E-04
4.34634132E-01  2.22298317E-02  3.71790375E-04
4.34932747E-01  2.25146245E-02  3.72256996E-04
4.35231362E-01  2.27296203E-02  3.74280091E-04
4.35529977E-01  2.32087448E-02  3.80317942E-04
4.35828592E-01  2.32419800E-02  3.79996200E-04
4.36127207E-01  2.28893794E-02  3.74933588E-04
4.36425822E-01  2.30323244E-02  3.76769895E-04
4.36724437E-01  2.24559624E-02  3.72357434E-04
4.37023052E-01  2.28777789E-02  3.76006734E-04
4.37321667E-01  2.25922856E-02  3.71515314E-04
4.37620282E-01  2.29061060E-02  3.76828742E-04
4.37918897E-01  2.26604156E-02  3.74054478E-04
4.38217512E-01  2.19791662E-02  3.69046087E-04
4.38516127E-01  2.23695729E-02  3.70010443E-04
4.38814742E-01  2.27576196E-02  3.71333415E-04
4.39113357E-01  2.28260979E-02  3.75258765E-04
4.39411972E-01  2.24362202E-02  3.71876726E-04
4.39710587E-01  2.23689470E-02  3.69848363E-04
4.40009202E-01  2.25868225E-02  3.73043033E-04
4.40307817E-01  2.26357803E-02  3.70184076E-04
4.40606432E-01  2.21990161E-02  3.69829533E-04
4.40905047E-01  2.25866996E-02  3.71977105E-04
4.41203662E-01  2.29592938E-02  3.72743321E-04
4.41502277E-01  2.24984176E-02  3.70925816E-04
4.41800892E-01  2.31733695E-02  3.75872245E-04
4.42099507E-01  2.21601482E-02  3.67806468E-04
4.42398122E-01  2.15402078E-02  3.61675658E-04
4.42696737E-01  2.24611070E-02  3.69408110E-04
4.42995352E-01  2.32432429E-02  3.76609474E-04
4.43293967E-01  2.18976401E-02  3.66593595E-04
4.43592582E-01  2.22206134E-02  3.69370129E-04
4.43891197E-01  2.19902731E-02  3.63935746E-04
4.44189812E-01  2.14892011E-02  3.62922845E-04
4.44488427E-01  2.25821845E-02  3.70249501E-04
4.44787042E-01  2.21945643E-02  3.68428417E-04
4.45085657E-01  2.20058355E-02  3.65497050E-04
4.45384272E-01  2.28589326E-02  3.73085903E-04
4.45682887E-01  2.16460247E-02  3.65623535E-04
4.45981502E-01  2.28791945E-02  3.72277864E-04
4.46280117E-01  2.17808615E-02  3.64026928E-04
4.46578732E-01  2.22482719E-02  3.68155161E-04
4.46877347E-01  2.28624605E-02  3.73941177E-04
4.47175962E-01  2.15955954E-02  3.67083092E-04
4.47474577E-01  2.23442763E-02  3.67188797E-04
4.47773192E-01  2.25939415E-02  3.71091272E-04
4.48071807E-01  2.27586869E-02  3.72443203E-04
4.48370422E-01  2.24233288E-02  3.70747497E-04
4.48669037E-01  2.20860727E-02  3.66981578E-04
4.48967652E-01  2.24821288E-02  3.69853893E-04
4.49266267E-01  2.23025214E-02  3.69914836E-04
4.49564882E-01  2.27645319E-02  3.73893097E-04
4.49863497E-01  2.27642115E-02  3.72334209E-04
4.50162112E-01  2.16308665E-02  3.64226231E-04
4.50460727E-01  2.28431728E-02  3.74377618E-04
4.50759342E-01  2.29823366E-02  3.75600590E-04
4.51057957E-01  2.25116611E-02  3.71245085E-04
4.51356572E-01  2.22004633E-02  3.66262509E-04
4.51655187E-01  2.24653203E-02  3.71848640E-04
4.51953802E-01  2.24139169E-02  3.70035938E-04
4.52252417E-01  2.16879118E-02  3.67644563E-04
4.52551032E-01  2.25998946E-02  3.70839058E-04
4.52849647E-01  2.23692916E-02  3.69752990E-04
4.53148262E-01  2.25283802E-02  3.71066999E-04
4.53446877E-01  2.25035958E-02  3.70457768E-04
4.53745492E-01  2.17758920E-02  3.65221349E-04
4.54044107E-01  2.20840648E-02  3.68528708E-04
4.54342722E-01  2.16728095E-02  3.64519277E-04
4.54641337E-01  2.20952611E-02  3.68869631E-04
4.54939952E-01  2.18361579E-02  3.65410728E-04
4.55238567E-01  2.23388858E-02  3.69351328E-04
4.55537182E-01  2.22385079E-02  3.71054310E-04
4.55835797E-01  2.22068224E-02  3.69805639E-04
4.56134412E-01  2.19733194E-02  3.66885040E-04
4.56433027E-01  2.17948034E-02  3.65795859E-04
4.56731642E-01  2.20084395E-02  3.66858265E-04
4.57030257E-01  2.17834059E-02  3.66431253E-04
4.57328872E-01  2.19233409E-02  3.66715656E-04
4.57627487E-01  2.23393533E-02  3.70017136E-04
4.57926102E-01  2.22095251E-02  3.69185786E-04
4.58224717E-01  2.31215302E-02  3.78026889E-04
4.58523332E-01  2.23301966E-02  3.70271999E-04
4.58821947E-01  2.23891325E-02  3.68573470E-04
4.59120562E-01  2.24336348E-02  3.72448296E-04
4.59419177E-01  2.16787159E-02  3.65966931E-04
4.59717792E-01  2.23794375E-02  3.71753500E-04
4.60016407E-01  2.22623441E-02  3.69553571E-04
4.60315022E-01  2.23530661E-02  3.69737420E-04
4.60613637E-01  2.28643268E-02  3.75430885E-04
4.60912252E-01  2.24550869E-02  3.73216200E-04
4.61210867E-01  2.29664203E-02  3.75440752E-04
4.61509482E-01  2.22806148E-02  3.73686460E-04
4.61808097E-01  2.32131295E-02  3.90040252E-04
4.62106712E-01  2.28036270E-02  3.88234737E-04
4.62405327E-01  2.13448182E-02  3.79048113E-04
4.62703942E-01  2.22470518E-02  3.86510917E-04
4.63002557E-01  2.25972626E-02  3.96687450E-04
4.63301172E-01  2.25885138E-02  3.98008473E-04
4.63599787E-01  2.18450055E-02  3.93491937E-04
4.63898402E-01  2.22332403E-02  3.98806529E-04
4.64197017E-01  2.24484801E-02  4.01249767E-04
4.64495632E-01  2.13926621E-02  3.96636751E-04
4.64794247E-01  2.24936940E-02  4.07363463E-04
4.65092862E-01  2.16634255E-02  3.97778727E-04
4.65391477E-01  2.25526448E-02  4.11959103E-04
4.65690092E-01  2.18562298E-02  4.05440776E-04
4.65988707E-01  2.27460358E-02  4.17235569E-04
4.66287322E-01  2.27531344E-02  4.17646923E-04
4.66585937E-01  2.16818135E-02  4.08147462E-04
4.66884552E-01  2.17963718E-02  4.14286857E-04
4.67183167E-01  2.19433475E-02  4.17457661E-04
4.67481782E-01  2.20182873E-02  4.13020403E-04
4.67780397E-01  2.20031403E-02  4.18746757E-04
4.68079012E-01  2.22357512E-02  4.22409357E-04
4.68377627E-01  2.20812242E-02  4.23388119E-04
4.68676242E-01  2.19972990E-02  4.23573598E-04
4.68974857E-01  2.16793865E-02  4.20503406E-04
4.69273472E-01  2.25010403E-02  4.32472472E-04
4.69572087E-01  2.24668439E-02  4.30861255E-04
4.69870702E-01  2.23303083E-02  4.31347551E-04
4.70169317E-01  2.23243088E-02  4.33502166E-04
4.70467932E-01  2.17008069E-02  4.28314670E-04
4.70766547E-01  2.25382261E-02  4.41078912E-04
4.71065162E-01  2.19464563E-02  4.35116788E-04
4.71363777E-01  2.22557820E-02  4.35218157E-04
4.71662392E-01  2.24923100E-02  4.42559685E-04
4.71961007E-01  2.26778612E-02  4.45779384E-04
4.72259622E-01  2.21130867E-02  4.43416124E-04
4.72558237E-01  2.18092408E-02  4.37851821E-04
4.72856852E-01  2.20773648E-02  4.34143149E-04
4.73155467E-01  2.22235341E-02  4.32279398E-04
4.73454082E-01  2.19705105E-02  4.24714526E-04
4.73752697E-01  2.21886411E-02  4.20302735E-04
4.74051312E-01  2.19990220E-02  4.18744254E-04
4.74349927E-01  2.33682469E-02  4.29009960E-04
4.74648542E-01  2.19080001E-02  4.15508926E-04
4.74947157E-01  2.22863331E-02  4.14993207E-04
4.75245772E-01  2.31213979E-02  4.21996374E-04
4.75544387E-01  2.19813045E-02  4.10668290E-04
4.75843002E-01  2.25566030E-02  4.16929222E-04
4.76141617E-01  2.25277599E-02  4.13023285E-04
4.76440232E-01  2.24114060E-02  4.12069057E-04
4.76738847E-01  2.21369062E-02  4.07988584E-04
4.77037462E-01  2.22061910E-02  4.08849097E-04
4.77336077E-01  2.23406237E-02  4.10976063E-04
4.77634692E-01  2.19401866E-02  4.03677986E-04
4.77933307E-01  2.18500923E-02  4.03388229E-04
4.78231922E-01  2.18717102E-02  4.01130150E-04
4.78530537E-01  2.19809283E-02  4.06011299E-04
4.78829152E-01  2.25052480E-02  4.04663297E-04
4.79127767E-01  2.24395636E-02  4.05453349E-04
4.79426382E-01  2.25052126E-02  4.08309250E-04
4.79724997E-01  2.27001645E-02  4.08234104E-04
4.80023612E-01  2.21182145E-02  4.02016478E-04
4.80322227E-01  2.28545442E-02  4.06950625E-04
4.80620842E-01  2.20436826E-02  4.01658210E-04
4.80919457E-01  2.25602891E-02  4.05064115E-04
4.81218072E-01  2.18747761E-02  3.98448319E-04
4.81516687E-01  2.17000954E-02  3.97581724E-04
4.81815302E-01  2.17059534E-02  3.93743598E-04
4.82113917E-01  2.24658120E-02  4.05068946E-04
4.82412532E-01  2.21654475E-02  3.99328826E-04
4.82711147E-01  2.25026459E-02  4.01321391E-04
4.83009762E-01  2.20621135E-02  3.98503267E-04
4.83308377E-01  2.25731190E-02  4.03929531E-04
4.83606992E-01  2.21284926E-02  3.97567725E-04
4.83905607E-01  2.26322450E-02  4.03312151E-04
4.84204222E-01  2.16653794E-02  3.92684684E-04
4.84502837E-01  2.20828988E-02  3.99008888E-04
4.84801452E-01  2.18761750E-02  3.95402807E-04
4.85100067E-01  2.18070056E-02  3.92171729E-04
4.85398682E-01  2.22953409E-02  3.98767414E-04
4.85697297E-01  2.26788484E-02  4.01978381E-04
4.85995912E-01  2.17827242E-02  3.95071227E-04
4.86294527E-01  2.22944096E-02  3.96537012E-04
4.86593142E-01  2.26092227E-02  4.00241610E-04
4.86891757E-01  2.21966784E-02  3.97384283E-04
4.87190372E-01  2.23920159E-02  3.99539043E-04
4.87488987E-01  2.12554391E-02  3.85634776E-04
4.87787602E-01  2.12611351E-02  3.88627115E-04
4.88086217E-01  2.20915172E-02  3.94240022E-04
4.88384832E-01  2.18250640E-02  3.92750604E-04
4.88683447E-01  2.28955615E-02  4.03293438E-04
4.88982062E-01  2.30869316E-02  4.02318808E-04
4.89280677E-01  2.14216243E-02  3.90000147E-04
4.89579292E-01  2.21458711E-02  3.94832983E-04
4.89877907E-01  2.31926590E-02  4.03548969E-04
4.90176522E-01  2.24477593E-02  3.96020449E-04
4.90475137E-01  2.19231490E-02  3.92550224E-04
4.90773752E-01  2.15743799E-02  3.89122550E-04
4.91072367E-01  2.22088657E-02  3.95203097E-04
4.91370982E-01  2.24500969E-02  3.96246731E-04
4.91669597E-01  2.23539993E-02  3.96096060E-04
4.91968212E-01  2.22120993E-02  3.95636656E-04
4.92266827E-01  2.23038718E-02  3.95954441E-04
4.92565442E-01  2.21634936E-02  3.92535614E-04
4.92864057E-01  2.17415970E-02  3.90050467E-04
4.93162672E-01  2.26892699E-02  3.99164623E-04
4.93461287E-01  2.24085692E-02  3.96689516E-04
4.93759902E-01  2.21014488E-02  3.90824251E-04
4.94058517E-01  2.21514571E-02  3.93124792E-04
4.94357132E-01  2.20076721E-02  3.91066016E-04
4.94655747E-01  2.21981984E-02  3.95828800E-04
4.94954362E-01  2.28615887E-02  3.96708900E-04
4.95252977E-01  2.27852594E-02  3.98516684E-04
4.95551592E-01  2.15276275E-02  3.88532149E-04
4.95850207E-01  2.26934571E-02  3.98314762E-04
4.96148822E-01  2.24248152E-02  3.93296767E-04
4.96447437E-01  2.20623054E-02  3.92346672E-04
4.96746052E-01  2.20202003E-02  3.91288631E-04
4.97044667E-01  2.18519513E-02  3.92346090E-04
4.97343282E-01  2.18944587E-02  3.87953332E-04
4.97641897E-01  2.21932996E-02  3.90016910E-04
4.97940512E-01  2.22235844E-02  3.94280680E-04
4.98239127E-01  2.23812666E-02  3.94295552E-04
4.98537742E-01  2.24989764E-02  3.96123476E-04
4.98836357E-01  2.25862041E-02  3.94432369E-04
4.99134972E-01  2.22846065E-02  3.93448427E-04
4.99433587E-01  2.24119257E-02  3.95757990E-04
4.99732202E-01  2.33379640E-02  4.01544006E-04
5.00030817E-01  2.25016885E-02  3.93797993E-04
5.00329432E-01  2.25236863E-02  3.94970091E-04
5.00628047E-01  2.23438069E-02  3.93391500E-04
5.00926662E-01  2.22478844E-02  3.94711824E-04
5.01225277E-01  2.23504640E-02  3.91031732E-04
5.01523892E-01  2.22603045E-02  3.90531670E-04
5.01822507E-01  2.24704035E-02  3.94217612E-04
5.02121122E-01  2.27173101E-02  3.97267489E-04
5.02419737E-01  2.19531264E-02  3.89850640E-04
5.02718352E-01  2.25263312E-02  3.94713163E-04
5.03016967E-01  2.26674434E-02  3.95851064E-04
5.03315582E-01  2.13114638E-02  3.84881627E-04
5.03614197E-01  2.18389239E-02  3.86544765E-04
5.03912812E-01  2.22035833E-02  3.91590904E-04
5.04211427E-01  2.24764813E-02  3.93116119E-04
5.04510042E-01  2.23229099E-02  3.93817900E-04
5.04808657E-01  2.18417477E-02  3.86292289E-04
5.05107272E-01  2.21670177E-02  3.91372305E-04
5.05405887E-01  2.22327020E-02  3.90408066E-04
5.05704502E-01  2.20619924E-02  3.91907524E-04
5.06003117E-01  2.19876524E-02  3.89116263E-04
5.06301732E-01  2.25577783E-02  3.93935945E-04
5.06600347E-01  2.20507458E-02  3.88051412E-04
5.06898962E-01  2.16268227E-02  3.86872358E-04
5.07197577E-01  2.22941339E-02  3.93677998E-04
5.07496192E-01  2.25700103E-02  3.91354755E-04
5.07794807E-01  2.22206842E-02  3.93425144E-04
5.08093422E-01  2.28828602E-02  3.96481570E-04
5.08392037E-01  2.21667085E-02  3.91001347E-04
5.08690652E-01  2.22147573E-02  3.89313442E-04
5.08989267E-01  2.24506799E-02  3.92724934E-04
5.09287882E-01  2.24615969E-02  3.94184462E-04
5.09586497E-01  2.19073705E-02  3.87756270E-04
5.09885112E-01  2.21836492E-02  3.89907538E-04
5.10183727E-01  2.19499730E-02  3.88327870E-04
5.10482342E-01  2.21171621E-02  3.89039546E-04
5.10780957E-01  2.23448016E-02  3.92195187E-04
5.11079572E-01  2.15919688E-02  3.84774175E-04
5.11378187E-01  2.18909197E-02  3.87525768E-04
5.11676802E-01  2.24141199E-02  3.95058334E-04
5.11975417E-01  2.21623797E-02  3.88873508E-04
5.12274032E-01  2.25358214E-02  3.92715010E-04
5.12572647E-01  2.25829724E-02  3.93417227E-04
5.12871262E-01  2.22953428E-02  3.90426023E-04
5.13169877E-01  2.20138188E-02  3.90743633E-04
5.13468492E-01  2.23676395E-02  3.89252702E-04
5.13767107E-01  2.26207823E-02  3.92885355E-04
5.14065722E-01  2.21648663E-02  3.91212379E-04
5.14364337E-01  2.17513088E-02  3.86877189E-04
5.14662952E-01  2.19224878E-02  3.87538515E-04
5.14961567E-01  2.19576284E-02  3.86712258E-04
5.15260182E-01  2.24043988E-02  3.92938702E-04
5.15558797E-01  2.24285703E-02  3.91799025E-04
5.15857412E-01  2.18422189E-02  3.86361062E-04
5.16156027E-01  2.17264071E-02  3.86190019E-04
5.16454642E-01  2.25725900E-02  3.93834460E-04
5.16753257E-01  2.16005314E-02  3.84317042E-04
5.17051872E-01  2.24194117E-02  3.93081107E-04
5.17350487E-01  2.18552258E-02  3.85447143E-04
5.17649102E-01  2.18980946E-02  3.86865577E-04
5.17947717E-01  2.15280205E-02  3.83208913E-04
5.18246332E-01  2.23932918E-02  3.91123089E-04
5.18544947E-01  2.20214017E-02  3.89104709E-04
5.18843562E-01  2.23916154E-02  3.92654125E-04
5.19142177E-01  2.19819210E-02  3.87140084E-04
5.19440792E-01  2.18623411E-02  3.85993044E-04
5.19739407E-01  2.21511889E-02  3.88916727E-04
5.20038022E-01  2.22118888E-02  3.91372334E-04
5.20336637E-01  2.23045573E-02  3.90168832E-04
5.20635252E-01  2.25394368E-02  3.92123678E-04
5.20933867E-01  2.22106818E-02  3.89541208E-04
5.21232482E-01  2.22588386E-02  3.89488298E-04
5.21531097E-01  2.18849573E-02  3.87724111E-04
5.21829712E-01  2.21889559E-02  3.90121364E-04
5.22128327E-01  2.25136839E-02  3.92388843E-04
5.22426942E-01  2.26787105E-02  3.92004004E-04
5.22725557E-01  2.25335788E-02  3.92854941E-04
5.23024172E-01  2.24251244E-02  3.91142501E-04
5.23322787E-01  2.16062628E-02  3.84784566E-04
5.23621402E-01  2.16614213E-02  3.84428044E-04
5.23920017E-01  2.31180377E-02  3.99299694E-04
5.24218632E-01  2.22638883E-02  3.88507528E-04
5.24517247E-01  2.27041468E-02  3.93385097E-04
5.24815862E-01  2.16673538E-02  3.85811378E-04
5.25114477E-01  2.26917453E-02  3.92993272E-04
5.25413092E-01  2.18662210E-02  3.86725122E-04
5.25711707E-01  2.21561156E-02  3.89664434E-04
5.26010322E-01  2.22651307E-02  3.88529210E-04
5.26308937E-01  2.27455832E-02  3.94043891E-04
5.26607552E-01  2.26459671E-02  3.93085706E-04
5.26906167E-01  2.20026802E-02  3.87085660E-04
5.27204782E-01  2.17508432E-02  3.87236592E-04
5.27503397E-01  2.21212041E-02  3.88510060E-04
5.27802012E-01  2.22278126E-02  3.89542227E-04
5.28100627E-01  2.30257884E-02  3.97350843E-04
5.28399242E-01  2.19978951E-02  3.84804473E-04
5.28697857E-01  2.18967851E-02  3.87205160E-04
5.28996472E-01  2.24975403E-02  3.91810056E-04
5.29295087E-01  2.23986898E-02  3.92295944E-04
5.29593702E-01  2.23530829E-02  3.89412337E-04
5.29892317E-01  2.33578123E-02  3.98943841E-04
5.30190932E-01  2.29878034E-02  3.97524913E-04
5.30489547E-01  2.27876995E-02  3.94241419E-04
5.30788162E-01  2.23390292E-02  3.89581546E-04
5.31086777E-01  2.19267774E-02  3.87010106E-04
5.31385392E-01  2.15654876E-02  3.81944381E-04
5.31684007E-01  2.25120112E-02  3.92240559E-04
5.31982622E-01  2.23645791E-02  3.90860165E-04
5.32281237E-01  2.26679165E-02  3.93407448E-04
5.32579852E-01  2.23555453E-02  3.91360285E-04
5.32878467E-01  2.26504281E-02  3.93163151E-04
5.33177082E-01  2.23902240E-02  3.91667389E-04
5.33475697E-01  2.22786497E-02  3.87939072E-04
5.33774312E-01  2.19490360E-02  3.86560918E-04
5.34072927E-01  2.19801720E-02  3.89410998E-04
5.34371542E-01  2.22643390E-02  3.88101995E-04
5.34670157E-01  2.27985065E-02  3.91972309E-04
5.34968772E-01  2.26045996E-02  3.94033239E-04
5.35267387E-01  2.20113508E-02  3.87118431E-04
5.35566002E-01  2.14954447E-02  3.84153594E-04
5.35864617E-01  2.21937429E-02  3.87401466E-04
5.36163232E-01  2.23498344E-02  3.91140464E-04
5.36461847E-01  2.26000398E-02  3.92940186E-04
5.36760462E-01  2.26685815E-02  3.92768823E-04
5.37059077E-01  2.25577429E-02  3.91142064E-04
5.37357692E-01  2.26037074E-02  3.94137460E-04
5.37656307E-01  2.15353556E-02  3.81530408E-04
5.37954922E-01  2.25811806E-02  3.95310257E-04
5.38253537E-01  2.24494040E-02  3.87116248E-04
5.38552152E-01  2.15704404E-02  3.83054779E-04
5.38850767E-01  2.25160532E-02  3.92609072E-04
5.39149382E-01  2.20655520E-02  3.88854241E-04
5.39447997E-01  2.24281847E-02  3.90602159E-04
5.39746612E-01  2.21639108E-02  3.88960267E-04
5.40045227E-01  2.26277243E-02  3.91767011E-04
5.40343842E-01  2.21417770E-02  3.89532768E-04
5.40642457E-01  2.18897425E-02  3.85516643E-04
5.40941072E-01  2.15424858E-02  3.82076687E-04
5.41239687E-01  2.23675743E-02  3.93261784E-04
5.41538302E-01  2.32778452E-02  3.98334028E-04
5.41836917E-01  2.16951650E-02  3.84180807E-04
5.42135532E-01  2.32488606E-02  3.95014213E-04
5.42434147E-01  2.15811972E-02  3.83548322E-04
5.42732762E-01  2.19692253E-02  3.88122193E-04
5.43031377E-01  2.16966234E-02  3.86946485E-04
5.43329992E-01  2.27951426E-02  3.91336536E-04
5.43628607E-01  2.24273112E-02  3.91002250E-04
5.43927222E-01  2.26327814E-02  3.93271766E-04
5.44225837E-01  2.27210484E-02  3.94329545E-04
5.44524452E-01  2.27088071E-02  3.91356705E-04
5.44823067E-01  2.28092764E-02  3.94614704E-04
5.45121682E-01  2.24541742E-02  3.91054811E-04
5.45420297E-01  2.19036844E-02  3.86421976E-04
5.45718912E-01  2.18410678E-02  3.84838495E-04
5.46017527E-01  2.21142918E-02  3.88089509E-04
5.46316142E-01  2.24505998E-02  3.90459958E-04
5.46614757E-01  2.25184113E-02  3.93548631E-04
5.46913372E-01  2.15835143E-02  3.81367514E-04
5.47211987E-01  2.19419617E-02  3.86676285E-04
5.47510602E-01  2.18875129E-02  3.86859785E-04
5.47809217E-01  2.25018580E-02  3.90819856E-04
5.48107832E-01  2.22747978E-02  3.90846079E-04
5.48406447E-01  2.22863927E-02  3.89137276E-04
5.48705062E-01  2.31049955E-02  3.95260489E-04
5.49003677E-01  2.22175047E-02  3.90925532E-04
5.49302292E-01  2.18664315E-02  3.83503590E-04
5.49600907E-01  2.23759245E-02  3.91357375E-04
5.49899522E-01  2.20235344E-02  3.87033506E-04
5.50198137E-01  2.21943501E-02  3.89674504E-04
5.50496752E-01  2.31440924E-02  3.96568154E-04
5.50795367E-01  2.22477671E-02  3.87872045E-04
5.51093982E-01  2.30603460E-02  3.96239891E-04
5.51392597E-01  2.22197920E-02  3.90001020E-04
5.51691212E-01  2.20956784E-02  3.87583830E-04
5.51989827E-01  2.28079390E-02  3.93591472E-04
5.52288442E-01  2.25722957E-02  3.89757246E-04
5.52587057E-01  2.26149373E-02  3.91545618E-04
5.52885672E-01  2.25014333E-02  3.90753528E-04
5.53184287E-01  2.22028010E-02  3.86559725E-04
5.53482902E-01  2.23551840E-02  3.88448185E-04
5.53781517E-01  2.24327818E-02  3.89973196E-04
5.54080132E-01  2.36256476E-02  3.99918063E-04
5.54378747E-01  2.23702043E-02  3.85980122E-04
5.54677362E-01  2.26868000E-02  3.90571629E-04
5.54975977E-01  2.18662154E-02  3.84744460E-04
5.55274592E-01  2.19648927E-02  3.84403655E-04
5.55573207E-01  2.22587753E-02  3.82749335E-04
5.55871822E-01  2.30433401E-02  3.92315880E-04
5.56170437E-01  2.19635721E-02  3.84027808E-04
5.56469052E-01  2.24273205E-02  3.88530316E-04
5.56767667E-01  2.26450395E-02  3.88359214E-04
5.57066282E-01  2.22360287E-02  3.85389896E-04
5.57364897E-01  2.22310815E-02  3.82612692E-04
5.57663512E-01  2.19006501E-02  3.82110826E-04
5.57962127E-01  2.20534354E-02  3.82167840E-04
5.58260742E-01  2.29794309E-02  3.88090761E-04
5.58559357E-01  2.25758143E-02  3.88891523E-04
5.58857972E-01  2.25579832E-02  3.88181419E-04
5.59156587E-01  2.26654951E-02  3.85436375E-04
5.59455202E-01  2.21854448E-02  3.83592473E-04
5.59753817E-01  2.24170536E-02  3.83772654E-04
5.60052432E-01  2.23807618E-02  3.84733226E-04
5.60351047E-01  2.29778811E-02  3.88730405E-04
5.60649662E-01  2.11775694E-02  3.71707953E-04
5.60948277E-01  2.26521324E-02  3.85153457E-04
5.61246892E-01  2.20540334E-02  3.80751648E-04
5.61545507E-01  2.21363381E-02  3.80925689E-04
5.61844122E-01  2.18538400E-02  3.76287295E-04
5.62142737E-01  2.22819783E-02  3.83261679E-04
5.62441352E-01  2.30500437E-02  3.87081498E-04
5.62739967E-01  2.21471749E-02  3.78985831E-04
5.63038582E-01  2.27256175E-02  3.85069347E-04
5.63337197E-01  2.23707017E-02  3.80808924E-04
5.63635812E-01  2.25741528E-02  3.85502964E-04
5.63934427E-01  2.24641524E-02  3.81076912E-04
5.64233042E-01  2.22385954E-02  3.78286175E-04
5.64531657E-01  2.19623093E-02  3.77763179E-04
5.64830272E-01  2.19022669E-02  3.76897748E-04
5.65128887E-01  2.28895955E-02  3.85749270E-04
5.65427502E-01  2.26120949E-02  3.81018559E-04
5.65726117E-01  2.33964473E-02  3.88915825E-04
5.66024732E-01  2.21660808E-02  3.78203520E-04
5.66323347E-01  2.22784672E-02  3.79513891E-04
5.66621962E-01  2.26622801E-02  3.79447796E-04
5.66920577E-01  2.29365211E-02  3.84903804E-04
5.67219192E-01  2.19225772E-02  3.76912561E-04
5.67517807E-01  2.17729844E-02  3.75452073E-04
5.67816422E-01  2.23151855E-02  3.75429750E-04
5.68115037E-01  2.26287674E-02  3.80651560E-04
5.68413652E-01  2.13332251E-02  3.70020687E-04
5.68712267E-01  2.20458377E-02  3.76151875E-04
5.69010882E-01  2.23464184E-02  3.77669465E-04
5.69309497E-01  2.16231048E-02  3.71763774E-04
5.69608112E-01  2.24430598E-02  3.79356934E-04
5.69906727E-01  2.22055186E-02  3.76310665E-04
5.70205342E-01  2.24674903E-02  3.76979820E-04
5.70503957E-01  2.20326204E-02  3.76309996E-04
5.70802572E-01  2.25549713E-02  3.79786536E-04
5.71101187E-01  2.25922484E-02  3.81063001E-04
5.71399802E-01  2.25887429E-02  3.79121047E-04
5.71698417E-01  2.22910009E-02  3.77218035E-04
5.71997032E-01  2.33150497E-02  3.87562759E-04
5.72295647E-01  2.22267862E-02  3.77975957E-04
5.72594262E-01  2.23950278E-02  3.77844000E-04
5.72892877E-01  2.29062811E-02  3.79459467E-04
5.73191492E-01  2.23085303E-02  3.78328114E-04
5.73490107E-01  2.29789261E-02  3.84857500E-04
5.73788722E-01  2.21765544E-02  3.76089971E-04
5.74087337E-01  2.23438591E-02  3.78546392E-04
5.74385952E-01  2.24639531E-02  3.80526413E-04
5.74684567E-01  2.22633462E-02  3.78215045E-04
5.74983182E-01  2.26193741E-02  3.79314704E-04
5.75281797E-01  2.24207565E-02  3.76620010E-04
5.75580412E-01  2.20733266E-02  3.76950280E-04
5.75879027E-01  2.17785500E-02  3.73224728E-04
5.76177642E-01  2.23621354E-02  3.78801662E-04
5.76476257E-01  2.25632787E-02  3.78853758E-04
5.76774872E-01  2.23548971E-02  3.79005476E-04
5.77073487E-01  2.22216491E-02  3.77615710E-04
5.77372102E-01  2.21594796E-02  3.77870922E-04
5.77670717E-01  2.27383282E-02  3.80241749E-04
5.77969332E-01  2.23890897E-02  3.78606986E-04
5.78267947E-01  2.22415552E-02  3.78227123E-04
5.78566562E-01  2.21590586E-02  3.76660872E-04
5.78865177E-01  2.25392543E-02  3.78237164E-04
5.79163792E-01  2.20114719E-02  3.75839154E-04
5.79462407E-01  2.25414298E-02  3.79989680E-04
5.79761022E-01  2.26735510E-02  3.82597646E-04
5.80059637E-01  2.23143138E-02  3.75840842E-04
5.80358252E-01  2.26886384E-02  3.81496793E-04
5.80656867E-01  2.23359782E-02  3.79394216E-04
5.80955482E-01  2.19624341E-02  3.76210286E-04


### HEADER:
#
#{
#    "analysis": {},
#    "calibration_params": {
#        "Beam_Center_X": 1061.0,
#        "Beam_Center_Y": 2093.0,
#        "Detector Tilt": 0.0,
#        "Detector Tilt Plane Rotation": 0.0,
#        "Detector_X_Pixel_Size": 75.0,
#        "Detector_Y_Pixel_Size": 75.0,
#        "Integration Method": "nosplit_csr",
#        "Radial_Average_Method": "pyFAI",
#        "Sample-to-detector distance (mm)": 1782.0,
#        "Wavelength (A)": 0.8823505857220345
#    },
#    "config_file": "/Users/jwinnikoff/Documents/MBARI/SAXS/HPSAXS_7A_Feb2023/HPSAXS_02_19_23.cfg",
#    "counters": {
#        "Epoch": "76.675",
#        "I1": "0",
#        "I2": "0",
#        "I3": "0",
#        "Seconds": "1",
#        "Time": "4.60148e-05",
#        "date": "Sun Feb 19 18:39:50 2023",
#        "diode": "56115"
#    },
#    "filename": "JWL0321_35C_030MPa_up_2_data_000001_00001.h5",
#    "history": {},
#    "imageHeader": {},
#    "load_path": "/Users/jwinnikoff/Documents/MBARI/SAXS/HPSAXS_7A_Feb2023/JWL0321_SOPPE_DOPE_TS+/JWL0321_35C_030MPa_up_2_data_000001.h5",
#    "normalizations": {
#        "Absolute_scale": {
#            "Absolute_scale_factor": 0.005174693841759343,
#            "Method": "Water"
#        },
#        "Counter_norms": [
#            [
#                "/",
#                "diode/150000"
#            ]
#        ],
#        "Polarization": {
#            "Used": false
#        },
#        "Solid_Angle_Correction": "On"
#    },
#    "raw_version": "2.1.4"
#}

