### DATA:
#
# 1908
#      Q             I(Q)           Error     
1.14966775E-02  0.00000000E+00  0.00000000E+00
1.17952925E-02  5.75758159E-01  2.77011786E-02
1.20939075E-02  5.80422997E-01  1.96668822E-02
1.23925225E-02  4.78910148E-01  1.45862838E-02
1.26911375E-02  5.01750350E-01  1.40243480E-02
1.29897525E-02  4.65360492E-01  1.31256813E-02
1.32883675E-02  4.22045410E-01  1.20095210E-02
1.35869825E-02  4.13780242E-01  1.13247624E-02
1.38855975E-02  3.69369239E-01  1.00233024E-02
1.41842125E-02  3.50208133E-01  9.96535458E-03
1.44828275E-02  3.42079252E-01  9.74588748E-03
1.47814425E-02  3.13333154E-01  9.04892012E-03
1.50800575E-02  2.84487307E-01  8.30288138E-03
1.53786725E-02  2.74079204E-01  7.67575344E-03
1.56772875E-02  2.78353900E-01  7.79852737E-03
1.59759025E-02  2.48658299E-01  6.88068056E-03
1.62745175E-02  2.28423417E-01  6.50254032E-03
1.65731325E-02  2.25049227E-01  6.54589105E-03
1.68717475E-02  2.08587974E-01  5.78741590E-03
1.71703625E-02  2.00627759E-01  5.97095862E-03
1.74689775E-02  2.01128617E-01  5.51918382E-03
1.77675925E-02  1.83660075E-01  5.18639991E-03
1.80662075E-02  1.86113328E-01  5.43411030E-03
1.83648225E-02  1.76337212E-01  4.75373259E-03
1.86634375E-02  1.72419861E-01  4.91825864E-03
1.89620525E-02  1.54702380E-01  4.38971352E-03
1.92606675E-02  1.49425432E-01  4.37597930E-03
1.95592825E-02  1.52486071E-01  4.46369732E-03
1.98578975E-02  1.41342252E-01  3.97871016E-03
2.01565125E-02  1.43844619E-01  4.15590126E-03
2.04551275E-02  1.31691799E-01  3.73227871E-03
2.07537425E-02  1.34187222E-01  3.68085457E-03
2.10523575E-02  1.22832388E-01  3.32587352E-03
2.13509725E-02  1.25980005E-01  3.16137774E-03
2.16495875E-02  1.24603704E-01  3.13474634E-03
2.19482025E-02  1.18462436E-01  2.83098524E-03
2.22468175E-02  1.11880109E-01  2.87819770E-03
2.25454325E-02  1.12103663E-01  2.64230883E-03
2.28440475E-02  1.08125739E-01  2.65784771E-03
2.31426625E-02  1.09300882E-01  2.57911370E-03
2.34412775E-02  1.01955600E-01  2.39448529E-03
2.37398925E-02  1.00504503E-01  2.46752915E-03
2.40385075E-02  9.88620296E-02  2.30036140E-03
2.43371225E-02  9.87550244E-02  2.29911669E-03
2.46357375E-02  9.09235179E-02  2.26601772E-03
2.49343525E-02  8.90570953E-02  2.13253056E-03
2.52329675E-02  8.90778154E-02  2.23816442E-03
2.55315825E-02  9.00376216E-02  2.10819882E-03
2.58301975E-02  8.19643512E-02  2.02273251E-03
2.61288125E-02  8.06607455E-02  2.07368494E-03
2.64274275E-02  7.94533193E-02  1.92759302E-03
2.67260425E-02  8.03307891E-02  2.04106257E-03
2.70246575E-02  7.69201145E-02  1.87054486E-03
2.73232725E-02  7.87077472E-02  1.95309997E-03
2.76218875E-02  7.70227537E-02  1.96081237E-03
2.79205025E-02  7.31188208E-02  1.83950353E-03
2.82191175E-02  7.25686252E-02  1.82623998E-03
2.85177325E-02  7.50810727E-02  1.82636303E-03
2.88163475E-02  6.61201477E-02  1.76776678E-03
2.91149625E-02  6.74424246E-02  1.73385872E-03
2.94135775E-02  6.69014379E-02  1.70702487E-03
2.97121925E-02  6.13266416E-02  1.64787506E-03
3.00108075E-02  6.64332211E-02  1.65824150E-03
3.03094225E-02  6.31161854E-02  1.68866129E-03
3.06080375E-02  6.55401498E-02  1.66525878E-03
3.09066525E-02  6.42543957E-02  1.62578211E-03
3.12052675E-02  5.98233417E-02  1.61684712E-03
3.15038825E-02  6.06767423E-02  1.55837752E-03
3.18024975E-02  6.03270940E-02  1.57775194E-03
3.21011125E-02  5.87208420E-02  1.50615780E-03
3.23997275E-02  6.00496531E-02  1.48282049E-03
3.26983425E-02  5.91201819E-02  1.48357847E-03
3.29969575E-02  5.60711212E-02  1.36515417E-03
3.32955725E-02  5.89295551E-02  1.39951904E-03
3.35941875E-02  5.58814146E-02  1.29956775E-03
3.38928025E-02  5.51707819E-02  1.32951292E-03
3.41914175E-02  5.49710430E-02  1.28748047E-03
3.44900325E-02  5.35505973E-02  1.26219972E-03
3.47886474E-02  5.44041581E-02  1.25009241E-03
3.50872624E-02  5.23725003E-02  1.20340916E-03
3.53858774E-02  5.20769693E-02  1.23782444E-03
3.56844924E-02  5.18711060E-02  1.18781871E-03
3.59831074E-02  5.09993881E-02  1.15788146E-03
3.62817224E-02  5.17950915E-02  1.19551900E-03
3.65803374E-02  5.21459617E-02  1.16282585E-03
3.68789524E-02  4.93504219E-02  1.16938876E-03
3.71775674E-02  4.93726097E-02  1.14265189E-03
3.74761824E-02  4.82021086E-02  1.09891349E-03
3.77747974E-02  4.94434796E-02  1.11824158E-03
3.80734124E-02  4.86824177E-02  1.09212718E-03
3.83720274E-02  4.76942658E-02  1.11643830E-03
3.86706424E-02  4.87359315E-02  1.07508642E-03
3.89692574E-02  4.65483852E-02  1.08193560E-03
3.92678724E-02  4.61638756E-02  1.08568300E-03
3.95664874E-02  4.77636829E-02  1.06430985E-03
3.98651024E-02  4.75637577E-02  1.06302660E-03
4.01637174E-02  4.75912802E-02  1.04577281E-03
4.04623324E-02  4.35079895E-02  1.03531778E-03
4.07609474E-02  4.67982814E-02  1.03613141E-03
4.10595624E-02  4.71985787E-02  1.06178224E-03
4.13581774E-02  4.41516116E-02  1.00814330E-03
4.16567924E-02  4.45162915E-02  9.91948764E-04
4.19554074E-02  4.50592563E-02  1.02646265E-03
4.22540224E-02  4.61313985E-02  1.03049946E-03
4.25526374E-02  4.41517010E-02  9.94498492E-04
4.28512524E-02  4.65479270E-02  1.02457905E-03
4.31498674E-02  4.49861512E-02  9.95522249E-04
4.34484824E-02  4.49512228E-02  1.02613389E-03
4.37470974E-02  4.41705585E-02  9.73666436E-04
4.40457124E-02  4.44931649E-02  9.81971389E-04
4.43443274E-02  4.46908511E-02  1.00308645E-03
4.46429424E-02  4.31075729E-02  9.63433005E-04
4.49415574E-02  4.44588400E-02  1.00990664E-03
4.52401724E-02  4.46797684E-02  9.67647822E-04
4.55387874E-02  4.49620411E-02  9.86332307E-04
4.58374024E-02  4.34907489E-02  9.70060588E-04
4.61360174E-02  4.38747928E-02  9.60403762E-04
4.64346324E-02  4.40496989E-02  9.81064746E-04
4.67332474E-02  4.39841859E-02  9.49692272E-04
4.70318624E-02  4.48778644E-02  9.87818930E-04
4.73304774E-02  4.26728986E-02  9.57793498E-04
4.76290924E-02  4.47032526E-02  9.59642057E-04
4.79277074E-02  4.26921695E-02  9.32063500E-04
4.82263224E-02  4.28161100E-02  9.27068410E-04
4.85249374E-02  4.33126427E-02  9.61080426E-04
4.88235524E-02  4.54227999E-02  9.59946075E-04
4.91221674E-02  4.25113179E-02  9.23069136E-04
4.94207824E-02  4.33436818E-02  9.42031387E-04
4.97193974E-02  4.17236239E-02  9.07678972E-04
5.00180124E-02  4.18632738E-02  9.34457406E-04
5.03166274E-02  4.35889103E-02  9.26375797E-04
5.06152424E-02  4.32142653E-02  9.25123633E-04
5.09138574E-02  4.35769409E-02  9.40241909E-04
5.12124724E-02  4.21402752E-02  9.00277053E-04
5.15110874E-02  4.40106951E-02  9.36397759E-04
5.18097024E-02  4.15144712E-02  8.96158163E-04
5.21083174E-02  4.22816500E-02  9.03091277E-04
5.24069324E-02  4.24009189E-02  9.05019639E-04
5.27055474E-02  4.37999964E-02  9.13889206E-04
5.30041624E-02  4.16697897E-02  9.08444577E-04
5.33027774E-02  4.36730869E-02  9.08673625E-04
5.36013924E-02  4.40214127E-02  9.17511119E-04
5.39000074E-02  4.43493091E-02  9.05465102E-04
5.41986224E-02  4.30254117E-02  9.09687136E-04
5.44972374E-02  4.46169674E-02  9.14558652E-04
5.47958524E-02  4.50889021E-02  9.12985241E-04
5.50944674E-02  4.34189588E-02  9.09908791E-04
5.53930824E-02  4.33052145E-02  8.88604263E-04
5.56916974E-02  4.32693325E-02  8.83415632E-04
5.59903124E-02  4.63598110E-02  9.33566189E-04
5.62889274E-02  4.60486598E-02  9.10116592E-04
5.65875424E-02  4.36965600E-02  9.02544125E-04
5.68861574E-02  4.67502773E-02  9.17024736E-04
5.71847724E-02  4.54711281E-02  8.98351253E-04
5.74833874E-02  4.49195802E-02  9.02552914E-04
5.77820024E-02  4.57044728E-02  8.99457373E-04
5.80806174E-02  4.58986387E-02  9.23717686E-04
5.83792324E-02  4.52599004E-02  8.84563022E-04
5.86778474E-02  4.49832715E-02  8.95910431E-04
5.89764624E-02  4.64237519E-02  9.20049206E-04
5.92750774E-02  4.61816825E-02  8.80490115E-04
5.95736924E-02  4.73387502E-02  9.19069105E-04
5.98723074E-02  4.72250283E-02  8.98913015E-04
6.01709224E-02  4.79233451E-02  9.04375047E-04
6.04695374E-02  4.71009240E-02  9.10683651E-04
6.07681524E-02  4.65916246E-02  8.96324287E-04
6.10667674E-02  4.87167351E-02  9.21318075E-04
6.13653824E-02  4.87903990E-02  9.01057268E-04
6.16639974E-02  4.83332053E-02  9.08236601E-04
6.19626124E-02  4.79269214E-02  9.05571971E-04
6.22612274E-02  5.01534119E-02  9.09029855E-04
6.25598424E-02  5.12014143E-02  9.38409823E-04
6.28584574E-02  5.19690514E-02  9.29948234E-04
6.31570724E-02  5.18435091E-02  9.37049917E-04
6.34556874E-02  5.26113100E-02  9.18633305E-04
6.37543024E-02  5.16365543E-02  9.22375475E-04
6.40529174E-02  5.34018762E-02  9.51030641E-04
6.43515324E-02  5.44741936E-02  9.42155602E-04
6.46501474E-02  5.38103580E-02  9.56486911E-04
6.49487624E-02  5.55731058E-02  9.36285593E-04
6.52473774E-02  5.49054071E-02  9.38451150E-04
6.55459924E-02  5.36945872E-02  9.38263547E-04
6.58446074E-02  5.62849902E-02  9.50169109E-04
6.61432224E-02  5.53506389E-02  9.52623785E-04
6.64418374E-02  5.65136224E-02  9.38640209E-04
6.67404524E-02  5.78462332E-02  9.62101563E-04
6.70390674E-02  5.97159453E-02  9.82255209E-04
6.73376824E-02  6.20050058E-02  9.74675757E-04
6.76362974E-02  6.10680096E-02  9.90914763E-04
6.79349124E-02  6.30345419E-02  9.84434155E-04
6.82335274E-02  6.24226704E-02  9.86495870E-04
6.85321424E-02  6.25929311E-02  9.99601325E-04
6.88307574E-02  6.36259690E-02  9.87904612E-04
6.91293724E-02  6.61102086E-02  1.02241791E-03
6.94279874E-02  6.60454333E-02  9.97373951E-04
6.97266024E-02  6.60555586E-02  1.01479923E-03
7.00252174E-02  6.77678138E-02  1.01955491E-03
7.03238324E-02  7.04523027E-02  1.03127921E-03
7.06224474E-02  7.20765218E-02  1.05880457E-03
7.09210624E-02  7.39576370E-02  1.05902611E-03
7.12196774E-02  7.49360472E-02  1.06359157E-03
7.15182924E-02  7.62377754E-02  1.04928727E-03
7.18169074E-02  8.05876404E-02  1.10800215E-03
7.21155224E-02  8.01750720E-02  1.10139325E-03
7.24141374E-02  8.06965828E-02  1.09875202E-03
7.27127524E-02  8.44119564E-02  1.11875078E-03
7.30113674E-02  8.55704844E-02  1.11773307E-03
7.33099824E-02  8.80681947E-02  1.14019064E-03
7.36085974E-02  9.23130661E-02  1.17124419E-03
7.39072124E-02  9.58430767E-02  1.17143418E-03
7.42058274E-02  9.52046886E-02  1.19210931E-03
7.45044424E-02  9.81510654E-02  1.18929497E-03
7.48030574E-02  1.03135064E-01  1.22710294E-03
7.51016724E-02  1.05328090E-01  1.23872550E-03
7.54002874E-02  1.10588975E-01  1.24897517E-03
7.56989024E-02  1.12742379E-01  1.28298707E-03
7.59975174E-02  1.15417920E-01  1.27730658E-03
7.62961324E-02  1.22686982E-01  1.32112566E-03
7.65947474E-02  1.26938850E-01  1.33954221E-03
7.68933624E-02  1.30523622E-01  1.35976856E-03
7.71919774E-02  1.39827803E-01  1.42259907E-03
7.74905924E-02  1.42920807E-01  1.40653469E-03
7.77892074E-02  1.50583491E-01  1.45282922E-03
7.80878224E-02  1.57397002E-01  1.47299550E-03
7.83864374E-02  1.65994138E-01  1.51034875E-03
7.86850524E-02  1.74739584E-01  1.57499756E-03
7.89836674E-02  1.85389996E-01  1.60194410E-03
7.92822824E-02  1.97378933E-01  1.63936894E-03
7.95808974E-02  2.08255604E-01  1.66866335E-03
7.98795124E-02  2.25807130E-01  1.77164946E-03
8.01781274E-02  2.37964824E-01  1.83408358E-03
8.04767424E-02  2.60255009E-01  1.86914857E-03
8.07753574E-02  2.76099265E-01  1.94489153E-03
8.10739724E-02  3.02737832E-01  2.01391568E-03
8.13725874E-02  3.32140863E-01  2.10102159E-03
8.16712024E-02  3.62979800E-01  2.23229593E-03
8.19698174E-02  4.02007818E-01  2.28875806E-03
8.22684324E-02  4.49386299E-01  2.47113337E-03
8.25670474E-02  4.94682670E-01  2.56154151E-03
8.28656624E-02  5.55101037E-01  2.73256539E-03
8.31642774E-02  6.31814182E-01  2.87494343E-03
8.34628924E-02  7.18007982E-01  3.06779402E-03
8.37615074E-02  8.17695260E-01  3.32322321E-03
8.40601224E-02  9.40180004E-01  3.48996022E-03
8.43587374E-02  1.07392013E+00  3.74451955E-03
8.46573524E-02  1.24397802E+00  4.01051668E-03
8.49559674E-02  1.43568587E+00  4.33803303E-03
8.52545824E-02  1.65021098E+00  4.66003316E-03
8.55531974E-02  1.88132858E+00  4.89421794E-03
8.58518124E-02  2.12969303E+00  5.23231318E-03
8.61504274E-02  2.39210749E+00  5.48740895E-03
8.64490424E-02  2.65626717E+00  5.87758934E-03
8.67476574E-02  2.92046118E+00  6.15097024E-03
8.70462724E-02  3.15649915E+00  6.28865790E-03
8.73448874E-02  3.39229131E+00  6.56889332E-03
8.76435024E-02  3.58276844E+00  6.68416452E-03
8.79421174E-02  3.75227189E+00  6.95190672E-03
8.82407324E-02  3.85631895E+00  7.02055776E-03
8.85393474E-02  3.89718199E+00  6.95829932E-03
8.88379624E-02  3.93808246E+00  7.04746414E-03
8.91365774E-02  3.90931916E+00  6.93049096E-03
8.94351924E-02  3.83479095E+00  6.91529410E-03
8.97338074E-02  3.73366308E+00  6.78552920E-03
9.00324224E-02  3.57249093E+00  6.61911815E-03
9.03310374E-02  3.39423704E+00  6.52430346E-03
9.06296524E-02  3.16936779E+00  6.22877199E-03
9.09282674E-02  2.91265774E+00  5.96571807E-03
9.12268824E-02  2.62512803E+00  5.65325981E-03
9.15254974E-02  2.32041287E+00  5.29573159E-03
9.18241124E-02  2.02679825E+00  5.02275443E-03
9.21227274E-02  1.73346102E+00  4.60231630E-03
9.24213424E-02  1.46132612E+00  4.15392593E-03
9.27199574E-02  1.22755229E+00  3.84137523E-03
9.30185724E-02  1.02200615E+00  3.51138529E-03
9.33171874E-02  8.68184149E-01  3.26907518E-03
9.36158024E-02  7.37346172E-01  2.90973322E-03
9.39144174E-02  6.22914374E-01  2.74385000E-03
9.42130324E-02  5.48060954E-01  2.55983090E-03
9.45116474E-02  4.76048350E-01  2.37511098E-03
9.48102624E-02  4.22259063E-01  2.24691723E-03
9.51088774E-02  3.77151221E-01  2.08281842E-03
9.54074924E-02  3.45573902E-01  2.02003657E-03
9.57061074E-02  3.10037702E-01  1.90829462E-03
9.60047224E-02  2.80663580E-01  1.81724958E-03
9.63033374E-02  2.59078085E-01  1.72926357E-03
9.66019524E-02  2.40664288E-01  1.67540542E-03
9.69005674E-02  2.27619722E-01  1.62510911E-03
9.71991824E-02  2.11224869E-01  1.56141911E-03
9.74977974E-02  1.99833870E-01  1.51350209E-03
9.77964124E-02  1.87357560E-01  1.46048085E-03
9.80950274E-02  1.80026844E-01  1.44150702E-03
9.83936424E-02  1.72142670E-01  1.41020038E-03
9.86922574E-02  1.62042558E-01  1.36702193E-03
9.89908724E-02  1.56479135E-01  1.32905669E-03
9.92894874E-02  1.50630996E-01  1.30013830E-03
9.95881024E-02  1.42998129E-01  1.27702358E-03
9.98867174E-02  1.40412554E-01  1.26977928E-03
1.00185332E-01  1.33261517E-01  1.20922190E-03
1.00483947E-01  1.29023761E-01  1.20889547E-03
1.00782562E-01  1.26673117E-01  1.18334428E-03
1.01081177E-01  1.24451846E-01  1.18477223E-03
1.01379792E-01  1.20757967E-01  1.16264017E-03
1.01678407E-01  1.18846536E-01  1.14101579E-03
1.01977022E-01  1.13762297E-01  1.12846319E-03
1.02275637E-01  1.12419240E-01  1.12178316E-03
1.02574252E-01  1.09407581E-01  1.10203924E-03
1.02872867E-01  1.08110785E-01  1.08382083E-03
1.03171482E-01  1.05082095E-01  1.06766273E-03
1.03470097E-01  1.04130320E-01  1.06455130E-03
1.03768712E-01  1.02632560E-01  1.06648856E-03
1.04067327E-01  9.78674218E-02  1.02289894E-03
1.04365942E-01  9.69986022E-02  1.02997839E-03
1.04664557E-01  9.65232402E-02  1.02661073E-03
1.04963172E-01  9.54977572E-02  1.01369887E-03
1.05261787E-01  9.50327516E-02  1.01368630E-03
1.05560402E-01  9.05500948E-02  9.79220378E-04
1.05859017E-01  9.14123505E-02  9.96619579E-04
1.06157632E-01  8.83910134E-02  9.73684306E-04
1.06456247E-01  8.86700526E-02  9.75220930E-04
1.06754862E-01  8.80991742E-02  9.60554928E-04
1.07053477E-01  8.74494687E-02  9.63078870E-04
1.07352092E-01  8.50419849E-02  9.49730515E-04
1.07650707E-01  8.49439651E-02  9.49939888E-04
1.07949322E-01  8.57861489E-02  9.53120645E-04
1.08247937E-01  8.43603685E-02  9.44417960E-04
1.08546552E-01  8.22000280E-02  9.35966440E-04
1.08845167E-01  8.10974091E-02  9.14445031E-04
1.09143782E-01  8.18943679E-02  9.29777743E-04
1.09442397E-01  8.08283389E-02  9.12223302E-04
1.09741012E-01  8.06264952E-02  9.13911732E-04
1.10039627E-01  8.00262988E-02  9.17662750E-04
1.10338242E-01  7.85400495E-02  9.03415959E-04
1.10636857E-01  7.84843639E-02  8.92040553E-04
1.10935472E-01  7.79401436E-02  8.88268056E-04
1.11234087E-01  7.86342621E-02  9.00457904E-04
1.11532702E-01  7.57949799E-02  8.83369765E-04
1.11831317E-01  7.89975077E-02  8.97004211E-04
1.12129932E-01  7.58242682E-02  8.80487845E-04
1.12428547E-01  7.55313337E-02  8.78449471E-04
1.12727162E-01  7.57511631E-02  8.76043399E-04
1.13025777E-01  7.41739795E-02  8.65890062E-04
1.13324392E-01  7.31033459E-02  8.58318526E-04
1.13623007E-01  7.49955699E-02  8.71334923E-04
1.13921622E-01  7.41465762E-02  8.67048337E-04
1.14220237E-01  7.37133175E-02  8.56090512E-04
1.14518852E-01  7.38540217E-02  8.49964272E-04
1.14817467E-01  7.33861774E-02  8.59332387E-04
1.15116082E-01  7.49134496E-02  8.67574650E-04
1.15414697E-01  7.30274320E-02  8.52737925E-04
1.15713312E-01  7.30528980E-02  8.44725699E-04
1.16011927E-01  7.28640407E-02  8.46741255E-04
1.16310542E-01  7.26554170E-02  8.53118079E-04
1.16609157E-01  7.38754421E-02  8.50717945E-04
1.16907772E-01  7.16492087E-02  8.40897614E-04
1.17206387E-01  7.26957247E-02  8.43590009E-04
1.17505002E-01  7.27375597E-02  8.38616164E-04
1.17803617E-01  7.21808821E-02  8.44639842E-04
1.18102232E-01  7.28331059E-02  8.40388180E-04
1.18400847E-01  7.10423663E-02  8.31203419E-04
1.18699462E-01  7.09362999E-02  8.28772027E-04
1.18998077E-01  7.12469593E-02  8.22853588E-04
1.19296692E-01  7.33972564E-02  8.51100660E-04
1.19595307E-01  7.21959770E-02  8.28908524E-04
1.19893922E-01  7.26558492E-02  8.29770288E-04
1.20192537E-01  7.29505420E-02  8.41071655E-04
1.20491152E-01  7.19815418E-02  8.23574490E-04
1.20789767E-01  7.16108084E-02  8.29104334E-04
1.21088382E-01  7.08501711E-02  8.23505223E-04
1.21386997E-01  7.18595088E-02  8.22878676E-04
1.21685612E-01  7.12848902E-02  8.27218057E-04
1.21984227E-01  7.18135238E-02  8.24952440E-04
1.22282842E-01  7.14612454E-02  8.17140273E-04
1.22581457E-01  7.15978667E-02  8.12249782E-04
1.22880072E-01  7.24998489E-02  8.31849233E-04
1.23178687E-01  7.28244781E-02  8.26058851E-04
1.23477302E-01  7.15213567E-02  8.20946530E-04
1.23775917E-01  7.28063509E-02  8.18514032E-04
1.24074532E-01  7.20829517E-02  8.22423317E-04
1.24373147E-01  7.16561973E-02  8.18834407E-04
1.24671762E-01  7.35719055E-02  8.25089635E-04
1.24970377E-01  7.10033774E-02  8.08319252E-04
1.25268992E-01  7.20010549E-02  8.12857994E-04
1.25567607E-01  7.31410235E-02  8.15349864E-04
1.25866222E-01  7.21026734E-02  8.22541246E-04
1.26164837E-01  7.36350119E-02  8.22032336E-04
1.26463452E-01  7.29233623E-02  8.14138504E-04
1.26762067E-01  7.34333172E-02  8.20343150E-04
1.27060682E-01  7.41347447E-02  8.21996015E-04
1.27359297E-01  7.36848563E-02  8.31814308E-04
1.27657912E-01  7.30554983E-02  8.08837067E-04
1.27956527E-01  7.43495524E-02  8.19555600E-04
1.28255142E-01  7.52945095E-02  8.30678677E-04
1.28553757E-01  7.37583637E-02  8.07853183E-04
1.28852372E-01  7.54298046E-02  8.20228423E-04
1.29150987E-01  7.43864253E-02  8.14536703E-04
1.29449602E-01  7.49320164E-02  8.22485716E-04
1.29748217E-01  7.68323615E-02  8.32287536E-04
1.30046832E-01  7.81430081E-02  8.32628924E-04
1.30345447E-01  7.67057762E-02  8.22750619E-04
1.30644062E-01  7.73571879E-02  8.25146213E-04
1.30942677E-01  7.70771801E-02  8.29698693E-04
1.31241292E-01  8.01576525E-02  8.43297748E-04
1.31539907E-01  7.86112398E-02  8.30714649E-04
1.31838522E-01  8.01666901E-02  8.42786627E-04
1.32137137E-01  7.99713060E-02  8.49413802E-04
1.32435752E-01  8.07391256E-02  8.64670670E-04
1.32734367E-01  7.91212544E-02  8.54778162E-04
1.33032982E-01  8.13282132E-02  8.75763595E-04
1.33331597E-01  8.23374689E-02  8.81181797E-04
1.33630212E-01  8.35560113E-02  8.91470234E-04
1.33928827E-01  8.40775818E-02  9.07952490E-04
1.34227442E-01  8.30809399E-02  8.80804670E-04
1.34526057E-01  8.51115137E-02  9.09516588E-04
1.34824672E-01  8.58776048E-02  9.20334423E-04
1.35123287E-01  8.73005763E-02  9.22486593E-04
1.35421902E-01  8.81552771E-02  9.35232500E-04
1.35720517E-01  8.84849355E-02  9.27370391E-04
1.36019132E-01  8.90139863E-02  9.46850167E-04
1.36317747E-01  9.05891582E-02  9.45949287E-04
1.36616362E-01  9.40130204E-02  9.60818317E-04
1.36914977E-01  9.50525627E-02  9.76968557E-04
1.37213592E-01  9.45442840E-02  9.75824834E-04
1.37512207E-01  9.51027498E-02  9.88457352E-04
1.37810822E-01  9.67404097E-02  9.87095642E-04
1.38109437E-01  1.00517616E-01  1.00618287E-03
1.38408052E-01  9.94357914E-02  1.00455573E-03
1.38706667E-01  1.01278707E-01  1.01614592E-03
1.39005282E-01  1.02077559E-01  1.03124429E-03
1.39303897E-01  1.05961837E-01  1.02997001E-03
1.39602512E-01  1.08763330E-01  1.06365234E-03
1.39901127E-01  1.09451890E-01  1.06535456E-03
1.40199742E-01  1.12816930E-01  1.07659749E-03
1.40498357E-01  1.15287244E-01  1.09982083E-03
1.40796972E-01  1.17280856E-01  1.09474489E-03
1.41095587E-01  1.19588584E-01  1.12147711E-03
1.41394202E-01  1.23115093E-01  1.13078195E-03
1.41692817E-01  1.27056271E-01  1.15596503E-03
1.41991432E-01  1.30264297E-01  1.17046887E-03
1.42290047E-01  1.36374280E-01  1.18919509E-03
1.42588662E-01  1.37670845E-01  1.21095136E-03
1.42887277E-01  1.46851063E-01  1.24374148E-03
1.43185892E-01  1.47143528E-01  1.24106591E-03
1.43484507E-01  1.53733909E-01  1.27863209E-03
1.43783122E-01  1.62979573E-01  1.30563439E-03
1.44081737E-01  1.69766530E-01  1.33674440E-03
1.44380352E-01  1.72745481E-01  1.33738550E-03
1.44678967E-01  1.82045147E-01  1.35771430E-03
1.44977582E-01  1.90053374E-01  1.41492439E-03
1.45276197E-01  2.03496784E-01  1.44262298E-03
1.45574812E-01  2.14318708E-01  1.49781688E-03
1.45873427E-01  2.28241637E-01  1.50997855E-03
1.46172042E-01  2.40465418E-01  1.56103587E-03
1.46470657E-01  2.55545378E-01  1.62853661E-03
1.46769272E-01  2.70979732E-01  1.65712822E-03
1.47067887E-01  2.88483828E-01  1.70592999E-03
1.47366502E-01  3.04545879E-01  1.74422504E-03
1.47665117E-01  3.30821902E-01  1.82064576E-03
1.47963732E-01  3.52054119E-01  1.89969549E-03
1.48262347E-01  3.76036882E-01  1.94254552E-03
1.48560962E-01  4.00182128E-01  2.00696569E-03
1.48859577E-01  4.27931517E-01  2.04775366E-03
1.49158192E-01  4.54869092E-01  2.15522107E-03
1.49456807E-01  4.86507565E-01  2.20292574E-03
1.49755422E-01  5.15450716E-01  2.26159743E-03
1.50054037E-01  5.41974902E-01  2.33386667E-03
1.50352652E-01  5.66222250E-01  2.35552061E-03
1.50651267E-01  6.00501239E-01  2.46036821E-03
1.50949882E-01  6.22397304E-01  2.46598921E-03
1.51248497E-01  6.46869540E-01  2.52606347E-03
1.51547112E-01  6.68062329E-01  2.61193118E-03
1.51845727E-01  6.88610852E-01  2.57506035E-03
1.52144342E-01  6.98913515E-01  2.65836925E-03
1.52442957E-01  7.19513774E-01  2.61714053E-03
1.52741572E-01  7.29638159E-01  2.67394120E-03
1.53040187E-01  7.38016427E-01  2.72760098E-03
1.53338802E-01  7.38952398E-01  2.67431117E-03
1.53637417E-01  7.48428226E-01  2.72422424E-03
1.53936032E-01  7.45621622E-01  2.67956243E-03
1.54234647E-01  7.39921689E-01  2.67510512E-03
1.54533262E-01  7.37929642E-01  2.71314173E-03
1.54831877E-01  7.23648727E-01  2.64937733E-03
1.55130492E-01  7.17035949E-01  2.64109252E-03
1.55429107E-01  6.99125707E-01  2.59375223E-03
1.55727722E-01  6.83820903E-01  2.59056524E-03
1.56026337E-01  6.68503404E-01  2.54644407E-03
1.56324952E-01  6.49018586E-01  2.50089122E-03
1.56623567E-01  6.22143805E-01  2.47646030E-03
1.56922182E-01  6.00996494E-01  2.39881012E-03
1.57220797E-01  5.72466850E-01  2.37291073E-03
1.57519412E-01  5.42335927E-01  2.28120061E-03
1.57818027E-01  5.08195341E-01  2.20664777E-03
1.58116642E-01  4.80968475E-01  2.17583799E-03
1.58415257E-01  4.45266247E-01  2.06551701E-03
1.58713872E-01  4.17527914E-01  2.01909384E-03
1.59012487E-01  3.87199849E-01  1.91652577E-03
1.59311102E-01  3.55824947E-01  1.86531141E-03
1.59609717E-01  3.33914280E-01  1.81029225E-03
1.59908332E-01  3.02750409E-01  1.68394891E-03
1.60206947E-01  2.78297663E-01  1.63062557E-03
1.60505562E-01  2.58740753E-01  1.57228939E-03
1.60804177E-01  2.40854070E-01  1.51534507E-03
1.61102792E-01  2.20543131E-01  1.45056495E-03
1.61401407E-01  2.06260264E-01  1.39732333E-03
1.61700022E-01  1.94028631E-01  1.35334057E-03
1.61998637E-01  1.84893370E-01  1.32391322E-03
1.62297252E-01  1.75490350E-01  1.29581115E-03
1.62595867E-01  1.67433381E-01  1.26481045E-03
1.62894482E-01  1.59889624E-01  1.22206355E-03
1.63193097E-01  1.53663203E-01  1.21561228E-03
1.63491712E-01  1.47697106E-01  1.17208855E-03
1.63790327E-01  1.44984037E-01  1.17951189E-03
1.64088942E-01  1.42853394E-01  1.15110807E-03
1.64387557E-01  1.39930114E-01  1.14808709E-03
1.64686172E-01  1.37617722E-01  1.15206663E-03
1.64984787E-01  1.34881720E-01  1.12009305E-03
1.65283402E-01  1.34298280E-01  1.12475094E-03
1.65582017E-01  1.32995903E-01  1.10991905E-03
1.65880632E-01  1.33123800E-01  1.11511024E-03
1.66179247E-01  1.30784467E-01  1.11428078E-03
1.66477862E-01  1.33690745E-01  1.11089263E-03
1.66776477E-01  1.33301973E-01  1.11900002E-03
1.67075092E-01  1.33490682E-01  1.12216664E-03
1.67373707E-01  1.38664678E-01  1.14008633E-03
1.67672322E-01  1.39406517E-01  1.14233117E-03
1.67970937E-01  1.42886937E-01  1.14570151E-03
1.68269552E-01  1.45700559E-01  1.16620166E-03
1.68568167E-01  1.49508998E-01  1.16953906E-03
1.68866782E-01  1.54104188E-01  1.20485853E-03
1.69165397E-01  1.57924846E-01  1.21033867E-03
1.69464012E-01  1.63769305E-01  1.22489070E-03
1.69762627E-01  1.69490382E-01  1.25431491E-03
1.70061242E-01  1.75777286E-01  1.27294660E-03
1.70359857E-01  1.86398759E-01  1.32605189E-03
1.70658472E-01  1.88458979E-01  1.30950089E-03
1.70957087E-01  1.98062047E-01  1.34751678E-03
1.71255702E-01  2.09369853E-01  1.40242162E-03
1.71554317E-01  2.18787685E-01  1.40142022E-03
1.71852932E-01  2.28913590E-01  1.45167240E-03
1.72151547E-01  2.38929257E-01  1.47800089E-03
1.72450162E-01  2.50554949E-01  1.51717791E-03
1.72748777E-01  2.60862440E-01  1.55181834E-03
1.73047392E-01  2.72810012E-01  1.57986896E-03
1.73346007E-01  2.87869513E-01  1.62568106E-03
1.73644622E-01  2.93406993E-01  1.63339474E-03
1.73943237E-01  3.06620061E-01  1.67034031E-03
1.74241852E-01  3.20557117E-01  1.71846524E-03
1.74540467E-01  3.30321461E-01  1.72257505E-03
1.74839082E-01  3.36402625E-01  1.75982364E-03
1.75137697E-01  3.50031495E-01  1.77802413E-03
1.75436312E-01  3.57247382E-01  1.80792646E-03
1.75734927E-01  3.64033610E-01  1.80289790E-03
1.76033542E-01  3.69241387E-01  1.82124483E-03
1.76332157E-01  3.79184037E-01  1.87357061E-03
1.76630772E-01  3.79336357E-01  1.84102647E-03
1.76929387E-01  3.86446267E-01  1.88685558E-03
1.77228002E-01  3.88067544E-01  1.85466069E-03
1.77526617E-01  3.90533388E-01  1.87429634E-03
1.77825232E-01  3.90179157E-01  1.87979767E-03
1.78123847E-01  3.89704436E-01  1.87105068E-03
1.78422462E-01  3.88169497E-01  1.86736532E-03
1.78721077E-01  3.85594636E-01  1.86619803E-03
1.79019692E-01  3.83136600E-01  1.86087331E-03
1.79318307E-01  3.74633640E-01  1.84073485E-03
1.79616922E-01  3.69766265E-01  1.80146738E-03
1.79915537E-01  3.63887817E-01  1.81108213E-03
1.80214152E-01  3.56880337E-01  1.77801226E-03
1.80512767E-01  3.45733166E-01  1.76772196E-03
1.80811382E-01  3.38782340E-01  1.74514193E-03
1.81109997E-01  3.29527438E-01  1.70513161E-03
1.81408612E-01  3.17385346E-01  1.69027760E-03
1.81707227E-01  3.07628304E-01  1.65463320E-03
1.82005842E-01  2.94439852E-01  1.61877903E-03
1.82304457E-01  2.78907031E-01  1.56664615E-03
1.82603072E-01  2.68307894E-01  1.54322316E-03
1.82901687E-01  2.54988998E-01  1.51505647E-03
1.83200302E-01  2.38350704E-01  1.45163189E-03
1.83498917E-01  2.24208891E-01  1.40234677E-03
1.83797532E-01  2.10151464E-01  1.35544920E-03
1.84096147E-01  1.97595388E-01  1.32656191E-03
1.84394762E-01  1.85577929E-01  1.28774240E-03
1.84693377E-01  1.73840135E-01  1.23768044E-03
1.84991992E-01  1.65687144E-01  1.21474639E-03
1.85290607E-01  1.50650814E-01  1.14352757E-03
1.85589222E-01  1.41831338E-01  1.11757929E-03
1.85887837E-01  1.35163948E-01  1.08777045E-03
1.86186452E-01  1.27457917E-01  1.05423562E-03
1.86485067E-01  1.20574892E-01  1.03078049E-03
1.86783682E-01  1.14930891E-01  1.00339018E-03
1.87082297E-01  1.09426707E-01  9.83275822E-04
1.87380912E-01  1.06130585E-01  9.62005171E-04
1.87679527E-01  1.01022147E-01  9.30694339E-04
1.87978142E-01  9.62389708E-02  9.19695187E-04
1.88276757E-01  9.46514606E-02  9.09983995E-04
1.88575372E-01  8.95197019E-02  8.87596281E-04
1.88873987E-01  8.83771703E-02  8.76440259E-04
1.89172602E-01  8.59050229E-02  8.59351072E-04
1.89471217E-01  8.47019479E-02  8.59707827E-04
1.89769832E-01  8.17969143E-02  8.47056741E-04
1.90068447E-01  7.92672783E-02  8.22051778E-04
1.90367062E-01  7.87663087E-02  8.27150943E-04
1.90665677E-01  7.65501782E-02  8.13581340E-04
1.90964292E-01  7.36871436E-02  7.96675973E-04
1.91262907E-01  7.35640302E-02  7.99372967E-04
1.91561522E-01  7.19290525E-02  7.80593546E-04
1.91860137E-01  7.03925267E-02  7.82719173E-04
1.92158752E-01  6.96828887E-02  7.74732674E-04
1.92457367E-01  7.07530156E-02  7.81670096E-04
1.92755982E-01  6.72769025E-02  7.59041053E-04
1.93054597E-01  6.69091418E-02  7.57451227E-04
1.93353212E-01  6.50570765E-02  7.43084995E-04
1.93651827E-01  6.43802658E-02  7.47094047E-04
1.93950442E-01  6.40886948E-02  7.41318509E-04
1.94249057E-01  6.24766983E-02  7.26817292E-04
1.94547672E-01  6.27119988E-02  7.33787427E-04
1.94846287E-01  6.00590706E-02  7.16717797E-04
1.95144902E-01  6.04010336E-02  7.22705154E-04
1.95443517E-01  6.02247044E-02  7.06475461E-04
1.95742132E-01  6.01703934E-02  7.16009876E-04
1.96040747E-01  5.97690977E-02  7.14990485E-04
1.96339362E-01  5.76244444E-02  7.03627185E-04
1.96637977E-01  5.79710118E-02  6.98801072E-04
1.96936592E-01  5.78195900E-02  6.99214579E-04
1.97235207E-01  5.72634786E-02  6.98283140E-04
1.97533822E-01  5.56623414E-02  6.85831823E-04
1.97832437E-01  5.65105453E-02  6.93237467E-04
1.98131052E-01  5.58713637E-02  6.85602718E-04
1.98429667E-01  5.53115495E-02  6.82806596E-04
1.98728282E-01  5.50271720E-02  6.83211605E-04
1.99026897E-01  5.38423061E-02  6.71561400E-04
1.99325512E-01  5.41741960E-02  6.75753516E-04
1.99624127E-01  5.34157343E-02  6.70795795E-04
1.99922742E-01  5.35919964E-02  6.70633861E-04
2.00221357E-01  5.31193428E-02  6.71482820E-04
2.00519972E-01  5.32410778E-02  6.65513449E-04
2.00818587E-01  5.32415137E-02  6.64895866E-04
2.01117202E-01  5.12324646E-02  6.58615085E-04
2.01415817E-01  5.22129834E-02  6.58239820E-04
2.01714432E-01  5.03259003E-02  6.49271882E-04
2.02013047E-01  5.17216958E-02  6.55545853E-04
2.02311662E-01  5.03765196E-02  6.49600639E-04
2.02610277E-01  5.03194667E-02  6.50870206E-04
2.02908892E-01  4.96525802E-02  6.39521575E-04
2.03207507E-01  5.01706824E-02  6.45445602E-04
2.03506122E-01  4.92867902E-02  6.38742931E-04
2.03804737E-01  4.94369157E-02  6.40312268E-04
2.04103352E-01  4.93290052E-02  6.41611114E-04
2.04401967E-01  4.93226312E-02  6.40769838E-04
2.04700582E-01  4.89096940E-02  6.32582232E-04
2.04999197E-01  4.69928645E-02  6.21781510E-04
2.05297812E-01  4.80764210E-02  6.35007804E-04
2.05596427E-01  4.81865853E-02  6.30604278E-04
2.05895042E-01  4.75472249E-02  6.27963222E-04
2.06193657E-01  4.82774563E-02  6.28678827E-04
2.06492272E-01  4.66567650E-02  6.17280428E-04
2.06790887E-01  4.64136600E-02  6.22567604E-04
2.07089502E-01  4.67141867E-02  6.14288205E-04
2.07388117E-01  4.66233939E-02  6.21645246E-04
2.07686732E-01  4.63487804E-02  6.17325597E-04
2.07985347E-01  4.65922840E-02  6.16859412E-04
2.08283962E-01  4.57219370E-02  6.12573291E-04
2.08582577E-01  4.64520454E-02  6.13124808E-04
2.08881192E-01  4.58986051E-02  6.12253556E-04
2.09179807E-01  4.60849851E-02  6.16331992E-04
2.09478422E-01  4.57818657E-02  6.07034948E-04
2.09777037E-01  4.63132225E-02  6.16906735E-04
2.10075652E-01  4.54620197E-02  6.05461013E-04
2.10374267E-01  4.56909947E-02  6.14646182E-04
2.10672882E-01  4.52536792E-02  6.09812560E-04
2.10971497E-01  4.53404225E-02  6.00495900E-04
2.11270112E-01  4.46620286E-02  6.05256530E-04
2.11568727E-01  4.54111248E-02  6.04033703E-04
2.11867342E-01  4.55790199E-02  6.10877818E-04
2.12165957E-01  4.35597189E-02  5.91951073E-04
2.12464572E-01  4.48463149E-02  6.00088330E-04
2.12763187E-01  4.53310646E-02  6.06249203E-04
2.13061802E-01  4.32983153E-02  5.91962365E-04
2.13360417E-01  4.41294834E-02  5.99804684E-04
2.13659032E-01  4.33655195E-02  5.88335039E-04
2.13957647E-01  4.36537042E-02  5.90995187E-04
2.14256262E-01  4.31618989E-02  5.90318057E-04
2.14554877E-01  4.36272733E-02  5.89934934E-04
2.14853492E-01  4.31101248E-02  5.87307441E-04
2.15152107E-01  4.32146862E-02  5.87316579E-04
2.15450722E-01  4.41093780E-02  5.99309977E-04
2.15749337E-01  4.37721461E-02  5.92870405E-04
2.16047952E-01  4.32132781E-02  5.87134797E-04
2.16346567E-01  4.30255607E-02  5.86209761E-04
2.16645182E-01  4.22656015E-02  5.77735424E-04
2.16943797E-01  4.31039259E-02  5.86570124E-04
2.17242412E-01  4.29184772E-02  5.89197211E-04
2.17541027E-01  4.27193083E-02  5.78610227E-04
2.17839642E-01  4.23987582E-02  5.86332288E-04
2.18138257E-01  4.24681306E-02  5.75895305E-04
2.18436872E-01  4.25988026E-02  5.82780223E-04
2.18735487E-01  4.29994464E-02  5.82564913E-04
2.19034102E-01  4.23788540E-02  5.78689098E-04
2.19332717E-01  4.12409529E-02  5.74622885E-04
2.19631332E-01  4.24697101E-02  5.80688182E-04
2.19929947E-01  4.27348688E-02  5.80259832E-04
2.20228562E-01  4.32577841E-02  5.81914035E-04
2.20527177E-01  4.17811684E-02  5.74939942E-04
2.20825792E-01  4.23088744E-02  5.79247600E-04
2.21124407E-01  4.29184474E-02  5.81681088E-04
2.21423022E-01  4.32933904E-02  5.83185058E-04
2.21721637E-01  4.31941561E-02  5.81321132E-04
2.22020252E-01  4.29188125E-02  5.79296728E-04
2.22318867E-01  4.18634266E-02  5.75853861E-04
2.22617482E-01  4.36087139E-02  5.80881839E-04
2.22916097E-01  4.26731706E-02  5.82436624E-04
2.23214712E-01  4.26741168E-02  5.76466729E-04
2.23513327E-01  4.44939472E-02  5.92620869E-04
2.23811942E-01  4.39607166E-02  5.85778500E-04
2.24110557E-01  4.45871539E-02  5.87538350E-04
2.24409172E-01  4.42167185E-02  5.89556235E-04
2.24707787E-01  4.59570959E-02  5.95291203E-04
2.25006402E-01  4.32792529E-02  5.84481342E-04
2.25305017E-01  4.50152196E-02  5.85453177E-04
2.25603632E-01  4.49283458E-02  5.93065051E-04
2.25902247E-01  4.41396125E-02  5.88528172E-04
2.26200862E-01  4.52042781E-02  5.92286116E-04
2.26499477E-01  4.47063036E-02  5.86971932E-04
2.26798092E-01  4.67841625E-02  6.03779685E-04
2.27096707E-01  4.64384109E-02  6.00669708E-04
2.27395322E-01  4.60411087E-02  6.00371684E-04
2.27693937E-01  4.65963073E-02  5.96506812E-04
2.27992552E-01  4.67648134E-02  5.99647465E-04
2.28291167E-01  4.81857918E-02  6.08340488E-04
2.28589782E-01  4.72810864E-02  6.07517315E-04
2.28888397E-01  4.75021601E-02  6.06811722E-04
2.29187012E-01  4.78133745E-02  6.03735039E-04
2.29485627E-01  4.77411076E-02  6.05531852E-04
2.29784242E-01  4.87197600E-02  6.14543329E-04
2.30082857E-01  4.81237024E-02  6.06735179E-04
2.30381472E-01  4.86021005E-02  6.08525472E-04
2.30680087E-01  4.94889095E-02  6.15636585E-04
2.30978702E-01  4.95503806E-02  6.16020057E-04
2.31277317E-01  4.84977849E-02  6.10143645E-04
2.31575932E-01  4.91068661E-02  6.13787852E-04
2.31874547E-01  5.02982251E-02  6.16425765E-04
2.32173162E-01  4.89944704E-02  6.11333409E-04
2.32471777E-01  4.85404544E-02  6.09716168E-04
2.32770392E-01  4.94257584E-02  6.13145414E-04
2.33069007E-01  4.88606580E-02  6.09284383E-04
2.33367622E-01  4.91732247E-02  6.08982577E-04
2.33666237E-01  4.89394963E-02  6.12749835E-04
2.33964852E-01  4.78897020E-02  6.01494627E-04
2.34263467E-01  4.81014363E-02  6.02824090E-04
2.34562082E-01  4.67076898E-02  5.95546328E-04
2.34860697E-01  4.63900901E-02  5.92509052E-04
2.35159312E-01  4.64122817E-02  5.93325065E-04
2.35457927E-01  4.58567515E-02  5.86606853E-04
2.35756542E-01  4.55658957E-02  5.82457462E-04
2.36055157E-01  4.56523933E-02  5.87950693E-04
2.36353772E-01  4.55296747E-02  5.86662209E-04
2.36652387E-01  4.38854061E-02  5.79096202E-04
2.36951002E-01  4.48531024E-02  5.74850827E-04
2.37249617E-01  4.25660945E-02  5.68864169E-04
2.37548232E-01  4.35907543E-02  5.73066704E-04
2.37846847E-01  4.30582613E-02  5.67638141E-04
2.38145462E-01  4.31654528E-02  5.67868177E-04
2.38444077E-01  4.22471203E-02  5.58061292E-04
2.38742692E-01  4.06525061E-02  5.56570361E-04
2.39041307E-01  4.08888273E-02  5.53158112E-04
2.39339922E-01  4.06173766E-02  5.50241675E-04
2.39638537E-01  4.02824990E-02  5.48429380E-04
2.39937152E-01  4.05486897E-02  5.48707263E-04
2.40235767E-01  3.95995826E-02  5.46058291E-04
2.40534382E-01  3.82229090E-02  5.33037412E-04
2.40832997E-01  3.86086106E-02  5.34532010E-04
2.41131612E-01  3.68582048E-02  5.25047770E-04
2.41430227E-01  3.75805236E-02  5.25768904E-04
2.41728842E-01  3.72680090E-02  5.28850360E-04
2.42027457E-01  3.69540192E-02  5.19655121E-04
2.42326072E-01  3.53985503E-02  5.10561920E-04
2.42624687E-01  3.59626636E-02  5.19509427E-04
2.42923302E-01  3.56841795E-02  5.14467596E-04
2.43221917E-01  3.54377367E-02  5.07914578E-04
2.43520532E-01  3.49374227E-02  5.06392622E-04
2.43819147E-01  3.48335467E-02  5.06057870E-04
2.44117762E-01  3.44875120E-02  5.05912642E-04
2.44416377E-01  3.47878598E-02  5.09387697E-04
2.44714992E-01  3.42499763E-02  4.98791924E-04
2.45013607E-01  3.39347422E-02  5.01705683E-04
2.45312222E-01  3.36277299E-02  4.96407680E-04
2.45610837E-01  3.31759825E-02  4.94558364E-04
2.45909452E-01  3.33716460E-02  4.91025043E-04
2.46208067E-01  3.26592922E-02  4.89748607E-04
2.46506682E-01  3.31598036E-02  4.92405961E-04
2.46805297E-01  3.32269929E-02  4.96866938E-04
2.47103912E-01  3.29484008E-02  4.88566933E-04
2.47402527E-01  3.32817957E-02  4.91033657E-04
2.47701142E-01  3.37353572E-02  4.97346628E-04
2.47999757E-01  3.32408063E-02  4.93282627E-04
2.48298372E-01  3.22358944E-02  4.88590915E-04
2.48596987E-01  3.32696885E-02  4.87000972E-04
2.48895602E-01  3.26465778E-02  4.85803583E-04
2.49194217E-01  3.31740007E-02  4.90244303E-04
2.49492832E-01  3.34897116E-02  4.93510743E-04
2.49791447E-01  3.37717682E-02  4.96804831E-04
2.50090062E-01  3.34962755E-02  4.91424638E-04
2.50388677E-01  3.42219919E-02  5.00244554E-04
2.50687292E-01  3.28838527E-02  4.88631602E-04
2.50985907E-01  3.30654979E-02  4.87206504E-04
2.51284522E-01  3.35668623E-02  4.93950909E-04
2.51583137E-01  3.30951214E-02  4.86903620E-04
2.51881752E-01  3.40682305E-02  4.96145105E-04
2.52180367E-01  3.45524922E-02  4.99660033E-04
2.52478982E-01  3.42036523E-02  4.95393062E-04
2.52777597E-01  3.33102345E-02  4.89803439E-04
2.53076212E-01  3.44453081E-02  4.98214213E-04
2.53374827E-01  3.47671509E-02  5.02029783E-04
2.53673442E-01  3.49723548E-02  4.97075438E-04
2.53972057E-01  3.47253457E-02  4.99296526E-04
2.54270672E-01  3.53382677E-02  5.03549469E-04
2.54569287E-01  3.51211056E-02  5.04309661E-04
2.54867902E-01  3.56590301E-02  5.05560311E-04
2.55166517E-01  3.58283892E-02  5.03527641E-04
2.55465132E-01  3.47003415E-02  4.98319278E-04
2.55763747E-01  3.56021710E-02  5.05160540E-04
2.56062362E-01  3.67151313E-02  5.12859202E-04
2.56360977E-01  3.68019901E-02  5.10057609E-04
2.56659592E-01  3.69529277E-02  5.09756152E-04
2.56958207E-01  3.74233685E-02  5.17231005E-04
2.57256822E-01  3.72395888E-02  5.15133957E-04
2.57555437E-01  3.78030166E-02  5.16542641E-04
2.57854052E-01  3.86717804E-02  5.23692579E-04
2.58152667E-01  4.00833860E-02  5.35016123E-04
2.58451282E-01  3.90118286E-02  5.27958735E-04
2.58749897E-01  4.00693417E-02  5.30127203E-04
2.59048512E-01  3.96187827E-02  5.28250413E-04
2.59347127E-01  4.01611999E-02  5.31575177E-04
2.59645742E-01  4.03329507E-02  5.35398431E-04
2.59944357E-01  4.07404080E-02  5.38958411E-04
2.60242972E-01  4.07723300E-02  5.32392005E-04
2.60541587E-01  4.10972349E-02  5.39447181E-04
2.60840202E-01  4.11483198E-02  5.38358232E-04
2.61138817E-01  4.24796715E-02  5.48593118E-04
2.61437432E-01  4.22944538E-02  5.45519229E-04
2.61736047E-01  4.18773443E-02  5.40409063E-04
2.62034662E-01  4.22045030E-02  5.45084942E-04
2.62333277E-01  4.29127328E-02  5.49351214E-04
2.62631892E-01  4.18792181E-02  5.39580302E-04
2.62930507E-01  4.22362313E-02  5.42158901E-04
2.63229122E-01  4.43887264E-02  5.56820072E-04
2.63527737E-01  4.32979576E-02  5.53421734E-04
2.63826352E-01  4.26030234E-02  5.44228184E-04
2.64124967E-01  4.38615754E-02  5.52209618E-04
2.64423582E-01  4.37841602E-02  5.52154670E-04
2.64722197E-01  4.37002406E-02  5.49482123E-04
2.65020812E-01  4.40481789E-02  5.57170308E-04
2.65319427E-01  4.38067690E-02  5.48313314E-04
2.65618042E-01  4.35211025E-02  5.52228885E-04
2.65916657E-01  4.44050990E-02  5.55628329E-04
2.66215272E-01  4.39433083E-02  5.52015030E-04
2.66513887E-01  4.42968272E-02  5.54664468E-04
2.66812502E-01  4.33325619E-02  5.45203860E-04
2.67111117E-01  4.42668833E-02  5.54768194E-04
2.67409732E-01  4.24124524E-02  5.41617046E-04
2.67708347E-01  4.36896458E-02  5.50568919E-04
2.68006962E-01  4.22330201E-02  5.40472683E-04
2.68305577E-01  4.27683778E-02  5.42067166E-04
2.68604192E-01  4.28446978E-02  5.43952745E-04
2.68902807E-01  4.31477092E-02  5.45169925E-04
2.69201422E-01  4.23620343E-02  5.37694898E-04
2.69500037E-01  4.26632687E-02  5.41824033E-04
2.69798652E-01  4.11072485E-02  5.31579019E-04
2.70097267E-01  4.08145674E-02  5.33125363E-04
2.70395882E-01  4.10149954E-02  5.26265940E-04
2.70694497E-01  4.02552448E-02  5.25774551E-04
2.70993112E-01  4.07523289E-02  5.29966608E-04
2.71291727E-01  3.92238051E-02  5.19532012E-04
2.71590342E-01  3.93095315E-02  5.21445647E-04
2.71888957E-01  3.95311974E-02  5.16273722E-04
2.72187572E-01  3.97160612E-02  5.20511181E-04
2.72486187E-01  3.75349335E-02  5.06535522E-04
2.72784802E-01  3.65500189E-02  5.00873197E-04
2.73083417E-01  3.75223532E-02  5.02356328E-04
2.73382032E-01  3.74994725E-02  5.05137898E-04
2.73680647E-01  3.58207859E-02  4.95982473E-04
2.73979262E-01  3.57804708E-02  4.93300904E-04
2.74277877E-01  3.62133458E-02  4.94267908E-04
2.74576492E-01  3.50379236E-02  4.86919685E-04
2.74875107E-01  3.43673415E-02  4.83711308E-04
2.75173722E-01  3.27998176E-02  4.73276683E-04
2.75472337E-01  3.30200903E-02  4.69611841E-04
2.75770952E-01  3.32240649E-02  4.75601089E-04
2.76069567E-01  3.30172628E-02  4.69476683E-04
2.76368182E-01  3.11728604E-02  4.62340482E-04
2.76666797E-01  3.18094008E-02  4.65725112E-04
2.76965412E-01  3.17551680E-02  4.60074923E-04
2.77264027E-01  3.14553604E-02  4.61482297E-04
2.77562642E-01  3.03085167E-02  4.49027371E-04
2.77861257E-01  3.06889676E-02  4.57687565E-04
2.78159872E-01  3.01174615E-02  4.47278086E-04
2.78458487E-01  3.07254214E-02  4.53465444E-04
2.78757102E-01  2.99968906E-02  4.51349071E-04
2.79055717E-01  2.99574994E-02  4.48326929E-04
2.79354332E-01  2.89568156E-02  4.40665928E-04
2.79652947E-01  3.00651453E-02  4.49133920E-04
2.79951562E-01  2.91130915E-02  4.38348798E-04
2.80250177E-01  2.92428751E-02  4.44967678E-04
2.80548792E-01  2.87968814E-02  4.38791321E-04
2.80847407E-01  2.94053406E-02  4.41748765E-04
2.81146022E-01  2.81634331E-02  4.34157933E-04
2.81444637E-01  2.90722121E-02  4.42217250E-04
2.81743252E-01  2.92257816E-02  4.41499229E-04
2.82041867E-01  2.79046353E-02  4.27685503E-04
2.82340482E-01  2.83573940E-02  4.34675836E-04
2.82639097E-01  2.79189777E-02  4.31518973E-04
2.82937712E-01  2.82539017E-02  4.33344103E-04
2.83236327E-01  2.82525178E-02  4.33119130E-04
2.83534942E-01  2.75603868E-02  4.25671606E-04
2.83833557E-01  2.78162044E-02  4.30084649E-04
2.84132172E-01  2.81041116E-02  4.31554567E-04
2.84430787E-01  2.77237333E-02  4.30875254E-04
2.84729402E-01  2.81696804E-02  4.28985426E-04
2.85028017E-01  2.74867155E-02  4.26368468E-04
2.85326632E-01  2.71216556E-02  4.26280953E-04
2.85625247E-01  2.75438335E-02  4.22751880E-04
2.85923862E-01  2.74324566E-02  4.25424456E-04
2.86222477E-01  2.81357355E-02  4.30419401E-04
2.86521092E-01  2.67531350E-02  4.19815216E-04
2.86819707E-01  2.77757831E-02  4.30748798E-04
2.87118322E-01  2.72263382E-02  4.20211582E-04
2.87416937E-01  2.76959501E-02  4.25789302E-04
2.87715552E-01  2.77454462E-02  4.25545673E-04
2.88014167E-01  2.70583592E-02  4.23148595E-04
2.88312782E-01  2.78222952E-02  4.28339554E-04
2.88611397E-01  2.71785241E-02  4.18428361E-04
2.88910012E-01  2.75009852E-02  4.26282204E-04
2.89208627E-01  2.72576790E-02  4.22206591E-04
2.89507242E-01  2.76096631E-02  4.24613303E-04
2.89805857E-01  2.70134155E-02  4.18473297E-04
2.90104472E-01  2.74393260E-02  4.21147852E-04
2.90403087E-01  2.64974143E-02  4.18333861E-04
2.90701702E-01  2.70406902E-02  4.19298507E-04
2.91000317E-01  2.73378137E-02  4.20880708E-04
2.91298932E-01  2.75033563E-02  4.23078483E-04
2.91597547E-01  2.73948237E-02  4.22862358E-04
2.91896162E-01  2.77524553E-02  4.25303122E-04
2.92194777E-01  2.75635384E-02  4.22209734E-04
2.92493392E-01  2.79281847E-02  4.25406441E-04
2.92792007E-01  2.77169030E-02  4.24310099E-04
2.93090622E-01  2.75862925E-02  4.23104648E-04
2.93389237E-01  2.85515804E-02  4.30235756E-04
2.93687852E-01  2.82706339E-02  4.25134320E-04
2.93986467E-01  2.66393013E-02  4.15681308E-04
2.94285082E-01  2.81877276E-02  4.25429695E-04
2.94583697E-01  2.78254487E-02  4.25872015E-04
2.94882312E-01  2.76247077E-02  4.21567063E-04
2.95180927E-01  2.82166209E-02  4.23318095E-04
2.95479542E-01  2.81148665E-02  4.26423561E-04
2.95778157E-01  2.87332889E-02  4.29429405E-04
2.96076772E-01  2.84599643E-02  4.27691441E-04
2.96375387E-01  2.85008345E-02  4.27485793E-04
2.96674002E-01  2.83583533E-02  4.26212559E-04
2.96972617E-01  2.88666580E-02  4.32826753E-04
2.97271232E-01  2.85440832E-02  4.30611923E-04
2.97569847E-01  2.92027555E-02  4.35764960E-04
2.97868462E-01  2.93744393E-02  4.38326853E-04
2.98167077E-01  2.81325411E-02  4.31077293E-04
2.98465692E-01  3.00095901E-02  4.48004139E-04
2.98764307E-01  2.91118678E-02  4.37438721E-04
2.99062922E-01  2.91816592E-02  4.40681848E-04
2.99361537E-01  2.88963914E-02  4.39950236E-04
2.99660152E-01  2.96839271E-02  4.46690625E-04
2.99958767E-01  2.90949363E-02  4.42460587E-04
3.00257382E-01  3.00081894E-02  4.50601859E-04
3.00555997E-01  2.95386296E-02  4.46837512E-04
3.00854612E-01  3.09656858E-02  4.56812471E-04
3.01153227E-01  3.03597953E-02  4.55317262E-04
3.01451842E-01  3.09087560E-02  4.57318209E-04
3.01750457E-01  3.07294521E-02  4.61276330E-04
3.02049072E-01  3.03925518E-02  4.55450092E-04
3.02347687E-01  3.06117292E-02  4.66228521E-04
3.02646302E-01  3.12721506E-02  4.77228896E-04
3.02944917E-01  3.19686122E-02  4.82383679E-04
3.03243532E-01  3.11121177E-02  4.84944321E-04
3.03542147E-01  3.13319974E-02  4.87484125E-04
3.03840762E-01  3.13117951E-02  4.87051904E-04
3.04139377E-01  3.14552709E-02  4.94516164E-04
3.04437992E-01  3.08600478E-02  4.85458557E-04
3.04736607E-01  3.22669595E-02  5.04540920E-04
3.05035222E-01  3.25340852E-02  5.02490613E-04
3.05333837E-01  3.21094170E-02  5.02569252E-04
3.05632452E-01  3.30597386E-02  5.14054496E-04
3.05931067E-01  3.13186944E-02  4.97812463E-04
3.06229682E-01  3.24456245E-02  5.12178754E-04
3.06528297E-01  3.29876393E-02  5.11513092E-04
3.06826912E-01  3.30788530E-02  5.18569082E-04
3.07125527E-01  3.32652964E-02  5.21299720E-04
3.07424142E-01  3.28909643E-02  5.17727225E-04
3.07722757E-01  3.26011963E-02  5.19578054E-04
3.08021372E-01  3.32947932E-02  5.20739879E-04
3.08319987E-01  3.27793062E-02  5.12803032E-04
3.08618602E-01  3.33463885E-02  5.12173458E-04
3.08917217E-01  3.35470140E-02  5.06027834E-04
3.09215832E-01  3.35184596E-02  5.10203419E-04
3.09514447E-01  3.40007991E-02  5.05843316E-04
3.09813062E-01  3.34139839E-02  5.02593815E-04
3.10111677E-01  3.31144854E-02  4.98088950E-04
3.10410292E-01  3.39149274E-02  4.97834582E-04
3.10708907E-01  3.36976461E-02  5.01055969E-04
3.11007522E-01  3.34038511E-02  4.91925108E-04
3.11306137E-01  3.30397040E-02  4.95453132E-04
3.11604752E-01  3.33788022E-02  4.92143619E-04
3.11903367E-01  3.37338522E-02  4.94219188E-04
3.12201982E-01  3.37447226E-02  4.94166336E-04
3.12500597E-01  3.38029116E-02  4.90103208E-04
3.12799212E-01  3.32568735E-02  4.90186037E-04
3.13097827E-01  3.41071300E-02  4.92962019E-04
3.13396442E-01  3.29720676E-02  4.84046584E-04
3.13695057E-01  3.39834876E-02  4.93916858E-04
3.13993672E-01  3.39230895E-02  4.88519378E-04
3.14292287E-01  3.46968397E-02  4.95365995E-04
3.14590902E-01  3.37931179E-02  4.87457088E-04
3.14889517E-01  3.38214338E-02  4.87662619E-04
3.15188132E-01  3.42105031E-02  4.93323780E-04
3.15486747E-01  3.39161567E-02  4.84664924E-04
3.15785362E-01  3.33685353E-02  4.84008808E-04
3.16083977E-01  3.49219292E-02  4.91419691E-04
3.16382592E-01  3.37256677E-02  4.85575671E-04
3.16681207E-01  3.28950509E-02  4.77442372E-04
3.16979822E-01  3.38640064E-02  4.83672833E-04
3.17278437E-01  3.37594077E-02  4.84557095E-04
3.17577052E-01  3.34049799E-02  4.80510411E-04
3.17875667E-01  3.42966579E-02  4.93694330E-04
3.18174282E-01  3.26773338E-02  4.86315083E-04
3.18472897E-01  3.27975228E-02  4.94216685E-04
3.18771512E-01  3.35488729E-02  4.97909030E-04
3.19070127E-01  3.26428898E-02  4.94987122E-04
3.19368742E-01  3.34500074E-02  5.01493167E-04
3.19667357E-01  3.29192914E-02  4.97920555E-04
3.19965972E-01  3.24027613E-02  4.95117158E-04
3.20264587E-01  3.25234346E-02  4.98300826E-04
3.20563202E-01  3.34054455E-02  5.04581723E-04
3.20861817E-01  3.25906165E-02  4.99388727E-04
3.21160432E-01  3.27594914E-02  4.99113463E-04
3.21459047E-01  3.20766568E-02  4.98587498E-04
3.21757662E-01  3.18871588E-02  4.93974017E-04
3.22056277E-01  3.30662094E-02  5.02737355E-04
3.22354892E-01  3.24535854E-02  5.02387120E-04
3.22653507E-01  3.19924057E-02  4.97217872E-04
3.22952122E-01  3.13775539E-02  4.96744004E-04
3.23250737E-01  3.10983509E-02  4.85201512E-04
3.23549352E-01  3.18979174E-02  4.97494824E-04
3.23847967E-01  3.16880085E-02  4.98175097E-04
3.24146582E-01  3.12544703E-02  4.93314059E-04
3.24445197E-01  3.19459215E-02  4.99033195E-04
3.24743812E-01  3.16172168E-02  4.95594402E-04
3.25042427E-01  3.05076670E-02  4.91995190E-04
3.25341042E-01  3.07095163E-02  4.88006248E-04
3.25639657E-01  3.12087424E-02  4.94691834E-04
3.25938272E-01  3.13587673E-02  4.97194822E-04
3.26236887E-01  3.16745378E-02  4.95762622E-04
3.26535502E-01  3.17612849E-02  5.03956922E-04
3.26834117E-01  3.11651174E-02  4.93628380E-04
3.27132732E-01  3.13597806E-02  4.97648958E-04
3.27431347E-01  3.08904890E-02  4.94643697E-04
3.27729962E-01  3.05143055E-02  4.89310478E-04
3.28028577E-01  3.11728045E-02  5.02591080E-04
3.28327192E-01  3.13903950E-02  4.92402178E-04
3.28625807E-01  3.02209761E-02  4.91154555E-04
3.28924422E-01  3.03764567E-02  4.92124120E-04
3.29223037E-01  3.07735056E-02  4.93276631E-04
3.29521652E-01  3.04331575E-02  4.91561193E-04
3.29820267E-01  2.99814958E-02  4.86172212E-04
3.30118882E-01  2.97154356E-02  4.89379221E-04
3.30417497E-01  2.90219225E-02  4.81033698E-04
3.30716112E-01  3.03740669E-02  4.89204831E-04
3.31014727E-01  2.95331627E-02  4.83241980E-04
3.31313342E-01  2.86814123E-02  4.74543136E-04
3.31611957E-01  3.04720551E-02  4.94387059E-04
3.31910572E-01  2.93201860E-02  4.81500610E-04
3.32209187E-01  2.96974201E-02  4.82454576E-04
3.32507802E-01  2.91877314E-02  4.83715499E-04
3.32806417E-01  2.88036317E-02  4.74169996E-04
3.33105032E-01  2.85078920E-02  4.76058107E-04
3.33403647E-01  2.86108293E-02  4.73829510E-04
3.33702262E-01  2.89117377E-02  4.76595887E-04
3.34000877E-01  2.80697048E-02  4.69330087E-04
3.34299492E-01  2.89236065E-02  4.77961905E-04
3.34598107E-01  2.77645271E-02  4.68703947E-04
3.34896722E-01  2.81564686E-02  4.67460108E-04
3.35195337E-01  2.75078230E-02  4.62987082E-04
3.35493952E-01  2.77771801E-02  4.67984908E-04
3.35792567E-01  2.82789841E-02  4.70532832E-04
3.36091182E-01  2.83621810E-02  4.71917127E-04
3.36389797E-01  2.84822639E-02  4.70027415E-04
3.36688412E-01  2.73577832E-02  4.63624659E-04
3.36987027E-01  2.77928654E-02  4.64441662E-04
3.37285642E-01  2.80676577E-02  4.68641229E-04
3.37584257E-01  2.78833583E-02  4.67786274E-04
3.37882872E-01  2.69632768E-02  4.57860442E-04
3.38181487E-01  2.75839921E-02  4.64862067E-04
3.38480102E-01  2.82816235E-02  4.63695498E-04
3.38778717E-01  2.69725919E-02  4.59012372E-04
3.39077332E-01  2.76682395E-02  4.63005970E-04
3.39375947E-01  2.68005896E-02  4.55557863E-04
3.39674562E-01  2.76093353E-02  4.65355261E-04
3.39973177E-01  2.72152703E-02  4.57221962E-04
3.40271792E-01  2.67234985E-02  4.56229056E-04
3.40570407E-01  2.67082155E-02  4.55305126E-04
3.40869022E-01  2.70003863E-02  4.55156085E-04
3.41167637E-01  2.76662093E-02  4.62196069E-04
3.41466252E-01  2.74951588E-02  4.57998278E-04
3.41764867E-01  2.69196332E-02  4.58709314E-04
3.42063482E-01  2.58321278E-02  4.45845624E-04
3.42362097E-01  2.64435224E-02  4.48646606E-04
3.42660712E-01  2.64225286E-02  4.52610431E-04
3.42959327E-01  2.59964503E-02  4.44335077E-04
3.43257942E-01  2.70741154E-02  4.58159979E-04
3.43556557E-01  2.69243196E-02  4.53487359E-04
3.43855172E-01  2.67946627E-02  4.52524750E-04
3.44153787E-01  2.66344622E-02  4.50913707E-04
3.44452402E-01  2.70537920E-02  4.53932909E-04
3.44751017E-01  2.71698814E-02  4.55816626E-04
3.45049632E-01  2.68844813E-02  4.49073763E-04
3.45348247E-01  2.61531472E-02  4.47209371E-04
3.45646862E-01  2.64616646E-02  4.47924103E-04
3.45945477E-01  2.69473083E-02  4.52273584E-04
3.46244092E-01  2.64313053E-02  4.42678924E-04
3.46542707E-01  2.66091730E-02  4.44537087E-04
3.46841322E-01  2.63586044E-02  4.45669080E-04
3.47139937E-01  2.63688806E-02  4.44258127E-04
3.47438552E-01  2.72226688E-02  4.48022533E-04
3.47737167E-01  2.64661908E-02  4.45329119E-04
3.48035782E-01  2.70234682E-02  4.46014397E-04
3.48334397E-01  2.59213615E-02  4.40231262E-04
3.48633012E-01  2.62643788E-02  4.36951406E-04
3.48931627E-01  2.73864288E-02  4.49622923E-04
3.49230242E-01  2.60540154E-02  4.39765456E-04
3.49528857E-01  2.67150346E-02  4.43957571E-04
3.49827472E-01  2.58415993E-02  4.37365437E-04
3.50126087E-01  2.70790327E-02  4.43442143E-04
3.50424702E-01  2.55995542E-02  4.34954127E-04
3.50723317E-01  2.57191304E-02  4.34174784E-04
3.51021932E-01  2.62064748E-02  4.39839729E-04
3.51320547E-01  2.58397236E-02  4.34480549E-04
3.51619162E-01  2.62439176E-02  4.36913426E-04
3.51917777E-01  2.64817569E-02  4.40811942E-04
3.52216392E-01  2.62636691E-02  4.38154006E-04
3.52515007E-01  2.65290700E-02  4.38332383E-04
3.52813622E-01  2.57687755E-02  4.32007015E-04
3.53112237E-01  2.68723648E-02  4.46018210E-04
3.53410852E-01  2.61269193E-02  4.39061405E-04
3.53709467E-01  2.63850335E-02  4.32832428E-04
3.54008082E-01  2.62103379E-02  4.36052360E-04
3.54306697E-01  2.72339061E-02  4.44727833E-04
3.54605312E-01  2.64538936E-02  4.40592383E-04
3.54903927E-01  2.71978844E-02  4.48100385E-04
3.55202542E-01  2.53331512E-02  4.23337828E-04
3.55501157E-01  2.63832547E-02  4.38686344E-04
3.55799772E-01  2.61700172E-02  4.34900343E-04
3.56098387E-01  2.63053123E-02  4.37088369E-04
3.56397002E-01  2.56753825E-02  4.31473338E-04
3.56695617E-01  2.56564729E-02  4.26601793E-04
3.56994232E-01  2.60868333E-02  4.38016781E-04
3.57292847E-01  2.63006035E-02  4.32730245E-04
3.57591462E-01  2.65618227E-02  4.37561539E-04
3.57890077E-01  2.61390395E-02  4.33250359E-04
3.58188692E-01  2.60657780E-02  4.30912885E-04
3.58487307E-01  2.76571419E-02  4.49902989E-04
3.58785922E-01  2.68701371E-02  4.35661961E-04
3.59084537E-01  2.61377078E-02  4.33944166E-04
3.59383152E-01  2.71793436E-02  4.40849166E-04
3.59681767E-01  2.64711455E-02  4.35418391E-04
3.59980382E-01  2.60717012E-02  4.36228118E-04
3.60278997E-01  2.60862205E-02  4.27241292E-04
3.60577612E-01  2.64121313E-02  4.36340692E-04
3.60876227E-01  2.59207711E-02  4.30758315E-04
3.61174842E-01  2.66594812E-02  4.34191199E-04
3.61473457E-01  2.67940126E-02  4.35286755E-04
3.61772072E-01  2.61826795E-02  4.31550056E-04
3.62070687E-01  2.69606244E-02  4.40617790E-04
3.62369302E-01  2.57370658E-02  4.27410443E-04
3.62667917E-01  2.64897589E-02  4.33501729E-04
3.62966532E-01  2.64211409E-02  4.31570516E-04
3.63265147E-01  2.59358715E-02  4.29176027E-04
3.63563762E-01  2.64401007E-02  4.33444278E-04
3.63862377E-01  2.65343226E-02  4.32612054E-04
3.64160992E-01  2.60466877E-02  4.28959145E-04
3.64459607E-01  2.69796029E-02  4.36805683E-04
3.64758222E-01  2.65059508E-02  4.32955829E-04
3.65056837E-01  2.61789616E-02  4.30962245E-04
3.65355452E-01  2.66424175E-02  4.30895016E-04
3.65654067E-01  2.61515677E-02  4.30511311E-04
3.65952682E-01  2.69497950E-02  4.33828478E-04
3.66251297E-01  2.60916613E-02  4.31164081E-04
3.66549912E-01  2.65868064E-02  4.31124819E-04
3.66848527E-01  2.65196003E-02  4.28348809E-04
3.67147142E-01  2.69114785E-02  4.37773153E-04
3.67445757E-01  2.61275675E-02  4.26832150E-04
3.67744372E-01  2.66150795E-02  4.31924127E-04
3.68042987E-01  2.61202659E-02  4.26997867E-04
3.68341602E-01  2.65460107E-02  4.30689834E-04
3.68640217E-01  2.67980713E-02  4.34779329E-04
3.68938832E-01  2.78288182E-02  4.37449751E-04
3.69237447E-01  2.68260092E-02  4.32846486E-04
3.69536062E-01  2.65625678E-02  4.28819127E-04
3.69834677E-01  2.75622029E-02  4.39437135E-04
3.70133292E-01  2.70878281E-02  4.36900445E-04
3.70431907E-01  2.68325116E-02  4.29224048E-04
3.70730522E-01  2.73285806E-02  4.36434086E-04
3.71029137E-01  2.59372965E-02  4.22765850E-04
3.71327752E-01  2.66253427E-02  4.30225191E-04
3.71626367E-01  2.74791084E-02  4.36616567E-04
3.71924982E-01  2.69725304E-02  4.32238769E-04
3.72223597E-01  2.74994355E-02  4.38603689E-04
3.72522212E-01  2.65324600E-02  4.26062819E-04
3.72820827E-01  2.65235715E-02  4.27966559E-04
3.73119442E-01  2.73941532E-02  4.35047114E-04
3.73418057E-01  2.66356170E-02  4.26894490E-04
3.73716672E-01  2.79996227E-02  4.43045312E-04
3.74015287E-01  2.73912754E-02  4.31479071E-04
3.74313902E-01  2.73906868E-02  4.33572830E-04
3.74612517E-01  2.74216831E-02  4.34936170E-04
3.74911132E-01  2.71241181E-02  4.31903958E-04
3.75209747E-01  2.80153267E-02  4.39621770E-04
3.75508362E-01  2.75156721E-02  4.32794739E-04
3.75806977E-01  2.74458062E-02  4.33793670E-04
3.76105592E-01  2.82474235E-02  4.39971802E-04
3.76404207E-01  2.72750203E-02  4.32555564E-04
3.76702822E-01  2.75496468E-02  4.32847504E-04
3.77001437E-01  2.77281143E-02  4.34580055E-04
3.77300052E-01  2.76100282E-02  4.36552888E-04
3.77598667E-01  2.78467946E-02  4.37408191E-04
3.77897282E-01  2.78920867E-02  4.34542628E-04
3.78195897E-01  2.85570733E-02  4.39027965E-04
3.78494512E-01  2.74518598E-02  4.33078705E-04
3.78793127E-01  2.71432549E-02  4.29871638E-04
3.79091742E-01  2.74266955E-02  4.31235210E-04
3.79390357E-01  2.88002230E-02  4.41567507E-04
3.79688972E-01  2.72437502E-02  4.29688633E-04
3.79987587E-01  2.83835437E-02  4.37811250E-04
3.80286202E-01  2.74484623E-02  4.31630819E-04
3.80584817E-01  2.75029466E-02  4.32060449E-04
3.80883432E-01  2.75914930E-02  4.31011867E-04
3.81182047E-01  2.87211277E-02  4.41081211E-04
3.81480662E-01  2.78886966E-02  4.34753718E-04
3.81779277E-01  2.86180191E-02  4.36878123E-04
3.82077892E-01  2.84177121E-02  4.38860705E-04
3.82376507E-01  2.79651508E-02  4.34365065E-04
3.82675122E-01  2.72383355E-02  4.29443025E-04
3.82973737E-01  2.80407313E-02  4.33971378E-04
3.83272352E-01  2.82035824E-02  4.32419765E-04
3.83570967E-01  2.79383324E-02  4.34053247E-04
3.83869582E-01  2.80588698E-02  4.33681154E-04
3.84168197E-01  2.81584561E-02  4.35324415E-04
3.84466812E-01  2.85014324E-02  4.36218019E-04
3.84765427E-01  2.82309335E-02  4.33604233E-04
3.85064042E-01  2.86936425E-02  4.40555217E-04
3.85362657E-01  2.83083953E-02  4.34742717E-04
3.85661272E-01  2.84191314E-02  4.32583649E-04
3.85959887E-01  2.82583237E-02  4.35776077E-04
3.86258502E-01  2.85873674E-02  4.35043679E-04
3.86557117E-01  2.87645571E-02  4.42113262E-04
3.86855732E-01  2.78369989E-02  4.28769243E-04
3.87154347E-01  2.83507723E-02  4.32496134E-04
3.87452962E-01  2.79764291E-02  4.33495676E-04
3.87751577E-01  2.87439246E-02  4.34418384E-04
3.88050192E-01  2.82723662E-02  4.35785420E-04
3.88348807E-01  2.89623141E-02  4.34897054E-04
3.88647422E-01  2.84009520E-02  4.34171932E-04
3.88946037E-01  2.95120012E-02  4.41709330E-04
3.89244652E-01  2.90717185E-02  4.39272117E-04
3.89543267E-01  2.80835889E-02  4.31850844E-04
3.89841882E-01  2.85013225E-02  4.31640074E-04
3.90140497E-01  2.91359499E-02  4.40746080E-04
3.90439112E-01  2.87396666E-02  4.36654052E-04
3.90737727E-01  2.85226572E-02  4.30337706E-04
3.91036342E-01  2.83873975E-02  4.34727379E-04
3.91334957E-01  2.76685935E-02  4.24466794E-04
3.91633572E-01  2.86542159E-02  4.36010450E-04
3.91932187E-01  2.83454489E-02  4.29525826E-04
3.92230802E-01  2.84203216E-02  4.31354245E-04
3.92529417E-01  2.89201960E-02  4.38033952E-04
3.92828032E-01  2.78758015E-02  4.25646751E-04
3.93126647E-01  2.86546517E-02  4.33663896E-04
3.93425262E-01  2.89549418E-02  4.34443617E-04
3.93723877E-01  2.95953136E-02  4.41377109E-04
3.94022492E-01  2.88354810E-02  4.35354857E-04
3.94321107E-01  2.91896891E-02  4.35569964E-04
3.94619722E-01  2.89580226E-02  4.34050336E-04
3.94918337E-01  2.92993691E-02  4.36284725E-04
3.95216952E-01  2.90910304E-02  4.35897120E-04
3.95515567E-01  2.87489090E-02  4.33751266E-04
3.95814182E-01  2.87710167E-02  4.29945241E-04
3.96112797E-01  2.92056594E-02  4.36440430E-04
3.96411412E-01  2.89040916E-02  4.33339359E-04
3.96710027E-01  2.85773184E-02  4.31407971E-04
3.97008642E-01  2.93857902E-02  4.35356982E-04
3.97307257E-01  2.88372468E-02  4.31900553E-04
3.97605872E-01  2.90175248E-02  4.34405752E-04
3.97904487E-01  2.88914088E-02  4.34518704E-04
3.98203102E-01  2.86096483E-02  4.27724910E-04
3.98501717E-01  2.89270449E-02  4.31123131E-04
3.98800332E-01  2.90698726E-02  4.32915374E-04
3.99098947E-01  2.88548693E-02  4.31728899E-04
3.99397562E-01  2.85691395E-02  4.30940912E-04
3.99696177E-01  2.82387957E-02  4.26686718E-04
3.99994792E-01  2.84293424E-02  4.26893967E-04
4.00293407E-01  2.81044394E-02  4.25775972E-04
4.00592022E-01  2.83535738E-02  4.26429819E-04
4.00890637E-01  2.90709827E-02  4.31689085E-04
4.01189252E-01  2.89964378E-02  4.30724613E-04
4.01487867E-01  2.90932897E-02  4.33312176E-04
4.01786482E-01  2.86492445E-02  4.29373875E-04
4.02085097E-01  2.91996840E-02  4.29779058E-04
4.02383712E-01  2.94955187E-02  4.37462993E-04
4.02682327E-01  2.86534261E-02  4.25441685E-04
4.02980942E-01  2.81860437E-02  4.25792445E-04
4.03279557E-01  2.81110872E-02  4.23501915E-04
4.03578172E-01  2.87469439E-02  4.25939099E-04
4.03876787E-01  2.86278259E-02  4.28812113E-04
4.04175402E-01  2.79364735E-02  4.20489727E-04
4.04474017E-01  2.80971266E-02  4.24110593E-04
4.04772632E-01  2.86284927E-02  4.25870239E-04
4.05071247E-01  2.86521185E-02  4.26552200E-04
4.05369862E-01  2.85507776E-02  4.29687352E-04
4.05668477E-01  2.82812435E-02  4.19823045E-04
4.05967092E-01  2.90506594E-02  4.29309672E-04
4.06265707E-01  2.89675016E-02  4.27987310E-04
4.06564322E-01  2.85903681E-02  4.24692698E-04
4.06862937E-01  2.84918323E-02  4.28218686E-04
4.07161552E-01  2.86783483E-02  4.23853955E-04
4.07460167E-01  2.82155760E-02  4.23302437E-04
4.07758782E-01  2.79165357E-02  4.17409232E-04
4.08057397E-01  2.80791689E-02  4.20688273E-04
4.08356012E-01  2.83940081E-02  4.24643396E-04
4.08654627E-01  2.85662320E-02  4.22243029E-04
4.08953242E-01  2.80365683E-02  4.22667159E-04
4.09251857E-01  2.79411040E-02  4.18478856E-04
4.09550472E-01  2.81870551E-02  4.20515018E-04
4.09849087E-01  2.72529311E-02  4.13683651E-04
4.10147702E-01  2.72925943E-02  4.12154477E-04
4.10446317E-01  2.81617623E-02  4.23114543E-04
4.10744932E-01  2.82073580E-02  4.20771074E-04
4.11043547E-01  2.76466217E-02  4.13004309E-04
4.11342162E-01  2.78432257E-02  4.17951524E-04
4.11640777E-01  2.74569485E-02  4.15823510E-04
4.11939392E-01  2.74584051E-02  4.16227587E-04
4.12238007E-01  2.74509024E-02  4.11830464E-04
4.12536622E-01  2.77137961E-02  4.15914954E-04
4.12835237E-01  2.77443361E-02  4.14602866E-04
4.13133852E-01  2.72837374E-02  4.12774476E-04
4.13432467E-01  2.63355616E-02  4.05162486E-04
4.13731082E-01  2.68093664E-02  4.07467276E-04
4.14029697E-01  2.66222898E-02  4.07839834E-04
4.14328312E-01  2.66173724E-02  4.06478677E-04
4.14626927E-01  2.71346942E-02  4.11557121E-04
4.14925542E-01  2.73865312E-02  4.09851287E-04
4.15224157E-01  2.73390487E-02  4.12339112E-04
4.15522772E-01  2.76779607E-02  4.15564369E-04
4.15821387E-01  2.62998864E-02  4.02287551E-04
4.16120002E-01  2.65885461E-02  4.05235973E-04
4.16418617E-01  2.71088593E-02  4.10034903E-04
4.16717232E-01  2.69101579E-02  4.07776475E-04
4.17015847E-01  2.66809519E-02  4.07449639E-04
4.17314462E-01  2.65021846E-02  4.00812802E-04
4.17613077E-01  2.70839110E-02  4.09189728E-04
4.17911692E-01  2.70945299E-02  4.07955784E-04
4.18210307E-01  2.61830967E-02  4.03917802E-04
4.18508922E-01  2.67267749E-02  4.03978542E-04
4.18807537E-01  2.63542943E-02  4.01246536E-04
4.19106152E-01  2.57866178E-02  3.99276993E-04
4.19404767E-01  2.58684605E-02  3.99635057E-04
4.19703382E-01  2.60352492E-02  3.97728174E-04
4.20001997E-01  2.59671770E-02  3.99023091E-04
4.20300612E-01  2.62168683E-02  3.99478478E-04
4.20599227E-01  2.56077312E-02  3.97988886E-04
4.20897842E-01  2.59707756E-02  3.98326636E-04
4.21196457E-01  2.52827778E-02  3.91945738E-04
4.21495072E-01  2.61646491E-02  4.00453282E-04
4.21793687E-01  2.65220832E-02  4.01895872E-04
4.22092302E-01  2.55710427E-02  3.96796153E-04
4.22390917E-01  2.55763363E-02  3.91128502E-04
4.22689532E-01  2.55742352E-02  3.96368792E-04
4.22988147E-01  2.55777910E-02  3.93877563E-04
4.23286762E-01  2.54830699E-02  3.95573967E-04
4.23585377E-01  2.55192537E-02  3.93162627E-04
4.23883992E-01  2.56814770E-02  3.93611845E-04
4.24182607E-01  2.54632886E-02  3.92114307E-04
4.24481222E-01  2.51368117E-02  3.91807262E-04
4.24779837E-01  2.47940328E-02  3.87454085E-04
4.25078452E-01  2.57348232E-02  3.93230439E-04
4.25377067E-01  2.55859699E-02  3.94847099E-04
4.25675682E-01  2.46495642E-02  3.84680170E-04
4.25974297E-01  2.45677363E-02  3.87001463E-04
4.26272912E-01  2.53142864E-02  3.88532033E-04
4.26571527E-01  2.52691824E-02  3.92490299E-04
4.26870142E-01  2.54613776E-02  3.90881760E-04
4.27168757E-01  2.53851265E-02  3.90910689E-04
4.27467372E-01  2.50599384E-02  3.87098204E-04
4.27765987E-01  2.49965414E-02  3.88959947E-04
4.28064602E-01  2.48860549E-02  3.86446220E-04
4.28363217E-01  2.47190315E-02  3.86187719E-04
4.28661832E-01  2.49061938E-02  3.87039036E-04
4.28960447E-01  2.49063205E-02  3.86434898E-04
4.29259062E-01  2.41043195E-02  3.79654433E-04
4.29557677E-01  2.40253117E-02  3.79541598E-04
4.29856292E-01  2.45364141E-02  3.81938880E-04
4.30154907E-01  2.40845885E-02  3.79249570E-04
4.30453522E-01  2.42757760E-02  3.82118043E-04
4.30752137E-01  2.47911364E-02  3.85204534E-04
4.31050752E-01  2.41542272E-02  3.78706434E-04
4.31349367E-01  2.47349124E-02  3.83914041E-04
4.31647982E-01  2.40880027E-02  3.78693512E-04
4.31946597E-01  2.47148629E-02  3.85652238E-04
4.32245212E-01  2.42578648E-02  3.78936646E-04
4.32543827E-01  2.47462280E-02  3.84692539E-04
4.32842442E-01  2.42031012E-02  3.82588973E-04
4.33141057E-01  2.46796496E-02  3.82136815E-04
4.33439672E-01  2.45563891E-02  3.83646751E-04
4.33738287E-01  2.43669618E-02  3.80131009E-04
4.34036902E-01  2.47434974E-02  3.85022460E-04
4.34335517E-01  2.43955906E-02  3.81880993E-04
4.34634132E-01  2.38391981E-02  3.77924182E-04
4.34932747E-01  2.40356121E-02  3.77543416E-04
4.35231362E-01  2.37114523E-02  3.75239440E-04
4.35529977E-01  2.44095679E-02  3.82851023E-04
4.35828592E-01  2.44711209E-02  3.82735219E-04
4.36127207E-01  2.37643495E-02  3.74998112E-04
4.36425822E-01  2.33855695E-02  3.72657698E-04
4.36724437E-01  2.44683493E-02  3.81527032E-04
4.37023052E-01  2.32815426E-02  3.72326031E-04
4.37321667E-01  2.36221813E-02  3.72894021E-04
4.37620282E-01  2.37308312E-02  3.76490178E-04
4.37918897E-01  2.38146931E-02  3.76402226E-04
4.38217512E-01  2.38340646E-02  3.77227087E-04
4.38516127E-01  2.37883199E-02  3.74537951E-04
4.38814742E-01  2.32758243E-02  3.68622597E-04
4.39113357E-01  2.41747350E-02  3.79074540E-04
4.39411972E-01  2.39634551E-02  3.77248623E-04
4.39710587E-01  2.38152817E-02  3.74591211E-04
4.40009202E-01  2.47308780E-02  3.83159757E-04
4.40307817E-01  2.40672678E-02  3.74681433E-04
4.40606432E-01  2.37873681E-02  3.75782634E-04
4.40905047E-01  2.41826102E-02  3.77807184E-04
4.41203662E-01  2.34218184E-02  3.69547022E-04
4.41502277E-01  2.34216172E-02  3.71491013E-04
4.41800892E-01  2.38140170E-02  3.74016527E-04
4.42099507E-01  2.38867253E-02  3.74834985E-04
4.42398122E-01  2.39548851E-02  3.74386495E-04
4.42696737E-01  2.31694151E-02  3.68279172E-04
4.42995352E-01  2.35534366E-02  3.72133509E-04
4.43293967E-01  2.38719992E-02  3.75715754E-04
4.43592582E-01  2.37111580E-02  3.74531985E-04
4.43891197E-01  2.33641583E-02  3.68225010E-04
4.44189812E-01  2.34925803E-02  3.72476032E-04
4.44488427E-01  2.38463171E-02  3.73465882E-04
4.44787042E-01  2.44489741E-02  3.79567442E-04
4.45085657E-01  2.36887671E-02  3.72233073E-04
4.45384272E-01  2.40490101E-02  3.75628239E-04
4.45682887E-01  2.34387089E-02  3.73457064E-04
4.45981502E-01  2.36611068E-02  3.71614966E-04
4.46280117E-01  2.34013069E-02  3.70377733E-04
4.46578732E-01  2.35085376E-02  3.71470524E-04
4.46877347E-01  2.25350801E-02  3.64418287E-04
4.47175962E-01  2.35431120E-02  3.76220560E-04
4.47474577E-01  2.36220174E-02  3.70589900E-04
4.47773192E-01  2.30556466E-02  3.67961300E-04
4.48071807E-01  2.42186040E-02  3.77128890E-04
4.48370422E-01  2.31821444E-02  3.70027323E-04
4.48669037E-01  2.43118554E-02  3.77940014E-04
4.48967652E-01  2.32212394E-02  3.68963141E-04
4.49266267E-01  2.32327003E-02  3.70598282E-04
4.49564882E-01  2.34959815E-02  3.72858165E-04
4.49863497E-01  2.36704648E-02  3.72682349E-04
4.50162112E-01  2.28921007E-02  3.67795030E-04
4.50460727E-01  2.30915546E-02  3.69476707E-04
4.50759342E-01  2.38589775E-02  3.75650416E-04
4.51057957E-01  2.37489957E-02  3.74290132E-04
4.51356572E-01  2.33175531E-02  3.68452689E-04
4.51655187E-01  2.37034447E-02  3.74925003E-04
4.51953802E-01  2.37268694E-02  3.73709423E-04
4.52252417E-01  2.32624635E-02  3.73745424E-04
4.52551032E-01  2.31941454E-02  3.68765468E-04
4.52849647E-01  2.39734109E-02  3.75732954E-04
4.53148262E-01  2.37851609E-02  3.74256342E-04
4.53446877E-01  2.41386816E-02  3.76615615E-04
4.53745492E-01  2.41802000E-02  3.77769524E-04
4.54044107E-01  2.29729619E-02  3.68951325E-04
4.54342722E-01  2.30086334E-02  3.68669396E-04
4.54641337E-01  2.28673574E-02  3.68349545E-04
4.54939952E-01  2.36965995E-02  3.73649993E-04
4.55238567E-01  2.30183527E-02  3.68022884E-04
4.55537182E-01  2.32345555E-02  3.72289360E-04
4.55835797E-01  2.34733205E-02  3.73204093E-04
4.56134412E-01  2.44473610E-02  3.79862933E-04
4.56433027E-01  2.35254411E-02  3.73043935E-04
4.56731642E-01  2.32853033E-02  3.70402093E-04
4.57030257E-01  2.37799473E-02  3.75806121E-04
4.57328872E-01  2.36530323E-02  3.73893825E-04
4.57627487E-01  2.36442052E-02  3.73660907E-04
4.57926102E-01  2.34450642E-02  3.72331560E-04
4.58224717E-01  2.29567718E-02  3.69741843E-04
4.58523332E-01  2.26275884E-02  3.65866406E-04
4.58821947E-01  2.38580573E-02  3.73466610E-04
4.59120562E-01  2.33130865E-02  3.72687529E-04
4.59419177E-01  2.37687882E-02  3.76146811E-04
4.59717792E-01  2.38179360E-02  3.76453507E-04
4.60016407E-01  2.31878143E-02  3.70212132E-04
4.60315022E-01  2.38473695E-02  3.74864117E-04
4.60613637E-01  2.39485744E-02  3.77154589E-04
4.60912252E-01  2.37037186E-02  3.76391778E-04
4.61210867E-01  2.30923500E-02  3.69536749E-04
4.61509482E-01  2.34544016E-02  3.76343785E-04
4.61808097E-01  2.34017391E-02  3.84410669E-04
4.62106712E-01  2.39140075E-02  3.90254019E-04
4.62405327E-01  2.37504672E-02  3.92475893E-04
4.62703942E-01  2.37192567E-02  3.91746260E-04
4.63002557E-01  2.35038400E-02  3.97117255E-04
4.63301172E-01  2.32643839E-02  3.96481599E-04
4.63599787E-01  2.31104009E-02  3.97275959E-04
4.63898402E-01  2.33036783E-02  4.00776189E-04
4.64197017E-01  2.31289491E-02  3.99786426E-04
4.64495632E-01  2.38998421E-02  4.11516114E-04
4.64794247E-01  2.33149659E-02  4.07096959E-04
4.65092862E-01  2.36949977E-02  4.08352382E-04
4.65391477E-01  2.24910695E-02  4.03821294E-04
4.65690092E-01  2.29428895E-02  4.07748768E-04
4.65988707E-01  2.35826690E-02  4.17016970E-04
4.66287322E-01  2.36735269E-02  4.18166223E-04
4.66585937E-01  2.30375212E-02  4.12967580E-04
4.66884552E-01  2.43925191E-02  4.30195796E-04
4.67183167E-01  2.38209292E-02  4.26942250E-04
4.67481782E-01  2.31109597E-02  4.15353163E-04
4.67780397E-01  2.33810022E-02  4.23710735E-04
4.68079012E-01  2.35970318E-02  4.27134975E-04
4.68377627E-01  2.34422106E-02  4.28208383E-04
4.68676242E-01  2.35129744E-02  4.29859763E-04
4.68974857E-01  2.34974530E-02  4.29719628E-04
4.69273472E-01  2.28253156E-02  4.27557330E-04
4.69572087E-01  2.27855779E-02  4.25917271E-04
4.69870702E-01  2.32416037E-02  4.31958266E-04
4.70169317E-01  2.39592139E-02  4.40826116E-04
4.70467932E-01  2.27009784E-02  4.30007552E-04
4.70766547E-01  2.36537512E-02  4.43542493E-04
4.71065162E-01  2.31987555E-02  4.39121592E-04
4.71363777E-01  2.33133994E-02  4.37237264E-04
4.71662392E-01  2.29972675E-02  4.39260068E-04
4.71961007E-01  2.35558953E-02  4.45961632E-04
4.72259622E-01  2.34651417E-02  4.48360341E-04
4.72558237E-01  2.38762684E-02  4.49695886E-04
4.72856852E-01  2.25797240E-02  4.30970424E-04
4.73155467E-01  2.33246535E-02  4.34704736E-04
4.73454082E-01  2.31623538E-02  4.28052619E-04
4.73752697E-01  2.38491017E-02  4.27722087E-04
4.74051312E-01  2.30779033E-02  4.20992263E-04
4.74349927E-01  2.30544060E-02  4.18273208E-04
4.74648542E-01  2.30676476E-02  4.18513431E-04
4.74947157E-01  2.28803940E-02  4.12745372E-04
4.75245772E-01  2.28566024E-02  4.11847403E-04
4.75544387E-01  2.34413520E-02  4.16279043E-04
4.75843002E-01  2.34339517E-02  4.17135394E-04
4.76141617E-01  2.29242314E-02  4.08970227E-04
4.76440232E-01  2.25791931E-02  4.05992934E-04
4.76738847E-01  2.37272829E-02  4.14612470E-04
4.77037462E-01  2.34195031E-02  4.12138936E-04
4.77336077E-01  2.34558545E-02  4.13355097E-04
4.77634692E-01  2.37660091E-02  4.12402995E-04
4.77933307E-01  2.35283859E-02  4.10886103E-04
4.78231922E-01  2.34908052E-02  4.08057793E-04
4.78530537E-01  2.30070464E-02  4.07731568E-04
4.78829152E-01  2.29109712E-02  4.00776713E-04
4.79127767E-01  2.28066724E-02  4.01230063E-04
4.79426382E-01  2.40037888E-02  4.13919945E-04
4.79724997E-01  2.40293853E-02  4.12282476E-04
4.80023612E-01  2.37330738E-02  4.08765860E-04
4.80322227E-01  2.33821049E-02  4.04041552E-04
4.80620842E-01  2.29952186E-02  4.02681937E-04
4.80919457E-01  2.32507437E-02  4.03644139E-04
4.81218072E-01  2.34052707E-02  4.04562685E-04
4.81516687E-01  2.29647662E-02  4.01472120E-04
4.81815302E-01  2.35703643E-02  4.02750418E-04
4.82113917E-01  2.37501916E-02  4.08818218E-04
4.82412532E-01  2.31589507E-02  4.00664285E-04
4.82711147E-01  2.26608496E-02  3.95314186E-04
4.83009762E-01  2.41838899E-02  4.09543660E-04
4.83308377E-01  2.28150319E-02  3.98610864E-04
4.83606992E-01  2.37160996E-02  4.04003978E-04
4.83905607E-01  2.31706649E-02  4.00567340E-04
4.84204222E-01  2.34945212E-02  4.01395868E-04
4.84502837E-01  2.29721088E-02  3.99469602E-04
4.84801452E-01  2.28821058E-02  3.96945426E-04
4.85100067E-01  2.32674014E-02  3.97631724E-04
4.85398682E-01  2.33510341E-02  4.00584773E-04
4.85697297E-01  2.37461124E-02  4.03754355E-04
4.85995912E-01  2.34457348E-02  4.02327772E-04
4.86294527E-01  2.31458806E-02  3.96598800E-04
4.86593142E-01  2.31291577E-02  3.97363619E-04
4.86891757E-01  2.28194296E-02  3.95501265E-04
4.87190372E-01  2.41576787E-02  4.07351210E-04
4.87488987E-01  2.31763888E-02  3.95269075E-04
4.87787602E-01  2.31957752E-02  3.98449338E-04
4.88086217E-01  2.32580975E-02  3.97067022E-04
4.88384832E-01  2.35892255E-02  4.00797260E-04
4.88683447E-01  2.29089037E-02  3.95982905E-04
4.88982062E-01  2.38252524E-02  4.01175872E-04
4.89280677E-01  2.25418787E-02  3.92701360E-04
4.89579292E-01  2.37795450E-02  4.01603611E-04
4.89877907E-01  2.29282603E-02  3.93854047E-04
4.90176522E-01  2.32039075E-02  3.95221432E-04
4.90475137E-01  2.32294668E-02  3.96636053E-04
4.90773752E-01  2.38031652E-02  4.01202269E-04
4.91072367E-01  2.35736202E-02  3.99667711E-04
4.91370982E-01  2.31808424E-02  3.95230076E-04
4.91669597E-01  2.38646474E-02  4.01725323E-04
4.91968212E-01  2.30447929E-02  3.95564130E-04
4.92266827E-01  2.29529943E-02  3.94278904E-04
4.92565442E-01  2.43624412E-02  4.03970014E-04
4.92864057E-01  2.39486322E-02  4.01831727E-04
4.93162672E-01  2.30928436E-02  3.95284034E-04
4.93461287E-01  2.34110560E-02  3.97999887E-04
4.93759902E-01  2.34525036E-02  3.95179610E-04
4.94058517E-01  2.42069047E-02  4.03392391E-04
4.94357132E-01  2.36418433E-02  3.97862023E-04
4.94655747E-01  2.33468581E-02  3.98466247E-04
4.94954362E-01  2.32080705E-02  3.92344053E-04
4.95252977E-01  2.28941031E-02  3.92112008E-04
4.95551592E-01  2.35055164E-02  3.98513075E-04
4.95850207E-01  2.33204421E-02  3.96344869E-04
4.96148822E-01  2.27696747E-02  3.89012130E-04
4.96447437E-01  2.28909459E-02  3.92288115E-04
4.96746052E-01  2.37356927E-02  3.98764358E-04
4.97044667E-01  2.35727783E-02  3.99998535E-04
4.97343282E-01  2.41291225E-02  3.99771612E-04
4.97641897E-01  2.36222651E-02  3.94968141E-04
4.97940512E-01  2.34009884E-02  3.97140655E-04
4.98239127E-01  2.30906308E-02  3.93121009E-04
4.98537742E-01  2.35327184E-02  3.97661934E-04
4.98836357E-01  2.25983392E-02  3.87273671E-04
4.99134972E-01  2.29640733E-02  3.92047397E-04
4.99433587E-01  2.32169442E-02  3.95386131E-04
4.99732202E-01  2.23466400E-02  3.85688385E-04
5.00030817E-01  2.32876278E-02  3.93239723E-04
5.00329432E-01  2.21823491E-02  3.84748593E-04
5.00628047E-01  2.31702160E-02  3.93224182E-04
5.00926662E-01  2.34805532E-02  3.98032658E-04
5.01225277E-01  2.30905954E-02  3.90135130E-04
5.01523892E-01  2.35605557E-02  3.94377596E-04
5.01822507E-01  2.32698172E-02  3.93782015E-04
5.02121122E-01  2.32874081E-02  3.94815259E-04
5.02419737E-01  2.24528685E-02  3.87003383E-04
5.02718352E-01  2.34570261E-02  3.95368115E-04
5.03016967E-01  2.29527093E-02  3.90999601E-04
5.03315582E-01  2.32395753E-02  3.94514907E-04
5.03614197E-01  2.30856482E-02  3.90107220E-04
5.03912812E-01  2.29438841E-02  3.90735891E-04
5.04211427E-01  2.34649442E-02  3.94271367E-04
5.04510042E-01  2.35032812E-02  3.96655145E-04
5.04808657E-01  2.36515459E-02  3.94576229E-04
5.05107272E-01  2.30825786E-02  3.92019254E-04
5.05405887E-01  2.34295577E-02  3.93399212E-04
5.05704502E-01  2.33699735E-02  3.95930663E-04
5.06003117E-01  2.30962541E-02  3.91461916E-04
5.06301732E-01  2.36702207E-02  3.96102318E-04
5.06600347E-01  2.36149095E-02  3.94184492E-04
5.06898962E-01  2.30781958E-02  3.92284419E-04
5.07197577E-01  2.34566163E-02  3.96375952E-04
5.07496192E-01  2.32503135E-02  3.89895256E-04
5.07794807E-01  2.33495627E-02  3.95869050E-04
5.08093422E-01  2.31334511E-02  3.91306297E-04
5.08392037E-01  2.31321994E-02  3.92071175E-04
5.08690652E-01  2.33566184E-02  3.91843263E-04
5.08989267E-01  2.34451797E-02  3.93939292E-04
5.09287882E-01  2.32750252E-02  3.93870112E-04
5.09586497E-01  2.25562379E-02  3.86212050E-04
5.09885112E-01  2.35862732E-02  3.94642266E-04
5.10183727E-01  2.32606828E-02  3.92393296E-04
5.10482342E-01  2.32156944E-02  3.91244859E-04
5.10780957E-01  2.30749100E-02  3.91212554E-04
5.11079572E-01  2.36780066E-02  3.95513343E-04
5.11378187E-01  2.34651379E-02  3.93830123E-04
5.11676802E-01  2.28777174E-02  3.91773880E-04
5.11975417E-01  2.31748559E-02  3.90334986E-04
5.12274032E-01  2.26762593E-02  3.86683212E-04
5.12572647E-01  2.35551763E-02  3.94398085E-04
5.12871262E-01  2.38599423E-02  3.96456133E-04
5.13169877E-01  2.23199129E-02  3.86206229E-04
5.13468492E-01  2.29808819E-02  3.87287670E-04
5.13767107E-01  2.30972245E-02  3.89691326E-04
5.14065722E-01  2.33919546E-02  3.94495524E-04
5.14364337E-01  2.25820374E-02  3.86937463E-04
5.14662952E-01  2.28916202E-02  3.88720102E-04
5.14961567E-01  2.35450938E-02  3.93073889E-04
5.15260182E-01  2.29282286E-02  3.90186469E-04
5.15558797E-01  2.35226266E-02  3.93853115E-04
5.15857412E-01  2.35475134E-02  3.93773342E-04
5.16156027E-01  2.24086232E-02  3.84984713E-04
5.16454642E-01  2.33975369E-02  3.93583497E-04
5.16753257E-01  2.26307604E-02  3.86131986E-04
5.17051872E-01  2.26904284E-02  3.88168410E-04
5.17350487E-01  2.26887092E-02  3.85496853E-04
5.17649102E-01  2.22712718E-02  3.82964208E-04
5.17947717E-01  2.31085941E-02  3.89716792E-04
5.18246332E-01  2.34192237E-02  3.92617396E-04
5.18544947E-01  2.39736512E-02  3.98510601E-04
5.18843562E-01  2.31071264E-02  3.91533773E-04
5.19142177E-01  2.39718780E-02  3.96839692E-04
5.19440792E-01  2.27062218E-02  3.86128959E-04
5.19739407E-01  2.29417067E-02  3.88507819E-04
5.20038022E-01  2.34080367E-02  3.94374365E-04
5.20336637E-01  2.34175306E-02  3.92423593E-04
5.20635252E-01  2.32682582E-02  3.91076959E-04
5.20933867E-01  2.33750846E-02  3.92263464E-04
5.21232482E-01  2.31080428E-02  3.89541325E-04
5.21531097E-01  2.32639164E-02  3.92392016E-04
5.21829712E-01  2.31769308E-02  3.91370471E-04
5.22128327E-01  2.33659297E-02  3.92386166E-04
5.22426942E-01  2.33789254E-02  3.90681060E-04
5.22725557E-01  2.30444353E-02  3.89967987E-04
5.23024172E-01  2.26915162E-02  3.86214117E-04
5.23322787E-01  2.39013154E-02  3.97253316E-04
5.23621402E-01  2.29680277E-02  3.88563698E-04
5.23920017E-01  2.26533040E-02  3.87987791E-04
5.24218632E-01  2.34373156E-02  3.91274603E-04
5.24517247E-01  2.36883219E-02  3.94422066E-04
5.24815862E-01  2.29816642E-02  3.90024274E-04
5.25114477E-01  2.33458597E-02  3.91277514E-04
5.25413092E-01  2.25050189E-02  3.85109306E-04
5.25711707E-01  2.36851908E-02  3.95467854E-04
5.26010322E-01  2.41767969E-02  3.97410389E-04
5.26308937E-01  2.38625556E-02  3.96171556E-04
5.26607552E-01  2.35749874E-02  3.93682712E-04
5.26906167E-01  2.30239350E-02  3.88676126E-04
5.27204782E-01  2.31359731E-02  3.92022543E-04
5.27503397E-01  2.33915653E-02  3.92153685E-04
5.27802012E-01  2.36268733E-02  3.94219474E-04
5.28100627E-01  2.35466473E-02  3.94421193E-04
5.28399242E-01  2.31733955E-02  3.87679785E-04
5.28697857E-01  2.28592884E-02  3.88339075E-04
5.28996472E-01  2.32019946E-02  3.90570553E-04
5.29295087E-01  2.30510831E-02  3.90640227E-04
5.29593702E-01  2.34461185E-02  3.91476118E-04
5.29892317E-01  2.29519904E-02  3.88181332E-04
5.30190932E-01  2.28577647E-02  3.89100052E-04
5.30489547E-01  2.41512135E-02  3.98391683E-04
5.30788162E-01  2.34223455E-02  3.91570735E-04
5.31086777E-01  2.34039463E-02  3.92471586E-04
5.31385392E-01  2.34900154E-02  3.91282956E-04
5.31684007E-01  2.34817043E-02  3.93223047E-04
5.31982622E-01  2.28319988E-02  3.87651788E-04
5.32281237E-01  2.34525800E-02  3.92790389E-04
5.32579852E-01  2.29657274E-02  3.89361492E-04
5.32878467E-01  2.36059353E-02  3.93979804E-04
5.33177082E-01  2.30255723E-02  3.89872148E-04
5.33475697E-01  2.33598072E-02  3.89926281E-04
5.33774312E-01  2.38573011E-02  3.95593961E-04
5.34072927E-01  2.33518369E-02  3.93987080E-04
5.34371542E-01  2.37334110E-02  3.93323455E-04
5.34670157E-01  2.36484073E-02  3.91860900E-04
5.34968772E-01  2.34607961E-02  3.94034840E-04
5.35267387E-01  2.30843611E-02  3.89142078E-04
5.35566002E-01  2.32247878E-02  3.91955138E-04
5.35864617E-01  2.37686411E-02  3.93529190E-04
5.36163232E-01  2.33019553E-02  3.92031099E-04
5.36461847E-01  2.31512077E-02  3.90379893E-04
5.36760462E-01  2.30873078E-02  3.89081251E-04
5.37059077E-01  2.32964922E-02  3.90176196E-04
5.37357692E-01  2.29245294E-02  3.89616092E-04
5.37656307E-01  2.30681300E-02  3.87603883E-04
5.37954922E-01  2.34775711E-02  3.95658193E-04
5.38253537E-01  2.29423884E-02  3.84137820E-04
5.38552152E-01  2.31298059E-02  3.89355380E-04
5.38850767E-01  2.30533015E-02  3.89950554E-04
5.39149382E-01  2.31620017E-02  3.91062611E-04
5.39447997E-01  2.37924624E-02  3.94899020E-04
5.39746612E-01  2.36965939E-02  3.94778763E-04
5.40045227E-01  2.33379267E-02  3.90541652E-04
5.40343842E-01  2.41335090E-02  3.99187353E-04
5.40642457E-01  2.26022284E-02  3.84527346E-04
5.40941072E-01  2.30808742E-02  3.88201821E-04
5.41239687E-01  2.34234594E-02  3.95026844E-04
5.41538302E-01  2.33414080E-02  3.91532987E-04
5.41836917E-01  2.29683649E-02  3.88014567E-04
5.42135532E-01  2.42435839E-02  3.95948853E-04
5.42434147E-01  2.28100903E-02  3.87056731E-04
5.42732762E-01  2.33412143E-02  3.92691611E-04
5.43031377E-01  2.30526607E-02  3.91511130E-04
5.43329992E-01  2.37046964E-02  3.91719514E-04
5.43628607E-01  2.33758222E-02  3.91834707E-04
5.43927222E-01  2.32225899E-02  3.91028036E-04
5.44225837E-01  2.34482065E-02  3.93213792E-04
5.44524452E-01  2.33878680E-02  3.89851950E-04
5.44823067E-01  2.31347587E-02  3.90102534E-04
5.45121682E-01  2.27832366E-02  3.86656728E-04
5.45420297E-01  2.33706068E-02  3.91802314E-04
5.45718912E-01  2.28865761E-02  3.86688072E-04
5.46017527E-01  2.38666590E-02  3.95749143E-04
5.46316142E-01  2.40196716E-02  3.96437623E-04
5.46614757E-01  2.28233710E-02  3.88909189E-04
5.46913372E-01  2.27827504E-02  3.84604587E-04
5.47211987E-01  2.33736839E-02  3.91743815E-04
5.47510602E-01  2.36517210E-02  3.94743984E-04
5.47809217E-01  2.38194838E-02  3.94695700E-04
5.48107832E-01  2.37351321E-02  3.96025804E-04
5.48406447E-01  2.32670289E-02  3.90285306E-04
5.48705062E-01  2.32783128E-02  3.89435008E-04
5.49003677E-01  2.26395726E-02  3.87355103E-04
5.49302292E-01  2.26887539E-02  3.83455161E-04
5.49600907E-01  2.25355737E-02  3.85519321E-04
5.49899522E-01  2.33694818E-02  3.91343754E-04
5.50198137E-01  2.32500881E-02  3.91491078E-04
5.50496752E-01  2.31573135E-02  3.89377296E-04
5.50795367E-01  2.25631949E-02  3.83419625E-04
5.51093982E-01  2.32751127E-02  3.90750909E-04
5.51392597E-01  2.37900410E-02  3.96115764E-04
5.51691212E-01  2.34249718E-02  3.91724112E-04
5.51989827E-01  2.35267431E-02  3.92384973E-04
5.52288442E-01  2.33114418E-02  3.88794142E-04
5.52587057E-01  2.30112150E-02  3.87688779E-04
5.52885672E-01  2.28049811E-02  3.86137050E-04
5.53184287E-01  2.37595644E-02  3.92519054E-04
5.53482902E-01  2.33474765E-02  3.89666180E-04
5.53781517E-01  2.35999953E-02  3.92624963E-04
5.54080132E-01  2.33049877E-02  3.89881287E-04
5.54378747E-01  2.33955998E-02  3.87459091E-04
5.54677362E-01  2.29215287E-02  3.85358231E-04
5.54975977E-01  2.21511535E-02  3.80112819E-04
5.55274592E-01  2.28552409E-02  3.84897110E-04
5.55573207E-01  2.35075746E-02  3.86097090E-04
5.55871822E-01  2.33352110E-02  3.87523294E-04
5.56170437E-01  2.32648179E-02  3.87962587E-04
5.56469052E-01  2.28606779E-02  3.85043269E-04
5.56767667E-01  2.32690964E-02  3.86425352E-04
5.57066282E-01  2.30529532E-02  3.85180057E-04
5.57364897E-01  2.33741254E-02  3.85101797E-04
5.57663512E-01  2.32984368E-02  3.86859261E-04
5.57962127E-01  2.34246962E-02  3.86617758E-04
5.58260742E-01  2.32713949E-02  3.83357226E-04
5.58559357E-01  2.32302006E-02  3.87223787E-04
5.58857972E-01  2.26874631E-02  3.82125814E-04
5.59156587E-01  2.30699927E-02  3.81700404E-04
5.59455202E-01  2.33378243E-02  3.86184634E-04
5.59753817E-01  2.31247339E-02  3.82606115E-04
5.60052432E-01  2.38709599E-02  3.90019210E-04
5.60351047E-01  2.31913347E-02  3.83340928E-04
5.60649662E-01  2.40005460E-02  3.88421409E-04
5.60948277E-01  2.34472435E-02  3.84639541E-04
5.61246892E-01  2.32697781E-02  3.83904029E-04
5.61545507E-01  2.35265680E-02  3.85474326E-04
5.61844122E-01  2.34286655E-02  3.82435566E-04
5.62142737E-01  2.25741826E-02  3.78663390E-04
5.62441352E-01  2.36620605E-02  3.84965300E-04
5.62739967E-01  2.31574439E-02  3.80397745E-04
5.63038582E-01  2.30846070E-02  3.80952784E-04
5.63337197E-01  2.36593168E-02  3.84412240E-04
5.63635812E-01  2.27653868E-02  3.80004116E-04
5.63934427E-01  2.31393743E-02  3.79640231E-04
5.64233042E-01  2.39071716E-02  3.84999090E-04
5.64531657E-01  2.24193577E-02  3.74645926E-04
5.64830272E-01  2.28153653E-02  3.77590884E-04
5.65128887E-01  2.39773728E-02  3.87539185E-04
5.65427502E-01  2.35995427E-02  3.82081751E-04
5.65726117E-01  2.26175301E-02  3.75346222E-04
5.66024732E-01  2.31479649E-02  3.79372883E-04
5.66323347E-01  2.31225416E-02  3.79517325E-04
5.66621962E-01  2.32739542E-02  3.77454067E-04
5.66920577E-01  2.36555096E-02  3.83692561E-04
5.67219192E-01  2.34641042E-02  3.82759143E-04
5.67517807E-01  2.33115833E-02  3.81338119E-04
5.67816422E-01  2.30163243E-02  3.74261552E-04
5.68115037E-01  2.31974237E-02  3.78308294E-04
5.68413652E-01  2.28180978E-02  3.75635165E-04
5.68712267E-01  2.32140925E-02  3.78882512E-04
5.69010882E-01  2.31116079E-02  3.77009041E-04
5.69309497E-01  2.30204035E-02  3.76524549E-04
5.69608112E-01  2.29525212E-02  3.76574579E-04
5.69906727E-01  2.35397518E-02  3.80317069E-04
5.70205342E-01  2.33115219E-02  3.76924960E-04
5.70503957E-01  2.25601569E-02  3.73776944E-04
5.70802572E-01  2.33093817E-02  3.78976751E-04
5.71101187E-01  2.29259897E-02  3.76799144E-04
5.71399802E-01  2.32849997E-02  3.77832039E-04
5.71698417E-01  2.34273877E-02  3.79593170E-04
5.71997032E-01  2.26319507E-02  3.74812167E-04
5.72295647E-01  2.35771947E-02  3.82120837E-04
5.72594262E-01  2.31748968E-02  3.77289252E-04
5.72892877E-01  2.38148198E-02  3.79787409E-04
5.73191492E-01  2.36644167E-02  3.82480968E-04
5.73490107E-01  2.29230188E-02  3.77311284E-04
5.73788722E-01  2.32171509E-02  3.77726945E-04
5.74087337E-01  2.28200685E-02  3.75514996E-04
5.74385952E-01  2.38491129E-02  3.84863379E-04
5.74684567E-01  2.30172873E-02  3.77484772E-04
5.74983182E-01  2.34427117E-02  3.79046163E-04
5.75281797E-01  2.32667793E-02  3.76595563E-04
5.75580412E-01  2.36806609E-02  3.83244449E-04
5.75879027E-01  2.37201452E-02  3.82334401E-04
5.76177642E-01  2.25292332E-02  3.73213406E-04
5.76476257E-01  2.30945498E-02  3.76230542E-04
5.76774872E-01  2.32480094E-02  3.79385572E-04
5.77073487E-01  2.33522300E-02  3.79974867E-04
5.77372102E-01  2.28471886E-02  3.76624754E-04
5.77670717E-01  2.36976389E-02  3.81032354E-04
5.77969332E-01  2.36695595E-02  3.82115191E-04
5.78267947E-01  2.29421519E-02  3.77064775E-04
5.78566562E-01  2.32567284E-02  3.78772063E-04
5.78865177E-01  2.33558733E-02  3.77938617E-04
5.79163792E-01  2.33106241E-02  3.79649835E-04
5.79462407E-01  2.27990448E-02  3.75118252E-04
5.79761022E-01  2.33267304E-02  3.80923913E-04
5.80059637E-01  2.30127648E-02  3.74649710E-04
5.80358252E-01  2.29609460E-02  3.76712793E-04
5.80656867E-01  2.32409481E-02  3.79877805E-04
5.80955482E-01  2.29307227E-02  3.77335877E-04


### HEADER:
#
#{
#    "analysis": {},
#    "calibration_params": {
#        "Beam_Center_X": 1061.0,
#        "Beam_Center_Y": 2093.0,
#        "Detector Tilt": 0.0,
#        "Detector Tilt Plane Rotation": 0.0,
#        "Detector_X_Pixel_Size": 75.0,
#        "Detector_Y_Pixel_Size": 75.0,
#        "Integration Method": "nosplit_csr",
#        "Radial_Average_Method": "pyFAI",
#        "Sample-to-detector distance (mm)": 1782.0,
#        "Wavelength (A)": 0.8823505857220345
#    },
#    "config_file": "/Users/jwinnikoff/Documents/MBARI/SAXS/HPSAXS_7A_Feb2023/HPSAXS_02_19_23.cfg",
#    "counters": {
#        "Epoch": "76.637",
#        "I1": "0",
#        "I2": "0",
#        "I3": "0",
#        "Seconds": "1",
#        "Time": "2.09808e-05",
#        "date": "Sun Feb 19 20:13:37 2023",
#        "diode": "58240"
#    },
#    "filename": "JWL0322_35C_040MPa_up_3_data_000001_00001.h5",
#    "history": {},
#    "imageHeader": {},
#    "load_path": "/Users/jwinnikoff/Documents/MBARI/SAXS/HPSAXS_7A_Feb2023/JWL0322_DOPE_TS+/JWL0322_35C_040MPa_up_3_data_000001.h5",
#    "normalizations": {
#        "Absolute_scale": {
#            "Absolute_scale_factor": 0.005174693841759343,
#            "Method": "Water"
#        },
#        "Counter_norms": [
#            [
#                "/",
#                "diode/150000"
#            ]
#        ],
#        "Polarization": {
#            "Used": false
#        },
#        "Solid_Angle_Correction": "On"
#    },
#    "raw_version": "2.1.4"
#}

