### DATA:
#
# 1908
#      Q             I(Q)           Error     
1.14966775E-02  0.00000000E+00  0.00000000E+00
1.17952925E-02  4.57403839E-01  2.53721997E-02
1.20939075E-02  5.08773923E-01  1.89215057E-02
1.23925225E-02  4.24095631E-01  1.41052110E-02
1.26911375E-02  4.24702823E-01  1.32590216E-02
1.29897525E-02  4.12054747E-01  1.26921330E-02
1.32883675E-02  3.99123609E-01  1.20013431E-02
1.35869825E-02  3.87852788E-01  1.12669850E-02
1.38855975E-02  3.46679598E-01  9.97871626E-03
1.41842125E-02  3.34781289E-01  1.00124478E-02
1.44828275E-02  3.02884072E-01  9.42380447E-03
1.47814425E-02  2.83135712E-01  8.83936230E-03
1.50800575E-02  2.92227417E-01  8.64744745E-03
1.53786725E-02  2.57872075E-01  7.65094627E-03
1.56772875E-02  2.75481403E-01  7.97241926E-03
1.59759025E-02  2.47300491E-01  7.05135241E-03
1.62745175E-02  2.35739768E-01  6.78827148E-03
1.65731325E-02  2.32221335E-01  6.83299545E-03
1.68717475E-02  2.20436528E-01  6.11380907E-03
1.71703625E-02  1.98349968E-01  6.10091072E-03
1.74689775E-02  2.07272112E-01  5.75755863E-03
1.77675925E-02  1.99511081E-01  5.55484788E-03
1.80662075E-02  1.87988982E-01  5.61223645E-03
1.83648225E-02  1.79985404E-01  4.93527623E-03
1.86634375E-02  1.78814515E-01  5.14694024E-03
1.89620525E-02  1.68625593E-01  4.70955065E-03
1.92606675E-02  1.65099561E-01  4.72678663E-03
1.95592825E-02  1.56746447E-01  4.65059513E-03
1.98578975E-02  1.60491705E-01  4.35675029E-03
2.01565125E-02  1.46066070E-01  4.30351309E-03
2.04551275E-02  1.44985363E-01  4.02426720E-03
2.07537425E-02  1.42446801E-01  3.89717100E-03
2.10523575E-02  1.38268426E-01  3.62610887E-03
2.13509725E-02  1.31860867E-01  3.32363695E-03
2.16495875E-02  1.33412480E-01  3.33322934E-03
2.19482025E-02  1.22880526E-01  2.96291243E-03
2.22468175E-02  1.28230795E-01  3.16643389E-03
2.25454325E-02  1.23444475E-01  2.84930877E-03
2.28440475E-02  1.17422342E-01  2.84623634E-03
2.31426625E-02  1.22554168E-01  2.80642044E-03
2.34412775E-02  1.13721386E-01  2.59870966E-03
2.37398925E-02  1.14768215E-01  2.70963274E-03
2.40385075E-02  1.09314851E-01  2.48571276E-03
2.43371225E-02  1.04906134E-01  2.43507256E-03
2.46357375E-02  1.03349648E-01  2.48261704E-03
2.49343525E-02  1.02994844E-01  2.35667010E-03
2.52329675E-02  1.01250894E-01  2.45209155E-03
2.55315825E-02  9.67469364E-02  2.24568183E-03
2.58301975E-02  9.54092592E-02  2.24259705E-03
2.61288125E-02  9.56481993E-02  2.32049217E-03
2.64274275E-02  9.40255076E-02  2.15482595E-03
2.67260425E-02  9.35359523E-02  2.26326101E-03
2.70246575E-02  8.79998356E-02  2.05598120E-03
2.73232725E-02  9.25827548E-02  2.17676139E-03
2.76218875E-02  8.86096209E-02  2.16121040E-03
2.79205025E-02  8.46408531E-02  2.03378987E-03
2.82191175E-02  8.67264196E-02  2.05158326E-03
2.85177325E-02  8.46800357E-02  1.99316116E-03
2.88163475E-02  8.39963332E-02  2.04747333E-03
2.91149625E-02  8.40689838E-02  1.98927615E-03
2.94135775E-02  7.84203336E-02  1.89918163E-03
2.97121925E-02  7.78059512E-02  1.90737529E-03
3.00108075E-02  7.68840387E-02  1.83317217E-03
3.03094225E-02  7.86251724E-02  1.93679216E-03
3.06080375E-02  7.72075653E-02  1.85732532E-03
3.09066525E-02  7.36728981E-02  1.78893609E-03
3.12052675E-02  7.48476461E-02  1.85845792E-03
3.15038825E-02  7.54434168E-02  1.78567437E-03
3.18024975E-02  7.18967170E-02  1.76997483E-03
3.21011125E-02  7.41248280E-02  1.73894654E-03
3.23997275E-02  7.06423745E-02  1.65270758E-03
3.26983425E-02  6.91923425E-02  1.64930767E-03
3.29969575E-02  7.01963082E-02  1.56963710E-03
3.32955725E-02  6.98453635E-02  1.56570901E-03
3.35941875E-02  7.06910267E-02  1.50202587E-03
3.38928025E-02  6.74284771E-02  1.51039218E-03
3.41914175E-02  6.55955821E-02  1.44524337E-03
3.44900325E-02  7.11574033E-02  1.49515423E-03
3.47886474E-02  6.71567768E-02  1.42725313E-03
3.50872624E-02  6.41524866E-02  1.36866909E-03
3.53858774E-02  6.58360049E-02  1.43020402E-03
3.56844924E-02  6.66955933E-02  1.38409541E-03
3.59831074E-02  6.41261712E-02  1.33422564E-03
3.62817224E-02  6.31456375E-02  1.35648146E-03
3.65803374E-02  6.44029900E-02  1.32796727E-03
3.68789524E-02  6.29400983E-02  1.35708554E-03
3.71775674E-02  6.28045797E-02  1.32433104E-03
3.74761824E-02  6.47638217E-02  1.30896107E-03
3.77747974E-02  6.39094412E-02  1.30645267E-03
3.80734124E-02  6.16535954E-02  1.26297970E-03
3.83720274E-02  6.25074208E-02  1.31340139E-03
3.86706424E-02  6.13068417E-02  1.23909104E-03
3.89692574E-02  6.11312948E-02  1.27412181E-03
3.92678724E-02  5.95337190E-02  1.26696168E-03
3.95664874E-02  5.80512881E-02  1.20574411E-03
3.98651024E-02  5.94844893E-02  1.22162513E-03
4.01637174E-02  5.94286881E-02  1.20088586E-03
4.04623324E-02  6.13714419E-02  1.26357889E-03
4.07609474E-02  5.86966425E-02  1.19244005E-03
4.10595624E-02  6.14692084E-02  1.24517339E-03
4.13581774E-02  5.86077757E-02  1.19359407E-03
4.16567924E-02  5.77689931E-02  1.16120046E-03
4.19554074E-02  5.76319396E-02  1.19292410E-03
4.22540224E-02  5.67604564E-02  1.17463362E-03
4.25526374E-02  5.65351844E-02  1.15643139E-03
4.28512524E-02  5.87039925E-02  1.18238572E-03
4.31498674E-02  5.75782396E-02  1.15736609E-03
4.34484824E-02  5.80302738E-02  1.19809317E-03
4.37470974E-02  5.74773662E-02  1.14135887E-03
4.40457124E-02  6.03953935E-02  1.17566646E-03
4.43443274E-02  5.83910868E-02  1.17823621E-03
4.46429424E-02  5.70038147E-02  1.13848352E-03
4.49415574E-02  5.79705127E-02  1.18504756E-03
4.52401724E-02  5.66752404E-02  1.11992413E-03
4.55387874E-02  5.76242954E-02  1.14744820E-03
4.58374024E-02  5.96350245E-02  1.16729643E-03
4.61360174E-02  5.66099659E-02  1.12104439E-03
4.64346324E-02  5.82835302E-02  1.15965598E-03
4.67332474E-02  5.79882376E-02  1.12055871E-03
4.70318624E-02  5.77458218E-02  1.15146721E-03
4.73304774E-02  6.10666350E-02  1.17741036E-03
4.76290924E-02  5.86705841E-02  1.12974376E-03
4.79277074E-02  5.71589805E-02  1.10826513E-03
4.82263224E-02  5.89703284E-02  1.11803389E-03
4.85249374E-02  5.65472618E-02  1.12846529E-03
4.88235524E-02  5.89774624E-02  1.12404313E-03
4.91221674E-02  5.93474396E-02  1.12076092E-03
4.94207824E-02  5.85914589E-02  1.12551078E-03
4.97193974E-02  5.89270592E-02  1.10848213E-03
5.00180124E-02  5.75332753E-02  1.12572545E-03
5.03166274E-02  6.08113073E-02  1.12440146E-03
5.06152424E-02  6.07126951E-02  1.12682371E-03
5.09138574E-02  6.01132512E-02  1.13481842E-03
5.12124724E-02  5.97324185E-02  1.10144448E-03
5.15110874E-02  5.89930154E-02  1.11406774E-03
5.18097024E-02  6.17339909E-02  1.12299318E-03
5.21083174E-02  5.99462092E-02  1.10501098E-03
5.24069324E-02  5.82380630E-02  1.08994322E-03
5.27055474E-02  6.04885370E-02  1.10362901E-03
5.30041624E-02  6.07131384E-02  1.12683198E-03
5.33027774E-02  6.25692531E-02  1.11766462E-03
5.36013924E-02  6.20152615E-02  1.11907360E-03
5.39000074E-02  6.34258613E-02  1.11273443E-03
5.41986224E-02  6.40997216E-02  1.14100520E-03
5.44972374E-02  6.47337735E-02  1.13202771E-03
5.47958524E-02  6.73499107E-02  1.14664109E-03
5.50944674E-02  6.44759536E-02  1.13942858E-03
5.53930824E-02  6.52926713E-02  1.12124509E-03
5.56916974E-02  6.59762919E-02  1.12098292E-03
5.59903124E-02  6.86092079E-02  1.16706628E-03
5.62889274E-02  6.48486093E-02  1.10986177E-03
5.65875424E-02  6.60256669E-02  1.14006933E-03
5.68861574E-02  6.75840080E-02  1.13302888E-03
5.71847724E-02  6.84646443E-02  1.13276951E-03
5.74833874E-02  6.93997517E-02  1.15282624E-03
5.77820024E-02  6.94605559E-02  1.13946351E-03
5.80806174E-02  6.99643046E-02  1.17194618E-03
5.83792324E-02  7.07599968E-02  1.13656931E-03
5.86778474E-02  7.19217807E-02  1.16412423E-03
5.89764624E-02  7.37078711E-02  1.19131850E-03
5.92750774E-02  7.42059052E-02  1.14693516E-03
5.95736924E-02  7.44469091E-02  1.18438562E-03
5.98723074E-02  7.37919435E-02  1.15469180E-03
6.01709224E-02  7.80185163E-02  1.18577946E-03
6.04695374E-02  7.78518096E-02  1.20314292E-03
6.07681524E-02  8.20672959E-02  1.22243667E-03
6.10667674E-02  8.27416107E-02  1.23385049E-03
6.13653824E-02  8.23968723E-02  1.20329077E-03
6.16639974E-02  8.30471888E-02  1.22340058E-03
6.19626124E-02  8.56094211E-02  1.24372402E-03
6.22612274E-02  8.84896070E-02  1.24080654E-03
6.25598424E-02  8.99562910E-02  1.27819576E-03
6.28584574E-02  8.89342800E-02  1.25011813E-03
6.31570724E-02  9.22155231E-02  1.28424412E-03
6.34556874E-02  9.53785852E-02  1.27103680E-03
6.37543024E-02  9.80768204E-02  1.30629831E-03
6.40529174E-02  9.78496596E-02  1.32289680E-03
6.43515324E-02  1.03674412E-01  1.33565115E-03
6.46501474E-02  1.04292631E-01  1.36836816E-03
6.49487624E-02  1.05975576E-01  1.32864492E-03
6.52473774E-02  1.07879654E-01  1.35177351E-03
6.55459924E-02  1.13696292E-01  1.40301650E-03
6.58446074E-02  1.18432455E-01  1.41634815E-03
6.61432224E-02  1.21764563E-01  1.45194645E-03
6.64418374E-02  1.26154885E-01  1.44113495E-03
6.67404524E-02  1.30652800E-01  1.48584251E-03
6.70390674E-02  1.31612778E-01  1.49850512E-03
6.73376824E-02  1.42359659E-01  1.51764532E-03
6.76362974E-02  1.45546257E-01  1.57202687E-03
6.79349124E-02  1.50548041E-01  1.56338152E-03
6.82335274E-02  1.53418481E-01  1.58925285E-03
6.85321424E-02  1.62740558E-01  1.65631203E-03
6.88307574E-02  1.72409266E-01  1.67112204E-03
6.91293724E-02  1.75990433E-01  1.71422865E-03
6.94279874E-02  1.84147924E-01  1.71139417E-03
6.97266024E-02  1.94807574E-01  1.79084670E-03
7.00252174E-02  2.05048814E-01  1.82245811E-03
7.03238324E-02  2.15475440E-01  1.85335078E-03
7.06224474E-02  2.27449477E-01  1.93281996E-03
7.09210624E-02  2.37978876E-01  1.95215538E-03
7.12196774E-02  2.50514835E-01  1.99837168E-03
7.15182924E-02  2.68435955E-01  2.02329713E-03
7.18169074E-02  2.88358003E-01  2.15378543E-03
7.21155224E-02  3.09673578E-01  2.22435873E-03
7.24141374E-02  3.22407216E-01  2.25685956E-03
7.27127524E-02  3.47643822E-01  2.33307504E-03
7.30113674E-02  3.71498704E-01  2.39323219E-03
7.33099824E-02  4.01286989E-01  2.50106794E-03
7.36085974E-02  4.35984403E-01  2.61566043E-03
7.39072124E-02  4.71226960E-01  2.66920938E-03
7.42058274E-02  5.02266526E-01  2.81374063E-03
7.45044424E-02  5.49611568E-01  2.89201178E-03
7.48030574E-02  5.99450290E-01  3.04007600E-03
7.51016724E-02  6.48584545E-01  3.15875770E-03
7.54002874E-02  7.13853240E-01  3.26086185E-03
7.56989024E-02  7.69401133E-01  3.44417454E-03
7.59975174E-02  8.49818051E-01  3.56165250E-03
7.62961324E-02  9.27054763E-01  3.73187941E-03
7.65947474E-02  1.02122939E+00  3.90436850E-03
7.68933624E-02  1.11906374E+00  4.09145607E-03
7.71919774E-02  1.22227669E+00  4.32215678E-03
7.74905924E-02  1.33427656E+00  4.41627065E-03
7.77892074E-02  1.45632529E+00  4.64285491E-03
7.80878224E-02  1.58397126E+00  4.80183121E-03
7.83864374E-02  1.72702253E+00  5.00622019E-03
7.86850524E-02  1.87016356E+00  5.29485522E-03
7.89836674E-02  1.99808872E+00  5.40432706E-03
7.92822824E-02  2.13333368E+00  5.53841796E-03
7.95808974E-02  2.27084136E+00  5.66231273E-03
7.98795124E-02  2.37726569E+00  5.90714859E-03
8.01781274E-02  2.48576331E+00  6.09147735E-03
8.04767424E-02  2.55768895E+00  6.02140930E-03
8.07753574E-02  2.63286376E+00  6.17173128E-03
8.10739724E-02  2.65202522E+00  6.12529274E-03
8.13725874E-02  2.65772438E+00  6.10737177E-03
8.16712024E-02  2.63742828E+00  6.18345058E-03
8.19698174E-02  2.58408642E+00  5.96301910E-03
8.22684324E-02  2.49495220E+00  5.98339131E-03
8.25670474E-02  2.40278125E+00  5.80129819E-03
8.28656624E-02  2.26089048E+00  5.66701498E-03
8.31642774E-02  2.12345338E+00  5.41609200E-03
8.34628924E-02  1.98178458E+00  5.23744896E-03
8.37615074E-02  1.82184374E+00  5.09740785E-03
8.40601224E-02  1.66559613E+00  4.77342261E-03
8.43587374E-02  1.51325655E+00  4.56768833E-03
8.46573524E-02  1.35704768E+00  4.30448866E-03
8.49559674E-02  1.22833157E+00  4.12335759E-03
8.52545824E-02  1.10615778E+00  3.92064778E-03
8.55531974E-02  9.83477533E-01  3.63632943E-03
8.58518124E-02  8.71849358E-01  3.44021828E-03
8.61504274E-02  7.93283284E-01  3.24729062E-03
8.64490424E-02  7.12997496E-01  3.12922942E-03
8.67476574E-02  6.45368636E-01  2.97133694E-03
8.70462724E-02  5.80004036E-01  2.77013332E-03
8.73448874E-02  5.24384737E-01  2.65399879E-03
8.76435024E-02  4.82098043E-01  2.51962268E-03
8.79421174E-02  4.36798960E-01  2.43740459E-03
8.82407324E-02  4.02649611E-01  2.33119610E-03
8.85393474E-02  3.73550087E-01  2.21376866E-03
8.88379624E-02  3.47361714E-01  2.15085666E-03
8.91365774E-02  3.23698074E-01  2.04933784E-03
8.94351924E-02  3.03667992E-01  1.99972070E-03
8.97338074E-02  2.82769293E-01  1.91894406E-03
9.00324224E-02  2.69928962E-01  1.86968897E-03
9.03310374E-02  2.57735163E-01  1.84748089E-03
9.06296524E-02  2.40477949E-01  1.76312774E-03
9.09282674E-02  2.30631098E-01  1.72507099E-03
9.12268824E-02  2.16662958E-01  1.66896044E-03
9.15254974E-02  2.09527269E-01  1.63528579E-03
9.18241124E-02  2.02302068E-01  1.63067318E-03
9.21227274E-02  1.94438979E-01  1.58394873E-03
9.24213424E-02  1.86772645E-01  1.52606086E-03
9.27199574E-02  1.80176586E-01  1.51232781E-03
9.30185724E-02  1.75784126E-01  1.49648241E-03
9.33171874E-02  1.70282245E-01  1.48776278E-03
9.36158024E-02  1.66056946E-01  1.41897914E-03
9.39144174E-02  1.60966843E-01  1.43332419E-03
9.42130324E-02  1.58944324E-01  1.41660718E-03
9.45116474E-02  1.53277189E-01  1.38492801E-03
9.48102624E-02  1.51293695E-01  1.38209539E-03
9.51088774E-02  1.46910653E-01  1.33582740E-03
9.54074924E-02  1.44604996E-01  1.34279730E-03
9.57061074E-02  1.40739992E-01  1.32122566E-03
9.60047224E-02  1.39957368E-01  1.31871051E-03
9.63033374E-02  1.37706161E-01  1.29554525E-03
9.66019524E-02  1.34176254E-01  1.28552935E-03
9.69005674E-02  1.32691681E-01  1.27505662E-03
9.71991824E-02  1.28504470E-01  1.25151523E-03
9.74977974E-02  1.27318114E-01  1.24143402E-03
9.77964124E-02  1.26039788E-01  1.23096060E-03
9.80950274E-02  1.25238582E-01  1.23551267E-03
9.83936424E-02  1.22895271E-01  1.22443063E-03
9.86922574E-02  1.20868310E-01  1.21324137E-03
9.89908724E-02  1.19299307E-01  1.19251618E-03
9.92894874E-02  1.16096191E-01  1.17292814E-03
9.95881024E-02  1.15695201E-01  1.18037895E-03
9.98867174E-02  1.13400534E-01  1.17263501E-03
1.00185332E-01  1.13991939E-01  1.14926649E-03
1.00483947E-01  1.13665491E-01  1.16599922E-03
1.00782562E-01  1.09403223E-01  1.13009242E-03
1.01081177E-01  1.08539999E-01  1.13699655E-03
1.01379792E-01  1.08760193E-01  1.13384170E-03
1.01678407E-01  1.07582055E-01  1.11557392E-03
1.01977022E-01  1.07271194E-01  1.12605549E-03
1.02275637E-01  1.05226435E-01  1.11527264E-03
1.02574252E-01  1.03049308E-01  1.09907147E-03
1.02872867E-01  1.06522456E-01  1.10553787E-03
1.03171482E-01  1.03783354E-01  1.09034416E-03
1.03470097E-01  1.02398552E-01  1.08481315E-03
1.03768712E-01  1.02281898E-01  1.09406491E-03
1.04067327E-01  1.01777799E-01  1.07193936E-03
1.04365942E-01  1.02279477E-01  1.08685018E-03
1.04664557E-01  1.03784017E-01  1.09391881E-03
1.04963172E-01  1.00594759E-01  1.06912898E-03
1.05261787E-01  1.00604899E-01  1.07178220E-03
1.05560402E-01  1.00775108E-01  1.06155546E-03
1.05859017E-01  1.00236684E-01  1.07243354E-03
1.06157632E-01  1.00543618E-01  1.06714002E-03
1.06456247E-01  9.86523107E-02  1.05705648E-03
1.06754862E-01  9.88823473E-02  1.04574475E-03
1.07053477E-01  9.97491702E-02  1.05698290E-03
1.07352092E-01  1.01507798E-01  1.06626074E-03
1.07650707E-01  9.83716324E-02  1.05049706E-03
1.07949322E-01  9.86295864E-02  1.05020218E-03
1.08247937E-01  9.89199355E-02  1.05091347E-03
1.08546552E-01  9.94632617E-02  1.05800002E-03
1.08845167E-01  9.83885452E-02  1.03503827E-03
1.09143782E-01  9.91874486E-02  1.05150300E-03
1.09442397E-01  9.82695892E-02  1.03361532E-03
1.09741012E-01  9.73381773E-02  1.03189854E-03
1.10039627E-01  9.80525985E-02  1.04382180E-03
1.10338242E-01  9.71921161E-02  1.03273219E-03
1.10636857E-01  9.74930823E-02  1.02166843E-03
1.10935472E-01  9.77300704E-02  1.02213339E-03
1.11234087E-01  9.94571671E-02  1.04065216E-03
1.11532702E-01  1.02043480E-01  1.05328276E-03
1.11831317E-01  9.91991386E-02  1.03293208E-03
1.12129932E-01  1.00594603E-01  1.04216533E-03
1.12428547E-01  9.97948796E-02  1.03761780E-03
1.12727162E-01  9.96884182E-02  1.03272183E-03
1.13025777E-01  1.00796156E-01  1.03726320E-03
1.13324392E-01  1.01864412E-01  1.04116881E-03
1.13623007E-01  1.00158535E-01  1.03476411E-03
1.13921622E-01  1.02356046E-01  1.04685023E-03
1.14220237E-01  1.03269480E-01  1.04126846E-03
1.14518852E-01  1.04174919E-01  1.03734981E-03
1.14817467E-01  1.02115467E-01  1.04166928E-03
1.15116082E-01  1.03669971E-01  1.04877783E-03
1.15414697E-01  1.03624351E-01  1.04383903E-03
1.15713312E-01  1.05374351E-01  1.04254414E-03
1.16011927E-01  1.03855878E-01  1.03881850E-03
1.16310542E-01  1.07114516E-01  1.06446003E-03
1.16609157E-01  1.04143292E-01  1.03796157E-03
1.16907772E-01  1.07196696E-01  1.05695904E-03
1.17206387E-01  1.06052049E-01  1.04704790E-03
1.17505002E-01  1.07542433E-01  1.04786130E-03
1.17803617E-01  1.09798580E-01  1.07050536E-03
1.18102232E-01  1.09944649E-01  1.06104207E-03
1.18400847E-01  1.09023020E-01  1.05812692E-03
1.18699462E-01  1.11452088E-01  1.06751744E-03
1.18998077E-01  1.13491438E-01  1.06721278E-03
1.19296692E-01  1.13326497E-01  1.08676788E-03
1.19595307E-01  1.14317223E-01  1.07185484E-03
1.19893922E-01  1.16001494E-01  1.07741845E-03
1.20192537E-01  1.16745591E-01  1.09337468E-03
1.20491152E-01  1.20669663E-01  1.09577505E-03
1.20789767E-01  1.20982423E-01  1.10741670E-03
1.21088382E-01  1.19543649E-01  1.09923154E-03
1.21386997E-01  1.22133166E-01  1.10240339E-03
1.21685612E-01  1.24024250E-01  1.12125557E-03
1.21984227E-01  1.27381384E-01  1.12903875E-03
1.22282842E-01  1.26040369E-01  1.11518323E-03
1.22581457E-01  1.26449019E-01  1.10924453E-03
1.22880072E-01  1.29473284E-01  1.14234211E-03
1.23178687E-01  1.32886440E-01  1.14668114E-03
1.23477302E-01  1.34065911E-01  1.15501124E-03
1.23775917E-01  1.38140336E-01  1.15859532E-03
1.24074532E-01  1.36522591E-01  1.16308499E-03
1.24373147E-01  1.40022874E-01  1.17624761E-03
1.24671762E-01  1.41331434E-01  1.17515330E-03
1.24970377E-01  1.43933073E-01  1.18264323E-03
1.25268992E-01  1.46221444E-01  1.19036692E-03
1.25567607E-01  1.49654210E-01  1.19849993E-03
1.25866222E-01  1.52031779E-01  1.22738059E-03
1.26164837E-01  1.56203806E-01  1.23033265E-03
1.26463452E-01  1.59243807E-01  1.23630685E-03
1.26762067E-01  1.60693005E-01  1.24703173E-03
1.27060682E-01  1.63308337E-01  1.25369825E-03
1.27359297E-01  1.70683369E-01  1.30095694E-03
1.27657912E-01  1.72921106E-01  1.27875875E-03
1.27956527E-01  1.76686361E-01  1.29828730E-03
1.28255142E-01  1.83243364E-01  1.33166683E-03
1.28553757E-01  1.84610605E-01  1.31336413E-03
1.28852372E-01  1.90764487E-01  1.34042383E-03
1.29150987E-01  1.96557388E-01  1.36062526E-03
1.29449602E-01  2.01708421E-01  1.38671347E-03
1.29748217E-01  2.11070925E-01  1.41757342E-03
1.30046832E-01  2.10043147E-01  1.40278367E-03
1.30345447E-01  2.18884230E-01  1.42820796E-03
1.30644062E-01  2.27127209E-01  1.45293179E-03
1.30942677E-01  2.36067370E-01  1.49212615E-03
1.31241292E-01  2.46273652E-01  1.51896384E-03
1.31539907E-01  2.52245635E-01  1.52915460E-03
1.31838522E-01  2.59897679E-01  1.55937986E-03
1.32137137E-01  2.68409342E-01  1.59911998E-03
1.32435752E-01  2.80939698E-01  1.65746850E-03
1.32734367E-01  2.87544042E-01  1.67451520E-03
1.33032982E-01  2.99809664E-01  1.72790198E-03
1.33331597E-01  3.13981324E-01  1.76827051E-03
1.33630212E-01  3.24131995E-01  1.80430093E-03
1.33928827E-01  3.34795058E-01  1.86184095E-03
1.34227442E-01  3.49215001E-01  1.85568980E-03
1.34526057E-01  3.64567727E-01  1.93435256E-03
1.34824672E-01  3.78106385E-01  1.98446168E-03
1.35123287E-01  3.94694000E-01  2.01563467E-03
1.35421902E-01  4.09873486E-01  2.07228935E-03
1.35720517E-01  4.27076161E-01  2.09363643E-03
1.36019132E-01  4.46633786E-01  2.17950554E-03
1.36317747E-01  4.62253451E-01  2.19583581E-03
1.36616362E-01  4.77169812E-01  2.22440460E-03
1.36914977E-01  4.95754749E-01  2.29277881E-03
1.37213592E-01  5.10080457E-01  2.32918304E-03
1.37512207E-01  5.30301630E-01  2.39857286E-03
1.37810822E-01  5.46180844E-01  2.41020252E-03
1.38109437E-01  5.64699173E-01  2.45072413E-03
1.38408052E-01  5.79425573E-01  2.49190535E-03
1.38706667E-01  5.96823573E-01  2.53483700E-03
1.39005282E-01  6.11717820E-01  2.59419135E-03
1.39303897E-01  6.16488695E-01  2.55295075E-03
1.39602512E-01  6.32779300E-01  2.63642031E-03
1.39901127E-01  6.36233032E-01  2.63949391E-03
1.40199742E-01  6.42395079E-01  2.63996003E-03
1.40498357E-01  6.52907670E-01  2.68959720E-03
1.40796972E-01  6.55538142E-01  2.65967380E-03
1.41095587E-01  6.52389944E-01  2.69171596E-03
1.41394202E-01  6.49899364E-01  2.66978517E-03
1.41692817E-01  6.44163787E-01  2.67469836E-03
1.41991432E-01  6.35847032E-01  2.65737926E-03
1.42290047E-01  6.29653513E-01  2.62583676E-03
1.42588662E-01  6.11334741E-01  2.62225722E-03
1.42887277E-01  5.96566856E-01  2.57603149E-03
1.43185892E-01  5.75346351E-01  2.52184831E-03
1.43484507E-01  5.63894391E-01  2.51645804E-03
1.43783122E-01  5.42270720E-01  2.44733319E-03
1.44081737E-01  5.23366272E-01  2.41187750E-03
1.44380352E-01  5.01965523E-01  2.34271912E-03
1.44678967E-01  4.75825876E-01  2.25565629E-03
1.44977582E-01  4.60400641E-01  2.26304634E-03
1.45276197E-01  4.36325967E-01  2.17074901E-03
1.45574812E-01  4.14832622E-01  2.14138697E-03
1.45873427E-01  3.92925054E-01  2.03590840E-03
1.46172042E-01  3.72220516E-01  1.99579890E-03
1.46470657E-01  3.54931414E-01  1.97226740E-03
1.46769272E-01  3.35196018E-01  1.89394422E-03
1.47067887E-01  3.15374166E-01  1.83292036E-03
1.47366502E-01  2.99972117E-01  1.77887990E-03
1.47665117E-01  2.86696196E-01  1.74168393E-03
1.47963732E-01  2.73357898E-01  1.72018481E-03
1.48262347E-01  2.63063937E-01  1.66961644E-03
1.48560962E-01  2.51901448E-01  1.63627567E-03
1.48859577E-01  2.37323076E-01  1.56707794E-03
1.49158192E-01  2.35327005E-01  1.59299548E-03
1.49456807E-01  2.22992912E-01  1.53260643E-03
1.49755422E-01  2.18133137E-01  1.51186343E-03
1.50054037E-01  2.12660760E-01  1.50231214E-03
1.50352652E-01  2.06458792E-01  1.46163919E-03
1.50651267E-01  2.02862099E-01  1.46951375E-03
1.50949882E-01  1.97177857E-01  1.42631831E-03
1.51248497E-01  1.93720132E-01  1.42053945E-03
1.51547112E-01  1.90547422E-01  1.43345748E-03
1.51845727E-01  1.90478191E-01  1.39172422E-03
1.52144342E-01  1.86716437E-01  1.41196814E-03
1.52442957E-01  1.89972579E-01  1.38192030E-03
1.52741572E-01  1.85477495E-01  1.38539542E-03
1.53040187E-01  1.86025679E-01  1.40722748E-03
1.53338802E-01  1.87646374E-01  1.38485350E-03
1.53637417E-01  1.88345119E-01  1.40434876E-03
1.53936032E-01  1.89841151E-01  1.38940813E-03
1.54234647E-01  1.90483838E-01  1.39478443E-03
1.54533262E-01  1.92117646E-01  1.42258639E-03
1.54831877E-01  1.96355045E-01  1.41817890E-03
1.55130492E-01  1.99445292E-01  1.43138040E-03
1.55429107E-01  2.03181058E-01  1.43688661E-03
1.55727722E-01  2.03611836E-01  1.45262957E-03
1.56026337E-01  2.12223515E-01  1.47437898E-03
1.56324952E-01  2.14120820E-01  1.47613382E-03
1.56623567E-01  2.17216119E-01  1.50370284E-03
1.56922182E-01  2.22535834E-01  1.49999536E-03
1.57220797E-01  2.28483960E-01  1.54050859E-03
1.57519412E-01  2.33869314E-01  1.53938029E-03
1.57818027E-01  2.39007801E-01  1.55508367E-03
1.58116642E-01  2.44183645E-01  1.59314962E-03
1.58415257E-01  2.50533611E-01  1.59214251E-03
1.58713872E-01  2.53436685E-01  1.61651045E-03
1.59012487E-01  2.59219766E-01  1.61142892E-03
1.59311102E-01  2.67284960E-01  1.66130916E-03
1.59609717E-01  2.71088064E-01  1.67616375E-03
1.59908332E-01  2.78169990E-01  1.65871484E-03
1.60206947E-01  2.83851027E-01  1.69228972E-03
1.60505562E-01  2.87272096E-01  1.70245965E-03
1.60804177E-01  2.93261290E-01  1.71827211E-03
1.61102792E-01  2.99406022E-01  1.73680368E-03
1.61401407E-01  2.99238592E-01  1.72952958E-03
1.61700022E-01  3.04163843E-01  1.74123747E-03
1.61998637E-01  3.08404893E-01  1.75707170E-03
1.62297252E-01  3.09564203E-01  1.76856294E-03
1.62595867E-01  3.12178671E-01  1.77474541E-03
1.62894482E-01  3.11979860E-01  1.75419135E-03
1.63193097E-01  3.11972052E-01  1.77990994E-03
1.63491712E-01  3.10627192E-01  1.74672354E-03
1.63790327E-01  3.07449937E-01  1.76506001E-03
1.64088942E-01  3.02046508E-01  1.72003685E-03
1.64387557E-01  3.02462935E-01  1.73454429E-03
1.64686172E-01  2.98223346E-01  1.74277485E-03
1.64984787E-01  2.93275595E-01  1.69724901E-03
1.65283402E-01  2.86112338E-01  1.68701704E-03
1.65582017E-01  2.80297995E-01  1.65581645E-03
1.65880632E-01  2.73481041E-01  1.64241763E-03
1.66179247E-01  2.67432302E-01  1.63739512E-03
1.66477862E-01  2.60878146E-01  1.59466802E-03
1.66776477E-01  2.50186116E-01  1.57533691E-03
1.67075092E-01  2.44932890E-01  1.56201608E-03
1.67373707E-01  2.35178620E-01  1.52575132E-03
1.67672322E-01  2.27247939E-01  1.49875437E-03
1.67970937E-01  2.14515269E-01  1.44256162E-03
1.68269552E-01  2.10132226E-01  1.43919431E-03
1.68568167E-01  2.00832933E-01  1.39292772E-03
1.68866782E-01  1.93649694E-01  1.38792919E-03
1.69165397E-01  1.87210232E-01  1.35418039E-03
1.69464012E-01  1.77050471E-01  1.30875898E-03
1.69762627E-01  1.72951847E-01  1.30204717E-03
1.70061242E-01  1.67357087E-01  1.27638271E-03
1.70359857E-01  1.63084745E-01  1.27460528E-03
1.70658472E-01  1.53101578E-01  1.21287850E-03
1.70957087E-01  1.49254367E-01  1.20206270E-03
1.71255702E-01  1.44591078E-01  1.19762903E-03
1.71554317E-01  1.40368730E-01  1.15351216E-03
1.71852932E-01  1.34630710E-01  1.14402350E-03
1.72151547E-01  1.31429851E-01  1.12646341E-03
1.72450162E-01  1.25855029E-01  1.10496965E-03
1.72748777E-01  1.21161997E-01  1.08679675E-03
1.73047392E-01  1.17686003E-01  1.06630963E-03
1.73346007E-01  1.16937675E-01  1.06474292E-03
1.73644622E-01  1.12720534E-01  1.04036927E-03
1.73943237E-01  1.12029068E-01  1.03752862E-03
1.74241852E-01  1.08587086E-01  1.02779665E-03
1.74540467E-01  1.05407581E-01  9.99944168E-04
1.74839082E-01  1.03253417E-01  1.00189389E-03
1.75137697E-01  1.01611055E-01  9.84429498E-04
1.75436312E-01  1.00201264E-01  9.83927050E-04
1.75734927E-01  9.79096591E-02  9.60822566E-04
1.76033542E-01  9.66156349E-02  9.57341457E-04
1.76332157E-01  9.13055241E-02  9.44764586E-04
1.76630772E-01  9.21545699E-02  9.32473049E-04
1.76929387E-01  9.12343785E-02  9.42113926E-04
1.77228002E-01  8.97729769E-02  9.16671357E-04
1.77526617E-01  8.84927958E-02  9.16839228E-04
1.77825232E-01  8.80801082E-02  9.17799945E-04
1.78123847E-01  8.55282843E-02  9.00746963E-04
1.78422462E-01  8.47127363E-02  8.96443613E-04
1.78721077E-01  8.34073648E-02  8.91917094E-04
1.79019692E-01  8.35309401E-02  8.92881304E-04
1.79318307E-01  8.06271136E-02  8.77522863E-04
1.79616922E-01  8.01032409E-02  8.61624139E-04
1.79915537E-01  8.08311626E-02  8.77149985E-04
1.80214152E-01  7.88091943E-02  8.58602056E-04
1.80512767E-01  7.89127946E-02  8.67855095E-04
1.80811382E-01  7.61808529E-02  8.50400131E-04
1.81109997E-01  7.70903155E-02  8.47504591E-04
1.81408612E-01  7.60465115E-02  8.50225799E-04
1.81707227E-01  7.52876922E-02  8.41163856E-04
1.82005842E-01  7.54101053E-02  8.41848785E-04
1.82304457E-01  7.39049390E-02  8.28720280E-04
1.82603072E-01  7.36071020E-02  8.30619072E-04
1.82901687E-01  7.37948194E-02  8.37550615E-04
1.83200302E-01  7.10742772E-02  8.14581523E-04
1.83498917E-01  7.12084398E-02  8.12128535E-04
1.83797532E-01  7.32464194E-02  8.22318892E-04
1.84096147E-01  7.04495311E-02  8.13969644E-04
1.84394762E-01  7.14688897E-02  8.21210269E-04
1.84693377E-01  6.97985217E-02  8.05910211E-04
1.84991992E-01  7.01304600E-02  8.12128244E-04
1.85290607E-01  7.02943876E-02  8.02696333E-04
1.85589222E-01  6.99298233E-02  8.06405558E-04
1.85887837E-01  6.84170052E-02  7.95277825E-04
1.86186452E-01  6.86829984E-02  7.95259664E-04
1.86485067E-01  6.85622767E-02  7.98749214E-04
1.86783682E-01  6.69362843E-02  7.86886900E-04
1.87082297E-01  6.69996217E-02  7.90641992E-04
1.87380912E-01  6.72105923E-02  7.86694407E-04
1.87679527E-01  6.54992238E-02  7.70099636E-04
1.87978142E-01  6.57190904E-02  7.80987786E-04
1.88276757E-01  6.58610910E-02  7.80035916E-04
1.88575372E-01  6.54159039E-02  7.79700582E-04
1.88873987E-01  6.58271313E-02  7.77292997E-04
1.89172602E-01  6.43891543E-02  7.64535624E-04
1.89471217E-01  6.49985820E-02  7.73902342E-04
1.89769832E-01  6.41642809E-02  7.70940329E-04
1.90068447E-01  6.43410683E-02  7.61073083E-04
1.90367062E-01  6.41618371E-02  7.67154677E-04
1.90665677E-01  6.45375326E-02  7.67651480E-04
1.90964292E-01  6.41604289E-02  7.63922930E-04
1.91262907E-01  6.28049374E-02  7.59003276E-04
1.91561522E-01  6.40409812E-02  7.56888301E-04
1.91860137E-01  6.47480190E-02  7.71411287E-04
1.92158752E-01  6.50162995E-02  7.69006438E-04
1.92457367E-01  6.21298738E-02  7.52716267E-04
1.92755982E-01  6.15754984E-02  7.46218953E-04
1.93054597E-01  6.26961663E-02  7.53463944E-04
1.93353212E-01  6.34295568E-02  7.53992586E-04
1.93651827E-01  6.18328042E-02  7.52382039E-04
1.93950442E-01  6.26062602E-02  7.52927386E-04
1.94249057E-01  6.10729046E-02  7.38449045E-04
1.94547672E-01  6.05112575E-02  7.40701216E-04
1.94846287E-01  6.07122593E-02  7.40503543E-04
1.95144902E-01  6.15731254E-02  7.49833125E-04
1.95443517E-01  6.31766543E-02  7.43563578E-04
1.95742132E-01  6.21987693E-02  7.48080784E-04
1.96040747E-01  6.13272749E-02  7.44249905E-04
1.96339362E-01  6.18579499E-02  7.49146973E-04
1.96637977E-01  6.20085225E-02  7.42683595E-04
1.96936592E-01  6.09319434E-02  7.37607828E-04
1.97235207E-01  6.17195554E-02  7.44962075E-04
1.97533822E-01  6.16701208E-02  7.41829921E-04
1.97832437E-01  6.22160546E-02  7.47478218E-04
1.98131052E-01  6.10074587E-02  7.36206071E-04
1.98429667E-01  6.19510859E-02  7.42581789E-04
1.98728282E-01  6.10910729E-02  7.39751034E-04
1.99026897E-01  6.17572144E-02  7.39090785E-04
1.99325512E-01  6.06165715E-02  7.34544010E-04
1.99624127E-01  6.14769645E-02  7.39506446E-04
1.99922742E-01  6.21048063E-02  7.41870608E-04
2.00221357E-01  6.19915091E-02  7.45426281E-04
2.00519972E-01  6.20902590E-02  7.38542003E-04
2.00818587E-01  6.17027506E-02  7.35547568E-04
2.01117202E-01  6.10748567E-02  7.38958945E-04
2.01415817E-01  6.14895560E-02  7.34049943E-04
2.01714432E-01  6.20422401E-02  7.40806165E-04
2.02013047E-01  6.25141561E-02  7.40603777E-04
2.02311662E-01  6.32014498E-02  7.47697486E-04
2.02610277E-01  6.24627359E-02  7.45189842E-04
2.02908892E-01  6.38011917E-02  7.44952762E-04
2.03207507E-01  6.22481629E-02  7.38801842E-04
2.03506122E-01  6.32004365E-02  7.43277371E-04
2.03804737E-01  6.22938462E-02  7.38616043E-04
2.04103352E-01  6.34415299E-02  7.47717510E-04
2.04401967E-01  6.39339536E-02  7.49678002E-04
2.04700582E-01  6.44003898E-02  7.45922676E-04
2.04999197E-01  6.41758889E-02  7.46685721E-04
2.05297812E-01  6.52051419E-02  7.59948103E-04
2.05596427E-01  6.45926595E-02  7.50266365E-04
2.05895042E-01  6.44761547E-02  7.51451997E-04
2.06193657E-01  6.59366846E-02  7.55005691E-04
2.06492272E-01  6.46802559E-02  7.46863312E-04
2.06790887E-01  6.67460933E-02  7.67196470E-04
2.07089502E-01  6.54346272E-02  7.47105049E-04
2.07388117E-01  6.51812628E-02  7.55321933E-04
2.07686732E-01  6.74031153E-02  7.65006582E-04
2.07985347E-01  6.63631633E-02  7.56524038E-04
2.08283962E-01  6.79812506E-02  7.67574122E-04
2.08582577E-01  6.78793415E-02  7.61632225E-04
2.08881192E-01  6.85199648E-02  7.68723548E-04
2.09179807E-01  6.71008602E-02  7.64238765E-04
2.09478422E-01  6.82340786E-02  7.61548697E-04
2.09777037E-01  6.81877136E-02  7.69219187E-04
2.10075652E-01  6.99080005E-02  7.71534455E-04
2.10374267E-01  7.01736063E-02  7.82756717E-04
2.10672882E-01  7.06268698E-02  7.82860618E-04
2.10971497E-01  7.11089373E-02  7.72786268E-04
2.11270112E-01  7.18657076E-02  7.88971258E-04
2.11568727E-01  7.03100711E-02  7.72358326E-04
2.11867342E-01  7.08261728E-02  7.82526040E-04
2.12165957E-01  7.06501976E-02  7.74693734E-04
2.12464572E-01  7.06755668E-02  7.74134591E-04
2.12763187E-01  6.94193020E-02  7.70944986E-04
2.13061802E-01  7.07803220E-02  7.77758774E-04
2.13360417E-01  7.10756108E-02  7.82232324E-04
2.13659032E-01  7.06332177E-02  7.71590683E-04
2.13957647E-01  6.90032244E-02  7.63551099E-04
2.14256262E-01  7.12239668E-02  7.79253780E-04
2.14554877E-01  6.93787634E-02  7.64483993E-04
2.14853492E-01  6.96376935E-02  7.67057762E-04
2.15152107E-01  6.93364963E-02  7.64482538E-04
2.15450722E-01  6.82219863E-02  7.65910954E-04
2.15749337E-01  6.80752322E-02  7.59775750E-04
2.16047952E-01  6.85713813E-02  7.60029885E-04
2.16346567E-01  6.87127560E-02  7.61269592E-04
2.16645182E-01  6.73400685E-02  7.49380386E-04
2.16943797E-01  6.57472759E-02  7.44441291E-04
2.17242412E-01  6.65899888E-02  7.54176581E-04
2.17541027E-01  6.55854270E-02  7.36728951E-04
2.17839642E-01  6.36356175E-02  7.38154806E-04
2.18138257E-01  6.16941042E-02  7.13286223E-04
2.18436872E-01  6.22686185E-02  7.24053709E-04
2.18735487E-01  6.23012893E-02  7.20595301E-04
2.19034102E-01  6.01389743E-02  7.08400330E-04
2.19332717E-01  5.92419468E-02  7.07722909E-04
2.19631332E-01  5.87907061E-02  7.02081830E-04
2.19929947E-01  5.94546422E-02  7.03322119E-04
2.20228562E-01  5.77073470E-02  6.90672721E-04
2.20527177E-01  5.69197349E-02  6.89594308E-04
2.20825792E-01  5.64020313E-02  6.87267690E-04
2.21124407E-01  5.46371937E-02  6.74430456E-04
2.21423022E-01  5.37890978E-02  6.67994318E-04
2.21721637E-01  5.15940674E-02  6.52880233E-04
2.22020252E-01  5.29099107E-02  6.60960912E-04
2.22318867E-01  5.22123948E-02  6.60863472E-04
2.22617482E-01  5.06750457E-02  6.43469917E-04
2.22916097E-01  5.04602268E-02  6.50842441E-04
2.23214712E-01  5.02523482E-02  6.42836036E-04
2.23513327E-01  4.78770547E-02  6.31713541E-04
2.23811942E-01  4.78563122E-02  6.28059381E-04
2.24110557E-01  4.75332811E-02  6.23390661E-04
2.24409172E-01  4.55137193E-02  6.14657532E-04
2.24707787E-01  4.82534170E-02  6.26826310E-04
2.25006402E-01  4.59942222E-02  6.19173632E-04
2.25305017E-01  4.64662611E-02  6.11239462E-04
2.25603632E-01  4.66337577E-02  6.20901003E-04
2.25902247E-01  4.43736911E-02  6.06381334E-04
2.26200862E-01  4.51457053E-02  6.08247123E-04
2.26499477E-01  4.45075706E-02  6.01838459E-04
2.26798092E-01  4.42773104E-02  6.03600696E-04
2.27096707E-01  4.44357842E-02  6.03800581E-04
2.27395322E-01  4.39645909E-02  6.02877175E-04
2.27693937E-01  4.25365083E-02  5.85666799E-04
2.27992552E-01  4.32285741E-02  5.92450262E-04
2.28291167E-01  4.22382131E-02  5.85288566E-04
2.28589782E-01  4.26002815E-02  5.92585769E-04
2.28888397E-01  4.29175124E-02  5.92713186E-04
2.29187012E-01  4.30279970E-02  5.88541792E-04
2.29485627E-01  4.28066216E-02  5.89218340E-04
2.29784242E-01  4.21649404E-02  5.87497081E-04
2.30082857E-01  4.25140820E-02  5.86024951E-04
2.30381472E-01  4.22237068E-02  5.82853565E-04
2.30680087E-01  4.18596193E-02  5.81832719E-04
2.30978702E-01  4.34125513E-02  5.92528260E-04
2.31277317E-01  4.17617038E-02  5.81822183E-04
2.31575932E-01  4.15515453E-02  5.80190797E-04
2.31874547E-01  4.25282605E-02  5.82469627E-04
2.32173162E-01  4.20071818E-02  5.81696455E-04
2.32471777E-01  4.20790091E-02  5.83362591E-04
2.32770392E-01  4.25223894E-02  5.84420864E-04
2.33069007E-01  4.20810319E-02  5.81050175E-04
2.33367622E-01  4.25128043E-02  5.81876026E-04
2.33666237E-01  4.22413722E-02  5.84995432E-04
2.33964852E-01  4.32075970E-02  5.87111805E-04
2.34263467E-01  4.31918204E-02  5.87005808E-04
2.34562082E-01  4.38140556E-02  5.92731638E-04
2.34860697E-01  4.38889675E-02  5.92229597E-04
2.35159312E-01  4.34522517E-02  5.89946227E-04
2.35457927E-01  4.43196073E-02  5.92616154E-04
2.35756542E-01  4.39501517E-02  5.87833696E-04
2.36055157E-01  4.28111330E-02  5.85083093E-04
2.36353772E-01  4.46623825E-02  5.97092789E-04
2.36652387E-01  4.34214547E-02  5.91933436E-04
2.36951002E-01  4.45403270E-02  5.88661525E-04
2.37249617E-01  4.43633460E-02  5.96786325E-04
2.37548232E-01  4.42970954E-02  5.93643403E-04
2.37846847E-01  4.45366651E-02  5.93242410E-04
2.38145462E-01  4.60793190E-02  6.02923799E-04
2.38444077E-01  4.58191521E-02  5.97223523E-04
2.38742692E-01  4.51253913E-02  6.02583110E-04
2.39041307E-01  4.67184559E-02  6.07604859E-04
2.39339922E-01  4.59299535E-02  6.01278327E-04
2.39638537E-01  4.55577821E-02  5.99340769E-04
2.39937152E-01  4.63552736E-02  6.02881482E-04
2.40235767E-01  4.61026318E-02  6.05461595E-04
2.40534382E-01  4.63523380E-02  6.03200519E-04
2.40832997E-01  4.67331000E-02  6.04329805E-04
2.41131612E-01  4.57300991E-02  6.00983913E-04
2.41430227E-01  4.70406041E-02  6.04477245E-04
2.41728842E-01  4.67881523E-02  6.08923496E-04
2.42027457E-01  4.66934480E-02  6.00264117E-04
2.42326072E-01  4.69064713E-02  6.03951514E-04
2.42624687E-01  4.69631031E-02  6.10064773E-04
2.42923302E-01  4.68461849E-02  6.05741516E-04
2.43221917E-01  4.70233932E-02  6.01235661E-04
2.43520532E-01  4.69773263E-02  6.03415072E-04
2.43819147E-01  4.72259335E-02  6.05510431E-04
2.44117762E-01  4.77115922E-02  6.11486146E-04
2.44416377E-01  4.68962491E-02  6.07762195E-04
2.44714992E-01  4.64157984E-02  5.96694823E-04
2.45013607E-01  4.69885916E-02  6.06670626E-04
2.45312222E-01  4.76904847E-02  6.07485126E-04
2.45610837E-01  4.55280170E-02  5.95353718E-04
2.45909452E-01  4.61578034E-02  5.93427161E-04
2.46208067E-01  4.49575931E-02  5.90474810E-04
2.46506682E-01  4.58032042E-02  5.94696379E-04
2.46805297E-01  4.46595363E-02  5.91945543E-04
2.47103912E-01  4.49297428E-02  5.86278446E-04
2.47402527E-01  4.51517999E-02  5.87726769E-04
2.47701142E-01  4.51477580E-02  5.91241173E-04
2.47999757E-01  4.54524681E-02  5.92746248E-04
2.48298372E-01  4.26663533E-02  5.77628147E-04
2.48596987E-01  4.33453657E-02  5.71224547E-04
2.48895602E-01  4.39557284E-02  5.79268148E-04
2.49194217E-01  4.19321470E-02  5.66392147E-04
2.49492832E-01  4.30137627E-02  5.74744307E-04
2.49791447E-01  4.03703600E-02  5.58174856E-04
2.50090062E-01  4.04422656E-02  5.54889382E-04
2.50388677E-01  4.04700451E-02  5.59019041E-04
2.50687292E-01  4.05828357E-02  5.57816587E-04
2.50985907E-01  3.89043204E-02  5.43068396E-04
2.51284522E-01  3.91920246E-02  5.48475597E-04
2.51583137E-01  3.85564230E-02  5.40056732E-04
2.51881752E-01  3.78756188E-02  5.37580927E-04
2.52180367E-01  3.72653790E-02  5.33233862E-04
2.52478982E-01  3.79750617E-02  5.36405190E-04
2.52777597E-01  3.69549766E-02  5.30150835E-04
2.53076212E-01  3.64119746E-02  5.26384683E-04
2.53374827E-01  3.65836509E-02  5.29198383E-04
2.53673442E-01  3.60202752E-02  5.18398127E-04
2.53972057E-01  3.49790640E-02  5.14955143E-04
2.54270672E-01  3.47331129E-02  5.13004779E-04
2.54569287E-01  3.50228921E-02  5.17510576E-04
2.54867902E-01  3.50140333E-02  5.14800951E-04
2.55166517E-01  3.38589512E-02  5.03009825E-04
2.55465132E-01  3.35827097E-02  5.03765827E-04
2.55763747E-01  3.38034593E-02  5.05826727E-04
2.56062362E-01  3.33467014E-02  5.02264069E-04
2.56360977E-01  3.23605835E-02  4.91498038E-04
2.56659592E-01  3.21903229E-02  4.88912046E-04
2.56958207E-01  3.21962535E-02  4.92998748E-04
2.57256822E-01  3.28608453E-02  4.97264147E-04
2.57555437E-01  3.15645337E-02  4.85034543E-04
2.57854052E-01  3.18428576E-02  4.88332240E-04
2.58152667E-01  3.11519075E-02  4.84682183E-04
2.58451282E-01  3.21722105E-02  4.92688385E-04
2.58749897E-01  3.04773990E-02  4.75108711E-04
2.59048512E-01  3.15879136E-02  4.84707591E-04
2.59347127E-01  3.10049616E-02  4.79962153E-04
2.59645742E-01  3.13561447E-02  4.85108001E-04
2.59944357E-01  3.07339374E-02  4.81040566E-04
2.60242972E-01  3.04726586E-02  4.72970423E-04
2.60541587E-01  2.98269838E-02  4.72255808E-04
2.60840202E-01  2.98557524E-02  4.71236941E-04
2.61138817E-01  3.05388458E-02  4.77987051E-04
2.61437432E-01  3.05898711E-02  4.76746151E-04
2.61736047E-01  2.99281534E-02  4.69464838E-04
2.62034662E-01  3.01825348E-02  4.73688327E-04
2.62333277E-01  2.90517900E-02  4.64486890E-04
2.62631892E-01  2.95928270E-02  4.66101046E-04
2.62930507E-01  2.97046471E-02  4.67225182E-04
2.63229122E-01  2.89284252E-02  4.61924501E-04
2.63527737E-01  2.83102896E-02  4.59859031E-04
2.63826352E-01  3.02467681E-02  4.71227220E-04
2.64124967E-01  2.85803918E-02  4.58063820E-04
2.64423582E-01  2.89340559E-02  4.61250602E-04
2.64722197E-01  2.97456924E-02  4.65858175E-04
2.65020812E-01  2.89133936E-02  4.63877775E-04
2.65319427E-01  2.97864173E-02  4.64619428E-04
2.65618042E-01  2.85618119E-02  4.59718605E-04
2.65916657E-01  2.86105629E-02  4.58311988E-04
2.66215272E-01  2.86389403E-02  4.57944698E-04
2.66513887E-01  2.95051746E-02  4.65182296E-04
2.66812502E-01  2.82940939E-02  4.52720007E-04
2.67111117E-01  2.83541400E-02  4.56257840E-04
2.67409732E-01  2.79737134E-02  4.52012784E-04
2.67708347E-01  2.84933075E-02  4.56902897E-04
2.68006962E-01  2.94931903E-02  4.64128883E-04
2.68305577E-01  2.84399986E-02  4.54241206E-04
2.68604192E-01  2.82225553E-02  4.53670829E-04
2.68902807E-01  2.84772366E-02  4.55126341E-04
2.69201422E-01  2.84532774E-02  4.52838896E-04
2.69500037E-01  2.88114902E-02  4.57555841E-04
2.69798652E-01  2.84480564E-02  4.54427878E-04
2.70097267E-01  2.86425073E-02  4.58941475E-04
2.70395882E-01  2.81588621E-02  4.48096485E-04
2.70694497E-01  2.85207331E-02  4.54777241E-04
2.70993112E-01  2.78960988E-02  4.50582214E-04
2.71291727E-01  2.87687145E-02  4.57222632E-04
2.71590342E-01  2.81727947E-02  4.53633489E-04
2.71888957E-01  2.87007317E-02  4.52050095E-04
2.72187572E-01  2.87714750E-02  4.55258531E-04
2.72486187E-01  2.83107832E-02  4.52062086E-04
2.72784802E-01  2.81011369E-02  4.51311091E-04
2.73083417E-01  2.80111339E-02  4.46028134E-04
2.73382032E-01  2.84400675E-02  4.52056527E-04
2.73680647E-01  2.83698123E-02  4.53583285E-04
2.73979262E-01  2.81385854E-02  4.49541782E-04
2.74277877E-01  2.87020896E-02  4.52183682E-04
2.74576492E-01  2.85107940E-02  4.51359781E-04
2.74875107E-01  2.78441627E-02  4.47414874E-04
2.75173722E-01  2.83623915E-02  4.52252396E-04
2.75472337E-01  2.82463543E-02  4.46335209E-04
2.75770952E-01  2.84916162E-02  4.52590088E-04
2.76069567E-01  2.82113664E-02  4.45949408E-04
2.76368182E-01  2.88559664E-02  4.57110786E-04
2.76666797E-01  2.82188412E-02  4.50766413E-04
2.76965412E-01  2.83807125E-02  4.46954189E-04
2.77264027E-01  2.83763558E-02  4.50418360E-04
2.77562642E-01  2.81699076E-02  4.44849633E-04
2.77861257E-01  2.82194037E-02  4.51005588E-04
2.78159872E-01  2.84438115E-02  4.46675753E-04
2.78458487E-01  2.85517015E-02  4.49201616E-04
2.78757102E-01  2.88078450E-02  4.54527180E-04
2.79055717E-01  2.85670031E-02  4.49888030E-04
2.79354332E-01  2.93601006E-02  4.55976930E-04
2.79652947E-01  2.86239665E-02  4.50338557E-04
2.79951562E-01  2.95164939E-02  4.53563465E-04
2.80250177E-01  2.95217317E-02  4.59430041E-04
2.80548792E-01  2.93713566E-02  4.55383561E-04
2.80847407E-01  2.87391767E-02  4.48775798E-04
2.81146022E-01  2.92667970E-02  4.54802212E-04
2.81444637E-01  2.87750196E-02  4.52100008E-04
2.81743252E-01  2.91929767E-02  4.53436107E-04
2.82041867E-01  2.90794019E-02  4.48651495E-04
2.82340482E-01  2.96285246E-02  4.56580543E-04
2.82639097E-01  2.93061044E-02  4.54317254E-04
2.82937712E-01  2.94989664E-02  4.55016474E-04
2.83236327E-01  2.95609422E-02  4.55268892E-04
2.83534942E-01  2.99852267E-02  4.56263515E-04
2.83833557E-01  3.02514210E-02  4.60901298E-04
2.84132172E-01  2.95867082E-02  4.55018599E-04
2.84430787E-01  3.05418037E-02  4.64732526E-04
2.84729402E-01  2.95882504E-02  4.51794825E-04
2.85028017E-01  2.95774546E-02  4.54500201E-04
2.85326632E-01  2.90293489E-02  4.53196495E-04
2.85625247E-01  2.90586241E-02  4.46211663E-04
2.85923862E-01  2.95048710E-02  4.53384855E-04
2.86222477E-01  2.94955261E-02  4.52867127E-04
2.86521092E-01  2.96563096E-02  4.54212859E-04
2.86819707E-01  2.99023502E-02  4.59275849E-04
2.87118322E-01  2.92027723E-02  4.47214086E-04
2.87416937E-01  3.00070364E-02  4.55436908E-04
2.87715552E-01  2.91473046E-02  4.48207953E-04
2.88014167E-01  2.96075791E-02  4.54855734E-04
2.88312782E-01  2.98814755E-02  4.56165842E-04
2.88611397E-01  2.96526346E-02  4.49127721E-04
2.88910012E-01  2.99408939E-02  4.57072951E-04
2.89208627E-01  2.89979372E-02  4.47501166E-04
2.89507242E-01  2.99416706E-02  4.54392459E-04
2.89805857E-01  2.91694067E-02  4.46860358E-04
2.90104472E-01  2.90234536E-02  4.45094745E-04
2.90403087E-01  2.94037852E-02  4.52848530E-04
2.90701702E-01  3.03604119E-02  4.56560461E-04
2.91000317E-01  2.89437436E-02  4.45025100E-04
2.91298932E-01  2.86378078E-02  4.43637284E-04
2.91597547E-01  2.94387378E-02  4.50458116E-04
2.91896162E-01  2.91686803E-02  4.48060135E-04
2.92194777E-01  2.91341580E-02  4.46058722E-04
2.92493392E-01  2.86297258E-02  4.42610151E-04
2.92792007E-01  2.92893685E-02  4.48225008E-04
2.93090622E-01  2.95968521E-02  4.50353895E-04
2.93389237E-01  2.93765943E-02  4.48458421E-04
2.93687852E-01  2.91379057E-02  4.43524506E-04
2.93986467E-01  2.91171819E-02  4.46584629E-04
2.94285082E-01  2.88845245E-02  4.42548044E-04
2.94583697E-01  2.89704353E-02  4.46545338E-04
2.94882312E-01  2.89200712E-02  4.43248777E-04
2.95180927E-01  2.88844183E-02  4.40125150E-04
2.95479542E-01  2.86099315E-02  4.42040066E-04
2.95778157E-01  2.93254852E-02  4.45812009E-04
2.96076772E-01  2.90625356E-02  4.44130041E-04
2.96375387E-01  2.87424363E-02  4.41148411E-04
2.96674002E-01  2.91614812E-02  4.44140693E-04
2.96972617E-01  2.93521471E-02  4.48503502E-04
2.97271232E-01  2.93465387E-02  4.48679784E-04
2.97569847E-01  2.91555244E-02  4.47435945E-04
2.97868462E-01  2.87467465E-02  4.45592275E-04
2.98167077E-01  2.86125820E-02  4.46744496E-04
2.98465692E-01  2.88577490E-02  4.51453729E-04
2.98764307E-01  2.92217731E-02  4.50365915E-04
2.99062922E-01  2.86159534E-02  4.48439998E-04
2.99361537E-01  2.81376839E-02  4.46124381E-04
2.99660152E-01  2.89254412E-02  4.53123095E-04
2.99958767E-01  2.81233862E-02  4.47022845E-04
3.00257382E-01  2.83444785E-02  4.50025749E-04
3.00555997E-01  2.79590599E-02  4.46730701E-04
3.00854612E-01  2.79671252E-02  4.46119840E-04
3.01153227E-01  2.81080883E-02  4.50205087E-04
3.01451842E-01  2.83379368E-02  4.49978601E-04
3.01750457E-01  2.84065586E-02  4.55746282E-04
3.02049072E-01  2.86851823E-02  4.54690715E-04
3.02347687E-01  2.95362864E-02  4.70611907E-04
3.02646302E-01  2.91624572E-02  4.73576307E-04
3.02944917E-01  2.90006902E-02  4.72133630E-04
3.03243532E-01  2.84160879E-02  4.76254703E-04
3.03542147E-01  2.87853181E-02  4.80155606E-04
3.03840762E-01  2.76968069E-02  4.70723811E-04
3.04139377E-01  2.87996512E-02  4.86247562E-04
3.04437992E-01  2.82654464E-02  4.77432332E-04
3.04736607E-01  2.76920944E-02  4.80314076E-04
3.05035222E-01  2.84303166E-02  4.82702511E-04
3.05333837E-01  2.74198484E-02  4.77245980E-04
3.05632452E-01  2.85971239E-02  4.91304381E-04
3.05931067E-01  2.76409797E-02  4.80585528E-04
3.06229682E-01  2.73210295E-02  4.82972129E-04
3.06528297E-01  2.86198501E-02  4.89603903E-04
3.06826912E-01  2.88101025E-02  4.97317582E-04
3.07125527E-01  2.85370573E-02  4.96165361E-04
3.07424142E-01  2.81233825E-02  4.91956307E-04
3.07722757E-01  2.74660438E-02  4.90074570E-04
3.08021372E-01  2.77797300E-02  4.88794991E-04
3.08319987E-01  2.85490323E-02  4.91786283E-04
3.08618602E-01  2.87423022E-02  4.88633814E-04
3.08917217E-01  2.79936716E-02  4.75015142E-04
3.09215832E-01  2.78421324E-02  4.77840105E-04
3.09514447E-01  2.72343550E-02  4.65221790E-04
3.09813062E-01  2.88266093E-02  4.79711132E-04
3.10111677E-01  2.78799348E-02  4.69649443E-04
3.10410292E-01  2.82281935E-02  4.66725178E-04
3.10708907E-01  2.79293861E-02  4.68756421E-04
3.11007522E-01  2.77389046E-02  4.60654584E-04
3.11306137E-01  2.83228066E-02  4.71392530E-04
3.11604752E-01  2.75851600E-02  4.59752657E-04
3.11903367E-01  2.83742435E-02  4.65777819E-04
3.12201982E-01  2.65631936E-02  4.50547319E-04
3.12500597E-01  2.80041676E-02  4.58407652E-04
3.12799212E-01  2.75122579E-02  4.58155992E-04
3.13097827E-01  2.76803523E-02  4.56359092E-04
3.13396442E-01  2.71341782E-02  4.51234693E-04
3.13695057E-01  2.76765283E-02  4.58042428E-04
3.13993672E-01  2.82894950E-02  4.58433904E-04
3.14292287E-01  2.75730100E-02  4.53788351E-04
3.14590902E-01  2.72428356E-02  4.49757528E-04
3.14889517E-01  2.74063405E-02  4.51106433E-04
3.15188132E-01  2.70738192E-02  4.50979860E-04
3.15486747E-01  2.79748701E-02  4.52326844E-04
3.15785362E-01  2.79418770E-02  4.55137371E-04
3.16083977E-01  2.73402687E-02  4.46822320E-04
3.16382592E-01  2.75004394E-02  4.50584746E-04
3.16681207E-01  2.73899511E-02  4.47694067E-04
3.16979822E-01  2.75313202E-02  4.48152772E-04
3.17278437E-01  2.76883133E-02  4.50947322E-04
3.17577052E-01  2.69035641E-02  4.43131023E-04
3.17875667E-01  2.71964855E-02  4.51771339E-04
3.18174282E-01  2.86526233E-02  4.67957754E-04
3.18472897E-01  2.71786302E-02  4.62317868E-04
3.18771512E-01  2.72649731E-02  4.61257703E-04
3.19070127E-01  2.78681498E-02  4.69984690E-04
3.19368742E-01  2.77565382E-02  4.69439459E-04
3.19667357E-01  2.80342456E-02  4.72181855E-04
3.19965972E-01  2.82891523E-02  4.75397595E-04
3.20264587E-01  2.80076507E-02  4.75183973E-04
3.20563202E-01  2.66238824E-02  4.62901546E-04
3.20861817E-01  2.69569699E-02  4.66721744E-04
3.21160432E-01  2.73505561E-02  4.68644837E-04
3.21459047E-01  2.80294344E-02  4.78943228E-04
3.21757662E-01  2.80968156E-02  4.76491055E-04
3.22056277E-01  2.70559005E-02  4.67315287E-04
3.22354892E-01  2.72572264E-02  4.73127322E-04
3.22653507E-01  2.71248706E-02  4.70475643E-04
3.22952122E-01  2.69808732E-02  4.73348657E-04
3.23250737E-01  2.70198975E-02  4.64756362E-04
3.23549352E-01  2.72683129E-02  4.72679327E-04
3.23847967E-01  2.76067648E-02  4.77828813E-04
3.24146582E-01  2.70432420E-02  4.71548992E-04
3.24445197E-01  2.63669863E-02  4.65888530E-04
3.24743812E-01  2.72760168E-02  4.73026128E-04
3.25042427E-01  2.72891819E-02  4.78169241E-04
3.25341042E-01  2.69750021E-02  4.70001978E-04
3.25639657E-01  2.62075830E-02  4.65843594E-04
3.25938272E-01  2.77453121E-02  4.80586925E-04
3.26236887E-01  2.69747376E-02  4.70140105E-04
3.26535502E-01  2.64635365E-02  4.72713931E-04
3.26834117E-01  2.73122229E-02  4.74869536E-04
3.27132732E-01  2.71446481E-02  4.75782785E-04
3.27431347E-01  2.71415692E-02  4.76461282E-04
3.27729962E-01  2.68288758E-02  4.71480831E-04
3.28028577E-01  2.77584121E-02  4.87364829E-04
3.28327192E-01  2.78951880E-02  4.76997637E-04
3.28625807E-01  2.75551565E-02  4.81942727E-04
3.28924422E-01  2.76403241E-02  4.82400414E-04
3.29223037E-01  2.58836728E-02  4.64884506E-04
3.29521652E-01  2.73664482E-02  4.79008653E-04
3.29820267E-01  2.73894276E-02  4.77512775E-04
3.30118882E-01  2.68004257E-02  4.77590162E-04
3.30417497E-01  2.71359608E-02  4.77985857E-04
3.30716112E-01  2.75568124E-02  4.78832721E-04
3.31014727E-01  2.74376553E-02  4.78644652E-04
3.31313342E-01  2.72527710E-02  4.75347042E-04
3.31611957E-01  2.68928148E-02  4.77270311E-04
3.31910572E-01  2.70957872E-02  4.75657580E-04
3.32209187E-01  2.77267527E-02  4.79045324E-04
3.32507802E-01  2.66062766E-02  4.74582717E-04
3.32806417E-01  2.72181146E-02  4.73663036E-04
3.33105032E-01  2.73337550E-02  4.79023816E-04
3.33403647E-01  2.65418254E-02  4.68977843E-04
3.33702262E-01  2.66229492E-02  4.69971274E-04
3.34000877E-01  2.73625180E-02  4.76176036E-04
3.34299492E-01  2.67397724E-02  4.72254324E-04
3.34598107E-01  2.68542413E-02  4.73685330E-04
3.34896722E-01  2.78234370E-02  4.77519265E-04
3.35195337E-01  2.79206447E-02  4.79328795E-04
3.35493952E-01  2.66348254E-02  4.70915227E-04
3.35792567E-01  2.68777627E-02  4.71394655E-04
3.36091182E-01  2.70231720E-02  4.73362801E-04
3.36389797E-01  2.73412429E-02  4.73233085E-04
3.36688412E-01  2.80764755E-02  4.82644537E-04
3.36987027E-01  2.81934049E-02  4.80693561E-04
3.37285642E-01  2.78461259E-02  4.79678041E-04
3.37584257E-01  2.68838089E-02  4.72009095E-04
3.37882872E-01  2.71511283E-02  4.72139975E-04
3.38181487E-01  2.82763429E-02  4.83656710E-04
3.38480102E-01  2.69910134E-02  4.65500721E-04
3.38778717E-01  2.70722751E-02  4.72558400E-04
3.39077332E-01  2.71473937E-02  4.71291889E-04
3.39375947E-01  2.71236598E-02  4.70950821E-04
3.39674562E-01  2.65627075E-02  4.69054008E-04
3.39973177E-01  2.74980105E-02  4.72282059E-04
3.40271792E-01  2.76769195E-02  4.77117341E-04
3.40570407E-01  2.70725321E-02  4.71058214E-04
3.40869022E-01  2.67701522E-02  4.65726363E-04
3.41167637E-01  2.72746421E-02  4.71586100E-04
3.41466252E-01  2.71816999E-02  4.67954989E-04
3.41764867E-01  2.69824248E-02  4.71925596E-04
3.42063482E-01  2.80260630E-02  4.77216556E-04
3.42362097E-01  2.64370777E-02  4.60979383E-04
3.42660712E-01  2.75417063E-02  4.74857021E-04
3.42959327E-01  2.75081489E-02  4.69693216E-04
3.43257942E-01  2.74274182E-02  4.73873632E-04
3.43556557E-01  2.73832809E-02  4.69965104E-04
3.43855172E-01  2.63418704E-02  4.61074960E-04
3.44153787E-01  2.75533944E-02  4.71290929E-04
3.44452402E-01  2.77240425E-02  4.72210813E-04
3.44751017E-01  2.87315175E-02  4.81676660E-04
3.45049632E-01  2.76134796E-02  4.67689300E-04
3.45348247E-01  2.68664788E-02  4.65783756E-04
3.45646862E-01  2.74148304E-02  4.68509796E-04
3.45945477E-01  2.86645163E-02  4.79342445E-04
3.46244092E-01  2.69795340E-02  4.59596602E-04
3.46542707E-01  2.72206999E-02  4.62031923E-04
3.46841322E-01  2.78980974E-02  4.71160252E-04
3.47139937E-01  2.60590203E-02  4.53835673E-04
3.47438552E-01  2.73687150E-02  4.61627584E-04
3.47737167E-01  2.78926603E-02  4.69797145E-04
3.48035782E-01  2.76192576E-02  4.63355565E-04
3.48334397E-01  2.72779725E-02  4.64074896E-04
3.48633012E-01  2.76044384E-02  4.60329786E-04
3.48931627E-01  2.72282772E-02  4.60702810E-04
3.49230242E-01  2.74265762E-02  4.63659992E-04
3.49528857E-01  2.84679271E-02  4.70946485E-04
3.49827472E-01  2.69679986E-02  4.59133706E-04
3.50126087E-01  2.80124135E-02  4.63474338E-04
3.50424702E-01  2.79381480E-02  4.66934667E-04
3.50723317E-01  2.79099271E-02  4.64778306E-04
3.51021932E-01  2.82506570E-02  4.69282590E-04
3.51320547E-01  2.73405090E-02  4.59261209E-04
3.51619162E-01  2.72985548E-02  4.57910850E-04
3.51917777E-01  2.75538154E-02  4.62062657E-04
3.52216392E-01  2.80352291E-02  4.65190882E-04
3.52515007E-01  2.74408534E-02  4.58111695E-04
3.52813622E-01  2.78234258E-02  4.61295538E-04
3.53112237E-01  2.72121821E-02  4.61223419E-04
3.53410852E-01  2.77923644E-02  4.65343794E-04
3.53709467E-01  2.81397719E-02  4.59336850E-04
3.54008082E-01  2.83290260E-02  4.65852238E-04
3.54306697E-01  2.78308019E-02  4.61989664E-04
3.54605312E-01  2.74236333E-02  4.60982788E-04
3.54903927E-01  2.80346591E-02  4.67504113E-04
3.55202542E-01  2.79169586E-02  4.56674257E-04
3.55501157E-01  2.69900709E-02  4.55955014E-04
3.55799772E-01  2.65210308E-02  4.49896877E-04
3.56098387E-01  2.82766689E-02  4.65684367E-04
3.56397002E-01  2.78250538E-02  4.61576361E-04
3.56695617E-01  2.69956198E-02  4.49677231E-04
3.56994232E-01  2.80833337E-02  4.67018894E-04
3.57292847E-01  2.85475925E-02  4.63286036E-04
3.57591462E-01  2.74705496E-02  4.57271264E-04
3.57890077E-01  2.71703452E-02  4.53912071E-04
3.58188692E-01  2.83978414E-02  4.62196709E-04
3.58487307E-01  2.78763976E-02  4.64155572E-04
3.58785922E-01  2.75988635E-02  4.53722518E-04
3.59084537E-01  2.72436086E-02  4.55263129E-04
3.59383152E-01  2.81499159E-02  4.61040559E-04
3.59681767E-01  2.75600012E-02  4.56551788E-04
3.59980382E-01  2.71229725E-02  4.57222544E-04
3.60278997E-01  2.65566576E-02  4.42980265E-04
3.60577612E-01  2.72515416E-02  4.55459289E-04
3.60876227E-01  2.79768333E-02  4.59874165E-04
3.61174842E-01  2.76145097E-02  4.54102497E-04
3.61473457E-01  2.68455390E-02  4.47736675E-04
3.61772072E-01  2.75134631E-02  4.54597262E-04
3.62070687E-01  2.76108924E-02  4.58212919E-04
3.62369302E-01  2.69832220E-02  4.49720392E-04
3.62667917E-01  2.77781617E-02  4.56177280E-04
3.62966532E-01  2.75952686E-02  4.53234912E-04
3.63265147E-01  2.80554909E-02  4.58694994E-04
3.63563762E-01  2.73202211E-02  4.52766049E-04
3.63862377E-01  2.70442888E-02  4.48809908E-04
3.64160992E-01  2.81615406E-02  4.58350754E-04
3.64459607E-01  2.76164599E-02  4.54134570E-04
3.64758222E-01  2.72432379E-02  4.51056869E-04
3.65056837E-01  2.63936091E-02  4.44674748E-04
3.65355452E-01  2.72289645E-02  4.47641418E-04
3.65654067E-01  2.77280714E-02  4.55539004E-04
3.65952682E-01  2.76770201E-02  4.51783155E-04
3.66251297E-01  2.71537844E-02  4.51998436E-04
3.66549912E-01  2.76029445E-02  4.51416767E-04
3.66848527E-01  2.79094707E-02  4.51564643E-04
3.67147142E-01  2.67187394E-02  4.48248000E-04
3.67445757E-01  2.81942617E-02  4.55636007E-04
3.67744372E-01  2.79424321E-02  4.54784575E-04
3.68042987E-01  2.79586837E-02  4.53968067E-04
3.68341602E-01  2.76265014E-02  4.51500237E-04
3.68640217E-01  2.76206601E-02  4.53590736E-04
3.68938832E-01  2.71649789E-02  4.44135512E-04
3.69237447E-01  2.77896281E-02  4.52717504E-04
3.69536062E-01  2.81009953E-02  4.53241868E-04
3.69834677E-01  2.72854157E-02  4.49298648E-04
3.70133292E-01  2.80240700E-02  4.56657959E-04
3.70431907E-01  2.76388358E-02  4.47654835E-04
3.70730522E-01  2.82036830E-02  4.55609814E-04
3.71029137E-01  2.69092806E-02  4.42505465E-04
3.71327752E-01  2.76609715E-02  4.50621563E-04
3.71626367E-01  2.73473896E-02  4.47596714E-04
3.71924982E-01  2.70637237E-02  4.44924895E-04
3.72223597E-01  2.71923449E-02  4.48191626E-04
3.72522212E-01  2.68259291E-02  4.40242817E-04
3.72820827E-01  2.74982024E-02  4.47791710E-04
3.73119442E-01  2.75344681E-02  4.48203995E-04
3.73418057E-01  2.68192366E-02  4.40192263E-04
3.73716672E-01  2.82126032E-02  4.57007875E-04
3.74015287E-01  2.76186448E-02  4.45230398E-04
3.74313902E-01  2.68950425E-02  4.41495999E-04
3.74612517E-01  2.75437906E-02  4.47940547E-04
3.74911132E-01  2.73210630E-02  4.45438956E-04
3.75209747E-01  2.71216333E-02  4.44497477E-04
3.75508362E-01  2.77048368E-02  4.46272112E-04
3.75806977E-01  2.73607112E-02  4.45080863E-04
3.76105592E-01  2.77448930E-02  4.48081497E-04
3.76404207E-01  2.67014056E-02  4.39801253E-04
3.76702822E-01  2.77851410E-02  4.46697202E-04
3.77001437E-01  2.73098871E-02  4.43199853E-04
3.77300052E-01  2.78147608E-02  4.50268068E-04
3.77598667E-01  2.74905413E-02  4.46602324E-04
3.77897282E-01  2.74163242E-02  4.42717341E-04
3.78195897E-01  2.73977015E-02  4.41898417E-04
3.78494512E-01  2.73655877E-02  4.44337900E-04
3.78793127E-01  2.67579071E-02  4.38595278E-04
3.79091742E-01  2.68358048E-02  4.38343763E-04
3.79390357E-01  2.73814984E-02  4.42443503E-04
3.79688972E-01  2.73736287E-02  4.42605349E-04
3.79987587E-01  2.72058211E-02  4.40468197E-04
3.80286202E-01  2.81037204E-02  4.48812963E-04
3.80584817E-01  2.76451856E-02  4.45138023E-04
3.80883432E-01  2.70887092E-02  4.38859832E-04
3.81182047E-01  2.76110545E-02  4.44415666E-04
3.81480662E-01  2.71385591E-02  4.40709729E-04
3.81779277E-01  2.70652175E-02  4.36592556E-04
3.82077892E-01  2.75397133E-02  4.43957979E-04
3.82376507E-01  2.67452691E-02  4.36515664E-04
3.82675122E-01  2.74049770E-02  4.42649558E-04
3.82973737E-01  2.72773523E-02  4.39842901E-04
3.83272352E-01  2.65692119E-02  4.31293360E-04
3.83570967E-01  2.74375062E-02  4.42023273E-04
3.83869582E-01  2.68622767E-02  4.36050643E-04
3.84168197E-01  2.79725678E-02  4.45866463E-04
3.84466812E-01  2.72066705E-02  4.37963579E-04
3.84765427E-01  2.73501594E-02  4.38571966E-04
3.85064042E-01  2.71001961E-02  4.39970725E-04
3.85362657E-01  2.75103897E-02  4.40405885E-04
3.85661272E-01  2.74445787E-02  4.36840608E-04
3.85959887E-01  2.77754627E-02  4.43967205E-04
3.86258502E-01  2.75313389E-02  4.38722054E-04
3.86557117E-01  2.71962304E-02  4.41762764E-04
3.86855732E-01  2.75405161E-02  4.38256626E-04
3.87154347E-01  2.66705249E-02  4.31067805E-04
3.87452962E-01  2.75284015E-02  4.41884913E-04
3.87751577E-01  2.73443311E-02  4.35410446E-04
3.88050192E-01  2.78196018E-02  4.44218982E-04
3.88348807E-01  2.67083608E-02  4.29164182E-04
3.88647422E-01  2.69492716E-02  4.34609159E-04
3.88946037E-01  2.76318751E-02  4.39210242E-04
3.89244652E-01  2.72930842E-02  4.37375682E-04
3.89543267E-01  2.72787604E-02  4.37370822E-04
3.89841882E-01  2.67974902E-02  4.30096959E-04
3.90140497E-01  2.79369820E-02  4.43500030E-04
3.90439112E-01  2.75044944E-02  4.38963587E-04
3.90737727E-01  2.74457093E-02  4.33792127E-04
3.91036342E-01  2.78607327E-02  4.42568504E-04
3.91334957E-01  2.74780504E-02  4.34683519E-04
3.91633572E-01  2.89414711E-02  4.50290710E-04
3.91932187E-01  2.74375807E-02  4.34260728E-04
3.92230802E-01  2.78269220E-02  4.38613730E-04
3.92529417E-01  2.73306761E-02  4.37584997E-04
3.92828032E-01  2.80296151E-02  4.38605697E-04
3.93126647E-01  2.74174940E-02  4.35912807E-04
3.93425262E-01  2.74373088E-02  4.34583140E-04
3.93723877E-01  2.77003367E-02  4.38804331E-04
3.94022492E-01  2.72016302E-02  4.34517511E-04
3.94321107E-01  2.74677817E-02  4.34195215E-04
3.94619722E-01  2.86969580E-02  4.44021105E-04
3.94918337E-01  2.79076174E-02  4.37554641E-04
3.95216952E-01  2.74299216E-02  4.34957445E-04
3.95515567E-01  2.82231811E-02  4.41634620E-04
3.95814182E-01  2.70438492E-02  4.28351050E-04
3.96112797E-01  2.80584730E-02  4.39595809E-04
3.96411412E-01  2.69755628E-02  4.30193439E-04
3.96710027E-01  2.77840979E-02  4.37124982E-04
3.97008642E-01  2.81704832E-02  4.38030169E-04
3.97307257E-01  2.78151613E-02  4.35890805E-04
3.97605872E-01  2.79021524E-02  4.37738025E-04
3.97904487E-01  2.75140498E-02  4.35743976E-04
3.98203102E-01  2.74159107E-02  4.30268585E-04
3.98501717E-01  2.78258510E-02  4.34513786E-04
3.98800332E-01  2.73615681E-02  4.31600522E-04
3.99098947E-01  2.79466137E-02  4.36612550E-04
3.99397562E-01  2.70592012E-02  4.30979562E-04
3.99696177E-01  2.79680751E-02  4.36362432E-04
3.99994792E-01  2.73066964E-02  4.29933454E-04
4.00293407E-01  2.73620915E-02  4.31716209E-04
4.00592022E-01  2.74623837E-02  4.31263616E-04
4.00890637E-01  2.77743582E-02  4.33604000E-04
4.01189252E-01  2.73498744E-02  4.29867941E-04
4.01487867E-01  2.77440678E-02  4.34830086E-04
4.01786482E-01  2.77594067E-02  4.34324320E-04
4.02085097E-01  2.69067902E-02  4.23952471E-04
4.02383712E-01  2.76116095E-02  4.34949878E-04
4.02682327E-01  2.78096497E-02  4.30704647E-04
4.02980942E-01  2.69725323E-02  4.28027619E-04
4.03279557E-01  2.76975092E-02  4.31983295E-04
4.03578172E-01  2.71175895E-02  4.25115781E-04
4.03876787E-01  2.73209177E-02  4.30477608E-04
4.04175402E-01  2.75758263E-02  4.29303007E-04
4.04474017E-01  2.76422575E-02  4.32279834E-04
4.04772632E-01  2.83917133E-02  4.35816735E-04
4.05071247E-01  2.70845480E-02  4.26171755E-04
4.05369862E-01  2.72607524E-02  4.31462016E-04
4.05668477E-01  2.79233251E-02  4.28677420E-04
4.05967092E-01  2.77026258E-02  4.30807442E-04
4.06265707E-01  2.68767476E-02  4.23636899E-04
4.06564322E-01  2.71933638E-02  4.25624312E-04
4.06862937E-01  2.73142289E-02  4.30853834E-04
4.07161552E-01  2.70624999E-02  4.23109886E-04
4.07460167E-01  2.71866973E-02  4.26986924E-04
4.07758782E-01  2.74958406E-02  4.25691367E-04
4.08057397E-01  2.75947154E-02  4.28559666E-04
4.08356012E-01  2.64026504E-02  4.20789438E-04
4.08654627E-01  2.70087235E-02  4.21908335E-04
4.08953242E-01  2.66995486E-02  4.23855759E-04
4.09251857E-01  2.69375443E-02  4.22241370E-04
4.09550472E-01  2.67046057E-02  4.20610188E-04
4.09849087E-01  2.67232098E-02  4.20955388E-04
4.10147702E-01  2.62705684E-02  4.15529998E-04
4.10446317E-01  2.68116929E-02  4.24248399E-04
4.10744932E-01  2.64130011E-02  4.18411480E-04
4.11043547E-01  2.61194035E-02  4.12520225E-04
4.11342162E-01  2.63612662E-02  4.17906675E-04
4.11640777E-01  2.67399102E-02  4.21689620E-04
4.11939392E-01  2.59643178E-02  4.15921822E-04
4.12238007E-01  2.67239306E-02  4.17561416E-04
4.12536622E-01  2.67410297E-02  4.19832097E-04
4.12835237E-01  2.67526899E-02  4.18368407E-04
4.13133852E-01  2.53492594E-02  4.08859021E-04
4.13432467E-01  2.57037804E-02  4.11326298E-04
4.13731082E-01  2.61654127E-02  4.13659785E-04
4.14029697E-01  2.62589306E-02  4.16232040E-04
4.14328312E-01  2.58331224E-02  4.11503657E-04
4.14626927E-01  2.64062248E-02  4.17206291E-04
4.14925542E-01  2.61412784E-02  4.11482382E-04
4.15224157E-01  2.58422624E-02  4.11962945E-04
4.15522772E-01  2.62363777E-02  4.15770104E-04
4.15821387E-01  2.54851393E-02  4.06942650E-04
4.16120002E-01  2.60163005E-02  4.11920628E-04
4.16418617E-01  2.56009568E-02  4.09471191E-04
4.16717232E-01  2.59308070E-02  4.11341112E-04
4.17015847E-01  2.63810568E-02  4.16341209E-04
4.17314462E-01  2.56304163E-02  4.05049999E-04
4.17613077E-01  2.58780681E-02  4.11021960E-04
4.17911692E-01  2.61078160E-02  4.11516812E-04
4.18210307E-01  2.58396100E-02  4.12340043E-04
4.18508922E-01  2.54247598E-02  4.04896011E-04
4.18807537E-01  2.54042875E-02  4.04826715E-04
4.19106152E-01  2.51021311E-02  4.04820428E-04
4.19404767E-01  2.49958988E-02  4.03685088E-04
4.19703382E-01  2.52152663E-02  4.02223348E-04
4.20001997E-01  2.47534476E-02  4.00344201E-04
4.20300612E-01  2.46508215E-02  3.98060161E-04
4.20599227E-01  2.54477747E-02  4.07699641E-04
4.20897842E-01  2.47088578E-02  3.99257668E-04
4.21196457E-01  2.50365473E-02  4.00802848E-04
4.21495072E-01  2.55391207E-02  4.06562554E-04
4.21793687E-01  2.46693753E-02  3.98307835E-04
4.22092302E-01  2.55593397E-02  4.07660002E-04
4.22390917E-01  2.44502835E-02  3.92981688E-04
4.22689532E-01  2.42880229E-02  3.96939431E-04
4.22988147E-01  2.43710466E-02  3.95090727E-04
4.23286762E-01  2.45495960E-02  3.98982666E-04
4.23585377E-01  2.50227731E-02  4.00070043E-04
4.23883992E-01  2.44246610E-02  3.94459552E-04
4.24182607E-01  2.44022254E-02  3.94457486E-04
4.24481222E-01  2.46030781E-02  3.98329226E-04
4.24779837E-01  2.50697620E-02  4.00361023E-04
4.25078452E-01  2.48788334E-02  3.97311931E-04
4.25377067E-01  2.46635117E-02  3.98368982E-04
4.25675682E-01  2.37158183E-02  3.87743261E-04
4.25974297E-01  2.43017264E-02  3.95529292E-04
4.26272912E-01  2.47984063E-02  3.95171781E-04
4.26571527E-01  2.46239752E-02  3.98146076E-04
4.26870142E-01  2.45867260E-02  3.94716073E-04
4.27168757E-01  2.37361416E-02  3.88439134E-04
4.27467372E-01  2.43351553E-02  3.91992973E-04
4.27765987E-01  2.40952428E-02  3.92428570E-04
4.28064602E-01  2.42579468E-02  3.92074027E-04
4.28363217E-01  2.46759038E-02  3.96505580E-04
4.28661832E-01  2.51193680E-02  3.99425218E-04
4.28960447E-01  2.36922856E-02  3.87306762E-04
4.29259062E-01  2.39258148E-02  3.88690969E-04
4.29557677E-01  2.49716174E-02  3.97629163E-04
4.29856292E-01  2.43092775E-02  3.90664878E-04
4.30154907E-01  2.46637389E-02  3.94380098E-04
4.30453522E-01  2.42122374E-02  3.92155664E-04
4.30752137E-01  2.43842080E-02  3.92579444E-04
4.31050752E-01  2.40269024E-02  3.88137007E-04
4.31349367E-01  2.35714056E-02  3.85124906E-04
4.31647982E-01  2.32048649E-02  3.81950435E-04
4.31946597E-01  2.43320633E-02  3.93220602E-04
4.32245212E-01  2.42971443E-02  3.89715773E-04
4.32543827E-01  2.37762630E-02  3.87490523E-04
4.32842442E-01  2.38530878E-02  3.90300673E-04
4.33141057E-01  2.37746164E-02  3.85421736E-04
4.33439672E-01  2.44882274E-02  3.93693277E-04
4.33738287E-01  2.41156425E-02  3.88608314E-04
4.34036902E-01  2.33641732E-02  3.84468498E-04
4.34335517E-01  2.35205609E-02  3.85324180E-04
4.34634132E-01  2.37504616E-02  3.87636741E-04
4.34932747E-01  2.38157902E-02  3.86190717E-04
4.35231362E-01  2.37159450E-02  3.85637890E-04
4.35529977E-01  2.44129561E-02  3.93450406E-04
4.35828592E-01  2.36351583E-02  3.86527856E-04
4.36127207E-01  2.42451020E-02  3.89231660E-04
4.36425822E-01  2.42873318E-02  3.90261819E-04
4.36724437E-01  2.34951191E-02  3.84186278E-04
4.37023052E-01  2.36042030E-02  3.85249616E-04
4.37321667E-01  2.34218836E-02  3.81563092E-04
4.37620282E-01  2.28203889E-02  3.79392499E-04
4.37918897E-01  2.34581511E-02  3.83889856E-04
4.38217512E-01  2.38004196E-02  3.87370150E-04
4.38516127E-01  2.37129126E-02  3.84269952E-04
4.38814742E-01  2.40797047E-02  3.85287596E-04
4.39113357E-01  2.33501978E-02  3.82841565E-04
4.39411972E-01  2.37498730E-02  3.85934516E-04
4.39710587E-01  2.38110181E-02  3.84900719E-04
4.40009202E-01  2.34513618E-02  3.83419509E-04
4.40307817E-01  2.35299505E-02  3.80705664E-04
4.40606432E-01  2.34830715E-02  3.83681647E-04
4.40905047E-01  2.39284970E-02  3.86194733E-04
4.41203662E-01  2.34094374E-02  3.79651319E-04
4.41502277E-01  2.36005802E-02  3.83205101E-04
4.41800892E-01  2.31189653E-02  3.78694240E-04
4.42099507E-01  2.34353002E-02  3.81528604E-04
4.42398122E-01  2.39120778E-02  3.84380925E-04
4.42696737E-01  2.31685545E-02  3.78441851E-04
4.42995352E-01  2.31213439E-02  3.78885714E-04
4.43293967E-01  2.36912221E-02  3.84626124E-04
4.43592582E-01  2.31708493E-02  3.80463985E-04
4.43891197E-01  2.36979425E-02  3.81086487E-04
4.44189812E-01  2.30867304E-02  3.79440957E-04
4.44488427E-01  2.30197217E-02  3.77068587E-04
4.44787042E-01  2.34346036E-02  3.81871680E-04
4.45085657E-01  2.30324380E-02  3.77175718E-04
4.45384272E-01  2.37661023E-02  3.83723731E-04
4.45682887E-01  2.32492797E-02  3.82215803E-04
4.45981502E-01  2.36484781E-02  3.81774822E-04
4.46280117E-01  2.31639948E-02  3.78670578E-04
4.46578732E-01  2.30086502E-02  3.77647986E-04
4.46877347E-01  2.34359000E-02  3.81892809E-04
4.47175962E-01  2.34899987E-02  3.86173197E-04
4.47474577E-01  2.38579456E-02  3.82720405E-04
4.47773192E-01  2.36333907E-02  3.82830534E-04
4.48071807E-01  2.29824316E-02  3.77522869E-04
4.48370422E-01  2.35632937E-02  3.83358420E-04
4.48669037E-01  2.34519802E-02  3.81446473E-04
4.48967652E-01  2.38156710E-02  3.83973937E-04
4.49266267E-01  2.38842815E-02  3.86135478E-04
4.49564882E-01  2.32369956E-02  3.81036778E-04
4.49863497E-01  2.39486191E-02  3.85217223E-04
4.50162112E-01  2.31068023E-02  3.79719568E-04
4.50460727E-01  2.39724405E-02  3.86853615E-04
4.50759342E-01  2.38520484E-02  3.85967607E-04
4.51057957E-01  2.33906079E-02  3.81712627E-04
4.51356572E-01  2.28401721E-02  3.74731288E-04
4.51655187E-01  2.34086681E-02  3.82875034E-04
4.51953802E-01  2.37314161E-02  3.84065846E-04
4.52252417E-01  2.35440470E-02  3.86383559E-04
4.52551032E-01  2.29449756E-02  3.76907614E-04
4.52849647E-01  2.36677844E-02  3.83639417E-04
4.53148262E-01  2.33508255E-02  3.81063437E-04
4.53446877E-01  2.34984122E-02  3.81848280E-04
4.53745492E-01  2.37204432E-02  3.84492974E-04
4.54044107E-01  2.37211119E-02  3.85263760E-04
4.54342722E-01  2.35483460E-02  3.83267441E-04
4.54641337E-01  2.31514815E-02  3.80865444E-04
4.54939952E-01  2.28893682E-02  3.77371354E-04
4.55238567E-01  2.28718501E-02  3.76980053E-04
4.55537182E-01  2.32126378E-02  3.82389320E-04
4.55835797E-01  2.32399497E-02  3.81598598E-04
4.56134412E-01  2.34040972E-02  3.81932769E-04
4.56433027E-01  2.38244552E-02  3.85773688E-04
4.56731642E-01  2.28655897E-02  3.77184391E-04
4.57030257E-01  2.31107678E-02  3.80711193E-04
4.57328872E-01  2.37416197E-02  3.84937390E-04
4.57627487E-01  2.36710180E-02  3.84196872E-04
4.57926102E-01  2.34839786E-02  3.82930535E-04
4.58224717E-01  2.25316677E-02  3.76417593E-04
4.58523332E-01  2.29574814E-02  3.78700235E-04
4.58821947E-01  2.29776129E-02  3.76631593E-04
4.59120562E-01  2.30707079E-02  3.80982878E-04
4.59419177E-01  2.25915425E-02  3.76839889E-04
4.59717792E-01  2.34613474E-02  3.83942155E-04
4.60016407E-01  2.36310046E-02  3.84053623E-04
4.60315022E-01  2.33345069E-02  3.81050893E-04
4.60613637E-01  2.34768093E-02  3.83732986E-04
4.60912252E-01  2.37623192E-02  3.87263281E-04
4.61210867E-01  2.29802635E-02  3.78818426E-04
4.61509482E-01  2.31479127E-02  3.84201034E-04
4.61808097E-01  2.29249652E-02  3.90981091E-04
4.62106712E-01  2.30202153E-02  3.93464841E-04
4.62405327E-01  2.35392936E-02  4.01516736E-04
4.62703942E-01  2.37286743E-02  4.02643869E-04
4.63002557E-01  2.25383677E-02  3.99613928E-04
4.63301172E-01  2.34181825E-02  4.08774591E-04
4.63599787E-01  2.29187589E-02  4.06550156E-04
4.63898402E-01  2.25413851E-02  4.05051280E-04
4.64197017E-01  2.21909918E-02  4.02409729E-04
4.64495632E-01  2.23049242E-02  4.08526044E-04
4.64794247E-01  2.35319864E-02  4.20281052E-04
4.65092862E-01  2.24652775E-02  4.08594671E-04
4.65391477E-01  2.28009578E-02  4.17821459E-04
4.65690092E-01  2.23755985E-02  4.13795700E-04
4.65988707E-01  2.28628647E-02  4.21941862E-04
4.66287322E-01  2.28696223E-02  4.22354380E-04
4.66585937E-01  2.29359306E-02  4.23434569E-04
4.66884552E-01  2.36671660E-02  4.35452734E-04
4.67183167E-01  2.36597825E-02  4.37245355E-04
4.67481782E-01  2.23475639E-02  4.19714197E-04
4.67780397E-01  2.27116682E-02  4.29133564E-04
4.68079012E-01  2.41099540E-02  4.43674711E-04
4.68377627E-01  2.29871478E-02  4.35741065E-04
4.68676242E-01  2.38917377E-02  4.45273559E-04
4.68974857E-01  2.28380021E-02  4.35345341E-04
4.69273472E-01  2.38411427E-02  4.49034327E-04
4.69572087E-01  2.27246154E-02  4.37092676E-04
4.69870702E-01  2.29999758E-02  4.41572978E-04
4.70169317E-01  2.31594816E-02  4.45374666E-04
4.70467932E-01  2.31634919E-02  4.46360616E-04
4.70766547E-01  2.26419289E-02  4.45935439E-04
4.71065162E-01  2.29001865E-02  4.48334322E-04
4.71363777E-01  2.25577895E-02  4.41969896E-04
4.71662392E-01  2.29116213E-02  4.50548512E-04
4.71961007E-01  2.28331108E-02  4.51190834E-04
4.72259622E-01  2.30962820E-02  4.57105722E-04
4.72558237E-01  2.31202226E-02  4.54738503E-04
4.72856852E-01  2.20806524E-02  4.37949609E-04
4.73155467E-01  2.28340104E-02  4.41985379E-04
4.73454082E-01  2.37074103E-02  4.45018348E-04
4.73752697E-01  2.35967338E-02  4.37201496E-04
4.74051312E-01  2.29589399E-02  4.31501103E-04
4.74349927E-01  2.30630655E-02  4.29904176E-04
4.74648542E-01  2.29560398E-02  4.29028645E-04
4.74947157E-01  2.36268323E-02  4.31005930E-04
4.75245772E-01  2.39404477E-02  4.33138368E-04
4.75544387E-01  2.36141272E-02  4.29347740E-04
4.75843002E-01  2.36247797E-02  4.30395972E-04
4.76141617E-01  2.30674986E-02  4.21574747E-04
4.76440232E-01  2.28258520E-02  4.19476652E-04
4.76738847E-01  2.32349411E-02  4.21618024E-04
4.77037462E-01  2.33291872E-02  4.22702346E-04
4.77336077E-01  2.24537849E-02  4.15597082E-04
4.77634692E-01  2.40387097E-02  4.26215556E-04
4.77933307E-01  2.28529442E-02  4.16127557E-04
4.78231922E-01  2.30620112E-02  4.15481161E-04
4.78530537E-01  2.27004699E-02  4.16189723E-04
4.78829152E-01  2.33572051E-02  4.15835151E-04
4.79127767E-01  2.31891628E-02  4.15752700E-04
4.79426382E-01  2.32373457E-02  4.18504147E-04
4.79724997E-01  2.37538666E-02  4.21231409E-04
4.80023612E-01  2.34486051E-02  4.17528528E-04
4.80322227E-01  2.26342920E-02  4.08505322E-04
4.80620842E-01  2.30019540E-02  4.13862232E-04
4.80919457E-01  2.31244043E-02  4.13661910E-04
4.81218072E-01  2.41028387E-02  4.21884062E-04
4.81516687E-01  2.30350848E-02  4.13189555E-04
4.81815302E-01  2.33349092E-02  4.11799643E-04
4.82113917E-01  2.34154146E-02  4.17135976E-04
4.82412532E-01  2.30721831E-02  4.10956243E-04
4.82711147E-01  2.28664298E-02  4.08068940E-04
4.83009762E-01  2.28794366E-02  4.09345317E-04
4.83308377E-01  2.35114768E-02  4.15823073E-04
4.83606992E-01  2.30890084E-02  4.09634667E-04
4.83905607E-01  2.24424116E-02  4.05108236E-04
4.84204222E-01  2.26519741E-02  4.05016472E-04
4.84502837E-01  2.32827161E-02  4.13266505E-04
4.84801452E-01  2.27744281E-02  4.06945823E-04
4.85100067E-01  2.31636893E-02  4.07700252E-04
4.85398682E-01  2.38747429E-02  4.16237075E-04
4.85697297E-01  2.37345342E-02  4.14802518E-04
4.85995912E-01  2.38471664E-02  4.16962052E-04
4.86294527E-01  2.31357813E-02  4.07461572E-04
4.86593142E-01  2.33932845E-02  4.10661363E-04
4.86891757E-01  2.31416170E-02  4.09281754E-04
4.87190372E-01  2.34575644E-02  4.12489520E-04
4.87488987E-01  2.27726847E-02  4.02630889E-04
4.87787602E-01  2.28321608E-02  4.06230218E-04
4.88086217E-01  2.29568612E-02  4.05380677E-04
4.88384832E-01  2.33135764E-02  4.09451430E-04
4.88683447E-01  2.32591964E-02  4.10016830E-04
4.88982062E-01  2.26340480E-02  4.01815953E-04
4.89280677E-01  2.33705565E-02  4.10895998E-04
4.89579292E-01  2.30912138E-02  4.06676641E-04
4.89877907E-01  2.30903737E-02  4.06158273E-04
4.90176522E-01  2.27544103E-02  4.02182108E-04
4.90475137E-01  2.33429298E-02  4.08583001E-04
4.90773752E-01  2.31079087E-02  4.06215404E-04
4.91072367E-01  2.25680284E-02  4.01848898E-04
4.91370982E-01  2.31907722E-02  4.06230974E-04
4.91669597E-01  2.32299101E-02  4.07291634E-04
4.91968212E-01  2.33312827E-02  4.09006141E-04
4.92266827E-01  2.28935704E-02  4.04641760E-04
4.92565442E-01  2.30314862E-02  4.03626589E-04
4.92864057E-01  2.27264035E-02  4.02252976E-04
4.93162672E-01  2.27853507E-02  4.03485988E-04
4.93461287E-01  2.31285114E-02  4.06514766E-04
4.93759902E-01  2.37249341E-02  4.08443972E-04
4.94058517E-01  2.35604439E-02  4.08959080E-04
4.94357132E-01  2.29646452E-02  4.02950536E-04
4.94655747E-01  2.32249480E-02  4.08399064E-04
4.94954362E-01  2.30996720E-02  4.02235601E-04
4.95252977E-01  2.30483636E-02  4.04295017E-04
4.95551592E-01  2.34802831E-02  4.09297791E-04
4.95850207E-01  2.33600065E-02  4.07634914E-04
4.96148822E-01  2.26830225E-02  3.98992968E-04
4.96447437E-01  2.38602608E-02  4.11567366E-04
4.96746052E-01  2.36993078E-02  4.09461674E-04
4.97044667E-01  2.25775409E-02  4.02273436E-04
4.97343282E-01  2.22487748E-02  3.94479343E-04
4.97641897E-01  2.29573902E-02  4.00122139E-04
4.97940512E-01  2.27468535E-02  4.02362901E-04
4.98239127E-01  2.26519089E-02  4.00120509E-04
4.98537742E-01  2.30550338E-02  4.04474267E-04
4.98836357E-01  2.33309958E-02  4.04367631E-04
4.99134972E-01  2.28080023E-02  4.01502039E-04
4.99433587E-01  2.32156608E-02  4.06293111E-04
4.99732202E-01  2.35064607E-02  4.06493957E-04
5.00030817E-01  2.27683652E-02  3.99568031E-04
5.00329432E-01  2.26632729E-02  3.99636017E-04
5.00628047E-01  2.28748880E-02  4.01499216E-04
5.00926662E-01  2.29356028E-02  4.04249673E-04
5.01225277E-01  2.26154272E-02  3.96761869E-04
5.01523892E-01  2.34855134E-02  4.04622057E-04
5.01822507E-01  2.29331218E-02  4.01717727E-04
5.02121122E-01  2.27888189E-02  4.01350961E-04
5.02419737E-01  2.30056215E-02  4.02555626E-04
5.02718352E-01  2.33137328E-02  4.05042985E-04
5.03016967E-01  2.31546704E-02  4.03560523E-04
5.03315582E-01  2.35223677E-02  4.07868240E-04
5.03614197E-01  2.34454237E-02  4.03991318E-04
5.03912812E-01  2.20923685E-02  3.94004368E-04
5.04211427E-01  2.33376492E-02  4.04058344E-04
5.04510042E-01  2.31226869E-02  4.04294668E-04
5.04808657E-01  2.26680003E-02  3.96951829E-04
5.05107272E-01  2.34680437E-02  4.06194216E-04
5.05405887E-01  2.31580008E-02  4.01912956E-04
5.05704502E-01  2.36230511E-02  4.09061002E-04
5.06003117E-01  2.36397386E-02  4.06977255E-04
5.06301732E-01  2.27696635E-02  3.99222103E-04
5.06600347E-01  2.35544294E-02  4.04550519E-04
5.06898962E-01  2.27297097E-02  4.00061836E-04
5.07197577E-01  2.32563261E-02  4.05578758E-04
5.07496192E-01  2.29640994E-02  3.98188102E-04
5.07794807E-01  2.36646906E-02  4.09536500E-04
5.08093422E-01  2.31216513E-02  4.02009289E-04
5.08392037E-01  2.33467147E-02  4.04761668E-04
5.08690652E-01  2.26026438E-02  3.96111136E-04
5.08989267E-01  2.29055937E-02  4.00132034E-04
5.09287882E-01  2.33042538E-02  4.05000523E-04
5.09586497E-01  2.30231099E-02  4.00963210E-04
5.09885112E-01  2.25082375E-02  3.96163727E-04
5.10183727E-01  2.29273904E-02  4.00329591E-04
5.10482342E-01  2.35755965E-02  4.05153143E-04
5.10780957E-01  2.26649195E-02  3.98428063E-04
5.11079572E-01  2.31270790E-02  4.01678873E-04
5.11378187E-01  2.29851101E-02  4.00544435E-04
5.11676802E-01  2.32659895E-02  4.05994331E-04
5.11975417E-01  2.20772587E-02  3.91499838E-04
5.12274032E-01  2.27343477E-02  3.97869735E-04
5.12572647E-01  2.24752035E-02  3.95889045E-04
5.12871262E-01  2.25594211E-02  3.96145275E-04
5.13169877E-01  2.29415670E-02  4.02359816E-04
5.13468492E-01  2.25445349E-02  3.94185830E-04
5.13767107E-01  2.32934747E-02  4.02149919E-04
5.14065722E-01  2.35705785E-02  4.06934007E-04
5.14364337E-01  2.28312314E-02  3.99810262E-04
5.14662952E-01  2.32253633E-02  4.02355567E-04
5.14961567E-01  2.32349429E-02  4.01259051E-04
5.15260182E-01  2.31882613E-02  4.03228390E-04
5.15558797E-01  2.33772881E-02  4.03476704E-04
5.15857412E-01  2.40941085E-02  4.09316504E-04
5.16156027E-01  2.33769342E-02  4.04072896E-04
5.16454642E-01  2.26031728E-02  3.97526921E-04
5.16753257E-01  2.22838093E-02  3.93741269E-04
5.17051872E-01  2.32035574E-02  4.03372396E-04
5.17350487E-01  2.29769107E-02  3.98650038E-04
5.17649102E-01  2.34000366E-02  4.03388956E-04
5.17947717E-01  2.36320756E-02  4.04989085E-04
5.18246332E-01  2.26105284E-02  3.96431977E-04
5.18544947E-01  2.26927176E-02  3.98424570E-04
5.18843562E-01  2.26704981E-02  3.98526143E-04
5.19142177E-01  2.36352608E-02  4.04924765E-04
5.19440792E-01  2.27225143E-02  3.96933901E-04
5.19739407E-01  2.29200833E-02  3.99047887E-04
5.20038022E-01  2.28523146E-02  4.00425110E-04
5.20336637E-01  2.35689934E-02  4.04562044E-04
5.20635252E-01  2.31273398E-02  4.00657416E-04
5.20933867E-01  2.30086204E-02  3.99923185E-04
5.21232482E-01  2.29872763E-02  3.99250770E-04
5.21531097E-01  2.25815922E-02  3.97270283E-04
5.21829712E-01  2.25484762E-02  3.96687683E-04
5.22128327E-01  2.35956628E-02  4.05198924E-04
5.22426942E-01  2.36951690E-02  4.04175575E-04
5.22725557E-01  2.34427154E-02  4.04184742E-04
5.23024172E-01  2.24071369E-02  3.94384260E-04
5.23322787E-01  2.27434989E-02  3.98212869E-04
5.23621402E-01  2.23450772E-02  3.93841387E-04
5.23920017E-01  2.30515432E-02  4.02190955E-04
5.24218632E-01  2.28733644E-02  3.97212367E-04
5.24517247E-01  2.29063984E-02  3.98568081E-04
5.24815862E-01  2.23951694E-02  3.95647221E-04
5.25114477E-01  2.30879597E-02  3.99855198E-04
5.25413092E-01  2.30622273E-02  4.00612946E-04
5.25711707E-01  2.24732496E-02  3.95854644E-04
5.26010322E-01  2.27642693E-02  3.96275049E-04
5.26308937E-01  2.33163778E-02  4.02425445E-04
5.26607552E-01  2.31455155E-02  4.00852005E-04
5.26906167E-01  2.32598875E-02  4.01450437E-04
5.27204782E-01  2.32038405E-02  4.03438316E-04
5.27503397E-01  2.35835388E-02  4.04632883E-04
5.27802012E-01  2.34147087E-02  4.03282495E-04
5.28100627E-01  2.29394641E-02  4.00052842E-04
5.28399242E-01  2.27381345E-02  3.94626084E-04
5.28697857E-01  2.30245423E-02  4.00502555E-04
5.28996472E-01  2.26057097E-02  3.96164862E-04
5.29295087E-01  2.26709452E-02  3.98103643E-04
5.29593702E-01  2.29159445E-02  3.97712021E-04
5.29892317E-01  2.27049384E-02  3.96747928E-04
5.30190932E-01  2.24869139E-02  3.96587828E-04
5.30489547E-01  2.31855903E-02  4.01125173E-04
5.30788162E-01  2.29502916E-02  3.98308126E-04
5.31086777E-01  2.25459374E-02  3.95847455E-04
5.31385392E-01  2.26027742E-02  3.94421135E-04
5.31684007E-01  2.26199906E-02  3.96597898E-04
5.31982622E-01  2.26438772E-02  3.96711926E-04
5.32281237E-01  2.25774329E-02  3.96034360E-04
5.32579852E-01  2.26970948E-02  3.97766358E-04
5.32878467E-01  2.25806981E-02  3.95969837E-04
5.33177082E-01  2.31924616E-02  4.02087375E-04
5.33475697E-01  2.28394791E-02  3.96205985E-04
5.33774312E-01  2.28587259E-02  3.97919357E-04
5.34072927E-01  2.26728190E-02  3.98936943E-04
5.34371542E-01  2.21850239E-02  3.90777655E-04
5.34670157E-01  2.27988902E-02  3.95382900E-04
5.34968772E-01  2.31320746E-02  4.02069010E-04
5.35267387E-01  2.29706448E-02  3.98901728E-04
5.35566002E-01  2.28556897E-02  3.99565208E-04
5.35864617E-01  2.24711765E-02  3.93203809E-04
5.36163232E-01  2.31440384E-02  4.01489291E-04
5.36461847E-01  2.22995300E-02  3.93711904E-04
5.36760462E-01  2.25727744E-02  3.95344920E-04
5.37059077E-01  2.24133674E-02  3.93277471E-04
5.37357692E-01  2.30123699E-02  4.01141326E-04
5.37656307E-01  2.28467043E-02  3.96390969E-04
5.37954922E-01  2.25459505E-02  3.98435368E-04
5.38253537E-01  2.27802601E-02  3.93348164E-04
5.38552152E-01  2.28537507E-02  3.97712254E-04
5.38850767E-01  2.22823136E-02  3.93960945E-04
5.39149382E-01  2.25066114E-02  3.96135118E-04
5.39447997E-01  2.32627653E-02  4.01261117E-04
5.39746612E-01  2.27870438E-02  3.97818396E-04
5.40045227E-01  2.31677499E-02  3.99860204E-04
5.40343842E-01  2.23610476E-02  3.94859555E-04
5.40642457E-01  2.31285673E-02  3.99720127E-04
5.40941072E-01  2.30838582E-02  3.98947421E-04
5.41239687E-01  2.32927874E-02  4.04801249E-04
5.41538302E-01  2.26994716E-02  3.96773568E-04
5.41836917E-01  2.30153576E-02  3.99136916E-04
5.42135532E-01  2.27465779E-02  3.94120259E-04
5.42434147E-01  2.25267392E-02  3.95266776E-04
5.42732762E-01  2.24365424E-02  3.95637908E-04
5.43031377E-01  2.20614206E-02  3.93577619E-04
5.43329992E-01  2.20789611E-02  3.88487795E-04
5.43628607E-01  2.31240857E-02  4.00480872E-04
5.43927222E-01  2.27081347E-02  3.97350115E-04
5.44225837E-01  2.32779272E-02  4.02602192E-04
5.44524452E-01  2.24328171E-02  3.92352435E-04
5.44823067E-01  2.34089848E-02  4.03243728E-04
5.45121682E-01  2.23750416E-02  3.93758382E-04
5.45420297E-01  2.28132941E-02  3.97791999E-04
5.45718912E-01  2.26156842E-02  3.95007432E-04
5.46017527E-01  2.23202538E-02  3.93281720E-04
5.46316142E-01  2.27665994E-02  3.96616204E-04
5.46614757E-01  2.32894924E-02  4.03708953E-04
5.46913372E-01  2.28791069E-02  3.96060001E-04
5.47211987E-01  2.20061559E-02  3.90607631E-04
5.47510602E-01  2.32436787E-02  4.02130157E-04
5.47809217E-01  2.23629624E-02  3.92998540E-04
5.48107832E-01  2.23706663E-02  3.95091018E-04
5.48406447E-01  2.25510895E-02  3.94844013E-04
5.48705062E-01  2.29167603E-02  3.97068914E-04
5.49003677E-01  2.29763649E-02  4.01001394E-04
5.49302292E-01  2.27478109E-02  3.94556439E-04
5.49600907E-01  2.28850190E-02  3.99224780E-04
5.49899522E-01  2.27056555E-02  3.96397518E-04
5.50198137E-01  2.32919138E-02  4.02663427E-04
5.50496752E-01  2.34514140E-02  4.02662437E-04
5.50795367E-01  2.23541372E-02  3.92177841E-04
5.51093982E-01  2.27979682E-02  3.97403986E-04
5.51392597E-01  2.27052737E-02  3.97665513E-04
5.51691212E-01  2.31386367E-02  4.00073419E-04
5.51989827E-01  2.28399150E-02  3.97291005E-04
5.52288442E-01  2.28294749E-02  3.95378564E-04
5.52587057E-01  2.28856578E-02  3.97306081E-04
5.52885672E-01  2.32809596E-02  4.00919409E-04
5.53184287E-01  2.30835099E-02  3.97578115E-04
5.53482902E-01  2.28828751E-02  3.96422314E-04
5.53781517E-01  2.27554981E-02  3.96182411E-04
5.54080132E-01  2.34596003E-02  4.01974277E-04
5.54378747E-01  2.20425408E-02  3.86473432E-04
5.54677362E-01  2.32539643E-02  3.98860837E-04
5.54975977E-01  2.22755671E-02  3.91704700E-04
5.55274592E-01  2.27659512E-02  3.94752307E-04
5.55573207E-01  2.28215363E-02  3.90926492E-04
5.55871822E-01  2.24738866E-02  3.90805886E-04
5.56170437E-01  2.27091610E-02  3.93886032E-04
5.56469052E-01  2.22573485E-02  3.90419707E-04
5.56767667E-01  2.27287151E-02  3.92458140E-04
5.57066282E-01  2.31815670E-02  3.96919058E-04
5.57364897E-01  2.28604525E-02  3.91363516E-04
5.57663512E-01  2.26900484E-02  3.92317219E-04
5.57962127E-01  2.24856734E-02  3.89249239E-04
5.58260742E-01  2.22936608E-02  3.85578838E-04
5.58559357E-01  2.26700995E-02  3.93090275E-04
5.58857972E-01  2.23877523E-02  3.90075496E-04
5.59156587E-01  2.28611827E-02  3.90461559E-04
5.59455202E-01  2.23838687E-02  3.88653367E-04
5.59753817E-01  2.30959170E-02  3.92926391E-04
5.60052432E-01  2.28859428E-02  3.92432994E-04
5.60351047E-01  2.23018061E-02  3.86297936E-04
5.60649662E-01  2.25563403E-02  3.86951870E-04
5.60948277E-01  2.28610877E-02  3.90289206E-04
5.61246892E-01  2.35627424E-02  3.96980788E-04
5.61545507E-01  2.25895513E-02  3.88150365E-04
5.61844122E-01  2.23870426E-02  3.84160667E-04
5.62142737E-01  2.26509161E-02  3.89780616E-04
5.62441352E-01  2.27316115E-02  3.87739885E-04
5.62739967E-01  2.29165945E-02  3.88863962E-04
5.63038582E-01  2.29896512E-02  3.90666479E-04
5.63337197E-01  2.30581108E-02  3.89976107E-04
5.63635812E-01  2.23855674E-02  3.87226319E-04
5.63934427E-01  2.24025548E-02  3.83862091E-04
5.64233042E-01  2.23453697E-02  3.82489408E-04
5.64531657E-01  2.18830034E-02  3.80358339E-04
5.64830272E-01  2.31887549E-02  3.91179899E-04
5.65128887E-01  2.29717735E-02  3.89800291E-04
5.65427502E-01  2.35491041E-02  3.92212794E-04
5.65726117E-01  2.24894118E-02  3.84617073E-04
5.66024732E-01  2.25859471E-02  3.85087187E-04
5.66323347E-01  2.24503949E-02  3.84287123E-04
5.66621962E-01  2.21465211E-02  3.78365745E-04
5.66920577E-01  2.28441134E-02  3.87466716E-04
5.67219192E-01  2.26548109E-02  3.86486092E-04
5.67517807E-01  2.29106974E-02  3.88484361E-04
5.67816422E-01  2.26791184E-02  3.81768739E-04
5.68115037E-01  2.24831402E-02  3.82722938E-04
5.68413652E-01  2.24697292E-02  3.83050035E-04
5.68712267E-01  2.21630409E-02  3.80428857E-04
5.69010882E-01  2.26261988E-02  3.83329752E-04
5.69309497E-01  2.30606981E-02  3.87260399E-04
5.69608112E-01  2.22020783E-02  3.80594603E-04
5.69906727E-01  2.32096594E-02  3.88069282E-04
5.70205342E-01  2.26087961E-02  3.81450634E-04
5.70503957E-01  2.24827211E-02  3.83438717E-04
5.70802572E-01  2.31049564E-02  3.87730368E-04
5.71101187E-01  2.28951704E-02  3.86943750E-04
5.71399802E-01  2.30090562E-02  3.85958032E-04
5.71698417E-01  2.21736152E-02  3.79493868E-04
5.71997032E-01  2.32108664E-02  3.90057277E-04
5.72295647E-01  2.33996678E-02  3.91191599E-04
5.72594262E-01  2.27082260E-02  3.83784267E-04
5.72892877E-01  2.30184309E-02  3.83693812E-04
5.73191492E-01  2.28743125E-02  3.86425701E-04
5.73490107E-01  2.27571223E-02  3.86324798E-04
5.73788722E-01  2.32127178E-02  3.88120447E-04
5.74087337E-01  2.23294348E-02  3.81713675E-04
5.74385952E-01  2.27971654E-02  3.86670436E-04
5.74684567E-01  2.32012216E-02  3.89455497E-04
5.74983182E-01  2.32990906E-02  3.88318178E-04
5.75281797E-01  2.27864925E-02  3.82979779E-04
5.75580412E-01  2.31661070E-02  3.89525172E-04
5.75879027E-01  2.32521184E-02  3.88996792E-04
5.76177642E-01  2.31508464E-02  3.88774264E-04
5.76476257E-01  2.26077456E-02  3.82523373E-04
5.76774872E-01  2.27844585E-02  3.85955558E-04
5.77073487E-01  2.27337051E-02  3.85261694E-04
5.77372102E-01  2.27103028E-02  3.85863736E-04
5.77670717E-01  2.23460626E-02  3.80224286E-04
5.77969332E-01  2.28125900E-02  3.85493040E-04
5.78267947E-01  2.29832977E-02  3.87824373E-04
5.78566562E-01  2.21876856E-02  3.80180369E-04
5.78865177E-01  2.27067713E-02  3.82940198E-04
5.79163792E-01  2.29769237E-02  3.87331005E-04
5.79462407E-01  2.23875511E-02  3.81982274E-04
5.79761022E-01  2.31351350E-02  3.89831897E-04
5.80059637E-01  2.29808949E-02  3.84728628E-04
5.80358252E-01  2.29934249E-02  3.87389067E-04
5.80656867E-01  2.28505619E-02  3.87075328E-04
5.80955482E-01  2.24180389E-02  3.83396458E-04


### HEADER:
#
#{
#    "analysis": {},
#    "calibration_params": {
#        "Beam_Center_X": 1061.0,
#        "Beam_Center_Y": 2093.0,
#        "Detector Tilt": 0.0,
#        "Detector Tilt Plane Rotation": 0.0,
#        "Detector_X_Pixel_Size": 75.0,
#        "Detector_Y_Pixel_Size": 75.0,
#        "Integration Method": "nosplit_csr",
#        "Radial_Average_Method": "pyFAI",
#        "Sample-to-detector distance (mm)": 1782.0,
#        "Wavelength (A)": 0.8823505857220345
#    },
#    "config_file": "/Users/jwinnikoff/Documents/MBARI/SAXS/HPSAXS_7A_Feb2023/HPSAXS_02_19_23.cfg",
#    "counters": {
#        "Epoch": "48.753",
#        "I1": "0",
#        "I2": "0",
#        "I3": "0",
#        "Seconds": "1",
#        "Time": "1.5974e-05",
#        "date": "Sun Feb 19 23:08:09 2023",
#        "diode": "55152"
#    },
#    "filename": "JWL0320_35C_040MPa_dn_3_data_000001_00001.h5",
#    "history": {},
#    "imageHeader": {},
#    "load_path": "/Users/jwinnikoff/Documents/MBARI/SAXS/HPSAXS_7A_Feb2023/JWL0320_SOPE_DOPE_TS+/JWL0320_35C_040MPa_dn_3_data_000001.h5",
#    "normalizations": {
#        "Absolute_scale": {
#            "Absolute_scale_factor": 0.005174693841759343,
#            "Method": "Water"
#        },
#        "Counter_norms": [
#            [
#                "/",
#                "diode/150000"
#            ]
#        ],
#        "Polarization": {
#            "Used": false
#        },
#        "Solid_Angle_Correction": "On"
#    },
#    "raw_version": "2.1.4"
#}

