### DATA:
#
# 1908
#      Q             I(Q)           Error     
1.14966775E-02  0.00000000E+00  0.00000000E+00
1.17952925E-02  7.38013327E-01  3.22095416E-02
1.20939075E-02  9.18651044E-01  2.54104752E-02
1.23925225E-02  8.47661376E-01  1.99298076E-02
1.26911375E-02  8.88097286E-01  1.91621128E-02
1.29897525E-02  8.19234550E-01  1.78856831E-02
1.32883675E-02  7.90098608E-01  1.68756694E-02
1.35869825E-02  7.63350308E-01  1.57972127E-02
1.38855975E-02  7.07747996E-01  1.42493173E-02
1.41842125E-02  6.55614257E-01  1.40032265E-02
1.44828275E-02  5.84261775E-01  1.30808512E-02
1.47814425E-02  5.36938667E-01  1.21655073E-02
1.50800575E-02  5.35715997E-01  1.17014311E-02
1.53786725E-02  4.96544957E-01  1.06105162E-02
1.56772875E-02  4.55138445E-01  1.02414154E-02
1.59759025E-02  4.26141381E-01  9.25083738E-03
1.62745175E-02  3.99075359E-01  8.82702693E-03
1.65731325E-02  3.81559432E-01  8.75357352E-03
1.68717475E-02  3.62953365E-01  7.84042757E-03
1.71703625E-02  3.51436526E-01  8.11607856E-03
1.74689775E-02  3.20286572E-01  7.15288986E-03
1.77675925E-02  3.06638211E-01  6.88249664E-03
1.80662075E-02  2.87508816E-01  6.93648728E-03
1.83648225E-02  2.75202185E-01  6.09906111E-03
1.86634375E-02  2.81297654E-01  6.45171292E-03
1.89620525E-02  2.46728629E-01  5.69340074E-03
1.92606675E-02  2.41275236E-01  5.71075641E-03
1.95592825E-02  2.26435959E-01  5.58633031E-03
1.98578975E-02  2.15705872E-01  5.04790992E-03
2.01565125E-02  2.19727710E-01  5.27515309E-03
2.04551275E-02  2.06065282E-01  4.79480997E-03
2.07537425E-02  1.99254662E-01  4.60650539E-03
2.10523575E-02  1.89016700E-01  4.23714798E-03
2.13509725E-02  1.89692944E-01  3.98405595E-03
2.16495875E-02  1.80418879E-01  3.87393381E-03
2.19482025E-02  1.74541831E-01  3.52915959E-03
2.22468175E-02  1.68612435E-01  3.62880202E-03
2.25454325E-02  1.68099388E-01  3.32300505E-03
2.28440475E-02  1.60834968E-01  3.32912477E-03
2.31426625E-02  1.57200769E-01  3.17658344E-03
2.34412775E-02  1.50599837E-01  2.98877456E-03
2.37398925E-02  1.41406402E-01  3.00592673E-03
2.40385075E-02  1.45939127E-01  2.87039368E-03
2.43371225E-02  1.35494798E-01  2.76577589E-03
2.46357375E-02  1.29020095E-01  2.77222274E-03
2.49343525E-02  1.28511205E-01  2.63090874E-03
2.52329675E-02  1.25688016E-01  2.73041357E-03
2.55315825E-02  1.16782293E-01  2.46582553E-03
2.58301975E-02  1.18199803E-01  2.49464414E-03
2.61288125E-02  1.16678268E-01  2.56142067E-03
2.64274275E-02  1.13496855E-01  2.36605876E-03
2.67260425E-02  1.08468056E-01  2.43579363E-03
2.70246575E-02  1.07567348E-01  2.27176119E-03
2.73232725E-02  1.08729526E-01  2.35756533E-03
2.76218875E-02  1.05300792E-01  2.35459721E-03
2.79205025E-02  1.00600146E-01  2.21594819E-03
2.82191175E-02  9.76280943E-02  2.17542984E-03
2.85177325E-02  9.39052776E-02  2.09768931E-03
2.88163475E-02  9.59611386E-02  2.18715728E-03
2.91149625E-02  9.00350437E-02  2.05744011E-03
2.94135775E-02  9.17425603E-02  2.05296627E-03
2.97121925E-02  9.11649168E-02  2.06342107E-03
3.00108075E-02  8.50011408E-02  1.92637916E-03
3.03094225E-02  8.71578678E-02  2.03797920E-03
3.06080375E-02  8.65331218E-02  1.96513999E-03
3.09066525E-02  8.41728598E-02  1.91104633E-03
3.12052675E-02  8.38855505E-02  1.96630764E-03
3.15038825E-02  7.88584948E-02  1.82456803E-03
3.18024975E-02  8.06471407E-02  1.87348959E-03
3.21011125E-02  7.65638947E-02  1.76628435E-03
3.23997275E-02  7.38419369E-02  1.68872590E-03
3.26983425E-02  7.90848434E-02  1.76223391E-03
3.29969575E-02  7.78261721E-02  1.65176857E-03
3.32955725E-02  7.51618966E-02  1.62324985E-03
3.35941875E-02  7.33492449E-02  1.52910501E-03
3.38928025E-02  7.34656081E-02  1.57563027E-03
3.41914175E-02  7.55051449E-02  1.54965918E-03
3.44900325E-02  7.27681145E-02  1.51109148E-03
3.47886474E-02  6.98044524E-02  1.45425950E-03
3.50872624E-02  6.99101016E-02  1.42792659E-03
3.53858774E-02  7.19650686E-02  1.49441545E-03
3.56844924E-02  6.66744560E-02  1.38306129E-03
3.59831074E-02  6.67957142E-02  1.36091246E-03
3.62817224E-02  6.78154752E-02  1.40491757E-03
3.65803374E-02  6.64878264E-02  1.34849595E-03
3.68789524E-02  6.33920878E-02  1.36114773E-03
3.71775674E-02  6.53525591E-02  1.35013263E-03
3.74761824E-02  6.43176362E-02  1.30367628E-03
3.77747974E-02  6.36208132E-02  1.30273181E-03
3.80734124E-02  6.13225996E-02  1.25884335E-03
3.83720274E-02  6.27921820E-02  1.31561467E-03
3.86706424E-02  6.19100556E-02  1.24443893E-03
3.89692574E-02  6.10328093E-02  1.27234543E-03
3.92678724E-02  6.07563220E-02  1.27915142E-03
3.95664874E-02  6.18101247E-02  1.24343543E-03
3.98651024E-02  6.03416413E-02  1.22967083E-03
4.01637174E-02  6.04009628E-02  1.20995671E-03
4.04623324E-02  5.81030138E-02  1.22874777E-03
4.07609474E-02  5.87243326E-02  1.19201897E-03
4.10595624E-02  5.51740229E-02  1.17899675E-03
4.13581774E-02  5.72519526E-02  1.17901247E-03
4.16567924E-02  5.61622977E-02  1.14426459E-03
4.19554074E-02  5.76874129E-02  1.19279546E-03
4.22540224E-02  5.68150394E-02  1.17450638E-03
4.25526374E-02  5.53581640E-02  1.14365632E-03
4.28512524E-02  5.57566658E-02  1.15164334E-03
4.31498674E-02  5.30955158E-02  1.11074594E-03
4.34484824E-02  5.70478141E-02  1.18720857E-03
4.37470974E-02  5.40592968E-02  1.10624987E-03
4.40457124E-02  5.32380790E-02  1.10315776E-03
4.43443274E-02  5.31217828E-02  1.12315489E-03
4.46429424E-02  5.32120913E-02  1.09932013E-03
4.49415574E-02  5.44421673E-02  1.14774168E-03
4.52401724E-02  5.13477549E-02  1.06536120E-03
4.55387874E-02  5.29692918E-02  1.09947810E-03
4.58374024E-02  5.18738888E-02  1.08805054E-03
4.61360174E-02  5.18646426E-02  1.07239874E-03
4.64346324E-02  5.29834107E-02  1.10502075E-03
4.67332474E-02  5.04150353E-02  1.04421261E-03
4.70318624E-02  5.21049947E-02  1.09313847E-03
4.73304774E-02  5.24010658E-02  1.09003426E-03
4.76290924E-02  5.32128736E-02  1.07528188E-03
4.79277074E-02  5.19405641E-02  1.05584215E-03
4.82263224E-02  5.07708080E-02  1.03678682E-03
4.85249374E-02  5.24768867E-02  1.08645239E-03
4.88235524E-02  5.07554896E-02  1.04213913E-03
4.91221674E-02  4.96164337E-02  1.02416275E-03
4.94207824E-02  5.06619029E-02  1.04596582E-03
4.97193974E-02  5.02768829E-02  1.02329231E-03
5.00180124E-02  4.90613207E-02  1.03893119E-03
5.03166274E-02  4.92770486E-02  1.01156975E-03
5.06152424E-02  4.92984131E-02  1.01479178E-03
5.09138574E-02  5.10981679E-02  1.04565441E-03
5.12124724E-02  4.88494895E-02  9.95478244E-04
5.15110874E-02  4.91520092E-02  1.01630995E-03
5.18097024E-02  4.76640761E-02  9.86176776E-04
5.21083174E-02  4.83399667E-02  9.91706504E-04
5.24069324E-02  4.87564392E-02  9.96691175E-04
5.27055474E-02  4.81488332E-02  9.84064769E-04
5.30041624E-02  4.68338355E-02  9.89103923E-04
5.33027774E-02  4.70212623E-02  9.68327746E-04
5.36013924E-02  4.77425344E-02  9.81310266E-04
5.39000074E-02  4.69918139E-02  9.57224227E-04
5.41986224E-02  4.79979105E-02  9.86767816E-04
5.44972374E-02  4.73562330E-02  9.67663596E-04
5.47958524E-02  4.85323481E-02  9.72789421E-04
5.50944674E-02  4.88933586E-02  9.91647597E-04
5.53930824E-02  4.79069874E-02  9.59869067E-04
5.56916974E-02  4.78259698E-02  9.53852315E-04
5.59903124E-02  4.64986116E-02  9.60215169E-04
5.62889274E-02  4.68621850E-02  9.42918297E-04
5.65875424E-02  4.68163528E-02  9.59440134E-04
5.68861574E-02  4.62551564E-02  9.36792290E-04
5.71847724E-02  4.60698493E-02  9.28669062E-04
5.74833874E-02  4.73405644E-02  9.51581111E-04
5.77820024E-02  4.58542258E-02  9.25262982E-04
5.80806174E-02  4.89408895E-02  9.79601755E-04
5.83792324E-02  4.69536893E-02  9.25296918E-04
5.86778474E-02  4.91210036E-02  9.61494865E-04
5.89764624E-02  4.66382392E-02  9.47079097E-04
5.92750774E-02  4.89224978E-02  9.30718088E-04
5.95736924E-02  4.90082353E-02  9.60392063E-04
5.98723074E-02  4.96119633E-02  9.46235086E-04
6.01709224E-02  4.68568131E-02  9.18407983E-04
6.04695374E-02  4.90295738E-02  9.54236777E-04
6.07681524E-02  4.71417867E-02  9.25952161E-04
6.10667674E-02  4.78002243E-02  9.37259290E-04
6.13653824E-02  4.82144952E-02  9.19916260E-04
6.16639974E-02  4.67670597E-02  9.17530444E-04
6.19626124E-02  4.89626303E-02  9.40025959E-04
6.22612274E-02  4.84329984E-02  9.17429861E-04
6.25598424E-02  5.03401682E-02  9.55615484E-04
6.28584574E-02  4.96364534E-02  9.33385454E-04
6.31570724E-02  5.05909510E-02  9.50662186E-04
6.34556874E-02  4.91473302E-02  9.11857293E-04
6.37543024E-02  4.99625579E-02  9.31806513E-04
6.40529174E-02  5.14664650E-02  9.58854507E-04
6.43515324E-02  4.89145294E-02  9.16896795E-04
6.46501474E-02  4.92426306E-02  9.39703838E-04
6.49487624E-02  4.93815206E-02  9.06426343E-04
6.52473774E-02  5.14485575E-02  9.32964205E-04
6.55459924E-02  5.21207899E-02  9.49378475E-04
6.58446074E-02  4.99091074E-02  9.18901118E-04
6.61432224E-02  5.19306883E-02  9.47646622E-04
6.64418374E-02  5.30795492E-02  9.34244308E-04
6.67404524E-02  5.30468635E-02  9.46209941E-04
6.70390674E-02  5.29307835E-02  9.49746289E-04
6.73376824E-02  5.39744906E-02  9.33932140E-04
6.76362974E-02  5.25398403E-02  9.43947933E-04
6.79349124E-02  5.36586903E-02  9.32806754E-04
6.82335274E-02  5.60068898E-02  9.59663827E-04
6.85321424E-02  5.54626435E-02  9.66359570E-04
6.88307574E-02  5.86316846E-02  9.73953633E-04
6.91293724E-02  5.87389618E-02  9.89763881E-04
6.94279874E-02  5.72858639E-02  9.53969778E-04
6.97266024E-02  5.95919564E-02  9.89905093E-04
7.00252174E-02  6.02336749E-02  9.87172010E-04
7.03238324E-02  5.99156320E-02  9.76726646E-04
7.06224474E-02  6.26029372E-02  1.01342250E-03
7.09210624E-02  6.27476051E-02  1.00181601E-03
7.12196774E-02  6.68261647E-02  1.03151856E-03
7.15182924E-02  6.46308884E-02  9.92210116E-04
7.18169074E-02  6.52360022E-02  1.02382165E-03
7.21155224E-02  6.81111813E-02  1.04257232E-03
7.24141374E-02  6.97926506E-02  1.04942452E-03
7.27127524E-02  7.15488121E-02  1.05780805E-03
7.30113674E-02  7.43169934E-02  1.06977997E-03
7.33099824E-02  7.53424987E-02  1.08308415E-03
7.36085974E-02  7.78528303E-02  1.10465672E-03
7.39072124E-02  8.10353011E-02  1.10623892E-03
7.42058274E-02  8.19174126E-02  1.13566255E-03
7.45044424E-02  8.80513862E-02  1.15686969E-03
7.48030574E-02  8.93319994E-02  1.17288553E-03
7.51016724E-02  9.29936692E-02  1.19537429E-03
7.54002874E-02  9.98610854E-02  1.21890625E-03
7.56989024E-02  1.05193816E-01  1.27276452E-03
7.59975174E-02  1.09123267E-01  1.27553230E-03
7.62961324E-02  1.16139315E-01  1.32010586E-03
7.65947474E-02  1.26075804E-01  1.37103733E-03
7.68933624E-02  1.31528586E-01  1.40186050E-03
7.71919774E-02  1.40445501E-01  1.46424561E-03
7.74905924E-02  1.51402384E-01  1.48676836E-03
7.77892074E-02  1.64489955E-01  1.55944424E-03
7.80878224E-02  1.77674934E-01  1.60727638E-03
7.83864374E-02  1.98302478E-01  1.69538846E-03
7.86850524E-02  2.18849510E-01  1.81021984E-03
7.89836674E-02  2.43997499E-01  1.88743137E-03
7.92822824E-02  2.69638002E-01  1.96784618E-03
7.95808974E-02  3.00293952E-01  2.05787015E-03
7.98795124E-02  3.36164296E-01  2.22003111E-03
8.01781274E-02  3.79933447E-01  2.38007563E-03
8.04767424E-02  4.23584998E-01  2.44900025E-03
8.07753574E-02  4.74111319E-01  2.61744275E-03
8.10739724E-02  5.32191396E-01  2.74230749E-03
8.13725874E-02  5.95808685E-01  2.88999453E-03
8.16712024E-02  6.69773936E-01  3.11421719E-03
8.19698174E-02  7.45695591E-01  3.20138340E-03
8.22684324E-02  8.28531444E-01  3.44599807E-03
8.25670474E-02  9.12190497E-01  3.57235898E-03
8.28656624E-02  1.00593519E+00  3.77784250E-03
8.31642774E-02  1.09871125E+00  3.89359402E-03
8.34628924E-02  1.18393540E+00  4.04575747E-03
8.37615074E-02  1.28173411E+00  4.27304069E-03
8.40601224E-02  1.36504936E+00  4.31880308E-03
8.43587374E-02  1.44547021E+00  4.46158275E-03
8.46573524E-02  1.52155566E+00  4.55524959E-03
8.49559674E-02  1.59186006E+00  4.69126413E-03
8.52545824E-02  1.64715815E+00  4.78146691E-03
8.55531974E-02  1.68547320E+00  4.75758081E-03
8.58518124E-02  1.70178342E+00  4.80354298E-03
8.61504274E-02  1.70512199E+00  4.75804973E-03
8.64490424E-02  1.69287777E+00  4.81892796E-03
8.67476574E-02  1.65201616E+00  4.75115655E-03
8.70462724E-02  1.59290552E+00  4.58801072E-03
8.73448874E-02  1.51437616E+00  4.50751092E-03
8.76435024E-02  1.40033185E+00  4.29168204E-03
8.79421174E-02  1.29569042E+00  4.19548014E-03
8.82407324E-02  1.16861868E+00  3.96913430E-03
8.85393474E-02  1.03293633E+00  3.67907668E-03
8.88379624E-02  9.09829915E-01  3.47892335E-03
8.91365774E-02  7.87447810E-01  3.19446856E-03
8.94351924E-02  6.80330992E-01  2.99139810E-03
8.97338074E-02  5.77021480E-01  2.73959525E-03
9.00324224E-02  5.01606464E-01  2.54724314E-03
9.03310374E-02  4.20843124E-01  2.35937769E-03
9.06296524E-02  3.65799099E-01  2.17326009E-03
9.09282674E-02  3.13177705E-01  2.00903602E-03
9.12268824E-02  2.74628609E-01  1.87789300E-03
9.15254974E-02  2.43177027E-01  1.76067371E-03
9.18241124E-02  2.15008840E-01  1.68011547E-03
9.21227274E-02  1.90511227E-01  1.56694581E-03
9.24213424E-02  1.70972466E-01  1.45922590E-03
9.27199574E-02  1.58410341E-01  1.41720532E-03
9.30185724E-02  1.42467201E-01  1.34642900E-03
9.33171874E-02  1.32079542E-01  1.30951672E-03
9.36158024E-02  1.25168189E-01  1.23122870E-03
9.39144174E-02  1.13061711E-01  1.20054442E-03
9.42130324E-02  1.10735342E-01  1.18171913E-03
9.45116474E-02  1.01977006E-01  1.12897367E-03
9.48102624E-02  9.92346331E-02  1.11867383E-03
9.51088774E-02  9.32836980E-02  1.06382649E-03
9.54074924E-02  9.02079046E-02  1.05994998E-03
9.57061074E-02  8.81578252E-02  1.04506395E-03
9.60047224E-02  8.49999711E-02  1.02708221E-03
9.63033374E-02  8.29184428E-02  1.00472150E-03
9.66019524E-02  7.99016804E-02  9.91439796E-04
9.69005674E-02  7.58499503E-02  9.63450701E-04
9.71991824E-02  7.66734779E-02  9.66148393E-04
9.74977974E-02  7.44051486E-02  9.48471425E-04
9.77964124E-02  7.31284544E-02  9.37082339E-04
9.80950274E-02  7.22059011E-02  9.37580829E-04
9.83936424E-02  6.88324571E-02  9.15814424E-04
9.86922574E-02  7.19977170E-02  9.35824879E-04
9.89908724E-02  6.82710856E-02  9.01587598E-04
9.92894874E-02  6.83897287E-02  8.99709063E-04
9.95881024E-02  6.74084201E-02  9.00461338E-04
9.98867174E-02  6.45060167E-02  8.83892935E-04
1.00185332E-01  6.32363036E-02  8.55482474E-04
1.00483947E-01  6.36054650E-02  8.71716766E-04
1.00782562E-01  6.07468858E-02  8.41598900E-04
1.01081177E-01  6.08859621E-02  8.51073477E-04
1.01379792E-01  5.95522895E-02  8.38515174E-04
1.01678407E-01  5.98284006E-02  8.31431302E-04
1.01977022E-01  5.74627370E-02  8.23674491E-04
1.02275637E-01  5.74156120E-02  8.23337468E-04
1.02574252E-01  5.63171096E-02  8.12022015E-04
1.02872867E-01  5.54905832E-02  7.97456305E-04
1.03171482E-01  5.64072467E-02  8.03362287E-04
1.03470097E-01  5.48352487E-02  7.93381711E-04
1.03768712E-01  5.50549962E-02  8.02206690E-04
1.04067327E-01  5.20299487E-02  7.65974983E-04
1.04365942E-01  5.25676273E-02  7.78715592E-04
1.04664557E-01  5.27234674E-02  7.79230730E-04
1.04963172E-01  5.27293682E-02  7.73593725E-04
1.05261787E-01  5.27123436E-02  7.75349210E-04
1.05560402E-01  5.11659272E-02  7.55963265E-04
1.05859017E-01  5.17211109E-02  7.69901555E-04
1.06157632E-01  5.15419059E-02  7.63604767E-04
1.06456247E-01  5.07387817E-02  7.57632835E-04
1.06754862E-01  5.09128980E-02  7.49936444E-04
1.07053477E-01  5.06213419E-02  7.52530934E-04
1.07352092E-01  5.14940284E-02  7.58990587E-04
1.07650707E-01  5.06910011E-02  7.53649801E-04
1.07949322E-01  5.02173044E-02  7.48928287E-04
1.08247937E-01  4.85542193E-02  7.35838956E-04
1.08546552E-01  4.99878302E-02  7.49601983E-04
1.08845167E-01  4.91254888E-02  7.30940141E-04
1.09143782E-01  4.82437983E-02  7.32904067E-04
1.09442397E-01  4.91366796E-02  7.30460102E-04
1.09741012E-01  4.90051508E-02  7.31746259E-04
1.10039627E-01  4.80251759E-02  7.30088504E-04
1.10338242E-01  4.78209332E-02  7.23978155E-04
1.10636857E-01  4.76625450E-02  7.13930465E-04
1.10935472E-01  4.77717817E-02  7.14205904E-04
1.11234087E-01  4.83214408E-02  7.24939397E-04
1.11532702E-01  4.77799661E-02  7.20310083E-04
1.11831317E-01  4.73657288E-02  7.13336049E-04
1.12129932E-01  4.77523394E-02  7.17613904E-04
1.12428547E-01  4.75542061E-02  7.15849863E-04
1.12727162E-01  4.75201271E-02  7.12597102E-04
1.13025777E-01  4.62606885E-02  7.02291261E-04
1.13324392E-01  4.71625961E-02  7.08032167E-04
1.13623007E-01  4.75804321E-02  7.12780457E-04
1.13921622E-01  4.73106802E-02  7.11298082E-04
1.14220237E-01  4.58272062E-02  6.93238457E-04
1.14518852E-01  4.82241362E-02  7.05375045E-04
1.14817467E-01  4.72829230E-02  7.08403124E-04
1.15116082E-01  4.67560627E-02  7.03914964E-04
1.15414697E-01  4.64001484E-02  6.98082149E-04
1.15713312E-01  4.73193675E-02  6.98217482E-04
1.16011927E-01  4.69629429E-02  6.98145654E-04
1.16310542E-01  4.70385589E-02  7.04979408E-04
1.16609157E-01  4.45138700E-02  6.78199576E-04
1.16907772E-01  4.72376011E-02  7.01222103E-04
1.17206387E-01  4.59372401E-02  6.88705710E-04
1.17505002E-01  4.75738049E-02  6.96533592E-04
1.17803617E-01  4.58693020E-02  6.91505731E-04
1.18102232E-01  4.73442003E-02  6.95862109E-04
1.18400847E-01  4.68054265E-02  6.92900678E-04
1.18699462E-01  4.68569025E-02  6.91770227E-04
1.18998077E-01  4.64798212E-02  6.82568003E-04
1.19296692E-01  4.64993156E-02  6.95726543E-04
1.19595307E-01  4.69177775E-02  6.86266925E-04
1.19893922E-01  4.79572117E-02  6.92347006E-04
1.20192537E-01  4.59334478E-02  6.85421226E-04
1.20491152E-01  4.64439318E-02  6.79408666E-04
1.20789767E-01  4.68274020E-02  6.88563799E-04
1.21088382E-01  4.66122665E-02  6.85993989E-04
1.21386997E-01  4.59373482E-02  6.75695366E-04
1.21685612E-01  4.72630709E-02  6.91761728E-04
1.21984227E-01  4.66785170E-02  6.83059625E-04
1.22282842E-01  4.67438363E-02  6.78731187E-04
1.22581457E-01  4.65935357E-02  6.72940456E-04
1.22880072E-01  4.82814014E-02  6.97172538E-04
1.23178687E-01  4.59860601E-02  6.74154842E-04
1.23477302E-01  4.60771881E-02  6.76728145E-04
1.23775917E-01  4.81893197E-02  6.83897757E-04
1.24074532E-01  4.69418205E-02  6.81605947E-04
1.24373147E-01  4.74417917E-02  6.84264523E-04
1.24671762E-01  4.80472594E-02  6.84784201E-04
1.24970377E-01  4.76170965E-02  6.79828110E-04
1.25268992E-01  4.87153716E-02  6.86677056E-04
1.25567607E-01  4.79342081E-02  6.77892065E-04
1.25866222E-01  4.99017052E-02  7.02771242E-04
1.26164837E-01  4.77090515E-02  6.79549936E-04
1.26463452E-01  4.83371764E-02  6.80737779E-04
1.26762067E-01  5.09494580E-02  7.01767160E-04
1.27060682E-01  5.15265390E-02  7.03798898E-04
1.27359297E-01  4.99076918E-02  7.03064725E-04
1.27657912E-01  4.98808585E-02  6.86397718E-04
1.27956527E-01  5.03107719E-02  6.92379195E-04
1.28255142E-01  5.10950200E-02  7.02772872E-04
1.28553757E-01  4.97520305E-02  6.81406818E-04
1.28852372E-01  5.14403246E-02  6.95647846E-04
1.29150987E-01  5.03867976E-02  6.88488130E-04
1.29449602E-01  5.35624474E-02  7.14165973E-04
1.29748217E-01  5.28815389E-02  7.09132873E-04
1.30046832E-01  5.42269051E-02  7.12341222E-04
1.30345447E-01  5.26740365E-02  7.00207485E-04
1.30644062E-01  5.46795614E-02  7.12471316E-04
1.30942677E-01  5.38839698E-02  7.12461770E-04
1.31241292E-01  5.42274080E-02  7.12347857E-04
1.31539907E-01  5.63785098E-02  7.22504570E-04
1.31838522E-01  5.64825572E-02  7.26527593E-04
1.32137137E-01  5.72670959E-02  7.38208531E-04
1.32435752E-01  5.73231503E-02  7.48252147E-04
1.32734367E-01  5.85768037E-02  7.55342597E-04
1.33032982E-01  5.94616495E-02  7.69057835E-04
1.33331597E-01  6.00486510E-02  7.72845466E-04
1.33630212E-01  6.31911308E-02  7.96196575E-04
1.33928827E-01  6.26193807E-02  8.04732786E-04
1.34227442E-01  6.43160716E-02  7.95908156E-04
1.34526057E-01  6.62237853E-02  8.23944109E-04
1.34824672E-01  6.71307668E-02  8.35681509E-04
1.35123287E-01  6.95741251E-02  8.45764880E-04
1.35421902E-01  7.06701800E-02  8.59978900E-04
1.35720517E-01  7.25290626E-02  8.62281071E-04
1.36019132E-01  7.43407160E-02  8.88668466E-04
1.36317747E-01  7.77850375E-02  9.00227053E-04
1.36616362E-01  7.96366483E-02  9.08192771E-04
1.36914977E-01  8.08321685E-02  9.25262691E-04
1.37213592E-01  8.35730359E-02  9.42240120E-04
1.37512207E-01  8.74795020E-02  9.73618531E-04
1.37810822E-01  9.22101736E-02  9.89735126E-04
1.38109437E-01  9.55142453E-02  1.00731233E-03
1.38408052E-01  1.00127004E-01  1.03526737E-03
1.38706667E-01  1.03575975E-01  1.05536042E-03
1.39005282E-01  1.06545225E-01  1.08202593E-03
1.39303897E-01  1.13568686E-01  1.09509903E-03
1.39602512E-01  1.18503027E-01  1.14024314E-03
1.39901127E-01  1.22597173E-01  1.15796924E-03
1.40199742E-01  1.30230635E-01  1.18794688E-03
1.40498357E-01  1.34270117E-01  1.21897634E-03
1.40796972E-01  1.40149266E-01  1.22904859E-03
1.41095587E-01  1.49241999E-01  1.28666451E-03
1.41394202E-01  1.55883387E-01  1.30676467E-03
1.41692817E-01  1.63874164E-01  1.34826766E-03
1.41991432E-01  1.71273500E-01  1.37837220E-03
1.42290047E-01  1.77287638E-01  1.39251654E-03
1.42588662E-01  1.85652778E-01  1.44421123E-03
1.42887277E-01  1.96666092E-01  1.47819112E-03
1.43185892E-01  2.05721587E-01  1.50708749E-03
1.43484507E-01  2.13972211E-01  1.54922227E-03
1.43783122E-01  2.23753229E-01  1.57113653E-03
1.44081737E-01  2.31949791E-01  1.60469906E-03
1.44380352E-01  2.41775930E-01  1.62492774E-03
1.44678967E-01  2.49856561E-01  1.63357286E-03
1.44977582E-01  2.57844836E-01  1.69257901E-03
1.45276197E-01  2.66803175E-01  1.69646088E-03
1.45574812E-01  2.77878314E-01  1.75158121E-03
1.45873427E-01  2.83188760E-01  1.72737089E-03
1.46172042E-01  2.91307718E-01  1.76456175E-03
1.46470657E-01  2.99901485E-01  1.81187037E-03
1.46769272E-01  3.07620138E-01  1.81329867E-03
1.47067887E-01  3.13055784E-01  1.82509562E-03
1.47366502E-01  3.21356028E-01  1.84010947E-03
1.47665117E-01  3.21075559E-01  1.84207049E-03
1.47963732E-01  3.24674338E-01  1.87360286E-03
1.48262347E-01  3.26460928E-01  1.85885653E-03
1.48560962E-01  3.30515444E-01  1.87318749E-03
1.48859577E-01  3.31499457E-01  1.85099919E-03
1.49158192E-01  3.33397657E-01  1.89497788E-03
1.49456807E-01  3.29266459E-01  1.86124304E-03
1.49755422E-01  3.26442987E-01  1.84841570E-03
1.50054037E-01  3.22134972E-01  1.84790511E-03
1.50352652E-01  3.16992640E-01  1.81005721E-03
1.50651267E-01  3.12478155E-01  1.82275055E-03
1.50949882E-01  3.02359283E-01  1.76519726E-03
1.51248497E-01  2.93479145E-01  1.74742588E-03
1.51547112E-01  2.81768680E-01  1.74210314E-03
1.51845727E-01  2.71903098E-01  1.66181184E-03
1.52144342E-01  2.61428028E-01  1.66975951E-03
1.52442957E-01  2.48497024E-01  1.57958269E-03
1.52741572E-01  2.36111358E-01  1.56217907E-03
1.53040187E-01  2.21745268E-01  1.53549807E-03
1.53338802E-01  2.09751174E-01  1.46328926E-03
1.53637417E-01  1.94011733E-01  1.42447895E-03
1.53936032E-01  1.83818147E-01  1.36638491E-03
1.54234647E-01  1.71499893E-01  1.32267817E-03
1.54533262E-01  1.59306347E-01  1.29466027E-03
1.54831877E-01  1.48970276E-01  1.23453676E-03
1.55130492E-01  1.41391754E-01  1.20447960E-03
1.55429107E-01  1.31752372E-01  1.15639006E-03
1.55727722E-01  1.23159863E-01  1.12909952E-03
1.56026337E-01  1.17951870E-01  1.09852268E-03
1.56324952E-01  1.11889519E-01  1.06643699E-03
1.56623567E-01  1.06749058E-01  1.05351873E-03
1.56922182E-01  1.02431796E-01  1.01707177E-03
1.57220797E-01  9.76641551E-02  1.00657949E-03
1.57519412E-01  9.51338187E-02  9.81230405E-04
1.57818027E-01  9.18847248E-02  9.63637256E-04
1.58116642E-01  9.00231525E-02  9.66762134E-04
1.58415257E-01  8.75092670E-02  9.40416357E-04
1.58713872E-01  8.53028819E-02  9.37281176E-04
1.59012487E-01  8.32164809E-02  9.12485586E-04
1.59311102E-01  8.29840973E-02  9.25134402E-04
1.59609717E-01  8.18714574E-02  9.20601597E-04
1.59908332E-01  8.29062164E-02  9.05012072E-04
1.60206947E-01  8.23321566E-02  9.10874340E-04
1.60505562E-01  8.38440061E-02  9.19200713E-04
1.60804177E-01  8.34633335E-02  9.16129095E-04
1.61102792E-01  8.45195130E-02  9.22238396E-04
1.61401407E-01  8.39897096E-02  9.15748999E-04
1.61700022E-01  8.57235268E-02  9.23843647E-04
1.61998637E-01  8.82090703E-02  9.39138699E-04
1.62297252E-01  8.89814794E-02  9.47630848E-04
1.62595867E-01  9.01945680E-02  9.53386247E-04
1.62894482E-01  9.19468999E-02  9.51757829E-04
1.63193097E-01  9.63590294E-02  9.88622778E-04
1.63491712E-01  9.61050391E-02  9.71005706E-04
1.63790327E-01  1.01819500E-01  1.01515406E-03
1.64088942E-01  1.03254087E-01  1.00507552E-03
1.64387557E-01  1.06587388E-01  1.02907361E-03
1.64686172E-01  1.08866520E-01  1.05235400E-03
1.64984787E-01  1.11362197E-01  1.04525138E-03
1.65283402E-01  1.15152739E-01  1.06962747E-03
1.65582017E-01  1.18802741E-01  1.07735710E-03
1.65880632E-01  1.22422092E-01  1.09823211E-03
1.66179247E-01  1.24756962E-01  1.11769466E-03
1.66477862E-01  1.29151255E-01  1.12135976E-03
1.66776477E-01  1.35358781E-01  1.15805527E-03
1.67075092E-01  1.36192232E-01  1.16407871E-03
1.67373707E-01  1.40600950E-01  1.17902551E-03
1.67672322E-01  1.44185394E-01  1.19312340E-03
1.67970937E-01  1.48723319E-01  1.20043603E-03
1.68269552E-01  1.52840450E-01  1.22669467E-03
1.68568167E-01  1.55899435E-01  1.22652843E-03
1.68866782E-01  1.60514101E-01  1.26287318E-03
1.69165397E-01  1.60612464E-01  1.25356135E-03
1.69464012E-01  1.64898619E-01  1.26230367E-03
1.69762627E-01  1.67725593E-01  1.28146866E-03
1.70061242E-01  1.70067295E-01  1.28591864E-03
1.70359857E-01  1.72076687E-01  1.30850181E-03
1.70658472E-01  1.74649358E-01  1.29465829E-03
1.70957087E-01  1.76434413E-01  1.30616932E-03
1.71255702E-01  1.78485006E-01  1.32983166E-03
1.71554317E-01  1.76523089E-01  1.29280193E-03
1.71852932E-01  1.78846419E-01  1.31779304E-03
1.72151547E-01  1.82741776E-01  1.32749602E-03
1.72450162E-01  1.79766744E-01  1.31981773E-03
1.72748777E-01  1.79177597E-01  1.32084300E-03
1.73047392E-01  1.74878523E-01  1.29907252E-03
1.73346007E-01  1.74870789E-01  1.30127906E-03
1.73644622E-01  1.73509389E-01  1.29000586E-03
1.73943237E-01  1.72207847E-01  1.28559873E-03
1.74241852E-01  1.65584520E-01  1.26844656E-03
1.74540467E-01  1.64936572E-01  1.25009357E-03
1.74839082E-01  1.63237914E-01  1.25899573E-03
1.75137697E-01  1.56914487E-01  1.22261548E-03
1.75436312E-01  1.54298723E-01  1.22025807E-03
1.75734927E-01  1.46456152E-01  1.17443362E-03
1.76033542E-01  1.42047763E-01  1.16012455E-03
1.76332157E-01  1.35664418E-01  1.15093892E-03
1.76630772E-01  1.29215106E-01  1.10351620E-03
1.76929387E-01  1.24855042E-01  1.10146683E-03
1.77228002E-01  1.20566100E-01  1.06168992E-03
1.77526617E-01  1.12430789E-01  1.03282346E-03
1.77825232E-01  1.08160377E-01  1.01645326E-03
1.78123847E-01  1.01990104E-01  9.83039965E-04
1.78422462E-01  9.60968807E-02  9.54217743E-04
1.78721077E-01  9.25403461E-02  9.38927522E-04
1.79019692E-01  8.71314034E-02  9.11384472E-04
1.79318307E-01  8.31746385E-02  8.90753581E-04
1.79616922E-01  7.83149004E-02  8.51450139E-04
1.79915537E-01  7.65623078E-02  8.53171165E-04
1.80214152E-01  7.25312307E-02  8.23209237E-04
1.80512767E-01  6.81428015E-02  8.05986405E-04
1.80811382E-01  6.52250722E-02  7.86415243E-04
1.81109997E-01  6.34125024E-02  7.68199156E-04
1.81408612E-01  6.19049445E-02  7.66657759E-04
1.81707227E-01  5.92881404E-02  7.46013655E-04
1.82005842E-01  5.64159080E-02  7.27720035E-04
1.82304457E-01  5.46417981E-02  7.12160603E-04
1.82603072E-01  5.28021567E-02  7.03091966E-04
1.82901687E-01  5.16895615E-02  7.00557546E-04
1.83200302E-01  5.14455810E-02  6.92622503E-04
1.83498917E-01  4.96891662E-02  6.78006909E-04
1.83797532E-01  4.97109406E-02  6.77044678E-04
1.84096147E-01  4.85455357E-02  6.75286457E-04
1.84394762E-01  4.62200753E-02  6.60017482E-04
1.84693377E-01  4.64527868E-02  6.57073047E-04
1.84991992E-01  4.56527844E-02  6.54861040E-04
1.85290607E-01  4.46959473E-02  6.39689562E-04
1.85589222E-01  4.35618050E-02  6.36091281E-04
1.85887837E-01  4.51052077E-02  6.45348686E-04
1.86186452E-01  4.30430435E-02  6.29187445E-04
1.86485067E-01  4.33865339E-02  6.35023112E-04
1.86783682E-01  4.11992185E-02  6.16978796E-04
1.87082297E-01  4.11812849E-02  6.19495113E-04
1.87380912E-01  4.02384177E-02  6.08347706E-04
1.87679527E-01  4.04976867E-02  6.05184992E-04
1.87978142E-01  3.98615189E-02  6.07882452E-04
1.88276757E-01  4.00477834E-02  6.07902068E-04
1.88575372E-01  3.96730267E-02  6.06845424E-04
1.88873987E-01  3.94571163E-02  6.01435720E-04
1.89172602E-01  3.92970666E-02  5.96919388E-04
1.89471217E-01  3.80568132E-02  5.91826858E-04
1.89769832E-01  3.86179350E-02  5.97740698E-04
1.90068447E-01  3.83955427E-02  5.87579852E-04
1.90367062E-01  3.79387289E-02  5.89562929E-04
1.90665677E-01  3.86331603E-02  5.93584089E-04
1.90964292E-01  3.73934582E-02  5.82851528E-04
1.91262907E-01  3.76550965E-02  5.87357965E-04
1.91561522E-01  3.69908586E-02  5.74902573E-04
1.91860137E-01  3.75087261E-02  5.86790557E-04
1.92158752E-01  3.71759236E-02  5.81157685E-04
1.92457367E-01  3.57238427E-02  5.70432632E-04
1.92755982E-01  3.63652706E-02  5.73125784E-04
1.93054597E-01  3.56795527E-02  5.68062242E-04
1.93353212E-01  3.60237509E-02  5.67884417E-04
1.93651827E-01  3.53698172E-02  5.68708347E-04
1.93950442E-01  3.58336717E-02  5.69290714E-04
1.94249057E-01  3.55304144E-02  5.62912144E-04
1.94547672E-01  3.58257033E-02  5.69595548E-04
1.94846287E-01  3.51287164E-02  5.62942878E-04
1.95144902E-01  3.60722281E-02  5.73587604E-04
1.95443517E-01  3.42827514E-02  5.47421514E-04
1.95742132E-01  3.50034758E-02  5.60863817E-04
1.96040747E-01  3.58509123E-02  5.68703981E-04
1.96339362E-01  3.55867147E-02  5.67881158E-04
1.96637977E-01  3.40818651E-02  5.50280442E-04
1.96936592E-01  3.45593989E-02  5.55175531E-04
1.97235207E-01  3.48560065E-02  5.59507345E-04
1.97533822E-01  3.42703611E-02  5.52675920E-04
1.97832437E-01  3.44889052E-02  5.56200335E-04
1.98131052E-01  3.33295874E-02  5.43834991E-04
1.98429667E-01  3.46375443E-02  5.54929255E-04
1.98728282E-01  3.42584103E-02  5.53636288E-04
1.99026897E-01  3.45617048E-02  5.52580750E-04
1.99325512E-01  3.38555314E-02  5.48632059E-04
1.99624127E-01  3.27147618E-02  5.39140427E-04
1.99922742E-01  3.36536132E-02  5.45790070E-04
2.00221357E-01  3.36093381E-02  5.48545679E-04
2.00519972E-01  3.43779400E-02  5.49221586E-04
2.00818587E-01  3.30264568E-02  5.37815969E-04
2.01117202E-01  3.26402895E-02  5.39896253E-04
2.01415817E-01  3.26297879E-02  5.34412102E-04
2.01714432E-01  3.24600600E-02  5.35524974E-04
2.02013047E-01  3.31789441E-02  5.39227796E-04
2.02311662E-01  3.25309746E-02  5.36111533E-04
2.02610277E-01  3.22512947E-02  5.35148429E-04
2.02908892E-01  3.25363576E-02  5.31671103E-04
2.03207507E-01  3.31938043E-02  5.39184548E-04
2.03506122E-01  3.15542892E-02  5.24885196E-04
2.03804737E-01  3.24354954E-02  5.32660692E-04
2.04103352E-01  3.22423615E-02  5.32731530E-04
2.04401967E-01  3.22059244E-02  5.31766680E-04
2.04700582E-01  3.26973200E-02  5.31189959E-04
2.04999197E-01  3.14037018E-02  5.22019283E-04
2.05297812E-01  3.16618420E-02  5.29243262E-04
2.05596427E-01  3.37206423E-02  5.41771355E-04
2.05895042E-01  3.22613604E-02  5.31235710E-04
2.06193657E-01  3.27266082E-02  5.31595666E-04
2.06492272E-01  3.21728513E-02  5.26434393E-04
2.06790887E-01  3.17791551E-02  5.29065030E-04
2.07089502E-01  3.15669291E-02  5.18606859E-04
2.07388117E-01  3.15075517E-02  5.24834380E-04
2.07686732E-01  3.18363458E-02  5.25449577E-04
2.07985347E-01  3.18288803E-02  5.23617433E-04
2.08283962E-01  3.17085907E-02  5.23912138E-04
2.08582577E-01  3.18810120E-02  5.21659094E-04
2.08881192E-01  3.13037708E-02  5.19283058E-04
2.09179807E-01  3.18721235E-02  5.26398653E-04
2.09478422E-01  3.11819576E-02  5.14508924E-04
2.09777037E-01  3.23202685E-02  5.29271783E-04
2.10075652E-01  3.13407704E-02  5.16286702E-04
2.10374267E-01  3.18230763E-02  5.26811462E-04
2.10672882E-01  3.11418623E-02  5.19536377E-04
2.10971497E-01  3.14483978E-02  5.13618637E-04
2.11270112E-01  3.16816233E-02  5.23538096E-04
2.11568727E-01  3.26518379E-02  5.26027114E-04
2.11867342E-01  3.25475596E-02  5.30158053E-04
2.12165957E-01  3.25811468E-02  5.25776006E-04
2.12464572E-01  3.24377641E-02  5.24145085E-04
2.12763187E-01  3.25223021E-02  5.27373282E-04
2.13061802E-01  3.19340117E-02  5.22107119E-04
2.13360417E-01  3.21682245E-02  5.25936368E-04
2.13659032E-01  3.30524556E-02  5.27507393E-04
2.13957647E-01  3.26930098E-02  5.25260926E-04
2.14256262E-01  3.23085487E-02  5.24528150E-04
2.14554877E-01  3.27890702E-02  5.25247364E-04
2.14853492E-01  3.28959227E-02  5.26891439E-04
2.15152107E-01  3.33056524E-02  5.29529061E-04
2.15450722E-01  3.21555883E-02  5.25519135E-04
2.15749337E-01  3.41923498E-02  5.38145308E-04
2.16047952E-01  3.30252871E-02  5.27140975E-04
2.16346567E-01  3.28290649E-02  5.25888056E-04
2.16645182E-01  3.29848640E-02  5.24163886E-04
2.16943797E-01  3.34579609E-02  5.30744554E-04
2.17242412E-01  3.38359438E-02  5.37281565E-04
2.17541027E-01  3.38576250E-02  5.29025390E-04
2.17839642E-01  3.34395021E-02  5.34775376E-04
2.18138257E-01  3.40190791E-02  5.29355602E-04
2.18436872E-01  3.39568257E-02  5.34372288E-04
2.18735487E-01  3.35406587E-02  5.28412347E-04
2.19034102E-01  3.43722999E-02  5.35240863E-04
2.19332717E-01  3.47162783E-02  5.41451329E-04
2.19631332E-01  3.42681669E-02  5.35701751E-04
2.19929947E-01  3.48862000E-02  5.38433960E-04
2.20228562E-01  3.34475413E-02  5.25512500E-04
2.20527177E-01  3.44053730E-02  5.35820844E-04
2.20825792E-01  3.50226127E-02  5.41248941E-04
2.21124407E-01  3.47493589E-02  5.37539832E-04
2.21423022E-01  3.47427800E-02  5.36540058E-04
2.21721637E-01  3.48066613E-02  5.35931205E-04
2.22020252E-01  3.56441103E-02  5.42182359E-04
2.22318867E-01  3.53744067E-02  5.43642906E-04
2.22617482E-01  3.52887698E-02  5.36653155E-04
2.22916097E-01  3.51237841E-02  5.42682887E-04
2.23214712E-01  3.40288654E-02  5.28676494E-04
2.23513327E-01  3.44585404E-02  5.35610598E-04
2.23811942E-01  3.47838290E-02  5.35135798E-04
2.24110557E-01  3.46484855E-02  5.31921745E-04
2.24409172E-01  3.45987901E-02  5.35595289E-04
2.24707787E-01  3.50291617E-02  5.33755461E-04
2.25006402E-01  3.45508046E-02  5.36332489E-04
2.25305017E-01  3.44773903E-02  5.26203716E-04
2.25603632E-01  3.39948870E-02  5.29813697E-04
2.25902247E-01  3.30900438E-02  5.23330353E-04
2.26200862E-01  3.48036997E-02  5.33738814E-04
2.26499477E-01  3.46602462E-02  5.30790363E-04
2.26798092E-01  3.44859511E-02  5.32383332E-04
2.27096707E-01  3.30581479E-02  5.20487840E-04
2.27395322E-01  3.38966139E-02  5.29053679E-04
2.27693937E-01  3.34334038E-02  5.18924557E-04
2.27992552E-01  3.32429260E-02  5.19230613E-04
2.28291167E-01  3.24433409E-02  5.12653904E-04
2.28589782E-01  3.22584026E-02  5.15359920E-04
2.28888397E-01  3.22626643E-02  5.13596053E-04
2.29187012E-01  3.23073864E-02  5.09679143E-04
2.29485627E-01  3.20469216E-02  5.09516394E-04
2.29784242E-01  3.25901024E-02  5.16198867E-04
2.30082857E-01  3.26044410E-02  5.12899540E-04
2.30381472E-01  3.22653614E-02  5.09206322E-04
2.30680087E-01  3.19878235E-02  5.08319878E-04
2.30978702E-01  3.01381443E-02  4.93405387E-04
2.31277317E-01  3.03695183E-02  4.95866057E-04
2.31575932E-01  3.02793626E-02  4.94988170E-04
2.31874547E-01  3.05100400E-02  4.93060390E-04
2.32173162E-01  3.05008180E-02  4.95375600E-04
2.32471777E-01  2.94117481E-02  4.87428013E-04
2.32770392E-01  2.93391254E-02  4.85159660E-04
2.33069007E-01  2.90814675E-02  4.82750620E-04
2.33367622E-01  2.95521077E-02  4.84851829E-04
2.33666237E-01  3.03368773E-02  4.95465181E-04
2.33964852E-01  2.90048961E-02  4.80751478E-04
2.34263467E-01  2.95149945E-02  4.84961463E-04
2.34562082E-01  2.84007583E-02  4.76936519E-04
2.34860697E-01  2.81446334E-02  4.73973923E-04
2.35159312E-01  2.83607207E-02  4.76331305E-04
2.35457927E-01  2.93163918E-02  4.81698225E-04
2.35756542E-01  2.75248550E-02  4.64923010E-04
2.36055157E-01  2.70349458E-02  4.64671641E-04
2.36353772E-01  2.74675209E-02  4.67977370E-04
2.36652387E-01  2.70893350E-02  4.67265898E-04
2.36951002E-01  2.69491747E-02  4.57620976E-04
2.37249617E-01  2.71511879E-02  4.66600672E-04
2.37548232E-01  2.73431893E-02  4.66129743E-04
2.37846847E-01  2.67489497E-02  4.59484610E-04
2.38145462E-01  2.66883988E-02  4.58579772E-04
2.38444077E-01  2.68868692E-02  4.57222661E-04
2.38742692E-01  2.65707783E-02  4.62117983E-04
2.39041307E-01  2.64889318E-02  4.57249756E-04
2.39339922E-01  2.68886946E-02  4.59786970E-04
2.39638537E-01  2.72489395E-02  4.63245873E-04
2.39937152E-01  2.70270184E-02  4.60071838E-04
2.40235767E-01  2.68919896E-02  4.62146272E-04
2.40534382E-01  2.74415258E-02  4.63846460E-04
2.40832997E-01  2.68359967E-02  4.57683025E-04
2.41131612E-01  2.70270966E-02  4.61748743E-04
2.41430227E-01  2.72632260E-02  4.59913717E-04
2.41728842E-01  2.73638610E-02  4.65401419E-04
2.42027457E-01  2.76624560E-02  4.61746909E-04
2.42326072E-01  2.79849246E-02  4.66221216E-04
2.42624687E-01  2.71346625E-02  4.63451201E-04
2.42923302E-01  2.76865885E-02  4.65402991E-04
2.43221917E-01  2.74421722E-02  4.59030154E-04
2.43520532E-01  2.73434408E-02  4.60090028E-04
2.43819147E-01  2.78617516E-02  4.64814657E-04
2.44117762E-01  2.74832807E-02  4.63823933E-04
2.44416377E-01  2.74563730E-02  4.64761833E-04
2.44714992E-01  2.81109065E-02  4.64088691E-04
2.45013607E-01  2.72806026E-02  4.61985124E-04
2.45312222E-01  2.76546627E-02  4.62325872E-04
2.45610837E-01  2.82193366E-02  4.68439306E-04
2.45909452E-01  2.83021946E-02  4.64407436E-04
2.46208067E-01  2.87228767E-02  4.71691514E-04
2.46506682E-01  2.82423962E-02  4.66704892E-04
2.46805297E-01  2.86277644E-02  4.73655527E-04
2.47103912E-01  2.92276461E-02  4.72583022E-04
2.47402527E-01  2.81121526E-02  4.63478093E-04
2.47701142E-01  2.92175338E-02  4.75348992E-04
2.47999757E-01  2.90074665E-02  4.73248452E-04
2.48298372E-01  2.87049599E-02  4.73509048E-04
2.48596987E-01  2.92864628E-02  4.69259627E-04
2.48895602E-01  2.89363712E-02  4.69719060E-04
2.49194217E-01  2.94654313E-02  4.74508823E-04
2.49492832E-01  2.95548905E-02  4.76134708E-04
2.49791447E-01  2.99395733E-02  4.80403309E-04
2.50090062E-01  3.01134866E-02  4.78534726E-04
2.50388677E-01  2.93777790E-02  4.76007146E-04
2.50687292E-01  2.99360584E-02  4.78808419E-04
2.50985907E-01  2.93559041E-02  4.71462932E-04
2.51284522E-01  3.01682502E-02  4.80925431E-04
2.51583137E-01  3.05171795E-02  4.80183779E-04
2.51881752E-01  2.99965646E-02  4.78127768E-04
2.52180367E-01  3.00805308E-02  4.78797563E-04
2.52478982E-01  3.03170439E-02  4.78995440E-04
2.52777597E-01  3.13660167E-02  4.88131598E-04
2.53076212E-01  3.12386714E-02  4.87272220E-04
2.53374827E-01  3.11577488E-02  4.88092657E-04
2.53673442E-01  3.07987891E-02  4.79072158E-04
2.53972057E-01  3.10836639E-02  4.85149561E-04
2.54270672E-01  3.10519654E-02  4.84772900E-04
2.54569287E-01  3.12543586E-02  4.88588004E-04
2.54867902E-01  3.12608294E-02  4.86141536E-04
2.55166517E-01  3.18710059E-02  4.87732672E-04
2.55465132E-01  3.16712782E-02  4.88931313E-04
2.55763747E-01  3.15712206E-02  4.88552381E-04
2.56062362E-01  3.13126296E-02  4.86418023E-04
2.56360977E-01  3.27176675E-02  4.93911328E-04
2.56659592E-01  3.12994793E-02  4.81815659E-04
2.56958207E-01  3.04769184E-02  4.79372247E-04
2.57256822E-01  3.14542577E-02  4.86218778E-04
2.57555437E-01  3.15124877E-02  4.84349177E-04
2.57854052E-01  3.22317369E-02  4.91015788E-04
2.58152667E-01  3.20190936E-02  4.91092680E-04
2.58451282E-01  3.15163732E-02  4.87353624E-04
2.58749897E-01  3.23205367E-02  4.88976017E-04
2.59048512E-01  3.03546693E-02  4.74871747E-04
2.59347127E-01  3.12504657E-02  4.81574942E-04
2.59645742E-01  3.05246338E-02  4.78350878E-04
2.59944357E-01  3.05774342E-02  4.79531736E-04
2.60242972E-01  3.02901398E-02  4.71274223E-04
2.60541587E-01  3.05387229E-02  4.77575813E-04
2.60840202E-01  3.09795551E-02  4.79741342E-04
2.61138817E-01  3.04206982E-02  4.76780668E-04
2.61437432E-01  2.96929795E-02  4.69428574E-04
2.61736047E-01  3.08270752E-02  4.76182584E-04
2.62034662E-01  2.99539454E-02  4.71613341E-04
2.62333277E-01  2.98335254E-02  4.70417581E-04
2.62631892E-01  2.93966737E-02  4.64280194E-04
2.62930507E-01  2.85686273E-02  4.57934075E-04
2.63229122E-01  2.85554770E-02  4.58667055E-04
2.63527737E-01  2.82471199E-02  4.59075236E-04
2.63826352E-01  2.84952857E-02  4.57110931E-04
2.64124967E-01  2.80847792E-02  4.53807472E-04
2.64423582E-01  2.80553959E-02  4.53925662E-04
2.64722197E-01  2.82604862E-02  4.53811750E-04
2.65020812E-01  2.74223816E-02  4.51492815E-04
2.65319427E-01  2.68920399E-02  4.41208977E-04
2.65618042E-01  2.76265200E-02  4.51862754E-04
2.65916657E-01  2.68682837E-02  4.43876546E-04
2.66215272E-01  2.62647327E-02  4.38293762E-04
2.66513887E-01  2.72508208E-02  4.46794787E-04
2.66812502E-01  2.57284585E-02  4.31452412E-04
2.67111117E-01  2.63701342E-02  4.39746596E-04
2.67409732E-01  2.63577159E-02  4.38504212E-04
2.67708347E-01  2.52032485E-02  4.29462205E-04
2.68006962E-01  2.49791499E-02  4.26884886E-04
2.68305577E-01  2.55296361E-02  4.30118671E-04
2.68604192E-01  2.52538547E-02  4.28894768E-04
2.68902807E-01  2.59081200E-02  4.33855603E-04
2.69201422E-01  2.48709098E-02  4.23123973E-04
2.69500037E-01  2.48583071E-02  4.24757716E-04
2.69798652E-01  2.46008225E-02  4.22335608E-04
2.70097267E-01  2.43119635E-02  4.22577170E-04
2.70395882E-01  2.48708520E-02  4.20875411E-04
2.70694497E-01  2.50901412E-02  4.26298851E-04
2.70993112E-01  2.45193783E-02  4.22183541E-04
2.71291727E-01  2.36541741E-02  4.14348324E-04
2.71590342E-01  2.44917646E-02  4.22711833E-04
2.71888957E-01  2.51182467E-02  4.22648154E-04
2.72187572E-01  2.39240211E-02  4.14895156E-04
2.72486187E-01  2.40091607E-02  4.16058960E-04
2.72784802E-01  2.37025581E-02  4.14243696E-04
2.73083417E-01  2.36580037E-02  4.09666245E-04
2.73382032E-01  2.38922518E-02  4.14095208E-04
2.73680647E-01  2.39323936E-02  4.16357216E-04
2.73979262E-01  2.34714318E-02  4.10329696E-04
2.74277877E-01  2.34597642E-02  4.08567837E-04
2.74576492E-01  2.33170707E-02  4.07942949E-04
2.74875107E-01  2.38188393E-02  4.13568894E-04
2.75173722E-01  2.29340326E-02  4.06437612E-04
2.75472337E-01  2.30565518E-02  4.03015147E-04
2.75770952E-01  2.26774178E-02  4.03540878E-04
2.76069567E-01  2.34536342E-02  4.06371109E-04
2.76368182E-01  2.29852721E-02  4.07730025E-04
2.76666797E-01  2.29929667E-02  4.06652747E-04
2.76965412E-01  2.38758530E-02  4.09708591E-04
2.77264027E-01  2.38512121E-02  4.12702619E-04
2.77562642E-01  2.34496277E-02  4.05632483E-04
2.77861257E-01  2.41760425E-02  4.17200528E-04
2.78159872E-01  2.34849378E-02  4.05636849E-04
2.78458487E-01  2.35133078E-02  4.07405052E-04
2.78757102E-01  2.33156960E-02  4.08670137E-04
2.79055717E-01  2.32895184E-02  4.05972445E-04
2.79354332E-01  2.30020862E-02  4.03359212E-04
2.79652947E-01  2.35091299E-02  4.07884043E-04
2.79951562E-01  2.23253760E-02  3.94229661E-04
2.80250177E-01  2.35810131E-02  4.10368433E-04
2.80548792E-01  2.37867702E-02  4.09569213E-04
2.80847407E-01  2.28046868E-02  3.99529235E-04
2.81146022E-01  2.39026118E-02  4.10773006E-04
2.81444637E-01  2.34129317E-02  4.07566811E-04
2.81743252E-01  2.34535132E-02  4.06186125E-04
2.82041867E-01  2.43299101E-02  4.10138833E-04
2.82340482E-01  2.37817373E-02  4.08816501E-04
2.82639097E-01  2.32498571E-02  4.04421793E-04
2.82937712E-01  2.29376629E-02  4.00998309E-04
2.83236327E-01  2.33071651E-02  4.04015300E-04
2.83534942E-01  2.33067181E-02  4.02019243E-04
2.83833557E-01  2.37700511E-02  4.08314052E-04
2.84132172E-01  2.40510926E-02  4.10008128E-04
2.84430787E-01  2.29623802E-02  4.02724836E-04
2.84729402E-01  2.35586725E-02  4.02903708E-04
2.85028017E-01  2.41712481E-02  4.10626963E-04
2.85326632E-01  2.40342654E-02  4.12123656E-04
2.85625247E-01  2.37957798E-02  4.03550221E-04
2.85923862E-01  2.38405410E-02  4.07307525E-04
2.86222477E-01  2.37103216E-02  4.05794068E-04
2.86521092E-01  2.43127551E-02  4.11019282E-04
2.86819707E-01  2.41177771E-02  4.12224530E-04
2.87118322E-01  2.40379330E-02  4.05505009E-04
2.87416937E-01  2.36818660E-02  4.04360617E-04
2.87715552E-01  2.40806919E-02  4.07154352E-04
2.88014167E-01  2.36190949E-02  4.06020612E-04
2.88312782E-01  2.40244977E-02  4.08783293E-04
2.88611397E-01  2.39510201E-02  4.03407932E-04
2.88910012E-01  2.46228520E-02  4.14253824E-04
2.89208627E-01  2.41077617E-02  4.07786923E-04
2.89507242E-01  2.39898842E-02  4.06491425E-04
2.89805857E-01  2.44171172E-02  4.08601045E-04
2.90104472E-01  2.50690524E-02  4.13419650E-04
2.90403087E-01  2.39286311E-02  4.08276595E-04
2.90701702E-01  2.37070099E-02  4.03206097E-04
2.91000317E-01  2.47953404E-02  4.11657878E-04
2.91298932E-01  2.49178950E-02  4.13578586E-04
2.91597547E-01  2.47776397E-02  4.13018017E-04
2.91896162E-01  2.42327899E-02  4.08153806E-04
2.92194777E-01  2.55868696E-02  4.17776115E-04
2.92493392E-01  2.48779953E-02  4.12348745E-04
2.92792007E-01  2.43836436E-02  4.08728200E-04
2.93090622E-01  2.50171684E-02  4.13803791E-04
2.93389237E-01  2.49930229E-02  4.13404399E-04
2.93687852E-01  2.43766289E-02  4.05433384E-04
2.93986467E-01  2.49096360E-02  4.12816473E-04
2.94285082E-01  2.51256898E-02  4.12506750E-04
2.94583697E-01  2.45226659E-02  4.10597335E-04
2.94882312E-01  2.54050475E-02  4.15194983E-04
2.95180927E-01  2.51997374E-02  4.10853158E-04
2.95479542E-01  2.59294193E-02  4.20575379E-04
2.95778157E-01  2.55542845E-02  4.15915652E-04
2.96076772E-01  2.46083178E-02  4.08440304E-04
2.96375387E-01  2.48199217E-02  4.09701344E-04
2.96674002E-01  2.53097471E-02  4.13527043E-04
2.96972617E-01  2.55322494E-02  4.18056210E-04
2.97271232E-01  2.65986808E-02  4.26906074E-04
2.97569847E-01  2.65355483E-02  4.26607701E-04
2.97868462E-01  2.61810385E-02  4.24992206E-04
2.98167077E-01  2.66699251E-02  4.31058113E-04
2.98465692E-01  2.55012140E-02  4.24137514E-04
2.98764307E-01  2.61299796E-02  4.25623904E-04
2.99062922E-01  2.54657343E-02  4.22787911E-04
2.99361537E-01  2.64018960E-02  4.31890425E-04
2.99660152E-01  2.58710887E-02  4.28279978E-04
2.99958767E-01  2.61172894E-02  4.30530752E-04
3.00257382E-01  2.56776866E-02  4.28080355E-04
3.00555997E-01  2.66071949E-02  4.35540220E-04
3.00854612E-01  2.62211896E-02  4.31715918E-04
3.01153227E-01  2.55901683E-02  4.29314474E-04
3.01451842E-01  2.57995594E-02  4.29099629E-04
3.01750457E-01  2.49771103E-02  4.27099556E-04
3.02049072E-01  2.63045914E-02  4.35158319E-04
3.02347687E-01  2.61087306E-02  4.42203396E-04
3.02646302E-01  2.54410226E-02  4.42068354E-04
3.02944917E-01  2.63639390E-02  4.49893938E-04
3.03243532E-01  2.52653304E-02  4.48811392E-04
3.03542147E-01  2.47595124E-02  4.45053040E-04
3.03840762E-01  2.63856724E-02  4.59176459E-04
3.04139377E-01  2.62729377E-02  4.64154291E-04
3.04437992E-01  2.58559994E-02  4.56361304E-04
3.04736607E-01  2.64113247E-02  4.68799059E-04
3.05035222E-01  2.60556862E-02  4.61832184E-04
3.05333837E-01  2.62675099E-02  4.66835045E-04
3.05632452E-01  2.63714604E-02  4.71520732E-04
3.05931067E-01  2.59392485E-02  4.65282705E-04
3.06229682E-01  2.54298132E-02  4.65681893E-04
3.06528297E-01  2.61014979E-02  4.67291771E-04
3.06826912E-01  2.61180773E-02  4.73234337E-04
3.07125527E-01  2.55135316E-02  4.68868850E-04
3.07424142E-01  2.53482945E-02  4.66779049E-04
3.07722757E-01  2.57393029E-02  4.74140135E-04
3.08021372E-01  2.57626437E-02  4.70437779E-04
3.08319987E-01  2.63577290E-02  4.72257612E-04
3.08618602E-01  2.51157619E-02  4.56499314E-04
3.08917217E-01  2.65920684E-02  4.62698226E-04
3.09215832E-01  2.53847428E-02  4.55996982E-04
3.09514447E-01  2.54242644E-02  4.49231215E-04
3.09813062E-01  2.55553927E-02  4.51407250E-04
3.10111677E-01  2.52552163E-02  4.46732651E-04
3.10410292E-01  2.54124645E-02  4.42575460E-04
3.10708907E-01  2.52561644E-02  4.45496640E-04
3.11007522E-01  2.58418471E-02  4.44361853E-04
3.11306137E-01  2.55153757E-02  4.47156723E-04
3.11604752E-01  2.57081892E-02  4.43574390E-04
3.11903367E-01  2.56144386E-02  4.42286138E-04
3.12201982E-01  2.51656380E-02  4.38276795E-04
3.12500597E-01  2.45759841E-02  4.29180742E-04
3.12799212E-01  2.48431452E-02  4.35108726E-04
3.13097827E-01  2.51978692E-02  4.35158086E-04
3.13396442E-01  2.54083481E-02  4.36391798E-04
3.13695057E-01  2.54406109E-02  4.38892224E-04
3.13993672E-01  2.48206332E-02  4.29155596E-04
3.14292287E-01  2.56309137E-02  4.37257753E-04
3.14590902E-01  2.53492501E-02  4.33589827E-04
3.14889517E-01  2.61577833E-02  4.40451608E-04
3.15188132E-01  2.54437421E-02  4.36935283E-04
3.15486747E-01  2.56481431E-02  4.32853092E-04
3.15785362E-01  2.51469649E-02  4.31520806E-04
3.16083977E-01  2.49667671E-02  4.26735583E-04
3.16382592E-01  2.47175731E-02  4.26927203E-04
3.16681207E-01  2.58374307E-02  4.34564863E-04
3.16979822E-01  2.47300752E-02  4.24491998E-04
3.17278437E-01  2.45160256E-02  4.24079073E-04
3.17577052E-01  2.43494641E-02  4.21323988E-04
3.17875667E-01  2.52005924E-02  4.34622198E-04
3.18174282E-01  2.43745334E-02  4.31357010E-04
3.18472897E-01  2.47744471E-02  4.41136654E-04
3.18771512E-01  2.42554992E-02  4.34800895E-04
3.19070127E-01  2.43757181E-02  4.39291267E-04
3.19368742E-01  2.47976333E-02  4.43451660E-04
3.19667357E-01  2.48158537E-02  4.43990546E-04
3.19965972E-01  2.47049183E-02  4.43999976E-04
3.20264587E-01  2.38598101E-02  4.38329967E-04
3.20563202E-01  2.46149823E-02  4.44832927E-04
3.20861817E-01  2.39469949E-02  4.39635012E-04
3.21160432E-01  2.44148821E-02  4.42519406E-04
3.21459047E-01  2.43099015E-02  4.45771904E-04
3.21757662E-01  2.35034842E-02  4.35548543E-04
3.22056277E-01  2.33235620E-02  4.33631358E-04
3.22354892E-01  2.35010628E-02  4.39061318E-04
3.22653507E-01  2.33354643E-02  4.36119764E-04
3.22952122E-01  2.42367815E-02  4.48368257E-04
3.23250737E-01  2.40736958E-02  4.38428862E-04
3.23549352E-01  2.37007421E-02  4.40415577E-04
3.23847967E-01  2.43608486E-02  4.48595616E-04
3.24146582E-01  2.39891522E-02  4.43863188E-04
3.24445197E-01  2.38281526E-02  4.42630349E-04
3.24743812E-01  2.36714743E-02  4.40404285E-04
3.25042427E-01  2.33572144E-02  4.42120974E-04
3.25341042E-01  2.44975798E-02  4.47635743E-04
3.25639657E-01  2.39271056E-02  4.44852427E-04
3.25938272E-01  2.41207331E-02  4.47833561E-04
3.26236887E-01  2.32109055E-02  4.35851922E-04
3.26535502E-01  2.37250477E-02  4.47324041E-04
3.26834117E-01  2.31319852E-02  4.36763628E-04
3.27132732E-01  2.31561568E-02  4.39181546E-04
3.27431347E-01  2.32917164E-02  4.41118318E-04
3.27729962E-01  2.34290119E-02  4.40335833E-04
3.28028577E-01  2.29309946E-02  4.42703109E-04
3.28327192E-01  2.29008961E-02  4.31938650E-04
3.28625807E-01  2.34140977E-02  4.43993835E-04
3.28924422E-01  2.34619938E-02  4.44183883E-04
3.29223037E-01  2.31928267E-02  4.39797936E-04
3.29521652E-01  2.33814884E-02  4.42501187E-04
3.29820267E-01  2.33242866E-02  4.40394564E-04
3.30118882E-01  2.29945425E-02  4.42121003E-04
3.30417497E-01  2.34710854E-02  4.44276433E-04
3.30716112E-01  2.27292161E-02  4.34616057E-04
3.31014727E-01  2.29184180E-02  4.37196082E-04
3.31313342E-01  2.28812788E-02  4.35301190E-04
3.31611957E-01  2.28848606E-02  4.40012111E-04
3.31910572E-01  2.36777775E-02  4.44383797E-04
3.32209187E-01  2.31638532E-02  4.37599403E-04
3.32507802E-01  2.32520308E-02  4.43398836E-04
3.32806417E-01  2.29624361E-02  4.34804155E-04
3.33105032E-01  2.27149799E-02  4.36423230E-04
3.33403647E-01  2.36799177E-02  4.42711957E-04
3.33702262E-01  2.35007182E-02  4.41294018E-04
3.34000877E-01  2.32084151E-02  4.38284857E-04
3.34299492E-01  2.36342587E-02  4.43723402E-04
3.34598107E-01  2.24996284E-02  4.33326670E-04
3.34896722E-01  2.32966971E-02  4.36693692E-04
3.35195337E-01  2.28494033E-02  4.33363632E-04
3.35493952E-01  2.29776148E-02  4.37133916E-04
3.35792567E-01  2.34191343E-02  4.39762051E-04
3.36091182E-01  2.23865137E-02  4.30589513E-04
3.36389797E-01  2.34147757E-02  4.37678478E-04
3.36688412E-01  2.20933128E-02  4.27888648E-04
3.36987027E-01  2.25609187E-02  4.29751264E-04
3.37285642E-01  2.30677463E-02  4.36329196E-04
3.37584257E-01  2.22581569E-02  4.29233711E-04
3.37882872E-01  2.35765353E-02  4.39704658E-04
3.38181487E-01  2.28472948E-02  4.34497430E-04
3.38480102E-01  2.21479554E-02  4.21426463E-04
3.38778717E-01  2.33328566E-02  4.38451214E-04
3.39077332E-01  2.36667581E-02  4.39784082E-04
3.39375947E-01  2.25914158E-02  4.29553620E-04
3.39674562E-01  2.34538913E-02  4.40492353E-04
3.39973177E-01  2.20697373E-02  4.22857061E-04
3.40271792E-01  2.24358663E-02  4.29320848E-04
3.40570407E-01  2.32829694E-02  4.36589762E-04
3.40869022E-01  2.24413574E-02  4.26161481E-04
3.41167637E-01  2.29016468E-02  4.31875989E-04
3.41466252E-01  2.31907070E-02  4.31983324E-04
3.41764867E-01  2.27130856E-02  4.32728324E-04
3.42063482E-01  2.20276024E-02  4.22826590E-04
3.42362097E-01  2.28733867E-02  4.28532978E-04
3.42660712E-01  2.26272866E-02  4.30157903E-04
3.42959327E-01  2.25012917E-02  4.24552651E-04
3.43257942E-01  2.31918190E-02  4.35493537E-04
3.43556557E-01  2.22111437E-02  4.23011865E-04
3.43855172E-01  2.21353024E-02  4.22410958E-04
3.44153787E-01  2.25610677E-02  4.26211918E-04
3.44452402E-01  2.24134102E-02  4.24332073E-04
3.44751017E-01  2.31404416E-02  4.32022498E-04
3.45049632E-01  2.23195422E-02  4.20226803E-04
3.45348247E-01  2.29310151E-02  4.30065731E-04
3.45646862E-01  2.29600836E-02  4.28505969E-04
3.45945477E-01  2.29302403E-02  4.28471656E-04
3.46244092E-01  2.29361057E-02  4.23509977E-04
3.46542707E-01  2.27942932E-02  4.22551471E-04
3.46841322E-01  2.22461093E-02  4.20487020E-04
3.47139937E-01  2.26494763E-02  4.22856392E-04
3.47438552E-01  2.23669335E-02  4.17072908E-04
3.47737167E-01  2.30070800E-02  4.26422775E-04
3.48035782E-01  2.33008210E-02  4.25341976E-04
3.48334397E-01  2.26168260E-02  4.22320416E-04
3.48633012E-01  2.26341430E-02  4.16587165E-04
3.48931627E-01  2.31553316E-02  4.24600497E-04
3.49230242E-01  2.28298791E-02  4.22775542E-04
3.49528857E-01  2.31117159E-02  4.24086058E-04
3.49827472E-01  2.27045286E-02  4.21032164E-04
3.50126087E-01  2.27787700E-02  4.17695497E-04
3.50424702E-01  2.25970261E-02  4.19688586E-04
3.50723317E-01  2.32540872E-02  4.23994643E-04
3.51021932E-01  2.30706837E-02  4.23832884E-04
3.51320547E-01  2.25154981E-02  4.16525378E-04
3.51619162E-01  2.28319820E-02  4.18530544E-04
3.51917777E-01  2.29319036E-02  4.21283330E-04
3.52216392E-01  2.25976128E-02  4.17402101E-04
3.52515007E-01  2.24661510E-02  4.14267764E-04
3.52813622E-01  2.30086613E-02  4.19241085E-04
3.53112237E-01  2.24952623E-02  4.19101707E-04
3.53410852E-01  2.23742612E-02  4.17282106E-04
3.53709467E-01  2.36131791E-02  4.20525612E-04
3.54008082E-01  2.32150052E-02  4.21464501E-04
3.54306697E-01  2.28496995E-02  4.18363576E-04
3.54605312E-01  2.31963489E-02  4.23717371E-04
3.54903927E-01  2.28311624E-02  4.21644101E-04
3.55202542E-01  2.27579586E-02  4.12081747E-04
3.55501157E-01  2.35731248E-02  4.25865815E-04
3.55799772E-01  2.24648844E-02  4.13822505E-04
3.56098387E-01  2.25288272E-02  4.15423507E-04
3.56397002E-01  2.27676593E-02  4.17281350E-04
3.56695617E-01  2.32903548E-02  4.17432777E-04
3.56994232E-01  2.28839368E-02  4.21327422E-04
3.57292847E-01  2.32122038E-02  4.17509989E-04
3.57591462E-01  2.31730863E-02  4.19736170E-04
3.57890077E-01  2.29271054E-02  4.16718714E-04
3.58188692E-01  2.28342917E-02  4.14211536E-04
3.58487307E-01  2.25944463E-02  4.17628704E-04
3.58785922E-01  2.35804264E-02  4.19145479E-04
3.59084537E-01  2.35108901E-02  4.22677316E-04
3.59383152E-01  2.33728252E-02  4.19856078E-04
3.59681767E-01  2.27835122E-02  4.14863287E-04
3.59980382E-01  2.25797184E-02  4.16929397E-04
3.60278997E-01  2.24956628E-02  4.07465937E-04
3.60577612E-01  2.28400175E-02  4.16722032E-04
3.60876227E-01  2.35873405E-02  4.22010693E-04
3.61174842E-01  2.29725707E-02  4.13936999E-04
3.61473457E-01  2.25401167E-02  4.10023669E-04
3.61772072E-01  2.29346566E-02  4.14805516E-04
3.62070687E-01  2.26718523E-02  4.14968206E-04
3.62369302E-01  2.40317173E-02  4.24162543E-04
3.62667917E-01  2.29715668E-02  4.14592476E-04
3.62966532E-01  2.34064329E-02  4.17174626E-04
3.63265147E-01  2.30561737E-02  4.15578368E-04
3.63563762E-01  2.26563588E-02  4.12070047E-04
3.63862377E-01  2.23628283E-02  4.07879852E-04
3.64160992E-01  2.34415680E-02  4.17933596E-04
3.64459607E-01  2.39886381E-02  4.23007034E-04
3.64758222E-01  2.37724762E-02  4.21098201E-04
3.65056837E-01  2.34441776E-02  4.18846408E-04
3.65355452E-01  2.37348191E-02  4.17687901E-04
3.65654067E-01  2.32776180E-02  4.17137489E-04
3.65952682E-01  2.39319969E-02  4.19859600E-04
3.66251297E-01  2.35221107E-02  4.20440076E-04
3.66549912E-01  2.28512511E-02  4.10486799E-04
3.66848527E-01  2.35345792E-02  4.14420821E-04
3.67147142E-01  2.34875157E-02  4.20023076E-04
3.67445757E-01  2.33364031E-02  4.14284674E-04
3.67744372E-01  2.40354724E-02  4.21545235E-04
3.68042987E-01  2.29487568E-02  4.11046291E-04
3.68341602E-01  2.37614829E-02  4.18481271E-04
3.68640217E-01  2.40838267E-02  4.23305726E-04
3.68938832E-01  2.38039307E-02  4.15508024E-04
3.69237447E-01  2.40073744E-02  4.20535333E-04
3.69536062E-01  2.32852716E-02  4.12338646E-04
3.69834677E-01  2.33367439E-02  4.15273476E-04
3.70133292E-01  2.34200470E-02  4.17218485E-04
3.70431907E-01  2.33987290E-02  4.11645888E-04
3.70730522E-01  2.45389007E-02  4.24729020E-04
3.71029137E-01  2.31490452E-02  4.10183653E-04
3.71327752E-01  2.38155723E-02  4.17881354E-04
3.71626367E-01  2.35029235E-02  4.14700073E-04
3.71924982E-01  2.34811939E-02  4.14187729E-04
3.72223597E-01  2.31095273E-02  4.12933558E-04
3.72522212E-01  2.36191507E-02  4.12849040E-04
3.72820827E-01  2.34963596E-02  4.13683709E-04
3.73119442E-01  2.45944448E-02  4.23350546E-04
3.73418057E-01  2.43845694E-02  4.19489399E-04
3.73716672E-01  2.38020103E-02  4.19520482E-04
3.74015287E-01  2.39012893E-02  4.13941103E-04
3.74313902E-01  2.35697050E-02  4.13058879E-04
3.74612517E-01  2.37932224E-02  4.16082446E-04
3.74911132E-01  2.34951507E-02  4.12831432E-04
3.75209747E-01  2.43174322E-02  4.20643773E-04
3.75508362E-01  2.43262835E-02  4.17930481E-04
3.75806977E-01  2.42984314E-02  4.19187767E-04
3.76105592E-01  2.38307845E-02  4.15029412E-04
3.76404207E-01  2.53169388E-02  4.27995546E-04
3.76702822E-01  2.49549542E-02  4.23086865E-04
3.77001437E-01  2.41455045E-02  4.16487572E-04
3.77300052E-01  2.40398906E-02  4.18354030E-04
3.77598667E-01  2.42478419E-02  4.19189222E-04
3.77897282E-01  2.44707018E-02  4.18012612E-04
3.78195897E-01  2.41690166E-02  4.14800335E-04
3.78494512E-01  2.44220421E-02  4.19513730E-04
3.78793127E-01  2.42059976E-02  4.16911236E-04
3.79091742E-01  2.41080597E-02  4.15224407E-04
3.79390357E-01  2.41716094E-02  4.15457151E-04
3.79688972E-01  2.45608017E-02  4.19001881E-04
3.79987587E-01  2.51366515E-02  4.23137564E-04
3.80286202E-01  2.52499711E-02  4.25165636E-04
3.80584817E-01  2.50210501E-02  4.23235353E-04
3.80883432E-01  2.42162105E-02  4.14695183E-04
3.81182047E-01  2.47706845E-02  4.20688943E-04
3.81480662E-01  2.49906965E-02  4.22661455E-04
3.81779277E-01  2.45079920E-02  4.15210816E-04
3.82077892E-01  2.40831785E-02  4.14918992E-04
3.82376507E-01  2.58598551E-02  4.28976637E-04
3.82675122E-01  2.54516993E-02  4.26332001E-04
3.82973737E-01  2.42911950E-02  4.14825219E-04
3.83272352E-01  2.46358737E-02  4.15060756E-04
3.83570967E-01  2.48517524E-02  4.20431810E-04
3.83869582E-01  2.47803554E-02  4.18565585E-04
3.84168197E-01  2.51144432E-02  4.22225683E-04
3.84466812E-01  2.51184124E-02  4.20572265E-04
3.84765427E-01  2.47400012E-02  4.16874216E-04
3.85064042E-01  2.44356636E-02  4.17535950E-04
3.85362657E-01  2.41964180E-02  4.12785594E-04
3.85661272E-01  2.45370045E-02  4.12809546E-04
3.85959887E-01  2.50492934E-02  4.21368633E-04
3.86258502E-01  2.54878346E-02  4.21877659E-04
3.86557117E-01  2.53723804E-02  4.26441635E-04
3.86855732E-01  2.52581295E-02  4.19456861E-04
3.87154347E-01  2.55465619E-02  4.21638513E-04
3.87452962E-01  2.42086630E-02  4.14141075E-04
3.87751577E-01  2.52069477E-02  4.17801086E-04
3.88050192E-01  2.56047137E-02  4.25917853E-04
3.88348807E-01  2.51340251E-02  4.16078343E-04
3.88647422E-01  2.49013565E-02  4.17523668E-04
3.88946037E-01  2.54725665E-02  4.21451754E-04
3.89244652E-01  2.58187987E-02  4.25148435E-04
3.89543267E-01  2.50052791E-02  4.18502052E-04
3.89841882E-01  2.44699493E-02  4.10752342E-04
3.90140497E-01  2.55764108E-02  4.24099679E-04
3.90439112E-01  2.48340648E-02  4.16864408E-04
3.90737727E-01  2.52699107E-02  4.15997318E-04
3.91036342E-01  2.46680658E-02  4.16194176E-04
3.91334957E-01  2.55088452E-02  4.18571697E-04
3.91633572E-01  2.56534815E-02  4.23691818E-04
3.91932187E-01  2.60940567E-02  4.23245830E-04
3.92230802E-01  2.58675627E-02  4.22640995E-04
3.92529417E-01  2.58709490E-02  4.25488310E-04
3.92828032E-01  2.52476856E-02  4.16026218E-04
3.93126647E-01  2.52600256E-02  4.18164214E-04
3.93425262E-01  2.52530370E-02  4.16680472E-04
3.93723877E-01  2.54182070E-02  4.20092634E-04
3.94022492E-01  2.56305300E-02  4.21534234E-04
3.94321107E-01  2.53376849E-02  4.16774303E-04
3.94619722E-01  2.54860036E-02  4.18196898E-04
3.94918337E-01  2.60178186E-02  4.22231446E-04
3.95216952E-01  2.57856008E-02  4.21470671E-04
3.95515567E-01  2.58569010E-02  4.22466808E-04
3.95814182E-01  2.58057564E-02  4.18184703E-04
3.96112797E-01  2.61199344E-02  4.23888647E-04
3.96411412E-01  2.55938768E-02  4.18784679E-04
3.96710027E-01  2.57593356E-02  4.20648197E-04
3.97008642E-01  2.58991253E-02  4.19752847E-04
3.97307257E-01  2.49100216E-02  4.12257155E-04
3.97605872E-01  2.50569955E-02  4.14576003E-04
3.97904487E-01  2.49382127E-02  4.14601644E-04
3.98203102E-01  2.63921600E-02  4.21910197E-04
3.98501717E-01  2.53194347E-02  4.14238602E-04
3.98800332E-01  2.57789493E-02  4.18685901E-04
3.99098947E-01  2.53723897E-02  4.15773247E-04
3.99397562E-01  2.71507613E-02  4.31453926E-04
3.99696177E-01  2.57658940E-02  4.18584270E-04
3.99994792E-01  2.60372590E-02  4.19573946E-04
4.00293407E-01  2.50098687E-02  4.12499736E-04
4.00592022E-01  2.52992380E-02  4.13686794E-04
4.00890637E-01  2.54901461E-02  4.15146758E-04
4.01189252E-01  2.53943726E-02  4.13971458E-04
4.01487867E-01  2.53153350E-02  4.15117043E-04
4.01786482E-01  2.51746476E-02  4.13366215E-04
4.02085097E-01  2.56541278E-02  4.13722446E-04
4.02383712E-01  2.58819312E-02  4.20858298E-04
4.02682327E-01  2.60979049E-02  4.16993076E-04
4.02980942E-01  2.47833487E-02  4.10048437E-04
4.03279557E-01  2.57806480E-02  4.16521827E-04
4.03578172E-01  2.48756800E-02  4.06924082E-04
4.03876787E-01  2.49379128E-02  4.11033485E-04
4.04175402E-01  2.62883604E-02  4.18914744E-04
4.04474017E-01  2.50033718E-02  4.10886365E-04
4.04772632E-01  2.54850425E-02  4.12662514E-04
4.05071247E-01  2.48356722E-02  4.07855259E-04
4.05369862E-01  2.49914378E-02  4.12870169E-04
4.05668477E-01  2.53597405E-02  4.08285239E-04
4.05967092E-01  2.46721525E-02  4.06322128E-04
4.06265707E-01  2.50709988E-02  4.08917287E-04
4.06564322E-01  2.50387471E-02  4.08174150E-04
4.06862937E-01  2.51641348E-02  4.13305039E-04
4.07161552E-01  2.47114655E-02  4.04075661E-04
4.07460167E-01  2.45959628E-02  4.05893865E-04
4.07758782E-01  2.52713989E-02  4.07868560E-04
4.08057397E-01  2.46836878E-02  4.05086321E-04
4.08356012E-01  2.47237664E-02  4.06951469E-04
4.08654627E-01  2.51995344E-02  4.07292624E-04
4.08953242E-01  2.49408744E-02  4.09417320E-04
4.09251857E-01  2.48498842E-02  4.05310828E-04
4.09550472E-01  2.52041947E-02  4.08382708E-04
4.09849087E-01  2.49829497E-02  4.06778388E-04
4.10147702E-01  2.44605727E-02  4.00723860E-04
4.10446317E-01  2.41785571E-02  4.02640551E-04
4.10744932E-01  2.51770150E-02  4.08263993E-04
4.11043547E-01  2.45593898E-02  3.99775920E-04
4.11342162E-01  2.47486997E-02  4.04684513E-04
4.11640777E-01  2.49615237E-02  4.07185871E-04
4.11939392E-01  2.54279878E-02  4.11361340E-04
4.12238007E-01  2.46853232E-02  4.01082623E-04
4.12536622E-01  2.45369729E-02  4.01921541E-04
4.12835237E-01  2.45908201E-02  4.00872173E-04
4.13133852E-01  2.42457818E-02  3.99625569E-04
4.13432467E-01  2.47333664E-02  4.03249491E-04
4.13731082E-01  2.47367602E-02  4.01971396E-04
4.14029697E-01  2.43564714E-02  4.00634541E-04
4.14328312E-01  2.41789948E-02  3.97876778E-04
4.14626927E-01  2.38995906E-02  3.96677118E-04
4.14925542E-01  2.46807672E-02  3.99587036E-04
4.15224157E-01  2.37127841E-02  3.94392264E-04
4.15522772E-01  2.43957210E-02  4.00684337E-04
4.15821387E-01  2.35729385E-02  3.91147740E-04
4.16120002E-01  2.36991439E-02  3.92917456E-04
4.16418617E-01  2.42886804E-02  3.98603821E-04
4.16717232E-01  2.33193785E-02  3.89849360E-04
4.17015847E-01  2.38232892E-02  3.95410694E-04
4.17314462E-01  2.36437824E-02  3.88806511E-04
4.17613077E-01  2.41066087E-02  3.96470947E-04
4.17911692E-01  2.38678195E-02  3.93235678E-04
4.18210307E-01  2.35351976E-02  3.93292517E-04
4.18508922E-01  2.31342223E-02  3.85999476E-04
4.18807537E-01  2.39310469E-02  3.92681774E-04
4.19106152E-01  2.33184807E-02  3.89943307E-04
4.19404767E-01  2.37487555E-02  3.93253838E-04
4.19703382E-01  2.34360509E-02  3.87544831E-04
4.20001997E-01  2.27065254E-02  3.83208622E-04
4.20300612E-01  2.34340504E-02  3.87883163E-04
4.20599227E-01  2.34997384E-02  3.91553564E-04
4.20897842E-01  2.36745384E-02  3.90581728E-04
4.21196457E-01  2.32767034E-02  3.86232277E-04
4.21495072E-01  2.32335404E-02  3.87548760E-04
4.21793687E-01  2.32592952E-02  3.86529195E-04
4.22092302E-01  2.32627280E-02  3.88685061E-04
4.22390917E-01  2.34562494E-02  3.84683779E-04
4.22689532E-01  2.29181647E-02  3.85356165E-04
4.22988147E-01  2.30884552E-02  3.84327461E-04
4.23286762E-01  2.29922011E-02  3.85892519E-04
4.23585377E-01  2.30191518E-02  3.83492763E-04
4.23883992E-01  2.27097012E-02  3.80135258E-04
4.24182607E-01  2.27494482E-02  3.80640646E-04
4.24481222E-01  2.26996560E-02  3.82385420E-04
4.24779837E-01  2.32329592E-02  3.85188381E-04
4.25078452E-01  2.23081894E-02  3.76004435E-04
4.25377067E-01  2.27899458E-02  3.82713624E-04
4.25675682E-01  2.30990276E-02  3.82442609E-04
4.25974297E-01  2.27106381E-02  3.82136903E-04
4.26272912E-01  2.28634067E-02  3.79217818E-04
4.26571527E-01  2.28781626E-02  3.83546634E-04
4.26870142E-01  2.26526558E-02  3.78650264E-04
4.27168757E-01  2.25526318E-02  3.78408382E-04
4.27467372E-01  2.31145192E-02  3.81810503E-04
4.27765987E-01  2.22730339E-02  3.77076009E-04
4.28064602E-01  2.27862615E-02  3.79771023E-04
4.28363217E-01  2.25149952E-02  3.78523575E-04
4.28661832E-01  2.27743052E-02  3.80100042E-04
4.28960447E-01  2.23743003E-02  3.76158219E-04
4.29259062E-01  2.29515843E-02  3.80471058E-04
4.29557677E-01  2.25959849E-02  3.78019991E-04
4.29856292E-01  2.23617870E-02  3.74468975E-04
4.30154907E-01  2.22033579E-02  3.73972027E-04
4.30453522E-01  2.26865280E-02  3.79375502E-04
4.30752137E-01  2.17545535E-02  3.70589027E-04
4.31050752E-01  2.23014299E-02  3.73720337E-04
4.31349367E-01  2.21232455E-02  3.72887240E-04
4.31647982E-01  2.20032874E-02  3.71711096E-04
4.31946597E-01  2.24817749E-02  3.77751625E-04
4.32245212E-01  2.28575096E-02  3.77771357E-04
4.32543827E-01  2.18875185E-02  3.71562433E-04
4.32842442E-01  2.20389310E-02  3.74944066E-04
4.33141057E-01  2.16122419E-02  3.67259956E-04
4.33439672E-01  2.22846698E-02  3.75341566E-04
4.33738287E-01  2.15853322E-02  3.67439847E-04
4.34036902E-01  2.23887954E-02  3.76136217E-04
4.34335517E-01  2.18094066E-02  3.70824622E-04
4.34634132E-01  2.17572134E-02  3.70795751E-04
4.34932747E-01  2.21051611E-02  3.71843693E-04
4.35231362E-01  2.16774885E-02  3.68475128E-04
4.35529977E-01  2.20027976E-02  3.73304298E-04
4.35828592E-01  2.21551601E-02  3.74010007E-04
4.36127207E-01  2.22130790E-02  3.72344337E-04
4.36425822E-01  2.13775076E-02  3.65922344E-04
4.36724437E-01  2.19615269E-02  3.71217582E-04
4.37023052E-01  2.19309665E-02  3.71125381E-04
4.37321667E-01  2.08052918E-02  3.59407044E-04
4.37620282E-01  2.17792187E-02  3.70418449E-04
4.37918897E-01  2.15041377E-02  3.67337256E-04
4.38217512E-01  2.21413970E-02  3.73405375E-04
4.38516127E-01  2.14023311E-02  3.64853709E-04
4.38814742E-01  2.09541153E-02  3.59201658E-04
4.39113357E-01  2.19308715E-02  3.70805355E-04
4.39411972E-01  2.20807362E-02  3.71906703E-04
4.39710587E-01  2.12474633E-02  3.63377068E-04
4.40009202E-01  2.12635845E-02  3.64882173E-04
4.40307817E-01  2.18718592E-02  3.66830907E-04
4.40606432E-01  2.19777245E-02  3.70961759E-04
4.40905047E-01  2.17275713E-02  3.67788773E-04
4.41203662E-01  2.23855991E-02  3.71037691E-04
4.41502277E-01  2.18947977E-02  3.68879584E-04
4.41800892E-01  2.25527156E-02  3.73807619E-04
4.42099507E-01  2.18132827E-02  3.67871893E-04
4.42398122E-01  2.18164567E-02  3.66935332E-04
4.42696737E-01  2.13816054E-02  3.63340718E-04
4.42995352E-01  2.14817543E-02  3.64989857E-04
4.43293967E-01  2.19543837E-02  3.70041060E-04
4.43592582E-01  2.20890399E-02  3.71257483E-04
4.43891197E-01  2.17051934E-02  3.64497275E-04
4.44189812E-01  2.18947399E-02  3.69298155E-04
4.44488427E-01  2.14626603E-02  3.63878469E-04
4.44787042E-01  2.11135522E-02  3.62254301E-04
4.45085657E-01  2.24994421E-02  3.72566545E-04
4.45384272E-01  2.12195069E-02  3.62369436E-04
4.45682887E-01  2.22867597E-02  3.73999996E-04
4.45981502E-01  2.20508557E-02  3.68436507E-04
4.46280117E-01  2.16899086E-02  3.66208085E-04
4.46578732E-01  2.13904381E-02  3.63911415E-04
4.46877347E-01  2.18357407E-02  3.68407840E-04
4.47175962E-01  2.18833946E-02  3.72513663E-04
4.47474577E-01  2.19901893E-02  3.67217901E-04
4.47773192E-01  2.16854122E-02  3.66497989E-04
4.48071807E-01  2.19643191E-02  3.68848792E-04
4.48370422E-01  2.18784735E-02  3.69181362E-04
4.48669037E-01  2.16458552E-02  3.66248161E-04
4.48967652E-01  2.09185276E-02  3.59650032E-04
4.49266267E-01  2.14493498E-02  3.65708373E-04
4.49564882E-01  2.11813729E-02  3.63578496E-04
4.49863497E-01  2.17233375E-02  3.66667984E-04
4.50162112E-01  2.15775259E-02  3.66722990E-04
4.50460727E-01  2.14999150E-02  3.66145017E-04
4.50759342E-01  2.20834911E-02  3.71164235E-04
4.51057957E-01  2.18822714E-02  3.68982874E-04
4.51356572E-01  2.17754804E-02  3.65677610E-04
4.51655187E-01  2.15046182E-02  3.66757333E-04
4.51953802E-01  2.18223501E-02  3.68077133E-04
4.52252417E-01  2.10842639E-02  3.65427753E-04
4.52551032E-01  2.19223388E-02  3.68195761E-04
4.52849647E-01  2.14163046E-02  3.64721112E-04
4.53148262E-01  2.15903930E-02  3.66201944E-04
4.53446877E-01  2.12457702E-02  3.62870836E-04
4.53745492E-01  2.15324294E-02  3.66115186E-04
4.54044107E-01  2.14119926E-02  3.65816610E-04
4.54342722E-01  2.21436564E-02  3.71441682E-04
4.54641337E-01  2.18976121E-02  3.70190101E-04
4.54939952E-01  2.13274918E-02  3.64054285E-04
4.55238567E-01  2.11009905E-02  3.61879007E-04
4.55537182E-01  2.14739405E-02  3.67572997E-04
4.55835797E-01  2.13475730E-02  3.65517073E-04
4.56134412E-01  2.14902367E-02  3.65768094E-04
4.56433027E-01  2.07516663E-02  3.59825441E-04
4.56731642E-01  2.11980175E-02  3.62956343E-04
4.57030257E-01  2.15550996E-02  3.67457978E-04
4.57328872E-01  2.10393388E-02  3.62155581E-04
4.57627487E-01  2.14881133E-02  3.65837943E-04
4.57926102E-01  2.10302472E-02  3.62160092E-04
4.58224717E-01  2.07778439E-02  3.61258222E-04
4.58523332E-01  2.18510088E-02  3.69243993E-04
4.58821947E-01  2.12486964E-02  3.61971732E-04
4.59120562E-01  2.21323650E-02  3.72934999E-04
4.59419177E-01  2.19622124E-02  3.71335278E-04
4.59717792E-01  2.08355598E-02  3.61606420E-04
4.60016407E-01  2.05171928E-02  3.57646495E-04
4.60315022E-01  2.16724388E-02  3.67013301E-04
4.60613637E-01  2.11061351E-02  3.63628729E-04
4.60912252E-01  2.12379862E-02  3.65900341E-04
4.61210867E-01  2.17369404E-02  3.68211244E-04
4.61509482E-01  2.12289728E-02  3.67714994E-04
4.61808097E-01  2.17457525E-02  3.80568526E-04
4.62106712E-01  2.16563866E-02  3.81406833E-04
4.62405327E-01  2.17603575E-02  3.85819498E-04
4.62703942E-01  2.14896742E-02  3.82951257E-04
4.63002557E-01  2.17475239E-02  3.92309244E-04
4.63301172E-01  2.14235801E-02  3.90748726E-04
4.63599787E-01  2.10693683E-02  3.89572757E-04
4.63898402E-01  2.18242109E-02  3.98321019E-04
4.64197017E-01  2.14578677E-02  3.95473733E-04
4.64495632E-01  2.16434151E-02  4.02185600E-04
4.64794247E-01  2.09176894E-02  3.96014977E-04
4.65092862E-01  2.18598600E-02  4.02814185E-04
4.65391477E-01  2.11834460E-02  4.02491540E-04
4.65690092E-01  2.12868284E-02  4.03365120E-04
4.65988707E-01  2.13814806E-02  4.07802989E-04
4.66287322E-01  2.14481428E-02  4.08777123E-04
4.66585937E-01  2.09256765E-02  4.04214719E-04
4.66884552E-01  2.18867641E-02  4.18507174E-04
4.67183167E-01  2.17110291E-02  4.18604875E-04
4.67481782E-01  2.16362663E-02  4.12737514E-04
4.67780397E-01  2.21423078E-02  4.23470949E-04
4.68079012E-01  2.15535369E-02  4.19247022E-04
4.68377627E-01  2.14008149E-02  4.20189637E-04
4.68676242E-01  2.07470041E-02  4.14691342E-04
4.68974857E-01  2.10455768E-02  4.17666364E-04
4.69273472E-01  2.17350293E-02  4.28489671E-04
4.69572087E-01  2.22360156E-02  4.32113622E-04
4.69870702E-01  2.18128245E-02  4.29772859E-04
4.70169317E-01  2.10448448E-02  4.24305035E-04
4.70467932E-01  2.12461501E-02  4.27236344E-04
4.70766547E-01  2.08344776E-02  4.27514431E-04
4.71065162E-01  2.15055700E-02  4.34212358E-04
4.71363777E-01  2.08013896E-02  4.24164988E-04
4.71662392E-01  2.14421917E-02  4.35604627E-04
4.71961007E-01  2.12389156E-02  4.34898742E-04
4.72259622E-01  2.14245282E-02  4.39992727E-04
4.72558237E-01  2.13509798E-02  4.36735863E-04
4.72856852E-01  2.12824866E-02  4.29708161E-04
4.73155467E-01  2.10126396E-02  4.23741847E-04
4.73454082E-01  2.08426341E-02  4.17019532E-04
4.73752697E-01  2.19750386E-02  4.21662262E-04
4.74051312E-01  2.10364461E-02  4.12796886E-04
4.74349927E-01  2.14190800E-02  4.14054753E-04
4.74648542E-01  2.18878798E-02  4.18681622E-04
4.74947157E-01  2.21304614E-02  4.16888564E-04
4.75245772E-01  2.14388520E-02  4.09642991E-04
4.75544387E-01  2.10678540E-02  4.05300962E-04
4.75843002E-01  2.14510784E-02  4.09876578E-04
4.76141617E-01  2.19552778E-02  4.11043759E-04
4.76440232E-01  2.15670206E-02  4.07505635E-04
4.76738847E-01  2.14882251E-02  4.05221886E-04
4.77037462E-01  2.14733891E-02  4.05302591E-04
4.77336077E-01  2.14438997E-02  4.05904459E-04
4.77634692E-01  2.19875276E-02  4.07386076E-04
4.77933307E-01  2.14183349E-02  4.02617356E-04
4.78231922E-01  2.08367947E-02  3.94695759E-04
4.78530537E-01  2.13399976E-02  4.03288053E-04
4.78829152E-01  2.13110074E-02  3.96969350E-04
4.79127767E-01  2.18738541E-02  4.03551938E-04
4.79426382E-01  2.16440894E-02  4.03664337E-04
4.79724997E-01  2.15622205E-02  4.01092548E-04
4.80023612E-01  2.12378148E-02  3.97124619E-04
4.80322227E-01  2.15398595E-02  3.98272154E-04
4.80620842E-01  2.13609096E-02  3.98591015E-04
4.80919457E-01  2.12567989E-02  3.96372430E-04
4.81218072E-01  2.11462900E-02  3.94930190E-04
4.81516687E-01  2.14607790E-02  3.98585398E-04
4.81815302E-01  2.19065249E-02  3.98762117E-04
4.82113917E-01  2.22596526E-02  4.06471518E-04
4.82412532E-01  2.12099031E-02  3.93790106E-04
4.82711147E-01  2.10574493E-02  3.91364534E-04
4.83009762E-01  2.15723533E-02  3.97246564E-04
4.83308377E-01  2.14784574E-02  3.97204712E-04
4.83606992E-01  2.12833751E-02  3.93059716E-04
4.83905607E-01  2.15833373E-02  3.97045107E-04
4.84204222E-01  2.17934959E-02  3.97033669E-04
4.84502837E-01  2.14529131E-02  3.96461226E-04
4.84801452E-01  2.12441850E-02  3.92805116E-04
4.85100067E-01  2.09718626E-02  3.87703592E-04
4.85398682E-01  2.14982163E-02  3.94745206E-04
4.85697297E-01  2.19470635E-02  3.98642384E-04
4.85995912E-01  2.17655990E-02  3.98114207E-04
4.86294527E-01  2.12592911E-02  3.90358095E-04
4.86593142E-01  2.20264457E-02  3.98248987E-04
4.86891757E-01  2.18346622E-02  3.97322350E-04
4.87190372E-01  2.11695489E-02  3.91625974E-04
4.87488987E-01  2.17717644E-02  3.93451337E-04
4.87787602E-01  2.16069054E-02  3.94947361E-04
4.88086217E-01  2.10065059E-02  3.87550157E-04
4.88384832E-01  2.11744346E-02  3.89985158E-04
4.88683447E-01  2.13836674E-02  3.92906892E-04
4.88982062E-01  2.06052978E-02  3.83159640E-04
4.89280677E-01  2.14525107E-02  3.93441966E-04
4.89579292E-01  2.24130303E-02  4.00424266E-04
4.89877907E-01  2.17216462E-02  3.93704540E-04
4.90176522E-01  2.08815821E-02  3.85048916E-04
4.90475137E-01  2.14867890E-02  3.91771260E-04
4.90773752E-01  2.07697824E-02  3.84889689E-04
4.91072367E-01  2.10763384E-02  3.88112618E-04
4.91370982E-01  2.14292333E-02  3.90268018E-04
4.91669597E-01  2.10128352E-02  3.87140230E-04
4.91968212E-01  2.10335925E-02  3.88115965E-04
4.92266827E-01  2.15164833E-02  3.92052112E-04
4.92565442E-01  2.14782860E-02  3.89549648E-04
4.92864057E-01  2.13982612E-02  3.90092318E-04
4.93162672E-01  2.09458396E-02  3.86628381E-04
4.93461287E-01  2.14955434E-02  3.91670561E-04
4.93759902E-01  2.14986764E-02  3.88579676E-04
4.94058517E-01  2.20933780E-02  3.95788724E-04
4.94357132E-01  2.07201205E-02  3.82527127E-04
4.94655747E-01  2.17414815E-02  3.94908217E-04
4.94954362E-01  2.16523129E-02  3.89201014E-04
4.95252977E-01  2.05916055E-02  3.81915859E-04
4.95551592E-01  2.14145221E-02  3.90648493E-04
4.95850207E-01  2.18262672E-02  3.93793802E-04
4.96148822E-01  2.11351495E-02  3.84912215E-04
4.96447437E-01  2.10313089E-02  3.86171945E-04
4.96746052E-01  2.15374492E-02  3.90109752E-04
4.97044667E-01  2.17348337E-02  3.94462229E-04
4.97343282E-01  2.16008276E-02  3.88463872E-04
4.97641897E-01  2.03740336E-02  3.76715994E-04
4.97940512E-01  2.13125125E-02  3.89241235E-04
4.98239127E-01  2.14675087E-02  3.89290188E-04
4.98537742E-01  2.11283937E-02  3.86977306E-04
4.98836357E-01  2.08044741E-02  3.81621066E-04
4.99134972E-01  2.07833014E-02  3.83041333E-04
4.99433587E-01  2.16258727E-02  3.91904265E-04
4.99732202E-01  2.12390367E-02  3.86164291E-04
5.00030817E-01  2.13407893E-02  3.86611064E-04
5.00329432E-01  2.04616245E-02  3.79505072E-04
5.00628047E-01  2.12571900E-02  3.86814179E-04
5.00926662E-01  2.20190175E-02  3.95856507E-04
5.01225277E-01  2.10383888E-02  3.82452941E-04
5.01523892E-01  2.10765693E-02  3.83083738E-04
5.01822507E-01  2.08256673E-02  3.82589555E-04
5.02121122E-01  2.15758849E-02  3.90294066E-04
5.02419737E-01  2.13673692E-02  3.87729349E-04
5.02718352E-01  2.06153598E-02  3.80657933E-04
5.03016967E-01  2.13289261E-02  3.87095497E-04
5.03315582E-01  2.16086041E-02  3.90694215E-04
5.03614197E-01  2.15196460E-02  3.86816333E-04
5.03912812E-01  2.20172331E-02  3.93102207E-04
5.04211427E-01  2.21223067E-02  3.93165101E-04
5.04510042E-01  2.09066588E-02  3.84207116E-04
5.04808657E-01  2.19053514E-02  3.89987370E-04
5.05107272E-01  2.13267077E-02  3.86991480E-04
5.05405887E-01  2.13192962E-02  3.85400373E-04
5.05704502E-01  2.08996553E-02  3.84533225E-04
5.06003117E-01  2.10645683E-02  3.83945269E-04
5.06301732E-01  2.14984007E-02  3.87689099E-04
5.06600347E-01  2.10144110E-02  3.81890888E-04
5.06898962E-01  2.06352118E-02  3.80959536E-04
5.07197577E-01  2.10953914E-02  3.86049214E-04
5.07496192E-01  2.16750447E-02  3.86623113E-04
5.07794807E-01  2.13149171E-02  3.88443848E-04
5.08093422E-01  2.10279431E-02  3.83150415E-04
5.08392037E-01  2.08450239E-02  3.82236292E-04
5.08690652E-01  2.18272004E-02  3.89027846E-04
5.08989267E-01  2.18593199E-02  3.90656525E-04
5.09287882E-01  2.10201424E-02  3.84414772E-04
5.09586497E-01  2.09384337E-02  3.82154394E-04
5.09885112E-01  2.18340326E-02  3.89955618E-04
5.10183727E-01  2.18670908E-02  3.90733010E-04
5.10482342E-01  2.16562264E-02  3.88082000E-04
5.10780957E-01  2.13999916E-02  3.86922387E-04
5.11079572E-01  2.14414019E-02  3.86535539E-04
5.11378187E-01  2.14382056E-02  3.86603584E-04
5.11676802E-01  2.12289300E-02  3.87585460E-04
5.11975417E-01  2.16421429E-02  3.87394422E-04
5.12274032E-01  2.17547715E-02  3.88974498E-04
5.12572647E-01  2.19611842E-02  3.91105365E-04
5.12871262E-01  2.12821979E-02  3.84541287E-04
5.13169877E-01  2.13498026E-02  3.87921813E-04
5.13468492E-01  2.16024071E-02  3.85634339E-04
5.13767107E-01  2.18097586E-02  3.88902321E-04
5.14065722E-01  2.18937825E-02  3.91961570E-04
5.14364337E-01  2.08672788E-02  3.82002676E-04
5.14662952E-01  2.15897579E-02  3.87700944E-04
5.14961567E-01  2.18855962E-02  3.89204157E-04
5.15260182E-01  2.12629847E-02  3.85898718E-04
5.15558797E-01  2.12491956E-02  3.84447339E-04
5.15857412E-01  2.17112619E-02  3.88320739E-04
5.16156027E-01  2.18774341E-02  3.90668458E-04
5.16454642E-01  2.16966867E-02  3.89244757E-04
5.16753257E-01  2.11526901E-02  3.83392209E-04
5.17051872E-01  2.20205821E-02  3.92724061E-04
5.17350487E-01  2.10293140E-02  3.81156016E-04
5.17649102E-01  2.21500378E-02  3.92235786E-04
5.17947717E-01  2.16285698E-02  3.87213513E-04
5.18246332E-01  2.20285133E-02  3.91066074E-04
5.18544947E-01  2.17087790E-02  3.89461697E-04
5.18843562E-01  2.15731990E-02  3.88532906E-04
5.19142177E-01  2.12723315E-02  3.83924576E-04
5.19440792E-01  2.07219217E-02  3.78834229E-04
5.19739407E-01  2.17411611E-02  3.88420827E-04
5.20038022E-01  2.17041168E-02  3.90006200E-04
5.20336637E-01  2.20985319E-02  3.91507929E-04
5.20635252E-01  2.13461146E-02  3.84692743E-04
5.20933867E-01  2.09749918E-02  3.81615857E-04
5.21232482E-01  2.20113322E-02  3.90453555E-04
5.21531097E-01  2.18918324E-02  3.90925561E-04
5.21829712E-01  2.23616101E-02  3.94807954E-04
5.22128327E-01  2.11978927E-02  3.83833423E-04
5.22426942E-01  2.03757547E-02  3.74577125E-04
5.22725557E-01  2.14313772E-02  3.86229309E-04
5.23024172E-01  2.07722280E-02  3.79500358E-04
5.23322787E-01  2.15676576E-02  3.87554144E-04
5.23621402E-01  2.20206343E-02  3.90741538E-04
5.23920017E-01  2.22674403E-02  3.95058771E-04
5.24218632E-01  2.18474232E-02  3.87973530E-04
5.24517247E-01  2.15494763E-02  3.86355154E-04
5.24815862E-01  2.22501215E-02  3.94131668E-04
5.25114477E-01  2.11655647E-02  3.82621307E-04
5.25413092E-01  2.11653039E-02  3.83557839E-04
5.25711707E-01  2.10190602E-02  3.82607657E-04
5.26010322E-01  2.10769475E-02  3.81081598E-04
5.26308937E-01  2.19708197E-02  3.90411180E-04
5.26607552E-01  2.15858351E-02  3.86882690E-04
5.26906167E-01  2.15369556E-02  3.86068656E-04
5.27204782E-01  2.17682794E-02  3.90529167E-04
5.27503397E-01  2.15448327E-02  3.86520464E-04
5.27802012E-01  2.08826177E-02  3.80628859E-04
5.28100627E-01  2.08497811E-02  3.81171762E-04
5.28399242E-01  2.15279143E-02  3.83754581E-04
5.28697857E-01  2.22320184E-02  3.93317663E-04
5.28996472E-01  2.18370948E-02  3.89142398E-04
5.29295087E-01  2.18552351E-02  3.90645931E-04
5.29593702E-01  2.11722963E-02  3.82056896E-04
5.29892317E-01  2.15979666E-02  3.86727595E-04
5.30190932E-01  2.10352708E-02  3.83347564E-04
5.30489547E-01  2.14808621E-02  3.85869935E-04
5.30788162E-01  2.12799814E-02  3.83314211E-04
5.31086777E-01  2.19362807E-02  3.90228903E-04
5.31385392E-01  2.09606383E-02  3.79599631E-04
5.31684007E-01  2.11834498E-02  3.83571867E-04
5.31982622E-01  2.15342622E-02  3.86642059E-04
5.32281237E-01  2.16002502E-02  3.87141044E-04
5.32579852E-01  2.17582695E-02  3.89223744E-04
5.32878467E-01  2.21033115E-02  3.91531154E-04
5.33177082E-01  2.15637218E-02  3.87483393E-04
5.33475697E-01  2.24281512E-02  3.92390881E-04
5.33774312E-01  2.10952163E-02  3.82036873E-04
5.34072927E-01  2.08512656E-02  3.82350729E-04
5.34371542E-01  2.15195101E-02  3.84645100E-04
5.34670157E-01  2.13749092E-02  3.82610946E-04
5.34968772E-01  2.13388242E-02  3.85942636E-04
5.35267387E-01  2.20718030E-02  3.90789122E-04
5.35566002E-01  2.15310603E-02  3.87585431E-04
5.35864617E-01  2.16475446E-02  3.85703315E-04
5.36163232E-01  2.12245975E-02  3.84253974E-04
5.36461847E-01  2.18844693E-02  3.89800989E-04
5.36760462E-01  2.11975817E-02  3.82887403E-04
5.37059077E-01  2.18011159E-02  3.87640495E-04
5.37357692E-01  2.18677949E-02  3.90808011E-04
5.37656307E-01  2.13635191E-02  3.83082748E-04
5.37954922E-01  2.11901888E-02  3.86042608E-04
5.38253537E-01  2.16476563E-02  3.83219391E-04
5.38552152E-01  2.14027632E-02  3.84653220E-04
5.38850767E-01  2.14351341E-02  3.86171625E-04
5.39149382E-01  2.21249480E-02  3.92530725E-04
5.39447997E-01  2.08434016E-02  3.79598903E-04
5.39746612E-01  2.13103909E-02  3.84486251E-04
5.40045227E-01  2.20444575E-02  3.89816472E-04
5.40343842E-01  2.09557805E-02  3.82025843E-04
5.40642457E-01  2.14867312E-02  3.85044608E-04
5.40941072E-01  2.17275508E-02  3.86821921E-04
5.41239687E-01  2.15438288E-02  3.89078108E-04
5.41538302E-01  2.17029415E-02  3.87738022E-04
5.41836917E-01  2.11768597E-02  3.82637954E-04
5.42135532E-01  2.17376184E-02  3.85053398E-04
5.42434147E-01  2.14611106E-02  3.85577296E-04
5.42732762E-01  2.10861489E-02  3.83321167E-04
5.43031377E-01  2.15866063E-02  3.89089982E-04
5.43329992E-01  2.14384925E-02  3.82586295E-04
5.43628607E-01  2.14411505E-02  3.85405379E-04
5.43927222E-01  2.15285812E-02  3.86664731E-04
5.44225837E-01  2.16439236E-02  3.87986132E-04
5.44524452E-01  2.23104507E-02  3.91050504E-04
5.44823067E-01  2.16399636E-02  3.87479580E-04
5.45121682E-01  2.10890360E-02  3.82050261E-04
5.45420297E-01  2.14908887E-02  3.85863299E-04
5.45718912E-01  2.15691775E-02  3.85532883E-04
5.46017527E-01  2.08820049E-02  3.80175858E-04
5.46316142E-01  2.14630589E-02  3.84867657E-04
5.46614757E-01  2.13538595E-02  3.86340980E-04
5.46913372E-01  2.09278539E-02  3.78571596E-04
5.47211987E-01  2.14677937E-02  3.85572959E-04
5.47510602E-01  2.19238196E-02  3.90316156E-04
5.47809217E-01  2.15019453E-02  3.85131803E-04
5.48107832E-01  2.11873893E-02  3.84273706E-04
5.48406447E-01  2.13990081E-02  3.84399522E-04
5.48705062E-01  2.17422005E-02  3.86531843E-04
5.49003677E-01  2.19077561E-02  3.91334732E-04
5.49302292E-01  2.19076145E-02  3.86973377E-04
5.49600907E-01  2.11051162E-02  3.83159844E-04
5.49899522E-01  2.15660632E-02  3.86094471E-04
5.50198137E-01  2.17974279E-02  3.89301858E-04
5.50496752E-01  2.13106927E-02  3.83618550E-04
5.50795367E-01  2.20185723E-02  3.88993998E-04
5.51093982E-01  2.17332505E-02  3.87784734E-04
5.51392597E-01  2.13011373E-02  3.84946325E-04
5.51691212E-01  2.16051843E-02  3.86361673E-04
5.51989827E-01  2.14394145E-02  3.84691142E-04
5.52288442E-01  2.26247758E-02  3.93370283E-04
5.52587057E-01  2.12879553E-02  3.82961152E-04
5.52885672E-01  2.15019528E-02  3.85070132E-04
5.53184287E-01  2.08334625E-02  3.77482240E-04
5.53482902E-01  2.15183310E-02  3.84194660E-04
5.53781517E-01  2.08960846E-02  3.79427394E-04
5.54080132E-01  2.14644130E-02  3.84274637E-04
5.54378747E-01  2.17391029E-02  3.83578124E-04
5.54677362E-01  2.17369180E-02  3.85403924E-04
5.54975977E-01  2.20704693E-02  3.89667694E-04
5.55274592E-01  2.11188346E-02  3.79980222E-04
5.55573207E-01  2.08817385E-02  3.73723335E-04
5.55871822E-01  2.21555550E-02  3.87799781E-04
5.56170437E-01  2.13176608E-02  3.81402962E-04
5.56469052E-01  2.17318032E-02  3.85555701E-04
5.56767667E-01  2.23364532E-02  3.88827728E-04
5.57066282E-01  2.11585723E-02  3.78981436E-04
5.57364897E-01  2.18230318E-02  3.82155122E-04
5.57663512E-01  2.15725172E-02  3.82308819E-04
5.57962127E-01  2.19948087E-02  3.84750485E-04
5.58260742E-01  2.17811707E-02  3.80896818E-04
5.58559357E-01  2.17311420E-02  3.84637038E-04
5.58857972E-01  2.20355485E-02  3.86767177E-04
5.59156587E-01  2.11889781E-02  3.75688716E-04
5.59455202E-01  2.23170780E-02  3.87844600E-04
5.59753817E-01  2.08453182E-02  3.73071496E-04
5.60052432E-01  2.11047549E-02  3.76630487E-04
5.60351047E-01  2.15069707E-02  3.79128294E-04
5.60649662E-01  2.15485021E-02  3.77985736E-04
5.60948277E-01  2.13633664E-02  3.77065822E-04
5.61246892E-01  2.18448658E-02  3.82010679E-04
5.61545507E-01  2.12772638E-02  3.76485550E-04
5.61844122E-01  2.15112995E-02  3.76350159E-04
5.62142737E-01  2.22222805E-02  3.85847699E-04
5.62441352E-01  2.17734054E-02  3.79256264E-04
5.62739967E-01  2.18087379E-02  3.79124744E-04
5.63038582E-01  2.17425153E-02  3.79698642E-04
5.63337197E-01  2.24314779E-02  3.84414103E-04
5.63635812E-01  2.06933133E-02  3.72083217E-04
5.63934427E-01  2.14104466E-02  3.75045143E-04
5.64233042E-01  2.19659377E-02  3.79004836E-04
5.64531657E-01  2.18770541E-02  3.80082725E-04
5.64830272E-01  2.14675199E-02  3.76160344E-04
5.65128887E-01  2.17753630E-02  3.79290374E-04
5.65427502E-01  2.17923485E-02  3.77077668E-04
5.65726117E-01  2.10043918E-02  3.71482864E-04
5.66024732E-01  2.23429464E-02  3.82784521E-04
5.66323347E-01  2.16421187E-02  3.77083867E-04
5.66621962E-01  2.15328969E-02  3.72867507E-04
5.66920577E-01  2.13205796E-02  3.74102819E-04
5.67219192E-01  2.15349309E-02  3.76590731E-04
5.67517807E-01  2.13835873E-02  3.75092932E-04
5.67816422E-01  2.15932988E-02  3.72298236E-04
5.68115037E-01  2.13048831E-02  3.72340088E-04
5.68413652E-01  2.12562177E-02  3.72343522E-04
5.68712267E-01  2.19608471E-02  3.78466590E-04
5.69010882E-01  2.10881699E-02  3.69854068E-04
5.69309497E-01  2.16824580E-02  3.75288597E-04
5.69608112E-01  2.07422934E-02  3.67653294E-04
5.69906727E-01  2.10112203E-02  3.69015645E-04
5.70205342E-01  2.17593741E-02  3.73996096E-04
5.70503957E-01  2.18879916E-02  3.78110446E-04
5.70802572E-01  2.19924338E-02  3.78057739E-04
5.71101187E-01  2.09217109E-02  3.69673828E-04
5.71399802E-01  2.15076059E-02  3.72933137E-04
5.71698417E-01  2.07592398E-02  3.66974971E-04
5.71997032E-01  2.14027110E-02  3.74335796E-04
5.72295647E-01  2.16672253E-02  3.76210199E-04
5.72594262E-01  2.14505661E-02  3.72785638E-04
5.72892877E-01  2.22822390E-02  3.77285905E-04
5.73191492E-01  2.20584199E-02  3.79248086E-04
5.73490107E-01  2.18132585E-02  3.78005789E-04
5.73788722E-01  2.15390157E-02  3.73646297E-04
5.74087337E-01  2.14428287E-02  3.73838586E-04
5.74385952E-01  2.18728799E-02  3.78527766E-04
5.74684567E-01  2.11888794E-02  3.71963775E-04
5.74983182E-01  2.23214049E-02  3.79859703E-04
5.75281797E-01  2.12487858E-02  3.69613990E-04
5.75580412E-01  2.21052095E-02  3.80277430E-04
5.75879027E-01  2.13592276E-02  3.72607639E-04
5.76177642E-01  2.21650023E-02  3.80182551E-04
5.76476257E-01  2.18894128E-02  3.76175594E-04
5.76774872E-01  2.08181776E-02  3.68708832E-04
5.77073487E-01  2.14483459E-02  3.73991614E-04
5.77372102E-01  2.14655716E-02  3.74919444E-04
5.77670717E-01  2.18997281E-02  3.76186275E-04
5.77969332E-01  2.22522039E-02  3.80504673E-04
5.78267947E-01  2.17600595E-02  3.77140532E-04
5.78566562E-01  2.19793804E-02  3.78168741E-04
5.78865177E-01  2.18737274E-02  3.75628792E-04
5.79163792E-01  2.21933592E-02  3.80445155E-04
5.79462407E-01  2.07662936E-02  3.67674598E-04
5.79761022E-01  2.20778212E-02  3.80595535E-04
5.80059637E-01  2.18859222E-02  3.75230127E-04
5.80358252E-01  2.18972471E-02  3.77819611E-04
5.80656867E-01  2.19526291E-02  3.79170495E-04
5.80955482E-01  2.13961750E-02  3.74335970E-04


### HEADER:
#
#{
#    "analysis": {},
#    "calibration_params": {
#        "Beam_Center_X": 1061.0,
#        "Beam_Center_Y": 2093.0,
#        "Detector Tilt": 0.0,
#        "Detector Tilt Plane Rotation": 0.0,
#        "Detector_X_Pixel_Size": 75.0,
#        "Detector_Y_Pixel_Size": 75.0,
#        "Integration Method": "nosplit_csr",
#        "Radial_Average_Method": "pyFAI",
#        "Sample-to-detector distance (mm)": 1782.0,
#        "Wavelength (A)": 0.8823505857220345
#    },
#    "config_file": "/Users/jwinnikoff/Documents/MBARI/SAXS/HPSAXS_7A_Feb2023/HPSAXS_02_19_23.cfg",
#    "counters": {
#        "Epoch": "78.924",
#        "I1": "0",
#        "I2": "0",
#        "I3": "0",
#        "Seconds": "1",
#        "Time": "1.5974e-05",
#        "date": "Sun Feb 19 18:41:35 2023",
#        "diode": "55217"
#    },
#    "filename": "JWL0321_35C_040MPa_up_2_data_000001_00001.h5",
#    "history": {},
#    "imageHeader": {},
#    "load_path": "/Users/jwinnikoff/Documents/MBARI/SAXS/HPSAXS_7A_Feb2023/JWL0321_SOPPE_DOPE_TS+/JWL0321_35C_040MPa_up_2_data_000001.h5",
#    "normalizations": {
#        "Absolute_scale": {
#            "Absolute_scale_factor": 0.005174693841759343,
#            "Method": "Water"
#        },
#        "Counter_norms": [
#            [
#                "/",
#                "diode/150000"
#            ]
#        ],
#        "Polarization": {
#            "Used": false
#        },
#        "Solid_Angle_Correction": "On"
#    },
#    "raw_version": "2.1.4"
#}

