### DATA:
#
# 1908
#      Q             I(Q)           Error     
1.14966775E-02  0.00000000E+00  0.00000000E+00
1.17952925E-02  4.11751986E+00  7.81213269E-02
1.20939075E-02  3.90853190E+00  5.38199879E-02
1.23925225E-02  3.69608569E+00  4.27328870E-02
1.26911375E-02  3.53109860E+00  3.92344296E-02
1.29897525E-02  3.36786461E+00  3.72372828E-02
1.32883675E-02  3.23421502E+00  3.50593701E-02
1.35869825E-02  3.12673259E+00  3.28294151E-02
1.38855975E-02  2.95923948E+00  2.99187955E-02
1.41842125E-02  2.88491178E+00  3.01626492E-02
1.44828275E-02  2.72754145E+00  2.90213246E-02
1.47814425E-02  2.65050793E+00  2.77543906E-02
1.50800575E-02  2.52754235E+00  2.60987785E-02
1.53786725E-02  2.47932601E+00  2.43457593E-02
1.56772875E-02  2.33093095E+00  2.37986445E-02
1.59759025E-02  2.29189467E+00  2.20293049E-02
1.62745175E-02  2.18850064E+00  2.12255828E-02
1.65731325E-02  2.15828681E+00  2.13775616E-02
1.68717475E-02  2.04489326E+00  1.91094819E-02
1.71703625E-02  1.95689309E+00  1.96655300E-02
1.74689775E-02  1.91388535E+00  1.79543383E-02
1.77675925E-02  1.82945371E+00  1.72620695E-02
1.80662075E-02  1.78728223E+00  1.77586451E-02
1.83648225E-02  1.77151072E+00  1.58894267E-02
1.86634375E-02  1.68876922E+00  1.62321646E-02
1.89620525E-02  1.65272021E+00  1.51307667E-02
1.92606675E-02  1.58851802E+00  1.50464009E-02
1.95592825E-02  1.55601859E+00  1.50369788E-02
1.98578975E-02  1.50648785E+00  1.36981746E-02
2.01565125E-02  1.45068681E+00  1.39180627E-02
2.04551275E-02  1.40538514E+00  1.28577780E-02
2.07537425E-02  1.37260830E+00  1.24148056E-02
2.10523575E-02  1.34369612E+00  1.16004106E-02
2.13509725E-02  1.31536639E+00  1.07726492E-02
2.16495875E-02  1.28697312E+00  1.06241759E-02
2.19482025E-02  1.21405268E+00  9.55739617E-03
2.22468175E-02  1.21096075E+00  9.98579897E-03
2.25454325E-02  1.14718485E+00  8.91382061E-03
2.28440475E-02  1.09131002E+00  8.90457444E-03
2.31426625E-02  1.04146957E+00  8.39567278E-03
2.34412775E-02  1.02491140E+00  8.00614338E-03
2.37398925E-02  9.77044046E-01  8.11334979E-03
2.40385075E-02  9.22659457E-01  7.41097890E-03
2.43371225E-02  8.99146914E-01  7.31594255E-03
2.46357375E-02  8.51076901E-01  7.31110666E-03
2.49343525E-02  8.05333912E-01  6.76273787E-03
2.52329675E-02  7.77503788E-01  6.97319815E-03
2.55315825E-02  7.18982160E-01  6.28249533E-03
2.58301975E-02  6.91254675E-01  6.19467488E-03
2.61288125E-02  6.41027212E-01  6.16486324E-03
2.64274275E-02  6.23153567E-01  5.69285871E-03
2.67260425E-02  5.95999897E-01  5.86289261E-03
2.70246575E-02  5.47053456E-01  5.26061608E-03
2.73232725E-02  5.18990934E-01  5.28894644E-03
2.76218875E-02  4.92850661E-01  5.23067545E-03
2.79205025E-02  4.69162732E-01  4.91384370E-03
2.82191175E-02  4.41547424E-01  4.75056889E-03
2.85177325E-02  4.21839267E-01  4.56529576E-03
2.88163475E-02  4.02827144E-01  4.60141059E-03
2.91149625E-02  3.72983932E-01  4.29997314E-03
2.94135775E-02  3.61933023E-01  4.18706564E-03
2.97121925E-02  3.39088857E-01  4.08629794E-03
3.00108075E-02  3.22360247E-01  3.85211664E-03
3.03094225E-02  3.11819464E-01  3.95819638E-03
3.06080375E-02  2.92350948E-01  3.70897423E-03
3.09066525E-02  2.79380977E-01  3.57505633E-03
3.12052675E-02  2.65439779E-01  3.59161827E-03
3.15038825E-02  2.54515558E-01  3.36583052E-03
3.18024975E-02  2.50555992E-01  3.39084910E-03
3.21011125E-02  2.38960862E-01  3.20413848E-03
3.23997275E-02  2.34102517E-01  3.08752107E-03
3.26983425E-02  2.19436184E-01  3.01418779E-03
3.29969575E-02  2.13500291E-01  2.80921441E-03
3.32955725E-02  2.08584279E-01  2.77668471E-03
3.35941875E-02  1.96017608E-01  2.56676623E-03
3.38928025E-02  1.97678551E-01  2.65394128E-03
3.41914175E-02  1.88297331E-01  2.51286570E-03
3.44900325E-02  1.84187502E-01  2.46859319E-03
3.47886474E-02  1.79273829E-01  2.39308458E-03
3.50872624E-02  1.72240794E-01  2.30145897E-03
3.53858774E-02  1.65729180E-01  2.32867710E-03
3.56844924E-02  1.59264982E-01  2.19493220E-03
3.59831074E-02  1.59157991E-01  2.15709559E-03
3.62817224E-02  1.56141564E-01  2.18899618E-03
3.65803374E-02  1.51338547E-01  2.08906829E-03
3.68789524E-02  1.46775857E-01  2.12673983E-03
3.71775674E-02  1.44048139E-01  2.05825060E-03
3.74761824E-02  1.42401293E-01  1.99187011E-03
3.77747974E-02  1.36383414E-01  1.95855368E-03
3.80734124E-02  1.37189493E-01  1.93339738E-03
3.83720274E-02  1.36831746E-01  1.99419959E-03
3.86706424E-02  1.27758175E-01  1.83563621E-03
3.89692574E-02  1.27277642E-01  1.88668200E-03
3.92678724E-02  1.25196174E-01  1.88547594E-03
3.95664874E-02  1.24118738E-01  1.80930342E-03
3.98651024E-02  1.24155127E-01  1.81118131E-03
4.01637174E-02  1.20931409E-01  1.75799138E-03
4.04623324E-02  1.18799523E-01  1.80413923E-03
4.07609474E-02  1.17534421E-01  1.73163344E-03
4.10595624E-02  1.18899271E-01  1.77719118E-03
4.13581774E-02  1.15610957E-01  1.72037061E-03
4.16567924E-02  1.15040958E-01  1.68162654E-03
4.19554074E-02  1.12105630E-01  1.70741242E-03
4.22540224E-02  1.09313525E-01  1.67286140E-03
4.25526374E-02  1.10036142E-01  1.65566185E-03
4.28512524E-02  1.09652340E-01  1.65835628E-03
4.31498674E-02  1.08291022E-01  1.62885094E-03
4.34484824E-02  1.07692167E-01  1.67493848E-03
4.37470974E-02  1.02684535E-01  1.56556047E-03
4.40457124E-02  1.03469498E-01  1.57918094E-03
4.43443274E-02  1.04034223E-01  1.61395234E-03
4.46429424E-02  1.02489732E-01  1.56660134E-03
4.49415574E-02  1.00110695E-01  1.59814418E-03
4.52401724E-02  1.01428434E-01  1.53750053E-03
4.55387874E-02  1.00390330E-01  1.55424583E-03
4.58374024E-02  1.00655101E-01  1.55629474E-03
4.61360174E-02  1.00392617E-01  1.53204228E-03
4.64346324E-02  9.94826481E-02  1.55479612E-03
4.67332474E-02  9.90161821E-02  1.50266185E-03
4.70318624E-02  9.81979892E-02  1.54094130E-03
4.73304774E-02  9.92888883E-02  1.54070568E-03
4.76290924E-02  9.73678157E-02  1.49355410E-03
4.79277074E-02  9.71970335E-02  1.48310338E-03
4.82263224E-02  9.48751271E-02  1.45531807E-03
4.85249374E-02  9.61469784E-02  1.51005841E-03
4.88235524E-02  9.84581411E-02  1.49042206E-03
4.91221674E-02  9.36181992E-02  1.44456024E-03
4.94207824E-02  9.41287950E-02  1.46398717E-03
4.97193974E-02  9.57230479E-02  1.44985004E-03
5.00180124E-02  9.58038568E-02  1.49076083E-03
5.03166274E-02  9.51338932E-02  1.44324615E-03
5.06152424E-02  9.34087932E-02  1.43434503E-03
5.09138574E-02  9.33372676E-02  1.45115005E-03
5.12124724E-02  9.41996798E-02  1.41946855E-03
5.15110874E-02  9.13530290E-02  1.42270967E-03
5.18097024E-02  9.27459449E-02  1.41255686E-03
5.21083174E-02  9.51375812E-02  1.42858236E-03
5.24069324E-02  9.35999006E-02  1.41801767E-03
5.27055474E-02  9.30522308E-02  1.40473200E-03
5.30041624E-02  9.34755579E-02  1.43486273E-03
5.33027774E-02  9.25758556E-02  1.39515800E-03
5.36013924E-02  9.04271901E-02  1.38676353E-03
5.39000074E-02  9.20430049E-02  1.37561618E-03
5.41986224E-02  9.41363871E-02  1.41899823E-03
5.44972374E-02  9.09401923E-02  1.37693377E-03
5.47958524E-02  9.25366953E-02  1.37930235E-03
5.50944674E-02  9.36467126E-02  1.40921737E-03
5.53930824E-02  9.27309915E-02  1.37127412E-03
5.56916974E-02  9.10051242E-02  1.35108118E-03
5.59903124E-02  9.08626541E-02  1.37828989E-03
5.62889274E-02  9.19799358E-02  1.35646516E-03
5.65875424E-02  8.94161984E-02  1.36152771E-03
5.68861574E-02  8.86994079E-02  1.33205717E-03
5.71847724E-02  8.69065300E-02  1.30971882E-03
5.74833874E-02  8.94034952E-02  1.34278240E-03
5.77820024E-02  8.98255855E-02  1.32976472E-03
5.80806174E-02  8.82782489E-02  1.35095150E-03
5.83792324E-02  8.93628821E-02  1.31076283E-03
5.86778474E-02  8.53681117E-02  1.30154891E-03
5.89764624E-02  8.67094919E-02  1.32601301E-03
5.92750774E-02  8.43662247E-02  1.25501072E-03
5.95736924E-02  8.63605738E-02  1.30909483E-03
5.98723074E-02  8.35932940E-02  1.26121996E-03
6.01709224E-02  8.40436220E-02  1.26299297E-03
6.04695374E-02  8.36143121E-02  1.27957785E-03
6.07681524E-02  8.09440538E-02  1.24588306E-03
6.10667674E-02  8.18681270E-02  1.25950959E-03
6.13653824E-02  7.99283236E-02  1.21621159E-03
6.16639974E-02  8.11401084E-02  1.24098791E-03
6.19626124E-02  8.12153146E-02  1.24315626E-03
6.22612274E-02  8.13369900E-02  1.22080278E-03
6.25598424E-02  7.90525079E-02  1.22965407E-03
6.28584574E-02  7.80781358E-02  1.20205584E-03
6.31570724E-02  7.93729797E-02  1.22271548E-03
6.34556874E-02  7.66509846E-02  1.16932450E-03
6.37543024E-02  7.93951675E-02  1.20614551E-03
6.40529174E-02  7.89023638E-02  1.21908740E-03
6.43515324E-02  7.60934800E-02  1.17428764E-03
6.46501474E-02  7.85237849E-02  1.21848518E-03
6.49487624E-02  7.76444748E-02  1.16709131E-03
6.52473774E-02  7.73115233E-02  1.17435597E-03
6.55459924E-02  7.51213729E-02  1.17034768E-03
6.58446074E-02  7.63662681E-02  1.16715615E-03
6.61432224E-02  7.54862130E-02  1.17318763E-03
6.64418374E-02  7.28878230E-02  1.12414826E-03
6.67404524E-02  7.36739933E-02  1.14502257E-03
6.70390674E-02  7.41549134E-02  1.15431065E-03
6.73376824E-02  7.57547915E-02  1.13612309E-03
6.76362974E-02  7.66225755E-02  1.17052672E-03
6.79349124E-02  7.56067559E-02  1.13697583E-03
6.82335274E-02  7.28710070E-02  1.12402264E-03
6.85321424E-02  7.59124905E-02  1.16089883E-03
6.88307574E-02  7.49042034E-02  1.13037997E-03
6.91293724E-02  7.44361207E-02  1.14408846E-03
6.94279874E-02  7.68499747E-02  1.13457185E-03
6.97266024E-02  7.60096163E-02  1.14797719E-03
7.00252174E-02  7.80263022E-02  1.15370017E-03
7.03238324E-02  7.58155733E-02  1.12818799E-03
7.06224474E-02  7.66282007E-02  1.15129538E-03
7.09210624E-02  7.87241980E-02  1.15223962E-03
7.12196774E-02  7.76121989E-02  1.14147936E-03
7.15182924E-02  7.68024772E-02  1.11063267E-03
7.18169074E-02  7.68141821E-02  1.14077667E-03
7.21155224E-02  8.03126618E-02  1.16248743E-03
7.24141374E-02  8.13579857E-02  1.16344471E-03
7.27127524E-02  8.19862485E-02  1.16272084E-03
7.30113674E-02  8.00796971E-02  1.14027841E-03
7.33099824E-02  8.27560276E-02  1.16557791E-03
7.36085974E-02  8.29626396E-02  1.17092929E-03
7.39072124E-02  8.30060765E-02  1.14965101E-03
7.42058274E-02  8.42806920E-02  1.18283601E-03
7.45044424E-02  8.53717029E-02  1.16969482E-03
7.48030574E-02  8.42207298E-02  1.16939412E-03
7.51016724E-02  8.74876529E-02  1.19055621E-03
7.54002874E-02  8.77066180E-02  1.17297191E-03
7.56989024E-02  9.03099254E-02  1.21093262E-03
7.59975174E-02  8.83015990E-02  1.17819279E-03
7.62961324E-02  8.97373185E-02  1.19152991E-03
7.65947474E-02  9.33952704E-02  1.21170003E-03
7.68933624E-02  9.62090492E-02  1.23112439E-03
7.71919774E-02  9.60127786E-02  1.24315079E-03
7.74905924E-02  9.68438834E-02  1.22099067E-03
7.77892074E-02  9.89233777E-02  1.24179211E-03
7.80878224E-02  9.75320116E-02  1.22278568E-03
7.83864374E-02  1.02900498E-01  1.25404517E-03
7.86850524E-02  1.05366319E-01  1.28975941E-03
7.89836674E-02  1.07235603E-01  1.28483470E-03
7.92822824E-02  1.07951418E-01  1.27853919E-03
7.95808974E-02  1.10909432E-01  1.28418673E-03
7.98795124E-02  1.15953594E-01  1.33882754E-03
8.01781274E-02  1.16144717E-01  1.35125092E-03
8.04767424E-02  1.16701312E-01  1.31994451E-03
8.07753574E-02  1.19740188E-01  1.35069189E-03
8.10739724E-02  1.23097211E-01  1.35427108E-03
8.13725874E-02  1.29224926E-01  1.38202542E-03
8.16712024E-02  1.33392215E-01  1.42708328E-03
8.19698174E-02  1.32336080E-01  1.38482626E-03
8.22684324E-02  1.39724806E-01  1.45310350E-03
8.25670474E-02  1.39677778E-01  1.43540755E-03
8.28656624E-02  1.44628167E-01  1.47090480E-03
8.31642774E-02  1.54082492E-01  1.49721722E-03
8.34628924E-02  1.58817172E-01  1.52154162E-03
8.37615074E-02  1.64080262E-01  1.56987656E-03
8.40601224E-02  1.67857319E-01  1.55510125E-03
8.43587374E-02  1.70799047E-01  1.57480361E-03
8.46573524E-02  1.80847347E-01  1.61258865E-03
8.49559674E-02  1.83920249E-01  1.63738756E-03
8.52545824E-02  1.92227572E-01  1.67726097E-03
8.55531974E-02  1.95033446E-01  1.66180113E-03
8.58518124E-02  1.98644325E-01  1.68518221E-03
8.61504274E-02  2.08041087E-01  1.70657388E-03
8.64490424E-02  2.13177741E-01  1.75593258E-03
8.67476574E-02  2.19466582E-01  1.77817990E-03
8.70462724E-02  2.25623697E-01  1.77305029E-03
8.73448874E-02  2.31841326E-01  1.81098410E-03
8.76435024E-02  2.33819231E-01  1.80074177E-03
8.79421174E-02  2.39753112E-01  1.85315812E-03
8.82407324E-02  2.47182071E-01  1.87442114E-03
8.85393474E-02  2.52278149E-01  1.86698639E-03
8.88379624E-02  2.56405890E-01  1.89639162E-03
8.91365774E-02  2.60761470E-01  1.88759447E-03
8.94351924E-02  2.67826766E-01  1.92726019E-03
8.97338074E-02  2.74179935E-01  1.93913281E-03
9.00324224E-02  2.75844783E-01  1.93963735E-03
9.03310374E-02  2.83244699E-01  1.98754738E-03
9.06296524E-02  2.92723894E-01  1.99626759E-03
9.09282674E-02  2.99457788E-01  2.01724842E-03
9.12268824E-02  3.05580765E-01  2.03404366E-03
9.15254974E-02  3.15999508E-01  2.06091511E-03
9.18241124E-02  3.24403465E-01  2.11910764E-03
9.21227274E-02  3.31013262E-01  2.12087785E-03
9.24213424E-02  3.39412332E-01  2.11116672E-03
9.27199574E-02  3.50948155E-01  2.16601649E-03
9.30185724E-02  3.63234371E-01  2.20759166E-03
9.33171874E-02  3.77170920E-01  2.27227900E-03
9.36158024E-02  3.88583183E-01  2.22757854E-03
9.39144174E-02  4.12041336E-01  2.35336949E-03
9.42130324E-02  4.28177327E-01  2.38606497E-03
9.45116474E-02  4.45984662E-01  2.42433092E-03
9.48102624E-02  4.67988938E-01  2.49453122E-03
9.51088774E-02  4.91361767E-01  2.50707823E-03
9.54074924E-02  5.20925879E-01  2.61547347E-03
9.57061074E-02  5.55309415E-01  2.69326591E-03
9.60047224E-02  5.86609662E-01  2.77057360E-03
9.63033374E-02  6.25203371E-01  2.83289235E-03
9.66019524E-02  6.74105763E-01  2.95700249E-03
9.69005674E-02  7.26458251E-01  3.06165661E-03
9.71991824E-02  7.86045849E-01  3.17646796E-03
9.74977974E-02  8.57166767E-01  3.30563355E-03
9.77964124E-02  9.44598436E-01  3.45825846E-03
9.80950274E-02  1.04087818E+00  3.65528814E-03
9.83936424E-02  1.14372730E+00  3.83328716E-03
9.86922574E-02  1.27185071E+00  4.03880188E-03
9.89908724E-02  1.43342614E+00  4.24205698E-03
9.92894874E-02  1.62308884E+00  4.50066896E-03
9.95881024E-02  1.84129918E+00  4.83247358E-03
9.98867174E-02  2.10713363E+00  5.18734194E-03
1.00185332E-01  2.43126917E+00  5.44682844E-03
1.00483947E-01  2.81004715E+00  5.94955217E-03
1.00782562E-01  3.26356387E+00  6.33415207E-03
1.01081177E-01  3.72603130E+00  6.83645532E-03
1.01379792E-01  4.24460077E+00  7.26907933E-03
1.01678407E-01  4.74928331E+00  7.60651985E-03
1.01977022E-01  5.19177437E+00  8.03932641E-03
1.02275637E-01  5.56881762E+00  8.32613837E-03
1.02574252E-01  5.81625986E+00  8.47361702E-03
1.02872867E-01  5.91673851E+00  8.45546927E-03
1.03171482E-01  5.84317017E+00  8.39590561E-03
1.03470097E-01  5.63962078E+00  8.26183520E-03
1.03768712E-01  5.31151485E+00  8.09089188E-03
1.04067327E-01  4.89460039E+00  7.62861688E-03
1.04365942E-01  4.42577076E+00  7.33691407E-03
1.04664557E-01  3.99845409E+00  6.96802046E-03
1.04963172E-01  3.54403758E+00  6.51231082E-03
1.05261787E-01  3.14390635E+00  6.14858605E-03
1.05560402E-01  2.77201796E+00  5.71357040E-03
1.05859017E-01  2.45814514E+00  5.45009784E-03
1.06157632E-01  2.17832994E+00  5.09740924E-03
1.06456247E-01  1.94819069E+00  4.82062995E-03
1.06754862E-01  1.73853517E+00  4.49988665E-03
1.07053477E-01  1.55312741E+00  4.28016344E-03
1.07352092E-01  1.40750372E+00  4.07457212E-03
1.07650707E-01  1.27362537E+00  3.87904001E-03
1.07949322E-01  1.15085983E+00  3.68149369E-03
1.08247937E-01  1.04438961E+00  3.50428838E-03
1.08546552E-01  9.57863927E-01  3.36937839E-03
1.08845167E-01  8.75367522E-01  3.16827511E-03
1.09143782E-01  8.08948755E-01  3.08167026E-03
1.09442397E-01  7.39842534E-01  2.91046593E-03
1.09741012E-01  6.84224308E-01  2.80761882E-03
1.10039627E-01  6.41241372E-01  2.73937243E-03
1.10338242E-01  5.95039606E-01  2.62233778E-03
1.10636857E-01  5.53217769E-01  2.49755266E-03
1.10935472E-01  5.12603045E-01  2.40230211E-03
1.11234087E-01  4.87189293E-01  2.36363243E-03
1.11532702E-01  4.58661020E-01  2.29161559E-03
1.11831317E-01  4.30082589E-01  2.20717769E-03
1.12129932E-01  4.06159908E-01  2.14902428E-03
1.12428547E-01  3.85443389E-01  2.09270045E-03
1.12727162E-01  3.63079697E-01  2.02257908E-03
1.13025777E-01  3.51530313E-01  1.98788778E-03
1.13324392E-01  3.28703314E-01  1.91935559E-03
1.13623007E-01  3.10949385E-01  1.87105150E-03
1.13921622E-01  2.95693368E-01  1.82596361E-03
1.14220237E-01  2.77201027E-01  1.75072392E-03
1.14518852E-01  2.66178370E-01  1.70166290E-03
1.14817467E-01  2.53031701E-01  1.68273237E-03
1.15116082E-01  2.45466098E-01  1.65613706E-03
1.15414697E-01  2.29579672E-01  1.59445708E-03
1.15713312E-01  2.19558537E-01  1.54434983E-03
1.16011927E-01  2.14427546E-01  1.53182063E-03
1.16310542E-01  2.06987023E-01  1.51851913E-03
1.16609157E-01  1.95430458E-01  1.45916780E-03
1.16907772E-01  1.87745869E-01  1.43547670E-03
1.17206387E-01  1.80688560E-01  1.40254188E-03
1.17505002E-01  1.75181881E-01  1.37246726E-03
1.17803617E-01  1.70845225E-01  1.37036236E-03
1.18102232E-01  1.67162120E-01  1.34263514E-03
1.18400847E-01  1.61269069E-01  1.32068025E-03
1.18699462E-01  1.57217756E-01  1.30114343E-03
1.18998077E-01  1.50034770E-01  1.25924114E-03
1.19296692E-01  1.46777004E-01  1.26923947E-03
1.19595307E-01  1.46291196E-01  1.24432181E-03
1.19893922E-01  1.39323279E-01  1.21173589E-03
1.20192537E-01  1.36181816E-01  1.21185835E-03
1.20491152E-01  1.30771026E-01  1.17063534E-03
1.20789767E-01  1.31286889E-01  1.18387025E-03
1.21088382E-01  1.29856333E-01  1.17571221E-03
1.21386997E-01  1.25804648E-01  1.14819489E-03
1.21685612E-01  1.21039219E-01  1.13673147E-03
1.21984227E-01  1.18089311E-01  1.11559010E-03
1.22282842E-01  1.16694272E-01  1.10118347E-03
1.22581457E-01  1.15911677E-01  1.08987500E-03
1.22880072E-01  1.12853289E-01  1.09447725E-03
1.23178687E-01  1.10833235E-01  1.07468420E-03
1.23477302E-01  1.07729390E-01  1.06252136E-03
1.23775917E-01  1.05099477E-01  1.03708729E-03
1.24074532E-01  1.05949707E-01  1.05148368E-03
1.24373147E-01  1.02499500E-01  1.03277003E-03
1.24671762E-01  1.00353159E-01  1.01621170E-03
1.24970377E-01  9.95434821E-02  1.00930722E-03
1.25268992E-01  9.82287005E-02  1.00123964E-03
1.25567607E-01  9.69680250E-02  9.90036759E-04
1.25866222E-01  9.59956869E-02  1.00087863E-03
1.26164837E-01  9.39225703E-02  9.79050878E-04
1.26463452E-01  9.19044241E-02  9.63843951E-04
1.26762067E-01  9.26218405E-02  9.71581554E-04
1.27060682E-01  9.15175527E-02  9.63129220E-04
1.27359297E-01  9.07906890E-02  9.73714166E-04
1.27657912E-01  8.90933275E-02  9.41956299E-04
1.27956527E-01  8.81903768E-02  9.41289938E-04
1.28255142E-01  8.71091262E-02  9.42229759E-04
1.28553757E-01  8.66127983E-02  9.23190615E-04
1.28852372E-01  8.50664899E-02  9.18578240E-04
1.29150987E-01  8.43525082E-02  9.14716220E-04
1.29449602E-01  8.45272914E-02  9.21227096E-04
1.29748217E-01  8.26585367E-02  9.10371658E-04
1.30046832E-01  8.41606259E-02  9.11243493E-04
1.30345447E-01  8.29693526E-02  9.02373984E-04
1.30644062E-01  8.10571015E-02  8.90737399E-04
1.30942677E-01  8.11889172E-02  8.98006430E-04
1.31241292E-01  8.02542642E-02  8.89848452E-04
1.31539907E-01  8.04049000E-02  8.85980844E-04
1.31838522E-01  7.85123110E-02  8.79555242E-04
1.32137137E-01  7.76591226E-02  8.82718072E-04
1.32435752E-01  7.85346478E-02  8.99317150E-04
1.32734367E-01  7.80297294E-02  8.95180157E-04
1.33032982E-01  7.55637661E-02  8.90218478E-04
1.33331597E-01  7.62771070E-02  8.94411583E-04
1.33630212E-01  7.62955099E-02  8.98340601E-04
1.33928827E-01  7.38213286E-02  8.97196354E-04
1.34227442E-01  7.24766478E-02  8.67563998E-04
1.34526057E-01  7.39218220E-02  8.93874094E-04
1.34824672E-01  7.30082318E-02  8.94880737E-04
1.35123287E-01  7.07452372E-02  8.75736936E-04
1.35421902E-01  7.05742761E-02  8.82454275E-04
1.35720517E-01  7.05933645E-02  8.73522367E-04
1.36019132E-01  6.82132393E-02  8.74097750E-04
1.36317747E-01  6.86133429E-02  8.68175644E-04
1.36616362E-01  6.75868466E-02  8.59116204E-04
1.36914977E-01  6.62326813E-02  8.60019703E-04
1.37213592E-01  6.60969168E-02  8.60435597E-04
1.37512207E-01  6.55472949E-02  8.65390932E-04
1.37810822E-01  6.60188273E-02  8.59929249E-04
1.38109437E-01  6.48092777E-02  8.52016383E-04
1.38408052E-01  6.34291247E-02  8.46097828E-04
1.38706667E-01  6.30739704E-02  8.45659699E-04
1.39005282E-01  6.15689121E-02  8.44599272E-04
1.39303897E-01  6.23386241E-02  8.33109312E-04
1.39602512E-01  6.04551695E-02  8.36274237E-04
1.39901127E-01  6.11437224E-02  8.39715183E-04
1.40199742E-01  6.03843629E-02  8.30619247E-04
1.40498357E-01  5.97419888E-02  8.34919687E-04
1.40796972E-01  5.88447712E-02  8.17761873E-04
1.41095587E-01  5.99070266E-02  8.37062660E-04
1.41394202E-01  5.75436242E-02  8.15258536E-04
1.41692817E-01  5.64569794E-02  8.12604092E-04
1.41991432E-01  5.71121052E-02  8.17306223E-04
1.42290047E-01  5.58284931E-02  8.02395283E-04
1.42588662E-01  5.51059172E-02  8.07938690E-04
1.42887277E-01  5.65350242E-02  8.13811668E-04
1.43185892E-01  5.44456281E-02  7.96121429E-04
1.43484507E-01  5.49711399E-02  8.06309341E-04
1.43783122E-01  5.48917465E-02  7.99064932E-04
1.44081737E-01  5.32602444E-02  7.89582380E-04
1.44380352E-01  5.29216826E-02  7.80627073E-04
1.44678967E-01  5.35132401E-02  7.76288274E-04
1.44977582E-01  5.21663800E-02  7.81743613E-04
1.45276197E-01  5.42176105E-02  7.85267795E-04
1.45574812E-01  5.07797040E-02  7.68860104E-04
1.45873427E-01  5.21701239E-02  7.61303469E-04
1.46172042E-01  5.05229868E-02  7.54578912E-04
1.46470657E-01  4.93297242E-02  7.54555920E-04
1.46769272E-01  5.08951545E-02  7.57354952E-04
1.47067887E-01  5.06418571E-02  7.53752654E-04
1.47366502E-01  4.93489541E-02  7.40438001E-04
1.47665117E-01  4.79819365E-02  7.31207721E-04
1.47963732E-01  4.85526882E-02  7.43976911E-04
1.48262347E-01  4.76861186E-02  7.29500432E-04
1.48560962E-01  4.81995903E-02  7.34524627E-04
1.48859577E-01  4.73279916E-02  7.18163210E-04
1.49158192E-01  4.70386036E-02  7.30885542E-04
1.49456807E-01  4.66802269E-02  7.19606527E-04
1.49755422E-01  4.63379063E-02  7.15094560E-04
1.50054037E-01  4.77028601E-02  7.30183849E-04
1.50352652E-01  4.57920432E-02  7.06418417E-04
1.50651267E-01  4.54258285E-02  7.13621848E-04
1.50949882E-01  4.54733782E-02  7.02925783E-04
1.51248497E-01  4.59217168E-02  7.09771411E-04
1.51547112E-01  4.53474484E-02  7.17634335E-04
1.51845727E-01  4.64020111E-02  7.04924285E-04
1.52144342E-01  4.53055613E-02  7.13761139E-04
1.52442957E-01  4.48454134E-02  6.89033070E-04
1.52741572E-01  4.40275632E-02  6.92682108E-04
1.53040187E-01  4.34760973E-02  6.98146643E-04
1.53338802E-01  4.41950336E-02  6.89706008E-04
1.53637417E-01  4.32724655E-02  6.90791756E-04
1.53936032E-01  4.29009870E-02  6.77815988E-04
1.54234647E-01  4.38191630E-02  6.86520594E-04
1.54533262E-01  4.27551866E-02  6.88704546E-04
1.54831877E-01  4.34506647E-02  6.84623315E-04
1.55130492E-01  4.32421789E-02  6.83975406E-04
1.55429107E-01  4.41441126E-02  6.87322870E-04
1.55727722E-01  4.32313345E-02  6.86904299E-04
1.56026337E-01  4.38502729E-02  6.87768101E-04
1.56324952E-01  4.26328480E-02  6.75945892E-04
1.56623567E-01  4.18338105E-02  6.77209813E-04
1.56922182E-01  4.11970057E-02  6.62317616E-04
1.57220797E-01  4.07132655E-02  6.67340879E-04
1.57519412E-01  4.14248742E-02  6.64864900E-04
1.57818027E-01  4.09925207E-02  6.60911843E-04
1.58116642E-01  4.23199795E-02  6.80635392E-04
1.58415257E-01  4.21222597E-02  6.69959059E-04
1.58713872E-01  4.16645221E-02  6.72621129E-04
1.59012487E-01  3.97513695E-02  6.47584850E-04
1.59311102E-01  4.14322354E-02  6.71237009E-04
1.59609717E-01  4.00676504E-02  6.61304803E-04
1.59908332E-01  3.95408869E-02  6.41775725E-04
1.60206947E-01  3.98771912E-02  6.50931499E-04
1.60505562E-01  4.04192023E-02  6.55341253E-04
1.60804177E-01  4.07037362E-02  6.56939286E-04
1.61102792E-01  3.97249907E-02  6.49225956E-04
1.61401407E-01  3.97518501E-02  6.46906265E-04
1.61700022E-01  3.92930098E-02  6.42251864E-04
1.61998637E-01  3.93763408E-02  6.44302869E-04
1.62297252E-01  4.00735326E-02  6.53006486E-04
1.62595867E-01  3.89430448E-02  6.43269450E-04
1.62894482E-01  3.86210233E-02  6.33386895E-04
1.63193097E-01  3.77735756E-02  6.35590986E-04
1.63491712E-01  3.92354615E-02  6.37070334E-04
1.63790327E-01  3.88234593E-02  6.43669453E-04
1.64088942E-01  3.94050702E-02  6.37559046E-04
1.64387557E-01  3.84355709E-02  6.34540687E-04
1.64686172E-01  3.83124053E-02  6.41037826E-04
1.64984787E-01  3.72292325E-02  6.20573410E-04
1.65283402E-01  3.74826044E-02  6.26627705E-04
1.65582017E-01  3.88358496E-02  6.32502313E-04
1.65880632E-01  3.85805927E-02  6.33064483E-04
1.66179247E-01  3.97824086E-02  6.48090441E-04
1.66477862E-01  3.72235440E-02  6.18164137E-04
1.66776477E-01  3.86520401E-02  6.35435630E-04
1.67075092E-01  3.84804569E-02  6.35368342E-04
1.67373707E-01  3.70592214E-02  6.21550600E-04
1.67672322E-01  3.77672426E-02  6.27020374E-04
1.67970937E-01  3.70957181E-02  6.15617086E-04
1.68269552E-01  3.78382280E-02  6.26732188E-04
1.68568167E-01  3.71569470E-02  6.14857709E-04
1.68866782E-01  3.71382162E-02  6.23753411E-04
1.69165397E-01  3.77461687E-02  6.24010165E-04
1.69464012E-01  3.62506025E-02  6.07732218E-04
1.69762627E-01  3.73597331E-02  6.21025567E-04
1.70061242E-01  3.61789875E-02  6.09018607E-04
1.70359857E-01  3.58274467E-02  6.13084761E-04
1.70658472E-01  3.70966196E-02  6.12686214E-04
1.70957087E-01  3.54196280E-02  6.00937230E-04
1.71255702E-01  3.48615237E-02  6.03487482E-04
1.71554317E-01  3.59887108E-02  5.99395717E-04
1.71852932E-01  3.63958925E-02  6.10425370E-04
1.72151547E-01  3.62685584E-02  6.07265683E-04
1.72450162E-01  3.59020233E-02  6.05644891E-04
1.72748777E-01  3.71232256E-02  6.17350044E-04
1.73047392E-01  3.55916992E-02  6.01781474E-04
1.73346007E-01  3.48158106E-02  5.96210128E-04
1.73644622E-01  3.55353616E-02  5.99459512E-04
1.73943237E-01  3.63186672E-02  6.06238027E-04
1.74241852E-01  3.48031670E-02  5.97132836E-04
1.74540467E-01  3.46054509E-02  5.87970542E-04
1.74839082E-01  3.43698300E-02  5.93200792E-04
1.75137697E-01  3.54459770E-02  5.96679514E-04
1.75436312E-01  3.40459570E-02  5.88576018E-04
1.75734927E-01  3.46158706E-02  5.86288748E-04
1.76033542E-01  3.55150960E-02  5.95652789E-04
1.76332157E-01  3.39640528E-02  5.91327902E-04
1.76630772E-01  3.42021659E-02  5.82972600E-04
1.76929387E-01  3.39844935E-02  5.90076146E-04
1.77228002E-01  3.43929715E-02  5.82263048E-04
1.77526617E-01  3.38328891E-02  5.81771252E-04
1.77825232E-01  3.32065821E-02  5.78315347E-04
1.78123847E-01  3.28883976E-02  5.73208730E-04
1.78422462E-01  3.39275077E-02  5.82194480E-04
1.78721077E-01  3.30767855E-02  5.76404622E-04
1.79019692E-01  3.26369368E-02  5.72754128E-04
1.79318307E-01  3.33330706E-02  5.79027343E-04
1.79616922E-01  3.30393352E-02  5.67873940E-04
1.79915537E-01  3.24387699E-02  5.70243225E-04
1.80214152E-01  3.24502178E-02  5.65399998E-04
1.80512767E-01  3.34817879E-02  5.80124615E-04
1.80811382E-01  3.18017863E-02  5.63857902E-04
1.81109997E-01  3.24983746E-02  5.64698305E-04
1.81408612E-01  3.16446871E-02  5.62844682E-04
1.81707227E-01  3.27111445E-02  5.68997057E-04
1.82005842E-01  3.28102261E-02  5.69859054E-04
1.82304457E-01  3.14833224E-02  5.55079314E-04
1.82603072E-01  3.18149626E-02  5.60404093E-04
1.82901687E-01  3.17453071E-02  5.63743350E-04
1.83200302E-01  3.09905913E-02  5.51997044E-04
1.83498917E-01  3.16436030E-02  5.55578619E-04
1.83797532E-01  2.99844146E-02  5.39931178E-04
1.84096147E-01  3.10203787E-02  5.54288970E-04
1.84394762E-01  3.05678640E-02  5.51152683E-04
1.84693377E-01  3.18589211E-02  5.58756466E-04
1.84991992E-01  3.10900118E-02  5.54913422E-04
1.85290607E-01  3.08804195E-02  5.45979128E-04
1.85589222E-01  3.04867215E-02  5.46413183E-04
1.85887837E-01  3.04722860E-02  5.44669281E-04
1.86186452E-01  3.06632034E-02  5.45301358E-04
1.86485067E-01  3.15655507E-02  5.56183397E-04
1.86783682E-01  3.01321391E-02  5.41801273E-04
1.87082297E-01  2.99396627E-02  5.42388763E-04
1.87380912E-01  2.96065770E-02  5.35827246E-04
1.87679527E-01  3.06090396E-02  5.40253008E-04
1.87978142E-01  3.01829185E-02  5.43153496E-04
1.88276757E-01  2.96844859E-02  5.37413289E-04
1.88575372E-01  3.05459164E-02  5.46772033E-04
1.88873987E-01  2.94526313E-02  5.33565646E-04
1.89172602E-01  3.08318436E-02  5.42918511E-04
1.89471217E-01  2.98110098E-02  5.37856075E-04
1.89769832E-01  2.99679060E-02  5.40686829E-04
1.90068447E-01  3.07087731E-02  5.39581408E-04
1.90367062E-01  2.97237504E-02  5.35845815E-04
1.90665677E-01  2.96178535E-02  5.33676648E-04
1.90964292E-01  2.88135428E-02  5.25360869E-04
1.91262907E-01  2.95115281E-02  5.33932180E-04
1.91561522E-01  2.94591710E-02  5.26813092E-04
1.91860137E-01  2.91145667E-02  5.30849502E-04
1.92158752E-01  2.98005808E-02  5.34287130E-04
1.92457367E-01  2.93784309E-02  5.31176513E-04
1.92755982E-01  2.81238686E-02  5.17539331E-04
1.93054597E-01  2.87894979E-02  5.23965282E-04
1.93353212E-01  2.91950647E-02  5.24951844E-04
1.93651827E-01  2.83556711E-02  5.22868417E-04
1.93950442E-01  2.93524284E-02  5.29065845E-04
1.94249057E-01  2.96955686E-02  5.28427714E-04
1.94547672E-01  2.96386704E-02  5.31983096E-04
1.94846287E-01  2.91347913E-02  5.26427291E-04
1.95144902E-01  2.95231994E-02  5.32836828E-04
1.95443517E-01  2.91149635E-02  5.18013898E-04
1.95742132E-01  2.82748993E-02  5.17608831E-04
1.96040747E-01  2.90305614E-02  5.25488460E-04
1.96339362E-01  2.84353439E-02  5.21245121E-04
1.96637977E-01  2.88251005E-02  5.19645400E-04
1.96936592E-01  2.97058951E-02  5.28527831E-04
1.97235207E-01  2.83615105E-02  5.18240035E-04
1.97533822E-01  2.83528175E-02  5.16188797E-04
1.97832437E-01  2.90537924E-02  5.24194213E-04
1.98131052E-01  2.77694184E-02  5.09723730E-04
1.98429667E-01  2.81596091E-02  5.13779349E-04
1.98728282E-01  2.88009774E-02  5.21247275E-04
1.99026897E-01  2.77035777E-02  5.08001947E-04
1.99325512E-01  2.86286138E-02  5.18043002E-04
1.99624127E-01  2.82546468E-02  5.14486746E-04
1.99922742E-01  2.90160868E-02  5.20389469E-04
2.00221357E-01  2.78852619E-02  5.13061590E-04
2.00519972E-01  2.81616822E-02  5.10430080E-04
2.00818587E-01  2.76013240E-02  5.04855358E-04
2.01117202E-01  2.84739025E-02  5.17792883E-04
2.01415817E-01  2.81657577E-02  5.09834441E-04
2.01714432E-01  2.81609222E-02  5.12186147E-04
2.02013047E-01  2.91158129E-02  5.18686255E-04
2.02311662E-01  2.85244323E-02  5.15483087E-04
2.02610277E-01  2.89961994E-02  5.21039299E-04
2.02908892E-01  2.97622252E-02  5.22144313E-04
2.03207507E-01  2.94767283E-02  5.21732436E-04
2.03506122E-01  2.97996737E-02  5.23769413E-04
2.03804737E-01  3.03902850E-02  5.29428187E-04
2.04103352E-01  3.07939127E-02  5.34597202E-04
2.04401967E-01  3.24391238E-02  5.48008189E-04
2.04700582E-01  3.31015885E-02  5.48804295E-04
2.04999197E-01  3.35598625E-02  5.54122147E-04
2.05297812E-01  3.33743952E-02  5.57947380E-04
2.05596427E-01  3.43063176E-02  5.61118301E-04
2.05895042E-01  3.31949629E-02  5.53326216E-04
2.06193657E-01  3.47249024E-02  5.62277506E-04
2.06492272E-01  3.52394581E-02  5.65735449E-04
2.06790887E-01  3.44361104E-02  5.65515133E-04
2.07089502E-01  3.49725336E-02  5.60511951E-04
2.07388117E-01  3.45760621E-02  5.64549468E-04
2.07686732E-01  3.34122665E-02  5.52740996E-04
2.07985347E-01  3.33236977E-02  5.50147728E-04
2.08283962E-01  3.38072255E-02  5.55487175E-04
2.08582577E-01  3.33718136E-02  5.48037060E-04
2.08881192E-01  3.23613100E-02  5.42148424E-04
2.09179807E-01  3.23587544E-02  5.44633600E-04
2.09478422E-01  3.30746658E-02  5.44111885E-04
2.09777037E-01  3.22136730E-02  5.42576134E-04
2.10075652E-01  3.23277898E-02  5.38422726E-04
2.10374267E-01  3.10985707E-02  5.34753490E-04
2.10672882E-01  3.19672823E-02  5.40500158E-04
2.10971497E-01  3.11951507E-02  5.25272102E-04
2.11270112E-01  3.18812132E-02  5.39276225E-04
2.11568727E-01  3.26494388E-02  5.40121517E-04
2.11867342E-01  3.26968767E-02  5.45630406E-04
2.12165957E-01  3.23938243E-02  5.38329245E-04
2.12464572E-01  3.32641937E-02  5.45021787E-04
2.12763187E-01  3.27130333E-02  5.43109199E-04
2.13061802E-01  3.21856178E-02  5.38224005E-04
2.13360417E-01  3.20046172E-02  5.38673077E-04
2.13659032E-01  3.23112197E-02  5.35553263E-04
2.13957647E-01  3.30650769E-02  5.42415015E-04
2.14256262E-01  3.27367336E-02  5.42159425E-04
2.14554877E-01  3.36496159E-02  5.46372321E-04
2.14853492E-01  3.41688246E-02  5.51397039E-04
2.15152107E-01  3.43979001E-02  5.52581158E-04
2.15450722E-01  3.37141529E-02  5.52542508E-04
2.15749337E-01  3.39532122E-02  5.50648954E-04
2.16047952E-01  3.38188149E-02  5.47749456E-04
2.16346567E-01  3.38238925E-02  5.48119366E-04
2.16645182E-01  3.49104293E-02  5.53715450E-04
2.16943797E-01  3.43365483E-02  5.52094483E-04
2.17242412E-01  3.45606208E-02  5.57574444E-04
2.17541027E-01  3.49668115E-02  5.52046404E-04
2.17839642E-01  3.56818736E-02  5.67237090E-04
2.18138257E-01  3.60602215E-02  5.59628359E-04
2.18436872E-01  3.60074453E-02  5.65035618E-04
2.18735487E-01  3.51540521E-02  5.55487291E-04
2.19034102E-01  3.50112692E-02  5.54687227E-04
2.19332717E-01  3.50727811E-02  5.58826781E-04
2.19631332E-01  3.65467891E-02  5.68069518E-04
2.19929947E-01  3.59685533E-02  5.61392168E-04
2.20228562E-01  3.47354896E-02  5.49904071E-04
2.20527177E-01  3.60916853E-02  5.63520007E-04
2.20825792E-01  3.53397541E-02  5.58282249E-04
2.21124407E-01  3.50434743E-02  5.54293860E-04
2.21423022E-01  3.50509025E-02  5.53374004E-04
2.21721637E-01  3.45765948E-02  5.48489450E-04
2.22020252E-01  3.43912579E-02  5.46858297E-04
2.22318867E-01  3.47963721E-02  5.53650141E-04
2.22617482E-01  3.37314866E-02  5.38756372E-04
2.22916097E-01  3.36656086E-02  5.45554271E-04
2.23214712E-01  3.29696238E-02  5.34345978E-04
2.23513327E-01  3.32865156E-02  5.40547888E-04
2.23811942E-01  3.18056792E-02  5.25444630E-04
2.24110557E-01  3.12289484E-02  5.18541550E-04
2.24409172E-01  3.21530961E-02  5.30172198E-04
2.24707787E-01  3.22005562E-02  5.25482697E-04
2.25006402E-01  3.07853706E-02  5.19848138E-04
2.25305017E-01  3.03486977E-02  5.06939425E-04
2.25603632E-01  3.02716438E-02  5.13373758E-04
2.25902247E-01  2.95226350E-02  5.07579534E-04
2.26200862E-01  2.89808679E-02  5.00116323E-04
2.26499477E-01  2.79488415E-02  4.89427533E-04
2.26798092E-01  2.92208493E-02  5.03209769E-04
2.27096707E-01  2.90322360E-02  5.00853639E-04
2.27395322E-01  2.79999822E-02  4.93741594E-04
2.27693937E-01  2.77783833E-02  4.85698401E-04
2.27992552E-01  2.68845279E-02  4.79469687E-04
2.28291167E-01  2.70245243E-02  4.80440736E-04
2.28589782E-01  2.58958545E-02  4.74136759E-04
2.28888397E-01  2.65861880E-02  4.78739094E-04
2.29187012E-01  2.49166731E-02  4.59610834E-04
2.29485627E-01  2.47785747E-02  4.60047275E-04
2.29784242E-01  2.54140832E-02  4.68069891E-04
2.30082857E-01  2.45262478E-02  4.56781796E-04
2.30381472E-01  2.54366696E-02  4.64253186E-04
2.30680087E-01  2.50570942E-02  4.61965334E-04
2.30978702E-01  2.50401627E-02  4.61810152E-04
2.31277317E-01  2.36295518E-02  4.49130370E-04
2.31575932E-01  2.34198365E-02  4.47005295E-04
2.31874547E-01  2.34065335E-02  4.43451921E-04
2.32173162E-01  2.38630529E-02  4.49926039E-04
2.32471777E-01  2.33968496E-02  4.46403952E-04
2.32770392E-01  2.32792608E-02  4.43756755E-04
2.33069007E-01  2.36161835E-02  4.46702936E-04
2.33367622E-01  2.29647458E-02  4.38879128E-04
2.33666237E-01  2.19529960E-02  4.32786677E-04
2.33964852E-01  2.21805554E-02  4.31688473E-04
2.34263467E-01  2.23150756E-02  4.32996458E-04
2.34562082E-01  2.19227206E-02  4.30271059E-04
2.34860697E-01  2.19660699E-02  4.29964013E-04
2.35159312E-01  2.16027554E-02  4.26878571E-04
2.35457927E-01  2.13470887E-02  4.22073790E-04
2.35756542E-01  2.20085066E-02  4.26887156E-04
2.36055157E-01  2.05725841E-02  4.16224007E-04
2.36353772E-01  2.10421272E-02  4.20590281E-04
2.36652387E-01  2.14835219E-02  4.27284307E-04
2.36951002E-01  2.08112728E-02  4.12935100E-04
2.37249617E-01  2.09593102E-02  4.20957949E-04
2.37548232E-01  2.12560967E-02  4.22010518E-04
2.37846847E-01  2.04224717E-02  4.12259833E-04
2.38145462E-01  2.06707511E-02  4.14410781E-04
2.38444077E-01  2.03313157E-02  4.08262655E-04
2.38742692E-01  2.05499958E-02  4.17307194E-04
2.39041307E-01  2.01148931E-02  4.09147004E-04
2.39339922E-01  2.02767625E-02  4.09987289E-04
2.39638537E-01  2.12741010E-02  4.20302182E-04
2.39937152E-01  2.04704907E-02  4.11140267E-04
2.40235767E-01  2.08513364E-02  4.17863281E-04
2.40534382E-01  1.98238473E-02  4.04821301E-04
2.40832997E-01  1.98183227E-02  4.03867278E-04
2.41131612E-01  2.00044066E-02  4.07913554E-04
2.41430227E-01  2.01155804E-02  4.05651692E-04
2.41728842E-01  1.99051276E-02  4.07587417E-04
2.42027457E-01  2.01705433E-02  4.04871040E-04
2.42326072E-01  1.96957961E-02  4.01620608E-04
2.42624687E-01  1.96049251E-02  4.04504797E-04
2.42923302E-01  1.95742529E-02  4.01824422E-04
2.43221917E-01  1.92843173E-02  3.95123963E-04
2.43520532E-01  1.96638163E-02  4.00635501E-04
2.43819147E-01  1.96555052E-02  4.00882389E-04
2.44117762E-01  1.94781777E-02  4.00951918E-04
2.44416377E-01  1.92361008E-02  3.99453915E-04
2.44714992E-01  1.92266069E-02  3.94107017E-04
2.45013607E-01  1.95913427E-02  4.02005855E-04
2.45312222E-01  1.94037631E-02  3.97654861E-04
2.45610837E-01  1.96938850E-02  4.01832338E-04
2.45909452E-01  1.86086707E-02  3.86674976E-04
2.46208067E-01  1.91608500E-02  3.95594980E-04
2.46506682E-01  1.88330356E-02  3.91337118E-04
2.46805297E-01  1.88230518E-02  3.94378469E-04
2.47103912E-01  1.90623179E-02  3.91893758E-04
2.47402527E-01  1.86998453E-02  3.88150773E-04
2.47701142E-01  1.91052388E-02  3.94699251E-04
2.47999757E-01  1.91227440E-02  3.94556031E-04
2.48298372E-01  1.90161280E-02  3.95740179E-04
2.48596987E-01  1.94946993E-02  3.93130991E-04
2.48895602E-01  1.92466434E-02  3.93362483E-04
2.49194217E-01  1.78543516E-02  3.79279372E-04
2.49492832E-01  1.84724703E-02  3.86524422E-04
2.49791447E-01  1.78970825E-02  3.81393766E-04
2.50090062E-01  1.89464632E-02  3.89759109E-04
2.50388677E-01  1.86795983E-02  3.89750814E-04
2.50687292E-01  1.84265133E-02  3.85731691E-04
2.50985907E-01  1.91925503E-02  3.91440233E-04
2.51284522E-01  1.84063204E-02  3.85731808E-04
2.51583137E-01  1.82592832E-02  3.81396239E-04
2.51881752E-01  1.80960335E-02  3.81328427E-04
2.52180367E-01  1.86746754E-02  3.87378037E-04
2.52478982E-01  1.84325930E-02  3.83513310E-04
2.52777597E-01  1.81898940E-02  3.81699530E-04
2.53076212E-01  1.77670363E-02  3.77339398E-04
2.53374827E-01  1.78248454E-02  3.79080448E-04
2.53673442E-01  1.79300886E-02  3.75339790E-04
2.53972057E-01  1.74209718E-02  3.72945156E-04
2.54270672E-01  1.82415769E-02  3.81526101E-04
2.54569287E-01  1.76206063E-02  3.76701355E-04
2.54867902E-01  1.78475101E-02  3.77181685E-04
2.55166517E-01  1.81793533E-02  3.78244353E-04
2.55465132E-01  1.82646513E-02  3.81258928E-04
2.55763747E-01  1.89318489E-02  3.88473360E-04
2.56062362E-01  1.82127096E-02  3.80922342E-04
2.56360977E-01  1.73821300E-02  3.69665242E-04
2.56659592E-01  1.79397613E-02  3.74558760E-04
2.56958207E-01  1.81183070E-02  3.79529432E-04
2.57256822E-01  1.76799949E-02  3.74310795E-04
2.57555437E-01  1.76374614E-02  3.72078473E-04
2.57854052E-01  1.78164840E-02  3.74855503E-04
2.58152667E-01  1.74003839E-02  3.71738599E-04
2.58451282E-01  1.79024283E-02  3.77164979E-04
2.58749897E-01  1.75890196E-02  3.70397785E-04
2.59048512E-01  1.72951669E-02  3.68065608E-04
2.59347127E-01  1.74178686E-02  3.69175104E-04
2.59645742E-01  1.75071303E-02  3.71987291E-04
2.59944357E-01  1.73254162E-02  3.70644819E-04
2.60242972E-01  1.71631742E-02  3.64268082E-04
2.60541587E-01  1.78046264E-02  3.74440307E-04
2.60840202E-01  1.80711281E-02  3.76236974E-04
2.61138817E-01  1.74833219E-02  3.71146452E-04
2.61437432E-01  1.78331528E-02  3.73556220E-04
2.61736047E-01  1.80704575E-02  3.74361523E-04
2.62034662E-01  1.83907617E-02  3.79453180E-04
2.62333277E-01  1.71826892E-02  3.66586202E-04
2.62631892E-01  1.75503809E-02  3.68360983E-04
2.62930507E-01  1.82343554E-02  3.75666743E-04
2.63229122E-01  1.76020861E-02  3.69772140E-04
2.63527737E-01  1.77865904E-02  3.74060997E-04
2.63826352E-01  1.77671928E-02  3.70632741E-04
2.64124967E-01  1.74889360E-02  3.67719884E-04
2.64423582E-01  1.76944807E-02  3.70164460E-04
2.64722197E-01  1.78722851E-02  3.70574271E-04
2.65020812E-01  1.80583280E-02  3.76215175E-04
2.65319427E-01  1.71424635E-02  3.61716520E-04
2.65618042E-01  1.80867519E-02  3.75424861E-04
2.65916657E-01  1.70641784E-02  3.63232073E-04
2.66215272E-01  1.72127523E-02  3.64336971E-04
2.66513887E-01  1.76336057E-02  3.69052490E-04
2.66812502E-01  1.81486793E-02  3.72089824E-04
2.67111117E-01  1.72114074E-02  3.64799140E-04
2.67409732E-01  1.79915503E-02  3.72009032E-04
2.67708347E-01  1.75230242E-02  3.67705827E-04
2.68006962E-01  1.71455946E-02  3.63159575E-04
2.68305577E-01  1.73519254E-02  3.64115433E-04
2.68604192E-01  1.81252658E-02  3.73102695E-04
2.68902807E-01  1.74887609E-02  3.66021064E-04
2.69201422E-01  1.77226663E-02  3.66763095E-04
2.69500037E-01  1.76163074E-02  3.67165776E-04
2.69798652E-01  1.77817326E-02  3.68696667E-04
2.70097267E-01  1.74482465E-02  3.67596367E-04
2.70395882E-01  1.68890208E-02  3.56130942E-04
2.70694497E-01  1.73513032E-02  3.64022242E-04
2.70993112E-01  1.74907055E-02  3.66141961E-04
2.71291727E-01  1.77392568E-02  3.68450128E-04
2.71590342E-01  1.74927376E-02  3.66828055E-04
2.71888957E-01  1.81985572E-02  3.69404414E-04
2.72187572E-01  1.77068766E-02  3.66514811E-04
2.72486187E-01  1.76975969E-02  3.66794498E-04
2.72784802E-01  1.76330358E-02  3.66877532E-04
2.73083417E-01  1.76444761E-02  3.63282743E-04
2.73382032E-01  1.71399713E-02  3.60143807E-04
2.73680647E-01  1.84442829E-02  3.75321310E-04
2.73979262E-01  1.79482698E-02  3.68445908E-04
2.74277877E-01  1.77508034E-02  3.64930893E-04
2.74576492E-01  1.77897941E-02  3.65887157E-04
2.74875107E-01  1.80652570E-02  3.69835761E-04
2.75173722E-01  1.74524318E-02  3.64066684E-04
2.75472337E-01  1.72171127E-02  3.57605051E-04
2.75770952E-01  1.74976606E-02  3.63982079E-04
2.76069567E-01  1.82183329E-02  3.67765810E-04
2.76368182E-01  1.80277601E-02  3.70781490E-04
2.76666797E-01  1.76991243E-02  3.66354361E-04
2.76965412E-01  1.69756059E-02  3.54737858E-04
2.77264027E-01  1.79125331E-02  3.67248285E-04
2.77562642E-01  1.83772128E-02  3.68726091E-04
2.77861257E-01  1.75201930E-02  3.64687585E-04
2.78159872E-01  1.80766489E-02  3.65427259E-04
2.78458487E-01  1.80711728E-02  3.66743130E-04
2.78757102E-01  1.79600604E-02  3.68300127E-04
2.79055717E-01  1.80271938E-02  3.66758060E-04
2.79354332E-01  1.77721232E-02  3.64063628E-04
2.79652947E-01  1.83407608E-02  3.69935849E-04
2.79951562E-01  1.75059941E-02  3.58461548E-04
2.80250177E-01  1.79585945E-02  3.67729226E-04
2.80548792E-01  1.79347377E-02  3.65179469E-04
2.80847407E-01  1.77347604E-02  3.61783255E-04
2.81146022E-01  1.72755588E-02  3.58587014E-04
2.81444637E-01  1.79685652E-02  3.66629072E-04
2.81743252E-01  1.77716464E-02  3.63064901E-04
2.82041867E-01  1.78528931E-02  3.60756530E-04
2.82340482E-01  1.74280629E-02  3.59360594E-04
2.82639097E-01  1.75493937E-02  3.60790233E-04
2.82937712E-01  1.86636169E-02  3.71419883E-04
2.83236327E-01  1.76556725E-02  3.61072569E-04
2.83534942E-01  1.85348522E-02  3.68129084E-04
2.83833557E-01  1.77191924E-02  3.61993298E-04
2.84132172E-01  1.80336088E-02  3.64557200E-04
2.84430787E-01  1.77469011E-02  3.63546947E-04
2.84729402E-01  1.81994382E-02  3.63625324E-04
2.85028017E-01  1.84394829E-02  3.68274428E-04
2.85326632E-01  1.82776488E-02  3.69038404E-04
2.85625247E-01  1.82996616E-02  3.63386178E-04
2.85923862E-01  1.76091567E-02  3.59445403E-04
2.86222477E-01  1.84532572E-02  3.67597677E-04
2.86521092E-01  1.78104024E-02  3.61227896E-04
2.86819707E-01  1.83495693E-02  3.69213376E-04
2.87118322E-01  1.83777921E-02  3.64077307E-04
2.87416937E-01  1.79957021E-02  3.61946673E-04
2.87715552E-01  1.69558898E-02  3.50819842E-04
2.88014167E-01  1.76694747E-02  3.60601494E-04
2.88312782E-01  1.80265419E-02  3.63597996E-04
2.88611397E-01  1.80965923E-02  3.60064354E-04
2.88910012E-01  1.80697367E-02  3.64395120E-04
2.89208627E-01  1.85095575E-02  3.66903754E-04
2.89507242E-01  1.79959387E-02  3.61512968E-04
2.89805857E-01  1.89032201E-02  3.69164074E-04
2.90104472E-01  1.78707987E-02  3.58420977E-04
2.90403087E-01  1.87737271E-02  3.71338596E-04
2.90701702E-01  1.82645638E-02  3.63406434E-04
2.91000317E-01  1.82386842E-02  3.62532912E-04
2.91298932E-01  1.84200630E-02  3.65129730E-04
2.91597547E-01  1.82563793E-02  3.64037085E-04
2.91896162E-01  1.84834506E-02  3.66026856E-04
2.92194777E-01  1.92178637E-02  3.71780712E-04
2.92493392E-01  1.78572200E-02  3.58726276E-04
2.92792007E-01  1.82619113E-02  3.63209925E-04
2.93090622E-01  1.86267607E-02  3.66642955E-04
2.93389237E-01  1.86736714E-02  3.66927125E-04
2.93687852E-01  1.85497478E-02  3.63162457E-04
2.93986467E-01  1.88993365E-02  3.69229092E-04
2.94285082E-01  1.88943725E-02  3.67314089E-04
2.94583697E-01  1.83175914E-02  3.64389416E-04
2.94882312E-01  1.87878665E-02  3.66631779E-04
2.95180927E-01  1.85256768E-02  3.61722021E-04
2.95479542E-01  1.90751087E-02  3.70407914E-04
2.95778157E-01  1.89286154E-02  3.67563276E-04
2.96076772E-01  1.92419421E-02  3.70861177E-04
2.96375387E-01  1.90104786E-02  3.68182373E-04
2.96674002E-01  1.90849621E-02  3.68727022E-04
2.96972617E-01  1.91621110E-02  3.71887087E-04
2.97271232E-01  1.92241892E-02  3.72670998E-04
2.97569847E-01  1.97492037E-02  3.77910328E-04
2.97868462E-01  1.86360031E-02  3.68182547E-04
2.98167077E-01  1.91656034E-02  3.75219563E-04
2.98465692E-01  1.91823784E-02  3.77725897E-04
2.98764307E-01  1.94443371E-02  3.77009506E-04
2.99062922E-01  1.96865276E-02  3.81705380E-04
2.99361537E-01  2.04480980E-02  3.90284898E-04
2.99660152E-01  1.98324639E-02  3.85041931E-04
2.99958767E-01  1.99872348E-02  3.86737054E-04
3.00257382E-01  2.01513376E-02  3.89402354E-04
3.00555997E-01  2.09203642E-02  3.96563410E-04
3.00854612E-01  2.07297690E-02  3.94156232E-04
3.01153227E-01  2.01623440E-02  3.91299021E-04
3.01451842E-01  2.11149566E-02  3.98608332E-04
3.01750457E-01  2.12454703E-02  4.04473889E-04
3.02049072E-01  2.15641726E-02  4.04573279E-04
3.02347687E-01  2.15111710E-02  4.12154914E-04
3.02646302E-01  2.23052315E-02  4.25035076E-04
3.02944917E-01  2.20908336E-02  4.22873360E-04
3.03243532E-01  2.38736961E-02  4.47981904E-04
3.03542147E-01  2.30104104E-02  4.40557080E-04
3.03840762E-01  2.42314022E-02  4.51839383E-04
3.04139377E-01  2.49177404E-02  4.64153534E-04
3.04437992E-01  2.55720541E-02  4.66026075E-04
3.04736607E-01  2.59876419E-02  4.77501075E-04
3.05035222E-01  2.67390423E-02  4.80402348E-04
3.05333837E-01  2.83083823E-02  4.97634872E-04
3.05632452E-01  2.99923886E-02  5.16343280E-04
3.05931067E-01  3.14418413E-02  5.26006916E-04
3.06229682E-01  3.15423235E-02  5.32554288E-04
3.06528297E-01  3.38014178E-02  5.46037103E-04
3.06826912E-01  3.52322422E-02  5.64384507E-04
3.07125527E-01  3.65857817E-02  5.76529477E-04
3.07424142E-01  3.84362303E-02  5.90210140E-04
3.07722757E-01  3.84293981E-02  5.94893761E-04
3.08021372E-01  4.07953747E-02  6.07871392E-04
3.08319987E-01  4.23692390E-02  6.14822260E-04
3.08618602E-01  4.31124978E-02  6.14140648E-04
3.08917217E-01  4.26642969E-02  6.01801614E-04
3.09215832E-01  4.33218777E-02  6.11685973E-04
3.09514447E-01  4.16206121E-02  5.90200070E-04
3.09813062E-01  3.98923196E-02  5.79123502E-04
3.10111677E-01  3.89348641E-02  5.69561671E-04
3.10410292E-01  3.65061611E-02  5.44686103E-04
3.10708907E-01  3.52466255E-02  5.40404289E-04
3.11007522E-01  3.31446007E-02  5.16750209E-04
3.11306137E-01  3.18688042E-02  5.13145991E-04
3.11604752E-01  2.96321195E-02  4.89002850E-04
3.11903367E-01  2.92137712E-02  4.85013705E-04
3.12201982E-01  2.81679742E-02  4.76125657E-04
3.12500597E-01  2.61811968E-02  4.54861089E-04
3.12799212E-01  2.54790820E-02  4.52465698E-04
3.13097827E-01  2.38424577E-02  4.34650254E-04
3.13396442E-01  2.38424353E-02  4.34073183E-04
3.13695057E-01  2.30001174E-02  4.28507512E-04
3.13993672E-01  2.21959949E-02  4.16720577E-04
3.14292287E-01  2.18337812E-02  4.14399517E-04
3.14590902E-01  2.15277094E-02  4.10293578E-04
3.14889517E-01  2.19031777E-02  4.13857255E-04
3.15188132E-01  2.10996270E-02  4.08566993E-04
3.15486747E-01  2.12662090E-02  4.04722057E-04
3.15785362E-01  2.10570432E-02  4.05468309E-04
3.16083977E-01  2.02875100E-02  3.94994800E-04
3.16382592E-01  2.07359232E-02  4.01524332E-04
3.16681207E-01  2.03837529E-02  3.96343094E-04
3.16979822E-01  1.99518930E-02  3.91514739E-04
3.17278437E-01  1.98703855E-02  3.92034446E-04
3.17577052E-01  2.03852020E-02  3.95847834E-04
3.17875667E-01  2.01456565E-02  3.99021723E-04
3.18174282E-01  1.95829477E-02  3.97015101E-04
3.18472897E-01  1.96534395E-02  4.03449987E-04
3.18771512E-01  1.98137369E-02  4.03522543E-04
3.19070127E-01  1.95827782E-02  4.04306105E-04
3.19368742E-01  1.89386550E-02  3.97937634E-04
3.19667357E-01  1.96659472E-02  4.05850238E-04
3.19965972E-01  2.03861147E-02  4.14150069E-04
3.20264587E-01  1.90527104E-02  4.02203004E-04
3.20563202E-01  1.96305048E-02  4.07907966E-04
3.20861817E-01  1.91986691E-02  4.04204911E-04
3.21160432E-01  1.91970468E-02  4.02922451E-04
3.21459047E-01  1.89007670E-02  4.03608312E-04
3.21757662E-01  1.92075074E-02  4.04301391E-04
3.22056277E-01  1.93046592E-02  4.05091938E-04
3.22354892E-01  2.00654734E-02  4.16586729E-04
3.22653507E-01  1.88465696E-02  4.02450969E-04
3.22952122E-01  1.97214969E-02  4.15304443E-04
3.23250737E-01  1.96917467E-02  4.07163781E-04
3.23549352E-01  1.98640265E-02  4.14013601E-04
3.23847967E-01  1.86393168E-02  4.02923964E-04
3.24146582E-01  1.92582440E-02  4.08365740E-04
3.24445197E-01  1.92894824E-02  4.08936205E-04
3.24743812E-01  1.92482620E-02  4.07787506E-04
3.25042427E-01  1.96243171E-02  4.16128198E-04
3.25341042E-01  1.93271041E-02  4.08268475E-04
3.25639657E-01  1.92373749E-02  4.09584056E-04
3.25938272E-01  1.97516102E-02  4.16123192E-04
3.26236887E-01  1.96838342E-02  4.12142166E-04
3.26535502E-01  1.91282984E-02  4.12435591E-04
3.26834117E-01  1.99119635E-02  4.16098657E-04
3.27132732E-01  1.91459414E-02  4.10061039E-04
3.27431347E-01  1.98193677E-02  4.17828967E-04
3.27729962E-01  1.89702120E-02  4.06857580E-04
3.28028577E-01  2.00958159E-02  4.25552571E-04
3.28327192E-01  1.99716128E-02  4.14191978E-04
3.28625807E-01  1.97073389E-02  4.18264972E-04
3.28924422E-01  1.96396150E-02  4.17297822E-04
3.29223037E-01  1.93540249E-02  4.12535446E-04
3.29521652E-01  1.89489443E-02  4.09044122E-04
3.29820267E-01  1.99021474E-02  4.17721662E-04
3.30118882E-01  1.91002712E-02  4.13759321E-04
3.30417497E-01  1.91347748E-02  4.11905523E-04
3.30716112E-01  2.00046785E-02  4.18676529E-04
3.31014727E-01  1.96888596E-02  4.16095980E-04
3.31313342E-01  1.88866314E-02  4.06093692E-04
3.31611957E-01  1.94908604E-02  4.16970463E-04
3.31910572E-01  1.95748862E-02  4.14893526E-04
3.32209187E-01  1.99607443E-02  4.17118048E-04
3.32507802E-01  1.97826307E-02  4.19957563E-04
3.32806417E-01  1.97057892E-02  4.13600384E-04
3.33105032E-01  1.95739977E-02  4.15997521E-04
3.33403647E-01  1.88414156E-02  4.05496598E-04
3.33702262E-01  1.94665361E-02  4.12411784E-04
3.34000877E-01  1.98976081E-02  4.16709547E-04
3.34299492E-01  1.99391693E-02  4.18498734E-04
3.34598107E-01  1.96315050E-02  4.15627059E-04
3.34896722E-01  1.88586004E-02  4.03444457E-04
3.35195337E-01  2.01749094E-02  4.18138457E-04
3.35493952E-01  2.01148149E-02  4.19971038E-04
3.35792567E-01  1.98343005E-02  4.15566028E-04
3.36091182E-01  2.03030799E-02  4.21066274E-04
3.36389797E-01  1.97798498E-02  4.13067464E-04
3.36688412E-01  1.88647863E-02  4.05999570E-04
3.36987027E-01  2.01627128E-02  4.17169475E-04
3.37285642E-01  1.99538171E-02  4.16700437E-04
3.37584257E-01  1.98641159E-02  4.16373514E-04
3.37882872E-01  1.93335898E-02  4.08861844E-04
3.38181487E-01  1.96726173E-02  4.13999864E-04
3.38480102E-01  2.02325769E-02  4.13599366E-04
3.38778717E-01  2.00236905E-02  4.17069736E-04
3.39077332E-01  1.98441595E-02  4.13509755E-04
3.39375947E-01  2.02719867E-02  4.17823700E-04
3.39674562E-01  1.92339718E-02  4.09604487E-04
3.39973177E-01  1.98956486E-02  4.12262045E-04
3.40271792E-01  2.01392211E-02  4.17667965E-04
3.40570407E-01  1.89902205E-02  4.04872844E-04
3.40869022E-01  2.02827584E-02  4.16018273E-04
3.41167637E-01  1.97075512E-02  4.11378220E-04
3.41466252E-01  1.96073316E-02  4.07866959E-04
3.41764867E-01  1.90282501E-02  4.06701671E-04
3.42063482E-01  1.99736208E-02  4.13434173E-04
3.42362097E-01  1.96561664E-02  4.07913147E-04
3.42660712E-01  1.92621630E-02  4.07533633E-04
3.42959327E-01  2.01438572E-02  4.12475783E-04
3.43257942E-01  1.89692359E-02  4.04425460E-04
3.43556557E-01  1.96305588E-02  4.08350141E-04
3.43855172E-01  1.91744342E-02  4.03694663E-04
3.44153787E-01  1.99846495E-02  4.11901419E-04
3.44452402E-01  1.96258444E-02  4.07723099E-04
3.44751017E-01  1.93643384E-02  4.05808532E-04
3.45049632E-01  1.92037523E-02  4.00251942E-04
3.45348247E-01  1.88713185E-02  4.00611694E-04
3.45646862E-01  1.88543089E-02  3.98726173E-04
3.45945477E-01  1.95933767E-02  4.06697684E-04
3.46244092E-01  1.93352159E-02  3.99280048E-04
3.46542707E-01  1.91115122E-02  3.97295255E-04
3.46841322E-01  1.94083340E-02  4.03291429E-04
3.47139937E-01  1.92781221E-02  4.00585704E-04
3.47438552E-01  1.89666990E-02  3.94370058E-04
3.47737167E-01  2.01416239E-02  4.09690751E-04
3.48035782E-01  1.88455638E-02  3.92786431E-04
3.48334397E-01  1.90076008E-02  3.97547643E-04
3.48633012E-01  1.90548636E-02  3.92487709E-04
3.48931627E-01  1.84053555E-02  3.88710614E-04
3.49230242E-01  1.90029051E-02  3.96065792E-04
3.49528857E-01  1.91995110E-02  3.96901043E-04
3.49827472E-01  1.87447518E-02  3.92824149E-04
3.50126087E-01  1.80656612E-02  3.81962629E-04
3.50424702E-01  1.89276002E-02  3.94410599E-04
3.50723317E-01  1.90329850E-02  3.93879571E-04
3.51021932E-01  1.89233627E-02  3.94151197E-04
3.51320547E-01  1.86783671E-02  3.89555556E-04
3.51619162E-01  1.85972285E-02  3.87863343E-04
3.51917777E-01  1.88829731E-02  3.92544316E-04
3.52216392E-01  1.84938218E-02  3.87735869E-04
3.52515007E-01  1.89277958E-02  3.90450645E-04
3.52813622E-01  1.93064734E-02  3.94338276E-04
3.53112237E-01  1.89353880E-02  3.94830131E-04
3.53410852E-01  1.99067425E-02  4.04161372E-04
3.53709467E-01  1.93224866E-02  3.90612404E-04
3.54008082E-01  1.87010150E-02  3.88426182E-04
3.54306697E-01  1.98763851E-02  4.00665187E-04
3.54605312E-01  1.84596758E-02  3.88130487E-04
3.54903927E-01  1.81284919E-02  3.85799940E-04
3.55202542E-01  1.98258832E-02  3.94941046E-04
3.55501157E-01  1.88035741E-02  3.90556321E-04
3.55799772E-01  1.93061475E-02  3.93920986E-04
3.56098387E-01  1.89079102E-02  3.90789442E-04
3.56397002E-01  1.90627519E-02  3.92068410E-04
3.56695617E-01  1.94452014E-02  3.91655311E-04
3.56994232E-01  1.84275862E-02  3.88228917E-04
3.57292847E-01  1.87260881E-02  3.85062740E-04
3.57591462E-01  1.85574573E-02  3.85694089E-04
3.57890077E-01  1.89510416E-02  3.89031018E-04
3.58188692E-01  1.81105491E-02  3.78785626E-04
3.58487307E-01  1.92571618E-02  3.95899464E-04
3.58785922E-01  1.86726376E-02  3.82993225E-04
3.59084537E-01  1.86762474E-02  3.86828498E-04
3.59383152E-01  1.88865140E-02  3.87543114E-04
3.59681767E-01  1.91399883E-02  3.90449422E-04
3.59980382E-01  1.91890076E-02  3.94665141E-04
3.60278997E-01  1.93067491E-02  3.87610693E-04
3.60577612E-01  1.92560889E-02  3.92899587E-04
3.60876227E-01  1.89152863E-02  3.88051820E-04
3.61174842E-01  1.90314911E-02  3.86870059E-04
3.61473457E-01  1.93855073E-02  3.90452944E-04
3.61772072E-01  1.88107975E-02  3.85745865E-04
3.62070687E-01  1.93881337E-02  3.94038478E-04
3.62369302E-01  1.89684611E-02  3.86950327E-04
3.62667917E-01  1.92977749E-02  3.90192581E-04
3.62966532E-01  1.92621257E-02  3.88598972E-04
3.63265147E-01  1.91526525E-02  3.88931425E-04
3.63563762E-01  1.93130895E-02  3.90661968E-04
3.63862377E-01  1.91706810E-02  3.87781358E-04
3.64160992E-01  1.94368623E-02  3.90774600E-04
3.64459607E-01  1.90721601E-02  3.87296866E-04
3.64758222E-01  1.90722812E-02  3.87299369E-04
3.65056837E-01  1.95196867E-02  3.92439775E-04
3.65355452E-01  1.87323857E-02  3.81026126E-04
3.65654067E-01  1.87505037E-02  3.84428626E-04
3.65952682E-01  1.87717360E-02  3.81826540E-04
3.66251297E-01  1.96429640E-02  3.94519768E-04
3.66549912E-01  1.91803314E-02  3.86163767E-04
3.66848527E-01  1.92052443E-02  3.84412560E-04
3.67147142E-01  1.95299368E-02  3.93282215E-04
3.67445757E-01  1.98984407E-02  3.92817397E-04
3.67744372E-01  1.96208339E-02  3.91089241E-04
3.68042987E-01  1.91354118E-02  3.85415682E-04
3.68341602E-01  1.87669713E-02  3.81887687E-04
3.68640217E-01  1.89765487E-02  3.85832915E-04
3.68938832E-01  1.90876853E-02  3.82059457E-04
3.69237447E-01  1.91925019E-02  3.86095926E-04
3.69536062E-01  1.94703694E-02  3.87168286E-04
3.69834677E-01  1.94867924E-02  3.89657944E-04
3.70133292E-01  2.00621691E-02  3.96513409E-04
3.70431907E-01  1.93567220E-02  3.84452636E-04
3.70730522E-01  1.92074031E-02  3.85849533E-04
3.71029137E-01  1.98559016E-02  3.90081987E-04
3.71327752E-01  1.97298694E-02  3.90556525E-04
3.71626367E-01  1.92416068E-02  3.85294785E-04
3.71924982E-01  1.97433773E-02  3.89984343E-04
3.72223597E-01  1.93016585E-02  3.87508509E-04
3.72522212E-01  1.89687684E-02  3.79907608E-04
3.72820827E-01  1.95904877E-02  3.87873413E-04
3.73119442E-01  1.91627685E-02  3.83716106E-04
3.73418057E-01  1.92582849E-02  3.82799655E-04
3.73716672E-01  1.97481494E-02  3.92381771E-04
3.74015287E-01  1.96907409E-02  3.85796418E-04
3.74313902E-01  1.98064055E-02  3.88809625E-04
3.74612517E-01  1.96708031E-02  3.88474989E-04
3.74911132E-01  1.94420200E-02  3.85614723E-04
3.75209747E-01  1.93411671E-02  3.85208841E-04
3.75508362E-01  2.01151129E-02  3.90235422E-04
3.75806977E-01  1.97181441E-02  3.87749984E-04
3.76105592E-01  2.03788355E-02  3.94092960E-04
3.76404207E-01  1.97056253E-02  3.87728767E-04
3.76702822E-01  1.92027576E-02  3.81094113E-04
3.77001437E-01  2.02926639E-02  3.92060145E-04
3.77300052E-01  2.04881411E-02  3.96577670E-04
3.77598667E-01  2.07145363E-02  3.97841854E-04
3.77897282E-01  1.92890130E-02  3.81083781E-04
3.78195897E-01  2.03491971E-02  3.90825182E-04
3.78494512E-01  1.93677340E-02  3.83613486E-04
3.78793127E-01  1.95411798E-02  3.84642073E-04
3.79091742E-01  2.01407652E-02  3.89707711E-04
3.79390357E-01  1.97037626E-02  3.85165447E-04
3.79688972E-01  1.94073021E-02  3.82451661E-04
3.79987587E-01  2.02326104E-02  3.89810128E-04
3.80286202E-01  2.03655399E-02  3.92080256E-04
3.80584817E-01  2.05015484E-02  3.93388618E-04
3.80883432E-01  2.08233856E-02  3.94867006E-04
3.81182047E-01  1.97069980E-02  3.85302294E-04
3.81480662E-01  1.97171085E-02  3.85499967E-04
3.81779277E-01  2.08343472E-02  3.93100898E-04
3.82077892E-01  2.11494472E-02  3.99259443E-04
3.82376507E-01  2.07010042E-02  3.94108298E-04
3.82675122E-01  2.11057477E-02  3.98647651E-04
3.82973737E-01  2.04434767E-02  3.90766538E-04
3.83272352E-01  2.12863255E-02  3.96166084E-04
3.83570967E-01  2.11261082E-02  3.98039410E-04
3.83869582E-01  2.12751199E-02  3.98240139E-04
3.84168197E-01  2.09791251E-02  3.96255986E-04
3.84466812E-01  2.11608205E-02  3.96378484E-04
3.84765427E-01  2.10268553E-02  3.94631381E-04
3.85064042E-01  2.07169615E-02  3.94769973E-04
3.85362657E-01  2.14805268E-02  3.99365672E-04
3.85661272E-01  2.13093143E-02  3.95023526E-04
3.85959887E-01  2.09409129E-02  3.95604817E-04
3.86258502E-01  2.09764075E-02  3.92993039E-04
3.86557117E-01  2.11599451E-02  3.99885379E-04
3.86855732E-01  2.07339879E-02  3.90236062E-04
3.87154347E-01  2.12713405E-02  3.95067007E-04
3.87452962E-01  2.08116006E-02  3.94289236E-04
3.87751577E-01  2.11673081E-02  3.93134833E-04
3.88050192E-01  2.18128879E-02  4.03665617E-04
3.88348807E-01  2.16422807E-02  3.96455900E-04
3.88647422E-01  2.14798227E-02  3.98184377E-04
3.88946037E-01  2.14759875E-02  3.97362950E-04
3.89244652E-01  2.07272079E-02  3.91149020E-04
3.89543267E-01  2.21777447E-02  4.04706050E-04
3.89841882E-01  2.27255598E-02  4.06462146E-04
3.90140497E-01  2.24962663E-02  4.08415915E-04
3.90439112E-01  2.24144533E-02  4.06662642E-04
3.90737727E-01  2.25428492E-02  4.03452432E-04
3.91036342E-01  2.21892297E-02  4.05320781E-04
3.91334957E-01  2.27610264E-02  4.05994040E-04
3.91633572E-01  2.22675093E-02  4.05333063E-04
3.91932187E-01  2.25114096E-02  4.03666287E-04
3.92230802E-01  2.19810996E-02  4.00053308E-04
3.92529417E-01  2.23712716E-02  4.06280567E-04
3.92828032E-01  2.29489133E-02  4.07277374E-04
3.93126647E-01  2.28967071E-02  4.08804597E-04
3.93425262E-01  2.33424865E-02  4.11357265E-04
3.93723877E-01  2.30816957E-02  4.11060493E-04
3.94022492E-01  2.31355801E-02  4.11238289E-04
3.94321107E-01  2.23425385E-02  4.01867612E-04
3.94619722E-01  2.34641787E-02  4.12032881E-04
3.94918337E-01  2.34374125E-02  4.11499437E-04
3.95216952E-01  2.33890116E-02  4.12177178E-04
3.95515567E-01  2.31801737E-02  4.10735258E-04
3.95814182E-01  2.40295194E-02  4.14363662E-04
3.96112797E-01  2.37905178E-02  4.15400456E-04
3.96411412E-01  2.38789655E-02  4.15364862E-04
3.96710027E-01  2.42269132E-02  4.18890035E-04
3.97008642E-01  2.43021213E-02  4.17515374E-04
3.97307257E-01  2.42792144E-02  4.17924399E-04
3.97605872E-01  2.51829531E-02  4.26768413E-04
3.97904487E-01  2.44411808E-02  4.21462319E-04
3.98203102E-01  2.53526401E-02  4.24613128E-04
3.98501717E-01  2.51386259E-02  4.23831865E-04
3.98800332E-01  2.54171137E-02  4.26892104E-04
3.99098947E-01  2.50640493E-02  4.24327067E-04
3.99397562E-01  2.56922897E-02  4.30967077E-04
3.99696177E-01  2.62278598E-02  4.33651672E-04
3.99994792E-01  2.48227026E-02  4.20663360E-04
4.00293407E-01  2.65708491E-02  4.36586153E-04
4.00592022E-01  2.57550199E-02  4.28596046E-04
4.00890637E-01  2.69619357E-02  4.38419956E-04
4.01189252E-01  2.65904050E-02  4.34974092E-04
4.01487867E-01  2.75892206E-02  4.44987410E-04
4.01786482E-01  2.79893596E-02  4.47557715E-04
4.02085097E-01  2.89135408E-02  4.51003987E-04
4.02383712E-01  2.88119745E-02  4.55956440E-04
4.02682327E-01  2.98073702E-02  4.57601185E-04
4.02980942E-01  2.95432936E-02  4.59709932E-04
4.03279557E-01  3.04607879E-02  4.64901212E-04
4.03578172E-01  3.14012095E-02  4.69459803E-04
4.03876787E-01  3.21015418E-02  4.78860893E-04
4.04175402E-01  3.27224545E-02  4.79916984E-04
4.04474017E-01  3.35893333E-02  4.89015249E-04
4.04772632E-01  3.42968181E-02  4.91562241E-04
4.05071247E-01  3.63557674E-02  5.06703625E-04
4.05369862E-01  3.68720815E-02  5.14951127E-04
4.05668477E-01  3.88261415E-02  5.18743531E-04
4.05967092E-01  4.15855646E-02  5.41673391E-04
4.06265707E-01  4.28126901E-02  5.48700278E-04
4.06564322E-01  4.52378504E-02  5.63364476E-04
4.06862937E-01  4.78475131E-02  5.85205853E-04
4.07161552E-01  5.22500537E-02  6.03331602E-04
4.07460167E-01  5.40494695E-02  6.17839338E-04
4.07758782E-01  5.75739630E-02  6.32146781E-04
4.08057397E-01  6.17041476E-02  6.57656346E-04
4.08356012E-01  6.70177117E-02  6.87985623E-04
4.08654627E-01  7.09781945E-02  7.01894809E-04
4.08953242E-01  7.52635524E-02  7.30301137E-04
4.09251857E-01  7.98097774E-02  7.45853176E-04
4.09550472E-01  8.60526711E-02  7.74840591E-04
4.09849087E-01  9.02821571E-02  7.94028805E-04
4.10147702E-01  9.41787213E-02  8.07397824E-04
4.10446317E-01  9.71028283E-02  8.28547752E-04
4.10744932E-01  9.90509987E-02  8.31510348E-04
4.11043547E-01  1.02516532E-01  8.38695036E-04
4.11342162E-01  1.02655113E-01  8.46310984E-04
4.11640777E-01  1.04036458E-01  8.53589794E-04
4.11939392E-01  1.03826255E-01  8.53533100E-04
4.12238007E-01  1.01926163E-01  8.36867199E-04
4.12536622E-01  9.85847339E-02  8.27246462E-04
4.12835237E-01  9.46036503E-02  8.07370059E-04
4.13133852E-01  9.03398693E-02  7.92089384E-04
4.13432467E-01  8.57081264E-02  7.70801387E-04
4.13731082E-01  8.00918713E-02  7.42706528E-04
4.14029697E-01  7.42360502E-02  7.18204188E-04
4.14328312E-01  6.90400228E-02  6.90365734E-04
4.14626927E-01  6.52752966E-02  6.73155824E-04
4.14925542E-01  6.04224540E-02  6.41993305E-04
4.15224157E-01  5.48599623E-02  6.15976518E-04
4.15522772E-01  5.15003987E-02  5.97792037E-04
4.15821387E-01  4.78073880E-02  5.71979850E-04
4.16120002E-01  4.47489619E-02  5.54403232E-04
4.16418617E-01  4.17561010E-02  5.36659383E-04
4.16717232E-01  3.95957381E-02  5.21629117E-04
4.17015847E-01  3.80796678E-02  5.13326144E-04
4.17314462E-01  3.56079526E-02  4.89945582E-04
4.17613077E-01  3.43141146E-02  4.85712197E-04
4.17911692E-01  3.26117501E-02  4.71990090E-04
4.18210307E-01  3.16408388E-02  4.68252430E-04
4.18508922E-01  3.06805652E-02  4.56446869E-04
4.18807537E-01  2.89759301E-02  4.43688186E-04
4.19106152E-01  2.94338129E-02  4.49856394E-04
4.19404767E-01  2.69559082E-02  4.30208340E-04
4.19703382E-01  2.72579957E-02  4.29166656E-04
4.20001997E-01  2.65462287E-02  4.25461854E-04
4.20300612E-01  2.58051250E-02  4.17954987E-04
4.20599227E-01  2.56375950E-02  4.19949996E-04
4.20897842E-01  2.48193610E-02  4.10644250E-04
4.21196457E-01  2.45560836E-02  4.07348998E-04
4.21495072E-01  2.46333815E-02  4.09760367E-04
4.21793687E-01  2.43887585E-02  4.06422885E-04
4.22092302E-01  2.43497975E-02  4.08332999E-04
4.22390917E-01  2.44458467E-02  4.03251877E-04
4.22689532E-01  2.36453060E-02  4.01924190E-04
4.22988147E-01  2.30422243E-02  3.94244358E-04
4.23286762E-01  2.35460475E-02  4.00990772E-04
4.23585377E-01  2.21221205E-02  3.86033673E-04
4.23883992E-01  2.30859704E-02  3.93555325E-04
4.24182607E-01  2.31673885E-02  3.94427829E-04
4.24481222E-01  2.25893725E-02  3.91690497E-04
4.24779837E-01  2.28198059E-02  3.91991052E-04
4.25078452E-01  2.25390997E-02  3.88086366E-04
4.25377067E-01  2.30941884E-02  3.95596930E-04
4.25675682E-01  2.35073380E-02  3.96159827E-04
4.25974297E-01  2.26711463E-02  3.92048969E-04
4.26272912E-01  2.22830363E-02  3.84418905E-04
4.26571527E-01  2.23867390E-02  3.89585039E-04
4.26870142E-01  2.21027508E-02  3.84061830E-04
4.27168757E-01  2.21523400E-02  3.85097956E-04
4.27467372E-01  2.15387456E-02  3.78455588E-04
4.27765987E-01  2.17679217E-02  3.82778002E-04
4.28064602E-01  2.22569164E-02  3.85404739E-04
4.28363217E-01  2.23773383E-02  3.87489999E-04
4.28661832E-01  2.21667364E-02  3.85057414E-04
4.28960447E-01  2.24575456E-02  3.86969070E-04
4.29259062E-01  2.10675653E-02  3.74301657E-04
4.29557677E-01  2.22645141E-02  3.85305320E-04
4.29856292E-01  2.25662831E-02  3.86270782E-04
4.30154907E-01  2.17637904E-02  3.80186189E-04
4.30453522E-01  2.19001826E-02  3.82744009E-04
4.30752137E-01  2.21721642E-02  3.84167652E-04
4.31050752E-01  2.14738473E-02  3.76560347E-04
4.31349367E-01  2.12786980E-02  3.75512929E-04
4.31647982E-01  2.14585830E-02  3.76930722E-04
4.31946597E-01  2.19376218E-02  3.83164326E-04
4.32245212E-01  2.17965078E-02  3.78797675E-04
4.32543827E-01  2.15614829E-02  3.78679804E-04
4.32842442E-01  2.13878993E-02  3.79275327E-04
4.33141057E-01  2.10569706E-02  3.72238166E-04
4.33439672E-01  2.10636053E-02  3.74704745E-04
4.33738287E-01  2.12621596E-02  3.74463823E-04
4.34036902E-01  2.19939724E-02  3.82807921E-04
4.34335517E-01  2.20780503E-02  3.83112463E-04
4.34634132E-01  2.21408941E-02  3.84087325E-04
4.34932747E-01  2.20476389E-02  3.81323771E-04
4.35231362E-01  2.20506992E-02  3.81605088E-04
4.35529977E-01  2.27519590E-02  3.89791821E-04
4.35828592E-01  2.28407737E-02  3.89942375E-04
4.36127207E-01  2.25195307E-02  3.84963292E-04
4.36425822E-01  2.21900679E-02  3.82815022E-04
4.36724437E-01  2.16871258E-02  3.78789147E-04
4.37023052E-01  2.24084835E-02  3.85209773E-04
4.37321667E-01  2.16945410E-02  3.76854936E-04
4.37620282E-01  2.13561263E-02  3.76644806E-04
4.37918897E-01  2.26868391E-02  3.87427310E-04
4.38217512E-01  2.24690679E-02  3.86251224E-04
4.38516127E-01  2.24613342E-02  3.83800274E-04
4.38814742E-01  2.23014280E-02  3.80512822E-04
4.39113357E-01  2.23236755E-02  3.84149433E-04
4.39411972E-01  2.21455544E-02  3.82445694E-04
4.39710587E-01  2.23505516E-02  3.82690254E-04
4.40009202E-01  2.17927936E-02  3.79306381E-04
4.40307817E-01  2.24710088E-02  3.81797960E-04
4.40606432E-01  2.15026457E-02  3.76775832E-04
4.40905047E-01  2.23971810E-02  3.83432431E-04
4.41203662E-01  2.30388660E-02  3.86512460E-04
4.41502277E-01  2.24171262E-02  3.83268751E-04
4.41800892E-01  2.20088344E-02  3.79180972E-04
4.42099507E-01  2.27248240E-02  3.85554362E-04
4.42398122E-01  2.31395606E-02  3.88037995E-04
4.42696737E-01  2.25313902E-02  3.82989791E-04
4.42995352E-01  2.20811404E-02  3.79975827E-04
4.43293967E-01  2.18791254E-02  3.79318080E-04
4.43592582E-01  2.26126611E-02  3.85710911E-04
4.43891197E-01  2.18787845E-02  3.75771080E-04
4.44189812E-01  2.14238241E-02  3.75106873E-04
4.44488427E-01  2.16736812E-02  3.75474279E-04
4.44787042E-01  2.23338660E-02  3.82572820E-04
4.45085657E-01  2.24025622E-02  3.81738646E-04
4.45384272E-01  2.16492452E-02  3.75841366E-04
4.45682887E-01  2.14010365E-02  3.76326498E-04
4.45981502E-01  2.17376985E-02  3.75626289E-04
4.46280117E-01  2.21523643E-02  3.80021695E-04
4.46578732E-01  2.13917661E-02  3.73687362E-04
4.46877347E-01  2.12602895E-02  3.73274874E-04
4.47175962E-01  2.17630249E-02  3.81455407E-04
4.47474577E-01  2.10071411E-02  3.68546345E-04
4.47773192E-01  2.05919798E-02  3.66721273E-04
4.48071807E-01  2.09513456E-02  3.69908870E-04
4.48370422E-01  2.07890570E-02  3.69528483E-04
4.48669037E-01  2.08301805E-02  3.68921435E-04
4.48967652E-01  2.03871038E-02  3.64578969E-04
4.49266267E-01  2.07289942E-02  3.69161338E-04
4.49564882E-01  2.08461564E-02  3.70367954E-04
4.49863497E-01  2.08752751E-02  3.69083893E-04
4.50162112E-01  2.08517853E-02  3.70175956E-04
4.50460727E-01  2.11044028E-02  3.72495095E-04
4.50759342E-01  2.05350574E-02  3.67518747E-04
4.51057957E-01  2.04547755E-02  3.66316643E-04
4.51356572E-01  2.06481945E-02  3.65640939E-04
4.51655187E-01  2.02075280E-02  3.65063839E-04
4.51953802E-01  2.04496440E-02  3.65872926E-04
4.52252417E-01  2.00204961E-02  3.65644461E-04
4.52551032E-01  2.02195272E-02  3.63094849E-04
4.52849647E-01  2.02495474E-02  3.64162814E-04
4.53148262E-01  2.01580226E-02  3.63340368E-04
4.53446877E-01  1.95847023E-02  3.57745012E-04
4.53745492E-01  2.04258729E-02  3.66151507E-04
4.54044107E-01  1.96374264E-02  3.59729805E-04
4.54342722E-01  1.98726524E-02  3.61320970E-04
4.54641337E-01  1.93932671E-02  3.57726560E-04
4.54939952E-01  1.94077920E-02  3.56601842E-04
4.55238567E-01  1.97881088E-02  3.59843281E-04
4.55537182E-01  1.88736673E-02  3.53846699E-04
4.55835797E-01  1.95390638E-02  3.59074504E-04
4.56134412E-01  1.92916151E-02  3.55851487E-04
4.56433027E-01  1.90053917E-02  3.53592506E-04
4.56731642E-01  1.97101496E-02  3.59377591E-04
4.57030257E-01  1.82624497E-02  3.47305351E-04
4.57328872E-01  1.98632963E-02  3.61330051E-04
4.57627487E-01  1.90250687E-02  3.53469542E-04
4.57926102E-01  1.84651334E-02  3.48460773E-04
4.58224717E-01  1.88150238E-02  3.52995499E-04
4.58523332E-01  1.89143643E-02  3.52754723E-04
4.58821947E-01  1.89389568E-02  3.50901973E-04
4.59120562E-01  1.89364795E-02  3.54215968E-04
4.59419177E-01  1.85424853E-02  3.50357499E-04
4.59717792E-01  1.95865240E-02  3.60007456E-04
4.60016407E-01  1.91482492E-02  3.54779768E-04
4.60315022E-01  1.88404918E-02  3.51376977E-04
4.60613637E-01  1.78745054E-02  3.43613443E-04
4.60912252E-01  1.92557015E-02  3.57754499E-04
4.61210867E-01  1.87364221E-02  3.51026916E-04
4.61509482E-01  1.86562557E-02  3.53963405E-04
4.61808097E-01  1.86306108E-02  3.61708284E-04
4.62106712E-01  1.87262557E-02  3.64183477E-04
4.62405327E-01  1.80463009E-02  3.60781763E-04
4.62703942E-01  1.84130613E-02  3.63991188E-04
4.63002557E-01  1.85053572E-02  3.71596543E-04
4.63301172E-01  1.84406489E-02  3.72253620E-04
4.63599787E-01  1.85468383E-02  3.75315984E-04
4.63898402E-01  1.86802186E-02  3.78402678E-04
4.64197017E-01  1.85824763E-02  3.77898745E-04
4.64495632E-01  1.79821420E-02  3.76429467E-04
4.64794247E-01  1.85928252E-02  3.83377570E-04
4.65092862E-01  1.86659042E-02  3.82212456E-04
4.65391477E-01  1.86505243E-02  3.87795910E-04
4.65690092E-01  1.79233458E-02  3.80059588E-04
4.65988707E-01  1.74843222E-02  3.78665020E-04
4.66287322E-01  1.78090725E-02  3.82482598E-04
4.66585937E-01  1.87212024E-02  3.92589340E-04
4.66884552E-01  1.81578770E-02  3.91420821E-04
4.67183167E-01  1.82793587E-02  3.94406292E-04
4.67481782E-01  1.77738219E-02  3.84124898E-04
4.67780397E-01  1.81460399E-02  3.93642898E-04
4.68079012E-01  1.79449562E-02  3.92808783E-04
4.68377627E-01  1.79977994E-02  3.95675510E-04
4.68676242E-01  1.82308704E-02  3.99162993E-04
4.68974857E-01  1.80737078E-02  3.97440366E-04
4.69273472E-01  1.80539731E-02  4.01001394E-04
4.69572087E-01  1.78141668E-02  3.97147203E-04
4.69870702E-01  1.79546401E-02  4.00378427E-04
4.70169317E-01  1.79679487E-02  4.02581529E-04
4.70467932E-01  1.77817717E-02  4.01342229E-04
4.70766547E-01  1.80549938E-02  4.08655585E-04
4.71065162E-01  1.74153764E-02  4.01229103E-04
4.71363777E-01  1.77011453E-02  4.01780271E-04
4.71662392E-01  1.84747912E-02  4.15190036E-04
4.71961007E-01  1.77555457E-02  4.08308377E-04
4.72259622E-01  1.79307275E-02  4.13321570E-04
4.72558237E-01  1.78307295E-02  4.09820612E-04
4.72856852E-01  1.72438696E-02  3.97172407E-04
4.73155467E-01  1.79387387E-02  4.02027974E-04
4.73454082E-01  1.83163714E-02  4.01420082E-04
4.73752697E-01  1.83501169E-02  3.95656796E-04
4.74051312E-01  1.79186165E-02  3.91202600E-04
4.74349927E-01  1.74949449E-02  3.84249171E-04
4.74648542E-01  1.73192192E-02  3.82424274E-04
4.74947157E-01  1.79269314E-02  3.85280466E-04
4.75245772E-01  1.79831311E-02  3.85244697E-04
4.75544387E-01  1.78974830E-02  3.83585982E-04
4.75843002E-01  1.82741452E-02  3.88460030E-04
4.76141617E-01  1.77210048E-02  3.79194506E-04
4.76440232E-01  1.75684262E-02  3.77662829E-04
4.76738847E-01  1.78789124E-02  3.79544275E-04
4.77037462E-01  1.75918862E-02  3.76690412E-04
4.77336077E-01  1.79924797E-02  3.81783146E-04
4.77634692E-01  1.82410199E-02  3.81014746E-04
4.77933307E-01  1.72685198E-02  3.71215807E-04
4.78231922E-01  1.74057037E-02  3.70417984E-04
4.78530537E-01  1.75825637E-02  3.75888078E-04
4.78829152E-01  1.81272328E-02  3.75941279E-04
4.79127767E-01  1.76311992E-02  3.72029142E-04
4.79426382E-01  1.77251026E-02  3.75097705E-04
4.79724997E-01  1.71809364E-02  3.67638131E-04
4.80023612E-01  1.74914375E-02  3.70070047E-04
4.80322227E-01  1.80370193E-02  3.74231342E-04
4.80620842E-01  1.80368908E-02  3.76095180E-04
4.80919457E-01  1.77058131E-02  3.71459726E-04
4.81218072E-01  1.86178368E-02  3.80510930E-04
4.81516687E-01  1.77104808E-02  3.71803180E-04
4.81815302E-01  1.81844123E-02  3.73057730E-04
4.82113917E-01  1.86102539E-02  3.81633407E-04
4.82412532E-01  1.75838824E-02  3.68173176E-04
4.82711147E-01  1.76087134E-02  3.67486733E-04
4.83009762E-01  1.74467247E-02  3.66832362E-04
4.83308377E-01  1.83015559E-02  3.76492331E-04
4.83606992E-01  1.75041594E-02  3.66022839E-04
4.83905607E-01  1.74432695E-02  3.66516702E-04
4.84204222E-01  1.76630169E-02  3.67024972E-04
4.84502837E-01  1.79303549E-02  3.72178532E-04
4.84801452E-01  1.72380544E-02  3.63329367E-04
4.85100067E-01  1.84546970E-02  3.73451388E-04
4.85398682E-01  1.71954036E-02  3.62510938E-04
4.85697297E-01  1.81628298E-02  3.72379931E-04
4.85995912E-01  1.74979679E-02  3.66534980E-04
4.86294527E-01  1.77222565E-02  3.65971791E-04
4.86593142E-01  1.79553833E-02  3.69214802E-04
4.86891757E-01  1.71903465E-02  3.62002320E-04
4.87190372E-01  1.79666560E-02  3.70466209E-04
4.87488987E-01  1.80527549E-02  3.67887667E-04
4.87787602E-01  1.78419389E-02  3.68521840E-04
4.88086217E-01  1.76256485E-02  3.64521227E-04
4.88384832E-01  1.82969980E-02  3.72247159E-04
4.88683447E-01  1.72029976E-02  3.61867773E-04
4.88982062E-01  1.72484890E-02  3.59969010E-04
4.89280677E-01  1.83890145E-02  3.74041789E-04
4.89579292E-01  1.76202301E-02  3.64565174E-04
4.89877907E-01  1.77189335E-02  3.65125452E-04
4.90176522E-01  1.76377110E-02  3.63374624E-04
4.90475137E-01  1.78877544E-02  3.67048982E-04
4.90773752E-01  1.88159626E-02  3.76168813E-04
4.91072367E-01  1.77539196E-02  3.65768734E-04
4.91370982E-01  1.76935047E-02  3.64137872E-04
4.91669597E-01  1.73574649E-02  3.61300335E-04
4.91968212E-01  1.76770389E-02  3.65349726E-04
4.92266827E-01  1.69396456E-02  3.57198471E-04
4.92565442E-01  1.78637970E-02  3.64795269E-04
4.92864057E-01  1.81005653E-02  3.68403271E-04
4.93162672E-01  1.79012213E-02  3.67016386E-04
4.93461287E-01  1.77057348E-02  3.65008513E-04
4.93759902E-01  1.74618699E-02  3.59599333E-04
4.94058517E-01  1.76505893E-02  3.63254687E-04
4.94357132E-01  1.79526247E-02  3.65619489E-04
4.94655747E-01  1.76826064E-02  3.65699205E-04
4.94954362E-01  1.78655479E-02  3.63018917E-04
4.95252977E-01  1.74692385E-02  3.61209241E-04
4.95551592E-01  1.81309171E-02  3.69097514E-04
4.95850207E-01  1.80690009E-02  3.67913308E-04
4.96148822E-01  1.80345960E-02  3.65099724E-04
4.96447437E-01  1.71957668E-02  3.58556514E-04
4.96746052E-01  1.72029063E-02  3.58005607E-04
4.97044667E-01  1.83047932E-02  3.71714035E-04
4.97343282E-01  1.81718282E-02  3.65859247E-04
4.97641897E-01  1.83754079E-02  3.67361266E-04
4.97940512E-01  1.75994728E-02  3.63204017E-04
4.98239127E-01  1.78787354E-02  3.64796200E-04
4.98537742E-01  1.80027932E-02  3.66793363E-04
4.98836357E-01  1.78838056E-02  3.63314903E-04
4.99134972E-01  1.78345479E-02  3.64349951E-04
4.99433587E-01  1.82116162E-02  3.69289279E-04
4.99732202E-01  1.78190302E-02  3.63200175E-04
5.00030817E-01  1.76643543E-02  3.61174578E-04
5.00329432E-01  1.74925532E-02  3.60307604E-04
5.00628047E-01  1.79751124E-02  3.65245214E-04
5.00926662E-01  1.81890000E-02  3.69438814E-04
5.01225277E-01  1.79014318E-02  3.62255465E-04
5.01523892E-01  1.77150909E-02  3.60632403E-04
5.01822507E-01  1.76747888E-02  3.61917890E-04
5.02121122E-01  1.87368691E-02  3.73469753E-04
5.02419737E-01  1.75665524E-02  3.60990409E-04
5.02718352E-01  1.78679451E-02  3.63894942E-04
5.03016967E-01  1.80370193E-02  3.65523476E-04
5.03315582E-01  1.78456604E-02  3.64576961E-04
5.03614197E-01  1.78733822E-02  3.61984421E-04
5.03912812E-01  1.75238084E-02  3.60112026E-04
5.04211427E-01  1.79176740E-02  3.63328843E-04
5.04510042E-01  1.82170793E-02  3.68266104E-04
5.04808657E-01  1.76281165E-02  3.59234196E-04
5.05107272E-01  1.76589936E-02  3.61594459E-04
5.05405887E-01  1.78066660E-02  3.61673185E-04
5.05704502E-01  1.76200476E-02  3.62549355E-04
5.06003117E-01  1.77312102E-02  3.61710816E-04
5.06301732E-01  1.81119293E-02  3.65394633E-04
5.06600347E-01  1.85424257E-02  3.68352165E-04
5.06898962E-01  1.73080526E-02  3.58259567E-04
5.07197577E-01  1.78998802E-02  3.65151616E-04
5.07496192E-01  1.86437033E-02  3.68191017E-04
5.07794807E-01  1.85778886E-02  3.72377894E-04
5.08093422E-01  1.80714019E-02  3.64725478E-04
5.08392037E-01  1.82170030E-02  3.66917549E-04
5.08690652E-01  1.82841830E-02  3.65610555E-04
5.08989267E-01  1.78510547E-02  3.62499995E-04
5.09287882E-01  1.79159436E-02  3.64419277E-04
5.09586497E-01  1.79955885E-02  3.63788567E-04
5.09885112E-01  1.82702858E-02  3.66285851E-04
5.10183727E-01  1.85215976E-02  3.69252230E-04
5.10482342E-01  1.84196923E-02  3.67512868E-04
5.10780957E-01  1.84257478E-02  3.68662440E-04
5.11079572E-01  1.83093231E-02  3.66773776E-04
5.11378187E-01  1.91859081E-02  3.75545118E-04
5.11676802E-01  1.88244656E-02  3.74769326E-04
5.11975417E-01  1.86003949E-02  3.68776789E-04
5.12274032E-01  1.86113529E-02  3.69429996E-04
5.12572647E-01  1.86830368E-02  3.70415306E-04
5.12871262E-01  1.91428866E-02  3.74487863E-04
5.13169877E-01  1.91814378E-02  3.77560995E-04
5.13468492E-01  1.91479623E-02  3.72807961E-04
5.13767107E-01  1.88280791E-02  3.71037138E-04
5.14065722E-01  1.91482473E-02  3.76397627E-04
5.14364337E-01  1.89642869E-02  3.73939256E-04
5.14662952E-01  1.92182660E-02  3.75603267E-04
5.14961567E-01  1.87335871E-02  3.69749876E-04
5.15260182E-01  1.87123194E-02  3.71727190E-04
5.15558797E-01  1.84372049E-02  3.67715955E-04
5.15857412E-01  1.87837388E-02  3.70884227E-04
5.16156027E-01  1.96909755E-02  3.80577461E-04
5.16454642E-01  1.85545851E-02  3.69616173E-04
5.16753257E-01  1.91524830E-02  3.74603900E-04
5.17051872E-01  1.81890167E-02  3.66502558E-04
5.17350487E-01  1.88659541E-02  3.70705384E-04
5.17649102E-01  1.80597436E-02  3.63676343E-04
5.17947717E-01  1.78052895E-02  3.60753387E-04
5.18246332E-01  1.84684694E-02  3.67681932E-04
5.18544947E-01  1.84544213E-02  3.68719891E-04
5.18843562E-01  1.76924821E-02  3.61296843E-04
5.19142177E-01  1.81260034E-02  3.63905536E-04
5.19440792E-01  1.80004723E-02  3.62556282E-04
5.19739407E-01  1.76554266E-02  3.59417783E-04
5.20038022E-01  1.81257930E-02  3.65972315E-04
5.20336637E-01  1.81444157E-02  3.64275213E-04
5.20635252E-01  1.74924415E-02  3.57584824E-04
5.20933867E-01  1.84553582E-02  3.67566594E-04
5.21232482E-01  1.72638837E-02  3.55070631E-04
5.21531097E-01  1.80846360E-02  3.64843989E-04
5.21829712E-01  1.85137950E-02  3.68876819E-04
5.22128327E-01  1.80344563E-02  3.63535830E-04
5.22426942E-01  1.75341386E-02  3.56800854E-04
5.22725557E-01  1.81420948E-02  3.64891021E-04
5.23024172E-01  1.77715290E-02  3.60439473E-04
5.23322787E-01  1.83349140E-02  3.66918510E-04
5.23621402E-01  1.80642791E-02  3.63399449E-04
5.23920017E-01  1.82462130E-02  3.67208064E-04
5.24218632E-01  1.83572564E-02  3.65178479E-04
5.24517247E-01  1.75943021E-02  3.58470686E-04
5.24815862E-01  1.75196659E-02  3.59118159E-04
5.25114477E-01  1.72698554E-02  3.54893331E-04
5.25413092E-01  1.78604051E-02  3.61795799E-04
5.25711707E-01  1.75799150E-02  3.59297905E-04
5.26010322E-01  1.73484664E-02  3.55012744E-04
5.26308937E-01  1.77308433E-02  3.60133126E-04
5.26607552E-01  1.72836613E-02  3.55477445E-04
5.26906167E-01  1.77024789E-02  3.59408790E-04
5.27204782E-01  1.78770870E-02  3.63403495E-04
5.27503397E-01  1.74011271E-02  3.56688339E-04
5.27802012E-01  1.82802975E-02  3.65679123E-04
5.28100627E-01  1.80013292E-02  3.63681756E-04
5.28399242E-01  1.78733133E-02  3.59049591E-04
5.28697857E-01  1.77917350E-02  3.61295417E-04
5.28996472E-01  1.72557086E-02  3.55203112E-04
5.29295087E-01  1.78534202E-02  3.62548046E-04
5.29593702E-01  1.78822353E-02  3.60540667E-04
5.29892317E-01  1.71286855E-02  3.53638927E-04
5.30190932E-01  1.77301336E-02  3.61388200E-04
5.30489547E-01  1.70288235E-02  3.52782197E-04
5.30788162E-01  1.83240045E-02  3.65240354E-04
5.31086777E-01  1.82764996E-02  3.65749496E-04
5.31385392E-01  1.72368344E-02  3.53469193E-04
5.31684007E-01  1.86812468E-02  3.69871297E-04
5.31982622E-01  1.78085621E-02  3.61042068E-04
5.32281237E-01  1.78878065E-02  3.61757586E-04
5.32579852E-01  1.80302300E-02  3.63820407E-04
5.32878467E-01  1.72578171E-02  3.55246535E-04
5.33177082E-01  1.71863027E-02  3.55207216E-04
5.33475697E-01  1.80670600E-02  3.61630606E-04
5.33774312E-01  1.71359479E-02  3.53562849E-04
5.34072927E-01  1.71801168E-02  3.56375705E-04
5.34371542E-01  1.79851204E-02  3.61077138E-04
5.34670157E-01  1.79013424E-02  3.59540107E-04
5.34968772E-01  1.76491085E-02  3.60411126E-04
5.35267387E-01  1.81945842E-02  3.64329142E-04
5.35566002E-01  1.78982336E-02  3.62860010E-04
5.35864617E-01  1.77961066E-02  3.59096215E-04
5.36163232E-01  1.81026012E-02  3.64391628E-04
5.36461847E-01  1.79135781E-02  3.62130726E-04
5.36760462E-01  1.78657174E-02  3.60942009E-04
5.37059077E-01  1.74925923E-02  3.56546458E-04
5.37357692E-01  1.80715341E-02  3.64802458E-04
5.37656307E-01  1.74842980E-02  3.55860335E-04
5.37954922E-01  1.79155916E-02  3.64487554E-04
5.38253537E-01  1.80897042E-02  3.59713769E-04
5.38552152E-01  1.71364192E-02  3.53422161E-04
5.38850767E-01  1.71578676E-02  3.54771066E-04
5.39149382E-01  1.72703415E-02  3.56108445E-04
5.39447997E-01  1.82521567E-02  3.64751439E-04
5.39746612E-01  1.74737014E-02  3.57500656E-04
5.40045227E-01  1.78503972E-02  3.60191712E-04
5.40343842E-01  1.78951658E-02  3.62499966E-04
5.40642457E-01  1.83337312E-02  3.65216663E-04
5.40941072E-01  1.78190488E-02  3.59705620E-04
5.41239687E-01  1.69884339E-02  3.54773627E-04
5.41538302E-01  1.78800263E-02  3.61378625E-04
5.41836917E-01  1.81150492E-02  3.63392784E-04
5.42135532E-01  1.76267307E-02  3.56041099E-04
5.42434147E-01  1.80777553E-02  3.63376574E-04
5.42732762E-01  1.80449337E-02  3.64117121E-04
5.43031377E-01  1.75251868E-02  3.59988393E-04
5.43329992E-01  1.77451670E-02  3.57414043E-04
5.43628607E-01  1.77497510E-02  3.60071834E-04
5.43927222E-01  1.68487970E-02  3.51245370E-04
5.44225837E-01  1.77904014E-02  3.61193874E-04
5.44524452E-01  1.82047226E-02  3.62718740E-04
5.44823067E-01  1.79740060E-02  3.62612103E-04
5.45121682E-01  1.82076283E-02  3.64517269E-04
5.45420297E-01  1.76923405E-02  3.59499420E-04
5.45718912E-01  1.72927789E-02  3.54467396E-04
5.46017527E-01  1.86825171E-02  3.69245681E-04
5.46316142E-01  1.78277213E-02  3.60174367E-04
5.46614757E-01  1.77468061E-02  3.61652928E-04
5.46913372E-01  1.73220839E-02  3.53659241E-04
5.47211987E-01  1.80936251E-02  3.63475323E-04
5.47510602E-01  1.72839649E-02  3.55860189E-04
5.47809217E-01  1.68307275E-02  3.49881680E-04
5.48107832E-01  1.72397289E-02  3.55931523E-04
5.48406447E-01  1.81288384E-02  3.63304076E-04
5.48705062E-01  1.79759711E-02  3.60893435E-04
5.49003677E-01  1.78882238E-02  3.63105093E-04
5.49302292E-01  1.85296703E-02  3.65440501E-04
5.49600907E-01  1.80062074E-02  3.63409694E-04
5.49899522E-01  1.73311234E-02  3.55402735E-04
5.50198137E-01  1.81076974E-02  3.64346604E-04
5.50496752E-01  1.76786408E-02  3.58776975E-04
5.50795367E-01  1.80858858E-02  3.62007442E-04
5.51093982E-01  1.74289588E-02  3.56585253E-04
5.51392597E-01  1.77358687E-02  3.60681879E-04
5.51691212E-01  1.73965450E-02  3.55996570E-04
5.51989827E-01  1.79911330E-02  3.61854734E-04
5.52288442E-01  1.76894739E-02  3.57162731E-04
5.52587057E-01  1.77604053E-02  3.59181082E-04
5.52885672E-01  1.66799109E-02  3.48254747E-04
5.53184287E-01  1.76539365E-02  3.56809032E-04
5.53482902E-01  1.83417965E-02  3.64222884E-04
5.53781517E-01  1.80444084E-02  3.62048566E-04
5.54080132E-01  1.85841247E-02  3.67157627E-04
5.54378747E-01  1.77048147E-02  3.55449592E-04
5.54677362E-01  1.76882278E-02  3.56992095E-04
5.54975977E-01  1.75546091E-02  3.56848177E-04
5.55274592E-01  1.77115165E-02  3.57316574E-04
5.55573207E-01  1.76308136E-02  3.52616247E-04
5.55871822E-01  1.81573089E-02  3.60488368E-04
5.56170437E-01  1.77139398E-02  3.57002398E-04
5.56469052E-01  1.77712422E-02  3.58011894E-04
5.56767667E-01  1.70282200E-02  3.48605361E-04
5.57066282E-01  1.70057006E-02  3.48876201E-04
5.57364897E-01  1.79224163E-02  3.55614698E-04
5.57663512E-01  1.78522356E-02  3.57116136E-04
5.57962127E-01  1.80389918E-02  3.57786921E-04
5.58260742E-01  1.77194104E-02  3.52769188E-04
5.58559357E-01  1.77015495E-02  3.56463250E-04
5.58857972E-01  1.79228988E-02  3.58171528E-04
5.59156587E-01  1.81553848E-02  3.57087934E-04
5.59455202E-01  1.79163516E-02  3.56831471E-04
5.59753817E-01  1.77971832E-02  3.53966956E-04
5.60052432E-01  1.78020019E-02  3.55188618E-04
5.60351047E-01  1.83850937E-02  3.59938917E-04
5.60649662E-01  1.78896803E-02  3.53644922E-04
5.60948277E-01  1.78376958E-02  3.53794399E-04
5.61246892E-01  1.70879904E-02  3.46932997E-04
5.61545507E-01  1.81919467E-02  3.57461511E-04
5.61844122E-01  1.80019103E-02  3.53522744E-04
5.62142737E-01  1.77020188E-02  3.53616284E-04
5.62441352E-01  1.82629284E-02  3.56659730E-04
5.62739967E-01  1.83179863E-02  3.56783712E-04
5.63038582E-01  1.77582689E-02  3.52357689E-04
5.63337197E-01  1.79347601E-02  3.52953444E-04
5.63635812E-01  1.74098015E-02  3.50446120E-04
5.63934427E-01  1.77398324E-02  3.50545743E-04
5.64233042E-01  1.79961175E-02  3.52256116E-04
5.64531657E-01  1.77126303E-02  3.51175753E-04
5.64830272E-01  1.73880141E-02  3.47621273E-04
5.65128887E-01  1.78466178E-02  3.52587027E-04
5.65427502E-01  1.78178754E-02  3.50111222E-04
5.65726117E-01  1.76785514E-02  3.49950278E-04
5.66024732E-01  1.73556376E-02  3.46420624E-04
5.66323347E-01  1.72216929E-02  3.45402339E-04
5.66621962E-01  1.76865980E-02  3.46996210E-04
5.66920577E-01  1.67562310E-02  3.40548489E-04
5.67219192E-01  1.79426596E-02  3.52972245E-04
5.67517807E-01  1.75030213E-02  3.48461181E-04
5.67816422E-01  1.75833125E-02  3.44969827E-04
5.68115037E-01  1.73931010E-02  3.45452252E-04
5.68413652E-01  1.77220758E-02  3.49106063E-04
5.68712267E-01  1.73646454E-02  3.45569366E-04
5.69010882E-01  1.77141484E-02  3.48073023E-04
5.69309497E-01  1.76359136E-02  3.47543653E-04
5.69608112E-01  1.75759662E-02  3.47511319E-04
5.69906727E-01  1.83135122E-02  3.53756332E-04
5.70205342E-01  1.76560692E-02  3.45931534E-04
5.70503957E-01  1.72381587E-02  3.44556523E-04
5.70802572E-01  1.76517330E-02  3.47787864E-04
5.71101187E-01  1.67357456E-02  3.39501683E-04
5.71399802E-01  1.78499930E-02  3.48861649E-04
5.71698417E-01  1.80372428E-02  3.51248978E-04
5.71997032E-01  1.80588532E-02  3.53078532E-04
5.72295647E-01  1.75835751E-02  3.48002039E-04
5.72594262E-01  1.76237300E-02  3.46966845E-04
5.72892877E-01  1.78630017E-02  3.46870744E-04
5.73191492E-01  1.75999291E-02  3.47849156E-04
5.73490107E-01  1.79990381E-02  3.52583593E-04
5.73788722E-01  1.77486781E-02  3.48281232E-04
5.74087337E-01  1.78397764E-02  3.50136252E-04
5.74385952E-01  1.86833758E-02  3.59229278E-04
5.74684567E-01  1.77490357E-02  3.49569338E-04
5.74983182E-01  1.78713016E-02  3.49011592E-04
5.75281797E-01  1.81607567E-02  3.50871094E-04
5.75580412E-01  1.75753683E-02  3.48180707E-04
5.75879027E-01  1.75245646E-02  3.46562767E-04
5.76177642E-01  1.83099154E-02  3.54813994E-04
5.76476257E-01  1.82062108E-02  3.52275674E-04
5.76774872E-01  1.78053882E-02  3.50136339E-04
5.77073487E-01  1.71071962E-02  3.42968066E-04
5.77372102E-01  1.74821876E-02  3.47427267E-04
5.77670717E-01  1.80351455E-02  3.50544113E-04
5.77969332E-01  1.82827991E-02  3.54155578E-04
5.78267947E-01  1.77744515E-02  3.50001996E-04
5.78566562E-01  1.77000333E-02  3.48469068E-04
5.78865177E-01  1.80847235E-02  3.50713701E-04
5.79163792E-01  1.79748479E-02  3.51570518E-04
5.79462407E-01  1.79695208E-02  3.51197727E-04
5.79761022E-01  1.80901177E-02  3.53757438E-04
5.80059637E-01  1.71680618E-02  3.41251987E-04
5.80358252E-01  1.76099110E-02  3.47910565E-04
5.80656867E-01  1.80296786E-02  3.52845469E-04
5.80955482E-01  1.77812707E-02  3.50408140E-04


### HEADER:
#
#{
#    "analysis": {},
#    "calibration_params": {
#        "Beam_Center_X": 1061.0,
#        "Beam_Center_Y": 2093.0,
#        "Detector Tilt": 0.0,
#        "Detector Tilt Plane Rotation": 0.0,
#        "Detector_X_Pixel_Size": 75.0,
#        "Detector_Y_Pixel_Size": 75.0,
#        "Integration Method": "nosplit_csr",
#        "Radial_Average_Method": "pyFAI",
#        "Sample-to-detector distance (mm)": 1782.0,
#        "Wavelength (A)": 0.8823505857220345
#    },
#    "config_file": "/Users/jwinnikoff/Documents/MBARI/SAXS/HPSAXS_7A_Feb2023/HPSAXS_02_19_23.cfg",
#    "counters": {
#        "Epoch": "635.273",
#        "I1": "0",
#        "I2": "0",
#        "I3": "0",
#        "Seconds": "1",
#        "Time": "1.69277e-05",
#        "date": "Sun Feb 19 20:47:23 2023",
#        "diode": "52369"
#    },
#    "filename": "JWL0322_35C_200MPa_up_7_data_000001_00001.h5",
#    "history": {},
#    "imageHeader": {},
#    "load_path": "/Users/jwinnikoff/Documents/MBARI/SAXS/HPSAXS_7A_Feb2023/JWL0322_DOPE_TS+/JWL0322_35C_200MPa_up_7_data_000001.h5",
#    "normalizations": {
#        "Absolute_scale": {
#            "Absolute_scale_factor": 0.005174693841759343,
#            "Method": "Water"
#        },
#        "Counter_norms": [
#            [
#                "/",
#                "diode/150000"
#            ]
#        ],
#        "Polarization": {
#            "Used": false
#        },
#        "Solid_Angle_Correction": "On"
#    },
#    "raw_version": "2.1.4"
#}

