### DATA:
#
# 1908
#      Q             I(Q)           Error     
1.14966775E-02  0.00000000E+00  0.00000000E+00
1.17952925E-02  5.35806239E-01  2.68238634E-02
1.20939075E-02  4.60605413E-01  1.75859965E-02
1.23925225E-02  4.60157901E-01  1.43519314E-02
1.26911375E-02  4.21030372E-01  1.28953997E-02
1.29897525E-02  4.05100286E-01  1.22927101E-02
1.32883675E-02  3.74971807E-01  1.13627817E-02
1.35869825E-02  3.46336693E-01  1.03999861E-02
1.38855975E-02  3.39007378E-01  9.63883009E-03
1.41842125E-02  3.11718464E-01  9.43735242E-03
1.44828275E-02  3.01027924E-01  9.17699840E-03
1.47814425E-02  3.01225483E-01  8.90591834E-03
1.50800575E-02  2.73702592E-01  8.17478076E-03
1.53786725E-02  2.59045213E-01  7.49048591E-03
1.56772875E-02  2.68795520E-01  7.69244181E-03
1.59759025E-02  2.43252635E-01  6.83121430E-03
1.62745175E-02  2.22507372E-01  6.44205138E-03
1.65731325E-02  2.19272807E-01  6.48577185E-03
1.68717475E-02  2.31363401E-01  6.11824170E-03
1.71703625E-02  2.14144424E-01  6.19214587E-03
1.74689775E-02  2.03873500E-01  5.57773048E-03
1.77675925E-02  1.99218422E-01  5.42203849E-03
1.80662075E-02  1.79530278E-01  5.35732321E-03
1.83648225E-02  1.81418002E-01  4.83996514E-03
1.86634375E-02  1.87013850E-01  5.14154742E-03
1.89620525E-02  1.63781345E-01  4.53376677E-03
1.92606675E-02  1.71733946E-01  4.70901746E-03
1.95592825E-02  1.64305612E-01  4.65098675E-03
1.98578975E-02  1.55390725E-01  4.18753177E-03
2.01565125E-02  1.49773836E-01  4.25672531E-03
2.04551275E-02  1.51021138E-01  4.01192484E-03
2.07537425E-02  1.41409785E-01  3.79290595E-03
2.10523575E-02  1.36919811E-01  3.52469599E-03
2.13509725E-02  1.35327667E-01  3.28895636E-03
2.16495875E-02  1.29282564E-01  3.20513383E-03
2.19482025E-02  1.31698295E-01  2.99623981E-03
2.22468175E-02  1.23545587E-01  3.03596724E-03
2.25454325E-02  1.18287042E-01  2.72446661E-03
2.28440475E-02  1.22505613E-01  2.83976761E-03
2.31426625E-02  1.12581879E-01  2.62743607E-03
2.34412775E-02  1.14513867E-01  2.54726969E-03
2.37398925E-02  1.07736364E-01  2.56442488E-03
2.40385075E-02  1.08995222E-01  2.42451183E-03
2.43371225E-02  1.10559277E-01  2.44184583E-03
2.46357375E-02  9.86683667E-02  2.36948184E-03
2.49343525E-02  1.04910210E-01  2.32332060E-03
2.52329675E-02  9.83654559E-02  2.36084661E-03
2.55315825E-02  9.80311930E-02  2.20811134E-03
2.58301975E-02  9.83782783E-02  2.22440972E-03
2.61288125E-02  8.94904733E-02  2.19249865E-03
2.64274275E-02  8.93849730E-02  2.05225265E-03
2.67260425E-02  9.15990621E-02  2.18776194E-03
2.70246575E-02  9.12069455E-02  2.04456714E-03
2.73232725E-02  8.99985060E-02  2.09639268E-03
2.76218875E-02  8.79170299E-02  2.10282113E-03
2.79205025E-02  8.69153515E-02  2.01313803E-03
2.82191175E-02  8.34912583E-02  1.96626992E-03
2.85177325E-02  8.58560428E-02  1.96040841E-03
2.88163475E-02  8.17645267E-02  1.97323924E-03
2.91149625E-02  8.03494826E-02  1.89966895E-03
2.94135775E-02  7.93891773E-02  1.86656031E-03
2.97121925E-02  8.15110430E-02  1.90698460E-03
3.00108075E-02  8.07827041E-02  1.83549651E-03
3.03094225E-02  7.80249760E-02  1.88463938E-03
3.06080375E-02  7.78031871E-02  1.82123494E-03
3.09066525E-02  7.67611191E-02  1.78369589E-03
3.12052675E-02  7.41460174E-02  1.80682784E-03
3.15038825E-02  7.27911815E-02  1.71332667E-03
3.18024975E-02  7.45459050E-02  1.76049047E-03
3.21011125E-02  7.53196254E-02  1.71225204E-03
3.23997275E-02  6.97648525E-02  1.60431978E-03
3.26983425E-02  7.20219687E-02  1.64366909E-03
3.29969575E-02  6.89539313E-02  1.51960540E-03
3.32955725E-02  7.09298253E-02  1.54122454E-03
3.35941875E-02  7.24137127E-02  1.48496043E-03
3.38928025E-02  6.86628744E-02  1.48880645E-03
3.41914175E-02  6.82394579E-02  1.43989455E-03
3.44900325E-02  6.42980263E-02  1.38830207E-03
3.47886474E-02  6.71168193E-02  1.39373750E-03
3.50872624E-02  6.64771348E-02  1.36093399E-03
3.53858774E-02  6.62268549E-02  1.40117551E-03
3.56844924E-02  6.67347908E-02  1.35239272E-03
3.59831074E-02  6.47355616E-02  1.30946026E-03
3.62817224E-02  6.41153678E-02  1.33515743E-03
3.65803374E-02  6.62315786E-02  1.31545530E-03
3.68789524E-02  6.41028509E-02  1.33780064E-03
3.71775674E-02  6.21101446E-02  1.28644553E-03
3.74761824E-02  6.42684549E-02  1.27370446E-03
3.77747974E-02  6.16929531E-02  1.25382852E-03
3.80734124E-02  6.17646649E-02  1.23479951E-03
3.83720274E-02  6.09056279E-02  1.26639626E-03
3.86706424E-02  6.18415289E-02  1.21562066E-03
3.89692574E-02  6.19520321E-02  1.25289918E-03
3.92678724E-02  6.29272610E-02  1.27236173E-03
3.95664874E-02  6.25346303E-02  1.22241513E-03
3.98651024E-02  6.05395846E-02  1.20382966E-03
4.01637174E-02  5.89732043E-02  1.16853102E-03
4.04623324E-02  6.04195371E-02  1.22466439E-03
4.07609474E-02  5.91953844E-02  1.16972299E-03
4.10595624E-02  5.80494106E-02  1.18197734E-03
4.13581774E-02  6.17425404E-02  1.19668676E-03
4.16567924E-02  6.01091944E-02  1.15701626E-03
4.19554074E-02  6.01494461E-02  1.19043642E-03
4.22540224E-02  5.90753593E-02  1.17055513E-03
4.25526374E-02  5.96987195E-02  1.16078602E-03
4.28512524E-02  5.83304092E-02  1.15128304E-03
4.31498674E-02  5.69362640E-02  1.12420437E-03
4.34484824E-02  5.89336827E-02  1.17938151E-03
4.37470974E-02  5.89510947E-02  1.12909102E-03
4.40457124E-02  5.56612164E-02  1.10247254E-03
4.43443274E-02  5.79598844E-02  1.14665309E-03
4.46429424E-02  5.77098094E-02  1.11894519E-03
4.49415574E-02  5.80634028E-02  1.15849101E-03
4.52401724E-02  5.77510074E-02  1.10428431E-03
4.55387874E-02  5.57236820E-02  1.10219745E-03
4.58374024E-02  5.67919873E-02  1.11271301E-03
4.61360174E-02  5.82934245E-02  1.11120800E-03
4.64346324E-02  5.65801412E-02  1.11608556E-03
4.67332474E-02  5.80569319E-02  1.09521882E-03
4.70318624E-02  5.90637326E-02  1.13752496E-03
4.73304774E-02  5.63391745E-02  1.10468967E-03
4.76290924E-02  5.78903817E-02  1.09618076E-03
4.79277074E-02  5.49690276E-02  1.06162135E-03
4.82263224E-02  5.67521751E-02  1.07136799E-03
4.85249374E-02  5.82952388E-02  1.11920119E-03
4.88235524E-02  5.72751760E-02  1.08201266E-03
4.91221674E-02  5.75959459E-02  1.07849261E-03
4.94207824E-02  5.68335839E-02  1.08278997E-03
4.97193974E-02  5.94088100E-02  1.08719128E-03
5.00180124E-02  5.74596338E-02  1.09891372E-03
5.03166274E-02  5.81820421E-02  1.07431819E-03
5.06152424E-02  5.96054718E-02  1.09060761E-03
5.09138574E-02  5.94218262E-02  1.10210630E-03
5.12124724E-02  5.77497035E-02  1.05789269E-03
5.15110874E-02  5.78542128E-02  1.07767549E-03
5.18097024E-02  5.84554188E-02  1.06742291E-03
5.21083174E-02  6.12210035E-02  1.09080004E-03
5.24069324E-02  6.02587610E-02  1.08297821E-03
5.27055474E-02  5.90986945E-02  1.06557668E-03
5.30041624E-02  6.01446964E-02  1.09553360E-03
5.33027774E-02  5.85196391E-02  1.05582282E-03
5.36013924E-02  6.03859872E-02  1.07866526E-03
5.39000074E-02  6.05552904E-02  1.06204662E-03
5.41986224E-02  6.15292005E-02  1.09196675E-03
5.44972374E-02  6.09726571E-02  1.07316964E-03
5.47958524E-02  6.01643026E-02  1.05861400E-03
5.50944674E-02  6.14431277E-02  1.08651095E-03
5.53930824E-02  6.21339120E-02  1.06841966E-03
5.56916974E-02  6.09524995E-02  1.05247064E-03
5.59903124E-02  6.37968406E-02  1.09929219E-03
5.62889274E-02  6.50653839E-02  1.08593237E-03
5.65875424E-02  6.29798621E-02  1.08763936E-03
5.68861574E-02  6.43042997E-02  1.07956352E-03
5.71847724E-02  6.51648641E-02  1.07950415E-03
5.74833874E-02  6.68575689E-02  1.10527256E-03
5.77820024E-02  6.73640147E-02  1.09611079E-03
5.80806174E-02  6.87047169E-02  1.13441481E-03
5.83792324E-02  6.76552802E-02  1.08558056E-03
5.86778474E-02  6.81749806E-02  1.10711018E-03
5.89764624E-02  6.89323619E-02  1.12536072E-03
5.92750774E-02  7.00257942E-02  1.08832307E-03
5.95736924E-02  6.99191242E-02  1.12118432E-03
5.98723074E-02  7.33914226E-02  1.12484710E-03
6.01709224E-02  7.14151710E-02  1.10817794E-03
6.04695374E-02  7.44067952E-02  1.14894274E-03
6.07681524E-02  7.48300254E-02  1.14021939E-03
6.10667674E-02  7.64026493E-02  1.15814770E-03
6.13653824E-02  7.37737045E-02  1.11218041E-03
6.16639974E-02  7.52158985E-02  1.13728747E-03
6.19626124E-02  7.89950714E-02  1.16700435E-03
6.22612274E-02  8.30382183E-02  1.17410300E-03
6.25598424E-02  8.03560764E-02  1.18004938E-03
6.28584574E-02  8.27779025E-02  1.17810187E-03
6.31570724E-02  8.40457603E-02  1.19760248E-03
6.34556874E-02  8.38139430E-02  1.16385811E-03
6.37543024E-02  8.39849412E-02  1.18078035E-03
6.40529174E-02  9.07185301E-02  1.24423823E-03
6.43515324E-02  9.14016813E-02  1.22502109E-03
6.46501474E-02  9.23849195E-02  1.25801517E-03
6.49487624E-02  9.40283239E-02  1.22248800E-03
6.52473774E-02  9.72610414E-02  1.25375541E-03
6.55459924E-02  9.62923467E-02  1.26123126E-03
6.58446074E-02  1.00428961E-01  1.27401156E-03
6.61432224E-02  1.01694465E-01  1.29612838E-03
6.64418374E-02  1.06705122E-01  1.29465619E-03
6.67404524E-02  1.10232808E-01  1.33314705E-03
6.70390674E-02  1.10487893E-01  1.34114514E-03
6.73376824E-02  1.15270510E-01  1.33396720E-03
6.76362974E-02  1.18897900E-01  1.38789217E-03
6.79349124E-02  1.24468409E-01  1.38856494E-03
6.82335274E-02  1.26246899E-01  1.40823051E-03
6.85321424E-02  1.30638123E-01  1.44956738E-03
6.88307574E-02  1.35758325E-01  1.44850602E-03
6.91293724E-02  1.41140476E-01  1.49954401E-03
6.94279874E-02  1.45505607E-01  1.48598943E-03
6.97266024E-02  1.49700180E-01  1.53347198E-03
7.00252174E-02  1.60039201E-01  1.57271966E-03
7.03238324E-02  1.64087996E-01  1.57981541E-03
7.06224474E-02  1.71464145E-01  1.63924857E-03
7.09210624E-02  1.81505039E-01  1.66532397E-03
7.12196774E-02  1.87786251E-01  1.69005420E-03
7.15182924E-02  2.00223714E-01  1.70689297E-03
7.18169074E-02  2.09688097E-01  1.79404160E-03
7.21155224E-02  2.23032564E-01  1.84393721E-03
7.24141374E-02  2.34352350E-01  1.87951594E-03
7.27127524E-02  2.48058438E-01  1.92507496E-03
7.30113674E-02  2.62672693E-01  1.96572533E-03
7.33099824E-02  2.80961186E-01  2.04423280E-03
7.36085974E-02  2.94100612E-01  2.09847139E-03
7.39072124E-02  3.19051027E-01  2.14539282E-03
7.42058274E-02  3.39621753E-01  2.26008054E-03
7.45044424E-02  3.66408855E-01  2.30655749E-03
7.48030574E-02  3.95880401E-01  2.41323211E-03
7.51016724E-02  4.26002115E-01  2.50062230E-03
7.54002874E-02  4.60460603E-01  2.55819340E-03
7.56989024E-02  5.01240611E-01  2.71544536E-03
7.59975174E-02  5.44986725E-01  2.78606173E-03
7.62961324E-02  6.02358878E-01  2.93840584E-03
7.65947474E-02  6.46667898E-01  3.03486246E-03
7.68933624E-02  7.13514030E-01  3.19125107E-03
7.71919774E-02  7.77819037E-01  3.36793927E-03
7.74905924E-02  8.61414731E-01  3.46615585E-03
7.77892074E-02  9.45513844E-01  3.65425693E-03
7.80878224E-02  1.04486132E+00  3.80953355E-03
7.83864374E-02  1.15086639E+00  3.99192702E-03
7.86850524E-02  1.26949227E+00  4.26126504E-03
7.89836674E-02  1.39513803E+00  4.41115210E-03
7.92822824E-02  1.53964543E+00  4.59595677E-03
7.95808974E-02  1.67817104E+00  4.75475052E-03
7.98795124E-02  1.83149004E+00  5.06466255E-03
8.01781274E-02  1.98606956E+00  5.31862304E-03
8.04767424E-02  2.14805222E+00  5.39021287E-03
8.07753574E-02  2.29863715E+00  5.63296722E-03
8.10739724E-02  2.44676137E+00  5.74702397E-03
8.13725874E-02  2.58711267E+00  5.88594610E-03
8.16712024E-02  2.70318151E+00  6.11487217E-03
8.19698174E-02  2.78942561E+00  6.05172617E-03
8.22684324E-02  2.84469652E+00  6.24084612E-03
8.25670474E-02  2.89389443E+00  6.21897262E-03
8.28656624E-02  2.88051343E+00  6.24825526E-03
8.31642774E-02  2.83918333E+00  6.11745194E-03
8.34628924E-02  2.77354598E+00  6.05227286E-03
8.37615074E-02  2.67051983E+00  6.02838397E-03
8.40601224E-02  2.53127909E+00  5.74809918E-03
8.43587374E-02  2.38624191E+00  5.60281938E-03
8.46573524E-02  2.22340488E+00  5.38198557E-03
8.49559674E-02  2.05400848E+00  5.20839076E-03
8.52545824E-02  1.87173355E+00  4.98173386E-03
8.55531974E-02  1.69464970E+00  4.66262177E-03
8.58518124E-02  1.52567172E+00  4.44534048E-03
8.61504274E-02  1.36169243E+00  4.15581046E-03
8.64490424E-02  1.21965849E+00  3.99780599E-03
8.67476574E-02  1.08976591E+00  3.77158402E-03
8.70462724E-02  9.68393981E-01  3.49639449E-03
8.73448874E-02  8.62000048E-01  3.32382810E-03
8.76435024E-02  7.69566178E-01  3.10956757E-03
8.79421174E-02  6.85641885E-01  2.98294146E-03
8.82407324E-02  6.15659058E-01  2.81575276E-03
8.85393474E-02  5.59515893E-01  2.64650816E-03
8.88379624E-02  5.04486978E-01  2.53194757E-03
8.91365774E-02  4.61832076E-01  2.39108340E-03
8.94351924E-02  4.20332700E-01  2.29813554E-03
8.97338074E-02  3.86007875E-01  2.19004718E-03
9.00324224E-02  3.56495023E-01  2.09884602E-03
9.03310374E-02  3.32360893E-01  2.04930827E-03
9.06296524E-02  3.08330119E-01  1.95012894E-03
9.09282674E-02  2.86626399E-01  1.87851791E-03
9.12268824E-02  2.73018748E-01  1.83003407E-03
9.15254974E-02  2.58690834E-01  1.77489675E-03
9.18241124E-02  2.39192829E-01  1.73200853E-03
9.21227274E-02  2.33244792E-01  1.69458997E-03
9.24213424E-02  2.19398335E-01  1.61562697E-03
9.27199574E-02  2.10989147E-01  1.59858610E-03
9.30185724E-02  2.01907098E-01  1.56663114E-03
9.33171874E-02  1.94586068E-01  1.55351020E-03
9.36158024E-02  1.86603963E-01  1.46932260E-03
9.39144174E-02  1.80110499E-01  1.48099964E-03
9.42130324E-02  1.72052607E-01  1.43968256E-03
9.45116474E-02  1.66141644E-01  1.40843529E-03
9.48102624E-02  1.62933707E-01  1.40101346E-03
9.51088774E-02  1.56910658E-01  1.34852540E-03
9.54074924E-02  1.52740225E-01  1.34804612E-03
9.57061074E-02  1.48110464E-01  1.32394617E-03
9.60047224E-02  1.46641254E-01  1.31852645E-03
9.63033374E-02  1.41778231E-01  1.28407357E-03
9.66019524E-02  1.39271334E-01  1.27933477E-03
9.69005674E-02  1.35586604E-01  1.25899853E-03
9.71991824E-02  1.31323770E-01  1.23582757E-03
9.74977974E-02  1.30143449E-01  1.22602377E-03
9.77964124E-02  1.27304509E-01  1.20842981E-03
9.80950274E-02  1.26125902E-01  1.21112645E-03
9.83936424E-02  1.22755058E-01  1.19535124E-03
9.86922574E-02  1.22089721E-01  1.19107671E-03
9.89908724E-02  1.20620109E-01  1.17128983E-03
9.92894874E-02  1.18993744E-01  1.15993514E-03
9.95881024E-02  1.17250964E-01  1.16073003E-03
9.98867174E-02  1.16184779E-01  1.15941558E-03
1.00185332E-01  1.13785133E-01  1.12159387E-03
1.00483947E-01  1.12654224E-01  1.13387953E-03
1.00782562E-01  1.10903375E-01  1.11142593E-03
1.01081177E-01  1.09518811E-01  1.11562386E-03
1.01379792E-01  1.09999716E-01  1.11383910E-03
1.01678407E-01  1.07009694E-01  1.08679896E-03
1.01977022E-01  1.06616534E-01  1.09657855E-03
1.02275637E-01  1.05466306E-01  1.09064823E-03
1.02574252E-01  1.04476497E-01  1.08099054E-03
1.02872867E-01  1.04955979E-01  1.07192853E-03
1.03171482E-01  1.03583083E-01  1.06402882E-03
1.03470097E-01  1.04228541E-01  1.06908090E-03
1.03768712E-01  1.03577763E-01  1.07543997E-03
1.04067327E-01  1.01819150E-01  1.04729156E-03
1.04365942E-01  1.01634584E-01  1.05829176E-03
1.04664557E-01  1.00555152E-01  1.05179532E-03
1.04963172E-01  9.85740796E-02  1.03379169E-03
1.05261787E-01  1.01505235E-01  1.05159951E-03
1.05560402E-01  9.89717469E-02  1.02761609E-03
1.05859017E-01  9.75352153E-02  1.03334885E-03
1.06157632E-01  9.93707255E-02  1.03629311E-03
1.06456247E-01  9.64746177E-02  1.02108123E-03
1.06754862E-01  9.73775089E-02  1.01368933E-03
1.07053477E-01  9.71958563E-02  1.01916946E-03
1.07352092E-01  9.61273611E-02  1.01355300E-03
1.07650707E-01  9.69229639E-02  1.01855025E-03
1.07949322E-01  9.57082734E-02  1.01053948E-03
1.08247937E-01  9.62384492E-02  1.01253157E-03
1.08546552E-01  9.56656635E-02  1.01354171E-03
1.08845167E-01  9.60076228E-02  9.98725649E-04
1.09143782E-01  9.53527093E-02  1.00706588E-03
1.09442397E-01  9.61812884E-02  9.98858362E-04
1.09741012E-01  9.55372453E-02  9.98598640E-04
1.10039627E-01  9.69712958E-02  1.01397582E-03
1.10338242E-01  9.56469998E-02  1.00073032E-03
1.10636857E-01  9.42594931E-02  9.81284189E-04
1.10935472E-01  9.65645611E-02  9.92456800E-04
1.11234087E-01  9.55623686E-02  9.96414921E-04
1.11532702E-01  9.42946374E-02  9.89019987E-04
1.11831317E-01  9.53388289E-02  9.89149557E-04
1.12129932E-01  9.58075970E-02  9.93478578E-04
1.12428547E-01  9.29858685E-02  9.78365075E-04
1.12727162E-01  9.32398215E-02  9.75598057E-04
1.13025777E-01  9.64805856E-02  9.91279609E-04
1.13324392E-01  9.50924382E-02  9.82634723E-04
1.13623007E-01  9.45976302E-02  9.82305733E-04
1.13921622E-01  9.72956493E-02  9.96973831E-04
1.14220237E-01  9.63310599E-02  9.82356491E-04
1.14518852E-01  9.52396244E-02  9.68861510E-04
1.14817467E-01  9.71094295E-02  9.92256566E-04
1.15116082E-01  9.52726305E-02  9.82087688E-04
1.15414697E-01  9.73586217E-02  9.88323241E-04
1.15713312E-01  9.76892337E-02  9.80527024E-04
1.16011927E-01  9.77362096E-02  9.84376180E-04
1.16310542E-01  9.90748331E-02  9.99990967E-04
1.16609157E-01  9.71478075E-02  9.79244942E-04
1.16907772E-01  9.84537750E-02  9.89447697E-04
1.17206387E-01  9.97301713E-02  9.91812325E-04
1.17505002E-01  9.80040804E-02  9.77113843E-04
1.17803617E-01  9.97157171E-02  9.96509683E-04
1.18102232E-01  1.00263201E-01  9.89750144E-04
1.18400847E-01  1.01094872E-01  9.95296403E-04
1.18699462E-01  1.01893619E-01  9.97042283E-04
1.18998077E-01  1.01212069E-01  9.84452665E-04
1.19296692E-01  1.04879230E-01  1.02123339E-03
1.19595307E-01  1.03888512E-01  9.98097821E-04
1.19893922E-01  1.04725175E-01  9.99970944E-04
1.20192537E-01  1.05218314E-01  1.01391994E-03
1.20491152E-01  1.05757058E-01  1.00204279E-03
1.20789767E-01  1.07794933E-01  1.02107658E-03
1.21088382E-01  1.05566412E-01  1.00901595E-03
1.21386997E-01  1.07362278E-01  1.00962201E-03
1.21685612E-01  1.09381847E-01  1.02856837E-03
1.21984227E-01  1.10980928E-01  1.02941203E-03
1.22282842E-01  1.10819079E-01  1.02142827E-03
1.22581457E-01  1.12100810E-01  1.02019496E-03
1.22880072E-01  1.11833781E-01  1.03705516E-03
1.23178687E-01  1.12320893E-01  1.02977373E-03
1.23477302E-01  1.15785532E-01  1.04848784E-03
1.23775917E-01  1.15247793E-01  1.03370601E-03
1.24074532E-01  1.17481127E-01  1.05390733E-03
1.24373147E-01  1.16189964E-01  1.04662904E-03
1.24671762E-01  1.19104907E-01  1.05377822E-03
1.24970377E-01  1.20097972E-01  1.05523819E-03
1.25268992E-01  1.21616885E-01  1.06042868E-03
1.25567607E-01  1.23982400E-01  1.06557191E-03
1.25866222E-01  1.26899451E-01  1.09534548E-03
1.26164837E-01  1.25760078E-01  1.07834407E-03
1.26463452E-01  1.28956109E-01  1.08673878E-03
1.26762067E-01  1.29493624E-01  1.09348400E-03
1.27060682E-01  1.35122254E-01  1.11393922E-03
1.27359297E-01  1.35883898E-01  1.13386288E-03
1.27657912E-01  1.38285458E-01  1.11702294E-03
1.27956527E-01  1.39339894E-01  1.12620182E-03
1.28255142E-01  1.43188834E-01  1.14986079E-03
1.28553757E-01  1.45986736E-01  1.14083476E-03
1.28852372E-01  1.49019137E-01  1.15724048E-03
1.29150987E-01  1.51185304E-01  1.16562238E-03
1.29449602E-01  1.55911684E-01  1.19089440E-03
1.29748217E-01  1.60624772E-01  1.20794412E-03
1.30046832E-01  1.61868304E-01  1.20289181E-03
1.30345447E-01  1.66844651E-01  1.21800636E-03
1.30644062E-01  1.68408751E-01  1.22208719E-03
1.30942677E-01  1.75867155E-01  1.25802460E-03
1.31241292E-01  1.79435194E-01  1.26648915E-03
1.31539907E-01  1.82755277E-01  1.27140444E-03
1.31838522E-01  1.89338982E-01  1.30010955E-03
1.32137137E-01  1.94170922E-01  1.32856728E-03
1.32435752E-01  1.99873820E-01  1.36560749E-03
1.32734367E-01  2.04847485E-01  1.38057943E-03
1.33032982E-01  2.11313024E-01  1.41699600E-03
1.33331597E-01  2.18620509E-01  1.44129037E-03
1.33630212E-01  2.25763053E-01  1.47090177E-03
1.33928827E-01  2.35966206E-01  1.52681780E-03
1.34227442E-01  2.41252199E-01  1.50662020E-03
1.34526057E-01  2.50345767E-01  1.56576245E-03
1.34824672E-01  2.61870742E-01  1.61320087E-03
1.35123287E-01  2.71949828E-01  1.63431268E-03
1.35421902E-01  2.80765563E-01  1.67535408E-03
1.35720517E-01  2.88707316E-01  1.68146065E-03
1.36019132E-01  3.03416669E-01  1.75473315E-03
1.36317747E-01  3.15717459E-01  1.77263084E-03
1.36616362E-01  3.33458394E-01  1.81638275E-03
1.36914977E-01  3.43825072E-01  1.86511956E-03
1.37213592E-01  3.57823849E-01  1.90558413E-03
1.37512207E-01  3.70851159E-01  1.95929781E-03
1.37810822E-01  3.93049985E-01  1.99718564E-03
1.38109437E-01  4.03696418E-01  2.02405592E-03
1.38408052E-01  4.21310335E-01  2.07559671E-03
1.38706667E-01  4.43398476E-01  2.13419134E-03
1.39005282E-01  4.61633086E-01  2.20132479E-03
1.39303897E-01  4.81752843E-01  2.20445497E-03
1.39602512E-01  4.96707201E-01  2.28164438E-03
1.39901127E-01  5.20563126E-01  2.33216072E-03
1.40199742E-01  5.39374352E-01  2.36292859E-03
1.40498357E-01  5.56796074E-01  2.42615561E-03
1.40796972E-01  5.75207829E-01  2.43361015E-03
1.41095587E-01  5.92671990E-01  2.50606309E-03
1.41394202E-01  6.06175542E-01  2.51861429E-03
1.41692817E-01  6.20289981E-01  2.56379484E-03
1.41991432E-01  6.28896117E-01  2.58152233E-03
1.42290047E-01  6.44575834E-01  2.59515387E-03
1.42588662E-01  6.53753757E-01  2.64881761E-03
1.42887277E-01  6.59516871E-01  2.64571933E-03
1.43185892E-01  6.62232637E-01  2.64282757E-03
1.43484507E-01  6.66131437E-01  2.67165247E-03
1.43783122E-01  6.62254095E-01  2.64184037E-03
1.44081737E-01  6.57231927E-01  2.64010322E-03
1.44380352E-01  6.48166180E-01  2.60037323E-03
1.44678967E-01  6.41475976E-01  2.55828141E-03
1.44977582E-01  6.20395720E-01  2.56607356E-03
1.45276197E-01  6.06172085E-01  2.49925908E-03
1.45574812E-01  5.93362629E-01  2.50165863E-03
1.45873427E-01  5.71928442E-01  2.39929371E-03
1.46172042E-01  5.49524784E-01  2.36875145E-03
1.46470657E-01  5.30063450E-01  2.35432666E-03
1.46769272E-01  4.99577075E-01  2.25854223E-03
1.47067887E-01  4.82643843E-01  2.21489486E-03
1.47366502E-01  4.54643816E-01  2.13919836E-03
1.47665117E-01  4.32357162E-01  2.08924292E-03
1.47963732E-01  4.12520111E-01  2.06414913E-03
1.48262347E-01  3.87794077E-01  1.98013964E-03
1.48560962E-01  3.68662566E-01  1.93359226E-03
1.48859577E-01  3.47923070E-01  1.85340969E-03
1.49158192E-01  3.27737451E-01  1.83633075E-03
1.49456807E-01  3.09907854E-01  1.76486140E-03
1.49755422E-01  2.93587208E-01  1.71328464E-03
1.50054037E-01  2.80377388E-01  1.68498955E-03
1.50352652E-01  2.67252356E-01  1.62440178E-03
1.50651267E-01  2.52868295E-01  1.60261639E-03
1.50949882E-01  2.38797754E-01  1.53324555E-03
1.51248497E-01  2.32119471E-01  1.51890609E-03
1.51547112E-01  2.22351328E-01  1.51255901E-03
1.51845727E-01  2.15238214E-01  1.44510507E-03
1.52144342E-01  2.07884565E-01  1.45530479E-03
1.52442957E-01  2.01501459E-01  1.39022735E-03
1.52741572E-01  1.95082217E-01  1.38786167E-03
1.53040187E-01  1.90264732E-01  1.39016460E-03
1.53338802E-01  1.88795343E-01  1.35687110E-03
1.53637417E-01  1.84875622E-01  1.35908579E-03
1.53936032E-01  1.84087262E-01  1.33645930E-03
1.54234647E-01  1.80678964E-01  1.32690859E-03
1.54533262E-01  1.77922472E-01  1.33727165E-03
1.54831877E-01  1.76983520E-01  1.31518126E-03
1.55130492E-01  1.75834075E-01  1.31281617E-03
1.55429107E-01  1.74707249E-01  1.30150421E-03
1.55727722E-01  1.75459430E-01  1.31719769E-03
1.56026337E-01  1.76438168E-01  1.31316064E-03
1.56324952E-01  1.76301107E-01  1.30837725E-03
1.56623567E-01  1.79357722E-01  1.33470492E-03
1.56922182E-01  1.82002842E-01  1.32506818E-03
1.57220797E-01  1.84481993E-01  1.35214254E-03
1.57519412E-01  1.87327340E-01  1.34576461E-03
1.57818027E-01  1.90997615E-01  1.35790964E-03
1.58116642E-01  1.92891136E-01  1.38313195E-03
1.58415257E-01  1.95652008E-01  1.37435924E-03
1.58713872E-01  2.01865539E-01  1.40923727E-03
1.59012487E-01  2.04572514E-01  1.39833090E-03
1.59311102E-01  2.11591482E-01  1.44384801E-03
1.59609717E-01  2.15436056E-01  1.45958585E-03
1.59908332E-01  2.20306277E-01  1.44191354E-03
1.60206947E-01  2.25938633E-01  1.47480285E-03
1.60505562E-01  2.33438492E-01  1.49908254E-03
1.60804177E-01  2.39624426E-01  1.51718780E-03
1.61102792E-01  2.45900780E-01  1.53748051E-03
1.61401407E-01  2.51707494E-01  1.54944602E-03
1.61700022E-01  2.57529736E-01  1.56504603E-03
1.61998637E-01  2.64799029E-01  1.59036310E-03
1.62297252E-01  2.73342878E-01  1.62333529E-03
1.62595867E-01  2.78660804E-01  1.63787825E-03
1.62894482E-01  2.84124643E-01  1.63522433E-03
1.63193097E-01  2.92659909E-01  1.68395706E-03
1.63491712E-01  2.95720726E-01  1.66477123E-03
1.63790327E-01  3.02559048E-01  1.71035610E-03
1.64088942E-01  3.04899931E-01  1.68806326E-03
1.64387557E-01  3.12380910E-01  1.72187155E-03
1.64686172E-01  3.15491825E-01  1.75095000E-03
1.64984787E-01  3.19942325E-01  1.73162029E-03
1.65283402E-01  3.21637541E-01  1.74720469E-03
1.65582017E-01  3.20216388E-01  1.72875402E-03
1.65880632E-01  3.21778864E-01  1.74023525E-03
1.66179247E-01  3.19854051E-01  1.74916873E-03
1.66477862E-01  3.18348527E-01  1.72072742E-03
1.66776477E-01  3.18635106E-01  1.73659227E-03
1.67075092E-01  3.11272204E-01  1.72005105E-03
1.67373707E-01  3.10843915E-01  1.71342550E-03
1.67672322E-01  3.05183530E-01  1.69656402E-03
1.67970937E-01  2.99944550E-01  1.66623003E-03
1.68269552E-01  2.90477335E-01  1.65286905E-03
1.68568167E-01  2.85649985E-01  1.62269699E-03
1.68866782E-01  2.76165545E-01  1.61902234E-03
1.69165397E-01  2.68137336E-01  1.58306805E-03
1.69464012E-01  2.60706276E-01  1.55130110E-03
1.69762627E-01  2.52004713E-01  1.53524475E-03
1.70061242E-01  2.41486460E-01  1.49766426E-03
1.70359857E-01  2.35688388E-01  1.49674341E-03
1.70658472E-01  2.24395290E-01  1.43431162E-03
1.70957087E-01  2.18370050E-01  1.42026483E-03
1.71255702E-01  2.05580235E-01  1.39492692E-03
1.71554317E-01  1.97535440E-01  1.33665313E-03
1.71852932E-01  1.89872473E-01  1.32709823E-03
1.72151547E-01  1.83044389E-01  1.29854644E-03
1.72450162E-01  1.75078154E-01  1.27303472E-03
1.72748777E-01  1.69341415E-01  1.25503528E-03
1.73047392E-01  1.60678476E-01  1.21705164E-03
1.73346007E-01  1.56338498E-01  1.20256830E-03
1.73644622E-01  1.46683648E-01  1.15927379E-03
1.73943237E-01  1.41008139E-01  1.13701459E-03
1.74241852E-01  1.37628347E-01  1.13026751E-03
1.74540467E-01  1.32470891E-01  1.09498773E-03
1.74839082E-01  1.28443792E-01  1.09152903E-03
1.75137697E-01  1.23706907E-01  1.06101204E-03
1.75436312E-01  1.20719239E-01  1.05493027E-03
1.75734927E-01  1.15714498E-01  1.02031324E-03
1.76033542E-01  1.14189573E-01  1.01663626E-03
1.76332157E-01  1.08600922E-01  1.00647053E-03
1.76630772E-01  1.07690632E-01  9.84636717E-04
1.76929387E-01  1.04753435E-01  9.86092142E-04
1.77228002E-01  1.03340611E-01  9.60695150E-04
1.77526617E-01  9.96262059E-02  9.50244197E-04
1.77825232E-01  9.69357118E-02  9.40503087E-04
1.78123847E-01  9.48130935E-02  9.26384528E-04
1.78422462E-01  9.53474268E-02  9.28992755E-04
1.78721077E-01  9.09317210E-02  9.09681141E-04
1.79019692E-01  9.06384513E-02  9.08522110E-04
1.79318307E-01  8.88229460E-02  8.99683335E-04
1.79616922E-01  8.81567597E-02  8.82937165E-04
1.79915537E-01  8.58260393E-02  8.82883032E-04
1.80214152E-01  8.38804692E-02  8.65253038E-04
1.80512767E-01  8.44928101E-02  8.77187820E-04
1.80811382E-01  8.16554129E-02  8.60007189E-04
1.81109997E-01  8.06147009E-02  8.46561452E-04
1.81408612E-01  8.09498280E-02  8.56863859E-04
1.81707227E-01  8.01844820E-02  8.47955409E-04
1.82005842E-01  7.88217261E-02  8.40720255E-04
1.82304457E-01  7.79292285E-02  8.31248064E-04
1.82603072E-01  7.68953338E-02  8.29280121E-04
1.82901687E-01  7.60713890E-02  8.30649922E-04
1.83200302E-01  7.47995898E-02  8.16276181E-04
1.83498917E-01  7.40064308E-02  8.08728917E-04
1.83797532E-01  7.34558851E-02  8.04395415E-04
1.84096147E-01  7.26755187E-02  8.07555625E-04
1.84394762E-01  7.40625858E-02  8.16590851E-04
1.84693377E-01  7.19434619E-02  7.99223781E-04
1.84991992E-01  7.16891438E-02  8.02060589E-04
1.85290607E-01  7.12084323E-02  7.89161480E-04
1.85589222E-01  6.99269101E-02  7.87686964E-04
1.85887837E-01  7.06343800E-02  7.89321843E-04
1.86186452E-01  6.88903704E-02  7.77987821E-04
1.86485067E-01  6.83756024E-02  7.79161754E-04
1.86783682E-01  6.88897073E-02  7.79772468E-04
1.87082297E-01  7.01061934E-02  7.90007354E-04
1.87380912E-01  6.92602918E-02  7.80078932E-04
1.87679527E-01  6.78267553E-02  7.65488308E-04
1.87978142E-01  6.62483424E-02  7.65940757E-04
1.88276757E-01  6.46398589E-02  7.54848064E-04
1.88575372E-01  6.56090602E-02  7.62741372E-04
1.88873987E-01  6.51649907E-02  7.55437766E-04
1.89172602E-01  6.51097074E-02  7.50971492E-04
1.89471217E-01  6.42694011E-02  7.51701707E-04
1.89769832E-01  6.27162680E-02  7.44514866E-04
1.90068447E-01  6.40541166E-02  7.41762691E-04
1.90367062E-01  6.34432733E-02  7.45154859E-04
1.90665677E-01  6.28594533E-02  7.40035262E-04
1.90964292E-01  6.33712187E-02  7.41602445E-04
1.91262907E-01  6.47654831E-02  7.52883439E-04
1.91561522E-01  6.18389957E-02  7.26512691E-04
1.91860137E-01  6.24723472E-02  7.40160409E-04
1.92158752E-01  6.21136613E-02  7.34212226E-04
1.92457367E-01  6.21180609E-02  7.35189358E-04
1.92755982E-01  6.11167513E-02  7.26192317E-04
1.93054597E-01  6.13337532E-02  7.27949024E-04
1.93353212E-01  6.19411692E-02  7.27813574E-04
1.93651827E-01  5.97317740E-02  7.22338678E-04
1.93950442E-01  6.02803193E-02  7.21674180E-04
1.94249057E-01  6.01983443E-02  7.16139679E-04
1.94547672E-01  5.97613938E-02  7.19025964E-04
1.94846287E-01  5.97730465E-02  7.17713032E-04
1.95144902E-01  5.90638965E-02  7.17363495E-04
1.95443517E-01  5.88941164E-02  7.01269484E-04
1.95742132E-01  5.92699312E-02  7.13319401E-04
1.96040747E-01  5.91620021E-02  7.14040070E-04
1.96339362E-01  5.82342334E-02  7.10015243E-04
1.96637977E-01  5.83933182E-02  7.03994010E-04
1.96936592E-01  5.84962778E-02  7.05953862E-04
1.97235207E-01  5.83923385E-02  7.07798928E-04
1.97533822E-01  5.82808368E-02  7.04431965E-04
1.97832437E-01  5.74271753E-02  7.01479905E-04
1.98131052E-01  5.76086454E-02  6.98813004E-04
1.98429667E-01  5.63761406E-02  6.91953173E-04
1.98728282E-01  5.83757535E-02  7.06353574E-04
1.99026897E-01  5.74489422E-02  6.96312462E-04
1.99325512E-01  5.85339665E-02  7.05074985E-04
1.99624127E-01  5.82171232E-02  7.02943362E-04
1.99922742E-01  5.81667535E-02  7.01313489E-04
2.00221357E-01  5.61817028E-02  6.93178794E-04
2.00519972E-01  5.77852018E-02  6.95954717E-04
2.00818587E-01  5.68576306E-02  6.89702923E-04
2.01117202E-01  5.71743213E-02  6.98391290E-04
2.01415817E-01  5.59113063E-02  6.83728955E-04
2.01714432E-01  5.63704595E-02  6.89756591E-04
2.02013047E-01  5.64501472E-02  6.87445863E-04
2.02311662E-01  5.69194630E-02  6.93109760E-04
2.02610277E-01  5.62738664E-02  6.90906076E-04
2.02908892E-01  5.79962581E-02  6.93782815E-04
2.03207507E-01  5.72859496E-02  6.92305795E-04
2.03506122E-01  5.70167229E-02  6.89606299E-04
2.03804737E-01  5.62625453E-02  6.85669889E-04
2.04103352E-01  5.73209263E-02  6.94251037E-04
2.04401967E-01  5.60625494E-02  6.85732346E-04
2.04700582E-01  5.44655435E-02  6.70069247E-04
2.04999197E-01  5.70143797E-02  6.87469321E-04
2.05297812E-01  5.63930497E-02  6.90343149E-04
2.05596427E-01  5.75153753E-02  6.91552355E-04
2.05895042E-01  5.65982237E-02  6.87721011E-04
2.06193657E-01  5.83356470E-02  6.93685957E-04
2.06492272E-01  5.86538613E-02  6.94724731E-04
2.06790887E-01  5.80149665E-02  6.98671327E-04
2.07089502E-01  5.73640727E-02  6.83293096E-04
2.07388117E-01  5.86436056E-02  6.99826283E-04
2.07686732E-01  5.78841344E-02  6.92491070E-04
2.07985347E-01  5.87125346E-02  6.95078459E-04
2.08283962E-01  5.86625785E-02  6.96491101E-04
2.08582577E-01  5.89127503E-02  6.93091191E-04
2.08881192E-01  5.80137298E-02  6.90933492E-04
2.09179807E-01  5.82275391E-02  6.95406052E-04
2.09478422E-01  5.83989732E-02  6.88190688E-04
2.09777037E-01  5.93403243E-02  7.00940611E-04
2.10075652E-01  6.05201684E-02  7.01214885E-04
2.10374267E-01  5.84920980E-02  6.98068005E-04
2.10672882E-01  6.03842326E-02  7.07083091E-04
2.10971497E-01  6.10615760E-02  6.99504511E-04
2.11270112E-01  6.08105361E-02  7.08922802E-04
2.11568727E-01  6.06912524E-02  7.00942415E-04
2.11867342E-01  6.07650653E-02  7.08007894E-04
2.12165957E-01  6.17780276E-02  7.07619125E-04
2.12464572E-01  6.19094670E-02  7.07733212E-04
2.12763187E-01  6.21357076E-02  7.12464273E-04
2.13061802E-01  6.09546602E-02  7.05019804E-04
2.13360417E-01  6.23956472E-02  7.15915579E-04
2.13659032E-01  6.42825663E-02  7.19015545E-04
2.13957647E-01  6.35663047E-02  7.15856731E-04
2.14256262E-01  6.36715516E-02  7.19693780E-04
2.14554877E-01  6.30070716E-02  7.11637724E-04
2.14853492E-01  6.38411269E-02  7.17406627E-04
2.15152107E-01  6.38897046E-02  7.16821873E-04
2.15450722E-01  6.43722787E-02  7.26732775E-04
2.15749337E-01  6.41532391E-02  7.20459153E-04
2.16047952E-01  6.45676032E-02  7.20403448E-04
2.16346567E-01  6.43956587E-02  7.19875388E-04
2.16645182E-01  6.53826818E-02  7.21283664E-04
2.16943797E-01  6.34890273E-02  7.14578782E-04
2.17242412E-01  6.33333474E-02  7.18445808E-04
2.17541027E-01  6.40315190E-02  7.11066416E-04
2.17839642E-01  6.39697686E-02  7.22926052E-04
2.18138257E-01  6.32091910E-02  7.05247105E-04
2.18436872E-01  6.38722926E-02  7.16310984E-04
2.18735487E-01  6.27134964E-02  7.06208055E-04
2.19034102E-01  6.30985200E-02  7.08793174E-04
2.19332717E-01  6.28505126E-02  7.12052861E-04
2.19631332E-01  6.12393245E-02  6.99935132E-04
2.19929947E-01  6.14126213E-02  6.98231452E-04
2.20228562E-01  6.05276339E-02  6.90943911E-04
2.20527177E-01  6.06555417E-02  6.95355178E-04
2.20825792E-01  6.03284985E-02  6.94302958E-04
2.21124407E-01  5.94242960E-02  6.87043474E-04
2.21423022E-01  5.84468842E-02  6.80166937E-04
2.21721637E-01  5.64257614E-02  6.66932028E-04
2.22020252E-01  5.80316186E-02  6.76158990E-04
2.22318867E-01  5.68580814E-02  6.73643663E-04
2.22617482E-01  5.63974269E-02  6.63086306E-04
2.22916097E-01  5.50993159E-02  6.64329564E-04
2.23214712E-01  5.35271615E-02  6.48064655E-04
2.23513327E-01  5.45576327E-02  6.58708799E-04
2.23811942E-01  5.39359227E-02  6.51297392E-04
2.24110557E-01  5.10174707E-02  6.30855735E-04
2.24409172E-01  5.09276278E-02  6.35108561E-04
2.24707787E-01  5.02599403E-02  6.24889741E-04
2.25006402E-01  5.05264588E-02  6.33912685E-04
2.25305017E-01  4.89544496E-02  6.12840988E-04
2.25603632E-01  4.76825014E-02  6.13282900E-04
2.25902247E-01  4.82217707E-02  6.17467100E-04
2.26200862E-01  4.60941605E-02  6.00349274E-04
2.26499477E-01  4.67844419E-02  6.02730142E-04
2.26798092E-01  4.55998369E-02  5.98342682E-04
2.27096707E-01  4.41912748E-02  5.88172290E-04
2.27395322E-01  4.47334871E-02  5.94022567E-04
2.27693937E-01  4.44718972E-02  5.84954047E-04
2.27992552E-01  4.40434925E-02  5.84139430E-04
2.28291167E-01  4.29947302E-02  5.76811784E-04
2.28589782E-01  4.21809331E-02  5.75986458E-04
2.28888397E-01  4.30196635E-02  5.79655636E-04
2.29187012E-01  4.29295115E-02  5.74234000E-04
2.29485627E-01  4.16334383E-02  5.67611423E-04
2.29784242E-01  4.12081555E-02  5.67323470E-04
2.30082857E-01  4.15052995E-02  5.65601687E-04
2.30381472E-01  4.14471142E-02  5.64076006E-04
2.30680087E-01  4.08202000E-02  5.61238267E-04
2.30978702E-01  4.05348539E-02  5.59274340E-04
2.31277317E-01  3.98393571E-02  5.55094040E-04
2.31575932E-01  4.05045860E-02  5.59549546E-04
2.31874547E-01  4.24129516E-02  5.68189134E-04
2.32173162E-01  4.03118916E-02  5.56622050E-04
2.32471777E-01  4.03041840E-02  5.57686493E-04
2.32770392E-01  4.04119603E-02  5.56520361E-04
2.33069007E-01  4.02206779E-02  5.54886705E-04
2.33367622E-01  3.96290720E-02  5.48765413E-04
2.33666237E-01  3.96477096E-02  5.53607242E-04
2.33964852E-01  4.01686281E-02  5.52959624E-04
2.34263467E-01  3.99099849E-02  5.51177654E-04
2.34562082E-01  3.94488275E-02  5.49386023E-04
2.34860697E-01  4.09923233E-02  5.59078646E-04
2.35159312E-01  4.04054821E-02  5.55693929E-04
2.35457927E-01  3.96716781E-02  5.47677686E-04
2.35756542E-01  3.96771580E-02  5.45574119E-04
2.36055157E-01  4.01312336E-02  5.53336926E-04
2.36353772E-01  3.98499630E-02  5.50927012E-04
2.36652387E-01  4.06454057E-02  5.59416949E-04
2.36951002E-01  4.12586369E-02  5.53420978E-04
2.37249617E-01  4.07514870E-02  5.58711530E-04
2.37548232E-01  4.15375158E-02  5.61522902E-04
2.37846847E-01  4.05419990E-02  5.52885409E-04
2.38145462E-01  4.05192748E-02  5.52267476E-04
2.38444077E-01  4.19062003E-02  5.57906926E-04
2.38742692E-01  4.10526842E-02  5.61418186E-04
2.39041307E-01  4.07311842E-02  5.54178609E-04
2.39339922E-01  4.17438112E-02  5.59928827E-04
2.39638537E-01  4.07607779E-02  5.53761784E-04
2.39937152E-01  4.28085960E-02  5.65922644E-04
2.40235767E-01  4.23502289E-02  5.66840463E-04
2.40534382E-01  4.23697941E-02  5.63330483E-04
2.40832997E-01  4.21969928E-02  5.60933899E-04
2.41131612E-01  4.17420082E-02  5.60864108E-04
2.41430227E-01  4.26382944E-02  5.62150497E-04
2.41728842E-01  4.23670858E-02  5.66002389E-04
2.42027457E-01  4.28151004E-02  5.61464229E-04
2.42326072E-01  4.24632840E-02  5.61308640E-04
2.42624687E-01  4.25793566E-02  5.67422190E-04
2.42923302E-01  4.43023778E-02  5.75404090E-04
2.43221917E-01  4.41634022E-02  5.69151947E-04
2.43520532E-01  4.51711826E-02  5.77978848E-04
2.43819147E-01  4.42311503E-02  5.72406687E-04
2.44117762E-01  4.38417196E-02  5.72568737E-04
2.44416377E-01  4.48589660E-02  5.80628694E-04
2.44714992E-01  4.56418470E-02  5.77976461E-04
2.45013607E-01  4.47072946E-02  5.78036415E-04
2.45312222E-01  4.50167544E-02  5.76522260E-04
2.45610837E-01  4.66720462E-02  5.88807510E-04
2.45909452E-01  4.51627076E-02  5.73382014E-04
2.46208067E-01  4.57379706E-02  5.81764907E-04
2.46506682E-01  4.61640134E-02  5.83187677E-04
2.46805297E-01  4.44836468E-02  5.77077386E-04
2.47103912E-01  4.63663451E-02  5.81765024E-04
2.47402527E-01  4.62716557E-02  5.81171946E-04
2.47701142E-01  4.54419851E-02  5.79407904E-04
2.47999757E-01  4.64221574E-02  5.85142931E-04
2.48298372E-01  4.55975868E-02  5.83291578E-04
2.48596987E-01  4.61274795E-02  5.75605023E-04
2.48895602E-01  4.61870246E-02  5.80017513E-04
2.49194217E-01  4.53020111E-02  5.75057929E-04
2.49492832E-01  4.55701910E-02  5.77857252E-04
2.49791447E-01  4.63397913E-02  5.84151130E-04
2.50090062E-01  4.55473773E-02  5.75214159E-04
2.50388677E-01  4.55993265E-02  5.79626416E-04
2.50687292E-01  4.55844440E-02  5.77481114E-04
2.50985907E-01  4.46142890E-02  5.68069925E-04
2.51284522E-01  4.42576073E-02  5.69326803E-04
2.51583137E-01  4.36816886E-02  5.61500259E-04
2.51881752E-01  4.45405804E-02  5.69444150E-04
2.52180367E-01  4.31575254E-02  5.60534594E-04
2.52478982E-01  4.27767150E-02  5.56104816E-04
2.52777597E-01  4.25465479E-02  5.55653940E-04
2.53076212E-01  4.22066636E-02  5.53580583E-04
2.53374827E-01  4.12829369E-02  5.49122808E-04
2.53673442E-01  4.14519534E-02  5.43214788E-04
2.53972057E-01  4.01893742E-02  5.39175468E-04
2.54270672E-01  4.04065400E-02  5.40486188E-04
2.54569287E-01  3.94804850E-02  5.36714972E-04
2.54867902E-01  3.98579836E-02  5.36519045E-04
2.55166517E-01  3.93369645E-02  5.29601646E-04
2.55465132E-01  3.85108106E-02  5.26952383E-04
2.55763747E-01  3.79013494E-02  5.23187977E-04
2.56062362E-01  3.82854044E-02  5.25692129E-04
2.56360977E-01  3.79925705E-02  5.20202157E-04
2.56659592E-01  3.70628946E-02  5.12444705E-04
2.56958207E-01  3.65184769E-02  5.12871658E-04
2.57256822E-01  3.61719653E-02  5.09615988E-04
2.57555437E-01  3.46261449E-02  4.96231427E-04
2.57854052E-01  3.53634506E-02  5.02684969E-04
2.58152667E-01  3.40552740E-02  4.95012442E-04
2.58451282E-01  3.45775895E-02  4.98928654E-04
2.58749897E-01  3.40198651E-02  4.90319915E-04
2.59048512E-01  3.42203379E-02  4.92800027E-04
2.59347127E-01  3.41489911E-02  4.92027670E-04
2.59645742E-01  3.30980644E-02  4.86841513E-04
2.59944357E-01  3.31324004E-02  4.87874669E-04
2.60242972E-01  3.27389501E-02  4.78873058E-04
2.60541587E-01  3.26974280E-02  4.82990581E-04
2.60840202E-01  3.30857784E-02  4.84568533E-04
2.61138817E-01  3.27222124E-02  4.83303971E-04
2.61437432E-01  3.19807045E-02  4.76158573E-04
2.61736047E-01  3.08467317E-02  4.65561316E-04
2.62034662E-01  3.10899168E-02  4.69606195E-04
2.62333277E-01  3.13761793E-02  4.71515843E-04
2.62631892E-01  3.16193998E-02  4.70622705E-04
2.62930507E-01  3.17646973E-02  4.71949577E-04
2.63229122E-01  3.08465846E-02  4.65930731E-04
2.63527737E-01  3.16736102E-02  4.75127919E-04
2.63826352E-01  3.06393076E-02  4.63275734E-04
2.64124967E-01  3.02822012E-02  4.60569136E-04
2.64423582E-01  3.05191372E-02  4.62729979E-04
2.64722197E-01  3.09994854E-02  4.64545359E-04
2.65020812E-01  3.07620242E-02  4.67380596E-04
2.65319427E-01  2.95341481E-02  4.51918022E-04
2.65618042E-01  2.96457708E-02  4.57498623E-04
2.65916657E-01  2.98977718E-02  4.57642804E-04
2.66215272E-01  3.05259787E-02  4.61826188E-04
2.66513887E-01  2.98739560E-02  4.57224669E-04
2.66812502E-01  2.96717305E-02  4.52858396E-04
2.67111117E-01  2.98633110E-02  4.57383285E-04
2.67409732E-01  2.97924262E-02  4.55656758E-04
2.67708347E-01  2.92772315E-02  4.52404260E-04
2.68006962E-01  2.97369547E-02  4.55234520E-04
2.68305577E-01  2.83960272E-02  4.43363329E-04
2.68604192E-01  2.89883204E-02  4.49121057E-04
2.68902807E-01  2.90872175E-02  4.49307176E-04
2.69201422E-01  2.92117838E-02  4.48193779E-04
2.69500037E-01  2.88633909E-02  4.47346596E-04
2.69798652E-01  2.81411968E-02  4.41488257E-04
2.70097267E-01  2.91326065E-02  4.52116830E-04
2.70395882E-01  2.83647068E-02  4.39301162E-04
2.70694497E-01  2.92612482E-02  4.49960091E-04
2.70993112E-01  2.90476456E-02  4.49124753E-04
2.71291727E-01  2.83858050E-02  4.43636527E-04
2.71590342E-01  2.96341144E-02  4.54459660E-04
2.71888957E-01  2.79216077E-02  4.35531430E-04
2.72187572E-01  2.83390842E-02  4.41345968E-04
2.72486187E-01  2.82594841E-02  4.41177603E-04
2.72784802E-01  2.82858890E-02  4.42291057E-04
2.73083417E-01  2.91122980E-02  4.44165024E-04
2.73382032E-01  2.95358151E-02  4.49998537E-04
2.73680647E-01  2.82316469E-02  4.41983575E-04
2.73979262E-01  2.84726117E-02  4.41714627E-04
2.74277877E-01  2.89020017E-02  4.43232188E-04
2.74576492E-01  2.91536227E-02  4.45834507E-04
2.74875107E-01  2.77749225E-02  4.36494680E-04
2.75173722E-01  2.85758562E-02  4.43423080E-04
2.75472337E-01  2.82972548E-02  4.36376460E-04
2.75770952E-01  2.90100928E-02  4.46097984E-04
2.76069567E-01  2.76914909E-02  4.31574619E-04
2.76368182E-01  2.91083232E-02  4.48457664E-04
2.76666797E-01  2.86770705E-02  4.43872821E-04
2.76965412E-01  2.84026507E-02  4.36757138E-04
2.77264027E-01  2.78940164E-02  4.36216913E-04
2.77562642E-01  2.86680870E-02  4.38358140E-04
2.77861257E-01  2.83836965E-02  4.41826443E-04
2.78159872E-01  2.82441042E-02  4.34782036E-04
2.78458487E-01  2.84025557E-02  4.37636190E-04
2.78757102E-01  2.87598595E-02  4.43615834E-04
2.79055717E-01  2.93259528E-02  4.45253507E-04
2.79354332E-01  2.83383839E-02  4.37583425E-04
2.79652947E-01  2.85758469E-02  4.39524418E-04
2.79951562E-01  2.82829795E-02  4.33688081E-04
2.80250177E-01  2.90414970E-02  4.45109821E-04
2.80548792E-01  2.88332012E-02  4.40728356E-04
2.80847407E-01  2.97217742E-02  4.45798767E-04
2.81146022E-01  2.90174820E-02  4.42358170E-04
2.81444637E-01  2.96313856E-02  4.48138133E-04
2.81743252E-01  2.95950845E-02  4.45960002E-04
2.82041867E-01  2.97672544E-02  4.43399273E-04
2.82340482E-01  2.95658596E-02  4.45519632E-04
2.82639097E-01  2.93132812E-02  4.43835073E-04
2.82937712E-01  3.03297043E-02  4.50678664E-04
2.83236327E-01  2.94299871E-02  4.43724159E-04
2.83534942E-01  2.98757683E-02  4.44867648E-04
2.83833557E-01  2.93000247E-02  4.43076016E-04
2.84132172E-01  2.92251427E-02  4.41741664E-04
2.84430787E-01  2.97758263E-02  4.48225794E-04
2.84729402E-01  3.01735401E-02  4.45660320E-04
2.85028017E-01  3.00473403E-02  4.47472063E-04
2.85326632E-01  2.92781480E-02  4.44578967E-04
2.85625247E-01  3.02630272E-02  4.44804115E-04
2.85923862E-01  3.02129146E-02  4.48152336E-04
2.86222477E-01  3.05316672E-02  4.50067047E-04
2.86521092E-01  3.02481782E-02  4.48084291E-04
2.86819707E-01  2.99246982E-02  4.48791950E-04
2.87118322E-01  2.94257309E-02  4.38506744E-04
2.87416937E-01  3.05374470E-02  4.48789040E-04
2.87715552E-01  3.02705355E-02  4.46169230E-04
2.88014167E-01  3.05304714E-02  4.51178261E-04
2.88312782E-01  3.02723162E-02  4.48491046E-04
2.88611397E-01  3.05324849E-02  4.45172685E-04
2.88910012E-01  2.98398416E-02  4.45718440E-04
2.89208627E-01  3.03767007E-02  4.47393977E-04
2.89507242E-01  3.06349788E-02  4.48963576E-04
2.89805857E-01  3.05036195E-02  4.46367892E-04
2.90104472E-01  3.06496955E-02  4.46786667E-04
2.90403087E-01  2.97792740E-02  4.45161480E-04
2.90701702E-01  2.97808293E-02  4.41694574E-04
2.91000317E-01  3.07375472E-02  4.47972125E-04
2.91298932E-01  2.97249015E-02  4.41496813E-04
2.91597547E-01  3.05619258E-02  4.48326464E-04
2.91896162E-01  3.06618344E-02  4.48731123E-04
2.92194777E-01  2.95122527E-02  4.38531919E-04
2.92493392E-01  3.08819767E-02  4.49029118E-04
2.92792007E-01  3.01325489E-02  4.44087171E-04
2.93090622E-01  3.05676721E-02  4.47065919E-04
2.93389237E-01  3.07798591E-02  4.48398321E-04
2.93687852E-01  3.08489334E-02  4.45777085E-04
2.93986467E-01  3.01546454E-02  4.43930971E-04
2.94285082E-01  3.00834049E-02  4.41164477E-04
2.94583697E-01  3.10113374E-02  4.51291882E-04
2.94882312E-01  3.08870934E-02  4.47451108E-04
2.95180927E-01  3.06060705E-02  4.42544930E-04
2.95479542E-01  3.06348056E-02  4.46807040E-04
2.95778157E-01  3.01602744E-02  4.41627402E-04
2.96076772E-01  3.10652573E-02  4.48528561E-04
2.96375387E-01  3.03448401E-02  4.42766323E-04
2.96674002E-01  3.05418074E-02  4.43989149E-04
2.96972617E-01  3.11909504E-02  4.51616099E-04
2.97271232E-01  3.04556303E-02  4.46479040E-04
2.97569847E-01  3.02692223E-02  4.45328275E-04
2.97868462E-01  3.03549115E-02  4.47267172E-04
2.98167077E-01  3.05952728E-02  4.51249856E-04
2.98465692E-01  3.07491403E-02  4.55205736E-04
2.98764307E-01  3.01669408E-02  4.46978956E-04
2.99062922E-01  3.08041945E-02  4.54479567E-04
2.99361537E-01  2.99319904E-02  4.49457671E-04
2.99660152E-01  3.01594548E-02  4.51957021E-04
2.99958767E-01  2.95187980E-02  4.47357219E-04
3.00257382E-01  2.93561239E-02  4.47364670E-04
3.00555997E-01  2.95990072E-02  4.48985462E-04
3.00854612E-01  3.05756461E-02  4.55642963E-04
3.01153227E-01  2.95440443E-02  4.50857100E-04
3.01451842E-01  2.93840207E-02  4.47581959E-04
3.01750457E-01  3.02855745E-02  4.59664472E-04
3.02049072E-01  3.01277172E-02  4.55176254E-04
3.02347687E-01  3.02355476E-02  4.65107238E-04
3.02646302E-01  3.00268549E-02  4.69398859E-04
3.02944917E-01  3.01646758E-02  4.70347994E-04
3.03243532E-01  2.98322681E-02  4.76660876E-04
3.03542147E-01  3.00257187E-02  4.79018636E-04
3.03840762E-01  3.04498449E-02  4.82117699E-04
3.04139377E-01  2.99624633E-02  4.84464312E-04
3.04437992E-01  2.94549428E-02  4.76071524E-04
3.04736607E-01  2.93716043E-02  4.83192794E-04
3.05035222E-01  2.95275766E-02  4.80520393E-04
3.05333837E-01  2.92775575E-02  4.81710798E-04
3.05632452E-01  2.99276821E-02  4.90947685E-04
3.05931067E-01  2.96824258E-02  4.86466422E-04
3.06229682E-01  2.93677561E-02  4.89123049E-04
3.06528297E-01  2.87382603E-02  4.79237322E-04
3.06826912E-01  2.89636645E-02  4.87076730E-04
3.07125527E-01  2.92865392E-02  4.90981445E-04
3.07424142E-01  2.97736265E-02  4.94444801E-04
3.07722757E-01  2.91937944E-02  4.93535714E-04
3.08021372E-01  2.86397580E-02  4.84793331E-04
3.08319987E-01  2.93337014E-02  4.86937672E-04
3.08618602E-01  2.86769159E-02  4.76758200E-04
3.08917217E-01  2.95251161E-02  4.76521556E-04
3.09215832E-01  2.82949917E-02  4.70538711E-04
3.09514447E-01  2.92690564E-02  4.71102132E-04
3.09813062E-01  2.98358258E-02  4.76717687E-04
3.10111677E-01  2.85191275E-02  4.63986391E-04
3.10410292E-01  2.93196682E-02  4.64631274E-04
3.10708907E-01  2.90135555E-02  4.66687547E-04
3.11007522E-01  2.90146321E-02  4.60201991E-04
3.11306137E-01  2.87535731E-02  4.63948381E-04
3.11604752E-01  2.85577290E-02  4.56938287E-04
3.11903367E-01  2.79488470E-02  4.51552070E-04
3.12201982E-01  2.86338571E-02  4.56929731E-04
3.12500597E-01  2.81880405E-02  4.49243875E-04
3.12799212E-01  2.85731815E-02  4.56077629E-04
3.13097827E-01  2.90388055E-02  4.56582755E-04
3.13396442E-01  2.76443567E-02  4.44894045E-04
3.13695057E-01  2.81291194E-02  4.51062981E-04
3.13993672E-01  2.83393227E-02  4.48196108E-04
3.14292287E-01  2.87317075E-02  4.52481851E-04
3.14590902E-01  2.84947641E-02  4.49307874E-04
3.14889517E-01  2.79989894E-02  4.45383252E-04
3.15188132E-01  2.85491701E-02  4.52364300E-04
3.15486747E-01  2.81787273E-02  4.43443423E-04
3.15785362E-01  2.84858700E-02  4.48888692E-04
3.16083977E-01  2.81144064E-02  4.42595658E-04
3.16382592E-01  2.78809499E-02  4.43169294E-04
3.16681207E-01  2.88433079E-02  4.48763429E-04
3.16979822E-01  2.86287423E-02  4.46398684E-04
3.17278437E-01  2.88435649E-02  4.49584419E-04
3.17577052E-01  2.75853034E-02  4.38303890E-04
3.17875667E-01  2.76896320E-02  4.45276819E-04
3.18174282E-01  2.79078148E-02  4.51124681E-04
3.18472897E-01  2.77334694E-02  4.56182082E-04
3.18771512E-01  2.75636669E-02  4.53021494E-04
3.19070127E-01  2.82543004E-02  4.62254480E-04
3.19368742E-01  2.81885006E-02  4.62106575E-04
3.19667357E-01  2.75002308E-02  4.56817012E-04
3.19965972E-01  2.69922037E-02  4.53602464E-04
3.20264587E-01  2.73082349E-02  4.58331255E-04
3.20563202E-01  2.85978895E-02  4.68628976E-04
3.20861817E-01  2.79107820E-02  4.63892909E-04
3.21160432E-01  2.69394554E-02  4.54322639E-04
3.21459047E-01  2.73534637E-02  4.62159893E-04
3.21757662E-01  2.73484066E-02  4.59199538E-04
3.22056277E-01  2.82106660E-02  4.66116937E-04
3.22354892E-01  2.81468090E-02  4.69635590E-04
3.22653507E-01  2.82560885E-02  4.69049352E-04
3.22952122E-01  2.74950285E-02  4.66755504E-04
3.23250737E-01  2.77643055E-02  4.60188865E-04
3.23549352E-01  2.82384660E-02  4.69858642E-04
3.23847967E-01  2.70276424E-02  4.61825461E-04
3.24146582E-01  2.76156943E-02  4.65462421E-04
3.24445197E-01  2.82607134E-02  4.71142790E-04
3.24743812E-01  2.74422448E-02  4.63461503E-04
3.25042427E-01  2.74211261E-02  4.68207349E-04
3.25341042E-01  2.78636273E-02  4.66602418E-04
3.25639657E-01  2.78503597E-02  4.69084684E-04
3.25938272E-01  2.68783793E-02  4.62048862E-04
3.26236887E-01  2.77395509E-02  4.65701480E-04
3.26535502E-01  2.80218553E-02  4.75151493E-04
3.26834117E-01  2.75017191E-02  4.65462712E-04
3.27132732E-01  2.65367348E-02  4.59514878E-04
3.27431347E-01  2.65995320E-02  4.60740441E-04
3.27729962E-01  2.73697674E-02  4.65165591E-04
3.28028577E-01  2.77676303E-02  4.76140907E-04
3.28327192E-01  2.63361298E-02  4.52727400E-04
3.28625807E-01  2.67583411E-02  4.63909004E-04
3.28924422E-01  2.67667510E-02  4.63706470E-04
3.29223037E-01  2.73180772E-02  4.66515834E-04
3.29521652E-01  2.79597882E-02  4.72944608E-04
3.29820267E-01  2.69995574E-02  4.63106699E-04
3.30118882E-01  2.74557080E-02  4.72182670E-04
3.30417497E-01  2.75467765E-02  4.70421364E-04
3.30716112E-01  2.86592133E-02  4.76991525E-04
3.31014727E-01  2.71517262E-02  4.65101417E-04
3.31313342E-01  2.70238500E-02  4.62368567E-04
3.31611957E-01  2.72439271E-02  4.69234947E-04
3.31910572E-01  2.78373826E-02  4.70941479E-04
3.32209187E-01  2.79165693E-02  4.69534309E-04
3.32507802E-01  2.60972716E-02  4.59120434E-04
3.32806417E-01  2.74646226E-02  4.64768294E-04
3.33105032E-01  2.67454404E-02  4.62851342E-04
3.33403647E-01  2.67956220E-02  4.60286305E-04
3.33702262E-01  2.74051353E-02  4.65766672E-04
3.34000877E-01  2.75233593E-02  4.66497615E-04
3.34299492E-01  2.70656981E-02  4.64104669E-04
3.34598107E-01  2.75444109E-02  4.68607730E-04
3.34896722E-01  2.77911704E-02  4.66174097E-04
3.35195337E-01  2.73786467E-02  4.63645440E-04
3.35493952E-01  2.80194432E-02  4.71798732E-04
3.35792567E-01  2.67183594E-02  4.59094590E-04
3.36091182E-01  2.74298992E-02  4.65851277E-04
3.36389797E-01  2.72522457E-02  4.61504911E-04
3.36688412E-01  2.71376017E-02  4.63501405E-04
3.36987027E-01  2.61970460E-02  4.52616019E-04
3.37285642E-01  2.78151818E-02  4.68292943E-04
3.37584257E-01  2.68294774E-02  4.60596144E-04
3.37882872E-01  2.83034947E-02  4.70875471E-04
3.38181487E-01  2.72878297E-02  4.64108278E-04
3.38480102E-01  2.70251725E-02  4.54992463E-04
3.38778717E-01  2.68778987E-02  4.59938718E-04
3.39077332E-01  2.75734346E-02  4.63959994E-04
3.39375947E-01  2.75498331E-02  4.63628472E-04
3.39674562E-01  2.72021145E-02  4.63657430E-04
3.39973177E-01  2.77310815E-02  4.63279837E-04
3.40271792E-01  2.71614343E-02  4.61691525E-04
3.40570407E-01  2.71217562E-02  4.60551557E-04
3.40869022E-01  2.81945374E-02  4.66871221E-04
3.41167637E-01  2.70200484E-02  4.58494091E-04
3.41466252E-01  2.66888384E-02  4.52939101E-04
3.41764867E-01  2.73205098E-02  4.63859702E-04
3.42063482E-01  2.75630280E-02  4.62282158E-04
3.42362097E-01  2.72728000E-02  4.57350194E-04
3.42660712E-01  2.75992267E-02  4.64328245E-04
3.42959327E-01  2.73642261E-02  4.57598304E-04
3.43257942E-01  2.82557644E-02  4.69821418E-04
3.43556557E-01  2.68358942E-02  4.54454188E-04
3.43855172E-01  2.70978063E-02  4.56798327E-04
3.44153787E-01  2.68824380E-02  4.54721041E-04
3.44452402E-01  2.60385964E-02  4.47018654E-04
3.44751017E-01  2.76223235E-02  4.61334188E-04
3.45049632E-01  2.75038965E-02  4.55935282E-04
3.45348247E-01  2.72913445E-02  4.58564726E-04
3.45646862E-01  2.72886269E-02  4.56589536E-04
3.45945477E-01  2.79928185E-02  4.62707016E-04
3.46244092E-01  2.70947497E-02  4.49895189E-04
3.46542707E-01  2.74393614E-02  4.53125540E-04
3.46841322E-01  2.75301710E-02  4.57188202E-04
3.47139937E-01  2.77150013E-02  4.57178976E-04
3.47438552E-01  2.72060726E-02  4.49579675E-04
3.47737167E-01  2.70442422E-02  4.51868458E-04
3.48035782E-01  2.75768451E-02  4.52261796E-04
3.48334397E-01  2.71950383E-02  4.52622422E-04
3.48633012E-01  2.70493589E-02  4.45109967E-04
3.48931627E-01  2.72071902E-02  4.49843908E-04
3.49230242E-01  2.75602750E-02  4.54009365E-04
3.49528857E-01  2.76608411E-02  4.53456421E-04
3.49827472E-01  2.77901497E-02  4.55270463E-04
3.50126087E-01  2.70500910E-02  4.44881123E-04
3.50424702E-01  2.76848637E-02  4.54033288E-04
3.50723317E-01  2.76642684E-02  4.51996748E-04
3.51021932E-01  2.81158090E-02  4.57303657E-04
3.51320547E-01  2.75739562E-02  4.50521155E-04
3.51619162E-01  2.69191638E-02  4.44171921E-04
3.51917777E-01  2.75104735E-02  4.50991385E-04
3.52216392E-01  2.70076990E-02  4.45997197E-04
3.52515007E-01  2.81092897E-02  4.52904613E-04
3.52813622E-01  2.80656833E-02  4.52554581E-04
3.53112237E-01  2.78517231E-02  4.55790141E-04
3.53410852E-01  2.80570947E-02  4.56711277E-04
3.53709467E-01  2.84164399E-02  4.50884225E-04
3.54008082E-01  2.81851403E-02  4.53891116E-04
3.54306697E-01  2.75427178E-02  4.48933482E-04
3.54605312E-01  2.72532422E-02  4.48890612E-04
3.54903927E-01  2.77312808E-02  4.54184134E-04
3.55202542E-01  2.74425298E-02  4.42276418E-04
3.55501157E-01  2.81853694E-02  4.55135858E-04
3.55799772E-01  2.82543767E-02  4.53596673E-04
3.56098387E-01  2.85828654E-02  4.57340473E-04
3.56397002E-01  2.79740188E-02  4.52076754E-04
3.56695617E-01  2.75375918E-02  4.43635654E-04
3.56994232E-01  2.76406016E-02  4.52577631E-04
3.57292847E-01  2.77481340E-02  4.46159916E-04
3.57591462E-01  2.75547337E-02  4.47350118E-04
3.57890077E-01  2.74730809E-02  4.45848244E-04
3.58188692E-01  2.79141702E-02  4.47616156E-04
3.58487307E-01  2.79847030E-02  4.54270805E-04
3.58785922E-01  2.78495215E-02  4.45207843E-04
3.59084537E-01  2.77948342E-02  4.49181040E-04
3.59383152E-01  2.84155793E-02  4.52468201E-04
3.59681767E-01  2.81150099E-02  4.50431515E-04
3.59980382E-01  2.81298794E-02  4.54833207E-04
3.60278997E-01  2.68549751E-02  4.35130234E-04
3.60577612E-01  2.85951179E-02  4.55731642E-04
3.60876227E-01  2.77472585E-02  4.47361905E-04
3.61174842E-01  2.74457522E-02  4.42213495E-04
3.61473457E-01  2.69614216E-02  4.38295712E-04
3.61772072E-01  2.66820882E-02  4.37293755E-04
3.62070687E-01  2.82532591E-02  4.52762644E-04
3.62369302E-01  2.88571399E-02  4.54288267E-04
3.62667917E-01  2.73195077E-02  4.41903598E-04
3.62966532E-01  2.73600407E-02  4.40832519E-04
3.63265147E-01  2.80429590E-02  4.47956874E-04
3.63563762E-01  2.84231659E-02  4.51104541E-04
3.63862377E-01  2.70551909E-02  4.38489456E-04
3.64160992E-01  2.74541192E-02  4.42061515E-04
3.64459607E-01  2.84523945E-02  4.50266030E-04
3.64758222E-01  2.80464180E-02  4.47043567E-04
3.65056837E-01  2.84003131E-02  4.50571621E-04
3.65355452E-01  2.76237205E-02  4.40417934E-04
3.65654067E-01  2.76422277E-02  4.44284815E-04
3.65952682E-01  2.72384472E-02  4.37794981E-04
3.66251297E-01  2.75169760E-02  4.44458594E-04
3.66549912E-01  2.74926703E-02  4.40065807E-04
3.66848527E-01  2.75919531E-02  4.38575691E-04
3.67147142E-01  2.72589084E-02  4.42256074E-04
3.67445757E-01  2.74145454E-02  4.38871532E-04
3.67744372E-01  2.81445291E-02  4.45840822E-04
3.68042987E-01  2.73309741E-02  4.38433461E-04
3.68341602E-01  2.69935858E-02  4.35947848E-04
3.68640217E-01  2.73351856E-02  4.40775417E-04
3.68938832E-01  2.69103460E-02  4.31797060E-04
3.69237447E-01  2.84085460E-02  4.47115395E-04
3.69536062E-01  2.75659952E-02  4.38495597E-04
3.69834677E-01  2.75451634E-02  4.40962554E-04
3.70133292E-01  2.84007154E-02  4.49054758E-04
3.70431907E-01  2.80804671E-02  4.40752512E-04
3.70730522E-01  2.77533662E-02  4.41476121E-04
3.71029137E-01  2.83139739E-02  4.43381141E-04
3.71327752E-01  2.78567560E-02  4.41725773E-04
3.71626367E-01  2.78690737E-02  4.41366545E-04
3.71924982E-01  2.82517113E-02  4.44042467E-04
3.72223597E-01  2.78840289E-02  4.43330267E-04
3.72522212E-01  2.76227929E-02  4.36373026E-04
3.72820827E-01  2.78447475E-02  4.40154079E-04
3.73119442E-01  2.76922341E-02  4.39061725E-04
3.73418057E-01  2.79197730E-02  4.38716903E-04
3.73716672E-01  2.73359139E-02  4.39418276E-04
3.74015287E-01  2.86123902E-02  4.42659628E-04
3.74313902E-01  2.68237498E-02  4.30684857E-04
3.74612517E-01  2.70942599E-02  4.33966663E-04
3.74911132E-01  2.81958319E-02  4.42019140E-04
3.75209747E-01  2.77201999E-02  4.38953779E-04
3.75508362E-01  2.78956499E-02  4.37420764E-04
3.75806977E-01  2.82755233E-02  4.41966928E-04
3.76105592E-01  2.78331377E-02  4.38385090E-04
3.76404207E-01  2.77789123E-02  4.38183721E-04
3.76702822E-01  2.78748944E-02  4.37041599E-04
3.77001437E-01  2.79176384E-02  4.37711744E-04
3.77300052E-01  2.79374793E-02  4.40794625E-04
3.77598667E-01  2.78085880E-02  4.38760995E-04
3.77897282E-01  2.74622459E-02  4.32811881E-04
3.78195897E-01  2.92019062E-02  4.45635931E-04
3.78494512E-01  2.76529957E-02  4.36306087E-04
3.78793127E-01  2.79251356E-02  4.37667943E-04
3.79091742E-01  2.80307662E-02  4.37606941E-04
3.79390357E-01  2.75859535E-02  4.33792884E-04
3.79688972E-01  2.74979919E-02  4.33321431E-04
3.79987587E-01  2.74214726E-02  4.31954744E-04
3.80286202E-01  2.80257557E-02  4.37795563E-04
3.80584817E-01  2.73420513E-02  4.32423898E-04
3.80883432E-01  2.86621302E-02  4.40955861E-04
3.81182047E-01  2.82971971E-02  4.39469528E-04
3.81480662E-01  2.81341691E-02  4.38314135E-04
3.81779277E-01  2.80822515E-02  4.34405927E-04
3.82077892E-01  2.77589671E-02  4.35384572E-04
3.82376507E-01  2.80818883E-02  4.36916773E-04
3.82675122E-01  2.76630409E-02  4.34414658E-04
3.82973737E-01  2.84020919E-02  4.38410381E-04
3.83272352E-01  2.89583895E-02  4.39824944E-04
3.83570967E-01  2.77287737E-02  4.34057583E-04
3.83869582E-01  2.79675666E-02  4.34612361E-04
3.84168197E-01  2.82836761E-02  4.37941169E-04
3.84466812E-01  2.83339676E-02  4.36579372E-04
3.84765427E-01  2.79415846E-02  4.33007750E-04
3.85064042E-01  2.88701802E-02  4.43579542E-04
3.85362657E-01  2.77291071E-02  4.31898690E-04
3.85661272E-01  2.78781485E-02  4.30066779E-04
3.85959887E-01  2.78969109E-02  4.34617803E-04
3.86258502E-01  2.81369239E-02  4.33234789E-04
3.86557117E-01  2.80034300E-02  4.37874405E-04
3.86855732E-01  2.80080121E-02  4.31710709E-04
3.87154347E-01  2.81800311E-02  4.32822417E-04
3.87452962E-01  2.77755782E-02  4.33570211E-04
3.87751577E-01  2.80686710E-02  4.30908782E-04
3.88050192E-01  2.81820409E-02  4.36734088E-04
3.88348807E-01  2.82211173E-02  4.30919521E-04
3.88647422E-01  2.80544069E-02  4.33146779E-04
3.88946037E-01  2.90495269E-02  4.39891941E-04
3.89244652E-01  2.83022355E-02  4.35058755E-04
3.89543267E-01  2.73596514E-02  4.27860301E-04
3.89841882E-01  2.86909472E-02  4.34711314E-04
3.90140497E-01  2.82886028E-02  4.35932132E-04
3.90439112E-01  2.73665227E-02  4.27706342E-04
3.90737727E-01  2.89546754E-02  4.35224152E-04
3.91036342E-01  2.85153035E-02  4.37353330E-04
3.91334957E-01  2.79766712E-02  4.28437488E-04
3.91633572E-01  2.81627644E-02  4.33889916E-04
3.91932187E-01  2.77995076E-02  4.26977902E-04
3.92230802E-01  2.79892161E-02  4.29688982E-04
3.92529417E-01  2.71940436E-02  4.26366751E-04
3.92828032E-01  2.79036704E-02  4.27469931E-04
3.93126647E-01  2.78269518E-02  4.28970816E-04
3.93425262E-01  2.81103607E-02  4.29679407E-04
3.93723877E-01  2.77900398E-02  4.29321022E-04
3.94022492E-01  2.79811006E-02  4.30478482E-04
3.94321107E-01  2.90441420E-02  4.36125760E-04
3.94619722E-01  2.78598480E-02  4.27350547E-04
3.94918337E-01  2.78325807E-02  4.26831888E-04
3.95216952E-01  2.82387789E-02  4.31088702E-04
3.95515567E-01  2.76018307E-02  4.26617102E-04
3.95814182E-01  2.80632991E-02  4.26230137E-04
3.96112797E-01  2.82178223E-02  4.30618267E-04
3.96411412E-01  2.84619704E-02  4.31638531E-04
3.96710027E-01  2.77702007E-02  4.26880375E-04
3.97008642E-01  2.81137433E-02  4.27440275E-04
3.97307257E-01  2.75501832E-02  4.23748686E-04
3.97605872E-01  2.75403000E-02  4.24804370E-04
3.97904487E-01  2.91893519E-02  4.38405084E-04
3.98203102E-01  2.77375579E-02  4.22748068E-04
3.98501717E-01  2.79485416E-02  4.25371254E-04
3.98800332E-01  2.81078927E-02  4.27301915E-04
3.99098947E-01  2.77978517E-02  4.25350008E-04
3.99397562E-01  2.85236388E-02  4.32225963E-04
3.99696177E-01  2.88165584E-02  4.32659581E-04
3.99994792E-01  2.82507818E-02  4.27160499E-04
4.00293407E-01  2.83434000E-02  4.29199223E-04
4.00592022E-01  2.79416144E-02  4.24921425E-04
4.00890637E-01  2.76894551E-02  4.22899990E-04
4.01189252E-01  2.72048097E-02  4.18783398E-04
4.01487867E-01  2.78896764E-02  4.25858656E-04
4.01786482E-01  2.76019759E-02  4.23046760E-04
4.02085097E-01  2.80187353E-02  4.22590470E-04
4.02383712E-01  2.88756993E-02  4.34479007E-04
4.02682327E-01  2.77503543E-02  4.20266995E-04
4.02980942E-01  2.72848997E-02  4.20514843E-04
4.03279557E-01  2.73662508E-02  4.19433840E-04
4.03578172E-01  2.76548453E-02  4.19349875E-04
4.03876787E-01  2.85923574E-02  4.30167012E-04
4.04175402E-01  2.75742318E-02  4.19334479E-04
4.04474017E-01  2.79230215E-02  4.24393394E-04
4.04772632E-01  2.70964466E-02  4.15885210E-04
4.05071247E-01  2.77559254E-02  4.21415898E-04
4.05369862E-01  2.91189756E-02  4.35582973E-04
4.05668477E-01  2.75662094E-02  4.16049297E-04
4.05967092E-01  2.72507947E-02  4.17370291E-04
4.06265707E-01  2.78044306E-02  4.20892931E-04
4.06564322E-01  2.75738798E-02  4.18651936E-04
4.06862937E-01  2.82473192E-02  4.27989697E-04
4.07161552E-01  2.80561857E-02  4.20816476E-04
4.07460167E-01  2.75783557E-02  4.20077820E-04
4.07758782E-01  2.75558289E-02  4.16272116E-04
4.08057397E-01  2.66598370E-02  4.11468209E-04
4.08356012E-01  2.72206217E-02  4.17348900E-04
4.08654627E-01  2.75752936E-02  4.16423602E-04
4.08953242E-01  2.78445445E-02  4.22810146E-04
4.09251857E-01  2.67129820E-02  4.10726003E-04
4.09550472E-01  2.78886389E-02  4.19864897E-04
4.09849087E-01  2.70924736E-02  4.14023816E-04
4.10147702E-01  2.77000871E-02  4.16790135E-04
4.10446317E-01  2.75296699E-02  4.19921213E-04
4.10744932E-01  2.67831273E-02  4.11561341E-04
4.11043547E-01  2.72406843E-02  4.11511341E-04
4.11342162E-01  2.66255829E-02  4.10256005E-04
4.11640777E-01  2.69860718E-02  4.13801434E-04
4.11939392E-01  2.65603233E-02  4.10912297E-04
4.12238007E-01  2.69305557E-02  4.09451110E-04
4.12536622E-01  2.69992966E-02  4.12070949E-04
4.12835237E-01  2.62253582E-02  4.04617895E-04
4.13133852E-01  2.65844110E-02  4.08990949E-04
4.13432467E-01  2.69245133E-02  4.11217072E-04
4.13731082E-01  2.69750766E-02  4.10270295E-04
4.14029697E-01  2.63833553E-02  4.07540909E-04
4.14328312E-01  2.68315766E-02  4.09654313E-04
4.14626927E-01  2.70132571E-02  4.12188034E-04
4.14925542E-01  2.60737557E-02  4.01419849E-04
4.15224157E-01  2.59232670E-02  4.03038895E-04
4.15522772E-01  2.61525698E-02  4.05478379E-04
4.15821387E-01  2.62635723E-02  4.03529993E-04
4.16120002E-01  2.59872563E-02  4.02142701E-04
4.16418617E-01  2.56957933E-02  4.00714896E-04
4.16717232E-01  2.60992404E-02  4.03104117E-04
4.17015847E-01  2.62499209E-02  4.05673403E-04
4.17314462E-01  2.55547538E-02  3.95071635E-04
4.17613077E-01  2.62052994E-02  4.04020015E-04
4.17911692E-01  2.60310899E-02  4.01381840E-04
4.18210307E-01  2.64693983E-02  4.07655927E-04
4.18508922E-01  2.56988090E-02  3.97631491E-04
4.18807537E-01  2.49351505E-02  3.91769718E-04
4.19106152E-01  2.55023688E-02  3.98571836E-04
4.19404767E-01  2.60955840E-02  4.02903504E-04
4.19703382E-01  2.59692911E-02  3.98726203E-04
4.20001997E-01  2.55955663E-02  3.97655764E-04
4.20300612E-01  2.52379626E-02  3.93431721E-04
4.20599227E-01  2.54963934E-02  3.98624514E-04
4.20897842E-01  2.59090345E-02  3.99357436E-04
4.21196457E-01  2.55233385E-02  3.95295210E-04
4.21495072E-01  2.60541439E-02  4.01117897E-04
4.21793687E-01  2.50908341E-02  3.92379705E-04
4.22092302E-01  2.57213823E-02  3.99465847E-04
4.22390917E-01  2.52337679E-02  3.89969471E-04
4.22689532E-01  2.54832972E-02  3.97159718E-04
4.22988147E-01  2.50565801E-02  3.91318026E-04
4.23286762E-01  2.50945892E-02  3.94031667E-04
4.23585377E-01  2.49497332E-02  3.90220841E-04
4.23883992E-01  2.47272477E-02  3.87690641E-04
4.24182607E-01  2.54311301E-02  3.93348513E-04
4.24481222E-01  2.51057670E-02  3.93046008E-04
4.24779837E-01  2.54882611E-02  3.94326518E-04
4.25078452E-01  2.49732789E-02  3.88833432E-04
4.25377067E-01  2.49203164E-02  3.91150621E-04
4.25675682E-01  2.53504962E-02  3.91586451E-04
4.25974297E-01  2.49504577E-02  3.91479087E-04
4.26272912E-01  2.49773581E-02  3.87397216E-04
4.26571527E-01  2.48586964E-02  3.90761474E-04
4.26870142E-01  2.52371226E-02  3.90628207E-04
4.27168757E-01  2.46312935E-02  3.86518892E-04
4.27467372E-01  2.54667252E-02  3.91703070E-04
4.27765987E-01  2.46919934E-02  3.88045155E-04
4.28064602E-01  2.44578943E-02  3.84556188E-04
4.28363217E-01  2.47726012E-02  3.88067972E-04
4.28661832E-01  2.48888806E-02  3.88367596E-04
4.28960447E-01  2.41405461E-02  3.81886523E-04
4.29259062E-01  2.42568459E-02  3.82293976E-04
4.29557677E-01  2.41952837E-02  3.82322149E-04
4.29856292E-01  2.41412725E-02  3.80283658E-04
4.30154907E-01  2.49590613E-02  3.87533160E-04
4.30453522E-01  2.42900364E-02  3.83675739E-04
4.30752137E-01  2.40743961E-02  3.81030841E-04
4.31050752E-01  2.44748592E-02  3.82653292E-04
4.31349367E-01  2.48142723E-02  3.85983585E-04
4.31647982E-01  2.43665110E-02  3.82316794E-04
4.31946597E-01  2.38168035E-02  3.80012381E-04
4.32245212E-01  2.46683247E-02  3.83574195E-04
4.32543827E-01  2.42167041E-02  3.81993537E-04
4.32842442E-01  2.43255664E-02  3.85006162E-04
4.33141057E-01  2.41691321E-02  3.79593839E-04
4.33439672E-01  2.33957339E-02  3.75886593E-04
4.33738287E-01  2.46711057E-02  3.83942504E-04
4.34036902E-01  2.41643507E-02  3.81928723E-04
4.34335517E-01  2.40985993E-02  3.80984682E-04
4.34634132E-01  2.42975280E-02  3.82982689E-04
4.34932747E-01  2.41400674E-02  3.79793724E-04
4.35231362E-01  2.39270274E-02  3.78366822E-04
4.35529977E-01  2.39955522E-02  3.81025835E-04
4.35828592E-01  2.44333893E-02  3.83886305E-04
4.36127207E-01  2.42306143E-02  3.80090991E-04
4.36425822E-01  2.40175165E-02  3.79087462E-04
4.36724437E-01  2.42461618E-02  3.81227059E-04
4.37023052E-01  2.38239300E-02  3.78062367E-04
4.37321667E-01  2.41689049E-02  3.78610945E-04
4.37620282E-01  2.39527822E-02  3.79677105E-04
4.37918897E-01  2.32998133E-02  3.73718998E-04
4.38217512E-01  2.44478006E-02  3.83497856E-04
4.38516127E-01  2.40755267E-02  3.78217053E-04
4.38814742E-01  2.34639626E-02  3.71508999E-04
4.39113357E-01  2.37709843E-02  3.77317192E-04
4.39411972E-01  2.46536713E-02  3.84090003E-04
4.39710587E-01  2.40313653E-02  3.77709744E-04
4.40009202E-01  2.33750921E-02  3.73917719E-04
4.40307817E-01  2.45258715E-02  3.79664736E-04
4.40606432E-01  2.36087330E-02  3.75784701E-04
4.40905047E-01  2.36700289E-02  3.75195203E-04
4.41203662E-01  2.37814207E-02  3.73781280E-04
4.41502277E-01  2.34031808E-02  3.72749084E-04
4.41800892E-01  2.38405839E-02  3.75640258E-04
4.42099507E-01  2.36054584E-02  3.74030729E-04
4.42398122E-01  2.37472989E-02  3.74170457E-04
4.42696737E-01  2.38404311E-02  3.74986761E-04
4.42995352E-01  2.40992084E-02  3.77843797E-04
4.43293967E-01  2.36775298E-02  3.75597301E-04
4.43592582E-01  2.40398515E-02  3.78545112E-04
4.43891197E-01  2.39739027E-02  3.74409457E-04
4.44189812E-01  2.38610096E-02  3.76804965E-04
4.44488427E-01  2.31135506E-02  3.69073532E-04
4.44787042E-01  2.30608303E-02  3.70028632E-04
4.45085657E-01  2.38741636E-02  3.75100004E-04
4.45384272E-01  2.39297561E-02  3.76112730E-04
4.45682887E-01  2.38741245E-02  3.78335273E-04
4.45981502E-01  2.38815658E-02  3.74754018E-04
4.46280117E-01  2.40275245E-02  3.76719894E-04
4.46578732E-01  2.33909618E-02  3.71941685E-04
4.46877347E-01  2.36915033E-02  3.75064701E-04
4.47175962E-01  2.37699728E-02  3.79458390E-04
4.47474577E-01  2.36545652E-02  3.72247508E-04
4.47773192E-01  2.46149432E-02  3.81638500E-04
4.48071807E-01  2.40115952E-02  3.76933720E-04
4.48370422E-01  2.32982989E-02  3.72355978E-04
4.48669037E-01  2.35962737E-02  3.73744464E-04
4.48967652E-01  2.40292381E-02  3.76746757E-04
4.49266267E-01  2.33253576E-02  3.72740848E-04
4.49564882E-01  2.31672786E-02  3.71641014E-04
4.49863497E-01  2.36783754E-02  3.74154217E-04
4.50162112E-01  2.40777396E-02  3.78625729E-04
4.50460727E-01  2.31414456E-02  3.71274364E-04
4.50759342E-01  2.44688410E-02  3.81859776E-04
4.51057957E-01  2.37981975E-02  3.76094540E-04
4.51356572E-01  2.34531816E-02  3.70920112E-04
4.51655187E-01  2.29329970E-02  3.70176043E-04
4.51953802E-01  2.34322064E-02  3.72786046E-04
4.52252417E-01  2.37957034E-02  3.79434292E-04
4.52551032E-01  2.34053470E-02  3.71841481E-04
4.52849647E-01  2.34311912E-02  3.72864306E-04
4.53148262E-01  2.40069292E-02  3.77418910E-04
4.53446877E-01  2.40492504E-02  3.77338903E-04
4.53745492E-01  2.34892704E-02  3.73741204E-04
4.54044107E-01  2.35112328E-02  3.74660187E-04
4.54342722E-01  2.36472394E-02  3.75164003E-04
4.54641337E-01  2.36444529E-02  3.75972450E-04
4.54939952E-01  2.30331942E-02  3.69775662E-04
4.55238567E-01  2.31809188E-02  3.70716822E-04
4.55537182E-01  2.33985968E-02  3.75014119E-04
4.55835797E-01  2.32625864E-02  3.72930052E-04
4.56134412E-01  2.37643458E-02  3.75935313E-04
4.56433027E-01  2.35845037E-02  3.74924421E-04
4.56731642E-01  2.34023836E-02  3.72736395E-04
4.57030257E-01  2.38404609E-02  3.77706951E-04
4.57328872E-01  2.31950711E-02  3.71656730E-04
4.57627487E-01  2.39304695E-02  3.77337681E-04
4.57926102E-01  2.38014571E-02  3.76569515E-04
4.58224717E-01  2.35987436E-02  3.76293669E-04
4.58523332E-01  2.26857997E-02  3.67722096E-04
4.58821947E-01  2.28902102E-02  3.67196364E-04
4.59120562E-01  2.35677827E-02  3.76134849E-04
4.59419177E-01  2.34210994E-02  3.74797586E-04
4.59717792E-01  2.38365512E-02  3.78024764E-04
4.60016407E-01  2.35660095E-02  3.74630414E-04
4.60315022E-01  2.31434237E-02  3.70686437E-04
4.60613637E-01  2.33759843E-02  3.74027702E-04
4.60912252E-01  2.33955514E-02  3.75351170E-04
4.61210867E-01  2.36844197E-02  3.75659321E-04
4.61509482E-01  2.36077923E-02  3.79000237E-04
4.61808097E-01  2.40498856E-02  3.91171430E-04
4.62106712E-01  2.32032780E-02  3.85864754E-04
4.62405327E-01  2.35710237E-02  3.92469025E-04
4.62703942E-01  2.33774651E-02  3.90384230E-04
4.63002557E-01  2.42295414E-02  4.04726103E-04
4.63301172E-01  2.31206864E-02  3.96749936E-04
4.63599787E-01  2.40355581E-02  4.06681967E-04
4.63898402E-01  2.30635796E-02  4.00213990E-04
4.64197017E-01  2.39169300E-02  4.08076943E-04
4.64495632E-01  2.34384052E-02  4.09065280E-04
4.64794247E-01  2.37423107E-02  4.12364461E-04
4.65092862E-01  2.43638102E-02  4.15641232E-04
4.65391477E-01  2.31217407E-02  4.10992303E-04
4.65690092E-01  2.28903927E-02  4.08822205E-04
4.65988707E-01  2.29589213E-02  4.13021102E-04
4.66287322E-01  2.36742981E-02  4.19754419E-04
4.66585937E-01  2.40922403E-02  4.23912221E-04
4.66884552E-01  2.33236440E-02  4.22255485E-04
4.67183167E-01  2.35079899E-02  4.25732491E-04
4.67481782E-01  2.40607839E-02  4.25405073E-04
4.67780397E-01  2.39991657E-02  4.30898741E-04
4.68079012E-01  2.34174896E-02  4.27116000E-04
4.68377627E-01  2.32730750E-02  4.28274332E-04
4.68676242E-01  2.34377664E-02  4.30794695E-04
4.68974857E-01  2.31291503E-02  4.27950843E-04
4.69273472E-01  2.31677368E-02  4.32381406E-04
4.69572087E-01  2.46026963E-02  4.44248348E-04
4.69870702E-01  2.30537131E-02  4.31835593E-04
4.70169317E-01  2.31192391E-02  4.34667396E-04
4.70467932E-01  2.28647906E-02  4.33188252E-04
4.70766547E-01  2.29698401E-02  4.38736199E-04
4.71065162E-01  2.36341711E-02  4.44899459E-04
4.71363777E-01  2.30356250E-02  4.36268281E-04
4.71662392E-01  2.36702990E-02  4.47326631E-04
4.71961007E-01  2.29262318E-02  4.41624637E-04
4.72259622E-01  2.32199859E-02  4.47698665E-04
4.72558237E-01  2.21370552E-02  4.34645161E-04
4.72856852E-01  2.30906364E-02  4.37467039E-04
4.73155467E-01  2.26524416E-02  4.30014916E-04
4.73454082E-01  2.33617816E-02  4.31517139E-04
4.73752697E-01  2.37438437E-02  4.28391097E-04
4.74051312E-01  2.37247981E-02  4.28466097E-04
4.74349927E-01  2.37796288E-02  4.26407525E-04
4.74648542E-01  2.37626843E-02  4.26377956E-04
4.74947157E-01  2.35714130E-02  4.20516008E-04
4.75245772E-01  2.35681590E-02  4.19790478E-04
4.75544387E-01  2.37753987E-02  4.20819997E-04
4.75843002E-01  2.28035264E-02  4.13042289E-04
4.76141617E-01  2.27230247E-02  4.08711290E-04
4.76440232E-01  2.43464131E-02  4.23175981E-04
4.76738847E-01  2.38632783E-02  4.17371368E-04
4.77037462E-01  2.36335061E-02  4.15583345E-04
4.77336077E-01  2.32152343E-02  4.12784575E-04
4.77634692E-01  2.30519958E-02  4.07696702E-04
4.77933307E-01  2.32728850E-02  4.10194392E-04
4.78231922E-01  2.33474169E-02  4.08348889E-04
4.78530537E-01  2.38439180E-02  4.16650553E-04
4.78829152E-01  2.32187938E-02  4.04985796E-04
4.79127767E-01  2.37191617E-02  4.10725246E-04
4.79426382E-01  2.36247275E-02  4.12191584E-04
4.79724997E-01  2.28501540E-02  4.03559301E-04
4.80023612E-01  2.36149766E-02  4.09289525E-04
4.80322227E-01  2.33201049E-02  4.05031431E-04
4.80620842E-01  2.36383993E-02  4.09818604E-04
4.80919457E-01  2.37446520E-02  4.09451430E-04
4.81218072E-01  2.33289748E-02  4.05430153E-04
4.81516687E-01  2.29973495E-02  4.03276121E-04
4.81815302E-01  2.40193978E-02  4.08106192E-04
4.82113917E-01  2.36323643E-02  4.09345026E-04
4.82412532E-01  2.43681110E-02  4.12545050E-04
4.82711147E-01  2.36733258E-02  4.05576895E-04
4.83009762E-01  2.37801541E-02  4.07646497E-04
4.83308377E-01  2.27633677E-02  3.99664976E-04
4.83606992E-01  2.36600433E-02  4.05052211E-04
4.83905607E-01  2.36602239E-02  4.06307605E-04
4.84204222E-01  2.29884945E-02  3.98551201E-04
4.84502837E-01  2.31041871E-02  4.02131351E-04
4.84801452E-01  2.33746525E-02  4.02712089E-04
4.85100067E-01  2.32930817E-02  3.99355602E-04
4.85398682E-01  2.41788402E-02  4.09164903E-04
4.85697297E-01  2.33934391E-02  4.02260368E-04
4.85995912E-01  2.33103670E-02  4.02681704E-04
4.86294527E-01  2.35129911E-02  4.01243218E-04
4.86593142E-01  2.36896183E-02  4.03670012E-04
4.86891757E-01  2.40836013E-02  4.07845306E-04
4.87190372E-01  2.40915846E-02  4.08331951E-04
4.87488987E-01  2.34674793E-02  3.99247714E-04
4.87787602E-01  2.36680843E-02  4.04007529E-04
4.88086217E-01  2.35436205E-02  4.01007623E-04
4.88384832E-01  2.40561552E-02  4.06275154E-04
4.88683447E-01  2.36549042E-02  4.03900282E-04
4.88982062E-01  2.41010785E-02  4.05017257E-04
4.89280677E-01  2.35674325E-02  4.03053535E-04
4.89579292E-01  2.41169184E-02  4.05971892E-04
4.89877907E-01  2.39131972E-02  4.03745624E-04
4.90176522E-01  2.30066925E-02  3.95026524E-04
4.90475137E-01  2.30779499E-02  3.96835414E-04
4.90773752E-01  2.26208344E-02  3.92590329E-04
4.91072367E-01  2.32128929E-02  3.98097822E-04
4.91370982E-01  2.32818108E-02  3.97587777E-04
4.91669597E-01  2.29280405E-02  3.95252311E-04
4.91968212E-01  2.36641038E-02  4.02359961E-04
4.92266827E-01  2.36592032E-02  4.01812256E-04
4.92565442E-01  2.34469213E-02  3.97805619E-04
4.92864057E-01  2.40757577E-02  4.04420454E-04
4.93162672E-01  2.35405285E-02  4.00606426E-04
4.93461287E-01  2.35270988E-02  4.00493882E-04
4.93759902E-01  2.27982607E-02  3.91102018E-04
4.94058517E-01  2.34353114E-02  3.98412260E-04
4.94357132E-01  2.30519213E-02  3.94352537E-04
4.94655747E-01  2.33319085E-02  3.99845041E-04
4.94954362E-01  2.30564643E-02  3.92539310E-04
4.95252977E-01  2.30675861E-02  3.95083276E-04
4.95551592E-01  2.38402057E-02  4.02857957E-04
4.95850207E-01  2.33206898E-02  3.97845841E-04
4.96148822E-01  2.33038254E-02  3.95036855E-04
4.96447437E-01  2.34505031E-02  3.98555363E-04
4.96746052E-01  2.32472941E-02  3.96132848E-04
4.97044667E-01  2.34573316E-02  4.00526769E-04
4.97343282E-01  2.35645194E-02  3.96560732E-04
4.97641897E-01  2.37147640E-02  3.97237221E-04
4.97940512E-01  2.28992123E-02  3.94345378E-04
4.98239127E-01  2.34544240E-02  3.97704018E-04
4.98537742E-01  2.26818919E-02  3.91883397E-04
4.98836357E-01  2.33647320E-02  3.95275012E-04
4.99134972E-01  2.31515728E-02  3.95133276E-04
4.99433587E-01  2.33589504E-02  3.98093252E-04
4.99732202E-01  2.28982829E-02  3.91896290E-04
5.00030817E-01  2.32901350E-02  3.94748058E-04
5.00329432E-01  2.36817822E-02  3.99042998E-04
5.00628047E-01  2.35004425E-02  3.97514028E-04
5.00926662E-01  2.36312859E-02  4.00818244E-04
5.01225277E-01  2.35245898E-02  3.95273586E-04
5.01523892E-01  2.38987226E-02  3.98699864E-04
5.01822507E-01  2.36945748E-02  3.98862379E-04
5.02121122E-01  2.29647830E-02  3.93553491E-04
5.02419737E-01  2.38059089E-02  4.00000485E-04
5.02718352E-01  2.38496363E-02  4.00170684E-04
5.03016967E-01  2.31534801E-02  3.94191040E-04
5.03315582E-01  2.29770523E-02  3.93763767E-04
5.03614197E-01  2.26229411E-02  3.87638371E-04
5.03912812E-01  2.34194547E-02  3.96257470E-04
5.04211427E-01  2.37428769E-02  3.98099306E-04
5.04510042E-01  2.38702372E-02  4.01251309E-04
5.04808657E-01  2.40695402E-02  3.99552897E-04
5.05107272E-01  2.44783890E-02  4.05224710E-04
5.05405887E-01  2.34140866E-02  3.94756527E-04
5.05704502E-01  2.34524403E-02  3.98128555E-04
5.06003117E-01  2.31643040E-02  3.93520750E-04
5.06301732E-01  2.36291885E-02  3.97255470E-04
5.06600347E-01  2.37938538E-02  3.97171476E-04
5.06898962E-01  2.36561894E-02  3.98668373E-04
5.07197577E-01  2.32699253E-02  3.96288408E-04
5.07496192E-01  2.33276784E-02  3.92020273E-04
5.07794807E-01  2.30869390E-02  3.95125069E-04
5.08093422E-01  2.30019670E-02  3.91668262E-04
5.08392037E-01  2.32137479E-02  3.94246948E-04
5.08690652E-01  2.35601012E-02  3.95034673E-04
5.08989267E-01  2.33493950E-02  3.94620438E-04
5.09287882E-01  2.26119254E-02  3.89687048E-04
5.09586497E-01  2.35200468E-02  3.95868381E-04
5.09885112E-01  2.34589558E-02  3.95064068E-04
5.10183727E-01  2.34236028E-02  3.95254145E-04
5.10482342E-01  2.34447606E-02  3.94657138E-04
5.10780957E-01  2.37376131E-02  3.98291071E-04
5.11079572E-01  2.36843564E-02  3.97062278E-04
5.11378187E-01  2.31101494E-02  3.92317801E-04
5.11676802E-01  2.34228671E-02  3.97913274E-04
5.11975417E-01  2.31252424E-02  3.91391484E-04
5.12274032E-01  2.37582941E-02  3.97298107E-04
5.12572647E-01  2.31215302E-02  3.92228510E-04
5.12871262E-01  2.34699249E-02  3.94689501E-04
5.13169877E-01  2.34586317E-02  3.97432712E-04
5.13468492E-01  2.32273601E-02  3.90831468E-04
5.13767107E-01  2.34047379E-02  3.93760332E-04
5.14065722E-01  2.31871158E-02  3.94249742E-04
5.14364337E-01  2.35080291E-02  3.96284071E-04
5.14662952E-01  2.36038007E-02  3.96213203E-04
5.14961567E-01  2.36177184E-02  3.95168405E-04
5.15260182E-01  2.28611138E-02  3.91088368E-04
5.15558797E-01  2.29699798E-02  3.90670757E-04
5.15857412E-01  2.31553577E-02  3.91957321E-04
5.16156027E-01  2.33781356E-02  3.94711766E-04
5.16454642E-01  2.31812540E-02  3.93241644E-04
5.16753257E-01  2.29748394E-02  3.90527566E-04
5.17051872E-01  2.29292754E-02  3.91681679E-04
5.17350487E-01  2.41211373E-02  3.98982724E-04
5.17649102E-01  2.36011837E-02  3.95723502E-04
5.17947717E-01  2.26347260E-02  3.87158856E-04
5.18246332E-01  2.29401160E-02  3.90050060E-04
5.18544947E-01  2.35012043E-02  3.96056479E-04
5.18843562E-01  2.34894436E-02  3.96252348E-04
5.19142177E-01  2.33923160E-02  3.93495662E-04
5.19440792E-01  2.34340280E-02  3.93751892E-04
5.19739407E-01  2.30625179E-02  3.91002453E-04
5.20038022E-01  2.26146821E-02  3.89099499E-04
5.20336637E-01  2.41714362E-02  4.00198129E-04
5.20635252E-01  2.40671150E-02  3.99237731E-04
5.20933867E-01  2.32802760E-02  3.92947550E-04
5.21232482E-01  2.25884244E-02  3.86593165E-04
5.21531097E-01  2.31801253E-02  3.93165945E-04
5.21829712E-01  2.37454288E-02  3.97639320E-04
5.22128327E-01  2.29653660E-02  3.90479370E-04
5.22426942E-01  2.30364129E-02  3.89275228E-04
5.22725557E-01  2.39770673E-02  3.99285200E-04
5.23024172E-01  2.33535841E-02  3.93289549E-04
5.23322787E-01  2.29714457E-02  3.90921923E-04
5.23621402E-01  2.27844082E-02  3.88470915E-04
5.23920017E-01  2.33606007E-02  3.95488198E-04
5.24218632E-01  2.33779754E-02  3.92256741E-04
5.24517247E-01  2.38942914E-02  3.97631142E-04
5.24815862E-01  2.34826058E-02  3.95743031E-04
5.25114477E-01  2.32584644E-02  3.92021349E-04
5.25413092E-01  2.34391503E-02  3.94506817E-04
5.25711707E-01  2.35120524E-02  3.95509822E-04
5.26010322E-01  2.38071103E-02  3.95851617E-04
5.26308937E-01  2.37252712E-02  3.96524178E-04
5.26607552E-01  2.29123831E-02  3.89578490E-04
5.26906167E-01  2.36215126E-02  3.95176583E-04
5.27204782E-01  2.28360947E-02  3.90946487E-04
5.27503397E-01  2.34495811E-02  3.94124538E-04
5.27802012E-01  2.31895521E-02  3.92030983E-04
5.28100627E-01  2.36451924E-02  3.96740332E-04
5.28399242E-01  2.27739289E-02  3.85777210E-04
5.28697857E-01  2.29593888E-02  3.90660163E-04
5.28996472E-01  2.30200887E-02  3.90507688E-04
5.29295087E-01  2.32524369E-02  3.93826369E-04
5.29593702E-01  2.26424783E-02  3.86163330E-04
5.29892317E-01  2.29076184E-02  3.89272464E-04
5.30190932E-01  2.33713314E-02  3.94934759E-04
5.30489547E-01  2.31158547E-02  3.91232606E-04
5.30788162E-01  2.31908914E-02  3.91104666E-04
5.31086777E-01  2.27059461E-02  3.88036628E-04
5.31385392E-01  2.30047312E-02  3.88684392E-04
5.31684007E-01  2.32482832E-02  3.92743357E-04
5.31982622E-01  2.33962759E-02  3.93896771E-04
5.32281237E-01  2.29011700E-02  3.89613182E-04
5.32579852E-01  2.31597070E-02  3.92481015E-04
5.32878467E-01  2.38245632E-02  3.97296826E-04
5.33177082E-01  2.32200045E-02  3.92995338E-04
5.33475697E-01  2.31957994E-02  3.90024448E-04
5.33774312E-01  2.32581832E-02  3.92072281E-04
5.34072927E-01  2.34551150E-02  3.96350573E-04
5.34371542E-01  2.26325393E-02  3.85545514E-04
5.34670157E-01  2.38145217E-02  3.94721836E-04
5.34968772E-01  2.24249698E-02  3.86694912E-04
5.35267387E-01  2.33452097E-02  3.92814429E-04
5.35566002E-01  2.34607626E-02  3.95431067E-04
5.35864617E-01  2.25044731E-02  3.84369079E-04
5.36163232E-01  2.31927708E-02  3.92590620E-04
5.36461847E-01  2.26832815E-02  3.87875916E-04
5.36760462E-01  2.34802756E-02  3.93862370E-04
5.37059077E-01  2.28277612E-02  3.87691631E-04
5.37357692E-01  2.39455774E-02  3.99704091E-04
5.37656307E-01  2.32823044E-02  3.90871632E-04
5.37954922E-01  2.33733021E-02  3.96271527E-04
5.38253537E-01  2.34467462E-02  3.89805820E-04
5.38552152E-01  2.34437566E-02  3.93471273E-04
5.38850767E-01  2.26364918E-02  3.87870532E-04
5.39149382E-01  2.36235783E-02  3.96433490E-04
5.39447997E-01  2.32397001E-02  3.91760725E-04
5.39746612E-01  2.26369556E-02  3.87310341E-04
5.40045227E-01  2.24677697E-02  3.84640880E-04
5.40343842E-01  2.23404691E-02  3.85524472E-04
5.40642457E-01  2.29185112E-02  3.88672721E-04
5.40941072E-01  2.32820883E-02  3.91364680E-04
5.41239687E-01  2.32451949E-02  3.95008945E-04
5.41538302E-01  2.29491834E-02  3.89697554E-04
5.41836917E-01  2.28980426E-02  3.88885208E-04
5.42135532E-01  2.29677781E-02  3.86847183E-04
5.42434147E-01  2.31549926E-02  3.91446752E-04
5.42732762E-01  2.40572765E-02  4.00177232E-04
5.43031377E-01  2.30665542E-02  3.93110124E-04
5.43329992E-01  2.26581451E-02  3.84423067E-04
5.43628607E-01  2.36588400E-02  3.95690324E-04
5.43927222E-01  2.40619741E-02  3.99537414E-04
5.44225837E-01  2.30943710E-02  3.91711423E-04
5.44524452E-01  2.30085403E-02  3.88139801E-04
5.44823067E-01  2.32702978E-02  3.92723159E-04
5.45121682E-01  2.27509160E-02  3.87843553E-04
5.45420297E-01  2.31241323E-02  3.91204638E-04
5.45718912E-01  2.22897995E-02  3.83056380E-04
5.46017527E-01  2.36375723E-02  3.95334617E-04
5.46316142E-01  2.32589301E-02  3.91584472E-04
5.46614757E-01  2.36373283E-02  3.97280062E-04
5.46913372E-01  2.32759397E-02  3.90215282E-04
5.47211987E-01  2.28429530E-02  3.88735294E-04
5.47510602E-01  2.29215194E-02  3.90072295E-04
5.47809217E-01  2.27215625E-02  3.86949745E-04
5.48107832E-01  2.33757012E-02  3.94502043E-04
5.48406447E-01  2.31596958E-02  3.90856585E-04
5.48705062E-01  2.34218854E-02  3.92111368E-04
5.49003677E-01  2.30648797E-02  3.92455142E-04
5.49302292E-01  2.41013337E-02  3.96706251E-04
5.49600907E-01  2.35502683E-02  3.95593379E-04
5.49899522E-01  2.29456853E-02  3.89245542E-04
5.50198137E-01  2.33266391E-02  3.93617956E-04
5.50496752E-01  2.35240962E-02  3.93932918E-04
5.50795367E-01  2.34628711E-02  3.92467657E-04
5.51093982E-01  2.28566024E-02  3.88686254E-04
5.51392597E-01  2.35051271E-02  3.95225623E-04
5.51691212E-01  2.28962507E-02  3.88742657E-04
5.51989827E-01  2.33093873E-02  3.92045185E-04
5.52288442E-01  2.25668587E-02  3.83981154E-04
5.52587057E-01  2.32645608E-02  3.91291251E-04
5.52885672E-01  2.33401097E-02  3.92118469E-04
5.53184287E-01  2.30706185E-02  3.88249027E-04
5.53482902E-01  2.30394900E-02  3.88551358E-04
5.53781517E-01  2.26533953E-02  3.86124972E-04
5.54080132E-01  2.43293662E-02  3.99864250E-04
5.54378747E-01  2.32884046E-02  3.88032291E-04
5.54677362E-01  2.25273035E-02  3.83474719E-04
5.54975977E-01  2.29630768E-02  3.88479966E-04
5.55274592E-01  2.31133327E-02  3.88527958E-04
5.55573207E-01  2.33278964E-02  3.86073196E-04
5.55871822E-01  2.30386816E-02  3.86509375E-04
5.56170437E-01  2.32064389E-02  3.88940796E-04
5.56469052E-01  2.30731145E-02  3.88291024E-04
5.56767667E-01  2.31479891E-02  3.86875967E-04
5.57066282E-01  2.32146718E-02  3.87990440E-04
5.57364897E-01  2.25475673E-02  3.79661855E-04
5.57663512E-01  2.29054224E-02  3.85033054E-04
5.57962127E-01  2.30749920E-02  3.85172112E-04
5.58260742E-01  2.31232215E-02  3.83579929E-04
5.58559357E-01  2.28144079E-02  3.85193911E-04
5.58857972E-01  2.29307134E-02  3.85621679E-04
5.59156587E-01  2.32957136E-02  3.85013671E-04
5.59455202E-01  2.28257123E-02  3.83368315E-04
5.59753817E-01  2.39505526E-02  3.90850415E-04
5.60052432E-01  2.27998123E-02  3.82609665E-04
5.60351047E-01  2.33926065E-02  3.86456726E-04
5.60649662E-01  2.24596206E-02  3.77166463E-04
5.60948277E-01  2.37774998E-02  3.88803717E-04
5.61246892E-01  2.32418943E-02  3.85124877E-04
5.61545507E-01  2.36093886E-02  3.87612497E-04
5.61844122E-01  2.30149422E-02  3.80477257E-04
5.62142737E-01  2.26620417E-02  3.80834332E-04
5.62441352E-01  2.34942809E-02  3.85048683E-04
5.62739967E-01  2.31062658E-02  3.81414109E-04
5.63038582E-01  2.33862177E-02  3.84883373E-04
5.63337197E-01  2.31903978E-02  3.82022961E-04
5.63635812E-01  2.31232364E-02  3.84427403E-04
5.63934427E-01  2.29507182E-02  3.79519246E-04
5.64233042E-01  2.36697849E-02  3.84531566E-04
5.64531657E-01  2.34912988E-02  3.84948129E-04
5.64830272E-01  2.26923190E-02  3.77995369E-04
5.65128887E-01  2.33386159E-02  3.83788225E-04
5.65427502E-01  2.35290565E-02  3.82953469E-04
5.65726117E-01  2.34730225E-02  3.83824954E-04
5.66024732E-01  2.25716103E-02  3.76036856E-04
5.66323347E-01  2.30404269E-02  3.80275480E-04
5.66621962E-01  2.28273589E-02  3.75228759E-04
5.66920577E-01  2.38786563E-02  3.86955857E-04
5.67219192E-01  2.30631251E-02  3.80909594E-04
5.67517807E-01  2.31739618E-02  3.81648657E-04
5.67816422E-01  2.28534807E-02  3.74345516E-04
5.68115037E-01  2.37772632E-02  3.84455576E-04
5.68413652E-01  2.35829130E-02  3.83322680E-04
5.68712267E-01  2.31594648E-02  3.79867561E-04
5.69010882E-01  2.29397304E-02  3.77024960E-04
5.69309497E-01  2.33437661E-02  3.80593643E-04
5.69608112E-01  2.32135989E-02  3.80142359E-04
5.69906727E-01  2.34704819E-02  3.81193182E-04
5.70205342E-01  2.29416452E-02  3.75336793E-04
5.70503957E-01  2.28309426E-02  3.77435412E-04
5.70802572E-01  2.28775963E-02  3.76870070E-04
5.71101187E-01  2.31870711E-02  3.80371581E-04
5.71399802E-01  2.36652959E-02  3.82345403E-04
5.71698417E-01  2.35305466E-02  3.81866645E-04
5.71997032E-01  2.27846839E-02  3.77496937E-04
5.72295647E-01  2.27761660E-02  3.76993790E-04
5.72594262E-01  2.27811337E-02  3.75484873E-04
5.72892877E-01  2.27259453E-02  3.72406386E-04
5.73191492E-01  2.24609487E-02  3.74037569E-04
5.73490107E-01  2.29778271E-02  3.79190635E-04
5.73788722E-01  2.31330208E-02  3.78467783E-04
5.74087337E-01  2.27999799E-02  3.76769109E-04
5.74385952E-01  2.33164448E-02  3.81980266E-04
5.74684567E-01  2.28548683E-02  3.77573073E-04
5.74983182E-01  2.32127830E-02  3.78609111E-04
5.75281797E-01  2.31298562E-02  3.76905780E-04
5.75580412E-01  2.29664426E-02  3.78848054E-04
5.75879027E-01  2.30429918E-02  3.78262601E-04
5.76177642E-01  2.32232213E-02  3.80350946E-04
5.76476257E-01  2.25346573E-02  3.73047398E-04
5.76774872E-01  2.32806969E-02  3.81087884E-04
5.77073487E-01  2.29560602E-02  3.78162629E-04
5.77372102E-01  2.28701830E-02  3.78239201E-04
5.77670717E-01  2.26179156E-02  3.73658491E-04
5.77969332E-01  2.30222549E-02  3.78279132E-04
5.78267947E-01  2.33969875E-02  3.82224127E-04
5.78566562E-01  2.31097452E-02  3.79001111E-04
5.78865177E-01  2.33110208E-02  3.79003410E-04
5.79163792E-01  2.32131407E-02  3.80287849E-04
5.79462407E-01  2.27603707E-02  3.76217329E-04
5.79761022E-01  2.30898298E-02  3.80417885E-04
5.80059637E-01  2.30027810E-02  3.75984906E-04
5.80358252E-01  2.31349338E-02  3.79567355E-04
5.80656867E-01  2.31417846E-02  3.80500016E-04
5.80955482E-01  2.35799607E-02  3.84087354E-04


### HEADER:
#
#{
#    "analysis": {},
#    "calibration_params": {
#        "Beam_Center_X": 1061.0,
#        "Beam_Center_Y": 2093.0,
#        "Detector Tilt": 0.0,
#        "Detector Tilt Plane Rotation": 0.0,
#        "Detector_X_Pixel_Size": 75.0,
#        "Detector_Y_Pixel_Size": 75.0,
#        "Integration Method": "nosplit_csr",
#        "Radial_Average_Method": "pyFAI",
#        "Sample-to-detector distance (mm)": 1782.0,
#        "Wavelength (A)": 0.8823505857220345
#    },
#    "config_file": "/Users/jwinnikoff/Documents/MBARI/SAXS/HPSAXS_7A_Feb2023/HPSAXS_02_19_23.cfg",
#    "counters": {
#        "Epoch": "233.355",
#        "I1": "0",
#        "I2": "0",
#        "I3": "0",
#        "Seconds": "1",
#        "Time": "2.38419e-05",
#        "date": "Sun Feb 19 23:12:40 2023",
#        "diode": "57802"
#    },
#    "filename": "JWL0320_35C_030MPa_dn_6_data_000001_00001.h5",
#    "history": {},
#    "imageHeader": {},
#    "load_path": "/Users/jwinnikoff/Documents/MBARI/SAXS/HPSAXS_7A_Feb2023/JWL0320_SOPE_DOPE_TS+/JWL0320_35C_030MPa_dn_6_data_000001.h5",
#    "normalizations": {
#        "Absolute_scale": {
#            "Absolute_scale_factor": 0.005174693841759343,
#            "Method": "Water"
#        },
#        "Counter_norms": [
#            [
#                "/",
#                "diode/150000"
#            ]
#        ],
#        "Polarization": {
#            "Used": false
#        },
#        "Solid_Angle_Correction": "On"
#    },
#    "raw_version": "2.1.4"
#}

