### DATA:
#
# 1908
#      Q             I(Q)           Error     
1.14966775E-02  0.00000000E+00  0.00000000E+00
1.17952925E-02  6.57632828E-01  3.06956731E-02
1.20939075E-02  5.85995376E-01  2.04888489E-02
1.23925225E-02  5.26775122E-01  1.58612523E-02
1.26911375E-02  5.02306044E-01  1.45489043E-02
1.29897525E-02  4.98279482E-01  1.40822111E-02
1.32883675E-02  4.62154627E-01  1.30300773E-02
1.35869825E-02  4.39155519E-01  1.20965252E-02
1.38855975E-02  4.14913714E-01  1.10145463E-02
1.41842125E-02  3.86843562E-01  1.08593684E-02
1.44828275E-02  3.74008566E-01  1.05658881E-02
1.47814425E-02  3.33747536E-01  9.68299806E-03
1.50800575E-02  3.05307060E-01  8.91811494E-03
1.53786725E-02  3.08504581E-01  8.44347011E-03
1.56772875E-02  3.01583350E-01  8.41637049E-03
1.59759025E-02  2.75907904E-01  7.51483068E-03
1.62745175E-02  2.77994573E-01  7.43769109E-03
1.65731325E-02  2.68130243E-01  7.40815653E-03
1.68717475E-02  2.61866629E-01  6.72337553E-03
1.71703625E-02  2.55412966E-01  6.98517403E-03
1.74689775E-02  2.39172950E-01  6.24023797E-03
1.77675925E-02  2.34594569E-01  6.07749773E-03
1.80662075E-02  2.14231610E-01  6.04489446E-03
1.83648225E-02  2.08438978E-01  5.35870017E-03
1.86634375E-02  2.07674801E-01  5.59650455E-03
1.89620525E-02  1.91347197E-01  5.06181177E-03
1.92606675E-02  1.90391898E-01  5.12146810E-03
1.95592825E-02  1.89068347E-01  5.15342876E-03
1.98578975E-02  1.75543442E-01  4.59733186E-03
2.01565125E-02  1.74125835E-01  4.74086124E-03
2.04551275E-02  1.67951673E-01  4.37012734E-03
2.07537425E-02  1.70737669E-01  4.30491893E-03
2.10523575E-02  1.68543398E-01  4.03935835E-03
2.13509725E-02  1.66985318E-01  3.77373956E-03
2.16495875E-02  1.62521362E-01  3.71192675E-03
2.19482025E-02  1.54185966E-01  3.34870513E-03
2.22468175E-02  1.55216351E-01  3.51495831E-03
2.25454325E-02  1.51444808E-01  3.18425661E-03
2.28440475E-02  1.43698156E-01  3.17686214E-03
2.31426625E-02  1.39351413E-01  3.01940646E-03
2.34412775E-02  1.36989608E-01  2.87778047E-03
2.37398925E-02  1.33768544E-01  2.95157474E-03
2.40385075E-02  1.31538630E-01  2.75115576E-03
2.43371225E-02  1.24058358E-01  2.67178589E-03
2.46357375E-02  1.24153256E-01  2.74543697E-03
2.49343525E-02  1.17531195E-01  2.54006498E-03
2.52329675E-02  1.21090420E-01  2.70563574E-03
2.55315825E-02  1.14568770E-01  2.46569840E-03
2.58301975E-02  1.12260766E-01  2.45441031E-03
2.61288125E-02  1.11871019E-01  2.53208145E-03
2.64274275E-02  1.08187079E-01  2.33213813E-03
2.67260425E-02  1.03806548E-01  2.40566372E-03
2.70246575E-02  1.04646459E-01  2.26213061E-03
2.73232725E-02  9.92523730E-02  2.27401545E-03
2.76218875E-02  1.03245854E-01  2.35380279E-03
2.79205025E-02  9.77075249E-02  2.20473949E-03
2.82191175E-02  9.65890735E-02  2.18451302E-03
2.85177325E-02  9.51365829E-02  2.13158596E-03
2.88163475E-02  9.12508443E-02  2.15319684E-03
2.91149625E-02  9.27713886E-02  2.10844073E-03
2.94135775E-02  8.79334807E-02  2.02911417E-03
2.97121925E-02  9.15362537E-02  2.08738958E-03
3.00108075E-02  8.97937045E-02  1.99887343E-03
3.03094225E-02  8.47528353E-02  2.02888064E-03
3.06080375E-02  8.57396796E-02  1.97481387E-03
3.09066525E-02  8.28716233E-02  1.91434880E-03
3.12052675E-02  8.49337131E-02  1.99747295E-03
3.15038825E-02  8.10622051E-02  1.86757464E-03
3.18024975E-02  7.83375874E-02  1.86412409E-03
3.21011125E-02  7.93225244E-02  1.81501335E-03
3.23997275E-02  7.99449533E-02  1.77392841E-03
3.26983425E-02  7.82831982E-02  1.77004433E-03
3.29969575E-02  7.90715143E-02  1.68085145E-03
3.32955725E-02  8.06794316E-02  1.69785600E-03
3.35941875E-02  7.95346424E-02  1.60749874E-03
3.38928025E-02  7.53250122E-02  1.61070062E-03
3.41914175E-02  7.65345842E-02  1.57510582E-03
3.44900325E-02  7.72686303E-02  1.57200801E-03
3.47886474E-02  7.54379779E-02  1.52625924E-03
3.50872624E-02  7.30964541E-02  1.47406640E-03
3.53858774E-02  7.17348084E-02  1.50628935E-03
3.56844924E-02  7.41546750E-02  1.47252914E-03
3.59831074E-02  7.14987069E-02  1.42147078E-03
3.62817224E-02  7.27673098E-02  1.46922248E-03
3.65803374E-02  7.03578293E-02  1.40045048E-03
3.68789524E-02  7.18784556E-02  1.46325515E-03
3.71775674E-02  6.55280352E-02  1.36487128E-03
3.74761824E-02  6.85968772E-02  1.35922036E-03
3.77747974E-02  6.68823943E-02  1.34847930E-03
3.80734124E-02  6.55298382E-02  1.31375354E-03
3.83720274E-02  6.64429441E-02  1.36625988E-03
3.86706424E-02  6.53177202E-02  1.29045080E-03
3.89692574E-02  6.58011138E-02  1.33374543E-03
3.92678724E-02  6.41196519E-02  1.32664503E-03
3.95664874E-02  6.39156401E-02  1.27652683E-03
3.98651024E-02  6.39785379E-02  1.27829309E-03
4.01637174E-02  6.44025058E-02  1.26134022E-03
4.04623324E-02  6.34570047E-02  1.29639148E-03
4.07609474E-02  6.20722398E-02  1.23724528E-03
4.10595624E-02  6.32955804E-02  1.27486710E-03
4.13581774E-02  6.15443513E-02  1.23409985E-03
4.16567924E-02  6.21601008E-02  1.21532613E-03
4.19554074E-02  6.05303571E-02  1.23351661E-03
4.22540224E-02  6.14455007E-02  1.23310974E-03
4.25526374E-02  5.79871498E-02  1.18168991E-03
4.28512524E-02  5.96645959E-02  1.20270997E-03
4.31498674E-02  5.79997785E-02  1.17201172E-03
4.34484824E-02  5.93275316E-02  1.22227415E-03
4.37470974E-02  5.90204522E-02  1.16694998E-03
4.40457124E-02  5.96429035E-02  1.17879640E-03
4.43443274E-02  5.99754974E-02  1.20482291E-03
4.46429424E-02  5.83548285E-02  1.16222550E-03
4.49415574E-02  5.93108162E-02  1.20941782E-03
4.52401724E-02  6.05349019E-02  1.16780947E-03
4.55387874E-02  5.74063696E-02  1.15554675E-03
4.58374024E-02  5.51734269E-02  1.13285054E-03
4.61360174E-02  5.79462200E-02  1.14436902E-03
4.64346324E-02  5.63034341E-02  1.15000806E-03
4.67332474E-02  5.62774651E-02  1.11380487E-03
4.70318624E-02  5.67292087E-02  1.15152088E-03
4.73304774E-02  5.79838082E-02  1.15759438E-03
4.76290924E-02  5.77787235E-02  1.13117788E-03
4.79277074E-02  5.73793314E-02  1.12035684E-03
4.82263224E-02  5.64074405E-02  1.10327452E-03
4.85249374E-02  5.65343387E-02  1.13845477E-03
4.88235524E-02  5.70085272E-02  1.11503131E-03
4.91221674E-02  5.66675067E-02  1.10498467E-03
4.94207824E-02  5.72479255E-02  1.12250831E-03
4.97193974E-02  5.61464950E-02  1.09171635E-03
5.00180124E-02  5.54753393E-02  1.11532165E-03
5.03166274E-02  5.63616902E-02  1.09219062E-03
5.06152424E-02  5.84851354E-02  1.11587660E-03
5.09138574E-02  5.67253642E-02  1.11226202E-03
5.12124724E-02  5.74383177E-02  1.08977186E-03
5.15110874E-02  5.57079688E-02  1.09231309E-03
5.18097024E-02  5.64825162E-02  1.08379999E-03
5.21083174E-02  5.76461926E-02  1.09332241E-03
5.24069324E-02  5.89965247E-02  1.10685523E-03
5.27055474E-02  5.63305840E-02  1.07457291E-03
5.30041624E-02  5.90178333E-02  1.12095103E-03
5.33027774E-02  5.65016568E-02  1.07161503E-03
5.36013924E-02  5.72118945E-02  1.08450046E-03
5.39000074E-02  5.69967665E-02  1.06429157E-03
5.41986224E-02  5.76662906E-02  1.09193742E-03
5.44972374E-02  5.80605045E-02  1.08170591E-03
5.47958524E-02  5.90240173E-02  1.08305505E-03
5.50944674E-02  6.08612709E-02  1.11695565E-03
5.53930824E-02  5.99612258E-02  1.08412851E-03
5.56916974E-02  5.99520318E-02  1.07816234E-03
5.59903124E-02  6.01849258E-02  1.10287266E-03
5.62889274E-02  6.03511110E-02  1.08028506E-03
5.65875424E-02  6.31269291E-02  1.12475874E-03
5.68861574E-02  6.31551147E-02  1.10509712E-03
5.71847724E-02  6.25813454E-02  1.09271775E-03
5.74833874E-02  6.34368584E-02  1.11207203E-03
5.77820024E-02  6.37853518E-02  1.10171421E-03
5.80806174E-02  6.28712252E-02  1.12091471E-03
5.83792324E-02  6.47866875E-02  1.09729171E-03
5.86778474E-02  6.53337017E-02  1.11947639E-03
5.89764624E-02  6.58425018E-02  1.13606011E-03
5.92750774E-02  6.62848949E-02  1.09371485E-03
5.95736924E-02  6.59860969E-02  1.12505362E-03
5.98723074E-02  7.14057386E-02  1.14605471E-03
6.01709224E-02  7.12779984E-02  1.14356272E-03
6.04695374E-02  7.12853745E-02  1.16160978E-03
6.07681524E-02  7.36470744E-02  1.16841262E-03
6.10667674E-02  7.71520138E-02  1.20212976E-03
6.13653824E-02  7.66183734E-02  1.17073581E-03
6.16639974E-02  7.93327466E-02  1.20645098E-03
6.19626124E-02  7.96652734E-02  1.21052831E-03
6.22612274E-02  8.11214596E-02  1.19867933E-03
6.25598424E-02  8.25911537E-02  1.23573560E-03
6.28584574E-02  8.59211013E-02  1.23977684E-03
6.31570724E-02  8.74496549E-02  1.26183277E-03
6.34556874E-02  9.23032388E-02  1.26159028E-03
6.37543024E-02  9.34673250E-02  1.28666731E-03
6.40529174E-02  9.59527865E-02  1.32175907E-03
6.43515324E-02  1.00146800E-01  1.32450310E-03
6.46501474E-02  1.03100963E-01  1.37272861E-03
6.49487624E-02  1.04425408E-01  1.33071886E-03
6.52473774E-02  1.09874889E-01  1.37645041E-03
6.55459924E-02  1.13188930E-01  1.41243613E-03
6.58446074E-02  1.15479261E-01  1.41111959E-03
6.61432224E-02  1.20538913E-01  1.45757513E-03
6.64418374E-02  1.28494650E-01  1.46748044E-03
6.67404524E-02  1.33247390E-01  1.51397940E-03
6.70390674E-02  1.39055565E-01  1.55410578E-03
6.73376824E-02  1.44430220E-01  1.54235039E-03
6.76362974E-02  1.53699592E-01  1.62994512E-03
6.79349124E-02  1.61209986E-01  1.63230230E-03
6.82335274E-02  1.68819085E-01  1.68206252E-03
6.85321424E-02  1.77238926E-01  1.74401817E-03
6.88307574E-02  1.89333573E-01  1.76692812E-03
6.91293724E-02  1.99031875E-01  1.83934299E-03
6.94279874E-02  2.09129691E-01  1.84014346E-03
6.97266024E-02  2.22652152E-01  1.93172868E-03
7.00252174E-02  2.36511484E-01  1.97484135E-03
7.03238324E-02  2.50255942E-01  2.01524608E-03
7.06224474E-02  2.65657127E-01  2.10759370E-03
7.09210624E-02  2.83771425E-01  2.15083314E-03
7.12196774E-02  3.00678253E-01  2.20895931E-03
7.15182924E-02  3.13823372E-01  2.20728875E-03
7.18169074E-02  3.34396482E-01  2.34015402E-03
7.21155224E-02  3.55151057E-01  2.40345788E-03
7.24141374E-02  3.76543999E-01  2.46086158E-03
7.27127524E-02  3.97390008E-01  2.51679053E-03
7.30113674E-02  4.21149164E-01  2.57099560E-03
7.33099824E-02  4.39810097E-01  2.64184759E-03
7.36085974E-02  4.59782094E-01  2.71018618E-03
7.39072124E-02  4.86211658E-01  2.73563061E-03
7.42058274E-02  5.01831412E-01  2.83774314E-03
7.45044424E-02  5.27445316E-01  2.85849883E-03
7.48030574E-02  5.42665601E-01  2.91844294E-03
7.51016724E-02  5.59098840E-01  2.95906491E-03
7.54002874E-02  5.65931022E-01  2.92945537E-03
7.56989024E-02  5.87666452E-01  3.03704594E-03
7.59975174E-02  5.85611284E-01  2.98311817E-03
7.62961324E-02  5.89851379E-01  3.00347060E-03
7.65947474E-02  5.92633426E-01  3.00095463E-03
7.68933624E-02  5.86812615E-01  2.98935431E-03
7.71919774E-02  5.85117459E-01  3.01727210E-03
7.74905924E-02  5.72515428E-01  2.91879452E-03
7.77892074E-02  5.65561056E-01  2.91926065E-03
7.80878224E-02  5.50276399E-01  2.85562314E-03
7.83864374E-02  5.29399633E-01  2.79659731E-03
7.86850524E-02  5.12983203E-01  2.79797008E-03
7.89836674E-02  4.92208362E-01  2.70636217E-03
7.92822824E-02  4.70537245E-01  2.62440299E-03
7.95808974E-02  4.49868619E-01  2.54284823E-03
7.98795124E-02  4.26975965E-01  2.52591027E-03
8.01781274E-02  4.07308340E-01  2.48789252E-03
8.04767424E-02  3.83754939E-01  2.35330639E-03
8.07753574E-02  3.60376298E-01  2.30381754E-03
8.10739724E-02  3.37271899E-01  2.20396789E-03
8.13725874E-02  3.22780907E-01  2.14748667E-03
8.16712024E-02  3.01452458E-01  2.10924563E-03
8.19698174E-02  2.84448773E-01  1.99614419E-03
8.22684324E-02  2.68142104E-01  1.97913754E-03
8.25670474E-02  2.52014428E-01  1.89564913E-03
8.28656624E-02  2.34404847E-01  1.84109027E-03
8.31642774E-02  2.18935654E-01  1.75468880E-03
8.34628924E-02  2.11813837E-01  1.72761094E-03
8.37615074E-02  1.92146793E-01  1.67027337E-03
8.40601224E-02  1.84276477E-01  1.60198030E-03
8.43587374E-02  1.73649922E-01  1.56118604E-03
8.46573524E-02  1.64237723E-01  1.51090673E-03
8.49559674E-02  1.54930174E-01  1.47753709E-03
8.52545824E-02  1.46997616E-01  1.44205429E-03
8.55531974E-02  1.40444919E-01  1.38647237E-03
8.58518124E-02  1.33010432E-01  1.35576783E-03
8.61504274E-02  1.26904979E-01  1.31045922E-03
8.64490424E-02  1.19706132E-01  1.29368575E-03
8.67476574E-02  1.14310905E-01  1.26173743E-03
8.70462724E-02  1.10887565E-01  1.22209173E-03
8.73448874E-02  1.06960535E-01  1.20938523E-03
8.76435024E-02  1.00274757E-01  1.15942000E-03
8.79421174E-02  9.78782102E-02  1.16414484E-03
8.82407324E-02  9.46132094E-02  1.14016642E-03
8.85393474E-02  9.18745697E-02  1.10772683E-03
8.88379624E-02  8.80727246E-02  1.09274394E-03
8.91365774E-02  8.77284035E-02  1.07644242E-03
8.94351924E-02  8.51002783E-02  1.06810150E-03
8.97338074E-02  8.29493403E-02  1.04864826E-03
9.00324224E-02  8.12918767E-02  1.03525037E-03
9.03310374E-02  8.08894411E-02  1.04427815E-03
9.06296524E-02  7.81029388E-02  1.01381110E-03
9.09282674E-02  7.72242919E-02  1.00716867E-03
9.12268824E-02  7.54241496E-02  9.93541791E-04
9.15254974E-02  7.49551803E-02  9.86850588E-04
9.18241124E-02  7.43045732E-02  9.97129828E-04
9.21227274E-02  7.41379037E-02  9.86840110E-04
9.24213424E-02  7.20615685E-02  9.56410309E-04
9.27199574E-02  7.12290481E-02  9.59406199E-04
9.30185724E-02  7.03846142E-02  9.55427648E-04
9.33171874E-02  7.03721419E-02  9.64998384E-04
9.36158024E-02  6.81008250E-02  9.16855468E-04
9.39144174E-02  6.88235089E-02  9.45631240E-04
9.42130324E-02  6.93553761E-02  9.44156840E-04
9.45116474E-02  6.84332624E-02  9.33682546E-04
9.48102624E-02  6.82887957E-02  9.36870463E-04
9.51088774E-02  6.85898662E-02  9.20939026E-04
9.54074924E-02  6.78738058E-02  9.28211841E-04
9.57061074E-02  6.96742833E-02  9.37954290E-04
9.60047224E-02  6.95570633E-02  9.37992532E-04
9.63033374E-02  7.06766844E-02  9.36464174E-04
9.66019524E-02  7.16319680E-02  9.47708497E-04
9.69005674E-02  6.89131171E-02  9.27119574E-04
9.71991824E-02  7.05033317E-02  9.35317425E-04
9.74977974E-02  7.01540262E-02  9.29783913E-04
9.77964124E-02  7.02500939E-02  9.27237386E-04
9.80950274E-02  7.19306469E-02  9.44740023E-04
9.83936424E-02  7.19558448E-02  9.45315638E-04
9.86922574E-02  7.42242113E-02  9.59270168E-04
9.89908724E-02  7.16459006E-02  9.32434166E-04
9.92894874E-02  7.30213597E-02  9.38565470E-04
9.95881024E-02  7.23938793E-02  9.42088896E-04
9.98867174E-02  7.10905790E-02  9.36781988E-04
1.00185332E-01  7.04789758E-02  9.11781215E-04
1.00483947E-01  6.90407231E-02  9.16882767E-04
1.00782562E-01  6.89730793E-02  9.05348745E-04
1.01081177E-01  6.82275444E-02  9.09538881E-04
1.01379792E-01  6.67614490E-02  8.96308513E-04
1.01678407E-01  6.60654083E-02  8.82048975E-04
1.01977022E-01  6.51371703E-02  8.85339570E-04
1.02275637E-01  6.43310472E-02  8.79844883E-04
1.02574252E-01  6.26021773E-02  8.64321482E-04
1.02872867E-01  6.26306906E-02  8.55310529E-04
1.03171482E-01  6.28204271E-02  8.55908555E-04
1.03470097E-01  6.21014014E-02  8.52385303E-04
1.03768712E-01  6.08187504E-02  8.51215678E-04
1.04067327E-01  5.96727952E-02  8.28150078E-04
1.04365942E-01  6.13139905E-02  8.49048316E-04
1.04664557E-01  5.93473278E-02  8.34636972E-04
1.04963172E-01  5.92024326E-02  8.27540760E-04
1.05261787E-01  5.91302924E-02  8.29047000E-04
1.05560402E-01  5.93891740E-02  8.22236703E-04
1.05859017E-01  5.96065521E-02  8.34413280E-04
1.06157632E-01  5.88278696E-02  8.23593466E-04
1.06456247E-01  6.08457960E-02  8.37600732E-04
1.06754862E-01  6.16299510E-02  8.32989288E-04
1.07053477E-01  6.04305938E-02  8.30078032E-04
1.07352092E-01  6.00658432E-02  8.27569922E-04
1.07650707E-01  6.12580180E-02  8.36408755E-04
1.07949322E-01  6.14164136E-02  8.36158753E-04
1.08247937E-01  5.99097461E-02  8.25184339E-04
1.08546552E-01  6.16375469E-02  8.40338413E-04
1.08845167E-01  6.13093004E-02  8.24374438E-04
1.09143782E-01  6.05301447E-02  8.28791352E-04
1.09442397E-01  6.01966307E-02  8.16230197E-04
1.09741012E-01  6.19518459E-02  8.30614939E-04
1.10039627E-01  6.31335154E-02  8.45092000E-04
1.10338242E-01  6.19776659E-02  8.32083635E-04
1.10636857E-01  6.17012084E-02  8.20062764E-04
1.10935472E-01  6.11396693E-02  8.15703301E-04
1.11234087E-01  6.24409094E-02  8.31954065E-04
1.11532702E-01  6.47020265E-02  8.46230134E-04
1.11831317E-01  6.18531220E-02  8.22954520E-04
1.12129932E-01  6.34753257E-02  8.35273997E-04
1.12428547E-01  6.29874915E-02  8.31740035E-04
1.12727162E-01  6.51403666E-02  8.42293201E-04
1.13025777E-01  6.49380013E-02  8.40027758E-04
1.13324392E-01  6.62151724E-02  8.46965704E-04
1.13623007E-01  6.56463280E-02  8.45239498E-04
1.13921622E-01  6.74357340E-02  8.57334002E-04
1.14220237E-01  6.83729276E-02  8.54862039E-04
1.14518852E-01  6.90992177E-02  8.52427387E-04
1.14817467E-01  7.04861209E-02  8.73198675E-04
1.15116082E-01  7.03692287E-02  8.71817465E-04
1.15414697E-01  7.14835301E-02  8.74747639E-04
1.15713312E-01  7.29887113E-02  8.75451369E-04
1.16011927E-01  7.31361359E-02  8.79563740E-04
1.16310542E-01  7.34535530E-02  8.89382907E-04
1.16609157E-01  7.45727569E-02  8.86202324E-04
1.16907772E-01  7.47747794E-02  8.90681054E-04
1.17206387E-01  7.64546692E-02  8.96987098E-04
1.17505002E-01  7.76534751E-02  8.98403639E-04
1.17803617E-01  8.01774338E-02  9.22983105E-04
1.18102232E-01  7.92139992E-02  9.08706686E-04
1.18400847E-01  7.99366534E-02  9.14173899E-04
1.18699462E-01  8.24822560E-02  9.26591514E-04
1.18998077E-01  8.34466666E-02  9.23317624E-04
1.19296692E-01  8.55871513E-02  9.52911447E-04
1.19595307E-01  8.57657939E-02  9.36729892E-04
1.19893922E-01  8.80693123E-02  9.47200868E-04
1.20192537E-01  9.03171748E-02  9.70311405E-04
1.20491152E-01  9.14312005E-02  9.62380378E-04
1.20789767E-01  9.10996124E-02  9.69583867E-04
1.21088382E-01  9.45322514E-02  9.86263854E-04
1.21386997E-01  9.53216404E-02  9.82645084E-04
1.21685612E-01  9.84166935E-02  1.00777345E-03
1.21984227E-01  9.99593958E-02  1.00912468E-03
1.22282842E-01  1.01993926E-01  1.01217523E-03
1.22581457E-01  1.02605216E-01  1.00816472E-03
1.22880072E-01  1.07221752E-01  1.04887749E-03
1.23178687E-01  1.08748160E-01  1.04662345E-03
1.23477302E-01  1.11277796E-01  1.06171623E-03
1.23775917E-01  1.14117622E-01  1.06249051E-03
1.24074532E-01  1.16316058E-01  1.08319393E-03
1.24373147E-01  1.19379677E-01  1.09582604E-03
1.24671762E-01  1.21774703E-01  1.10060349E-03
1.24970377E-01  1.26286253E-01  1.11770886E-03
1.25268992E-01  1.27438396E-01  1.12125045E-03
1.25567607E-01  1.31137326E-01  1.13196741E-03
1.25866222E-01  1.33768767E-01  1.16162677E-03
1.26164837E-01  1.36022002E-01  1.15839997E-03
1.26463452E-01  1.40840933E-01  1.17310428E-03
1.26762067E-01  1.43529832E-01  1.18912454E-03
1.27060682E-01  1.45919815E-01  1.19570259E-03
1.27359297E-01  1.52186155E-01  1.23945880E-03
1.27657912E-01  1.54318213E-01  1.21885038E-03
1.27956527E-01  1.55182436E-01  1.22763077E-03
1.28255142E-01  1.58319056E-01  1.24889310E-03
1.28553757E-01  1.60256773E-01  1.23464537E-03
1.28852372E-01  1.64036438E-01  1.25412468E-03
1.29150987E-01  1.67526960E-01  1.26739917E-03
1.29449602E-01  1.69161364E-01  1.28130487E-03
1.29748217E-01  1.73090905E-01  1.29522628E-03
1.30046832E-01  1.72883362E-01  1.28407462E-03
1.30345447E-01  1.74027085E-01  1.28490140E-03
1.30644062E-01  1.75990239E-01  1.29042310E-03
1.30942677E-01  1.80110544E-01  1.31502596E-03
1.31241292E-01  1.79284588E-01  1.30763673E-03
1.31539907E-01  1.80841044E-01  1.30636722E-03
1.31838522E-01  1.80447310E-01  1.31100125E-03
1.32137137E-01  1.82803348E-01  1.33153179E-03
1.32435752E-01  1.79932714E-01  1.33835396E-03
1.32734367E-01  1.81211680E-01  1.34124211E-03
1.33032982E-01  1.81427419E-01  1.35620381E-03
1.33331597E-01  1.81123719E-01  1.35506981E-03
1.33630212E-01  1.77050829E-01  1.34547055E-03
1.33928827E-01  1.74339592E-01  1.35558972E-03
1.34227442E-01  1.74149275E-01  1.32219947E-03
1.34526057E-01  1.72491685E-01  1.34247984E-03
1.34824672E-01  1.70283034E-01  1.34368858E-03
1.35123287E-01  1.67076275E-01  1.32317143E-03
1.35421902E-01  1.63191214E-01  1.31932274E-03
1.35720517E-01  1.60749286E-01  1.29598600E-03
1.36019132E-01  1.56843737E-01  1.30314566E-03
1.36317747E-01  1.54099509E-01  1.27919752E-03
1.36616362E-01  1.51861995E-01  1.26613223E-03
1.36914977E-01  1.46495283E-01  1.25752809E-03
1.37213592E-01  1.44588679E-01  1.25120534E-03
1.37512207E-01  1.42261326E-01  1.25346449E-03
1.37810822E-01  1.37887210E-01  1.22186856E-03
1.38109437E-01  1.36263430E-01  1.21465430E-03
1.38408052E-01  1.31431267E-01  1.19745510E-03
1.38706667E-01  1.28001228E-01  1.18443510E-03
1.39005282E-01  1.24529719E-01  1.18097349E-03
1.39303897E-01  1.22434467E-01  1.14791282E-03
1.39602512E-01  1.19907871E-01  1.15794921E-03
1.39901127E-01  1.16224378E-01  1.13825186E-03
1.40199742E-01  1.13968402E-01  1.12192973E-03
1.40498357E-01  1.12633772E-01  1.12712698E-03
1.40796972E-01  1.09523758E-01  1.09688414E-03
1.41095587E-01  1.08909830E-01  1.10965071E-03
1.41394202E-01  1.06380634E-01  1.08983740E-03
1.41692817E-01  1.03528738E-01  1.08189299E-03
1.41991432E-01  1.02070518E-01  1.07424799E-03
1.42290047E-01  9.90368277E-02  1.05073315E-03
1.42588662E-01  9.72265154E-02  1.05512841E-03
1.42887277E-01  9.66838077E-02  1.04634685E-03
1.43185892E-01  9.44677740E-02  1.03103486E-03
1.43484507E-01  9.33338031E-02  1.03296945E-03
1.43783122E-01  9.33821946E-02  1.02469418E-03
1.44081737E-01  9.29084346E-02  1.02531456E-03
1.44380352E-01  9.16164741E-02  1.00982771E-03
1.44678967E-01  9.07314345E-02  9.93813737E-04
1.44977582E-01  9.09555182E-02  1.01488584E-03
1.45276197E-01  8.99763107E-02  9.94592905E-04
1.45574812E-01  9.08574611E-02  1.01115147E-03
1.45873427E-01  9.00459513E-02  9.83360223E-04
1.46172042E-01  9.08015445E-02  9.94581613E-04
1.46470657E-01  9.09171551E-02  1.00714888E-03
1.46769272E-01  8.91461149E-02  9.85476188E-04
1.47067887E-01  8.99563506E-02  9.87696811E-04
1.47366502E-01  8.97142068E-02  9.81553574E-04
1.47665117E-01  8.97470862E-02  9.83208767E-04
1.47963732E-01  9.21474174E-02  1.00769266E-03
1.48262347E-01  9.19430554E-02  9.95915965E-04
1.48560962E-01  9.03381407E-02  9.88675863E-04
1.48859577E-01  9.09826308E-02  9.78987315E-04
1.49158192E-01  9.32007432E-02  1.01149920E-03
1.49456807E-01  9.21016037E-02  9.93792899E-04
1.49755422E-01  9.34889391E-02  9.98640200E-04
1.50054037E-01  9.33363587E-02  1.00419740E-03
1.50352652E-01  9.22374055E-02  9.85721475E-04
1.50651267E-01  9.29688439E-02  1.00373500E-03
1.50949882E-01  9.26923379E-02  9.86703089E-04
1.51248497E-01  9.59274322E-02  1.00858964E-03
1.51547112E-01  9.67925042E-02  1.03081635E-03
1.51845727E-01  9.56608951E-02  9.95118869E-04
1.52144342E-01  9.46977064E-02  1.01456651E-03
1.52442957E-01  9.64007378E-02  9.93241556E-04
1.52741572E-01  9.51468870E-02  1.00115791E-03
1.53040187E-01  9.52574536E-02  1.01602532E-03
1.53338802E-01  9.38383266E-02  9.88100423E-04
1.53637417E-01  9.35506076E-02  9.98615520E-04
1.53936032E-01  9.29401368E-02  9.80874640E-04
1.54234647E-01  9.24506262E-02  9.80415381E-04
1.54533262E-01  9.21379849E-02  9.94011876E-04
1.54831877E-01  9.25010964E-02  9.82111087E-04
1.55130492E-01  9.32941213E-02  9.87751060E-04
1.55429107E-01  8.94606113E-02  9.61997663E-04
1.55727722E-01  9.08056647E-02  9.78784403E-04
1.56026337E-01  8.94260108E-02  9.65653860E-04
1.56324952E-01  8.83992612E-02  9.56968812E-04
1.56623567E-01  8.81677419E-02  9.66602820E-04
1.56922182E-01  8.59450251E-02  9.40540514E-04
1.57220797E-01  8.34370479E-02  9.39275371E-04
1.57519412E-01  8.33975002E-02  9.27498098E-04
1.57818027E-01  8.28349963E-02  9.23701853E-04
1.58116642E-01  8.21660459E-02  9.32441675E-04
1.58415257E-01  8.02397653E-02  9.09119437E-04
1.58713872E-01  7.96784610E-02  9.14516335E-04
1.59012487E-01  7.80237392E-02  8.92005803E-04
1.59311102E-01  7.48866946E-02  8.87243252E-04
1.59609717E-01  7.51202181E-02  8.90259980E-04
1.59908332E-01  7.52055719E-02  8.70199408E-04
1.60206947E-01  7.39615783E-02  8.71585042E-04
1.60505562E-01  7.12707713E-02  8.55584745E-04
1.60804177E-01  6.96935281E-02  8.45158123E-04
1.61102792E-01  6.83487058E-02  8.37264757E-04
1.61401407E-01  6.77847713E-02  8.30543577E-04
1.61700022E-01  6.84454739E-02  8.33400525E-04
1.61998637E-01  6.58433437E-02  8.19147273E-04
1.62297252E-01  6.57684058E-02  8.22490721E-04
1.62595867E-01  6.41439557E-02  8.11688718E-04
1.62894482E-01  6.30180091E-02  7.95468863E-04
1.63193097E-01  6.08492158E-02  7.93130894E-04
1.63491712E-01  6.15847930E-02  7.84726639E-04
1.63790327E-01  5.95835112E-02  7.83993572E-04
1.64088942E-01  5.78341112E-02  7.59399089E-04
1.64387557E-01  5.82265183E-02  7.67868594E-04
1.64686172E-01  5.78327440E-02  7.74345070E-04
1.64984787E-01  5.67460246E-02  7.53273198E-04
1.65283402E-01  5.58169335E-02  7.51815620E-04
1.65582017E-01  5.44685870E-02  7.36465561E-04
1.65880632E-01  5.52879609E-02  7.45096360E-04
1.66179247E-01  5.37846237E-02  7.40888412E-04
1.66477862E-01  5.27920946E-02  7.23790843E-04
1.66776477E-01  5.23281582E-02  7.26920203E-04
1.67075092E-01  5.13537265E-02  7.21647521E-04
1.67373707E-01  5.07973135E-02  7.15455099E-04
1.67672322E-01  5.05249128E-02  7.13034417E-04
1.67970937E-01  5.01682125E-02  7.03876955E-04
1.68269552E-01  4.93100844E-02  7.03425612E-04
1.68568167E-01  4.93522845E-02  6.96693780E-04
1.68866782E-01  4.82339412E-02  6.98895834E-04
1.69165397E-01  4.80844900E-02  6.92454807E-04
1.69464012E-01  4.75098789E-02  6.84038096E-04
1.69762627E-01  4.71702479E-02  6.86080952E-04
1.70061242E-01  4.68939506E-02  6.81701815E-04
1.70359857E-01  4.56864387E-02  6.80675148E-04
1.70658472E-01  4.57680374E-02  6.69091882E-04
1.70957087E-01  4.50300761E-02  6.66180800E-04
1.71255702E-01  4.47869115E-02  6.72518625E-04
1.71554317E-01  4.47182059E-02  6.56910765E-04
1.71852932E-01  4.45637815E-02  6.64096326E-04
1.72151547E-01  4.33247536E-02  6.52552291E-04
1.72450162E-01  4.29016836E-02  6.50922710E-04
1.72748777E-01  4.35760692E-02  6.57606870E-04
1.73047392E-01  4.41908836E-02  6.59271725E-04
1.73346007E-01  4.21027392E-02  6.44614280E-04
1.73644622E-01  4.22582552E-02  6.42715720E-04
1.73943237E-01  4.25219759E-02  6.44938962E-04
1.74241852E-01  4.23178338E-02  6.47376582E-04
1.74540467E-01  4.13504876E-02  6.31913019E-04
1.74839082E-01  4.17049825E-02  6.42451982E-04
1.75137697E-01  4.08076905E-02  6.29451592E-04
1.75436312E-01  4.22936715E-02  6.44972490E-04
1.75734927E-01  4.09483202E-02  6.26939523E-04
1.76033542E-01  4.13028449E-02  6.31553819E-04
1.76332157E-01  4.03448679E-02  6.33645628E-04
1.76630772E-01  4.19654734E-02  6.34893833E-04
1.76929387E-01  4.05462310E-02  6.33689633E-04
1.77228002E-01  4.12309170E-02  6.26800815E-04
1.77526617E-01  3.98313105E-02  6.20624225E-04
1.77825232E-01  3.98000367E-02  6.22483785E-04
1.78123847E-01  4.02221456E-02  6.23243453E-04
1.78422462E-01  3.98359857E-02  6.20245468E-04
1.78721077E-01  4.01489735E-02  6.24362321E-04
1.79019692E-01  4.03511934E-02  6.26145687E-04
1.79318307E-01  4.00383808E-02  6.23926346E-04
1.79616922E-01  3.87399383E-02  6.04573986E-04
1.79915537E-01  3.95351499E-02  6.18946797E-04
1.80214152E-01  3.91955450E-02  6.10940682E-04
1.80512767E-01  3.95453796E-02  6.19867060E-04
1.80811382E-01  4.05306518E-02  6.25848770E-04
1.81109997E-01  3.79021764E-02  5.99585881E-04
1.81408612E-01  3.90469581E-02  6.14703167E-04
1.81707227E-01  3.91782932E-02  6.12235570E-04
1.82005842E-01  3.94271724E-02  6.14178076E-04
1.82304457E-01  3.91554572E-02  6.08617673E-04
1.82603072E-01  3.83492149E-02  6.04919333E-04
1.82901687E-01  3.97443473E-02  6.20173232E-04
1.83200302E-01  3.87292095E-02  6.06701127E-04
1.83498917E-01  3.88763770E-02  6.05451176E-04
1.83797532E-01  3.85141671E-02  6.01637003E-04
1.84096147E-01  3.95501256E-02  6.15347293E-04
1.84394762E-01  3.95097993E-02  6.16063480E-04
1.84693377E-01  3.95871103E-02  6.12375268E-04
1.84991992E-01  3.97132710E-02  6.16618141E-04
1.85290607E-01  3.84724289E-02  5.99160208E-04
1.85589222E-01  3.85862999E-02  6.04388304E-04
1.85887837E-01  3.97795886E-02  6.11848896E-04
1.86186452E-01  3.81895043E-02  5.98319981E-04
1.86485067E-01  3.91521305E-02  6.09007606E-04
1.86783682E-01  3.85630429E-02  6.02621119E-04
1.87082297E-01  3.87242027E-02  6.06473943E-04
1.87380912E-01  3.84524837E-02  6.00380474E-04
1.87679527E-01  3.88147943E-02  5.98142506E-04
1.87978142E-01  3.99566405E-02  6.14426797E-04
1.88276757E-01  3.92560959E-02  6.07618364E-04
1.88575372E-01  3.92432958E-02  6.09320938E-04
1.88873987E-01  3.83558981E-02  5.98653569E-04
1.89172602E-01  3.91649939E-02  6.01613545E-04
1.89471217E-01  3.97448875E-02  6.10593299E-04
1.89769832E-01  3.94354276E-02  6.09809998E-04
1.90068447E-01  4.00039703E-02  6.05495588E-04
1.90367062E-01  3.90412435E-02  6.03786670E-04
1.90665677E-01  3.96822579E-02  6.07341935E-04
1.90964292E-01  3.94175686E-02  6.04140572E-04
1.91262907E-01  3.96952890E-02  6.08826289E-04
1.91561522E-01  4.04336490E-02  6.06808229E-04
1.91860137E-01  3.95954698E-02  6.08657079E-04
1.92158752E-01  4.00847942E-02  6.09236420E-04
1.92457367E-01  4.00587395E-02  6.09827286E-04
1.92755982E-01  4.02401686E-02  6.08652481E-04
1.93054597E-01  4.05132622E-02  6.11107680E-04
1.93353212E-01  3.97817008E-02  6.02476473E-04
1.93651827E-01  4.04950604E-02  6.14337681E-04
1.93950442E-01  4.08547483E-02  6.13680982E-04
1.94249057E-01  4.03852873E-02  6.05877780E-04
1.94547672E-01  3.99476811E-02  6.07222668E-04
1.94846287E-01  3.95643115E-02  6.03139692E-04
1.95144902E-01  4.04744372E-02  6.13389886E-04
1.95443517E-01  3.97167802E-02  5.94845274E-04
1.95742132E-01  4.07046154E-02  6.10599760E-04
1.96040747E-01  4.06222492E-02  6.11154654E-04
1.96339362E-01  4.16275114E-02  6.20064209E-04
1.96637977E-01  4.08310853E-02  6.08066097E-04
1.96936592E-01  4.11591865E-02  6.11664902E-04
1.97235207E-01  4.07068059E-02  6.10426592E-04
1.97533822E-01  4.16421257E-02  6.15050201E-04
1.97832437E-01  4.05272096E-02  6.08692353E-04
1.98131052E-01  4.03100066E-02  6.03797846E-04
1.98429667E-01  4.04409096E-02  6.05351292E-04
1.98728282E-01  4.03698646E-02  6.06739835E-04
1.99026897E-01  4.12138477E-02  6.09189912E-04
1.99325512E-01  4.07403670E-02  6.07591646E-04
1.99624127E-01  4.05427292E-02  6.05925801E-04
1.99922742E-01  4.07507457E-02  6.06332032E-04
2.00221357E-01  4.02685069E-02  6.06175745E-04
2.00519972E-01  4.12717611E-02  6.07529189E-04
2.00818587E-01  4.08378094E-02  6.03763561E-04
2.01117202E-01  4.04033810E-02  6.06422254E-04
2.01415817E-01  3.97422053E-02  5.95426420E-04
2.01714432E-01  4.03506942E-02  6.02786546E-04
2.02013047E-01  3.97562534E-02  5.95904479E-04
2.02311662E-01  3.91083062E-02  5.93436300E-04
2.02610277E-01  3.96678522E-02  5.99174004E-04
2.02908892E-01  3.88552472E-02  5.86565293E-04
2.03207507E-01  3.93660963E-02  5.92792931E-04
2.03506122E-01  4.00806293E-02  5.97221369E-04
2.03804737E-01  3.95581648E-02  5.93870063E-04
2.04103352E-01  3.76615599E-02  5.81268861E-04
2.04401967E-01  3.84626091E-02  5.86685783E-04
2.04700582E-01  3.80926915E-02  5.78825362E-04
2.04999197E-01  3.88790704E-02  5.86390612E-04
2.05297812E-01  3.71481888E-02  5.78747364E-04
2.05596427E-01  3.79527211E-02  5.80259890E-04
2.05895042E-01  3.67596224E-02  5.72485325E-04
2.06193657E-01  3.67614143E-02  5.68800489E-04
2.06492272E-01  3.57497185E-02  5.60233078E-04
2.06790887E-01  3.67796570E-02  5.74612000E-04
2.07089502E-01  3.56730707E-02  5.56576997E-04
2.07388117E-01  3.66216265E-02  5.71237528E-04
2.07686732E-01  3.53649706E-02  5.59099368E-04
2.07985347E-01  3.52411568E-02  5.56239043E-04
2.08283962E-01  3.53264473E-02  5.58281143E-04
2.08582577E-01  3.44597585E-02  5.47532400E-04
2.08881192E-01  3.49254832E-02  5.53745253E-04
2.09179807E-01  3.38934585E-02  5.48024720E-04
2.09478422E-01  3.39096747E-02  5.41671528E-04
2.09777037E-01  3.35950106E-02  5.44768060E-04
2.10075652E-01  3.31305601E-02  5.35899599E-04
2.10374267E-01  3.23456749E-02  5.36198029E-04
2.10672882E-01  3.39840762E-02  5.47916512E-04
2.10971497E-01  3.26511599E-02  5.28352568E-04
2.11270112E-01  3.17613333E-02  5.29208570E-04
2.11568727E-01  3.12495027E-02  5.19527821E-04
2.11867342E-01  3.10077928E-02  5.22413640E-04
2.12165957E-01  3.18062715E-02  5.24453411E-04
2.12464572E-01  3.16022336E-02  5.22297458E-04
2.12763187E-01  3.07241585E-02  5.17488166E-04
2.13061802E-01  3.09032835E-02  5.18523157E-04
2.13360417E-01  3.11036445E-02  5.22105489E-04
2.13659032E-01  3.03840209E-02  5.10601734E-04
2.13957647E-01  3.07666454E-02  5.14423358E-04
2.14256262E-01  3.03082094E-02  5.12888713E-04
2.14554877E-01  3.02289966E-02  5.09148114E-04
2.14853492E-01  2.92015523E-02  5.01171104E-04
2.15152107E-01  2.91661248E-02  5.00268477E-04
2.15450722E-01  3.02699376E-02  5.14753163E-04
2.15749337E-01  2.89879031E-02  5.00237744E-04
2.16047952E-01  3.02552972E-02  5.09374426E-04
2.16346567E-01  3.03002112E-02  5.10058308E-04
2.16645182E-01  2.94842590E-02  5.00308408E-04
2.16943797E-01  2.86605153E-02  4.95919026E-04
2.17242412E-01  2.90514603E-02  5.02608425E-04
2.17541027E-01  2.93521974E-02  4.97280620E-04
2.17839642E-01  2.93576326E-02  5.05865435E-04
2.18138257E-01  2.91402321E-02  4.94613196E-04
2.18436872E-01  2.89525185E-02  4.98145819E-04
2.18735487E-01  2.82627773E-02  4.89697093E-04
2.19034102E-01  2.89504584E-02  4.95913206E-04
2.19332717E-01  2.83944793E-02  4.94359352E-04
2.19631332E-01  2.88921464E-02  4.96592838E-04
2.19929947E-01  2.82216314E-02  4.88910824E-04
2.20228562E-01  2.88559478E-02  4.92778316E-04
2.20527177E-01  2.84325127E-02  4.91753046E-04
2.20825792E-01  2.87815351E-02  4.95350629E-04
2.21124407E-01  2.85777431E-02  4.92134888E-04
2.21423022E-01  2.82658041E-02  4.88577527E-04
2.21721637E-01  2.85704602E-02  4.90195642E-04
2.22020252E-01  2.83857230E-02  4.88466118E-04
2.22318867E-01  2.86798123E-02  4.94185835E-04
2.22617482E-01  2.81562898E-02  4.83945070E-04
2.22916097E-01  2.89363544E-02  4.97279223E-04
2.23214712E-01  2.81614121E-02  4.85541590E-04
2.23513327E-01  2.89263986E-02  4.95428336E-04
2.23811942E-01  2.85631511E-02  4.89566126E-04
2.24110557E-01  2.78069675E-02  4.81077877E-04
2.24409172E-01  2.86891852E-02  4.92377672E-04
2.24707787E-01  2.85568312E-02  4.86536475E-04
2.25006402E-01  2.83499602E-02  4.90472012E-04
2.25305017E-01  2.87061632E-02  4.84738237E-04
2.25603632E-01  2.87822522E-02  4.92166146E-04
2.25902247E-01  2.85294931E-02  4.90577077E-04
2.26200862E-01  2.82227974E-02  4.85231576E-04
2.26499477E-01  2.79859472E-02  4.81515395E-04
2.26798092E-01  2.75341906E-02  4.80255636E-04
2.27096707E-01  2.79469546E-02  4.83138370E-04
2.27395322E-01  2.75962763E-02  4.81925352E-04
2.27693937E-01  2.74839532E-02  4.74992208E-04
2.27992552E-01  2.85667591E-02  4.85930446E-04
2.28291167E-01  2.79643126E-02  4.80503484E-04
2.28589782E-01  2.73817629E-02  4.79350158E-04
2.28888397E-01  2.79327091E-02  4.82459698E-04
2.29187012E-01  2.78553721E-02  4.77785972E-04
2.29485627E-01  2.83445623E-02  4.83763230E-04
2.29784242E-01  2.78163832E-02  4.81456984E-04
2.30082857E-01  2.78281383E-02  4.78375558E-04
2.30381472E-01  2.72420105E-02  4.72365355E-04
2.30680087E-01  2.71604974E-02  4.72875225E-04
2.30978702E-01  2.76875179E-02  4.77441994E-04
2.31277317E-01  2.64227539E-02  4.66946803E-04
2.31575932E-01  2.84777340E-02  4.84626478E-04
2.31874547E-01  2.64590606E-02  4.63552424E-04
2.32173162E-01  2.70442087E-02  4.70921950E-04
2.32471777E-01  2.71940958E-02  4.73173423E-04
2.32770392E-01  2.67384276E-02  4.67586506E-04
2.33069007E-01  2.71491520E-02  4.70896834E-04
2.33367622E-01  2.72660609E-02  4.70174389E-04
2.33666237E-01  2.70434916E-02  4.72271844E-04
2.33964852E-01  2.64760647E-02  4.63708042E-04
2.34263467E-01  2.58995462E-02  4.58632567E-04
2.34562082E-01  2.61057150E-02  4.61632473E-04
2.34860697E-01  2.58217771E-02  4.58334631E-04
2.35159312E-01  2.46167108E-02  4.48021106E-04
2.35457927E-01  2.51928587E-02  4.50807827E-04
2.35756542E-01  2.59727333E-02  4.55942733E-04
2.36055157E-01  2.61706021E-02  4.61554737E-04
2.36353772E-01  2.56224182E-02  4.56308044E-04
2.36652387E-01  2.56876051E-02  4.59366885E-04
2.36951002E-01  2.60017850E-02  4.53803368E-04
2.37249617E-01  2.58585550E-02  4.59712202E-04
2.37548232E-01  2.48476751E-02  4.48598759E-04
2.37846847E-01  2.54690070E-02  4.52643755E-04
2.38145462E-01  2.43823174E-02  4.42511024E-04
2.38444077E-01  2.48438399E-02  4.43710742E-04
2.38742692E-01  2.44436562E-02  4.47472907E-04
2.39041307E-01  2.48097721E-02  4.46751073E-04
2.39339922E-01  2.45526452E-02  4.43561556E-04
2.39638537E-01  2.42568217E-02  4.41251963E-04
2.39937152E-01  2.40501743E-02  4.38145798E-04
2.40235767E-01  2.43165419E-02  4.43661615E-04
2.40534382E-01  2.39493027E-02  4.37471230E-04
2.40832997E-01  2.46705897E-02  4.43025434E-04
2.41131612E-01  2.48448513E-02  4.46948194E-04
2.41430227E-01  2.46240795E-02  4.41266224E-04
2.41728842E-01  2.46706959E-02  4.46131278E-04
2.42027457E-01  2.42740177E-02  4.36679111E-04
2.42326072E-01  2.37886757E-02  4.33958339E-04
2.42624687E-01  2.38158386E-02  4.38336545E-04
2.42923302E-01  2.32510362E-02  4.30574757E-04
2.43221917E-01  2.28200909E-02  4.22594283E-04
2.43520532E-01  2.35291366E-02  4.30875894E-04
2.43819147E-01  2.27145366E-02  4.23701975E-04
2.44117762E-01  2.29851268E-02  4.28228232E-04
2.44416377E-01  2.28201523E-02  4.27760911E-04
2.44714992E-01  2.28099637E-02  4.22045065E-04
2.45013607E-01  2.21354011E-02  4.20124154E-04
2.45312222E-01  2.20730361E-02  4.16992261E-04
2.45610837E-01  2.30393801E-02  4.27315128E-04
2.45909452E-01  2.23840214E-02  4.16956842E-04
2.46208067E-01  2.25008521E-02  4.21479577E-04
2.46506682E-01  2.28032544E-02  4.23372810E-04
2.46805297E-01  2.23167054E-02  4.22198704E-04
2.47103912E-01  2.27488726E-02  4.20914701E-04
2.47402527E-01  2.21492909E-02  4.15331655E-04
2.47701142E-01  2.22829822E-02  4.19093005E-04
2.47999757E-01  2.23487299E-02  4.19366464E-04
2.48298372E-01  2.26807799E-02  4.24924481E-04
2.48596987E-01  2.17489246E-02  4.08255059E-04
2.48895602E-01  2.28400882E-02  4.21306322E-04
2.49194217E-01  2.15423889E-02  4.09607368E-04
2.49492832E-01  2.24064179E-02  4.18537471E-04
2.49791447E-01  2.15348247E-02  4.11326619E-04
2.50090062E-01  2.22285390E-02  4.15069982E-04
2.50388677E-01  2.23800652E-02  4.19437856E-04
2.50687292E-01  2.22687908E-02  4.16913303E-04
2.50985907E-01  2.14926898E-02  4.07266023E-04
2.51284522E-01  2.15352792E-02  4.10214387E-04
2.51583137E-01  2.22630445E-02  4.14057344E-04
2.51881752E-01  2.10033730E-02  4.03910992E-04
2.52180367E-01  2.15549618E-02  4.09181288E-04
2.52478982E-01  2.12656464E-02  4.05004830E-04
2.52777597E-01  2.17718687E-02  4.10570792E-04
2.53076212E-01  2.20780894E-02  4.13560512E-04
2.53374827E-01  2.11268086E-02  4.05759900E-04
2.53673442E-01  2.18207538E-02  4.07100801E-04
2.53972057E-01  2.10691784E-02  4.03242477E-04
2.54270672E-01  2.10425258E-02  4.02879959E-04
2.54569287E-01  2.13611685E-02  4.07786574E-04
2.54867902E-01  2.17213072E-02  4.09108441E-04
2.55166517E-01  2.09050179E-02  3.98788077E-04
2.55465132E-01  2.18096711E-02  4.09611908E-04
2.55763747E-01  2.16676649E-02  4.08605731E-04
2.56062362E-01  2.07242761E-02  3.99505283E-04
2.56360977E-01  2.09288578E-02  3.98807722E-04
2.56659592E-01  2.15217732E-02  4.03352082E-04
2.56958207E-01  2.11720187E-02  4.03368002E-04
2.57256822E-01  2.10660249E-02  4.01713332E-04
2.57555437E-01  2.13968307E-02  4.02925623E-04
2.57854052E-01  2.05919612E-02  3.96219111E-04
2.58152667E-01  2.11344063E-02  4.02797654E-04
2.58451282E-01  2.13224720E-02  4.04694991E-04
2.58749897E-01  2.14282405E-02  4.01952275E-04
2.59048512E-01  2.09735930E-02  3.98504228E-04
2.59347127E-01  2.10347902E-02  3.98875796E-04
2.59645742E-01  2.10718587E-02  4.01241385E-04
2.59944357E-01  2.11011339E-02  4.02163540E-04
2.60242972E-01  2.06786003E-02  3.93112248E-04
2.60541587E-01  2.06590109E-02  3.96556075E-04
2.60840202E-01  2.08984520E-02  3.97795229E-04
2.61138817E-01  2.11728234E-02  4.01565514E-04
2.61437432E-01  2.07026508E-02  3.95720504E-04
2.61736047E-01  2.10137554E-02  3.96910094E-04
2.62034662E-01  2.04034653E-02  3.92956048E-04
2.62333277E-01  2.09944397E-02  3.98397271E-04
2.62631892E-01  2.07017865E-02  3.93339840E-04
2.62930507E-01  2.12621186E-02  3.98836128E-04
2.63229122E-01  2.03413870E-02  3.90819361E-04
2.63527737E-01  2.07217298E-02  3.96956340E-04
2.63826352E-01  2.12626997E-02  3.98636679E-04
2.64124967E-01  2.15542745E-02  4.01361554E-04
2.64423582E-01  2.03155596E-02  3.89963418E-04
2.64722197E-01  2.12795474E-02  3.97557596E-04
2.65020812E-01  2.09032651E-02  3.97958938E-04
2.65319427E-01  2.07170509E-02  3.90957342E-04
2.65618042E-01  2.06321664E-02  3.94229224E-04
2.65916657E-01  2.06804276E-02  3.93146998E-04
2.66215272E-01  2.07759291E-02  3.93542810E-04
2.66513887E-01  2.14206725E-02  3.99915123E-04
2.66812502E-01  2.14000773E-02  3.97252501E-04
2.67111117E-01  2.07406115E-02  3.93722352E-04
2.67409732E-01  2.03879308E-02  3.89349327E-04
2.67708347E-01  2.11004764E-02  3.96712392E-04
2.68006962E-01  2.04847846E-02  3.90274887E-04
2.68305577E-01  2.09387597E-02  3.93255148E-04
2.68604192E-01  2.04754751E-02  3.89885303E-04
2.68902807E-01  2.04968229E-02  3.89586145E-04
2.69201422E-01  2.01763324E-02  3.84747545E-04
2.69500037E-01  2.14227606E-02  3.98085336E-04
2.69798652E-01  2.14082021E-02  3.97746102E-04
2.70097267E-01  2.05943715E-02  3.92647868E-04
2.70395882E-01  2.12981775E-02  3.93199007E-04
2.70694497E-01  2.07885299E-02  3.91748588E-04
2.70993112E-01  1.98783204E-02  3.83768522E-04
2.71291727E-01  2.02767514E-02  3.87296750E-04
2.71590342E-01  2.03298032E-02  3.88806860E-04
2.71888957E-01  2.02516746E-02  3.83131410E-04
2.72187572E-01  2.05923319E-02  3.88603745E-04
2.72486187E-01  2.03994345E-02  3.87175969E-04
2.72784802E-01  2.01218352E-02  3.85323074E-04
2.73083417E-01  2.03529131E-02  3.83607752E-04
2.73382032E-01  2.08987091E-02  3.90988804E-04
2.73680647E-01  2.05532834E-02  3.89535126E-04
2.73979262E-01  2.08370909E-02  3.90314468E-04
2.74277877E-01  2.08501164E-02  3.88856657E-04
2.74576492E-01  2.02079862E-02  3.83404229E-04
2.74875107E-01  2.08513159E-02  3.90649482E-04
2.75173722E-01  2.04014871E-02  3.87005886E-04
2.75472337E-01  2.09938269E-02  3.88242392E-04
2.75770952E-01  2.00026259E-02  3.82619590E-04
2.76069567E-01  2.13423576E-02  3.91355919E-04
2.76368182E-01  2.05004159E-02  3.88742628E-04
2.76666797E-01  2.06566211E-02  3.89124674E-04
2.76965412E-01  2.02143695E-02  3.80591140E-04
2.77264027E-01  2.02773418E-02  3.84167361E-04
2.77562642E-01  2.03888454E-02  3.81851074E-04
2.77861257E-01  2.08762605E-02  3.91391659E-04
2.78159872E-01  2.06442643E-02  3.83950595E-04
2.78458487E-01  2.06196457E-02  3.85161693E-04
2.78757102E-01  1.99016538E-02  3.81176593E-04
2.79055717E-01  2.04840992E-02  3.84377287E-04
2.79354332E-01  2.08487920E-02  3.87687469E-04
2.79652947E-01  2.09891964E-02  3.89089313E-04
2.79951562E-01  2.09025126E-02  3.85107618E-04
2.80250177E-01  1.98052283E-02  3.79678124E-04
2.80548792E-01  2.08009705E-02  3.86664527E-04
2.80847407E-01  2.00396739E-02  3.78107070E-04
2.81146022E-01  2.03255713E-02  3.82413797E-04
2.81444637E-01  2.04063244E-02  3.84137122E-04
2.81743252E-01  2.04339847E-02  3.82763596E-04
2.82041867E-01  2.06187088E-02  3.81174934E-04
2.82340482E-01  2.00485066E-02  3.78948840E-04
2.82639097E-01  2.01188158E-02  3.79803154E-04
2.82937712E-01  2.07133349E-02  3.84703279E-04
2.83236327E-01  2.06214692E-02  3.83659382E-04
2.83534942E-01  2.05882285E-02  3.81459773E-04
2.83833557E-01  2.03522258E-02  3.81432939E-04
2.84132172E-01  2.03813948E-02  3.81043850E-04
2.84430787E-01  2.07112208E-02  3.86131986E-04
2.84729402E-01  2.13356260E-02  3.87089589E-04
2.85028017E-01  2.04550996E-02  3.81356978E-04
2.85326632E-01  2.02177372E-02  3.81602615E-04
2.85625247E-01  2.10583452E-02  3.83259292E-04
2.85923862E-01  2.03339793E-02  3.79759382E-04
2.86222477E-01  2.07399391E-02  3.83154256E-04
2.86521092E-01  2.13734861E-02  3.89059278E-04
2.86819707E-01  2.06530970E-02  3.85115243E-04
2.87118322E-01  2.05954723E-02  3.78936558E-04
2.87416937E-01  2.09561922E-02  3.84016632E-04
2.87715552E-01  2.00248398E-02  3.74836673E-04
2.88014167E-01  2.08575241E-02  3.85195133E-04
2.88312782E-01  2.10620444E-02  3.86410771E-04
2.88611397E-01  2.03323159E-02  3.75239732E-04
2.88910012E-01  2.05782820E-02  3.82326922E-04
2.89208627E-01  2.02824976E-02  3.77614371E-04
2.89507242E-01  2.10531484E-02  3.84440209E-04
2.89805857E-01  2.06421763E-02  3.79282661E-04
2.90104472E-01  2.00264603E-02  3.73041548E-04
2.90403087E-01  2.05118377E-02  3.81619699E-04
2.90701702E-01  2.05769539E-02  3.79238307E-04
2.91000317E-01  2.01589186E-02  3.74729570E-04
2.91298932E-01  2.08210964E-02  3.81669204E-04
2.91597547E-01  2.07138266E-02  3.81243241E-04
2.91896162E-01  2.08027326E-02  3.81781865E-04
2.92194777E-01  2.00646836E-02  3.73494462E-04
2.92493392E-01  2.01873016E-02  3.74998112E-04
2.92792007E-01  2.04319973E-02  3.77723220E-04
2.93090622E-01  2.03145910E-02  3.76454409E-04
2.93389237E-01  2.02252883E-02  3.75444710E-04
2.93687852E-01  2.05907933E-02  3.76185606E-04
2.93986467E-01  2.05281787E-02  3.78339348E-04
2.94285082E-01  2.08595265E-02  3.79452336E-04
2.94583697E-01  2.07266267E-02  3.81091755E-04
2.94882312E-01  2.11143102E-02  3.82132072E-04
2.95180927E-01  2.00105458E-02  3.69616231E-04
2.95479542E-01  2.04065200E-02  3.76673328E-04
2.95778157E-01  2.06223708E-02  3.77203454E-04
2.96076772E-01  2.00027525E-02  3.71762406E-04
2.96375387E-01  2.06096899E-02  3.76908429E-04
2.96674002E-01  2.05074009E-02  3.75792646E-04
2.96972617E-01  2.08880529E-02  3.81743856E-04
2.97271232E-01  2.13065296E-02  3.85737250E-04
2.97569847E-01  2.10617464E-02  3.83702660E-04
2.97868462E-01  2.10238472E-02  3.84482497E-04
2.98167077E-01  2.08980627E-02  3.85221851E-04
2.98465692E-01  2.04262994E-02  3.83225211E-04
2.98764307E-01  2.05764398E-02  3.81306774E-04
2.99062922E-01  2.12047435E-02  3.89487861E-04
2.99361537E-01  2.07021665E-02  3.86097381E-04
2.99660152E-01  2.08185278E-02  3.87863023E-04
2.99958767E-01  2.09481046E-02  3.89265100E-04
3.00257382E-01  2.09121406E-02  3.90013418E-04
3.00555997E-01  2.09056288E-02  3.89756431E-04
3.00854612E-01  2.06758622E-02  3.87022883E-04
3.01153227E-01  2.13690903E-02  3.96063610E-04
3.01451842E-01  2.03161221E-02  3.84419458E-04
3.01750457E-01  2.02912055E-02  3.88637680E-04
3.02049072E-01  2.09182873E-02  3.91766691E-04
3.02347687E-01  1.92898810E-02  3.83731036E-04
3.02646302E-01  2.05278210E-02  4.00891178E-04
3.02944917E-01  2.02820059E-02  3.98376229E-04
3.03243532E-01  2.13059708E-02  4.16087831E-04
3.03542147E-01  2.07100455E-02  4.10926557E-04
3.03840762E-01  2.00758483E-02  4.04357444E-04
3.04139377E-01  2.10444592E-02  4.19382093E-04
3.04437992E-01  2.03516074E-02  4.08752530E-04
3.04736607E-01  2.01424733E-02  4.13314818E-04
3.05035222E-01  2.09497325E-02  4.18075884E-04
3.05333837E-01  2.09036618E-02  4.20434284E-04
3.05632452E-01  2.08374746E-02  4.23144986E-04
3.05931067E-01  2.08660308E-02  4.21299628E-04
3.06229682E-01  2.04427242E-02  4.21521865E-04
3.06528297E-01  2.08561048E-02  4.21701348E-04
3.06826912E-01  2.09306497E-02  4.27690858E-04
3.07125527E-01  2.08311267E-02  4.27715917E-04
3.07424142E-01  2.06227396E-02  4.25053033E-04
3.07722757E-01  2.11598091E-02  4.34007408E-04
3.08021372E-01  2.07417272E-02  4.26149927E-04
3.08319987E-01  2.09221654E-02  4.24777245E-04
3.08618602E-01  2.05159020E-02  4.16528987E-04
3.08917217E-01  2.06862744E-02  4.11998713E-04
3.09215832E-01  2.05293689E-02  4.13996197E-04
3.09514447E-01  2.01930515E-02  4.04184510E-04
3.09813062E-01  2.03170404E-02  4.06340812E-04
3.10111677E-01  2.13994086E-02  4.15150920E-04
3.10410292E-01  2.05195080E-02  4.01495199E-04
3.10708907E-01  2.12162863E-02  4.12219379E-04
3.11007522E-01  2.06766613E-02  4.01280588E-04
3.11306137E-01  2.07901504E-02  4.07493382E-04
3.11604752E-01  2.04765461E-02  3.99661250E-04
3.11903367E-01  2.06346661E-02  4.00767574E-04
3.12201982E-01  2.00634785E-02  3.95075942E-04
3.12500597E-01  2.08009444E-02  3.98620148E-04
3.12799212E-01  2.13127267E-02  4.06861829E-04
3.13097827E-01  2.16378774E-02  4.07104031E-04
3.13396442E-01  2.00221017E-02  3.91089503E-04
3.13695057E-01  2.07358487E-02  4.00025776E-04
3.13993672E-01  2.08128262E-02  3.96740797E-04
3.14292287E-01  2.14324556E-02  4.03668062E-04
3.14590902E-01  1.99252777E-02  3.88089305E-04
3.14889517E-01  2.09382866E-02  3.97833413E-04
3.15188132E-01  2.03346852E-02  3.94346775E-04
3.15486747E-01  2.04303171E-02  3.90016561E-04
3.15785362E-01  2.08528154E-02  3.96710995E-04
3.16083977E-01  2.10530274E-02  3.95610637E-04
3.16382592E-01  2.08334383E-02  3.95698444E-04
3.16681207E-01  2.02923771E-02  3.88802786E-04
3.16979822E-01  2.11281646E-02  3.96114396E-04
3.17278437E-01  2.06880085E-02  3.93291091E-04
3.17577052E-01  2.00767871E-02  3.86234926E-04
3.17875667E-01  2.12002974E-02  4.02448641E-04
3.18174282E-01  2.04391759E-02  3.98779986E-04
3.18472897E-01  2.12395564E-02  4.12360270E-04
3.18771512E-01  2.07972620E-02  4.06463310E-04
3.19070127E-01  2.02367697E-02  4.04089340E-04
3.19368742E-01  2.07074862E-02  4.09107859E-04
3.19667357E-01  2.11150292E-02  4.13464208E-04
3.19965972E-01  2.06251740E-02  4.09565168E-04
3.20264587E-01  2.03131102E-02  4.08308901E-04
3.20563202E-01  2.05816347E-02  4.10648325E-04
3.20861817E-01  2.09768154E-02  4.15402872E-04
3.21160432E-01  2.09110789E-02  4.13453032E-04
3.21459047E-01  2.04281285E-02  4.12542198E-04
3.21757662E-01  1.99159756E-02  4.04766150E-04
3.22056277E-01  2.04027686E-02  4.09449858E-04
3.22354892E-01  2.06837114E-02  4.15842253E-04
3.22653507E-01  2.14079674E-02  4.21714212E-04
3.22952122E-01  2.12955475E-02  4.24301659E-04
3.23250737E-01  2.06300057E-02  4.09741886E-04
3.23549352E-01  2.05193888E-02  4.13710804E-04
3.23847967E-01  2.14948468E-02  4.25411243E-04
3.24146582E-01  2.08591819E-02  4.17852745E-04
3.24445197E-01  2.05232762E-02  4.14717448E-04
3.24743812E-01  2.04434916E-02  4.13189584E-04
3.25042427E-01  2.06330288E-02  4.19512624E-04
3.25341042E-01  2.09166873E-02  4.17582778E-04
3.25639657E-01  2.08970103E-02  4.19706717E-04
3.25938272E-01  2.04148162E-02  4.15936549E-04
3.26236887E-01  2.08958238E-02  4.17499192E-04
3.26535502E-01  2.10777242E-02  4.25660663E-04
3.26834117E-01  2.07523368E-02  4.17644216E-04
3.27132732E-01  2.07570903E-02  4.19785123E-04
3.27431347E-01  1.97969172E-02  4.10568959E-04
3.27729962E-01  2.08426416E-02  4.19291813E-04
3.28028577E-01  2.09760945E-02  4.27460880E-04
3.28327192E-01  2.02105492E-02  4.09654604E-04
3.28625807E-01  2.09035296E-02  4.23526886E-04
3.28924422E-01  2.04844587E-02  4.19011136E-04
3.29223037E-01  2.11139843E-02  4.23637481E-04
3.29521652E-01  2.10397020E-02  4.23770864E-04
3.29820267E-01  2.10858844E-02  4.22733458E-04
3.30118882E-01  2.12270431E-02  4.28851024E-04
3.30417497E-01  2.14364547E-02  4.28643369E-04
3.30716112E-01  2.05825549E-02  4.17538133E-04
3.31014727E-01  2.11402252E-02  4.23908088E-04
3.31313342E-01  2.05187201E-02  4.16157563E-04
3.31611957E-01  2.07463894E-02  4.22955549E-04
3.31910572E-01  2.09110845E-02  4.21608158E-04
3.32209187E-01  1.97078306E-02  4.07496322E-04
3.32507802E-01  1.96829513E-02  4.11852932E-04
3.32806417E-01  2.03995369E-02  4.13740287E-04
3.33105032E-01  2.07329001E-02  4.20934637E-04
3.33403647E-01  2.05918811E-02  4.16785042E-04
3.33702262E-01  2.10722722E-02  4.21867531E-04
3.34000877E-01  2.01787632E-02  4.12585505E-04
3.34299492E-01  2.15241760E-02  4.27501393E-04
3.34598107E-01  1.97932795E-02  4.10317065E-04
3.34896722E-01  2.08910219E-02  4.17486590E-04
3.35195337E-01  2.02894416E-02  4.12271242E-04
3.35493952E-01  2.07407251E-02  4.19282733E-04
3.35792567E-01  2.16387715E-02  4.26757906E-04
3.36091182E-01  2.02674214E-02  4.13620844E-04
3.36389797E-01  2.11296789E-02  4.19748947E-04
3.36688412E-01  2.03218013E-02  4.14299488E-04
3.36987027E-01  2.04079747E-02  4.12640336E-04
3.37285642E-01  2.04743370E-02  4.15001385E-04
3.37584257E-01  2.06189007E-02  4.17075731E-04
3.37882872E-01  2.12463140E-02  4.21401259E-04
3.38181487E-01  2.11219061E-02  4.21763834E-04
3.38480102E-01  2.10860670E-02  4.15131537E-04
3.38778717E-01  2.05146465E-02  4.15051793E-04
3.39077332E-01  2.14311723E-02  4.22499346E-04
3.39375947E-01  2.07196344E-02  4.15307382E-04
3.39674562E-01  2.02282351E-02  4.12993162E-04
3.39973177E-01  2.03220528E-02  4.09648870E-04
3.40271792E-01  2.07234584E-02  4.16557188E-04
3.40570407E-01  2.08016094E-02  4.16615861E-04
3.40869022E-01  2.07280125E-02  4.13486589E-04
3.41167637E-01  2.09842939E-02  4.17355215E-04
3.41466252E-01  2.07822472E-02  4.12847090E-04
3.41764867E-01  2.05362737E-02  4.15404356E-04
3.42063482E-01  2.04738025E-02  4.11538902E-04
3.42362097E-01  2.08089557E-02  4.12645517E-04
3.42660712E-01  1.99365690E-02  4.07633459E-04
3.42959327E-01  2.03945450E-02  4.08054184E-04
3.43257942E-01  2.09619887E-02  4.17987700E-04
3.43556557E-01  2.08150782E-02  4.13417700E-04
3.43855172E-01  2.06052717E-02  4.11447661E-04
3.44153787E-01  1.95478573E-02  4.00523772E-04
3.44452402E-01  2.05023661E-02  4.09719680E-04
3.44751017E-01  2.05105618E-02  4.10622073E-04
3.45049632E-01  2.02405285E-02  4.04003367E-04
3.45348247E-01  2.03628391E-02  4.09143191E-04
3.45646862E-01  2.04750896E-02  4.08522523E-04
3.45945477E-01  2.09227856E-02  4.13200178E-04
3.46244092E-01  2.08582208E-02  4.07732558E-04
3.46542707E-01  2.07094718E-02  4.06615582E-04
3.46841322E-01  2.00894829E-02  4.03406506E-04
3.47139937E-01  2.03006882E-02  4.04158898E-04
3.47438552E-01  2.04346105E-02  4.02462028E-04
3.47737167E-01  1.99611932E-02  4.00992139E-04
3.48035782E-01  2.09234171E-02  4.06913285E-04
3.48334397E-01  2.05919538E-02  4.06825333E-04
3.48633012E-01  2.07871646E-02  4.03045822E-04
3.48931627E-01  2.07196679E-02  4.05489263E-04
3.49230242E-01  2.00048983E-02  3.99539014E-04
3.49528857E-01  2.05578022E-02  4.03793354E-04
3.49827472E-01  2.02123914E-02  4.01052152E-04
3.50126087E-01  2.09135581E-02  4.04056016E-04
3.50424702E-01  2.12278217E-02  4.10664536E-04
3.50723317E-01  2.09195279E-02  4.05994011E-04
3.51021932E-01  2.07205657E-02  4.05506813E-04
3.51320547E-01  2.02779248E-02  3.99066601E-04
3.51619162E-01  2.05104351E-02  4.00475314E-04
3.51917777E-01  2.06905790E-02  4.03992686E-04
3.52216392E-01  2.03365330E-02  3.99755809E-04
3.52515007E-01  2.06711236E-02  4.01173107E-04
3.52813622E-01  2.04454660E-02  3.98978649E-04
3.53112237E-01  2.00307369E-02  3.99259559E-04
3.53410852E-01  1.97504088E-02  3.95800569E-04
3.53709467E-01  1.99603457E-02  3.90330271E-04
3.54008082E-01  2.04558447E-02  3.99409386E-04
3.54306697E-01  2.04079188E-02  3.99159006E-04
3.54605312E-01  2.04866398E-02  4.02008067E-04
3.54903927E-01  2.03016102E-02  4.01402649E-04
3.55202542E-01  2.09745970E-02  3.99389362E-04
3.55501157E-01  2.02151611E-02  3.98139964E-04
3.55799772E-01  2.05501802E-02  3.99579119E-04
3.56098387E-01  2.00885814E-02  3.96031159E-04
3.56397002E-01  1.99001469E-02  3.93850001E-04
3.56695617E-01  2.08097287E-02  3.98349861E-04
3.56994232E-01  2.04694737E-02  4.02291305E-04
3.57292847E-01  2.06043217E-02  3.97119118E-04
3.57591462E-01  2.05963291E-02  3.99495912E-04
3.57890077E-01  2.04804726E-02  3.97622847E-04
3.58188692E-01  2.00949330E-02  3.92287649E-04
3.58487307E-01  2.08650008E-02  4.05164727E-04
3.58785922E-01  2.07151566E-02  3.96612159E-04
3.59084537E-01  2.03380547E-02  3.96882591E-04
3.59383152E-01  2.07625236E-02  3.99500976E-04
3.59681767E-01  2.06035152E-02  3.98288976E-04
3.59980382E-01  2.06204318E-02  4.02239821E-04
3.60278997E-01  2.08743382E-02  3.96260904E-04
3.60577612E-01  2.07913704E-02  4.01395751E-04
3.60876227E-01  2.06622742E-02  3.98754870E-04
3.61174842E-01  2.04720423E-02  3.94496339E-04
3.61473457E-01  2.04113573E-02  3.93912487E-04
3.61772072E-01  2.00567711E-02  3.91617301E-04
3.62070687E-01  2.01116502E-02  3.94573697E-04
3.62369302E-01  2.10445654E-02  4.00721678E-04
3.62667917E-01  2.03929264E-02  3.94365430E-04
3.62966532E-01  2.00974029E-02  3.90259229E-04
3.63265147E-01  2.02926844E-02  3.93606286E-04
3.63563762E-01  2.04258095E-02  3.95001349E-04
3.63862377E-01  2.03965139E-02  3.93260038E-04
3.64160992E-01  2.08694283E-02  3.98109172E-04
3.64459607E-01  2.13705804E-02  4.03075042E-04
3.64758222E-01  2.03899909E-02  3.93720169E-04
3.65056837E-01  2.09202226E-02  3.99441720E-04
3.65355452E-01  2.00928971E-02  3.87983426E-04
3.65654067E-01  2.07002442E-02  3.97128140E-04
3.65952682E-01  2.15014704E-02  4.01773810E-04
3.66251297E-01  2.11324356E-02  4.02321923E-04
3.66549912E-01  2.04495080E-02  3.92029353E-04
3.66848527E-01  2.05208007E-02  3.90677567E-04
3.67147142E-01  2.11904999E-02  4.02770966E-04
3.67445757E-01  2.11986955E-02  3.98629491E-04
3.67744372E-01  2.09557209E-02  3.97376425E-04
3.68042987E-01  2.05982625E-02  3.93151044E-04
3.68341602E-01  2.06800047E-02  3.94137285E-04
3.68640217E-01  2.00422220E-02  3.89849767E-04
3.68938832E-01  2.04395428E-02  3.88708111E-04
3.69237447E-01  2.00614650E-02  3.88100714E-04
3.69536062E-01  2.10089125E-02  3.95410461E-04
3.69834677E-01  2.09231116E-02  3.96972260E-04
3.70133292E-01  2.00899467E-02  3.90114437E-04
3.70431907E-01  2.12723371E-02  3.96249030E-04
3.70730522E-01  2.03949586E-02  3.90911766E-04
3.71029137E-01  2.15789359E-02  3.99815646E-04
3.71327752E-01  2.13511437E-02  3.99453304E-04
3.71626367E-01  2.16276962E-02  4.01616242E-04
3.71924982E-01  2.06634682E-02  3.92257905E-04
3.72223597E-01  2.04251371E-02  3.91922396E-04
3.72522212E-01  2.09838878E-02  3.92857502E-04
3.72820827E-01  2.08968371E-02  3.93859518E-04
3.73119442E-01  2.11528614E-02  3.96368501E-04
3.73418057E-01  2.12343801E-02  3.95199313E-04
3.73716672E-01  2.04083193E-02  3.92177724E-04
3.74015287E-01  2.11675279E-02  3.93274619E-04
3.74313902E-01  2.08131950E-02  3.91865644E-04
3.74612517E-01  2.06610560E-02  3.91437090E-04
3.74911132E-01  2.13515982E-02  3.97312077E-04
3.75209747E-01  2.13213656E-02  3.97645519E-04
3.75508362E-01  2.10834425E-02  3.92798567E-04
3.75806977E-01  2.05935519E-02  3.89599212E-04
3.76105592E-01  2.15334762E-02  3.98290285E-04
3.76404207E-01  2.07444970E-02  3.91127222E-04
3.76702822E-01  2.21372731E-02  4.02296428E-04
3.77001437E-01  2.10143309E-02  3.92260554E-04
3.77300052E-01  2.15114430E-02  3.99526354E-04
3.77598667E-01  2.09025610E-02  3.92921938E-04
3.77897282E-01  2.13966388E-02  3.94613482E-04
3.78195897E-01  2.15352047E-02  3.95291136E-04
3.78494512E-01  2.12923959E-02  3.95458046E-04
3.78793127E-01  2.13850532E-02  3.95612704E-04
3.79091742E-01  2.12620851E-02  3.93674796E-04
3.79390357E-01  2.21542697E-02  4.01545840E-04
3.79688972E-01  2.14701667E-02  3.95498966E-04
3.79987587E-01  2.12638080E-02  3.92899383E-04
3.80286202E-01  2.12550350E-02  3.93814378E-04
3.80584817E-01  2.14667805E-02  3.95772484E-04
3.80883432E-01  2.10046340E-02  3.89911816E-04
3.81182047E-01  2.04842370E-02  3.86220170E-04
3.81480662E-01  2.18426064E-02  3.98922595E-04
3.81779277E-01  2.13009100E-02  3.90793051E-04
3.82077892E-01  2.17336155E-02  3.97928758E-04
3.82376507E-01  2.16424242E-02  3.96192714E-04
3.82675122E-01  2.16027424E-02  3.96530813E-04
3.82973737E-01  2.26207860E-02  4.04135964E-04
3.83272352E-01  2.14957502E-02  3.91414505E-04
3.83570967E-01  2.20815688E-02  4.00096702E-04
3.83869582E-01  2.18265299E-02  3.96583870E-04
3.84168197E-01  2.20519286E-02  3.99428565E-04
3.84466812E-01  2.17253808E-02  3.94876406E-04
3.84765427E-01  2.11273730E-02  3.88920540E-04
3.85064042E-01  2.16766149E-02  3.97018244E-04
3.85362657E-01  2.21708193E-02  3.98908043E-04
3.85661272E-01  2.19859518E-02  3.94497765E-04
3.85959887E-01  2.20412929E-02  3.99039563E-04
3.86258502E-01  2.23336108E-02  3.98687349E-04
3.86557117E-01  2.17836928E-02  3.98912525E-04
3.86855732E-01  2.19451375E-02  3.94719711E-04
3.87154347E-01  2.17959881E-02  3.93183494E-04
3.87452962E-01  2.24642400E-02  4.02755715E-04
3.87751577E-01  2.19011307E-02  3.93165741E-04
3.88050192E-01  2.22045910E-02  4.00424120E-04
3.88348807E-01  2.20717434E-02  3.93636496E-04
3.88647422E-01  2.25186348E-02  4.00842313E-04
3.88946037E-01  2.15272326E-02  3.91145702E-04
3.89244652E-01  2.19338518E-02  3.95606097E-04
3.89543267E-01  2.23446582E-02  3.99394019E-04
3.89841882E-01  2.17989087E-02  3.91393725E-04
3.90140497E-01  2.21687965E-02  3.98613658E-04
3.90439112E-01  2.24513505E-02  4.00152087E-04
3.90737727E-01  2.32008696E-02  4.02414618E-04
3.91036342E-01  2.26514786E-02  4.02633304E-04
3.91334957E-01  2.22608596E-02  3.94755654E-04
3.91633572E-01  2.27657855E-02  4.02950041E-04
3.91932187E-01  2.30689906E-02  4.01762256E-04
3.92230802E-01  2.22403053E-02  3.95637268E-04
3.92529417E-01  2.32441239E-02  4.07165528E-04
3.92828032E-01  2.24769209E-02  3.96288349E-04
3.93126647E-01  2.30431594E-02  4.03212442E-04
3.93425262E-01  2.18982100E-02  3.91727081E-04
3.93723877E-01  2.22905949E-02  3.97160795E-04
3.94022492E-01  2.19187532E-02  3.93545488E-04
3.94321107E-01  2.26314198E-02  3.97654891E-04
3.94619722E-01  2.20660772E-02  3.92848800E-04
3.94918337E-01  2.18804665E-02  3.90909641E-04
3.95216952E-01  2.33672000E-02  4.05055936E-04
3.95515567E-01  2.28572674E-02  4.01004712E-04
3.95814182E-01  2.29310356E-02  3.97973927E-04
3.96112797E-01  2.26885062E-02  3.98842705E-04
3.96411412E-01  2.31802780E-02  4.02360194E-04
3.96710027E-01  2.20606197E-02  3.93000868E-04
3.97008642E-01  2.31656563E-02  4.00780293E-04
3.97307257E-01  2.27392390E-02  3.97650991E-04
3.97605872E-01  2.29447763E-02  4.00511082E-04
3.97904487E-01  2.31622960E-02  4.03387210E-04
3.98203102E-01  2.35102419E-02  4.02016653E-04
3.98501717E-01  2.31327992E-02  3.99733573E-04
3.98800332E-01  2.25317180E-02  3.95171694E-04
3.99098947E-01  2.29295045E-02  3.99030541E-04
3.99397562E-01  2.28996668E-02  4.00028512E-04
3.99696177E-01  2.32807267E-02  4.01690457E-04
3.99994792E-01  2.25338507E-02  3.94059258E-04
4.00293407E-01  2.26127096E-02  3.95983603E-04
4.00592022E-01  2.32481994E-02  4.00355260E-04
4.00890637E-01  2.26170234E-02  3.94790026E-04
4.01189252E-01  2.22782027E-02  3.91448528E-04
4.01487867E-01  2.29780786E-02  3.99271725E-04
4.01786482E-01  2.24000681E-02  3.93650582E-04
4.02085097E-01  2.16792934E-02  3.83959996E-04
4.02383712E-01  2.29336340E-02  3.99951154E-04
4.02682327E-01  2.33058669E-02  3.97824595E-04
4.02980942E-01  2.19404884E-02  3.89503402E-04
4.03279557E-01  2.24419665E-02  3.92332469E-04
4.03578172E-01  2.23006476E-02  3.88971355E-04
4.03876787E-01  2.20336784E-02  3.90052970E-04
4.04175402E-01  2.29289196E-02  3.94974137E-04
4.04474017E-01  2.20153220E-02  3.89240391E-04
4.04772632E-01  2.26580948E-02  3.92823073E-04
4.05071247E-01  2.26641893E-02  3.93342751E-04
4.05369862E-01  2.28507984E-02  3.98567179E-04
4.05668477E-01  2.22091544E-02  3.85736057E-04
4.05967092E-01  2.20430233E-02  3.87735432E-04
4.06265707E-01  2.26297099E-02  3.92213115E-04
4.06564322E-01  2.27257758E-02  3.92583024E-04
4.06862937E-01  2.24166308E-02  3.93820053E-04
4.07161552E-01  2.24387050E-02  3.88727552E-04
4.07460167E-01  2.22217403E-02  3.89495603E-04
4.07758782E-01  2.24761479E-02  3.88328684E-04
4.08057397E-01  2.19802111E-02  3.85914784E-04
4.08356012E-01  2.26591565E-02  3.93314636E-04
4.08654627E-01  2.25168914E-02  3.88684712E-04
4.08953242E-01  2.21184492E-02  3.89242865E-04
4.09251857E-01  2.22347323E-02  3.87056993E-04
4.09550472E-01  2.25052554E-02  3.89588269E-04
4.09849087E-01  2.22700015E-02  3.87729728E-04
4.10147702E-01  2.19330303E-02  3.83084116E-04
4.10446317E-01  2.22376101E-02  3.89833644E-04
4.10744932E-01  2.23140288E-02  3.88026063E-04
4.11043547E-01  2.24910304E-02  3.86229542E-04
4.11342162E-01  2.19059829E-02  3.84374638E-04
4.11640777E-01  2.20900811E-02  3.86713014E-04
4.11939392E-01  2.16706395E-02  3.83386039E-04
4.12238007E-01  2.15995796E-02  3.78765166E-04
4.12536622E-01  2.20962837E-02  3.85055522E-04
4.12835237E-01  2.13268176E-02  3.76890646E-04
4.13133852E-01  2.15497036E-02  3.80354701E-04
4.13432467E-01  2.14427412E-02  3.79057688E-04
4.13731082E-01  2.07249038E-02  3.71452217E-04
4.14029697E-01  2.19632238E-02  3.84080457E-04
4.14328312E-01  2.13671289E-02  3.77603079E-04
4.14626927E-01  2.15672925E-02  3.80428188E-04
4.14925542E-01  2.20559686E-02  3.81353806E-04
4.15224157E-01  2.15075631E-02  3.79197707E-04
4.15522772E-01  2.16046739E-02  3.80673242E-04
4.15821387E-01  2.17172429E-02  3.79026198E-04
4.16120002E-01  2.16779932E-02  3.79382662E-04
4.16418617E-01  2.06283834E-02  3.70855763E-04
4.16717232E-01  2.16550976E-02  3.79272504E-04
4.17015847E-01  2.12576315E-02  3.77083867E-04
4.17314462E-01  2.08268091E-02  3.68399778E-04
4.17613077E-01  2.17386764E-02  3.80095589E-04
4.17911692E-01  2.13945936E-02  3.75864678E-04
4.18210307E-01  2.13080198E-02  3.77799384E-04
4.18508922E-01  2.10974682E-02  3.72140901E-04
4.18807537E-01  2.06935070E-02  3.68646317E-04
4.19106152E-01  2.05897018E-02  3.69921298E-04
4.19404767E-01  2.18887851E-02  3.81150370E-04
4.19703382E-01  2.09275261E-02  3.69718880E-04
4.20001997E-01  2.09149029E-02  3.71296454E-04
4.20300612E-01  2.08611730E-02  3.69470334E-04
4.20599227E-01  2.06864160E-02  3.70881549E-04
4.20897842E-01  2.08325032E-02  3.69891932E-04
4.21196457E-01  2.04971973E-02  3.65904707E-04
4.21495072E-01  2.04317234E-02  3.66905413E-04
4.21793687E-01  1.99417751E-02  3.61325714E-04
4.22092302E-01  2.02876348E-02  3.66451248E-04
4.22390917E-01  2.05504745E-02  3.63511761E-04
4.22689532E-01  2.02348251E-02  3.65556974E-04
4.22988147E-01  2.00893357E-02  3.61925951E-04
4.23286762E-01  2.06087194E-02  3.68837063E-04
4.23585377E-01  2.00102963E-02  3.60970938E-04
4.23883992E-01  2.04935819E-02  3.64564476E-04
4.24182607E-01  2.01681741E-02  3.61822837E-04
4.24481222E-01  2.08051819E-02  3.69581627E-04
4.24779837E-01  2.01059990E-02  3.61756771E-04
4.25078452E-01  1.99980903E-02  3.59408237E-04
4.25377067E-01  2.04308219E-02  3.65829008E-04
4.25675682E-01  2.07678154E-02  3.66098364E-04
4.25974297E-01  2.08336357E-02  3.69504560E-04
4.26272912E-01  2.03345995E-02  3.61051381E-04
4.26571527E-01  1.98705681E-02  3.60865786E-04
4.26870142E-01  2.01914571E-02  3.60907172E-04
4.27168757E-01  2.04039458E-02  3.63372586E-04
4.27467372E-01  2.08331924E-02  3.65945423E-04
4.27765987E-01  2.00724080E-02  3.61386483E-04
4.28064602E-01  1.96695272E-02  3.56217468E-04
4.28363217E-01  2.00678222E-02  3.60778038E-04
4.28661832E-01  1.97268985E-02  3.57139332E-04
4.28960447E-01  2.01100037E-02  3.60026810E-04
4.29259062E-01  1.98441800E-02  3.57161654E-04
4.29557677E-01  2.00200714E-02  3.59223603E-04
4.29856292E-01  2.01071166E-02  3.58484540E-04
4.30154907E-01  2.04408299E-02  3.62252991E-04
4.30453522E-01  1.99670419E-02  3.59314756E-04
4.30752137E-01  1.98626611E-02  3.57494311E-04
4.31050752E-01  1.93980187E-02  3.51877912E-04
4.31349367E-01  1.94095168E-02  3.52609000E-04
4.31647982E-01  2.00196337E-02  3.57950310E-04
4.31946597E-01  2.01902520E-02  3.61405575E-04
4.32245212E-01  1.93513595E-02  3.50916089E-04
4.32543827E-01  1.95372608E-02  3.54403775E-04
4.32842442E-01  1.99268591E-02  3.59934609E-04
4.33141057E-01  1.99093726E-02  3.55865108E-04
4.33439672E-01  1.91690214E-02  3.51444265E-04
4.33738287E-01  1.99282281E-02  3.56429955E-04
4.34036902E-01  1.99271776E-02  3.58249556E-04
4.34335517E-01  1.92017052E-02  3.51276831E-04
4.34634132E-01  1.98308732E-02  3.57385550E-04
4.34932747E-01  1.99543405E-02  3.56668868E-04
4.35231362E-01  1.96554493E-02  3.54224117E-04
4.35529977E-01  1.96433682E-02  3.56094271E-04
4.35828592E-01  1.94019210E-02  3.53346753E-04
4.36127207E-01  1.99299902E-02  3.56063014E-04
4.36425822E-01  1.95028428E-02  3.52851755E-04
4.36724437E-01  1.94033179E-02  3.52263945E-04
4.37023052E-01  1.98111702E-02  3.56106408E-04
4.37321667E-01  1.95091721E-02  3.51359777E-04
4.37620282E-01  1.92311686E-02  3.51404451E-04
4.37918897E-01  1.95318274E-02  3.53434036E-04
4.38217512E-01  2.00380255E-02  3.58623278E-04
4.38516127E-01  1.92715172E-02  3.49525711E-04
4.38814742E-01  1.88401323E-02  3.43857595E-04
4.39113357E-01  1.91317108E-02  3.49645474E-04
4.39411972E-01  1.93128213E-02  3.51142226E-04
4.39710587E-01  2.04459559E-02  3.59865866E-04
4.40009202E-01  1.94832552E-02  3.52612842E-04
4.40307817E-01  1.91066470E-02  3.46137182E-04
4.40606432E-01  1.97452120E-02  3.54978169E-04
4.40905047E-01  1.99369099E-02  3.55676166E-04
4.41203662E-01  1.96879804E-02  3.51291150E-04
4.41502277E-01  1.91737320E-02  3.48498113E-04
4.41800892E-01  1.93613451E-02  3.49662791E-04
4.42099507E-01  1.93806589E-02  3.50068731E-04
4.42398122E-01  1.93359088E-02  3.48748756E-04
4.42696737E-01  1.92060582E-02  3.47653026E-04
4.42995352E-01  1.94990281E-02  3.51063238E-04
4.43293967E-01  1.95982829E-02  3.52964678E-04
4.43592582E-01  1.91809814E-02  3.49265087E-04
4.43891197E-01  1.87908225E-02  3.42387822E-04
4.44189812E-01  1.93887316E-02  3.50844668E-04
4.44488427E-01  1.89575572E-02  3.45253997E-04
4.44787042E-01  1.97455157E-02  3.53671523E-04
4.45085657E-01  1.99198965E-02  3.53911339E-04
4.45384272E-01  1.97855551E-02  3.53257172E-04
4.45682887E-01  1.89345013E-02  3.48023052E-04
4.45981502E-01  1.95695646E-02  3.50407558E-04
4.46280117E-01  1.90314110E-02  3.46311979E-04
4.46578732E-01  1.99336652E-02  3.54660122E-04
4.46877347E-01  1.97212659E-02  3.53464042E-04
4.47175962E-01  2.00159792E-02  3.59671656E-04
4.47474577E-01  1.91752035E-02  3.46188230E-04
4.47773192E-01  1.91223267E-02  3.47449037E-04
4.48071807E-01  2.03030352E-02  3.58016405E-04
4.48370422E-01  1.95115134E-02  3.51973285E-04
4.48669037E-01  1.94532778E-02  3.50523740E-04
4.48967652E-01  1.91336032E-02  3.47252906E-04
4.49266267E-01  1.86331179E-02  3.44114960E-04
4.49564882E-01  1.98010076E-02  3.54893244E-04
4.49863497E-01  1.86903309E-02  3.43361142E-04
4.50162112E-01  1.90001447E-02  3.47415131E-04
4.50460727E-01  1.97967291E-02  3.54702643E-04
4.50759342E-01  1.86675116E-02  3.44515225E-04
4.51057957E-01  1.92017946E-02  3.48950532E-04
4.51356572E-01  1.90018844E-02  3.44862376E-04
4.51655187E-01  1.93996429E-02  3.51676019E-04
4.51953802E-01  1.93056446E-02  3.49512877E-04
4.52252417E-01  1.87007505E-02  3.47443973E-04
4.52551032E-01  1.89022291E-02  3.45163455E-04
4.52849647E-01  1.92702711E-02  3.49273410E-04
4.53148262E-01  1.98211912E-02  3.54232354E-04
4.53446877E-01  1.94304958E-02  3.50340822E-04
4.53745492E-01  1.96113456E-02  3.52742587E-04
4.54044107E-01  1.94283295E-02  3.51791678E-04
4.54342722E-01  1.92479175E-02  3.49615584E-04
4.54641337E-01  1.95182171E-02  3.52841336E-04
4.54939952E-01  1.96535122E-02  3.52816831E-04
4.55238567E-01  1.92229729E-02  3.48702597E-04
4.55537182E-01  1.97960250E-02  3.56294971E-04
4.55835797E-01  1.93083491E-02  3.50944902E-04
4.56134412E-01  1.91367269E-02  3.48459260E-04
4.56433027E-01  1.87975429E-02  3.45739390E-04
4.56731642E-01  1.94264390E-02  3.50781193E-04
4.57030257E-01  1.94601510E-02  3.52483446E-04
4.57328872E-01  1.87496617E-02  3.45150736E-04
4.57627487E-01  1.91903654E-02  3.49031150E-04
4.57926102E-01  1.97562147E-02  3.54375108E-04
4.58224717E-01  1.95318367E-02  3.53607931E-04
4.58523332E-01  1.89893916E-02  3.47509078E-04
4.58821947E-01  1.95076354E-02  3.50141665E-04
4.59120562E-01  1.93872768E-02  3.52379458E-04
4.59419177E-01  1.87303089E-02  3.46205168E-04
4.59717792E-01  1.96176413E-02  3.54233722E-04
4.60016407E-01  1.94563400E-02  3.51607829E-04
4.60315022E-01  1.96437091E-02  3.52754549E-04
4.60613637E-01  1.99345537E-02  3.56771430E-04
4.60912252E-01  1.98791828E-02  3.57386685E-04
4.61210867E-01  1.92239825E-02  3.49584734E-04
4.61509482E-01  1.96374450E-02  3.57044453E-04
4.61808097E-01  1.96044371E-02  3.64800799E-04
4.62106712E-01  1.95941534E-02  3.66261840E-04
4.62405327E-01  1.94244795E-02  3.68009321E-04
4.62703942E-01  1.90717485E-02  3.64214124E-04
4.63002557E-01  1.85445044E-02  3.65733024E-04
4.63301172E-01  1.96270179E-02  3.77582328E-04
4.63599787E-01  1.94332525E-02  3.77718738E-04
4.63898402E-01  1.88499801E-02  3.73725139E-04
4.64197017E-01  1.89804081E-02  3.75500123E-04
4.64495632E-01  1.94542296E-02  3.84949351E-04
4.64794247E-01  1.93710588E-02  3.84737388E-04
4.65092862E-01  1.95185579E-02  3.84271232E-04
4.65391477E-01  1.92365833E-02  3.87217820E-04
4.65690092E-01  1.92497186E-02  3.87246953E-04
4.65988707E-01  1.88037138E-02  3.86087981E-04
4.66287322E-01  1.96607467E-02  3.95116076E-04
4.66585937E-01  1.94019023E-02  3.92941118E-04
4.66884552E-01  1.94118582E-02  3.97904281E-04
4.67183167E-01  1.93724688E-02  3.99199052E-04
4.67481782E-01  1.95803884E-02  3.96393385E-04
4.67780397E-01  1.91751830E-02  3.97845899E-04
4.68079012E-01  1.99479628E-02  4.07186104E-04
4.68377627E-01  1.94407981E-02  4.04315302E-04
4.68676242E-01  1.85774323E-02  3.96162242E-04
4.68974857E-01  1.95491295E-02  4.06392559E-04
4.69273472E-01  1.92426071E-02  4.07028798E-04
4.69572087E-01  1.91970356E-02  4.05340048E-04
4.69870702E-01  1.84000563E-02  3.98497476E-04
4.70169317E-01  1.90776046E-02  4.07849730E-04
4.70467932E-01  1.98768657E-02  4.17191040E-04
4.70766547E-01  1.95717942E-02  4.18319163E-04
4.71065162E-01  1.91487968E-02  4.13647504E-04
4.71363777E-01  2.00286433E-02  4.20191587E-04
4.71662392E-01  1.85530782E-02  4.09071130E-04
4.71961007E-01  1.85338482E-02  4.10145294E-04
4.72259622E-01  1.92206502E-02  4.20733268E-04
4.72558237E-01  2.01405324E-02  4.28231288E-04
4.72856852E-01  1.95868444E-02  4.16176539E-04
4.73155467E-01  1.88471302E-02  4.05150728E-04
4.73454082E-01  2.03246921E-02  4.15743067E-04
4.73752697E-01  1.98326558E-02  4.04411345E-04
4.74051312E-01  1.91785395E-02  3.97915574E-04
4.74349927E-01  1.98074840E-02  4.01980476E-04
4.74648542E-01  1.91821754E-02  3.95698065E-04
4.74947157E-01  2.01544575E-02  4.01645812E-04
4.75245772E-01  1.86996311E-02  3.86237312E-04
4.75544387E-01  1.88819710E-02  3.87368316E-04
4.75843002E-01  1.88140627E-02  3.87527747E-04
4.76141617E-01  1.97182484E-02  3.93265364E-04
4.76440232E-01  1.94230825E-02  3.90418660E-04
4.76738847E-01  1.89804584E-02  3.84484563E-04
4.77037462E-01  1.94377657E-02  3.89300723E-04
4.77336077E-01  1.89585276E-02  3.85307299E-04
4.77634692E-01  1.91943049E-02  3.84270563E-04
4.77933307E-01  1.94000639E-02  3.86842497E-04
4.78231922E-01  1.96217205E-02  3.86677129E-04
4.78530537E-01  1.87050439E-02  3.81180347E-04
4.78829152E-01  1.95198134E-02  3.83553357E-04
4.79127767E-01  1.90615878E-02  3.80320067E-04
4.79426382E-01  1.93207115E-02  3.85030609E-04
4.79724997E-01  1.88815780E-02  3.78922094E-04
4.80023612E-01  1.96402520E-02  3.85547930E-04
4.80322227E-01  1.84111297E-02  3.71733477E-04
4.80620842E-01  1.95047781E-02  3.84521933E-04
4.80919457E-01  1.97744407E-02  3.85957566E-04
4.81218072E-01  1.97860133E-02  3.85669555E-04
4.81516687E-01  1.89683028E-02  3.78308265E-04
4.81815302E-01  1.89169403E-02  3.74098134E-04
4.82113917E-01  1.99261587E-02  3.88253771E-04
4.82412532E-01  1.90838687E-02  3.77104443E-04
4.82711147E-01  1.97643824E-02  3.82783444E-04
4.83009762E-01  1.93326417E-02  3.79655714E-04
4.83308377E-01  1.94804482E-02  3.81896156E-04
4.83606992E-01  1.93322264E-02  3.78191849E-04
4.83905607E-01  1.99210905E-02  3.85096937E-04
4.84204222E-01  1.95509195E-02  3.79647419E-04
4.84502837E-01  1.88482255E-02  3.75167991E-04
4.84801452E-01  1.90022904E-02  3.75053351E-04
4.85100067E-01  1.98115408E-02  3.80428828E-04
4.85398682E-01  1.93700120E-02  3.78280121E-04
4.85697297E-01  1.91289615E-02  3.75728298E-04
4.85995912E-01  1.92818977E-02  3.78294644E-04
4.86294527E-01  1.88259948E-02  3.70852096E-04
4.86593142E-01  1.89710520E-02  3.73130839E-04
4.86891757E-01  1.87687073E-02  3.71894625E-04
4.87190372E-01  1.85045432E-02  3.69647547E-04
4.87488987E-01  1.96826737E-02  3.77675868E-04
4.87787602E-01  1.99398119E-02  3.83033213E-04
4.88086217E-01  1.98433772E-02  3.80269717E-04
4.88384832E-01  1.90117545E-02  3.73066490E-04
4.88683447E-01  1.94841288E-02  3.78636090E-04
4.88982062E-01  1.89897045E-02  3.71349102E-04
4.89280677E-01  1.91068146E-02  3.74859665E-04
4.89579292E-01  1.90595072E-02  3.72785405E-04
4.89877907E-01  1.97025761E-02  3.78545868E-04
4.90176522E-01  1.96184106E-02  3.76789714E-04
4.90475137E-01  1.90821197E-02  3.72728915E-04
4.90773752E-01  1.90534443E-02  3.72168841E-04
4.91072367E-01  1.89755354E-02  3.71783535E-04
4.91370982E-01  1.93345379E-02  3.74248018E-04
4.91669597E-01  1.87413450E-02  3.69112939E-04
4.91968212E-01  1.91531088E-02  3.73901625E-04
4.92266827E-01  1.89811829E-02  3.71751521E-04
4.92565442E-01  1.96802933E-02  3.76453856E-04
4.92864057E-01  1.95117965E-02  3.76062235E-04
4.93162672E-01  1.87588800E-02  3.69386689E-04
4.93461287E-01  1.92172918E-02  3.73874442E-04
4.93759902E-01  1.89052634E-02  3.67873494E-04
4.94058517E-01  1.91431120E-02  3.71938862E-04
4.94357132E-01  1.91820618E-02  3.71575181E-04
4.94655747E-01  1.89936422E-02  3.72639333E-04
4.94954362E-01  1.87598951E-02  3.65737913E-04
4.95252977E-01  1.87492128E-02  3.67914647E-04
4.95551592E-01  1.94945093E-02  3.76288604E-04
4.95850207E-01  1.90232303E-02  3.71154048E-04
4.96148822E-01  1.90977808E-02  3.69388523E-04
4.96447437E-01  1.94913540E-02  3.75319854E-04
4.96746052E-01  1.97763331E-02  3.77394434E-04
4.97044667E-01  1.96862221E-02  3.79001925E-04
4.97343282E-01  1.92461051E-02  3.70185851E-04
4.97641897E-01  1.88132115E-02  3.65460117E-04
4.97940512E-01  1.93527564E-02  3.74460389E-04
4.98239127E-01  1.93905402E-02  3.73517134E-04
4.98537742E-01  1.87748596E-02  3.68276116E-04
4.98836357E-01  1.92279350E-02  3.70384863E-04
4.99134972E-01  1.91104412E-02  3.70814494E-04
4.99433587E-01  1.87695902E-02  3.68598441E-04
4.99732202E-01  1.97293200E-02  3.75745440E-04
5.00030817E-01  1.94308627E-02  3.72432871E-04
5.00329432E-01  1.90828219E-02  3.70000052E-04
5.00628047E-01  1.94847398E-02  3.73877818E-04
5.00926662E-01  1.96713079E-02  3.77736025E-04
5.01225277E-01  1.99829023E-02  3.76299809E-04
5.01523892E-01  1.89267676E-02  3.66492372E-04
5.01822507E-01  2.00223476E-02  3.78725119E-04
5.02121122E-01  1.94071662E-02  3.73698742E-04
5.02419737E-01  1.87661815E-02  3.66837776E-04
5.02718352E-01  1.88623425E-02  3.67595494E-04
5.03016967E-01  1.91538874E-02  3.70335241E-04
5.03315582E-01  1.88199617E-02  3.68100096E-04
5.03614197E-01  1.91055816E-02  3.67959758E-04
5.03912812E-01  1.96719225E-02  3.75128846E-04
5.04211427E-01  1.85449813E-02  3.63417581E-04
5.04510042E-01  1.89839639E-02  3.69614951E-04
5.04808657E-01  1.91913918E-02  3.68520472E-04
5.05107272E-01  1.98541544E-02  3.76962504E-04
5.05405887E-01  1.89311709E-02  3.66646389E-04
5.05704502E-01  1.92028508E-02  3.72117502E-04
5.06003117E-01  1.91155486E-02  3.69249028E-04
5.06301732E-01  1.90184675E-02  3.68130015E-04
5.06600347E-01  1.87939834E-02  3.64605366E-04
5.06898962E-01  1.87091995E-02  3.66214023E-04
5.07197577E-01  1.88437533E-02  3.68354144E-04
5.07496192E-01  1.88793726E-02  3.64279345E-04
5.07794807E-01  1.96682010E-02  3.76705284E-04
5.08093422E-01  1.87352113E-02  3.65117914E-04
5.08392037E-01  1.93167496E-02  3.71475937E-04
5.08690652E-01  1.92926489E-02  3.69241548E-04
5.08989267E-01  1.92409344E-02  3.70017980E-04
5.09287882E-01  1.97688807E-02  3.76362412E-04
5.09586497E-01  1.93574019E-02  3.70956725E-04
5.09885112E-01  1.93290263E-02  3.70412919E-04
5.10183727E-01  1.91277731E-02  3.68934940E-04
5.10482342E-01  2.01160405E-02  3.77603748E-04
5.10780957E-01  1.93940680E-02  3.71864298E-04
5.11079572E-01  1.87852625E-02  3.65261949E-04
5.11378187E-01  1.91783886E-02  3.69156623E-04
5.11676802E-01  1.94803756E-02  3.74830619E-04
5.11975417E-01  1.89058483E-02  3.65539483E-04
5.12274032E-01  1.91318318E-02  3.68260487E-04
5.12572647E-01  1.99979078E-02  3.76782846E-04
5.12871262E-01  1.92196388E-02  3.68926878E-04
5.13169877E-01  1.99856199E-02  3.78912606E-04
5.13468492E-01  1.94424801E-02  3.69345973E-04
5.13767107E-01  1.87867247E-02  3.64395994E-04
5.14065722E-01  1.89959127E-02  3.68592213E-04
5.14364337E-01  1.90587454E-02  3.68564593E-04
5.14662952E-01  2.00461205E-02  3.77156102E-04
5.14961567E-01  1.90258194E-02  3.66355671E-04
5.15260182E-01  1.91446375E-02  3.69673013E-04
5.15558797E-01  1.95661895E-02  3.72436043E-04
5.15857412E-01  1.89571306E-02  3.66325636E-04
5.16156027E-01  1.92901678E-02  3.70348949E-04
5.16454642E-01  1.90175474E-02  3.67905508E-04
5.16753257E-01  1.96043719E-02  3.72623210E-04
5.17051872E-01  1.84532441E-02  3.62946361E-04
5.17350487E-01  1.94336977E-02  3.69914109E-04
5.17649102E-01  2.02961452E-02  3.79052799E-04
5.17947717E-01  1.94158256E-02  3.70379974E-04
5.18246332E-01  1.98903233E-02  3.75155592E-04
5.18544947E-01  2.02672556E-02  3.79907171E-04
5.18843562E-01  1.94915589E-02  3.72843642E-04
5.19142177E-01  1.95624121E-02  3.71691422E-04
5.19440792E-01  1.92495007E-02  3.68618319E-04
5.19739407E-01  1.91883668E-02  3.68394481E-04
5.20038022E-01  1.92783419E-02  3.71080590E-04
5.20336637E-01  1.90167315E-02  3.66656779E-04
5.20635252E-01  1.88592169E-02  3.65047483E-04
5.20933867E-01  1.86182056E-02  3.62975552E-04
5.21232482E-01  1.89681966E-02  3.65925080E-04
5.21531097E-01  1.94024742E-02  3.71547649E-04
5.21829712E-01  1.93882287E-02  3.71138827E-04
5.22128327E-01  1.90905109E-02  3.67737695E-04
5.22426942E-01  1.95881985E-02  3.70778522E-04
5.22725557E-01  1.95588376E-02  3.72498616E-04
5.23024172E-01  1.89524759E-02  3.65962507E-04
5.23322787E-01  1.88803189E-02  3.66073684E-04
5.23621402E-01  1.90870948E-02  3.67263303E-04
5.23920017E-01  1.87663175E-02  3.66141554E-04
5.24218632E-01  1.93951689E-02  3.69047048E-04
5.24517247E-01  1.86665505E-02  3.63022322E-04
5.24815862E-01  1.90486666E-02  3.68163222E-04
5.25114477E-01  1.95771828E-02  3.71502945E-04
5.25413092E-01  1.92979071E-02  3.69748712E-04
5.25711707E-01  1.93360187E-02  3.70478927E-04
5.26010322E-01  1.87501777E-02  3.62868916E-04
5.26308937E-01  1.94727853E-02  3.71061673E-04
5.26607552E-01  1.93998329E-02  3.70277063E-04
5.26906167E-01  1.93198025E-02  3.69153218E-04
5.27204782E-01  1.95658766E-02  3.73786868E-04
5.27503397E-01  1.95911992E-02  3.72104056E-04
5.27802012E-01  1.90565009E-02  3.67082568E-04
5.28100627E-01  1.92617401E-02  3.69871355E-04
5.28399242E-01  1.96616612E-02  3.70250520E-04
5.28697857E-01  1.94890499E-02  3.71776812E-04
5.28996472E-01  1.95991844E-02  3.72188602E-04
5.29295087E-01  1.97274182E-02  3.74691328E-04
5.29593702E-01  1.91619266E-02  3.66941298E-04
5.29892317E-01  1.95216071E-02  3.71184200E-04
5.30190932E-01  1.94101594E-02  3.71763017E-04
5.30489547E-01  1.91242453E-02  3.67570115E-04
5.30788162E-01  1.95002891E-02  3.70444177E-04
5.31086777E-01  1.88838430E-02  3.65524174E-04
5.31385392E-01  1.96467619E-02  3.71023983E-04
5.31684007E-01  1.94314457E-02  3.70880443E-04
5.31982622E-01  1.85376797E-02  3.62163555E-04
5.32281237E-01  1.94127876E-02  3.70524329E-04
5.32579852E-01  1.90610252E-02  3.67784349E-04
5.32878467E-01  1.92198679E-02  3.68591922E-04
5.33177082E-01  1.94658879E-02  3.71673261E-04
5.33475697E-01  1.88708380E-02  3.63371364E-04
5.33774312E-01  1.97446980E-02  3.73139716E-04
5.34072927E-01  1.97512861E-02  3.75687174E-04
5.34371542E-01  1.96416080E-02  3.70992813E-04
5.34670157E-01  1.95100438E-02  3.69034795E-04
5.34968772E-01  1.95291489E-02  3.72745271E-04
5.35267387E-01  1.93154607E-02  3.69070272E-04
5.35566002E-01  1.88585762E-02  3.66203225E-04
5.35864617E-01  1.94789246E-02  3.69372428E-04
5.36163232E-01  1.94060877E-02  3.70937370E-04
5.36461847E-01  1.94319449E-02  3.70822439E-04
5.36760462E-01  1.94761269E-02  3.70520429E-04
5.37059077E-01  1.99509598E-02  3.74373078E-04
5.37357692E-01  1.94975417E-02  3.72549373E-04
5.37656307E-01  1.94075871E-02  3.68616631E-04
5.37954922E-01  1.95759702E-02  3.74595402E-04
5.38253537E-01  1.88069716E-02  3.60607228E-04
5.38552152E-01  1.90590862E-02  3.66453140E-04
5.38850767E-01  1.86419357E-02  3.63576430E-04
5.39149382E-01  1.97606031E-02  3.74511845E-04
5.39447997E-01  1.89539399E-02  3.65446118E-04
5.39746612E-01  1.90897342E-02  3.67382105E-04
5.40045227E-01  1.93416309E-02  3.68629408E-04
5.40343842E-01  1.95129216E-02  3.72164475E-04
5.40642457E-01  1.85169093E-02  3.60863603E-04
5.40941072E-01  1.94286853E-02  3.69283895E-04
5.41239687E-01  1.93580985E-02  3.72339971E-04
5.41538302E-01  1.87380761E-02  3.63726169E-04
5.41836917E-01  1.91667881E-02  3.67506407E-04
5.42135532E-01  1.96040105E-02  3.69164889E-04
5.42434147E-01  2.00024527E-02  3.75802745E-04
5.42732762E-01  1.91760007E-02  3.69042304E-04
5.43031377E-01  1.87347829E-02  3.65944463E-04
5.43329992E-01  1.94357559E-02  3.67761240E-04
5.43628607E-01  1.95301473E-02  3.71346599E-04
5.43927222E-01  1.95640009E-02  3.72124836E-04
5.44225837E-01  1.95008218E-02  3.71798495E-04
5.44524452E-01  1.90226436E-02  3.64541571E-04
5.44823067E-01  1.93403531E-02  3.69816029E-04
5.45121682E-01  1.95190795E-02  3.71069065E-04
5.45420297E-01  1.92911979E-02  3.69078567E-04
5.45718912E-01  1.98344365E-02  3.73239425E-04
5.46017527E-01  1.93291754E-02  3.69264919E-04
5.46316142E-01  1.84640270E-02  3.60380916E-04
5.46614757E-01  1.86153203E-02  3.64167179E-04
5.46913372E-01  1.97525732E-02  3.71304719E-04
5.47211987E-01  1.87535360E-02  3.63820698E-04
5.47510602E-01  1.90375932E-02  3.67195549E-04
5.47809217E-01  1.90746542E-02  3.66211316E-04
5.48107832E-01  1.97263006E-02  3.74332652E-04
5.48406447E-01  1.84531566E-02  3.60374717E-04
5.48705062E-01  1.99187715E-02  3.73506133E-04
5.49003677E-01  1.89872477E-02  3.67801433E-04
5.49302292E-01  1.91726182E-02  3.65474611E-04
5.49600907E-01  1.93411577E-02  3.70305614E-04
5.49899522E-01  1.87327061E-02  3.63279891E-04
5.50198137E-01  1.95446480E-02  3.72160895E-04
5.50496752E-01  1.93130858E-02  3.68688517E-04
5.50795367E-01  1.92197021E-02  3.66905821E-04
5.51093982E-01  1.91395842E-02  3.67390196E-04
5.51392597E-01  1.92713868E-02  3.69647896E-04
5.51691212E-01  1.88303068E-02  3.64146981E-04
5.51989827E-01  1.95438266E-02  3.70803231E-04
5.52288442E-01  1.90234054E-02  3.64155159E-04
5.52587057E-01  1.93728302E-02  3.68822337E-04
5.52885672E-01  2.00103708E-02  3.75026022E-04
5.53184287E-01  1.98535174E-02  3.72021022E-04
5.53482902E-01  2.01839767E-02  3.75649979E-04
5.53781517E-01  1.94438100E-02  3.69504618E-04
5.54080132E-01  1.97312422E-02  3.71956674E-04
5.54378747E-01  1.88940037E-02  3.61017272E-04
5.54677362E-01  1.90831814E-02  3.64565436E-04
5.54975977E-01  1.92620177E-02  3.67512781E-04
5.55274592E-01  1.92669556E-02  3.66408465E-04
5.55573207E-01  2.01172624E-02  3.70326074E-04
5.55871822E-01  1.90944634E-02  3.63456900E-04
5.56170437E-01  2.00720057E-02  3.73630755E-04
5.56469052E-01  1.93815827E-02  3.67592671E-04
5.56767667E-01  1.92404259E-02  3.64326232E-04
5.57066282E-01  1.93719566E-02  3.66095570E-04
5.57364897E-01  1.89957041E-02  3.59950500E-04
5.57663512E-01  1.97082311E-02  3.68910201E-04
5.57962127E-01  1.92482695E-02  3.63369007E-04
5.58260742E-01  1.90564413E-02  3.59683560E-04
5.58559357E-01  1.94078777E-02  3.66971042E-04
5.58857972E-01  1.85497496E-02  3.58252844E-04
5.59156587E-01  1.95797663E-02  3.64594307E-04
5.59455202E-01  1.96201466E-02  3.67132772E-04
5.59753817E-01  1.97895505E-02  3.66976921E-04
5.60052432E-01  1.93798095E-02  3.64361971E-04
5.60351047E-01  1.90865416E-02  3.60572973E-04
5.60649662E-01  1.95635743E-02  3.63600033E-04
5.60948277E-01  1.93115883E-02  3.61929735E-04
5.61246892E-01  1.95751637E-02  3.65078682E-04
5.61545507E-01  1.93640534E-02  3.62594757E-04
5.61844122E-01  1.99516285E-02  3.65915563E-04
5.62142737E-01  1.93512458E-02  3.63503845E-04
5.62441352E-01  1.95053425E-02  3.62392602E-04
5.62739967E-01  1.90639142E-02  3.57853976E-04
5.63038582E-01  1.99233219E-02  3.66942491E-04
5.63337197E-01  1.93978772E-02  3.60894657E-04
5.63635812E-01  1.94339417E-02  3.64031061E-04
5.63934427E-01  1.97461322E-02  3.63617379E-04
5.64233042E-01  1.98086295E-02  3.63354076E-04
5.64531657E-01  1.96658857E-02  3.63808998E-04
5.64830272E-01  1.90988351E-02  3.58194142E-04
5.65128887E-01  1.95676982E-02  3.62987717E-04
5.65427502E-01  1.89126804E-02  3.54640477E-04
5.65726117E-01  1.98745485E-02  3.64808802E-04
5.66024732E-01  1.89824626E-02  3.56199569E-04
5.66323347E-01  1.91249494E-02  3.57866607E-04
5.66621962E-01  1.93472765E-02  3.56817531E-04
5.66920577E-01  1.87998861E-02  3.54651711E-04
5.67219192E-01  1.95726287E-02  3.62456107E-04
5.67517807E-01  1.85823068E-02  3.53005424E-04
5.67816422E-01  1.93258841E-02  3.55577387E-04
5.68115037E-01  1.97975170E-02  3.62358580E-04
5.68413652E-01  1.98697969E-02  3.63438128E-04
5.68712267E-01  1.88994315E-02  3.54454358E-04
5.69010882E-01  1.87563002E-02  3.52141738E-04
5.69309497E-01  1.88418254E-02  3.53187672E-04
5.69608112E-01  1.93542168E-02  3.58534395E-04
5.69906727E-01  1.96248721E-02  3.60043952E-04
5.70205342E-01  1.92095693E-02  3.54760792E-04
5.70503957E-01  1.94592550E-02  3.59924830E-04
5.70802572E-01  1.93084497E-02  3.57625220E-04
5.71101187E-01  1.89403687E-02  3.55097232E-04
5.71399802E-01  1.89813990E-02  3.53697513E-04
5.71698417E-01  1.90026481E-02  3.54462856E-04
5.71997032E-01  1.89512614E-02  3.55614087E-04
5.72295647E-01  1.94604341E-02  3.59946658E-04
5.72594262E-01  2.01459471E-02  3.64725885E-04
5.72892877E-01  1.97739322E-02  3.58815043E-04
5.73191492E-01  1.94784384E-02  3.59787635E-04
5.73490107E-01  1.90010294E-02  3.56171920E-04
5.73788722E-01  1.91451963E-02  3.55640019E-04
5.74087337E-01  1.90050900E-02  3.55312921E-04
5.74385952E-01  1.88613981E-02  3.54866235E-04
5.74684567E-01  1.94330998E-02  3.59625643E-04
5.74983182E-01  1.97656956E-02  3.60870588E-04
5.75281797E-01  1.97960846E-02  3.60167032E-04
5.75580412E-01  1.98562425E-02  3.63860338E-04
5.75879027E-01  1.90732870E-02  3.55471449E-04
5.76177642E-01  1.94073115E-02  3.59148398E-04
5.76476257E-01  1.89694483E-02  3.53536190E-04
5.76774872E-01  2.00268421E-02  3.65091226E-04
5.77073487E-01  1.98731646E-02  3.63438914E-04
5.77372102E-01  1.88946687E-02  3.55115277E-04
5.77670717E-01  1.96267925E-02  3.59535014E-04
5.77969332E-01  1.99476015E-02  3.63707077E-04
5.78267947E-01  1.93001516E-02  3.58580321E-04
5.78566562E-01  2.02066433E-02  3.66064778E-04
5.78865177E-01  1.92171820E-02  3.55447381E-04
5.79163792E-01  1.92630645E-02  3.57829529E-04
5.79462407E-01  1.93473604E-02  3.58284451E-04
5.79761022E-01  2.00679526E-02  3.66327964E-04
5.80059637E-01  1.96181498E-02  3.58655292E-04
5.80358252E-01  1.98397040E-02  3.63069965E-04
5.80656867E-01  1.96777731E-02  3.62420047E-04
5.80955482E-01  1.94309987E-02  3.60142207E-04


### HEADER:
#
#{
#    "analysis": {},
#    "calibration_params": {
#        "Beam_Center_X": 1061.0,
#        "Beam_Center_Y": 2093.0,
#        "Detector Tilt": 0.0,
#        "Detector Tilt Plane Rotation": 0.0,
#        "Detector_X_Pixel_Size": 75.0,
#        "Detector_Y_Pixel_Size": 75.0,
#        "Integration Method": "nosplit_csr",
#        "Radial_Average_Method": "pyFAI",
#        "Sample-to-detector distance (mm)": 1782.0,
#        "Wavelength (A)": 0.8823505857220345
#    },
#    "config_file": "/Users/jwinnikoff/Documents/MBARI/SAXS/HPSAXS_7A_Feb2023/HPSAXS_02_19_23.cfg",
#    "counters": {
#        "Epoch": "78.002",
#        "I1": "0",
#        "I2": "0",
#        "I3": "0",
#        "Seconds": "1",
#        "Time": "2.09808e-05",
#        "date": "Sun Feb 19 19:19:12 2023",
#        "diode": "54176"
#    },
#    "filename": "JWL0321_35C_090MPa_dn_1_data_000001_00001.h5",
#    "history": {},
#    "imageHeader": {},
#    "load_path": "/Users/jwinnikoff/Documents/MBARI/SAXS/HPSAXS_7A_Feb2023/JWL0321_SOPPE_DOPE_TS+/JWL0321_35C_090MPa_dn_1_data_000001.h5",
#    "normalizations": {
#        "Absolute_scale": {
#            "Absolute_scale_factor": 0.005174693841759343,
#            "Method": "Water"
#        },
#        "Counter_norms": [
#            [
#                "/",
#                "diode/150000"
#            ]
#        ],
#        "Polarization": {
#            "Used": false
#        },
#        "Solid_Angle_Correction": "On"
#    },
#    "raw_version": "2.1.4"
#}

