### DATA:
#
# 1908
#      Q             I(Q)           Error     
1.14966775E-02  0.00000000E+00  0.00000000E+00
1.17952925E-02  1.09850836E+00  4.26947400E-02
1.20939075E-02  1.01056147E+00  2.89560352E-02
1.23925225E-02  9.62439716E-01  2.30727270E-02
1.26911375E-02  9.25347924E-01  2.12513190E-02
1.29897525E-02  8.69791448E-01  2.00230014E-02
1.32883675E-02  8.30966413E-01  1.88032258E-02
1.35869825E-02  7.64858544E-01  1.71802435E-02
1.38855975E-02  6.78652823E-01  1.51599860E-02
1.41842125E-02  6.95880890E-01  1.56744253E-02
1.44828275E-02  6.27107978E-01  1.47239277E-02
1.47814425E-02  5.96401393E-01  1.39302025E-02
1.50800575E-02  5.77766776E-01  1.32028647E-02
1.53786725E-02  5.55090308E-01  1.21887531E-02
1.56772875E-02  5.30458629E-01  1.20125217E-02
1.59759025E-02  5.01845062E-01  1.09070987E-02
1.62745175E-02  4.92514461E-01  1.06540993E-02
1.65731325E-02  4.61071908E-01  1.04546342E-02
1.68717475E-02  4.55431283E-01  9.54214483E-03
1.71703625E-02  4.24360245E-01  9.68970079E-03
1.74689775E-02  4.11829501E-01  8.81233718E-03
1.77675925E-02  3.94605815E-01  8.48271418E-03
1.80662075E-02  3.70201409E-01  8.55171587E-03
1.83648225E-02  3.82776082E-01  7.81501271E-03
1.86634375E-02  3.51440996E-01  7.83498958E-03
1.89620525E-02  3.38081121E-01  7.24090170E-03
1.92606675E-02  3.16560447E-01  7.10699195E-03
1.95592825E-02  3.17236334E-01  7.18398811E-03
1.98578975E-02  3.09845865E-01  6.57315226E-03
2.01565125E-02  2.95999497E-01  6.65209442E-03
2.04551275E-02  2.88813204E-01  6.16733730E-03
2.07537425E-02  2.84610957E-01  5.98154496E-03
2.10523575E-02  2.63260454E-01  5.43296104E-03
2.13509725E-02  2.57107228E-01  5.03938133E-03
2.16495875E-02  2.52542138E-01  4.97964490E-03
2.19482025E-02  2.33663023E-01  4.43646172E-03
2.22468175E-02  2.42456138E-01  4.72775847E-03
2.25454325E-02  2.32315466E-01  4.24431125E-03
2.28440475E-02  2.27516323E-01  4.30195965E-03
2.31426625E-02  2.19586030E-01  4.07901686E-03
2.34412775E-02  2.16842040E-01  3.89648392E-03
2.37398925E-02  2.11271659E-01  3.99194611E-03
2.40385075E-02  2.08324626E-01  3.72602814E-03
2.43371225E-02  2.12189987E-01  3.76043748E-03
2.46357375E-02  2.00323448E-01  3.75306071E-03
2.49343525E-02  1.96966544E-01  3.53876525E-03
2.52329675E-02  1.94157094E-01  3.68704414E-03
2.55315825E-02  1.92552239E-01  3.44007858E-03
2.58301975E-02  1.90054595E-01  3.43684247E-03
2.61288125E-02  1.94747746E-01  3.59535986E-03
2.64274275E-02  1.86901465E-01  3.29883187E-03
2.67260425E-02  1.83632359E-01  3.44337570E-03
2.70246575E-02  1.86612502E-01  3.25097051E-03
2.73232725E-02  1.83138296E-01  3.32429702E-03
2.76218875E-02  1.83094308E-01  3.37332720E-03
2.79205025E-02  1.73719436E-01  3.16376891E-03
2.82191175E-02  1.68000996E-01  3.10051488E-03
2.85177325E-02  1.57035604E-01  2.94723967E-03
2.88163475E-02  1.51642010E-01  2.98718642E-03
2.91149625E-02  1.53676063E-01  2.92041618E-03
2.94135775E-02  1.47774592E-01  2.83084763E-03
2.97121925E-02  1.37714863E-01  2.75539979E-03
3.00108075E-02  1.25899136E-01  2.54718796E-03
3.03094225E-02  1.19871736E-01  2.59671966E-03
3.06080375E-02  1.10522456E-01  2.41294713E-03
3.09066525E-02  1.11805856E-01  2.39297235E-03
3.12052675E-02  1.06202818E-01  2.40378780E-03
3.15038825E-02  9.74722356E-02  2.20392342E-03
3.18024975E-02  9.59176123E-02  2.21986300E-03
3.21011125E-02  9.35529098E-02  2.12127762E-03
3.23997275E-02  9.01741311E-02  2.02753721E-03
3.26983425E-02  8.64939839E-02  2.00230442E-03
3.29969575E-02  8.38402584E-02  1.86265702E-03
3.32955725E-02  8.02814439E-02  1.82269630E-03
3.35941875E-02  7.87945464E-02  1.72189949E-03
3.38928025E-02  7.37168863E-02  1.71480991E-03
3.41914175E-02  7.17083439E-02  1.64078991E-03
3.44900325E-02  7.00071901E-02  1.61031832E-03
3.47886474E-02  6.97390065E-02  1.57927745E-03
3.50872624E-02  7.16103315E-02  1.57016038E-03
3.53858774E-02  6.56813011E-02  1.55114208E-03
3.56844924E-02  7.00010136E-02  1.53969275E-03
3.59831074E-02  6.63119331E-02  1.47323473E-03
3.62817224E-02  6.56215847E-02  1.50151621E-03
3.65803374E-02  6.57640696E-02  1.45711272E-03
3.68789524E-02  5.92360720E-02  1.42955582E-03
3.71775674E-02  6.21960387E-02  1.43102347E-03
3.74761824E-02  6.11684620E-02  1.38130237E-03
3.77747974E-02  6.07097298E-02  1.38262624E-03
3.80734124E-02  5.79279624E-02  1.32930849E-03
3.83720274E-02  5.79503700E-02  1.37316983E-03
3.86706424E-02  5.77852875E-02  1.30623661E-03
3.89692574E-02  5.68595007E-02  1.33427430E-03
3.92678724E-02  5.61096519E-02  1.33556558E-03
3.95664874E-02  5.57480045E-02  1.28300500E-03
3.98651024E-02  5.63798621E-02  1.29140529E-03
4.01637174E-02  5.38176931E-02  1.24088256E-03
4.04623324E-02  5.43232672E-02  1.29085244E-03
4.07609474E-02  5.49533069E-02  1.25282758E-03
4.10595624E-02  5.59693947E-02  1.29015173E-03
4.13581774E-02  5.62896356E-02  1.27015787E-03
4.16567924E-02  5.73241748E-02  1.25601015E-03
4.19554074E-02  5.61886542E-02  1.27899833E-03
4.22540224E-02  5.67196719E-02  1.27500191E-03
4.25526374E-02  5.39673157E-02  1.22684683E-03
4.28512524E-02  5.57646416E-02  1.25132257E-03
4.31498674E-02  5.94115034E-02  1.27656024E-03
4.34484824E-02  5.82708046E-02  1.30362681E-03
4.37470974E-02  6.06599972E-02  1.27317896E-03
4.40457124E-02  6.07121885E-02  1.27992535E-03
4.43443274E-02  6.36316165E-02  1.33554963E-03
4.46429424E-02  6.36174455E-02  1.30595244E-03
4.49415574E-02  6.55790716E-02  1.36860867E-03
4.52401724E-02  6.67963400E-02  1.32017862E-03
4.55387874E-02  6.88573569E-02  1.36197743E-03
4.58374024E-02  7.26828203E-02  1.39929983E-03
4.61360174E-02  7.38388151E-02  1.39021885E-03
4.64346324E-02  7.33706504E-02  1.41280389E-03
4.67332474E-02  7.89145827E-02  1.41940964E-03
4.70318624E-02  8.04292709E-02  1.47558015E-03
4.73304774E-02  8.63197818E-02  1.52000668E-03
4.76290924E-02  9.24385637E-02  1.53978751E-03
4.79277074E-02  9.41472128E-02  1.54443493E-03
4.82263224E-02  9.93691832E-02  1.57589954E-03
4.85249374E-02  1.02277495E-01  1.64792303E-03
4.88235524E-02  1.10152632E-01  1.66802225E-03
4.91221674E-02  1.16738237E-01  1.70680147E-03
4.94207824E-02  1.21160693E-01  1.75742921E-03
4.97193974E-02  1.30571336E-01  1.79167686E-03
5.00180124E-02  1.35304600E-01  1.87453558E-03
5.03166274E-02  1.48325071E-01  1.90678169E-03
5.06152424E-02  1.56234369E-01  1.96276815E-03
5.09138574E-02  1.68071583E-01  2.06040638E-03
5.12124724E-02  1.78450122E-01  2.06719013E-03
5.15110874E-02  1.87431887E-01  2.15624203E-03
5.18097024E-02  2.05137685E-01  2.22280901E-03
5.21083174E-02  2.16912374E-01  2.28240318E-03
5.24069324E-02  2.27256119E-01  2.33788253E-03
5.27055474E-02  2.49780819E-01  2.43517733E-03
5.30041624E-02  2.63820022E-01  2.55056378E-03
5.33027774E-02  2.81740189E-01  2.57525267E-03
5.36013924E-02  2.93878913E-01  2.64519709E-03
5.39000074E-02  3.16182256E-01  2.69768690E-03
5.41986224E-02  3.27329248E-01  2.79973168E-03
5.44972374E-02  3.48778665E-01  2.85319192E-03
5.47958524E-02  3.69973689E-01  2.91815819E-03
5.50944674E-02  3.87909889E-01  3.03471624E-03
5.53930824E-02  3.98603052E-01  3.00817518E-03
5.56916974E-02  4.22920227E-01  3.08175921E-03
5.59903124E-02  4.34378952E-01  3.18862312E-03
5.62889274E-02  4.47803468E-01  3.16684460E-03
5.65875424E-02  4.58563685E-01  3.26241460E-03
5.68861574E-02  4.67467904E-01  3.23563372E-03
5.71847724E-02  4.79407996E-01  3.25480872E-03
5.74833874E-02  4.86661017E-01  3.31484037E-03
5.77820024E-02  4.87281829E-01  3.27707105E-03
5.80806174E-02  4.88325059E-01  3.36192781E-03
5.83792324E-02  4.90629315E-01  3.24969972E-03
5.86778474E-02  4.91574913E-01  3.30467266E-03
5.89764624E-02  4.85081166E-01  3.31850606E-03
5.92750774E-02  4.80118096E-01  3.16780270E-03
5.95736924E-02  4.66738820E-01  3.22011393E-03
5.98723074E-02  4.53531444E-01  3.10834893E-03
6.01709224E-02  4.49756891E-01  3.09142307E-03
6.04695374E-02  4.34048146E-01  3.08472384E-03
6.07681524E-02  4.28821504E-01  3.03419866E-03
6.10667674E-02  4.12849367E-01  2.99268379E-03
6.13653824E-02  3.99888784E-01  2.87838792E-03
6.16639974E-02  3.88774276E-01  2.87421630E-03
6.19626124E-02  3.74796331E-01  2.82569556E-03
6.22612274E-02  3.64118874E-01  2.73302756E-03
6.25598424E-02  3.45403314E-01  2.71962676E-03
6.28584574E-02  3.33757013E-01  2.62963865E-03
6.31570724E-02  3.16582978E-01  2.58376985E-03
6.34556874E-02  3.07349771E-01  2.47749942E-03
6.37543024E-02  2.93327600E-01  2.45301449E-03
6.40529174E-02  2.79744476E-01  2.42879870E-03
6.43515324E-02  2.76507825E-01  2.36851117E-03
6.46501474E-02  2.60981083E-01  2.35041813E-03
6.49487624E-02  2.54043132E-01  2.23369687E-03
6.52473774E-02  2.49715894E-01  2.23316951E-03
6.55459924E-02  2.44344383E-01  2.23334227E-03
6.58446074E-02  2.43964851E-01  2.20730691E-03
6.61432224E-02  2.37282008E-01  2.20083259E-03
6.64418374E-02  2.32225850E-01  2.12310930E-03
6.67404524E-02  2.26664513E-01  2.12505250E-03
6.70390674E-02  2.28037983E-01  2.14179186E-03
6.73376824E-02  2.27116376E-01  2.08144775E-03
6.76362974E-02  2.19951496E-01  2.09839549E-03
6.79349124E-02  2.21566841E-01  2.05941685E-03
6.82335274E-02  2.15883851E-01  2.04705121E-03
6.85321424E-02  2.17318401E-01  2.07829382E-03
6.88307574E-02  2.14774504E-01  2.02527363E-03
6.91293724E-02  2.13583201E-01  2.05055880E-03
6.94279874E-02  2.13592470E-01  2.00135470E-03
6.97266024E-02  2.12798879E-01  2.03237869E-03
7.00252174E-02  2.08988875E-01  1.99781358E-03
7.03238324E-02  2.09133923E-01  1.98260159E-03
7.06224474E-02  2.08352506E-01  2.00868933E-03
7.09210624E-02  2.09481940E-01  1.98876252E-03
7.12196774E-02  2.08627224E-01  1.98020204E-03
7.15182924E-02  2.07857355E-01  1.93324313E-03
7.18169074E-02  2.07045272E-01  1.98168005E-03
7.21155224E-02  2.07180172E-01  1.97556498E-03
7.24141374E-02  2.11262718E-01  1.98370940E-03
7.27127524E-02  2.08423048E-01  1.96154718E-03
7.30113674E-02  2.06245288E-01  1.93625549E-03
7.33099824E-02  2.05919728E-01  1.94541120E-03
7.36085974E-02  2.02819884E-01  1.93716062E-03
7.39072124E-02  2.05395967E-01  1.91349792E-03
7.42058274E-02  2.03543052E-01  1.94495497E-03
7.45044424E-02  2.07302958E-01  1.92858744E-03
7.48030574E-02  2.08046526E-01  1.94469979E-03
7.51016724E-02  2.08898008E-01  1.94654567E-03
7.54002874E-02  2.08114877E-01  1.91180664E-03
7.56989024E-02  2.05484256E-01  1.93269120E-03
7.59975174E-02  2.09331214E-01  1.91942009E-03
7.62961324E-02  2.12514028E-01  1.94014050E-03
7.65947474E-02  2.08152592E-01  1.91401143E-03
7.68933624E-02  2.10306093E-01  1.92593166E-03
7.71919774E-02  2.12909088E-01  1.95874250E-03
7.74905924E-02  2.11292893E-01  1.90826925E-03
7.77892074E-02  2.13156551E-01  1.92872249E-03
7.80878224E-02  2.13251367E-01  1.91312621E-03
7.83864374E-02  2.15415284E-01  1.91983383E-03
7.86850524E-02  2.15245202E-01  1.95049797E-03
7.89836674E-02  2.18015790E-01  1.93839683E-03
7.92822824E-02  2.18691215E-01  1.92546879E-03
7.95808974E-02  2.20752716E-01  1.91698142E-03
7.98795124E-02  2.19324112E-01  1.94825884E-03
8.01781274E-02  2.23274514E-01  1.98233384E-03
8.04767424E-02  2.22963274E-01  1.93043612E-03
8.07753574E-02  2.22344086E-01  1.94746675E-03
8.10739724E-02  2.24667519E-01  1.93585397E-03
8.13725874E-02  2.25457251E-01  1.93150551E-03
8.16712024E-02  2.27708608E-01  1.97285297E-03
8.19698174E-02  2.28870034E-01  1.92695507E-03
8.22684324E-02  2.30142176E-01  1.97323528E-03
8.25670474E-02  2.31863394E-01  1.95681001E-03
8.28656624E-02  2.36763850E-01  1.99130038E-03
8.31642774E-02  2.37995028E-01  1.96885201E-03
8.34628924E-02  2.40323871E-01  1.98040716E-03
8.37615074E-02  2.40297243E-01  2.01016944E-03
8.40601224E-02  2.39070386E-01  1.96368759E-03
8.43587374E-02  2.43219778E-01  1.98840140E-03
8.46573524E-02  2.43501186E-01  1.97988073E-03
8.49559674E-02  2.44062901E-01  1.99576118E-03
8.52545824E-02  2.47173324E-01  2.01240112E-03
8.55531974E-02  2.52700716E-01  2.00146809E-03
8.58518124E-02  2.51024634E-01  2.00441619E-03
8.61504274E-02  2.50120133E-01  1.97991170E-03
8.64490424E-02  2.54903406E-01  2.03163503E-03
8.67476574E-02  2.55251676E-01  2.02906854E-03
8.70462724E-02  2.60239631E-01  2.01482046E-03
8.73448874E-02  2.60000437E-01  2.02921103E-03
8.76435024E-02  2.57687986E-01  2.00022734E-03
8.79421174E-02  2.58536279E-01  2.03616056E-03
8.82407324E-02  2.62234688E-01  2.04279460E-03
8.85393474E-02  2.64849424E-01  2.02405266E-03
8.88379624E-02  2.62593627E-01  2.03061244E-03
8.91365774E-02  2.62074023E-01  2.00225762E-03
8.94351924E-02  2.61571974E-01  2.01525446E-03
8.97338074E-02  2.67297655E-01  2.02585431E-03
9.00324224E-02  2.64020890E-01  2.00783601E-03
9.03310374E-02  2.69951046E-01  2.05305265E-03
9.06296524E-02  2.68078744E-01  2.02135113E-03
9.09282674E-02  2.67085671E-01  2.01575528E-03
9.12268824E-02  2.67838448E-01  2.01490521E-03
9.15254974E-02  2.73570687E-01  2.02895608E-03
9.18241124E-02  2.72446543E-01  2.05481099E-03
9.21227274E-02  2.72838086E-01  2.03735358E-03
9.24213424E-02  2.75387049E-01  2.01210869E-03
9.27199574E-02  2.79590607E-01  2.04560859E-03
9.30185724E-02  2.82585919E-01  2.06025736E-03
9.33171874E-02  2.78748095E-01  2.06690002E-03
9.36158024E-02  2.84982622E-01  2.01846473E-03
9.39144174E-02  2.81745374E-01  2.05906038E-03
9.42130324E-02  2.82360703E-01  2.05018721E-03
9.45116474E-02  2.89160997E-01  2.06548837E-03
9.48102624E-02  2.89670795E-01  2.07655970E-03
9.51088774E-02  2.90546447E-01  2.03983928E-03
9.54074924E-02  2.90710747E-01  2.06734915E-03
9.57061074E-02  2.97700226E-01  2.08651857E-03
9.60047224E-02  3.02196324E-01  2.10407213E-03
9.63033374E-02  2.99113691E-01  2.07328261E-03
9.66019524E-02  3.02893460E-01  2.09726626E-03
9.69005674E-02  3.07639569E-01  2.10810965E-03
9.71991824E-02  3.06976080E-01  2.10036011E-03
9.74977974E-02  3.15797359E-01  2.12298660E-03
9.77964124E-02  3.18644077E-01  2.12523877E-03
9.80950274E-02  3.19264829E-01  2.14199349E-03
9.83936424E-02  3.20361912E-01  2.14660191E-03
9.86922574E-02  3.23412180E-01  2.15493236E-03
9.89908724E-02  3.26699972E-01  2.14281329E-03
9.92894874E-02  3.31146717E-01  2.15098378E-03
9.95881024E-02  3.31233293E-01  2.16867868E-03
9.98867174E-02  3.35818052E-01  2.19114847E-03
1.00185332E-01  3.45921129E-01  2.17388547E-03
1.00483947E-01  3.44524652E-01  2.20423844E-03
1.00782562E-01  3.53155911E-01  2.20468547E-03
1.01081177E-01  3.56296927E-01  2.23683892E-03
1.01379792E-01  3.60559613E-01  2.24166363E-03
1.01678407E-01  3.64600509E-01  2.22998299E-03
1.01977022E-01  3.65689665E-01  2.25755875E-03
1.02275637E-01  3.69578719E-01  2.26953346E-03
1.02574252E-01  3.78567755E-01  2.28738715E-03
1.02872867E-01  3.79272193E-01  2.26512924E-03
1.03171482E-01  3.88501614E-01  2.29066005E-03
1.03470097E-01  3.87819678E-01  2.29238439E-03
1.03768712E-01  3.98210406E-01  2.34403694E-03
1.04067327E-01  4.03847605E-01  2.31855223E-03
1.04365942E-01  4.09243792E-01  2.36064638E-03
1.04664557E-01  4.19449925E-01  2.38794531E-03
1.04963172E-01  4.22748417E-01  2.37984071E-03
1.05261787E-01  4.29585546E-01  2.40484043E-03
1.05560402E-01  4.40385967E-01  2.40961276E-03
1.05859017E-01  4.45405513E-01  2.45470484E-03
1.06157632E-01  4.50209469E-01  2.45197443E-03
1.06456247E-01  4.59478140E-01  2.47708801E-03
1.06754862E-01  4.69566137E-01  2.47445283E-03
1.07053477E-01  4.75794911E-01  2.50661513E-03
1.07352092E-01  4.88446742E-01  2.53972551E-03
1.07650707E-01  4.91408467E-01  2.54944526E-03
1.07949322E-01  5.03336012E-01  2.57610041E-03
1.08247937E-01  5.13872623E-01  2.60086148E-03
1.08546552E-01  5.16123593E-01  2.61695147E-03
1.08845167E-01  5.34728229E-01  2.62008375E-03
1.09143782E-01  5.34734547E-01  2.65103672E-03
1.09442397E-01  5.45030653E-01  2.64316518E-03
1.09741012E-01  5.57951212E-01  2.68261274E-03
1.10039627E-01  5.65043449E-01  2.72083492E-03
1.10338242E-01  5.80329299E-01  2.74014729E-03
1.10636857E-01  5.88185608E-01  2.72486336E-03
1.10935472E-01  6.00691855E-01  2.75159068E-03
1.11234087E-01  6.06348038E-01  2.79005640E-03
1.11532702E-01  6.20948672E-01  2.82127014E-03
1.11831317E-01  6.24846876E-01  2.81493971E-03
1.12129932E-01  6.36956990E-01  2.84753321E-03
1.12428547E-01  6.51340127E-01  2.87840329E-03
1.12727162E-01  6.58334434E-01  2.88169994E-03
1.13025777E-01  6.70304596E-01  2.90447450E-03
1.13324392E-01  6.78505361E-01  2.91776960E-03
1.13623007E-01  6.91038609E-01  2.95129744E-03
1.13921622E-01  7.01596558E-01  2.97602103E-03
1.14220237E-01  7.14535415E-01  2.97408295E-03
1.14518852E-01  7.22940862E-01  2.96728662E-03
1.14817467E-01  7.32625723E-01  3.02963005E-03
1.15116082E-01  7.40492344E-01  3.04355915E-03
1.15414697E-01  7.49961972E-01  3.04920552E-03
1.15713312E-01  7.52850354E-01  3.02583887E-03
1.16011927E-01  7.60576487E-01  3.05253081E-03
1.16310542E-01  7.63790905E-01  3.08643328E-03
1.16609157E-01  7.72180319E-01  3.06894723E-03
1.16907772E-01  7.75243461E-01  3.08639114E-03
1.17206387E-01  7.79941142E-01  3.08320485E-03
1.17505002E-01  7.85712481E-01  3.07546067E-03
1.17803617E-01  7.80593932E-01  3.09932791E-03
1.18102232E-01  7.87228763E-01  3.08290753E-03
1.18400847E-01  7.87262976E-01  3.08747194E-03
1.18699462E-01  7.88114011E-01  3.08240601E-03
1.18998077E-01  7.87815750E-01  3.05313664E-03
1.19296692E-01  7.85860658E-01  3.10747977E-03
1.19595307E-01  7.82402933E-01  3.04480735E-03
1.19893922E-01  7.84424722E-01  3.04223481E-03
1.20192537E-01  7.80165434E-01  3.06906854E-03
1.20491152E-01  7.81025589E-01  3.02704889E-03
1.20789767E-01  7.76595950E-01  3.04657547E-03
1.21088382E-01  7.69719779E-01  3.02870339E-03
1.21386997E-01  7.69497871E-01  3.00463638E-03
1.21685612E-01  7.63609350E-01  3.02100461E-03
1.21984227E-01  7.63151288E-01  3.00072110E-03
1.22282842E-01  7.55039692E-01  2.96374434E-03
1.22581457E-01  7.51603782E-01  2.93648988E-03
1.22880072E-01  7.46836782E-01  2.97908857E-03
1.23178687E-01  7.42887437E-01  2.94393557E-03
1.23477302E-01  7.30593503E-01  2.92771915E-03
1.23775917E-01  7.25825667E-01  2.88371393E-03
1.24074532E-01  7.17266023E-01  2.89476803E-03
1.24373147E-01  7.09056377E-01  2.87411478E-03
1.24671762E-01  6.96657360E-01  2.83301738E-03
1.24970377E-01  6.87954783E-01  2.80748773E-03
1.25268992E-01  6.75847948E-01  2.77884468E-03
1.25567607E-01  6.65982008E-01  2.74529657E-03
1.25866222E-01  6.49362445E-01  2.75435625E-03
1.26164837E-01  6.35416925E-01  2.69445288E-03
1.26463452E-01  6.29852295E-01  2.66980054E-03
1.26762067E-01  6.15902305E-01  2.65093707E-03
1.27060682E-01  6.01471841E-01  2.61252793E-03
1.27359297E-01  5.89289308E-01  2.62479926E-03
1.27657912E-01  5.77090681E-01  2.53659510E-03
1.27956527E-01  5.62018752E-01  2.51425407E-03
1.28255142E-01  5.50757170E-01  2.50683655E-03
1.28553757E-01  5.43894291E-01  2.44781491E-03
1.28852372E-01  5.31803787E-01  2.43015261E-03
1.29150987E-01  5.20511270E-01  2.40421551E-03
1.29449602E-01  5.18526793E-01  2.41420860E-03
1.29748217E-01  5.03930092E-01  2.37837853E-03
1.30046832E-01  4.97000068E-01  2.34303693E-03
1.30345447E-01  4.98643965E-01  2.34069023E-03
1.30644062E-01  4.86041337E-01  2.30787182E-03
1.30942677E-01  4.81406182E-01  2.31370423E-03
1.31241292E-01  4.75586414E-01  2.29201606E-03
1.31539907E-01  4.66348261E-01  2.25766352E-03
1.31838522E-01  4.64498848E-01  2.26364075E-03
1.32137137E-01  4.56405580E-01  2.26423866E-03
1.32435752E-01  4.48643208E-01  2.27433140E-03
1.32734367E-01  4.48827177E-01  2.27164733E-03
1.33032982E-01  4.40879494E-01  2.27520592E-03
1.33331597E-01  4.33248550E-01  2.25543254E-03
1.33630212E-01  4.32813168E-01  2.26392853E-03
1.33928827E-01  4.25085515E-01  2.27801036E-03
1.34227442E-01  4.21923578E-01  2.21482944E-03
1.34526057E-01  4.18731570E-01  2.25101737E-03
1.34824672E-01  4.13027465E-01  2.25211028E-03
1.35123287E-01  4.11304623E-01  2.23422959E-03
1.35421902E-01  4.09718990E-01  2.24974332E-03
1.35720517E-01  4.02108610E-01  2.20589456E-03
1.36019132E-01  4.02442247E-01  2.24645855E-03
1.36317747E-01  3.95750135E-01  2.20614881E-03
1.36616362E-01  3.92673939E-01  2.19107792E-03
1.36914977E-01  3.88280720E-01  2.20326171E-03
1.37213592E-01  3.83937120E-01  2.19421298E-03
1.37512207E-01  3.81037503E-01  2.20769853E-03
1.37810822E-01  3.82183373E-01  2.18920130E-03
1.38109437E-01  3.78472447E-01  2.17854953E-03
1.38408052E-01  3.71283144E-01  2.16595666E-03
1.38706667E-01  3.70321542E-01  2.16810848E-03
1.39005282E-01  3.68487269E-01  2.18626182E-03
1.39303897E-01  3.62815738E-01  2.12660758E-03
1.39602512E-01  3.60726386E-01  2.16143369E-03
1.39901127E-01  3.55680376E-01  2.14292505E-03
1.40199742E-01  3.58750343E-01  2.14218441E-03
1.40498357E-01  3.49207103E-01  2.13583326E-03
1.40796972E-01  3.49283069E-01  2.10805843E-03
1.41095587E-01  3.48463744E-01  2.13608658E-03
1.41394202E-01  3.46398234E-01  2.11643800E-03
1.41692817E-01  3.44838351E-01  2.12495099E-03
1.41991432E-01  3.40714514E-01  2.11220933E-03
1.42290047E-01  3.42543960E-01  2.10300111E-03
1.42588662E-01  3.35826993E-01  2.11036718E-03
1.42887277E-01  3.33976448E-01  2.09287833E-03
1.43185892E-01  3.34682167E-01  2.08850275E-03
1.43484507E-01  3.28898668E-01  2.08682637E-03
1.43783122E-01  3.30397367E-01  2.07428192E-03
1.44081737E-01  3.24215174E-01  2.06126343E-03
1.44380352E-01  3.25040340E-01  2.04699324E-03
1.44678967E-01  3.19321096E-01  2.00644461E-03
1.44977582E-01  3.18925977E-01  2.04519578E-03
1.45276197E-01  3.21436584E-01  2.02309480E-03
1.45574812E-01  3.19036275E-01  2.03912216E-03
1.45873427E-01  3.17406893E-01  1.98690011E-03
1.46172042E-01  3.14874262E-01  1.99319446E-03
1.46470657E-01  3.07081670E-01  1.99198001E-03
1.46769272E-01  3.11128557E-01  1.98130868E-03
1.47067887E-01  3.10860246E-01  1.97595754E-03
1.47366502E-01  3.05955857E-01  1.95074291E-03
1.47665117E-01  3.02123100E-01  1.94139895E-03
1.47963732E-01  3.05963725E-01  1.97609910E-03
1.48262347E-01  3.02054584E-01  1.94264401E-03
1.48560962E-01  2.95886815E-01  1.92561047E-03
1.48859577E-01  3.01810771E-01  1.91890041E-03
1.49158192E-01  2.95921087E-01  1.93968439E-03
1.49456807E-01  2.93891668E-01  1.91048323E-03
1.49755422E-01  2.90978044E-01  1.89603493E-03
1.50054037E-01  2.87599117E-01  1.89703226E-03
1.50352652E-01  2.88931072E-01  1.87752210E-03
1.50651267E-01  2.87917942E-01  1.90095580E-03
1.50949882E-01  2.86017925E-01  1.86529895E-03
1.51248497E-01  2.83942133E-01  1.86743424E-03
1.51547112E-01  2.80199677E-01  1.88747642E-03
1.51845727E-01  2.82345533E-01  1.83986290E-03
1.52144342E-01  2.78081566E-01  1.87104475E-03
1.52442957E-01  2.77344674E-01  1.81305897E-03
1.52741572E-01  2.73881584E-01  1.82799087E-03
1.53040187E-01  2.71795839E-01  1.84698659E-03
1.53338802E-01  2.76408881E-01  1.82504766E-03
1.53637417E-01  2.72771448E-01  1.83510839E-03
1.53936032E-01  2.72843271E-01  1.80865510E-03
1.54234647E-01  2.69780457E-01  1.80238567E-03
1.54533262E-01  2.67090499E-01  1.82133028E-03
1.54831877E-01  2.64540464E-01  1.78739487E-03
1.55130492E-01  2.62793720E-01  1.78408343E-03
1.55429107E-01  2.61328161E-01  1.76945073E-03
1.55727722E-01  2.59751529E-01  1.78154546E-03
1.56026337E-01  2.58794814E-01  1.76788738E-03
1.56324952E-01  2.58072466E-01  1.75967137E-03
1.56623567E-01  2.56683558E-01  1.77492294E-03
1.56922182E-01  2.58599967E-01  1.75577414E-03
1.57220797E-01  2.56264031E-01  1.77151395E-03
1.57519412E-01  2.55826384E-01  1.74822146E-03
1.57818027E-01  2.52453297E-01  1.73541240E-03
1.58116642E-01  2.50180572E-01  1.75101368E-03
1.58415257E-01  2.52514362E-01  1.73562707E-03
1.58713872E-01  2.48604983E-01  1.73845387E-03
1.59012487E-01  2.47426614E-01  1.70948287E-03
1.59311102E-01  2.46195093E-01  1.73128012E-03
1.59609717E-01  2.46062919E-01  1.73399877E-03
1.59908332E-01  2.43764639E-01  1.68603426E-03
1.60206947E-01  2.46632352E-01  1.71284867E-03
1.60505562E-01  2.44503736E-01  1.70544349E-03
1.60804177E-01  2.42947400E-01  1.69818569E-03
1.61102792E-01  2.40698621E-01  1.69091485E-03
1.61401407E-01  2.42603496E-01  1.69095548E-03
1.61700022E-01  2.41858646E-01  1.68596860E-03
1.61998637E-01  2.38346636E-01  1.67725014E-03
1.62297252E-01  2.38663986E-01  1.68617663E-03
1.62595867E-01  2.40535378E-01  1.69156387E-03
1.62894482E-01  2.40367502E-01  1.67192204E-03
1.63193097E-01  2.36051112E-01  1.68115471E-03
1.63491712E-01  2.35958412E-01  1.65305252E-03
1.63790327E-01  2.36200124E-01  1.67987426E-03
1.64088942E-01  2.37243593E-01  1.65524601E-03
1.64387557E-01  2.36696437E-01  1.66613283E-03
1.64686172E-01  2.32570499E-01  1.67113775E-03
1.64984787E-01  2.32140109E-01  1.63963495E-03
1.65283402E-01  2.31244892E-01  1.64684118E-03
1.65582017E-01  2.31162682E-01  1.63277204E-03
1.65880632E-01  2.28849441E-01  1.63139601E-03
1.66179247E-01  2.30787933E-01  1.65164832E-03
1.66477862E-01  2.31307268E-01  1.63046154E-03
1.66776477E-01  2.30608582E-01  1.64226803E-03
1.67075092E-01  2.32374713E-01  1.65204110E-03
1.67373707E-01  2.23739862E-01  1.61592418E-03
1.67672322E-01  2.24825025E-01  1.61870348E-03
1.67970937E-01  2.22909719E-01  1.59674010E-03
1.68269552E-01  2.26649255E-01  1.62298582E-03
1.68568167E-01  2.24989489E-01  1.60087226E-03
1.68866782E-01  2.24063456E-01  1.62109651E-03
1.69165397E-01  2.22668812E-01  1.60363631E-03
1.69464012E-01  2.21707508E-01  1.59025146E-03
1.69762627E-01  2.21091509E-01  1.59850717E-03
1.70061242E-01  2.18600124E-01  1.58397574E-03
1.70359857E-01  2.19474167E-01  1.60555518E-03
1.70658472E-01  2.21002176E-01  1.58230483E-03
1.70957087E-01  2.19785795E-01  1.58390030E-03
1.71255702E-01  2.16092646E-01  1.58977637E-03
1.71554317E-01  2.19616741E-01  1.56669400E-03
1.71852932E-01  2.16136068E-01  1.57395005E-03
1.72151547E-01  2.18753323E-01  1.57801772E-03
1.72450162E-01  2.13597625E-01  1.56306755E-03
1.72748777E-01  2.15701923E-01  1.57455052E-03
1.73047392E-01  2.15134859E-01  1.56545569E-03
1.73346007E-01  2.13315412E-01  1.56150409E-03
1.73644622E-01  2.11336926E-01  1.54681411E-03
1.73943237E-01  2.09408507E-01  1.54026819E-03
1.74241852E-01  2.07343996E-01  1.54215586E-03
1.74540467E-01  2.08944961E-01  1.52869278E-03
1.74839082E-01  2.10526213E-01  1.55341346E-03
1.75137697E-01  2.08627388E-01  1.53166661E-03
1.75436312E-01  2.03361332E-01  1.52203604E-03
1.75734927E-01  2.05609947E-01  1.51187868E-03
1.76033542E-01  2.03613222E-01  1.50907435E-03
1.76332157E-01  2.04310104E-01  1.53456209E-03
1.76630772E-01  2.02033967E-01  1.49918254E-03
1.76929387E-01  2.01878414E-01  1.52171578E-03
1.77228002E-01  1.99839413E-01  1.48506649E-03
1.77526617E-01  1.98324740E-01  1.49036315E-03
1.77825232E-01  1.96740061E-01  1.48942950E-03
1.78123847E-01  1.94625169E-01  1.47540716E-03
1.78422462E-01  1.98182523E-01  1.48883229E-03
1.78721077E-01  1.96085393E-01  1.48494157E-03
1.79019692E-01  1.92539126E-01  1.47195323E-03
1.79318307E-01  1.93649948E-01  1.47669588E-03
1.79616922E-01  1.86420441E-01  1.42726302E-03
1.79915537E-01  1.86487794E-01  1.44668540E-03
1.80214152E-01  1.86577499E-01  1.43449020E-03
1.80512767E-01  1.84192315E-01  1.43970561E-03
1.80811382E-01  1.81935191E-01  1.42699748E-03
1.81109997E-01  1.83422104E-01  1.41949044E-03
1.81408612E-01  1.81666330E-01  1.42690912E-03
1.81707227E-01  1.80592820E-01  1.41459890E-03
1.82005842E-01  1.81701481E-01  1.41893665E-03
1.82304457E-01  1.77199289E-01  1.39337080E-03
1.82603072E-01  1.76212847E-01  1.39548536E-03
1.82901687E-01  1.73935786E-01  1.39623031E-03
1.83200302E-01  1.73653066E-01  1.38256012E-03
1.83498917E-01  1.71005875E-01  1.36656093E-03
1.83797532E-01  1.71229839E-01  1.36521575E-03
1.84096147E-01  1.68254748E-01  1.36589492E-03
1.84394762E-01  1.65514484E-01  1.35699532E-03
1.84693377E-01  1.66400909E-01  1.35115709E-03
1.84991992E-01  1.64408684E-01  1.35020004E-03
1.85290607E-01  1.63479626E-01  1.32919056E-03
1.85589222E-01  1.61556199E-01  1.33090967E-03
1.85887837E-01  1.60842448E-01  1.32404163E-03
1.86186452E-01  1.59397975E-01  1.31549791E-03
1.86485067E-01  1.57363698E-01  1.31396728E-03
1.86783682E-01  1.54438376E-01  1.29784725E-03
1.87082297E-01  1.51500255E-01  1.29096617E-03
1.87380912E-01  1.53971657E-01  1.29292114E-03
1.87679527E-01  1.49541840E-01  1.26349821E-03
1.87978142E-01  1.49269834E-01  1.27805327E-03
1.88276757E-01  1.46319509E-01  1.26245443E-03
1.88575372E-01  1.46301106E-01  1.26611884E-03
1.88873987E-01  1.41969249E-01  1.23949256E-03
1.89172602E-01  1.43358007E-01  1.23870198E-03
1.89471217E-01  1.40636951E-01  1.23608520E-03
1.89769832E-01  1.38854280E-01  1.23145396E-03
1.90068447E-01  1.37190476E-01  1.20672607E-03
1.90367062E-01  1.33951962E-01  1.20360381E-03
1.90665677E-01  1.33538499E-01  1.19901786E-03
1.90964292E-01  1.30984113E-01  1.18519471E-03
1.91262907E-01  1.32406786E-01  1.19664776E-03
1.91561522E-01  1.28168792E-01  1.16267521E-03
1.91860137E-01  1.27801374E-01  1.17680628E-03
1.92158752E-01  1.24594249E-01  1.15593208E-03
1.92457367E-01  1.25347331E-01  1.16092199E-03
1.92755982E-01  1.23470180E-01  1.14738138E-03
1.93054597E-01  1.20447822E-01  1.13398139E-03
1.93353212E-01  1.23121701E-01  1.14065164E-03
1.93651827E-01  1.16587177E-01  1.12180866E-03
1.93950442E-01  1.15602061E-01  1.11094210E-03
1.94249057E-01  1.15043506E-01  1.10050431E-03
1.94547672E-01  1.12138405E-01  1.09488028E-03
1.94846287E-01  1.13379374E-01  1.09880453E-03
1.95144902E-01  1.11194469E-01  1.09414547E-03
1.95443517E-01  1.10251129E-01  1.06658577E-03
1.95742132E-01  1.09742448E-01  1.07897003E-03
1.96040747E-01  1.07630432E-01  1.07059185E-03
1.96339362E-01  1.04639366E-01  1.05798931E-03
1.96637977E-01  1.05759181E-01  1.05317764E-03
1.96936592E-01  1.04182459E-01  1.04728469E-03
1.97235207E-01  1.02878645E-01  1.04435906E-03
1.97533822E-01  1.02097146E-01  1.03642582E-03
1.97832437E-01  1.00810573E-01  1.03315338E-03
1.98131052E-01  1.00400738E-01  1.02551223E-03
1.98429667E-01  9.76843461E-02  1.01250410E-03
1.98728282E-01  9.75241512E-02  1.01488596E-03
1.99026897E-01  9.68840942E-02  1.00518181E-03
1.99325512E-01  9.61531401E-02  1.00454246E-03
1.99624127E-01  9.21282396E-02  9.82984318E-04
1.99922742E-01  9.29302648E-02  9.85390972E-04
2.00221357E-01  9.37410370E-02  9.95331910E-04
2.00519972E-01  9.04522389E-02  9.67915810E-04
2.00818587E-01  9.02423486E-02  9.65891057E-04
2.01117202E-01  8.94034281E-02  9.70801921E-04
2.01415817E-01  8.78002048E-02  9.52439033E-04
2.01714432E-01  8.63119885E-02  9.48769855E-04
2.02013047E-01  8.59860405E-02  9.43137857E-04
2.02311662E-01  8.62813145E-02  9.48604662E-04
2.02610277E-01  8.49771127E-02  9.43782390E-04
2.02908892E-01  8.28235596E-02  9.21628205E-04
2.03207507E-01  8.29872862E-02  9.26264329E-04
2.03506122E-01  8.21736306E-02  9.20283375E-04
2.03804737E-01  8.11706558E-02  9.15503828E-04
2.04103352E-01  7.95381665E-02  9.09081893E-04
2.04401967E-01  8.03349689E-02  9.12485062E-04
2.04700582E-01  7.74586871E-02  8.88278359E-04
2.04999197E-01  7.83292204E-02  8.95732373E-04
2.05297812E-01  7.64827132E-02  8.93694581E-04
2.05596427E-01  7.76678026E-02  8.93323740E-04
2.05895042E-01  7.48738497E-02  8.79288127E-04
2.06193657E-01  7.40827620E-02  8.68979900E-04
2.06492272E-01  7.41660520E-02  8.68404983E-04
2.06790887E-01  7.35497698E-02  8.74477846E-04
2.07089502E-01  7.18901083E-02  8.50309152E-04
2.07388117E-01  7.14541450E-02  8.58714688E-04
2.07686732E-01  6.99402466E-02  8.46161449E-04
2.07985347E-01  6.88087270E-02  8.36460502E-04
2.08283962E-01  6.88614100E-02  8.38838168E-04
2.08582577E-01  7.11859241E-02  8.46911513E-04
2.08881192E-01  6.67249709E-02  8.23702314E-04
2.09179807E-01  6.65737242E-02  8.26572475E-04
2.09478422E-01  6.58097044E-02  8.12094193E-04
2.09777037E-01  6.47936612E-02  8.14193743E-04
2.10075652E-01  6.65619746E-02  8.17465479E-04
2.10374267E-01  6.38881773E-02  8.10988364E-04
2.10672882E-01  6.45488277E-02  8.12658516E-04
2.10971497E-01  6.22242540E-02  7.84949341E-04
2.11270112E-01  6.34703189E-02  8.05100542E-04
2.11568727E-01  6.18512295E-02  7.86590565E-04
2.11867342E-01  6.26098365E-02  7.98891240E-04
2.12165957E-01  6.12852611E-02  7.83458177E-04
2.12464572E-01  6.11248836E-02  7.81727373E-04
2.12763187E-01  5.90340793E-02  7.71967694E-04
2.13061802E-01  5.79394102E-02  7.64082302E-04
2.13360417E-01  5.78162372E-02  7.66063575E-04
2.13659032E-01  5.85937575E-02  7.63084448E-04
2.13957647E-01  5.74593879E-02  7.56568741E-04
2.14256262E-01  5.69959059E-02  7.56923750E-04
2.14554877E-01  5.62154353E-02  7.47218088E-04
2.14853492E-01  5.39136194E-02  7.32857618E-04
2.15152107E-01  5.35562672E-02  7.29551946E-04
2.15450722E-01  5.48679680E-02  7.45830243E-04
2.15749337E-01  5.40288873E-02  7.34967820E-04
2.16047952E-01  5.29686585E-02  7.25325895E-04
2.16346567E-01  5.33604175E-02  7.28440180E-04
2.16645182E-01  5.29868565E-02  7.21795310E-04
2.16943797E-01  5.14803901E-02  7.15281465E-04
2.17242412E-01  5.26000410E-02  7.27823470E-04
2.17541027E-01  5.03192507E-02  7.00705568E-04
2.17839642E-01  5.15269190E-02  7.21238379E-04
2.18138257E-01  5.04443944E-02  7.00346427E-04
2.18436872E-01  4.96529341E-02  7.02058140E-04
2.18735487E-01  4.96256426E-02  6.98329590E-04
2.19034102E-01  4.77956012E-02  6.85739506E-04
2.19332717E-01  4.89249825E-02  6.98358461E-04
2.19631332E-01  4.76972125E-02  6.86664134E-04
2.19929947E-01  4.81063202E-02  6.86952844E-04
2.20228562E-01  4.68507484E-02  6.75739779E-04
2.20527177E-01  4.56171520E-02  6.70333277E-04
2.20825792E-01  4.68711145E-02  6.80292491E-04
2.21124407E-01  4.66337055E-02  6.76561729E-04
2.21423022E-01  4.51389961E-02  6.64455700E-04
2.21721637E-01  4.48760316E-02  6.61158119E-04
2.22020252E-01  4.47330996E-02  6.59912301E-04
2.22318867E-01  4.50510457E-02  6.66563981E-04
2.22617482E-01  4.33129333E-02  6.45958236E-04
2.22916097E-01  4.39850874E-02  6.59809331E-04
2.23214712E-01  4.40566353E-02  6.53570052E-04
2.23513327E-01  4.25038263E-02  6.46301196E-04
2.23811942E-01  4.32270803E-02  6.48147019E-04
2.24110557E-01  4.22303751E-02  6.38025929E-04
2.24409172E-01  4.20061350E-02  6.41184277E-04
2.24707787E-01  4.16183099E-02  6.32105977E-04
2.25006402E-01  4.01460268E-02  6.28125679E-04
2.25305017E-01  4.01577987E-02  6.17009588E-04
2.25603632E-01  4.00798731E-02  6.25028450E-04
2.25902247E-01  3.86306196E-02  6.14346412E-04
2.26200862E-01  3.90736274E-02  6.14438148E-04
2.26499477E-01  3.93403992E-02  6.14393794E-04
2.26798092E-01  3.94470505E-02  6.18629798E-04
2.27096707E-01  3.97870578E-02  6.20386680E-04
2.27395322E-01  3.77999656E-02  6.06998336E-04
2.27693937E-01  3.90760042E-02  6.09521754E-04
2.27992552E-01  3.85899842E-02  6.07810449E-04
2.28291167E-01  3.74938771E-02  5.98772604E-04
2.28589782E-01  3.83023433E-02  6.10129617E-04
2.28888397E-01  3.69449891E-02  5.97130915E-04
2.29187012E-01  3.65515575E-02  5.89005183E-04
2.29485627E-01  3.77909169E-02  6.01144624E-04
2.29784242E-01  3.67813632E-02  5.95810765E-04
2.30082857E-01  3.57538350E-02  5.83546527E-04
2.30381472E-01  3.71099450E-02  5.93322562E-04
2.30680087E-01  3.51658277E-02  5.79062442E-04
2.30978702E-01  3.53852846E-02  5.80867636E-04
2.31277317E-01  3.59542370E-02  5.86193055E-04
2.31575932E-01  3.48543711E-02  5.76992694E-04
2.31874547E-01  3.42278741E-02  5.67399431E-04
2.32173162E-01  3.52633148E-02  5.78709529E-04
2.32471777E-01  3.44610699E-02  5.73237601E-04
2.32770392E-01  3.45949195E-02  5.72383986E-04
2.33069007E-01  3.49908210E-02  5.75323298E-04
2.33367622E-01  3.34944762E-02  5.60817600E-04
2.33666237E-01  3.41389738E-02  5.71048760E-04
2.33964852E-01  3.30813155E-02  5.57823223E-04
2.34263467E-01  3.29121426E-02  5.56396204E-04
2.34562082E-01  3.36291231E-02  5.63863025E-04
2.34860697E-01  3.24124768E-02  5.52628131E-04
2.35159312E-01  3.31567787E-02  5.59573178E-04
2.35457927E-01  3.24290805E-02  5.50436613E-04
2.35756542E-01  3.28527093E-02  5.51854202E-04
2.36055157E-01  3.25445347E-02  5.53914404E-04
2.36353772E-01  3.26023251E-02  5.53936057E-04
2.36652387E-01  3.19485366E-02  5.51328762E-04
2.36951002E-01  3.16373445E-02  5.38708002E-04
2.37249617E-01  3.17188017E-02  5.47935662E-04
2.37548232E-01  3.21547948E-02  5.49193472E-04
2.37846847E-01  3.24044935E-02  5.49465476E-04
2.38145462E-01  3.11875548E-02  5.38597757E-04
2.38444077E-01  3.12975310E-02  5.35960658E-04
2.38742692E-01  3.15736793E-02  5.47310221E-04
2.39041307E-01  3.18087414E-02  5.44395763E-04
2.39339922E-01  3.22228372E-02  5.46857191E-04
2.39638537E-01  3.21282968E-02  5.46513416E-04
2.39937152E-01  3.08311321E-02  5.33877464E-04
2.40235767E-01  3.11722457E-02  5.40595269E-04
2.40534382E-01  3.08842380E-02  5.34636725E-04
2.40832997E-01  3.10883317E-02  5.35210827E-04
2.41131612E-01  3.09723914E-02  5.37048618E-04
2.41430227E-01  3.07719633E-02  5.30866790E-04
2.41728842E-01  3.05819008E-02  5.34553837E-04
2.42027457E-01  3.05246189E-02  5.26991964E-04
2.42326072E-01  3.05404179E-02  5.29160781E-04
2.42624687E-01  3.05636059E-02  5.34397375E-04
2.42923302E-01  3.09459474E-02  5.34584746E-04
2.43221917E-01  3.10884118E-02  5.30825113E-04
2.43520532E-01  3.07783261E-02  5.30345598E-04
2.43819147E-01  3.15707475E-02  5.37574000E-04
2.44117762E-01  2.96793059E-02  5.23680006E-04
2.44416377E-01  3.11937947E-02  5.38224180E-04
2.44714992E-01  3.09128929E-02  5.28753968E-04
2.45013607E-01  3.01896036E-02  5.28019445E-04
2.45312222E-01  3.04912291E-02  5.27438358E-04
2.45610837E-01  3.06031331E-02  5.30008809E-04
2.45909452E-01  3.11959181E-02  5.29734476E-04
2.46208067E-01  3.14731002E-02  5.36456006E-04
2.46506682E-01  3.01336441E-02  5.23766445E-04
2.46805297E-01  3.08513436E-02  5.34227409E-04
2.47103912E-01  3.08751985E-02  5.27723343E-04
2.47402527E-01  3.09384745E-02  5.28265024E-04
2.47701142E-01  3.13397758E-02  5.34883235E-04
2.47999757E-01  3.06048151E-02  5.28140459E-04
2.48298372E-01  3.12656797E-02  5.36913052E-04
2.48596987E-01  3.04967165E-02  5.20267291E-04
2.48895602E-01  3.12321745E-02  5.30197285E-04
2.49194217E-01  3.00733503E-02  5.20833652E-04
2.49492832E-01  3.10302246E-02  5.30063466E-04
2.49791447E-01  3.14288996E-02  5.34771185E-04
2.50090062E-01  3.14446278E-02  5.31283556E-04
2.50388677E-01  3.14281806E-02  5.34913852E-04
2.50687292E-01  3.15767899E-02  5.34279738E-04
2.50985907E-01  3.02461758E-02  5.19942492E-04
2.51284522E-01  3.07426564E-02  5.27464959E-04
2.51583137E-01  3.01636998E-02  5.18677989E-04
2.51881752E-01  3.00111696E-02  5.19600930E-04
2.52180367E-01  3.05960570E-02  5.24640898E-04
2.52478982E-01  3.13919373E-02  5.29562531E-04
2.52777597E-01  2.93674506E-02  5.13169216E-04
2.53076212E-01  3.06305438E-02  5.24231291E-04
2.53374827E-01  3.02359574E-02  5.22397808E-04
2.53673442E-01  3.03038582E-02  5.16301428E-04
2.53972057E-01  3.03190332E-02  5.20579924E-04
2.54270672E-01  3.06155551E-02  5.22980001E-04
2.54569287E-01  3.05192675E-02  5.24559524E-04
2.54867902E-01  2.98422594E-02  5.16058062E-04
2.55166517E-01  3.03174760E-02  5.16833563E-04
2.55465132E-01  3.07300873E-02  5.23259572E-04
2.55763747E-01  2.99854521E-02  5.17298176E-04
2.56062362E-01  3.02995220E-02  5.19861933E-04
2.56360977E-01  2.91593336E-02  5.06601995E-04
2.56659592E-01  2.99164541E-02  5.11785096E-04
2.56958207E-01  2.99680382E-02  5.16460103E-04
2.57256822E-01  3.06174792E-02  5.21191047E-04
2.57555437E-01  3.03790551E-02  5.16683504E-04
2.57854052E-01  2.99416333E-02  5.14175743E-04
2.58152667E-01  3.01943757E-02  5.18134155E-04
2.58451282E-01  3.00594363E-02  5.17114531E-04
2.58749897E-01  3.11749093E-02  5.21760376E-04
2.59048512E-01  2.98421122E-02  5.11562335E-04
2.59347127E-01  3.04502938E-02  5.16477739E-04
2.59645742E-01  2.91301664E-02  5.07706893E-04
2.59944357E-01  2.95254402E-02  5.11959079E-04
2.60242972E-01  2.92984881E-02  5.03577001E-04
2.60541587E-01  2.99569499E-02  5.13908628E-04
2.60840202E-01  2.96061561E-02  5.09542937E-04
2.61138817E-01  2.97614187E-02  5.12366940E-04
2.61437432E-01  2.97241583E-02  5.10290673E-04
2.61736047E-01  2.97035407E-02  5.07845602E-04
2.62034662E-01  3.01257689E-02  5.13864215E-04
2.62333277E-01  2.97264289E-02  5.10179321E-04
2.62631892E-01  2.92562936E-02  5.03223506E-04
2.62930507E-01  3.00060976E-02  5.09897945E-04
2.63229122E-01  2.97595337E-02  5.08728554E-04
2.63527737E-01  2.97504589E-02  5.11874910E-04
2.63826352E-01  2.91096885E-02  5.01965755E-04
2.64124967E-01  2.97330488E-02  5.07313118E-04
2.64423582E-01  2.97796950E-02  5.08108991E-04
2.64722197E-01  2.95745507E-02  5.04388590E-04
2.65020812E-01  2.89831478E-02  5.04302676E-04
2.65319427E-01  2.94627063E-02  5.01751900E-04
2.65618042E-01  2.86329389E-02  4.99800430E-04
2.65916657E-01  2.87990216E-02  4.99288202E-04
2.66215272E-01  2.92078815E-02  5.02168026E-04
2.66513887E-01  2.93746460E-02  5.03993419E-04
2.66812502E-01  2.92774532E-02  5.00049384E-04
2.67111117E-01  2.90159732E-02  5.01170056E-04
2.67409732E-01  3.01834084E-02  5.09828678E-04
2.67708347E-01  2.94915345E-02  5.04737545E-04
2.68006962E-01  2.96239387E-02  5.05083939E-04
2.68305577E-01  2.92292330E-02  5.00028662E-04
2.68604192E-01  2.80993544E-02  4.91535990E-04
2.68902807E-01  2.90475972E-02  4.99117305E-04
2.69201422E-01  2.93413885E-02  4.99323884E-04
2.69500037E-01  2.82982793E-02  4.92386054E-04
2.69798652E-01  2.96900235E-02  5.04090334E-04
2.70097267E-01  2.88373102E-02  5.00027207E-04
2.70395882E-01  2.83662528E-02  4.88348014E-04
2.70694497E-01  2.93093696E-02  5.00594499E-04
2.70993112E-01  2.96728034E-02  5.04598662E-04
2.71291727E-01  2.94985659E-02  5.02727227E-04
2.71590342E-01  2.90486235E-02  5.00169699E-04
2.71888957E-01  2.84331050E-02  4.88558668E-04
2.72187572E-01  2.86992919E-02  4.93715866E-04
2.72486187E-01  2.90815923E-02  4.97502973E-04
2.72784802E-01  2.89620031E-02  4.97499655E-04
2.73083417E-01  2.99949609E-02  5.01170522E-04
2.73382032E-01  3.00076734E-02  5.04206051E-04
2.73680647E-01  3.00204623E-02  5.06642915E-04
2.73979262E-01  2.98741348E-02  5.02957206E-04
2.74277877E-01  2.93724928E-02  4.96698660E-04
2.74576492E-01  3.01359072E-02  5.03877294E-04
2.74875107E-01  2.93201469E-02  4.98529524E-04
2.75173722E-01  2.94187311E-02  5.00133436E-04
2.75472337E-01  2.92373281E-02  4.93075291E-04
2.75770952E-01  2.82355696E-02  4.89225669E-04
2.76069567E-01  2.87991185E-02  4.89246333E-04
2.76368182E-01  2.83107087E-02  4.91635757E-04
2.76666797E-01  2.94168442E-02  4.99740418E-04
2.76965412E-01  3.03415582E-02  5.01804752E-04
2.77264027E-01  3.00597791E-02  5.03379037E-04
2.77562642E-01  2.96602137E-02  4.95646615E-04
2.77861257E-01  2.93709990E-02  4.99610847E-04
2.78159872E-01  2.93598771E-02  4.92765219E-04
2.78458487E-01  2.90390458E-02  4.91904677E-04
2.78757102E-01  2.97209844E-02  5.01303235E-04
2.79055717E-01  2.92124990E-02  4.93993110E-04
2.79354332E-01  2.95486543E-02  4.96703724E-04
2.79652947E-01  2.96221189E-02  4.97446919E-04
2.79951562E-01  2.94597764E-02  4.92022373E-04
2.80250177E-01  2.96397638E-02  4.99862188E-04
2.80548792E-01  2.91774701E-02  4.92837338E-04
2.80847407E-01  3.00178006E-02  4.98019275E-04
2.81146022E-01  2.93319914E-02  4.94390610E-04
2.81444637E-01  3.00828274E-02  5.01938455E-04
2.81743252E-01  2.90553905E-02  4.91195882E-04
2.82041867E-01  2.93481946E-02  4.89408558E-04
2.82340482E-01  2.90101059E-02  4.90570616E-04
2.82639097E-01  2.95955893E-02  4.95744753E-04
2.82937712E-01  2.95257680E-02  4.94297885E-04
2.83236327E-01  2.97445748E-02  4.95880668E-04
2.83534942E-01  2.85187978E-02  4.83161275E-04
2.83833557E-01  2.94746738E-02  4.93996660E-04
2.84132172E-01  3.01810466E-02  4.99013695E-04
2.84430787E-01  2.96484604E-02  4.97188710E-04
2.84729402E-01  2.94198655E-02  4.89177415E-04
2.85028017E-01  2.99817510E-02  4.96874447E-04
2.85326632E-01  2.99307182E-02  4.99678776E-04
2.85625247E-01  2.98584774E-02  4.91135870E-04
2.85923862E-01  3.07542440E-02  5.02616982E-04
2.86222477E-01  2.94804480E-02  4.91613988E-04
2.86521092E-01  3.03317588E-02  4.98785870E-04
2.86819707E-01  3.01078260E-02  5.00408991E-04
2.87118322E-01  3.01354341E-02  4.93294909E-04
2.87416937E-01  2.97233667E-02  4.92186984E-04
2.87715552E-01  2.92219575E-02  4.87303449E-04
2.88014167E-01  3.01464219E-02  4.98373061E-04
2.88312782E-01  2.96893623E-02  4.93726751E-04
2.88611397E-01  2.96600759E-02  4.87740472E-04
2.88910012E-01  2.90162060E-02  4.88582475E-04
2.89208627E-01  3.04931290E-02  4.98283014E-04
2.89507242E-01  2.96843108E-02  4.91270912E-04
2.89805857E-01  3.03320512E-02  4.94792825E-04
2.90104472E-01  2.97854282E-02  4.89603262E-04
2.90403087E-01  2.97097862E-02  4.94271459E-04
2.90701702E-01  2.95549128E-02  4.89129394E-04
2.91000317E-01  2.94547323E-02  4.87471436E-04
2.91298932E-01  2.98108943E-02  4.91484825E-04
2.91597547E-01  2.98009049E-02  4.92123363E-04
2.91896162E-01  3.01956534E-02  4.95010696E-04
2.92194777E-01  3.01793665E-02  4.92958468E-04
2.92493392E-01  2.98508126E-02  4.90744365E-04
2.92792007E-01  2.98426524E-02  4.91274521E-04
2.93090622E-01  2.95310318E-02  4.88466700E-04
2.93389237E-01  3.03097107E-02  4.94625885E-04
2.93687852E-01  3.02395355E-02  4.90614621E-04
2.93986467E-01  3.00420858E-02  4.92559397E-04
2.94285082E-01  2.94912513E-02  4.85555502E-04
2.94583697E-01  3.05541363E-02  4.97952045E-04
2.94882312E-01  2.96444725E-02  4.87286277E-04
2.95180927E-01  3.02130599E-02  4.88771882E-04
2.95479542E-01  2.98750941E-02  4.90481150E-04
2.95778157E-01  2.99493112E-02  4.89200640E-04
2.96076772E-01  2.99926847E-02  4.89909144E-04
2.96375387E-01  3.03998720E-02  4.92632738E-04
2.96674002E-01  3.12641449E-02  4.99348273E-04
2.96972617E-01  2.97431219E-02  4.90234233E-04
2.97271232E-01  2.93597039E-02  4.87302168E-04
2.97569847E-01  2.96879839E-02  4.90258622E-04
2.97868462E-01  2.97485106E-02  4.92198626E-04
2.98167077E-01  2.97549274E-02  4.94680309E-04
2.98465692E-01  2.92447228E-02  4.93480766E-04
2.98764307E-01  2.99935155E-02  4.95439221E-04
2.99062922E-01  2.98368186E-02  4.97211237E-04
2.99361537E-01  3.04650683E-02  5.04054304E-04
2.99660152E-01  3.02628428E-02  5.03263611E-04
2.99958767E-01  2.94054523E-02  4.96334338E-04
3.00257382E-01  2.94767190E-02  4.98318695E-04
3.00555997E-01  3.01034916E-02  5.03335323E-04
3.00854612E-01  3.00629083E-02  5.02235722E-04
3.01153227E-01  3.04624755E-02  5.08910976E-04
3.01451842E-01  2.95700151E-02  4.99112008E-04
3.01750457E-01  3.05958502E-02  5.13581675E-04
3.02049072E-01  2.89093126E-02  4.95644868E-04
3.02347687E-01  2.88568549E-02  5.05095988E-04
3.02646302E-01  3.01129706E-02  5.22539543E-04
3.02944917E-01  3.09214238E-02  5.29364683E-04
3.03243532E-01  3.05956844E-02  5.36601292E-04
3.03542147E-01  3.01051084E-02  5.33188810E-04
3.03840762E-01  2.94768848E-02  5.27298544E-04
3.04139377E-01  2.96098404E-02  5.35360479E-04
3.04437992E-01  3.08349822E-02  5.41464775E-04
3.04736607E-01  3.00078541E-02  5.42911876E-04
3.05035222E-01  2.91045774E-02  5.30314865E-04
3.05333837E-01  3.07131596E-02  5.48449287E-04
3.05632452E-01  2.98458766E-02  5.44999493E-04
3.05931067E-01  2.95259301E-02  5.39336994E-04
3.06229682E-01  2.90014204E-02  5.40315756E-04
3.06528297E-01  3.01987380E-02  5.46097348E-04
3.06826912E-01  3.10330112E-02  5.60451241E-04
3.07125527E-01  3.07373963E-02  5.59139065E-04
3.07424142E-01  2.97595598E-02  5.49503486E-04
3.07722757E-01  2.85482872E-02  5.42523514E-04
3.08021372E-01  2.86972877E-02  5.39445609E-04
3.08319987E-01  2.93255690E-02  5.41213260E-04
3.08618602E-01  3.02056894E-02  5.43915667E-04
3.08917217E-01  2.86815912E-02  5.22087910E-04
3.09215832E-01  2.91333739E-02  5.30751480E-04
3.09514447E-01  2.89434176E-02  5.20763919E-04
3.09813062E-01  3.01569551E-02  5.32771810E-04
3.10111677E-01  3.03903613E-02  5.32427279E-04
3.10410292E-01  2.99248639E-02  5.21795417E-04
3.10708907E-01  2.95812469E-02  5.23828610E-04
3.11007522E-01  3.03872526E-02  5.23529248E-04
3.11306137E-01  2.99803745E-02  5.26620250E-04
3.11604752E-01  2.95065288E-02  5.16309403E-04
3.11903367E-01  2.96951719E-02  5.17397188E-04
3.12201982E-01  2.96432190E-02  5.16805856E-04
3.12500597E-01  2.99303625E-02  5.14589541E-04
3.12799212E-01  2.98203658E-02  5.17930195E-04
3.13097827E-01  3.04185301E-02  5.19462861E-04
3.13396442E-01  2.93557756E-02  5.09630481E-04
3.13695057E-01  2.94052325E-02  5.12656698E-04
3.13993672E-01  2.90712994E-02  5.04615775E-04
3.14292287E-01  2.94189993E-02  5.08967030E-04
3.14590902E-01  2.89512761E-02  5.03443356E-04
3.14889517E-01  2.96430495E-02  5.09424019E-04
3.15188132E-01  2.94588581E-02  5.10804588E-04
3.15486747E-01  2.86374558E-02  4.96935449E-04
3.15785362E-01  2.91947536E-02  5.05163043E-04
3.16083977E-01  2.84383539E-02  4.94823325E-04
3.16382592E-01  2.83939764E-02  4.97146335E-04
3.16681207E-01  2.86960825E-02  4.97578352E-04
3.16979822E-01  2.89599076E-02  4.99086280E-04
3.17278437E-01  2.89567858E-02  5.00745664E-04
3.17577052E-01  2.91989520E-02  5.01274189E-04
3.17875667E-01  2.87565552E-02  5.04423340E-04
3.18174282E-01  2.97546554E-02  5.17805165E-04
3.18472897E-01  2.94855926E-02  5.22873132E-04
3.18771512E-01  2.98740007E-02  5.24266681E-04
3.19070127E-01  2.96429470E-02  5.26325952E-04
3.19368742E-01  2.98616290E-02  5.28710778E-04
3.19667357E-01  2.92090010E-02  5.23344555E-04
3.19965972E-01  2.86255367E-02  5.19264082E-04
3.20264587E-01  2.94480957E-02  5.29074110E-04
3.20563202E-01  2.97110416E-02  5.30977733E-04
3.20861817E-01  2.95825470E-02  5.30890247E-04
3.21160432E-01  2.97668576E-02  5.30874298E-04
3.21459047E-01  2.87443958E-02  5.26644988E-04
3.21757662E-01  2.92305313E-02  5.27726661E-04
3.22056277E-01  2.99205426E-02  5.33615181E-04
3.22354892E-01  2.97941379E-02  5.37114742E-04
3.22653507E-01  2.95759998E-02  5.33442362E-04
3.22952122E-01  2.91875191E-02  5.34584280E-04
3.23250737E-01  2.96614692E-02  5.28742617E-04
3.23549352E-01  2.97159888E-02  5.35792962E-04
3.23847967E-01  2.86100227E-02  5.28187549E-04
3.24146582E-01  3.06829792E-02  5.45394374E-04
3.24445197E-01  2.95736492E-02  5.35758038E-04
3.24743812E-01  2.95964517E-02  5.35030966E-04
3.25042427E-01  3.01795583E-02  5.46018418E-04
3.25341042E-01  2.98928805E-02  5.37238666E-04
3.25639657E-01  3.05581130E-02  5.46203344E-04
3.25938272E-01  2.95034088E-02  5.38118242E-04
3.26236887E-01  2.94083711E-02  5.33026294E-04
3.26535502E-01  2.88818851E-02  5.36230742E-04
3.26834117E-01  2.95252036E-02  5.36113454E-04
3.27132732E-01  2.91630737E-02  5.35485509E-04
3.27431347E-01  2.89833620E-02  5.34624618E-04
3.27729962E-01  2.92877611E-02  5.34897263E-04
3.28028577E-01  2.94191558E-02  5.44799201E-04
3.28327192E-01  2.93794256E-02  5.31542173E-04
3.28625807E-01  2.88909562E-02  5.35845291E-04
3.28924422E-01  2.83504110E-02  5.30493737E-04
3.29223037E-01  2.93070413E-02  5.37133892E-04
3.29521652E-01  2.94982344E-02  5.40003530E-04
3.29820267E-01  2.96626836E-02  5.39589149E-04
3.30118882E-01  2.87790932E-02  5.37387503E-04
3.30417497E-01  2.81229187E-02  5.28368691E-04
3.30716112E-01  2.84979548E-02  5.28738135E-04
3.31014727E-01  2.92194653E-02  5.36340172E-04
3.31313342E-01  2.91897040E-02  5.34176477E-04
3.31611957E-01  2.89813671E-02  5.37985004E-04
3.31910572E-01  2.86194328E-02  5.30809280E-04
3.32209187E-01  2.88558882E-02  5.30650781E-04
3.32507802E-01  2.91641206E-02  5.39521512E-04
3.32806417E-01  2.86994353E-02  5.28130971E-04
3.33105032E-01  2.96343639E-02  5.41588874E-04
3.33403647E-01  2.88806669E-02  5.31196245E-04
3.33702262E-01  2.86604501E-02  5.29479526E-04
3.34000877E-01  2.88028456E-02  5.30483259E-04
3.34299492E-01  2.91179996E-02  5.35109080E-04
3.34598107E-01  2.80960612E-02  5.26102900E-04
3.34896722E-01  2.77996790E-02  5.18286484E-04
3.35195337E-01  2.87670419E-02  5.28302742E-04
3.35493952E-01  2.83211153E-02  5.27275319E-04
3.35792567E-01  2.78006271E-02  5.20570844E-04
3.36091182E-01  2.79899575E-02  5.23108232E-04
3.36389797E-01  2.77650654E-02  5.17821114E-04
3.36688412E-01  2.87599731E-02  5.30413818E-04
3.36987027E-01  2.82453410E-02  5.22435177E-04
3.37285642E-01  2.91004051E-02  5.32453181E-04
3.37584257E-01  2.82479525E-02  5.25367155E-04
3.37882872E-01  2.77336631E-02  5.18137356E-04
3.38181487E-01  2.85497848E-02  5.27705299E-04
3.38480102E-01  2.75261085E-02  5.10443409E-04
3.38778717E-01  2.85056494E-02  5.26529911E-04
3.39077332E-01  2.77922656E-02  5.17788401E-04
3.39375947E-01  2.95021161E-02  5.33325656E-04
3.39674562E-01  2.84669437E-02  5.27256052E-04
3.39973177E-01  2.90070064E-02  5.26704127E-04
3.40271792E-01  2.89471578E-02  5.29826619E-04
3.40570407E-01  2.73872912E-02  5.14457060E-04
3.40869022E-01  2.80189458E-02  5.17363485E-04
3.41167637E-01  2.84470227E-02  5.22955030E-04
3.41466252E-01  2.84483638E-02  5.19827066E-04
3.41764867E-01  2.81250197E-02  5.23171271E-04
3.42063482E-01  2.81002317E-02  5.18864370E-04
3.42362097E-01  2.85262689E-02  5.19950176E-04
3.42660712E-01  2.88239568E-02  5.27483237E-04
3.42959327E-01  2.74973325E-02  5.09909820E-04
3.43257942E-01  2.77045406E-02  5.17142238E-04
3.43556557E-01  2.81777475E-02  5.17655048E-04
3.43855172E-01  2.76706759E-02  5.13124280E-04
3.44153787E-01  2.73256078E-02  5.09625184E-04
3.44452402E-01  2.77756080E-02  5.13220381E-04
3.44751017E-01  2.75917929E-02  5.12543542E-04
3.45049632E-01  2.84293760E-02  5.15282038E-04
3.45348247E-01  2.92107165E-02  5.27368917E-04
3.45646862E-01  2.83300094E-02  5.17146662E-04
3.45945477E-01  2.85986122E-02  5.19888825E-04
3.46244092E-01  2.85329763E-02  5.13212930E-04
3.46542707E-01  2.79981587E-02  5.08805155E-04
3.46841322E-01  2.73764357E-02  5.06797282E-04
3.47139937E-01  2.78916880E-02  5.09825360E-04
3.47438552E-01  2.74399891E-02  5.01904346E-04
3.47737167E-01  2.83431113E-02  5.14225510E-04
3.48035782E-01  2.69917473E-02  4.97380039E-04
3.48334397E-01  2.79728975E-02  5.10287820E-04
3.48633012E-01  2.77317278E-02  5.00994036E-04
3.48931627E-01  2.73516420E-02  5.01379953E-04
3.49230242E-01  2.92872638E-02  5.20256697E-04
3.49528857E-01  2.87055746E-02  5.13500941E-04
3.49827472E-01  2.79347301E-02  5.07401244E-04
3.50126087E-01  2.72323266E-02  4.96200577E-04
3.50424702E-01  2.80267932E-02  5.07818419E-04
3.50723317E-01  2.86270399E-02  5.11115650E-04
3.51021932E-01  2.83730421E-02  5.10666752E-04
3.51320547E-01  2.88974177E-02  5.12684754E-04
3.51619162E-01  2.74043847E-02  4.98179230E-04
3.51917777E-01  2.75445841E-02  5.01640490E-04
3.52216392E-01  2.80582588E-02  5.05328702E-04
3.52515007E-01  2.68533695E-02  4.92080813E-04
3.52813622E-01  2.81249788E-02  5.03598596E-04
3.53112237E-01  2.77983882E-02  5.06178767E-04
3.53410852E-01  2.73666605E-02  5.01402537E-04
3.53709467E-01  2.68659145E-02  4.87344747E-04
3.54008082E-01  2.75030565E-02  4.98410664E-04
3.54306697E-01  2.85096355E-02  5.07726334E-04
3.54605312E-01  2.84871794E-02  5.10165875E-04
3.54903927E-01  2.77502965E-02  5.05051983E-04
3.55202542E-01  2.75071692E-02  4.92220744E-04
3.55501157E-01  2.74631698E-02  4.99412883E-04
3.55799772E-01  2.65272353E-02  4.88571648E-04
3.56098387E-01  2.71814745E-02  4.95768036E-04
3.56397002E-01  2.73270290E-02  4.96690918E-04
3.56695617E-01  2.74219941E-02  4.92116844E-04
3.56994232E-01  2.73059197E-02  5.00037975E-04
3.57292847E-01  2.81804781E-02  4.99807880E-04
3.57591462E-01  2.72914004E-02  4.94900160E-04
3.57890077E-01  2.66078748E-02  4.87746001E-04
3.58188692E-01  2.80807167E-02  4.99059970E-04
3.58487307E-01  2.70447712E-02  4.96422406E-04
3.58785922E-01  2.75712181E-02  4.92421677E-04
3.59084537E-01  2.79323738E-02  5.00551250E-04
3.59383152E-01  2.85248011E-02  5.03937132E-04
3.59681767E-01  2.77236570E-02  4.97210363E-04
3.59980382E-01  2.71263439E-02  4.96499822E-04
3.60278997E-01  2.78613865E-02  4.92678373E-04
3.60577612E-01  2.86124665E-02  5.06752753E-04
3.60876227E-01  2.69608628E-02  4.90197504E-04
3.61174842E-01  2.73816586E-02  4.90997802E-04
3.61473457E-01  2.81302128E-02  4.97665547E-04
3.61772072E-01  2.81443466E-02  4.99245594E-04
3.62070687E-01  2.87618935E-02  5.07808872E-04
3.62369302E-01  2.75989287E-02  4.93862724E-04
3.62667917E-01  2.76727993E-02  4.94393636E-04
3.62966532E-01  2.80070771E-02  4.95797547E-04
3.63265147E-01  2.72604246E-02  4.90959676E-04
3.63563762E-01  2.77970452E-02  4.95901622E-04
3.63862377E-01  2.76886765E-02  4.93105908E-04
3.64160992E-01  2.72577479E-02  4.89642553E-04
3.64459607E-01  2.76389383E-02  4.93316562E-04
3.64758222E-01  2.85988674E-02  5.01811737E-04
3.65056837E-01  2.73120664E-02  4.91173356E-04
3.65355452E-01  2.83123162E-02  4.95640619E-04
3.65654067E-01  2.84041222E-02  5.00634604E-04
3.65952682E-01  2.84065716E-02  4.96986089E-04
3.66251297E-01  2.86089629E-02  5.03775780E-04
3.66549912E-01  2.81232707E-02  4.94763139E-04
3.66848527E-01  2.90903021E-02  5.00590599E-04
3.67147142E-01  2.84435656E-02  5.02188632E-04
3.67445757E-01  2.79376786E-02  4.92489897E-04
3.67744372E-01  2.87911147E-02  5.01264934E-04
3.68042987E-01  2.81583890E-02  4.94692475E-04
3.68341602E-01  2.84663811E-02  4.97651868E-04
3.68640217E-01  2.85083279E-02  5.00377209E-04
3.68938832E-01  2.82273125E-02  4.91597923E-04
3.69237447E-01  2.78086066E-02  4.91745013E-04
3.69536062E-01  2.84778569E-02  4.95435670E-04
3.69834677E-01  2.89256480E-02  5.02314651E-04
3.70133292E-01  2.79177222E-02  4.94914188E-04
3.70431907E-01  2.81591378E-02  4.90633945E-04
3.70730522E-01  2.91487034E-02  5.02937764E-04
3.71029137E-01  2.89130565E-02  4.98056994E-04
3.71327752E-01  2.87444703E-02  4.98792448E-04
3.71626367E-01  2.88837161E-02  4.99482092E-04
3.71924982E-01  2.86579486E-02  4.97141387E-04
3.72223597E-01  2.97005251E-02  5.08612429E-04
3.72522212E-01  2.83492804E-02  4.91417246E-04
3.72820827E-01  2.96100974E-02  5.04554715E-04
3.73119442E-01  2.79137641E-02  4.90016886E-04
3.73418057E-01  2.88694780E-02  4.95910295E-04
3.73716672E-01  2.90480144E-02  5.03529329E-04
3.74015287E-01  2.88061853E-02  4.93731699E-04
3.74313902E-01  2.95399390E-02  5.02411858E-04
3.74612517E-01  2.94776764E-02  5.03175659E-04
3.74911132E-01  2.95753609E-02  5.03232761E-04
3.75209747E-01  2.86019705E-02  4.95648535E-04
3.75508362E-01  2.93342117E-02  4.98624519E-04
3.75806977E-01  2.91948002E-02  4.99220565E-04
3.76105592E-01  2.94957366E-02  5.01660106E-04
3.76404207E-01  2.85695791E-02  4.93975938E-04
3.76702822E-01  2.83568483E-02  4.90004837E-04
3.77001437E-01  2.98589319E-02  5.03200747E-04
3.77300052E-01  2.98384037E-02  5.06390701E-04
3.77598667E-01  2.86913291E-02  4.95415006E-04
3.77897282E-01  2.93917023E-02  4.97735688E-04
3.78195897E-01  2.96979323E-02  4.99566086E-04
3.78494512E-01  2.92878766E-02  4.99136571E-04
3.78793127E-01  2.99381781E-02  5.03749994E-04
3.79091742E-01  2.97073033E-02  5.00787632E-04
3.79390357E-01  2.91903876E-02  4.96036489E-04
3.79688972E-01  2.91948300E-02  4.96327004E-04
3.79987587E-01  3.01597398E-02  5.03572403E-04
3.80286202E-01  3.02114747E-02  5.05282078E-04
3.80584817E-01  2.92060301E-02  4.96804656E-04
3.80883432E-01  2.90633775E-02  4.93593223E-04
3.81182047E-01  2.97461040E-02  5.00872673E-04
3.81480662E-01  2.98035555E-02  5.01484727E-04
3.81779277E-01  2.96773147E-02  4.96417808E-04
3.82077892E-01  2.92132813E-02  4.96497203E-04
3.82376507E-01  3.02233621E-02  5.03862684E-04
3.82675122E-01  2.92094108E-02  4.96216468E-04
3.82973737E-01  2.93764975E-02  4.95633809E-04
3.83272352E-01  3.00467275E-02  4.98019683E-04
3.83570967E-01  2.99066994E-02  5.01096656E-04
3.83869582E-01  2.94267479E-02  4.95565531E-04
3.84168197E-01  2.84895170E-02  4.88591206E-04
3.84466812E-01  2.99581047E-02  4.99024580E-04
3.84765427E-01  2.93613989E-02  4.93416621E-04
3.85064042E-01  2.96699405E-02  4.99873771E-04
3.85362657E-01  2.99836528E-02  4.99242393E-04
3.85661272E-01  2.98578348E-02  4.94752894E-04
3.85959887E-01  3.04056518E-02  5.04384632E-04
3.86258502E-01  2.98146047E-02  4.95740969E-04
3.86557117E-01  2.93411762E-02  4.98239300E-04
3.86855732E-01  3.07035204E-02  5.02459414E-04
3.87154347E-01  3.01970169E-02  4.98053851E-04
3.87452962E-01  3.03078033E-02  5.03454648E-04
3.87751577E-01  2.96651330E-02  4.92439431E-04
3.88050192E-01  2.95053516E-02  4.96748427E-04
3.88348807E-01  3.02056000E-02  4.95573506E-04
3.88647422E-01  3.03529240E-02  5.00829716E-04
3.88946037E-01  3.01426761E-02  4.98106994E-04
3.89244652E-01  3.04442458E-02  5.01586008E-04
3.89543267E-01  2.94508524E-02  4.93458821E-04
3.89841882E-01  3.05616967E-02  4.98738023E-04
3.90140497E-01  3.10046878E-02  5.07320103E-04
3.90439112E-01  2.99343932E-02  4.97251807E-04
3.90737727E-01  3.10985390E-02  5.01393690E-04
3.91036342E-01  3.07435654E-02  5.04807511E-04
3.91334957E-01  2.97141522E-02  4.90824634E-04
3.91633572E-01  3.06786485E-02  5.03402378E-04
3.91932187E-01  3.03970370E-02  4.96315362E-04
3.92230802E-01  3.10483966E-02  5.03076124E-04
3.92529417E-01  3.03240884E-02  5.00490190E-04
3.92828032E-01  3.05637959E-02  4.97317582E-04
3.93126647E-01  3.04305684E-02  4.98660782E-04
3.93425262E-01  3.16760987E-02  5.07028541E-04
3.93723877E-01  3.02584972E-02  4.97985282E-04
3.94022492E-01  3.10325101E-02  5.03944524E-04
3.94321107E-01  2.99579315E-02  4.92372317E-04
3.94619722E-01  3.05218752E-02  4.97228233E-04
3.94918337E-01  3.07526719E-02  4.98742971E-04
3.95216952E-01  3.17392349E-02  5.08039142E-04
3.95515567E-01  3.10681909E-02  5.03132702E-04
3.95814182E-01  3.15338299E-02  5.02248236E-04
3.96112797E-01  3.13037485E-02  5.04178286E-04
3.96411412E-01  2.98558865E-02  4.91425802E-04
3.96710027E-01  3.09990346E-02  5.01355738E-04
3.97008642E-01  3.08130346E-02  4.97437548E-04
3.97307257E-01  3.03226896E-02  4.94180073E-04
3.97605872E-01  3.14160474E-02  5.04354190E-04
3.97904487E-01  3.06420289E-02  4.99318179E-04
3.98203102E-01  3.07639912E-02  4.94907610E-04
3.98501717E-01  3.17118242E-02  5.03679679E-04
3.98800332E-01  3.06710694E-02  4.96181310E-04
3.99098947E-01  2.98297070E-02  4.89802042E-04
3.99397562E-01  3.05442307E-02  4.97196685E-04
3.99696177E-01  3.03345788E-02  4.93457250E-04
3.99994792E-01  3.05117071E-02  4.93474072E-04
4.00293407E-01  2.99882200E-02  4.90753620E-04
4.00592022E-01  3.01594418E-02  4.90738137E-04
4.00890637E-01  3.09353620E-02  4.96893481E-04
4.01189252E-01  2.97532454E-02  4.86843142E-04
4.01487867E-01  3.00838761E-02  4.91661136E-04
4.01786482E-01  3.05902455E-02  4.95068147E-04
4.02085097E-01  3.00308876E-02  4.86334146E-04
4.02383712E-01  3.10042035E-02  5.00458525E-04
4.02682327E-01  3.09090093E-02  4.93047584E-04
4.02980942E-01  3.13372314E-02  5.00963069E-04
4.03279557E-01  3.02416179E-02  4.90132603E-04
4.03578172E-01  3.10141183E-02  4.93657659E-04
4.03876787E-01  3.01652160E-02  4.91157291E-04
4.04175402E-01  3.15280259E-02  4.98439593E-04
4.04474017E-01  3.19776274E-02  5.04854019E-04
4.04772632E-01  3.01227625E-02  4.87438665E-04
4.05071247E-01  3.03920526E-02  4.90194419E-04
4.05369862E-01  3.05795576E-02  4.96196502E-04
4.05668477E-01  3.03001013E-02  4.84879187E-04
4.05967092E-01  3.04823983E-02  4.90695122E-04
4.06265707E-01  2.99882237E-02  4.85898141E-04
4.06564322E-01  3.04833353E-02  4.89317405E-04
4.06862937E-01  3.05539016E-02  4.94804059E-04
4.07161552E-01  2.90765762E-02  4.76217450E-04
4.07460167E-01  2.95952111E-02  4.83739481E-04
4.07758782E-01  2.94892285E-02  4.78693488E-04
4.08057397E-01  2.95611396E-02  4.81640920E-04
4.08356012E-01  2.97777150E-02  4.85233963E-04
4.08654627E-01  3.01426072E-02  4.83972777E-04
4.08953242E-01  3.00359800E-02  4.88147984E-04
4.09251857E-01  3.05821337E-02  4.88517515E-04
4.09550472E-01  2.99236421E-02  4.83457581E-04
4.09849087E-01  3.02333776E-02  4.86182777E-04
4.10147702E-01  2.98271757E-02  4.80770919E-04
4.10446317E-01  2.85015330E-02  4.74959612E-04
4.10744932E-01  2.99307182E-02  4.83635027E-04
4.11043547E-01  2.89138388E-02  4.71282081E-04
4.11342162E-01  2.98077799E-02  4.82531235E-04
4.11640777E-01  2.89949048E-02  4.76802175E-04
4.11939392E-01  2.98352987E-02  4.84119868E-04
4.12238007E-01  2.98393313E-02  4.79103328E-04
4.12536622E-01  3.01454552E-02  4.84018470E-04
4.12835237E-01  2.97143031E-02  4.78764996E-04
4.13133852E-01  2.94368565E-02  4.78410977E-04
4.13432467E-01  2.92193033E-02  4.76197805E-04
4.13731082E-01  2.90226843E-02  4.73056221E-04
4.14029697E-01  2.94745713E-02  4.78834234E-04
4.14328312E-01  2.86652837E-02  4.70682251E-04
4.14626927E-01  2.89501343E-02  4.74337488E-04
4.14925542E-01  2.91110240E-02  4.71499283E-04
4.15224157E-01  2.87656058E-02  4.71947977E-04
4.15522772E-01  2.81992890E-02  4.68042039E-04
4.15821387E-01  2.82782409E-02  4.65457881E-04
4.16120002E-01  2.83981301E-02  4.67304635E-04
4.16418617E-01  2.84317266E-02  4.68555809E-04
4.16717232E-01  2.87578497E-02  4.70366911E-04
4.17015847E-01  2.94929650E-02  4.77999012E-04
4.17314462E-01  2.84155142E-02  4.63098113E-04
4.17613077E-01  2.84715723E-02  4.68133017E-04
4.17911692E-01  2.75854282E-02  4.59310773E-04
4.18210307E-01  2.79290695E-02  4.65484511E-04
4.18508922E-01  2.76808683E-02  4.58742899E-04
4.18807537E-01  2.84010600E-02  4.64779965E-04
4.19106152E-01  2.73719002E-02  4.59012022E-04
4.19404767E-01  2.79184561E-02  4.63253265E-04
4.19703382E-01  2.77856700E-02  4.58469440E-04
4.20001997E-01  2.77577471E-02  4.60333162E-04
4.20300612E-01  2.80033126E-02  4.60682990E-04
4.20599227E-01  2.78014205E-02  4.62714786E-04
4.20897842E-01  2.78472640E-02  4.60238225E-04
4.21196457E-01  2.82557402E-02  4.62339929E-04
4.21495072E-01  2.69677248E-02  4.53639688E-04
4.21793687E-01  2.81080734E-02  4.61657386E-04
4.22092302E-01  2.77896784E-02  4.61561431E-04
4.22390917E-01  2.74874009E-02  4.52440698E-04
4.22689532E-01  2.77493317E-02  4.60700714E-04
4.22988147E-01  2.73449402E-02  4.54425521E-04
4.23286762E-01  2.76911575E-02  4.60115523E-04
4.23585377E-01  2.72177607E-02  4.53063374E-04
4.23883992E-01  2.67922059E-02  4.48597566E-04
4.24182607E-01  2.68992539E-02  4.49697080E-04
4.24481222E-01  2.73428317E-02  4.55967267E-04
4.24779837E-01  2.83068940E-02  4.61941789E-04
4.25078452E-01  2.73806155E-02  4.52587614E-04
4.25377067E-01  2.64391694E-02  4.47864266E-04
4.25675682E-01  2.65193544E-02  4.45216370E-04
4.25974297E-01  2.66337581E-02  4.49614978E-04
4.26272912E-01  2.68030483E-02  4.46098333E-04
4.26571527E-01  2.69377716E-02  4.52177192E-04
4.26870142E-01  2.73450650E-02  4.52000007E-04
4.27168757E-01  2.59322878E-02  4.40862117E-04
4.27467372E-01  2.63842680E-02  4.43198427E-04
4.27765987E-01  2.70830113E-02  4.51760134E-04
4.28064602E-01  2.67108120E-02  4.46734048E-04
4.28363217E-01  2.69379653E-02  4.49841609E-04
4.28661832E-01  2.73477696E-02  4.52539534E-04
4.28960447E-01  2.63515878E-02  4.43526369E-04
4.29259062E-01  2.71895379E-02  4.49921208E-04
4.29557677E-01  2.64266413E-02  4.44160920E-04
4.29856292E-01  2.73144208E-02  4.49654355E-04
4.30154907E-01  2.60087699E-02  4.39754105E-04
4.30453522E-01  2.58213077E-02  4.39738622E-04
4.30752137E-01  2.68273558E-02  4.47122584E-04
4.31050752E-01  2.65618563E-02  4.43128636E-04
4.31349367E-01  2.64042988E-02  4.42599208E-04
4.31647982E-01  2.60104164E-02  4.39092080E-04
4.31946597E-01  2.64108051E-02  4.44838195E-04
4.32245212E-01  2.66942717E-02  4.43551282E-04
4.32543827E-01  2.68195346E-02  4.46868129E-04
4.32842442E-01  2.64822748E-02  4.46548976E-04
4.33141057E-01  2.62558144E-02  4.39801428E-04
4.33439672E-01  2.58726776E-02  4.39404452E-04
4.33738287E-01  2.57088710E-02  4.35680995E-04
4.34036902E-01  2.64582578E-02  4.44253266E-04
4.34335517E-01  2.56923921E-02  4.37289593E-04
4.34634132E-01  2.67495811E-02  4.46695776E-04
4.34932747E-01  2.60936096E-02  4.38935676E-04
4.35231362E-01  2.56701000E-02  4.35649970E-04
4.35529977E-01  2.60699689E-02  4.41483542E-04
4.35828592E-01  2.51986440E-02  4.33365727E-04
4.36127207E-01  2.58526225E-02  4.36428294E-04
4.36425822E-01  2.58113723E-02  4.36853850E-04
4.36724437E-01  2.53166948E-02  4.33032983E-04
4.37023052E-01  2.63772774E-02  4.42208402E-04
4.37321667E-01  2.59516984E-02  4.36116796E-04
4.37620282E-01  2.64748428E-02  4.43719357E-04
4.37918897E-01  2.63766944E-02  4.42012330E-04
4.38217512E-01  2.59505436E-02  4.39209281E-04
4.38516127E-01  2.54034661E-02  4.31871886E-04
4.38814742E-01  2.60577537E-02  4.35203518E-04
4.39113357E-01  2.56288461E-02  4.35514667E-04
4.39411972E-01  2.47707814E-02  4.27973922E-04
4.39710587E-01  2.64016017E-02  4.40087839E-04
4.40009202E-01  2.57062577E-02  4.35887137E-04
4.40307817E-01  2.57746372E-02  4.32652858E-04
4.40606432E-01  2.60836110E-02  4.39078198E-04
4.40905047E-01  2.59565469E-02  4.36753675E-04
4.41203662E-01  2.56478768E-02  4.31498804E-04
4.41502277E-01  2.62341071E-02  4.38699877E-04
4.41800892E-01  2.53493302E-02  4.30578366E-04
4.42099507E-01  2.55586579E-02  4.32638684E-04
4.42398122E-01  2.53667030E-02  4.29882377E-04
4.42696737E-01  2.53269617E-02  4.29640961E-04
4.42995352E-01  2.53064781E-02  4.30409680E-04
4.43293967E-01  2.57757399E-02  4.35627298E-04
4.43592582E-01  2.54558604E-02  4.33012989E-04
4.43891197E-01  2.51951721E-02  4.26669256E-04
4.44189812E-01  2.52717007E-02  4.31066932E-04
4.44488427E-01  2.54881103E-02  4.30827698E-04
4.44787042E-01  2.51651984E-02  4.29688051E-04
4.45085657E-01  2.50879787E-02  4.27435967E-04
4.45384272E-01  2.60196943E-02  4.35968628E-04
4.45682887E-01  2.45447233E-02  4.26429673E-04
4.45981502E-01  2.45107543E-02  4.22035024E-04
4.46280117E-01  2.59245690E-02  4.34985792E-04
4.46578732E-01  2.59076692E-02  4.35131195E-04
4.46877347E-01  2.56801937E-02  4.34074493E-04
4.47175962E-01  2.50533540E-02  4.33049980E-04
4.47474577E-01  2.47417949E-02  4.23199555E-04
4.47773192E-01  2.53787730E-02  4.30767890E-04
4.48071807E-01  2.49037128E-02  4.26718820E-04
4.48370422E-01  2.44361795E-02  4.23904596E-04
4.48669037E-01  2.52661444E-02  4.29910258E-04
4.48967652E-01  2.52257045E-02  4.29097941E-04
4.49266267E-01  2.46496797E-02  4.25945182E-04
4.49564882E-01  2.50841770E-02  4.29874111E-04
4.49863497E-01  2.55406126E-02  4.31962049E-04
4.50162112E-01  2.42715422E-02  4.22577345E-04
4.50460727E-01  2.57103834E-02  4.35020018E-04
4.50759342E-01  2.48309020E-02  4.27610852E-04
4.51057957E-01  2.48977542E-02  4.27622290E-04
4.51356572E-01  2.44576409E-02  4.21058096E-04
4.51655187E-01  2.49343123E-02  4.29073669E-04
4.51953802E-01  2.48730183E-02  4.26945626E-04
4.52252417E-01  2.51651313E-02  4.33752663E-04
4.52551032E-01  2.48120297E-02  4.25585371E-04
4.52849647E-01  2.54124366E-02  4.31650260E-04
4.53148262E-01  2.49947179E-02  4.28089668E-04
4.53446877E-01  2.46182512E-02  4.24389524E-04
4.53745492E-01  2.48811170E-02  4.27588879E-04
4.54044107E-01  2.49655154E-02  4.29166073E-04
4.54342722E-01  2.51387935E-02  4.29990061E-04
4.54641337E-01  2.46296860E-02  4.26556013E-04
4.54939952E-01  2.50949319E-02  4.29051579E-04
4.55238567E-01  2.49961670E-02  4.27926221E-04
4.55537182E-01  2.44795326E-02  4.26392449E-04
4.55835797E-01  2.40837913E-02  4.21809207E-04
4.56134412E-01  2.47577913E-02  4.26541606E-04
4.56433027E-01  2.45253630E-02  4.25004284E-04
4.56731642E-01  2.42451821E-02  4.21735051E-04
4.57030257E-01  2.40097754E-02  4.21353849E-04
4.57328872E-01  2.45264154E-02  4.24831203E-04
4.57627487E-01  2.43506171E-02  4.23121237E-04
4.57926102E-01  2.48541944E-02  4.27758321E-04
4.58224717E-01  2.43636854E-02  4.25019854E-04
4.58523332E-01  2.46593300E-02  4.26175568E-04
4.58821947E-01  2.43620146E-02  4.21100092E-04
4.59120562E-01  2.47534160E-02  4.28506144E-04
4.59419177E-01  2.42943726E-02  4.24327562E-04
4.59717792E-01  2.50320118E-02  4.30627377E-04
4.60016407E-01  2.45134886E-02  4.24734782E-04
4.60315022E-01  2.49445233E-02  4.27795050E-04
4.60613637E-01  2.46554967E-02  4.27003019E-04
4.60912252E-01  2.48616096E-02  4.30121348E-04
4.61210867E-01  2.37152018E-02  4.17860632E-04
4.61509482E-01  2.32924707E-02  4.18480136E-04
4.61808097E-01  2.48517077E-02  4.42022108E-04
4.62106712E-01  2.42396779E-02  4.38408664E-04
4.62405327E-01  2.47660410E-02  4.47197846E-04
4.62703942E-01  2.48998441E-02  4.47864993E-04
4.63002557E-01  2.48444099E-02  4.55573230E-04
4.63301172E-01  2.50955541E-02  4.59483766E-04
4.63599787E-01  2.36465130E-02  4.48401028E-04
4.63898402E-01  2.45433785E-02  4.58935159E-04
4.64197017E-01  2.44863518E-02  4.58993629E-04
4.64495632E-01  2.41811369E-02  4.61872609E-04
4.64794247E-01  2.48954333E-02  4.69391060E-04
4.65092862E-01  2.49103270E-02  4.67187259E-04
4.65391477E-01  2.42021605E-02  4.67418315E-04
4.65690092E-01  2.46674754E-02  4.71764710E-04
4.65988707E-01  2.36785356E-02  4.66261088E-04
4.66287322E-01  2.46283039E-02  4.75914800E-04
4.66585937E-01  2.43879352E-02  4.74111061E-04
4.66884552E-01  2.32569482E-02  4.68714861E-04
4.67183167E-01  2.45613083E-02  4.83737822E-04
4.67481782E-01  2.44805869E-02  4.76995105E-04
4.67780397E-01  2.44166311E-02  4.83142561E-04
4.68079012E-01  2.44990736E-02  4.85630269E-04
4.68377627E-01  2.37818956E-02  4.81253199E-04
4.68676242E-01  2.38348432E-02  4.82918287E-04
4.68974857E-01  2.31599100E-02  4.76033747E-04
4.69273472E-01  2.42008548E-02  4.91242390E-04
4.69572087E-01  2.43448894E-02  4.91239887E-04
4.69870702E-01  2.38293819E-02  4.88044752E-04
4.70169317E-01  2.38018464E-02  4.90264967E-04
4.70467932E-01  2.48159319E-02  5.01664763E-04
4.70766547E-01  2.32992508E-02  4.91191342E-04
4.71065162E-01  2.32643094E-02  4.90672828E-04
4.71363777E-01  2.40441076E-02  4.95465240E-04
4.71662392E-01  2.38903426E-02  4.99561895E-04
4.71961007E-01  2.42931787E-02  5.05340809E-04
4.72259622E-01  2.41808575E-02  5.07862249E-04
4.72558237E-01  2.44019050E-02  5.07273362E-04
4.72856852E-01  2.29000840E-02  4.84285178E-04
4.73155467E-01  2.36540437E-02  4.88465594E-04
4.73454082E-01  2.41699181E-02  4.87907964E-04
4.73752697E-01  2.39534378E-02  4.78304079E-04
4.74051312E-01  2.39428151E-02  4.78473667E-04
4.74349927E-01  2.38097981E-02  4.74302535E-04
4.74648542E-01  2.37100273E-02  4.73443652E-04
4.74947157E-01  2.38337293E-02  4.70046682E-04
4.75245772E-01  2.40689814E-02  4.71578329E-04
4.75544387E-01  2.42064539E-02  4.72012296E-04
4.75843002E-01  2.42213774E-02  4.73203778E-04
4.76141617E-01  2.33913269E-02  4.60963172E-04
4.76440232E-01  2.33315378E-02  4.60500858E-04
4.76738847E-01  2.41927076E-02  4.67148639E-04
4.77037462E-01  2.50046961E-02  4.75182140E-04
4.77336077E-01  2.36442424E-02  4.63078788E-04
4.77634692E-01  2.36292481E-02  4.58841998E-04
4.77933307E-01  2.43894719E-02  4.66789468E-04
4.78231922E-01  2.34314390E-02  4.54743684E-04
4.78530537E-01  2.42277533E-02  4.66868922E-04
4.78829152E-01  2.33755056E-02  4.51705884E-04
4.79127767E-01  2.37904266E-02  4.57254617E-04
4.79426382E-01  2.43762974E-02  4.65430494E-04
4.79724997E-01  2.42549311E-02  4.62187396E-04
4.80023612E-01  2.33341660E-02  4.52260079E-04
4.80322227E-01  2.31053438E-02  4.48161911E-04
4.80620842E-01  2.33274531E-02  4.52555163E-04
4.80919457E-01  2.34868359E-02  4.52675507E-04
4.81218072E-01  2.28025001E-02  4.45568730E-04
4.81516687E-01  2.35939957E-02  4.54066670E-04
4.81815302E-01  2.34771464E-02  4.48507810E-04
4.82113917E-01  2.43046191E-02  4.61461634E-04
4.82412532E-01  2.43032333E-02  4.57981281E-04
4.82711147E-01  2.32770070E-02  4.47056489E-04
4.83009762E-01  2.35822331E-02  4.51257132E-04
4.83308377E-01  2.40358468E-02  4.56523150E-04
4.83606992E-01  2.41295733E-02  4.54708759E-04
4.83905607E-01  2.34170035E-02  4.49331070E-04
4.84204222E-01  2.36253031E-02  4.49130777E-04
4.84502837E-01  2.38014869E-02  4.53711604E-04
4.84801452E-01  2.30282359E-02  4.44332079E-04
4.85100067E-01  2.44174022E-02  4.54518216E-04
4.85398682E-01  2.36231685E-02  4.49577899E-04
4.85697297E-01  2.31034588E-02  4.44379461E-04
4.85995912E-01  2.32687704E-02  4.47228318E-04
4.86294527E-01  2.35383064E-02  4.46268910E-04
4.86593142E-01  2.37907600E-02  4.49683401E-04
4.86891757E-01  2.35638581E-02  4.48449136E-04
4.87190372E-01  2.27656420E-02  4.41241020E-04
4.87488987E-01  2.44242866E-02  4.52767650E-04
4.87787602E-01  2.32812893E-02  4.45416896E-04
4.88086217E-01  2.26867218E-02  4.37579642E-04
4.88384832E-01  2.32737921E-02  4.44217818E-04
4.88683447E-01  2.45687030E-02  4.57572489E-04
4.88982062E-01  2.32381709E-02  4.42090823E-04
4.89280677E-01  2.34152302E-02  4.46592137E-04
4.89579292E-01  2.38307472E-02  4.48599894E-04
4.89877907E-01  2.36950852E-02  4.46759106E-04
4.90176522E-01  2.33166404E-02  4.42066288E-04
4.90475137E-01  2.36688163E-02  4.46740509E-04
4.90773752E-01  2.35406365E-02  4.45194339E-04
4.91072367E-01  2.28797104E-02  4.39344993E-04
4.91370982E-01  2.37855297E-02  4.46720922E-04
4.91669597E-01  2.29687169E-02  4.39758820E-04
4.91968212E-01  2.32816599E-02  4.43641300E-04
4.92266827E-01  2.28520967E-02  4.38976655E-04
4.92565442E-01  2.31435243E-02  4.39337222E-04
4.92864057E-01  2.33200248E-02  4.42448654E-04
4.93162672E-01  2.32845675E-02  4.42893332E-04
4.93461287E-01  2.30151918E-02  4.40325937E-04
4.93759902E-01  2.32967418E-02  4.39482945E-04
4.94058517E-01  2.31419671E-02  4.40101372E-04
4.94357132E-01  2.28330884E-02  4.36283357E-04
4.94655747E-01  2.33781468E-02  4.44914796E-04
4.94954362E-01  2.33871527E-02  4.39471507E-04
4.95252977E-01  2.32701320E-02  4.41105280E-04
4.95551592E-01  2.36968827E-02  4.46475664E-04
4.95850207E-01  2.28709318E-02  4.37966897E-04
4.96148822E-01  2.37570051E-02  4.43378958E-04
4.96447437E-01  2.26330087E-02  4.35250171E-04
4.96746052E-01  2.30546109E-02  4.38519375E-04
4.97044667E-01  2.30620839E-02  4.41465498E-04
4.97343282E-01  2.26037446E-02  4.31743567E-04
4.97641897E-01  2.34087948E-02  4.38717892E-04
4.97940512E-01  2.30852235E-02  4.40137897E-04
4.98239127E-01  2.26326529E-02  4.34280752E-04
4.98537742E-01  2.39951853E-02  4.48058330E-04
4.98836357E-01  2.28808075E-02  4.34820366E-04
4.99134972E-01  2.27499194E-02  4.35410126E-04
4.99433587E-01  2.40188073E-02  4.48734150E-04
4.99732202E-01  2.38114316E-02  4.44240053E-04
5.00030817E-01  2.27441173E-02  4.33634472E-04
5.00329432E-01  2.28324365E-02  4.35555878E-04
5.00628047E-01  2.36801393E-02  4.43569646E-04
5.00926662E-01  2.33036820E-02  4.42457269E-04
5.01225277E-01  2.31683385E-02  4.36053175E-04
5.01523892E-01  2.25369651E-02  4.30389540E-04
5.01822507E-01  2.33885255E-02  4.40509524E-04
5.02121122E-01  2.26852652E-02  4.34810267E-04
5.02419737E-01  2.22992897E-02  4.30347107E-04
5.02718352E-01  2.26756074E-02  4.33749636E-04
5.03016967E-01  2.32699458E-02  4.39290219E-04
5.03315582E-01  2.35979427E-02  4.43589146E-04
5.03614197E-01  2.29812134E-02  4.34304122E-04
5.03912812E-01  2.20379066E-02  4.27296676E-04
5.04211427E-01  2.34249309E-02  4.39561001E-04
5.04510042E-01  2.27202196E-02  4.35160619E-04
5.04808657E-01  2.25876234E-02  4.30259941E-04
5.05107272E-01  2.28288174E-02  4.35012218E-04
5.05405887E-01  2.29207519E-02  4.34170564E-04
5.05704502E-01  2.26829145E-02  4.35245165E-04
5.06003117E-01  2.26596054E-02  4.32652712E-04
5.06301732E-01  2.27859896E-02  4.33645328E-04
5.06600347E-01  2.28235368E-02  4.32406669E-04
5.06898962E-01  2.37689838E-02  4.44221892E-04
5.07197577E-01  2.34422386E-02  4.42149001E-04
5.07496192E-01  2.36321446E-02  4.38611081E-04
5.07794807E-01  2.28711572E-02  4.37170384E-04
5.08093422E-01  2.29430683E-02  4.34827380E-04
5.08392037E-01  2.36628987E-02  4.42471122E-04
5.08690652E-01  2.25079767E-02  4.29210282E-04
5.08989267E-01  2.25481093E-02  4.31074237E-04
5.09287882E-01  2.23149396E-02  4.30328713E-04
5.09586497E-01  2.28803419E-02  4.34028480E-04
5.09885112E-01  2.22795364E-02  4.27978055E-04
5.10183727E-01  2.24829894E-02  4.30459098E-04
5.10482342E-01  2.25837082E-02  4.30576125E-04
5.10780957E-01  2.32214797E-02  4.37907351E-04
5.11079572E-01  2.24887170E-02  4.30095999E-04
5.11378187E-01  2.30925251E-02  4.35940892E-04
5.11676802E-01  2.26285290E-02  4.34762245E-04
5.11975417E-01  2.27639657E-02  4.31665598E-04
5.12274032E-01  2.31514052E-02  4.35966154E-04
5.12572647E-01  2.34488621E-02  4.39083407E-04
5.12871262E-01  2.25713924E-02  4.30263142E-04
5.13169877E-01  2.30636615E-02  4.38058021E-04
5.13468492E-01  2.25909483E-02  4.28461761E-04
5.13767107E-01  2.22331211E-02  4.26614424E-04
5.14065722E-01  2.27461122E-02  4.34067158E-04
5.14364337E-01  2.22549886E-02  4.28615051E-04
5.14662952E-01  2.33813040E-02  4.38356627E-04
5.14961567E-01  2.24110801E-02  4.27907507E-04
5.15260182E-01  2.25118175E-02  4.31406545E-04
5.15558797E-01  2.26364583E-02  4.31111985E-04
5.15857412E-01  2.26689652E-02  4.31106077E-04
5.16156027E-01  2.31813733E-02  4.36918053E-04
5.16454642E-01  2.28005219E-02  4.33529553E-04
5.16753257E-01  2.22377535E-02  4.27096646E-04
5.17051872E-01  2.31083278E-02  4.37096809E-04
5.17350487E-01  2.28827689E-02  4.31981112E-04
5.17649102E-01  2.28177924E-02  4.32530767E-04
5.17947717E-01  2.20123269E-02  4.24414116E-04
5.18246332E-01  2.22333726E-02  4.26855084E-04
5.18544947E-01  2.31266432E-02  4.36740636E-04
5.18843562E-01  2.32850164E-02  4.38560004E-04
5.19142177E-01  2.24604122E-02  4.28615080E-04
5.19440792E-01  2.29401663E-02  4.33064619E-04
5.19739407E-01  2.21907403E-02  4.26351005E-04
5.20038022E-01  2.20629908E-02  4.27221268E-04
5.20336637E-01  2.24095397E-02  4.28346801E-04
5.20635252E-01  2.18995772E-02  4.23343270E-04
5.20933867E-01  2.20057312E-02  4.24681813E-04
5.21232482E-01  2.28187963E-02  4.31929453E-04
5.21531097E-01  2.23149117E-02  4.28815867E-04
5.21829712E-01  2.32037548E-02  4.36951988E-04
5.22128327E-01  2.19296794E-02  4.24163038E-04
5.22426942E-01  2.26378106E-02  4.28964966E-04
5.22725557E-01  2.26772260E-02  4.31653607E-04
5.23024172E-01  2.16556676E-02  4.20994736E-04
5.23322787E-01  2.20558047E-02  4.25806793E-04
5.23621402E-01  2.17297301E-02  4.21717908E-04
5.23920017E-01  2.20656414E-02  4.27272607E-04
5.24218632E-01  2.17066612E-02  4.20163880E-04
5.24517247E-01  2.21751630E-02  4.25816019E-04
5.24815862E-01  2.21935678E-02  4.27670166E-04
5.25114477E-01  2.26166695E-02  4.29723179E-04
5.25413092E-01  2.23257579E-02  4.27998195E-04
5.25711707E-01  2.24191770E-02  4.29316016E-04
5.26010322E-01  2.19030716E-02  4.22072306E-04
5.26308937E-01  2.20206156E-02  4.24652884E-04
5.26607552E-01  2.17726771E-02  4.22154117E-04
5.26906167E-01  2.21224818E-02  4.25118022E-04
5.27204782E-01  2.25118622E-02  4.31486667E-04
5.27503397E-01  2.27391683E-02  4.31428140E-04
5.27802012E-01  2.17513889E-02  4.22058802E-04
5.28100627E-01  2.22920328E-02  4.28218103E-04
5.28399242E-01  2.25132629E-02  4.26375307E-04
5.28697857E-01  2.16271523E-02  4.21477016E-04
5.28996472E-01  2.26993039E-02  4.31059889E-04
5.29295087E-01  2.16032267E-02  4.21973440E-04
5.29593702E-01  2.16801763E-02  4.20044875E-04
5.29892317E-01  2.15958729E-02  4.20149998E-04
5.30190932E-01  2.17464287E-02  4.23479971E-04
5.30489547E-01  2.25665346E-02  4.29702370E-04
5.30788162E-01  2.23239530E-02  4.26555052E-04
5.31086777E-01  2.21576169E-02  4.26108018E-04
5.31385392E-01  2.14560106E-02  4.17271047E-04
5.31684007E-01  2.17917580E-02  4.22682991E-04
5.31982622E-01  2.15764269E-02  4.20488446E-04
5.32281237E-01  2.27619074E-02  4.31781838E-04
5.32579852E-01  2.22897120E-02  4.28015628E-04
5.32878467E-01  2.25219689E-02  4.29399021E-04
5.33177082E-01  2.20682174E-02  4.25887702E-04
5.33475697E-01  2.20745523E-02  4.22949321E-04
5.33774312E-01  2.19449550E-02  4.23351245E-04
5.34072927E-01  2.22464725E-02  4.29088162E-04
5.34371542E-01  2.22452637E-02  4.24896367E-04
5.34670157E-01  2.19816454E-02  4.21556295E-04
5.34968772E-01  2.19260491E-02  4.25047969E-04
5.35267387E-01  2.16437969E-02  4.20446275E-04
5.35566002E-01  2.15450600E-02  4.21239238E-04
5.35864617E-01  2.21381877E-02  4.23779857E-04
5.36163232E-01  2.22621579E-02  4.27565334E-04
5.36461847E-01  2.22433470E-02  4.26967890E-04
5.36760462E-01  2.19934769E-02  4.23735735E-04
5.37059077E-01  2.16015298E-02  4.19229909E-04
5.37357692E-01  2.22765394E-02  4.28553496E-04
5.37656307E-01  2.18124837E-02  4.20561002E-04
5.37954922E-01  2.13690232E-02  4.21192293E-04
5.38253537E-01  2.15815827E-02  4.15722869E-04
5.38552152E-01  2.24083494E-02  4.27621591E-04
5.38850767E-01  2.18616538E-02  4.23720019E-04
5.39149382E-01  2.17682477E-02  4.23023506E-04
5.39447997E-01  2.17643026E-02  4.21437580E-04
5.39746612E-01  2.07745265E-02  4.12449619E-04
5.40045227E-01  2.17175093E-02  4.20373864E-04
5.40343842E-01  2.12758239E-02  4.18219453E-04
5.40642457E-01  2.24232432E-02  4.27361403E-04
5.40941072E-01  2.09897906E-02  4.13076021E-04
5.41239687E-01  2.20883042E-02  4.28032537E-04
5.41538302E-01  2.19718348E-02  4.23869817E-04
5.41836917E-01  2.22964492E-02  4.26574959E-04
5.42135532E-01  2.23667361E-02  4.24362021E-04
5.42434147E-01  2.16371994E-02  4.20635712E-04
5.42732762E-01  2.17814501E-02  4.23280057E-04
5.43031377E-01  2.14746539E-02  4.21639415E-04
5.43329992E-01  2.20667552E-02  4.21717647E-04
5.43628607E-01  2.15235446E-02  4.19537566E-04
5.43927222E-01  2.08058655E-02  4.12990426E-04
5.44225837E-01  2.09680367E-02  4.14903712E-04
5.44524452E-01  2.05994770E-02  4.08250751E-04
5.44823067E-01  2.15395857E-02  4.20009863E-04
5.45121682E-01  2.15607621E-02  4.19705262E-04
5.45420297E-01  2.08950751E-02  4.13379079E-04
5.45718912E-01  2.14668885E-02  4.17877891E-04
5.46017527E-01  2.11201925E-02  4.15401068E-04
5.46316142E-01  2.13275664E-02  4.16827621E-04
5.46614757E-01  2.12545302E-02  4.18772892E-04
5.46913372E-01  2.17775684E-02  4.19575954E-04
5.47211987E-01  2.18179896E-02  4.22318844E-04
5.47510602E-01  2.28937622E-02  4.33348439E-04
5.47809217E-01  2.08866503E-02  4.12406138E-04
5.48107832E-01  2.17523295E-02  4.23033780E-04
5.48406447E-01  2.12741885E-02  4.16421128E-04
5.48705062E-01  2.08549704E-02  4.11299843E-04
5.49003677E-01  2.13221926E-02  4.19455231E-04
5.49302292E-01  2.18583085E-02  4.19963966E-04
5.49600907E-01  2.05282848E-02  4.10565699E-04
5.49899522E-01  2.13122796E-02  4.17006988E-04
5.50198137E-01  2.15281360E-02  4.20346361E-04
5.50496752E-01  2.18380988E-02  4.21918405E-04
5.50795367E-01  2.11078692E-02  4.13800270E-04
5.51093982E-01  2.14564204E-02  4.18626994E-04
5.51392597E-01  2.20733024E-02  4.25748061E-04
5.51691212E-01  2.13765483E-02  4.17545758E-04
5.51989827E-01  2.17552055E-02  4.21024684E-04
5.52288442E-01  2.18709819E-02  4.20207478E-04
5.52587057E-01  2.07130890E-02  4.10421781E-04
5.52885672E-01  2.21335683E-02  4.24469850E-04
5.53184287E-01  2.11449917E-02  4.13180474E-04
5.53482902E-01  2.20324639E-02  4.22375568E-04
5.53781517E-01  2.07952280E-02  4.11242800E-04
5.54080132E-01  2.14148480E-02  4.17022937E-04
5.54378747E-01  2.16508936E-02  4.15902148E-04
5.54677362E-01  2.12305207E-02  4.13825910E-04
5.54975977E-01  2.13992372E-02  4.16877068E-04
5.55274592E-01  2.18303036E-02  4.19735909E-04
5.55573207E-01  2.20755432E-02  4.17486852E-04
5.55871822E-01  2.08968353E-02  4.09191620E-04
5.56170437E-01  2.14264710E-02  4.15441435E-04
5.56469052E-01  2.18255427E-02  4.19799588E-04
5.56767667E-01  2.09974274E-02  4.09593835E-04
5.57066282E-01  2.15867665E-02  4.15899878E-04
5.57364897E-01  2.05152445E-02  4.02569363E-04
5.57663512E-01  2.13060267E-02  4.12795867E-04
5.57962127E-01  2.07674988E-02  4.06192034E-04
5.58260742E-01  2.17640642E-02  4.13672795E-04
5.58559357E-01  2.10472625E-02  4.11270797E-04
5.58857972E-01  2.17403043E-02  4.17388714E-04
5.59156587E-01  2.15681363E-02  4.11812653E-04
5.59455202E-01  2.14823801E-02  4.13428585E-04
5.59753817E-01  2.16587223E-02  4.13165893E-04
5.60052432E-01  2.16597654E-02  4.14545706E-04
5.60351047E-01  2.13087630E-02  4.10011417E-04
5.60649662E-01  2.11318713E-02  4.06683044E-04
5.60948277E-01  2.10385434E-02  4.06546635E-04
5.61246892E-01  2.03294214E-02  4.00390301E-04
5.61545507E-01  2.11058985E-02  4.07392072E-04
5.61844122E-01  2.03171857E-02  3.97384370E-04
5.62142737E-01  2.06723195E-02  4.04330436E-04
5.62441352E-01  2.12259796E-02  4.06840030E-04
5.62739967E-01  2.10057404E-02  4.04255639E-04
5.63038582E-01  2.10787654E-02  4.06187901E-04
5.63337197E-01  2.08797604E-02  4.02952050E-04
5.63635812E-01  2.12127306E-02  4.09301720E-04
5.63934427E-01  2.07601357E-02  4.01241647E-04
5.64233042E-01  2.09271312E-02  4.01924946E-04
5.64531657E-01  2.12955363E-02  4.07425512E-04
5.64830272E-01  2.11550370E-02  4.05703904E-04
5.65128887E-01  2.12434866E-02  4.07026062E-04
5.65427502E-01  2.12880597E-02  4.04917984E-04
5.65726117E-01  2.18936820E-02  4.12062742E-04
5.66024732E-01  2.10328642E-02  4.03509330E-04
5.66323347E-01  2.14055162E-02  4.07447049E-04
5.66621962E-01  2.06469577E-02  3.96690302E-04
5.66920577E-01  2.08359957E-02  4.01808240E-04
5.67219192E-01  2.11915169E-02  4.05881379E-04
5.67517807E-01  2.07060762E-02  4.01021563E-04
5.67816422E-01  2.09355485E-02  3.98284959E-04
5.68115037E-01  2.12544613E-02  4.04059683E-04
5.68413652E-01  2.13035140E-02  4.04992199E-04
5.68712267E-01  2.05569044E-02  3.97834170E-04
5.69010882E-01  2.14091558E-02  4.04884340E-04
5.69309497E-01  2.10093781E-02  4.01363563E-04
5.69608112E-01  2.05617249E-02  3.97704105E-04
5.69906727E-01  2.19563749E-02  4.09845030E-04
5.70205342E-01  2.18155440E-02  4.06862004E-04
5.70503957E-01  2.03320924E-02  3.95937823E-04
5.70802572E-01  2.12041792E-02  4.03322483E-04
5.71101187E-01  2.13888362E-02  4.06100880E-04
5.71399802E-01  2.05640141E-02  3.96195101E-04
5.71698417E-01  2.10129023E-02  4.01138153E-04
5.71997032E-01  2.10601203E-02  4.03438753E-04
5.72295647E-01  2.07188632E-02  3.99698125E-04
5.72594262E-01  2.15124451E-02  4.05606494E-04
5.72892877E-01  2.12200731E-02  4.00022895E-04
5.73191492E-01  2.10354831E-02  4.02376580E-04
5.73490107E-01  2.07616128E-02  4.00671939E-04
5.73788722E-01  2.11099740E-02  4.01894271E-04
5.74087337E-01  2.14034487E-02  4.05793602E-04
5.74385952E-01  2.06617191E-02  3.99712968E-04
5.74684567E-01  2.15742979E-02  4.07788728E-04
5.74983182E-01  2.03740168E-02  3.94294795E-04
5.75281797E-01  2.09085885E-02  3.98349192E-04
5.75580412E-01  2.15529501E-02  4.07968677E-04
5.75879027E-01  2.07858328E-02  3.99358512E-04
5.76177642E-01  2.14379020E-02  4.06227831E-04
5.76476257E-01  2.01308634E-02  3.91944894E-04
5.76774872E-01  2.11364627E-02  4.03644051E-04
5.77073487E-01  2.16233078E-02  4.07986925E-04
5.77372102E-01  2.14195568E-02  4.06904233E-04
5.77670717E-01  2.14116443E-02  4.04137187E-04
5.77969332E-01  2.10367870E-02  4.01960540E-04
5.78267947E-01  2.10258365E-02  4.02781967E-04
5.78566562E-01  2.08144803E-02  3.99835117E-04
5.78865177E-01  2.13659946E-02  4.03347425E-04
5.79163792E-01  2.09858902E-02  4.01942991E-04
5.79462407E-01  2.12088861E-02  4.03704238E-04
5.79761022E-01  2.16390416E-02  4.09378292E-04
5.80059637E-01  2.10202131E-02  3.99534300E-04
5.80358252E-01  2.08155178E-02  4.00224439E-04
5.80656867E-01  2.17234772E-02  4.09803964E-04
5.80955482E-01  2.10665762E-02  4.03562415E-04


### HEADER:
#
#{
#    "analysis": {},
#    "calibration_params": {
#        "Beam_Center_X": 1061.0,
#        "Beam_Center_Y": 2093.0,
#        "Detector Tilt": 0.0,
#        "Detector Tilt Plane Rotation": 0.0,
#        "Detector_X_Pixel_Size": 75.0,
#        "Detector_Y_Pixel_Size": 75.0,
#        "Integration Method": "nosplit_csr",
#        "Radial_Average_Method": "pyFAI",
#        "Sample-to-detector distance (mm)": 1782.0,
#        "Wavelength (A)": 0.8823505857220345
#    },
#    "config_file": "/Users/jwinnikoff/Library/Application Support/RAW/backup.cfg",
#    "counters": {
#        "Epoch": "649.768",
#        "I1": "0",
#        "I2": "0",
#        "I3": "0",
#        "Seconds": "1",
#        "Time": "2.00272e-05",
#        "date": "Tue Feb 21 00:26:33 2023",
#        "diode": "46777"
#    },
#    "filename": "JWL0316A_04-80C_lh_35_data_000001_00001.h5",
#    "history": {},
#    "imageHeader": {},
#    "load_path": "/Users/jwinnikoff/Documents/MBARI/SAXS/HPSAXS_7A_Feb2023/JWL0316A_AL95_pPCSlp/JWL0316A_04-80C_lh_35_data_000001.h5",
#    "normalizations": {
#        "Absolute_scale": {
#            "Absolute_scale_factor": 0.005174693841759343,
#            "Method": "Water"
#        },
#        "Counter_norms": [
#            [
#                "/",
#                "diode/150000"
#            ]
#        ],
#        "Polarization": {
#            "Used": false
#        },
#        "Solid_Angle_Correction": "On"
#    },
#    "raw_version": "2.1.4"
#}

