### DATA:
#
# 1908
#      Q             I(Q)           Error     
1.14966775E-02  0.00000000E+00  0.00000000E+00
1.17952925E-02  7.93415606E-01  3.74019705E-02
1.20939075E-02  8.29560220E-01  2.70428900E-02
1.23925225E-02  7.71670401E-01  2.12960709E-02
1.26911375E-02  7.26520240E-01  1.94101389E-02
1.29897525E-02  6.68526649E-01  1.80947427E-02
1.32883675E-02  6.50556266E-01  1.71496179E-02
1.35869825E-02  6.32683098E-01  1.61065776E-02
1.38855975E-02  5.81838965E-01  1.44693097E-02
1.41842125E-02  5.93468428E-01  1.49208782E-02
1.44828275E-02  5.19761741E-01  1.38173923E-02
1.47814425E-02  4.86076206E-01  1.29631842E-02
1.50800575E-02  5.02016962E-01  1.26859359E-02
1.53786725E-02  4.63253647E-01  1.14777908E-02
1.56772875E-02  4.49459046E-01  1.13979019E-02
1.59759025E-02  4.31468427E-01  1.04248626E-02
1.62745175E-02  4.18014020E-01  1.01175206E-02
1.65731325E-02  4.00487542E-01  1.00436248E-02
1.68717475E-02  3.87681305E-01  9.07493290E-03
1.71703625E-02  3.61328989E-01  9.21649672E-03
1.74689775E-02  3.49825859E-01  8.37201066E-03
1.77675925E-02  3.39455754E-01  8.10991134E-03
1.80662075E-02  3.35209429E-01  8.38810299E-03
1.83648225E-02  3.32117558E-01  7.50368554E-03
1.86634375E-02  3.04747701E-01  7.52062351E-03
1.89620525E-02  2.99571931E-01  7.02593615E-03
1.92606675E-02  2.98889160E-01  7.11842626E-03
1.95592825E-02  2.86081076E-01  7.03218253E-03
1.98578975E-02  2.74252713E-01  6.37452351E-03
2.01565125E-02  2.74322212E-01  6.60107704E-03
2.04551275E-02  2.59856224E-01  6.03013719E-03
2.07537425E-02  2.46842533E-01  5.74207678E-03
2.10523575E-02  2.48153076E-01  5.43719670E-03
2.13509725E-02  2.37502143E-01  4.99258284E-03
2.16495875E-02  2.39435434E-01  4.99800965E-03
2.19482025E-02  2.34402299E-01  4.58030216E-03
2.22468175E-02  2.28721589E-01  4.73329658E-03
2.25454325E-02  2.26986885E-01  4.32454050E-03
2.28440475E-02  2.15296358E-01  4.31369897E-03
2.31426625E-02  2.01596737E-01  4.02871286E-03
2.34412775E-02  2.10836098E-01  3.96045484E-03
2.37398925E-02  1.92345574E-01  3.92623758E-03
2.40385075E-02  1.89133465E-01  3.65958153E-03
2.43371225E-02  1.91399470E-01  3.68143967E-03
2.46357375E-02  1.84535176E-01  3.71304899E-03
2.49343525E-02  1.75506428E-01  3.44328885E-03
2.52329675E-02  1.73936501E-01  3.59723228E-03
2.55315825E-02  1.71288937E-01  3.34449206E-03
2.58301975E-02  1.65487349E-01  3.30578233E-03
2.61288125E-02  1.66725740E-01  3.42909014E-03
2.64274275E-02  1.57015353E-01  3.11670941E-03
2.67260425E-02  1.51893809E-01  3.22813191E-03
2.70246575E-02  1.51524857E-01  3.01964604E-03
2.73232725E-02  1.45991087E-01  3.05946032E-03
2.76218875E-02  1.48978651E-01  3.13656661E-03
2.79205025E-02  1.41788989E-01  2.94627459E-03
2.82191175E-02  1.37406439E-01  2.89036613E-03
2.85177325E-02  1.35764927E-01  2.82476027E-03
2.88163475E-02  1.33113965E-01  2.88493349E-03
2.91149625E-02  1.29791468E-01  2.76653469E-03
2.94135775E-02  1.31028742E-01  2.74771266E-03
2.97121925E-02  1.27171874E-01  2.72936211E-03
3.00108075E-02  1.20739870E-01  2.57126242E-03
3.03094225E-02  1.20673671E-01  2.68561882E-03
3.06080375E-02  1.17209971E-01  2.56139296E-03
3.09066525E-02  1.19287305E-01  2.54785060E-03
3.12052675E-02  1.13826871E-01  2.56520417E-03
3.15038825E-02  1.12886526E-01  2.44482909E-03
3.18024975E-02  1.10595211E-01  2.45706481E-03
3.21011125E-02  1.06966987E-01  2.33811117E-03
3.23997275E-02  1.06421307E-01  2.27045827E-03
3.26983425E-02  1.03575349E-01  2.25858670E-03
3.29969575E-02  1.07858300E-01  2.17773393E-03
3.32955725E-02  1.05000317E-01  2.14868831E-03
3.35941875E-02  1.04912236E-01  2.04806728E-03
3.38928025E-02  1.01511061E-01  2.07424769E-03
3.41914175E-02  1.01364017E-01  2.01085838E-03
3.44900325E-02  1.00596882E-01  1.98977557E-03
3.47886474E-02  9.98640880E-02  1.94803451E-03
3.50872624E-02  9.39033404E-02  1.85339560E-03
3.53858774E-02  9.41542983E-02  1.91435392E-03
3.56844924E-02  9.64005217E-02  1.86248613E-03
3.59831074E-02  9.37246531E-02  1.80540432E-03
3.62817224E-02  9.22489464E-02  1.83509605E-03
3.65803374E-02  8.97040740E-02  1.75418879E-03
3.68789524E-02  9.01766121E-02  1.81813596E-03
3.71775674E-02  8.89301747E-02  1.76384894E-03
3.74761824E-02  8.87902975E-02  1.71545427E-03
3.77747974E-02  8.91309083E-02  1.72687625E-03
3.80734124E-02  8.90682340E-02  1.69908255E-03
3.83720274E-02  8.37700069E-02  1.70181307E-03
3.86706424E-02  8.54312852E-02  1.63716753E-03
3.89692574E-02  8.29044953E-02  1.66074932E-03
3.92678724E-02  8.33982229E-02  1.67840300E-03
3.95664874E-02  8.52745920E-02  1.63566705E-03
3.98651024E-02  8.45466182E-02  1.63012196E-03
4.01637174E-02  8.21722522E-02  1.58052787E-03
4.04623324E-02  8.37938711E-02  1.65257510E-03
4.07609474E-02  7.93299526E-02  1.55161659E-03
4.10595624E-02  8.07987377E-02  1.59786176E-03
4.13581774E-02  8.16444382E-02  1.57680584E-03
4.16567924E-02  8.18161592E-02  1.54673262E-03
4.19554074E-02  8.13560560E-02  1.58639753E-03
4.22540224E-02  7.90865645E-02  1.55191077E-03
4.25526374E-02  7.77600482E-02  1.51800993E-03
4.28512524E-02  7.88830966E-02  1.53409841E-03
4.31498674E-02  7.85441250E-02  1.51298393E-03
4.34484824E-02  7.78117329E-02  1.55282218E-03
4.37470974E-02  7.82809630E-02  1.49086304E-03
4.40457124E-02  7.95321390E-02  1.51004340E-03
4.43443274E-02  8.17583874E-02  1.56049046E-03
4.46429424E-02  7.89043829E-02  1.49920571E-03
4.49415574E-02  7.68725723E-02  1.52740360E-03
4.52401724E-02  7.73221776E-02  1.46413059E-03
4.55387874E-02  7.68844187E-02  1.48349244E-03
4.58374024E-02  8.07487443E-02  1.52031728E-03
4.61360174E-02  7.98468292E-02  1.49018806E-03
4.64346324E-02  8.09939131E-02  1.53009477E-03
4.67332474E-02  8.11909884E-02  1.48407021E-03
4.70318624E-02  7.86416903E-02  1.50401995E-03
4.73304774E-02  8.07969049E-02  1.51585997E-03
4.76290924E-02  8.05592984E-02  1.48171082E-03
4.79277074E-02  7.97100365E-02  1.46485225E-03
4.82263224E-02  8.29050690E-02  1.48376334E-03
4.85249374E-02  8.17024708E-02  1.51822425E-03
4.88235524E-02  8.06484669E-02  1.47120736E-03
4.91221674E-02  8.34435001E-02  1.48745603E-03
4.94207824E-02  8.24211612E-02  1.49412791E-03
4.97193974E-02  8.71707126E-02  1.50901126E-03
5.00180124E-02  8.42450708E-02  1.52468833E-03
5.03166274E-02  8.68091658E-02  1.50365394E-03
5.06152424E-02  8.77705961E-02  1.51644496E-03
5.09138574E-02  8.73316899E-02  1.53095741E-03
5.12124724E-02  8.97412896E-02  1.51108741E-03
5.15110874E-02  8.80056992E-02  1.52300938E-03
5.18097024E-02  8.90084505E-02  1.50926830E-03
5.21083174E-02  9.02819782E-02  1.51782657E-03
5.24069324E-02  9.10006613E-02  1.52496039E-03
5.27055474E-02  9.51517075E-02  1.54928304E-03
5.30041624E-02  9.34829190E-02  1.56501983E-03
5.33027774E-02  9.52925086E-02  1.54381862E-03
5.36013924E-02  9.78030413E-02  1.57297368E-03
5.39000074E-02  9.70665440E-02  1.54073874E-03
5.41986224E-02  1.01624630E-01  1.60803297E-03
5.44972374E-02  1.04160786E-01  1.60723575E-03
5.47958524E-02  1.08659081E-01  1.63015106E-03
5.50944674E-02  1.04839213E-01  1.62624510E-03
5.53930824E-02  1.08113587E-01  1.61489530E-03
5.56916974E-02  1.12121075E-01  1.63562794E-03
5.59903124E-02  1.18730657E-01  1.71838969E-03
5.62889274E-02  1.16577931E-01  1.66556891E-03
5.65875424E-02  1.20447323E-01  1.72349217E-03
5.68861574E-02  1.23241134E-01  1.71250850E-03
5.71847724E-02  1.27657935E-01  1.73128326E-03
5.74833874E-02  1.33867681E-01  1.79208501E-03
5.77820024E-02  1.36287898E-01  1.78647041E-03
5.80806174E-02  1.38409108E-01  1.84496283E-03
5.83792324E-02  1.41088158E-01  1.79631787E-03
5.86778474E-02  1.47486091E-01  1.86586636E-03
5.89764624E-02  1.51413932E-01  1.91112794E-03
5.92750774E-02  1.54079661E-01  1.84981455E-03
5.95736924E-02  1.62546799E-01  1.95882167E-03
5.98723074E-02  1.67119786E-01  1.94496335E-03
6.01709224E-02  1.76558509E-01  1.99657329E-03
6.04695374E-02  1.83507353E-01  2.06749979E-03
6.07681524E-02  1.88651323E-01  2.07446981E-03
6.10667674E-02  1.96709573E-01  2.12936057E-03
6.13653824E-02  2.05304131E-01  2.12593493E-03
6.16639974E-02  2.13519529E-01  2.19563884E-03
6.19626124E-02  2.26178184E-01  2.26268708E-03
6.22612274E-02  2.32634544E-01  2.25180574E-03
6.25598424E-02  2.44114861E-01  2.35675601E-03
6.28584574E-02  2.57655233E-01  2.38161627E-03
6.31570724E-02  2.63964236E-01  2.43194634E-03
6.34556874E-02  2.80395746E-01  2.43923860E-03
6.37543024E-02  2.96674460E-01  2.54293415E-03
6.40529174E-02  3.09942245E-01  2.63525452E-03
6.43515324E-02  3.28225344E-01  2.65998510E-03
6.46501474E-02  3.46710950E-01  2.79251672E-03
6.49487624E-02  3.57220948E-01  2.73030018E-03
6.52473774E-02  3.79069448E-01  2.83615151E-03
6.55459924E-02  3.99088204E-01  2.94211716E-03
6.58446074E-02  4.11154658E-01  2.95374589E-03
6.61432224E-02  4.35028821E-01  3.07174423E-03
6.64418374E-02  4.42945838E-01  3.02248262E-03
6.67404524E-02  4.58899766E-01  3.11679509E-03
6.70390674E-02  4.71301466E-01  3.17390915E-03
6.73376824E-02  4.85110521E-01  3.13568953E-03
6.76362974E-02  4.94000822E-01  3.24159814E-03
6.79349124E-02  5.00763059E-01  3.19138682E-03
6.82335274E-02  5.16907871E-01  3.26510123E-03
6.85321424E-02  5.27832389E-01  3.33870598E-03
6.88307574E-02  5.32729089E-01  3.28788767E-03
6.91293724E-02  5.47235906E-01  3.38335359E-03
6.94279874E-02  5.53126574E-01  3.31982202E-03
6.97266024E-02  5.61191797E-01  3.40209971E-03
7.00252174E-02  5.74006081E-01  3.41289607E-03
7.03238324E-02  5.84177494E-01  3.41560016E-03
7.06224474E-02  6.00707769E-01  3.51573760E-03
7.09210624E-02  6.12275183E-01  3.50472867E-03
7.12196774E-02  6.27815366E-01  3.54088168E-03
7.15182924E-02  6.39678597E-01  3.49587668E-03
7.18169074E-02  6.60159290E-01  3.64751159E-03
7.21155224E-02  6.69895530E-01  3.66177945E-03
7.24141374E-02  6.88027501E-01  3.69012379E-03
7.27127524E-02  7.07797945E-01  3.72607820E-03
7.30113674E-02  7.17360914E-01  3.72229610E-03
7.33099824E-02  7.30930209E-01  3.77808581E-03
7.36085974E-02  7.49562085E-01  3.83871258E-03
7.39072124E-02  7.67950952E-01  3.81390797E-03
7.42058274E-02  7.81673491E-01  3.92885087E-03
7.45044424E-02  7.87918687E-01  3.87568702E-03
7.48030574E-02  8.03336143E-01  3.93905817E-03
7.51016724E-02  8.15842927E-01  3.96526465E-03
7.54002874E-02  8.17039549E-01  3.90467909E-03
7.56989024E-02  8.35942686E-01  4.01821220E-03
7.59975174E-02  8.39307487E-01  3.96173121E-03
7.62961324E-02  8.37964296E-01  3.97121627E-03
7.65947474E-02  8.49950314E-01  3.98677588E-03
7.68933624E-02  8.53800595E-01  4.00004257E-03
7.71919774E-02  8.50993514E-01  4.03659139E-03
7.74905924E-02  8.49899411E-01  3.94504890E-03
7.77892074E-02  8.44566524E-01  3.95738892E-03
7.80878224E-02  8.33693683E-01  3.89917195E-03
7.83864374E-02  8.31425428E-01  3.88784078E-03
7.86850524E-02  8.21314752E-01  3.92739894E-03
7.89836674E-02  8.11449707E-01  3.85479187E-03
7.92822824E-02  8.06601226E-01  3.81172588E-03
7.95808974E-02  7.93560982E-01  3.74650629E-03
7.98795124E-02  7.77324915E-01  3.78073449E-03
8.01781274E-02  7.66746402E-01  3.78664443E-03
8.04767424E-02  7.49539554E-01  3.64844222E-03
8.07753574E-02  7.31435895E-01  3.64096765E-03
8.10739724E-02  7.18880057E-01  3.56945652E-03
8.13725874E-02  6.99714541E-01  3.50748422E-03
8.16712024E-02  6.90720022E-01  3.54182790E-03
8.19698174E-02  6.73228681E-01  3.40666831E-03
8.22684324E-02  6.51952565E-01  3.42342001E-03
8.25670474E-02  6.37665391E-01  3.34503292E-03
8.28656624E-02  6.25943422E-01  3.33747501E-03
8.31642774E-02  6.10336840E-01  3.25001474E-03
8.34628924E-02  6.06908202E-01  3.24406079E-03
8.37615074E-02  6.00717127E-01  3.27615696E-03
8.40601224E-02  5.93456924E-01  3.18915420E-03
8.43587374E-02  5.84600866E-01  3.17764794E-03
8.46573524E-02  5.77357829E-01  3.14255175E-03
8.49559674E-02  5.79133451E-01  3.16897221E-03
8.52545824E-02  5.74492395E-01  3.16247647E-03
8.55531974E-02  5.71636558E-01  3.10296495E-03
8.58518124E-02  5.67830563E-01  3.10749584E-03
8.61504274E-02  5.60431480E-01  3.05495039E-03
8.64490424E-02  5.44439912E-01  3.06058372E-03
8.67476574E-02  5.34852028E-01  3.02761537E-03
8.70462724E-02  5.06750762E-01  2.89813266E-03
8.73448874E-02  4.90189075E-01  2.87205912E-03
8.76435024E-02  4.77260888E-01  2.80596083E-03
8.79421174E-02  4.58418667E-01  2.79482012E-03
8.82407324E-02  4.40040737E-01  2.72770575E-03
8.85393474E-02  4.28132743E-01  2.65266816E-03
8.88379624E-02  4.13224638E-01  2.62572663E-03
8.91365774E-02  3.99977058E-01  2.54974584E-03
8.94351924E-02  3.88790607E-01  2.53258273E-03
8.97338074E-02  3.75437289E-01  2.47486075E-03
9.00324224E-02  3.62641424E-01  2.42560008E-03
9.03310374E-02  3.59946251E-01  2.44369963E-03
9.06296524E-02  3.50721478E-01  2.38321489E-03
9.09282674E-02  3.41592640E-01  2.34983931E-03
9.12268824E-02  3.27315837E-01  2.29600654E-03
9.15254974E-02  3.26988935E-01  2.28652428E-03
9.18241124E-02  3.15468103E-01  2.27918918E-03
9.21227274E-02  3.11738431E-01  2.24481476E-03
9.24213424E-02  3.07947695E-01  2.19325721E-03
9.27199574E-02  3.01892996E-01  2.19108467E-03
9.30185724E-02  2.94144422E-01  2.16669589E-03
9.33171874E-02  2.91896582E-01  2.18021544E-03
9.36158024E-02  2.88783073E-01  2.09444645E-03
9.39144174E-02  2.85021842E-01  2.13477039E-03
9.42130324E-02  2.79155165E-01  2.10128818E-03
9.45116474E-02  2.71187484E-01  2.06185994E-03
9.48102624E-02  2.71880239E-01  2.07373057E-03
9.51088774E-02  2.64054596E-01  2.00450188E-03
9.54074924E-02  2.61886418E-01  2.02260562E-03
9.57061074E-02  2.63547987E-01  2.02364335E-03
9.60047224E-02  2.60371208E-01  2.01318623E-03
9.63033374E-02  2.57870585E-01  1.98432454E-03
9.66019524E-02  2.52601117E-01  1.97422970E-03
9.69005674E-02  2.53983945E-01  1.97445229E-03
9.71991824E-02  2.47030541E-01  1.94217439E-03
9.74977974E-02  2.49850720E-01  1.94650143E-03
9.77964124E-02  2.45674238E-01  1.92356121E-03
9.80950274E-02  2.42786869E-01  1.92542514E-03
9.83936424E-02  2.38443375E-01  1.90895249E-03
9.86922574E-02  2.39816263E-01  1.91278500E-03
9.89908724E-02  2.40101248E-01  1.89355714E-03
9.92894874E-02  2.37870440E-01  1.87918078E-03
9.95881024E-02  2.36320823E-01  1.88821158E-03
9.98867174E-02  2.35549480E-01  1.89161289E-03
1.00185332E-01  2.32019544E-01  1.83519337E-03
1.00483947E-01  2.33427152E-01  1.87023217E-03
1.00782562E-01  2.31543615E-01  1.84014149E-03
1.01081177E-01  2.31963083E-01  1.86041382E-03
1.01379792E-01  2.28389204E-01  1.83903985E-03
1.01678407E-01  2.27089822E-01  1.81410811E-03
1.01977022E-01  2.27234960E-01  1.83439010E-03
1.02275637E-01  2.24095985E-01  1.82167778E-03
1.02574252E-01  2.23728359E-01  1.81259087E-03
1.02872867E-01  2.26146236E-01  1.80294958E-03
1.03171482E-01  2.24027857E-01  1.79302623E-03
1.03470097E-01  2.23291233E-01  1.79299794E-03
1.03768712E-01  2.25014716E-01  1.81628938E-03
1.04067327E-01  2.19706252E-01  1.76279072E-03
1.04365942E-01  2.23045960E-01  1.79642264E-03
1.04664557E-01  2.18607590E-01  1.77700387E-03
1.04963172E-01  2.17951670E-01  1.76140177E-03
1.05261787E-01  2.19098493E-01  1.77032314E-03
1.05560402E-01  2.19617426E-01  1.75402325E-03
1.05859017E-01  2.16505274E-01  1.76411611E-03
1.06157632E-01  2.16428950E-01  1.75241800E-03
1.06456247E-01  2.16486111E-01  1.75265106E-03
1.06754862E-01  2.17245355E-01  1.73491205E-03
1.07053477E-01  2.17302978E-01  1.74615195E-03
1.07352092E-01  2.18720555E-01  1.75183988E-03
1.07650707E-01  2.18212247E-01  1.75119843E-03
1.07949322E-01  2.16118470E-01  1.74000754E-03
1.08247937E-01  2.16657281E-01  1.74079475E-03
1.08546552E-01  2.18107596E-01  1.75358017E-03
1.08845167E-01  2.18607590E-01  1.72684225E-03
1.09143782E-01  2.18563780E-01  1.74705731E-03
1.09442397E-01  2.13136151E-01  1.70378119E-03
1.09741012E-01  2.15777054E-01  1.71962567E-03
1.10039627E-01  2.17610538E-01  1.74049439E-03
1.10338242E-01  2.20121130E-01  1.73955818E-03
1.10636857E-01  2.16575712E-01  1.70436979E-03
1.10935472E-01  2.17492744E-01  1.70667865E-03
1.11234087E-01  2.18938380E-01  1.72816170E-03
1.11532702E-01  2.14187801E-01  1.70799112E-03
1.11831317E-01  2.15764582E-01  1.70507620E-03
1.12129932E-01  2.14522839E-01  1.70342077E-03
1.12428547E-01  2.15602323E-01  1.70704850E-03
1.12727162E-01  2.16132686E-01  1.70199038E-03
1.13025777E-01  2.16590956E-01  1.70185685E-03
1.13324392E-01  2.21109316E-01  1.71691703E-03
1.13623007E-01  2.20697477E-01  1.71922194E-03
1.13921622E-01  2.18230247E-01  1.71088637E-03
1.14220237E-01  2.18076959E-01  1.69362593E-03
1.14518852E-01  2.19604328E-01  1.68577640E-03
1.14817467E-01  2.22388536E-01  1.72058505E-03
1.15116082E-01  2.19568223E-01  1.70835305E-03
1.15414697E-01  2.25359678E-01  1.72296551E-03
1.15713312E-01  2.24026680E-01  1.70142483E-03
1.16011927E-01  2.20968232E-01  1.69599638E-03
1.16310542E-01  2.24621788E-01  1.72530953E-03
1.16609157E-01  2.22457364E-01  1.69794995E-03
1.16907772E-01  2.26010606E-01  1.71778072E-03
1.17206387E-01  2.26024687E-01  1.71088509E-03
1.17505002E-01  2.24159718E-01  1.69327913E-03
1.17803617E-01  2.28949085E-01  1.73019804E-03
1.18102232E-01  2.26339296E-01  1.70396804E-03
1.18400847E-01  2.27707744E-01  1.71160453E-03
1.18699462E-01  2.26254880E-01  1.70241611E-03
1.18998077E-01  2.28889152E-01  1.69635972E-03
1.19296692E-01  2.31471822E-01  1.73842523E-03
1.19595307E-01  2.30601788E-01  1.70391274E-03
1.19893922E-01  2.31699958E-01  1.70432136E-03
1.20192537E-01  2.30255261E-01  1.71865791E-03
1.20491152E-01  2.33706847E-01  1.70684454E-03
1.20789767E-01  2.32837290E-01  1.71953917E-03
1.21088382E-01  2.35170230E-01  1.72565121E-03
1.21386997E-01  2.34780401E-01  1.71076576E-03
1.21685612E-01  2.35696092E-01  1.73006882E-03
1.21984227E-01  2.39037395E-01  1.73110992E-03
1.22282842E-01  2.34772980E-01  1.70353602E-03
1.22581457E-01  2.38635406E-01  1.70558318E-03
1.22880072E-01  2.37479761E-01  1.73163088E-03
1.23178687E-01  2.41148934E-01  1.72894390E-03
1.23477302E-01  2.41652697E-01  1.73563638E-03
1.23775917E-01  2.40608886E-01  1.71144621E-03
1.24074532E-01  2.42334038E-01  1.73441193E-03
1.24373147E-01  2.44142413E-01  1.73842814E-03
1.24671762E-01  2.44308814E-01  1.72934087E-03
1.24970377E-01  2.50617683E-01  1.74668746E-03
1.25268992E-01  2.48775005E-01  1.73785910E-03
1.25567607E-01  2.50140965E-01  1.73429050E-03
1.25866222E-01  2.47737139E-01  1.75365235E-03
1.26164837E-01  2.53523469E-01  1.75437215E-03
1.26463452E-01  2.52210826E-01  1.74145692E-03
1.26762067E-01  2.57492095E-01  1.76683860E-03
1.27060682E-01  2.53516436E-01  1.74834777E-03
1.27359297E-01  2.55678385E-01  1.78217446E-03
1.27657912E-01  2.59705544E-01  1.75404665E-03
1.27956527E-01  2.61168897E-01  1.76671264E-03
1.28255142E-01  2.59483278E-01  1.77366682E-03
1.28553757E-01  2.61275738E-01  1.74880854E-03
1.28852372E-01  2.68506259E-01  1.77994452E-03
1.29150987E-01  2.68813670E-01  1.78096513E-03
1.29449602E-01  2.68793970E-01  1.79172086E-03
1.29748217E-01  2.70410985E-01  1.79588865E-03
1.30046832E-01  2.71774203E-01  1.78597949E-03
1.30345447E-01  2.71293223E-01  1.77967036E-03
1.30644062E-01  2.74909049E-01  1.78912643E-03
1.30942677E-01  2.76266694E-01  1.80670689E-03
1.31241292E-01  2.78102845E-01  1.80666265E-03
1.31539907E-01  2.77821958E-01  1.79621670E-03
1.31838522E-01  2.79082507E-01  1.80864322E-03
1.32137137E-01  2.81519830E-01  1.83304294E-03
1.32435752E-01  2.86046147E-01  1.87194324E-03
1.32734367E-01  2.87453413E-01  1.87394361E-03
1.33032982E-01  2.90034711E-01  1.90220436E-03
1.33331597E-01  2.92019010E-01  1.90870254E-03
1.33630212E-01  2.97564149E-01  1.93496980E-03
1.33928827E-01  2.97713459E-01  1.96511601E-03
1.34227442E-01  3.00362766E-01  1.92627311E-03
1.34526057E-01  3.02002698E-01  1.97055168E-03
1.34824672E-01  3.00925553E-01  1.98153220E-03
1.35123287E-01  3.10224682E-01  2.00011791E-03
1.35421902E-01  3.10199857E-01  2.01781886E-03
1.35720517E-01  3.08280230E-01  1.99093600E-03
1.36019132E-01  3.09877336E-01  2.03194981E-03
1.36317747E-01  3.10861945E-01  2.01548450E-03
1.36616362E-01  3.17722052E-01  2.03159382E-03
1.36914977E-01  3.17793369E-01  2.05464591E-03
1.37213592E-01  3.14916879E-01  2.04841583E-03
1.37512207E-01  3.20858717E-01  2.08825851E-03
1.37810822E-01  3.22300017E-01  2.07229401E-03
1.38109437E-01  3.27177495E-01  2.08791811E-03
1.38408052E-01  3.25412273E-01  2.09018891E-03
1.38706667E-01  3.26716989E-01  2.09917570E-03
1.39005282E-01  3.27125132E-01  2.12333887E-03
1.39303897E-01  3.31427276E-01  2.09512468E-03
1.39602512E-01  3.35794985E-01  2.14961893E-03
1.39901127E-01  3.36520970E-01  2.14859471E-03
1.40199742E-01  3.35082412E-01  2.13406654E-03
1.40498357E-01  3.35705549E-01  2.15862156E-03
1.40796972E-01  3.41262639E-01  2.14787829E-03
1.41095587E-01  3.38922352E-01  2.17150874E-03
1.41394202E-01  3.47024381E-01  2.18358007E-03
1.41692817E-01  3.41929287E-01  2.18112580E-03
1.41991432E-01  3.44893634E-01  2.19056266E-03
1.42290047E-01  3.47241819E-01  2.18257308E-03
1.42588662E-01  3.43215644E-01  2.19915179E-03
1.42887277E-01  3.51725906E-01  2.21390859E-03
1.43185892E-01  3.50986004E-01  2.20462680E-03
1.43484507E-01  3.57569605E-01  2.24288483E-03
1.43783122E-01  3.53300035E-01  2.21102033E-03
1.44081737E-01  3.55712742E-01  2.22555315E-03
1.44380352E-01  3.57872158E-01  2.21402803E-03
1.44678967E-01  3.55364531E-01  2.18183454E-03
1.44977582E-01  3.61877233E-01  2.24564970E-03
1.45276197E-01  3.57474983E-01  2.19919020E-03
1.45574812E-01  3.63096386E-01  2.24236120E-03
1.45873427E-01  3.58373731E-01  2.17624288E-03
1.46172042E-01  3.61283123E-01  2.20077857E-03
1.46470657E-01  3.62132788E-01  2.22978694E-03
1.46769272E-01  3.61633569E-01  2.20185122E-03
1.47067887E-01  3.64023507E-01  2.20409920E-03
1.47366502E-01  3.64761472E-01  2.19556643E-03
1.47665117E-01  3.68204832E-01  2.20922008E-03
1.47963732E-01  3.69305581E-01  2.23788689E-03
1.48262347E-01  3.68057281E-01  2.21044454E-03
1.48560962E-01  3.69475603E-01  2.21804273E-03
1.48859577E-01  3.68479609E-01  2.18556239E-03
1.49158192E-01  3.70705485E-01  2.23784009E-03
1.49456807E-01  3.73736829E-01  2.22077174E-03
1.49755422E-01  3.73668492E-01  2.21478147E-03
1.50054037E-01  3.76276016E-01  2.23668921E-03
1.50352652E-01  3.74188364E-01  2.20244215E-03
1.50651267E-01  3.76415491E-01  2.24048900E-03
1.50949882E-01  3.71594489E-01  2.19158269E-03
1.51248497E-01  3.76512647E-01  2.21662177E-03
1.51547112E-01  3.72429043E-01  2.24306015E-03
1.51845727E-01  3.73811096E-01  2.18218984E-03
1.52144342E-01  3.74485493E-01  2.23813881E-03
1.52442957E-01  3.75702232E-01  2.17518047E-03
1.52741572E-01  3.71033251E-01  2.19316059E-03
1.53040187E-01  3.79410863E-01  2.24940991E-03
1.53338802E-01  3.77008229E-01  2.19707587E-03
1.53637417E-01  3.69888037E-01  2.20276834E-03
1.53936032E-01  3.73894602E-01  2.18245410E-03
1.54234647E-01  3.70647699E-01  2.17768247E-03
1.54533262E-01  3.73292029E-01  2.21950072E-03
1.54831877E-01  3.73216450E-01  2.18839780E-03
1.55130492E-01  3.76777291E-01  2.20202096E-03
1.55429107E-01  3.69734526E-01  2.16951058E-03
1.55727722E-01  3.72433335E-01  2.19894084E-03
1.56026337E-01  3.66522223E-01  2.16869474E-03
1.56324952E-01  3.67288709E-01  2.16389378E-03
1.56623567E-01  3.67815405E-01  2.19011470E-03
1.56922182E-01  3.66196990E-01  2.15369021E-03
1.57220797E-01  3.64791632E-01  2.17868574E-03
1.57519412E-01  3.63143176E-01  2.14701029E-03
1.57818027E-01  3.64080131E-01  2.14823638E-03
1.58116642E-01  3.59295279E-01  2.16301694E-03
1.58415257E-01  3.59442890E-01  2.13451777E-03
1.58713872E-01  3.56132716E-01  2.14479421E-03
1.59012487E-01  3.53343338E-01  2.10577250E-03
1.59311102E-01  3.47795784E-01  2.12110044E-03
1.59609717E-01  3.46674412E-01  2.12157308E-03
1.59908332E-01  3.43118072E-01  2.06193165E-03
1.60206947E-01  3.39990586E-01  2.07299762E-03
1.60505562E-01  3.42355162E-01  2.08019675E-03
1.60804177E-01  3.42025578E-01  2.07696762E-03
1.61102792E-01  3.35064292E-01  2.05646083E-03
1.61401407E-01  3.34127516E-01  2.04555504E-03
1.61700022E-01  3.26539159E-01  2.01933202E-03
1.61998637E-01  3.29487681E-01  2.03275168E-03
1.62297252E-01  3.24004591E-01  2.02514720E-03
1.62595867E-01  3.20937514E-01  2.01409799E-03
1.62894482E-01  3.18874538E-01  1.98499532E-03
1.63193097E-01  3.18607390E-01  2.01327913E-03
1.63491712E-01  3.12029511E-01  1.95946801E-03
1.63790327E-01  3.12653333E-01  1.99223100E-03
1.64088942E-01  3.11200172E-01  1.95414433E-03
1.64387557E-01  3.07225853E-01  1.95665425E-03
1.64686172E-01  3.03597659E-01  1.96813792E-03
1.64984787E-01  3.05340052E-01  1.93836412E-03
1.65283402E-01  3.02218974E-01  1.94065319E-03
1.65582017E-01  2.96606928E-01  1.90646457E-03
1.65880632E-01  2.95047224E-01  1.90942071E-03
1.66179247E-01  2.95067847E-01  1.92505610E-03
1.66477862E-01  2.91064888E-01  1.88530772E-03
1.66776477E-01  2.83427924E-01  1.87671813E-03
1.67075092E-01  2.84768701E-01  1.88514160E-03
1.67373707E-01  2.81753212E-01  1.86919735E-03
1.67672322E-01  2.78720975E-01  1.85780961E-03
1.67970937E-01  2.75617123E-01  1.83018192E-03
1.68269552E-01  2.73422867E-01  1.83749606E-03
1.68568167E-01  2.73007959E-01  1.81775214E-03
1.68866782E-01  2.69628942E-01  1.83306576E-03
1.69165397E-01  2.68879324E-01  1.81646203E-03
1.69464012E-01  2.65956014E-01  1.79536152E-03
1.69762627E-01  2.63959557E-01  1.80039858E-03
1.70061242E-01  2.59087354E-01  1.77753379E-03
1.70359857E-01  2.60030478E-01  1.80142873E-03
1.70658472E-01  2.57103235E-01  1.75920769E-03
1.70957087E-01  2.56791919E-01  1.76477828E-03
1.71255702E-01  2.52969027E-01  1.77305052E-03
1.71554317E-01  2.52065778E-01  1.73013436E-03
1.71852932E-01  2.47798055E-01  1.73719146E-03
1.72151547E-01  2.48676658E-01  1.73429702E-03
1.72450162E-01  2.43750900E-01  1.72117120E-03
1.72748777E-01  2.42172435E-01  1.71974231E-03
1.73047392E-01  2.42628261E-01  1.71367126E-03
1.73346007E-01  2.38873020E-01  1.70328363E-03
1.73644622E-01  2.34537080E-01  1.67968415E-03
1.73943237E-01  2.33506054E-01  1.67656224E-03
1.74241852E-01  2.29743034E-01  1.67330517E-03
1.74540467E-01  2.24768147E-01  1.63434248E-03
1.74839082E-01  2.24117532E-01  1.65212655E-03
1.75137697E-01  2.19104856E-01  1.61799067E-03
1.75436312E-01  2.18462795E-01  1.62611378E-03
1.75734927E-01  2.18408495E-01  1.60620536E-03
1.76033542E-01  2.12008357E-01  1.58728741E-03
1.76332157E-01  2.08489195E-01  1.59791159E-03
1.76630772E-01  2.04880774E-01  1.55619613E-03
1.76929387E-01  2.02534407E-01  1.57112035E-03
1.77228002E-01  2.00692147E-01  1.53405860E-03
1.77526617E-01  2.00183302E-01  1.54343748E-03
1.77825232E-01  1.95840031E-01  1.53177767E-03
1.78123847E-01  1.95113748E-01  1.52274698E-03
1.78422462E-01  1.91976950E-01  1.51045935E-03
1.78721077E-01  1.90221414E-01  1.50760601E-03
1.79019692E-01  1.85460582E-01  1.48912705E-03
1.79318307E-01  1.83050364E-01  1.47992279E-03
1.79616922E-01  1.82136610E-01  1.45421061E-03
1.79915537E-01  1.78808063E-01  1.46020507E-03
1.80214152E-01  1.78053647E-01  1.44449086E-03
1.80512767E-01  1.76890433E-01  1.45432528E-03
1.80811382E-01  1.72631294E-01  1.43283466E-03
1.81109997E-01  1.72399729E-01  1.41855550E-03
1.81408612E-01  1.70864731E-01  1.42645068E-03
1.81707227E-01  1.68644950E-01  1.40909792E-03
1.82005842E-01  1.66832343E-01  1.40150718E-03
1.82304457E-01  1.63285673E-01  1.37873623E-03
1.82603072E-01  1.66565567E-01  1.39852602E-03
1.82901687E-01  1.60268649E-01  1.38152367E-03
1.83200302E-01  1.61272824E-01  1.37339288E-03
1.83498917E-01  1.58434495E-01  1.35587552E-03
1.83797532E-01  1.56435505E-01  1.34508789E-03
1.84096147E-01  1.54494196E-01  1.34915276E-03
1.84394762E-01  1.52553260E-01  1.34289637E-03
1.84693377E-01  1.50391132E-01  1.32406875E-03
1.84991992E-01  1.49464831E-01  1.32701756E-03
1.85290607E-01  1.51437223E-01  1.31869130E-03
1.85589222E-01  1.46157682E-01  1.30487524E-03
1.85887837E-01  1.44924432E-01  1.29551825E-03
1.86186452E-01  1.43306836E-01  1.28574145E-03
1.86485067E-01  1.40904844E-01  1.28164177E-03
1.86783682E-01  1.40037879E-01  1.27391412E-03
1.87082297E-01  1.38882890E-01  1.27410132E-03
1.87380912E-01  1.36744872E-01  1.25596812E-03
1.87679527E-01  1.36195868E-01  1.24293007E-03
1.87978142E-01  1.36024594E-01  1.25760154E-03
1.88276757E-01  1.33213237E-01  1.24168012E-03
1.88575372E-01  1.29964590E-01  1.23008352E-03
1.88873987E-01  1.29874125E-01  1.22202339E-03
1.89172602E-01  1.27417073E-01  1.20376318E-03
1.89471217E-01  1.27671912E-01  1.21399749E-03
1.89769832E-01  1.25106245E-01  1.20489567E-03
1.90068447E-01  1.25243396E-01  1.18849007E-03
1.90367062E-01  1.26769602E-01  1.20694644E-03
1.90665677E-01  1.21150322E-01  1.17721583E-03
1.90964292E-01  1.23609900E-01  1.18680240E-03
1.91262907E-01  1.21760719E-01  1.18286780E-03
1.91561522E-01  1.17546976E-01  1.14774238E-03
1.91860137E-01  1.19558908E-01  1.17327436E-03
1.92158752E-01  1.17230445E-01  1.15577935E-03
1.92457367E-01  1.14906736E-01  1.14574947E-03
1.92755982E-01  1.15693025E-01  1.14485843E-03
1.93054597E-01  1.13788910E-01  1.13612949E-03
1.93353212E-01  1.13271154E-01  1.12776028E-03
1.93651827E-01  1.11812338E-01  1.13242562E-03
1.93950442E-01  1.07777841E-01  1.10571913E-03
1.94249057E-01  1.11365110E-01  1.11610920E-03
1.94547672E-01  1.09019071E-01  1.11278717E-03
1.94846287E-01  1.09358236E-01  1.11237331E-03
1.95144902E-01  1.07234553E-01  1.10757281E-03
1.95443517E-01  1.06258765E-01  1.07933953E-03
1.95742132E-01  1.07441247E-01  1.10047206E-03
1.96040747E-01  1.02536790E-01  1.07712892E-03
1.96339362E-01  1.03658549E-01  1.08544470E-03
1.96637977E-01  1.01084195E-01  1.06134277E-03
1.96936592E-01  1.00607567E-01  1.06085057E-03
1.97235207E-01  9.88021493E-02  1.05497416E-03
1.97533822E-01  9.85323191E-02  1.04952359E-03
1.97832437E-01  9.82831344E-02  1.05153245E-03
1.98131052E-01  9.83763710E-02  1.04637945E-03
1.98429667E-01  9.90203395E-02  1.05079485E-03
1.98728282E-01  9.65529531E-02  1.04091526E-03
1.99026897E-01  9.53743160E-02  1.02802936E-03
1.99325512E-01  9.56426114E-02  1.03272276E-03
1.99624127E-01  9.44570228E-02  1.02597964E-03
1.99922742E-01  9.22801793E-02  1.01217511E-03
2.00221357E-01  9.22816023E-02  1.01796316E-03
2.00519972E-01  9.06830058E-02  9.98992706E-04
2.00818587E-01  9.21178088E-02  1.00592629E-03
2.01117202E-01  8.99202079E-02  1.00358378E-03
2.01415817E-01  8.83725807E-02  9.84962331E-04
2.01714432E-01  8.78420249E-02  9.86615429E-04
2.02013047E-01  8.83733481E-02  9.85583174E-04
2.02311662E-01  8.91391784E-02  9.93876951E-04
2.02610277E-01  8.76180902E-02  9.87845939E-04
2.02908892E-01  8.55728611E-02  9.65646643E-04
2.03207507E-01  8.51559341E-02  9.67181579E-04
2.03506122E-01  8.35670382E-02  9.56630625E-04
2.03804737E-01  8.28015506E-02  9.53128096E-04
2.04103352E-01  8.23039934E-02  9.53228620E-04
2.04401967E-01  8.29358697E-02  9.55687836E-04
2.04700582E-01  8.21401402E-02  9.42894607E-04
2.04999197E-01  8.02779868E-02  9.34729702E-04
2.05297812E-01  8.01004320E-02  9.42749553E-04
2.05596427E-01  8.13019350E-02  9.42128652E-04
2.05895042E-01  7.95560107E-02  9.34273528E-04
2.06193657E-01  7.71667063E-02  9.14192293E-04
2.06492272E-01  7.68808573E-02  9.11381561E-04
2.06790887E-01  7.61495605E-02  9.17198311E-04
2.07089502E-01  7.59048015E-02  9.00634041E-04
2.07388117E-01  7.44860247E-02  9.03741049E-04
2.07686732E-01  7.48577565E-02  9.02359257E-04
2.07985347E-01  7.49591216E-02  8.99927167E-04
2.08283962E-01  7.58276433E-02  9.07351205E-04
2.08582577E-01  7.35712200E-02  8.87495931E-04
2.08881192E-01  7.37714842E-02  8.92774493E-04
2.09179807E-01  7.22525641E-02  8.87620961E-04
2.09478422E-01  7.12027997E-02  8.70725780E-04
2.09777037E-01  7.13457763E-02  8.80677835E-04
2.10075652E-01  6.96469620E-02  8.61943583E-04
2.10374267E-01  7.05632567E-02  8.78547202E-04
2.10672882E-01  6.99550733E-02  8.72057164E-04
2.10971497E-01  7.05974326E-02  8.61841952E-04
2.11270112E-01  6.85787350E-02  8.62642715E-04
2.11568727E-01  6.75153360E-02  8.47124378E-04
2.11867342E-01  6.82797283E-02  8.59970809E-04
2.12165957E-01  6.63947016E-02  8.40573979E-04
2.12464572E-01  6.69868290E-02  8.43553105E-04
2.12763187E-01  6.54393956E-02  8.37796950E-04
2.13061802E-01  6.51278719E-02  8.35041341E-04
2.13360417E-01  6.43221140E-02  8.32897378E-04
2.13659032E-01  6.54256642E-02  8.31174897E-04
2.13957647E-01  6.33388534E-02  8.18793487E-04
2.14256262E-01  6.23544604E-02  8.16085143E-04
2.14554877E-01  6.20102920E-02  8.08952260E-04
2.14853492E-01  6.15189821E-02  8.06949509E-04
2.15152107E-01  6.22168072E-02  8.10543541E-04
2.15450722E-01  6.04104325E-02  8.06692347E-04
2.15749337E-01  6.16036765E-02  8.08965648E-04
2.16047952E-01  6.06606416E-02  8.00108013E-04
2.16346567E-01  6.06595166E-02  8.00580834E-04
2.16645182E-01  5.92046790E-02  7.86465069E-04
2.16943797E-01  5.83216734E-02  7.84770120E-04
2.17242412E-01  5.89283109E-02  7.94083986E-04
2.17541027E-01  5.78721613E-02  7.74595188E-04
2.17839642E-01  5.67657240E-02  7.80326372E-04
2.18138257E-01  5.75454496E-02  7.71051506E-04
2.18436872E-01  5.47619350E-02  7.59996241E-04
2.18735487E-01  5.61537035E-02  7.65716541E-04
2.19034102E-01  5.62099628E-02  7.66554906E-04
2.19332717E-01  5.61470315E-02  7.71166000E-04
2.19631332E-01  5.47658168E-02  7.58444949E-04
2.19929947E-01  5.58675118E-02  7.63092074E-04
2.20228562E-01  5.46166897E-02  7.52064865E-04
2.20527177E-01  5.46868034E-02  7.56553083E-04
2.20825792E-01  5.26977517E-02  7.43550539E-04
2.21124407E-01  5.18965051E-02  7.35695241E-04
2.21423022E-01  5.49974889E-02  7.56019435E-04
2.21721637E-01  5.25985472E-02  7.37830182E-04
2.22020252E-01  5.05094938E-02  7.22819183E-04
2.22318867E-01  5.18503040E-02  7.37117080E-04
2.22617482E-01  5.12623452E-02  7.24379730E-04
2.22916097E-01  5.01114726E-02  7.25948310E-04
2.23214712E-01  5.09736277E-02  7.24654004E-04
2.23513327E-01  5.01843765E-02  7.23896781E-04
2.23811942E-01  5.04943542E-02  7.22085126E-04
2.24110557E-01  5.07604927E-02  7.21041404E-04
2.24409172E-01  4.98636961E-02  7.20095588E-04
2.24707787E-01  4.76891734E-02  6.97475567E-04
2.25006402E-01  4.83162105E-02  7.10302149E-04
2.25305017E-01  4.74133864E-02  6.91080873E-04
2.25603632E-01  4.84169796E-02  7.08120002E-04
2.25902247E-01  4.79081683E-02  7.05218525E-04
2.26200862E-01  4.74612676E-02  6.98035292E-04
2.26499477E-01  4.69287224E-02  6.91700727E-04
2.26798092E-01  4.59031723E-02  6.87885855E-04
2.27096707E-01  4.66023125E-02  6.92096597E-04
2.27395322E-01  4.56425101E-02  6.87540043E-04
2.27693937E-01  4.52169478E-02  6.75859163E-04
2.27992552E-01  4.58958820E-02  6.83264981E-04
2.28291167E-01  4.39940803E-02  6.68575231E-04
2.28589782E-01  4.42602560E-02  6.76063995E-04
2.28888397E-01  4.46698330E-02  6.76815631E-04
2.29187012E-01  4.39100191E-02  6.65456115E-04
2.29485627E-01  4.38830256E-02  6.67736225E-04
2.29784242E-01  4.21476662E-02  6.57434750E-04
2.30082857E-01  4.21084166E-02  6.52784831E-04
2.30381472E-01  4.19101082E-02  6.49944937E-04
2.30680087E-01  4.20152396E-02  6.52438845E-04
2.30978702E-01  4.28968519E-02  6.59249781E-04
2.31277317E-01  4.19700556E-02  6.52840128E-04
2.31575932E-01  4.10225391E-02  6.45244610E-04
2.31874547E-01  4.03459072E-02  6.34994707E-04
2.32173162E-01  4.10811044E-02  6.43860199E-04
2.32471777E-01  3.99797931E-02  6.36446639E-04
2.32770392E-01  3.92135270E-02  6.28160604E-04
2.33069007E-01  4.01339568E-02  6.35129516E-04
2.33367622E-01  4.05577160E-02  6.36126089E-04
2.33666237E-01  3.97753492E-02  6.35369506E-04
2.33964852E-01  3.86280455E-02  6.21338084E-04
2.34263467E-01  3.97175923E-02  6.30041235E-04
2.34562082E-01  3.78014743E-02  6.16228266E-04
2.34860697E-01  3.79233398E-02  6.16171455E-04
2.35159312E-01  3.79093438E-02  6.16758713E-04
2.35457927E-01  3.79017070E-02  6.13395823E-04
2.35756542E-01  3.81870531E-02  6.13293319E-04
2.36055157E-01  3.73845175E-02  6.11957046E-04
2.36353772E-01  3.72911654E-02  6.10674440E-04
2.36652387E-01  3.61603051E-02  6.04606234E-04
2.36951002E-01  3.65494601E-02  5.96850179E-04
2.37249617E-01  3.70212458E-02  6.10194227E-04
2.37548232E-01  3.61887887E-02  6.00566273E-04
2.37846847E-01  3.63019034E-02  5.99478954E-04
2.38145462E-01  3.58359069E-02  5.95119956E-04
2.38444077E-01  3.56537104E-02  5.89659961E-04
2.38742692E-01  3.59069631E-02  6.01633044E-04
2.39041307E-01  3.49759459E-02  5.88433817E-04
2.39339922E-01  3.62002254E-02  5.97474107E-04
2.39638537E-01  3.53227369E-02  5.90684533E-04
2.39937152E-01  3.47826295E-02  5.84520109E-04
2.40235767E-01  3.48946974E-02  5.89575386E-04
2.40534382E-01  3.37596014E-02  5.76182967E-04
2.40832997E-01  3.45205329E-02  5.81348198E-04
2.41131612E-01  3.46308686E-02  5.85368543E-04
2.41430227E-01  3.39029059E-02  5.74378064E-04
2.41728842E-01  3.29509974E-02  5.71959070E-04
2.42027457E-01  3.30038108E-02  5.64848946E-04
2.42326072E-01  3.29762958E-02  5.66790462E-04
2.42624687E-01  3.24153043E-02  5.67294424E-04
2.42923302E-01  3.29596214E-02  5.68692107E-04
2.43221917E-01  3.29169296E-02  5.63032285E-04
2.43520532E-01  3.29748988E-02  5.65847789E-04
2.43819147E-01  3.08508892E-02  5.47773612E-04
2.44117762E-01  3.17905396E-02  5.58675325E-04
2.44416377E-01  3.21971998E-02  5.63650101E-04
2.44714992E-01  3.29901464E-02  5.63050504E-04
2.45013607E-01  3.15475985E-02  5.56385494E-04
2.45312222E-01  3.16612124E-02  5.54012309E-04
2.45610837E-01  3.21755111E-02  5.60188666E-04
2.45909452E-01  3.22387256E-02  5.55098057E-04
2.46208067E-01  3.17604356E-02  5.55493461E-04
2.46506682E-01  3.16697881E-02  5.53485006E-04
2.46805297E-01  3.14536504E-02  5.56027226E-04
2.47103912E-01  3.13396007E-02  5.48049284E-04
2.47402527E-01  3.25089879E-02  5.58181666E-04
2.47701142E-01  3.05545200E-02  5.44402632E-04
2.47999757E-01  3.07174455E-02  5.45404269E-04
2.48298372E-01  3.07128746E-02  5.48531651E-04
2.48596987E-01  3.05270944E-02  5.36554842E-04
2.48895602E-01  3.06891818E-02  5.41751913E-04
2.49194217E-01  3.04204766E-02  5.39961155E-04
2.49492832E-01  3.03922798E-02  5.40739973E-04
2.49791447E-01  3.07258274E-02  5.45037794E-04
2.50090062E-01  3.13985050E-02  5.47241594E-04
2.50388677E-01  3.00174002E-02  5.38867724E-04
2.50687292E-01  3.00358646E-02  5.37126034E-04
2.50985907E-01  3.01907212E-02  5.35461470E-04
2.51284522E-01  2.94341855E-02  5.32010687E-04
2.51583137E-01  2.88752876E-02  5.23106486E-04
2.51881752E-01  2.95460038E-02  5.31433907E-04
2.52180367E-01  2.87909936E-02  5.24601026E-04
2.52478982E-01  2.91405395E-02  5.25930547E-04
2.52777597E-01  2.98223682E-02  5.33052487E-04
2.53076212E-01  3.04582473E-02  5.38851949E-04
2.53374827E-01  2.97579858E-02  5.34210762E-04
2.53673442E-01  2.97687761E-02  5.27480326E-04
2.53972057E-01  3.00306156E-02  5.34051680E-04
2.54270672E-01  2.87901089E-02  5.22765738E-04
2.54569287E-01  2.87874211E-02  5.25146548E-04
2.54867902E-01  2.90818531E-02  5.25127980E-04
2.55166517E-01  2.96295416E-02  5.26669377E-04
2.55465132E-01  3.01998034E-02  5.34698251E-04
2.55763747E-01  2.90822461E-02  5.25135139E-04
2.56062362E-01  2.99671162E-02  5.32922451E-04
2.56360977E-01  2.86261104E-02  5.17405046E-04
2.56659592E-01  2.91825011E-02  5.21033013E-04
2.56958207E-01  2.89671030E-02  5.23397408E-04
2.57256822E-01  2.87236590E-02  5.20359550E-04
2.57555437E-01  2.89173797E-02  5.19622990E-04
2.57854052E-01  2.88024154E-02  5.19828056E-04
2.58152667E-01  2.81336401E-02  5.15541411E-04
2.58451282E-01  2.88010258E-02  5.21761132E-04
2.58749897E-01  2.90882364E-02  5.19515655E-04
2.59048512E-01  2.94347312E-02  5.23703231E-04
2.59347127E-01  2.93200780E-02  5.22408052E-04
2.59645742E-01  2.89585423E-02  5.21796755E-04
2.59944357E-01  2.81365104E-02  5.15161722E-04
2.60242972E-01  2.78842263E-02  5.06400364E-04
2.60541587E-01  2.92542558E-02  5.23483555E-04
2.60840202E-01  2.93237269E-02  5.22722024E-04
2.61138817E-01  2.91856918E-02  5.23010851E-04
2.61437432E-01  2.96468101E-02  5.25319192E-04
2.61736047E-01  2.98081450E-02  5.24404575E-04
2.62034662E-01  2.91504841E-02  5.21043083E-04
2.62333277E-01  2.88501177E-02  5.18079847E-04
2.62631892E-01  2.93843634E-02  5.19853376E-04
2.62930507E-01  2.85957381E-02  5.13098319E-04
2.63229122E-01  2.92180236E-02  5.19600930E-04
2.63527737E-01  2.86163576E-02  5.17482462E-04
2.63826352E-01  2.89342515E-02  5.15861204E-04
2.64124967E-01  2.86308788E-02  5.13150939E-04
2.64423582E-01  2.88508162E-02  5.15522028E-04
2.64722197E-01  2.96599101E-02  5.20669913E-04
2.65020812E-01  3.04039922E-02  5.32421051E-04
2.65319427E-01  2.91715134E-02  5.14640065E-04
2.65618042E-01  2.95150317E-02  5.23066323E-04
2.65916657E-01  2.89443973E-02  5.15960157E-04
2.66215272E-01  2.96583232E-02  5.21607406E-04
2.66513887E-01  2.89972574E-02  5.16164873E-04
2.66812502E-01  2.95928046E-02  5.18215878E-04
2.67111117E-01  2.87609920E-02  5.14327665E-04
2.67409732E-01  2.96186879E-02  5.20588364E-04
2.67708347E-01  2.93990728E-02  5.19463676E-04
2.68006962E-01  2.92804129E-02  5.17609471E-04
2.68305577E-01  2.96300836E-02  5.18948305E-04
2.68604192E-01  2.99387444E-02  5.22992399E-04
2.68902807E-01  3.00712716E-02  5.23473660E-04
2.69201422E-01  2.92350445E-02  5.13765961E-04
2.69500037E-01  2.98038907E-02  5.20875154E-04
2.69798652E-01  3.05463336E-02  5.27052791E-04
2.70097267E-01  2.96456777E-02  5.22598741E-04
2.70395882E-01  2.97202561E-02  5.15259686E-04
2.70694497E-01  2.88892072E-02  5.12297323E-04
2.70993112E-01  2.94586867E-02  5.18256682E-04
2.71291727E-01  2.99230888E-02  5.21923183E-04
2.71590342E-01  2.90441699E-02  5.15531865E-04
2.71888957E-01  2.90158968E-02  5.08737750E-04
2.72187572E-01  3.05571463E-02  5.25132986E-04
2.72486187E-01  2.97969263E-02  5.19091322E-04
2.72784802E-01  2.95745134E-02  5.18213550E-04
2.73083417E-01  2.97263805E-02  5.14284940E-04
2.73382032E-01  2.99217943E-02  5.18987770E-04
2.73680647E-01  3.09983380E-02  5.30681456E-04
2.73979262E-01  3.07705831E-02  5.26165881E-04
2.74277877E-01  3.00758500E-02  5.18087298E-04
2.74576492E-01  3.00957989E-02  5.19047433E-04
2.74875107E-01  3.04061100E-02  5.23310737E-04
2.75173722E-01  3.00749205E-02  5.21251815E-04
2.75472337E-01  3.09154522E-02  5.22641174E-04
2.75770952E-01  3.13252360E-02  5.31165162E-04
2.76069567E-01  3.06971874E-02  5.20665373E-04
2.76368182E-01  3.05981673E-02  5.26850286E-04
2.76666797E-01  3.09226345E-02  5.28148550E-04
2.76965412E-01  3.07222251E-02  5.20491449E-04
2.77264027E-01  2.99153272E-02  5.17631299E-04
2.77562642E-01  3.12861726E-02  5.24726056E-04
2.77861257E-01  3.07020061E-02  5.26535034E-04
2.78159872E-01  3.17670591E-02  5.28351404E-04
2.78458487E-01  3.10763158E-02  5.24536765E-04
2.78757102E-01  3.13819051E-02  5.30982274E-04
2.79055717E-01  3.15274522E-02  5.28996054E-04
2.79354332E-01  3.12367640E-02  5.26420772E-04
2.79652947E-01  3.14567573E-02  5.28405188E-04
2.79951562E-01  3.15290317E-02  5.24682866E-04
2.80250177E-01  3.08931302E-02  5.26035787E-04
2.80548792E-01  3.10728159E-02  5.24253759E-04
2.80847407E-01  3.14559750E-02  5.25508483E-04
2.81146022E-01  3.09448875E-02  5.23438095E-04
2.81444637E-01  3.12788300E-02  5.27579396E-04
2.81743252E-01  3.22311111E-02  5.33274026E-04
2.82041867E-01  3.14175934E-02  5.21961832E-04
2.82340482E-01  3.21287699E-02  5.32163773E-04
2.82639097E-01  3.20463069E-02  5.31747006E-04
2.82937712E-01  3.28141265E-02  5.37143089E-04
2.83236327E-01  3.24303135E-02  5.33728395E-04
2.83534942E-01  3.24852727E-02  5.31546422E-04
2.83833557E-01  3.18368748E-02  5.29219862E-04
2.84132172E-01  3.14108916E-02  5.24755334E-04
2.84430787E-01  3.34691890E-02  5.44520502E-04
2.84729402E-01  3.17176543E-02  5.23561903E-04
2.85028017E-01  3.18653807E-02  5.28018456E-04
2.85326632E-01  3.26178521E-02  5.37689368E-04
2.85625247E-01  3.22664268E-02  5.26277407E-04
2.85923862E-01  3.15253437E-02  5.24548872E-04
2.86222477E-01  3.17682289E-02  5.26047719E-04
2.86521092E-01  3.37885320E-02  5.42652037E-04
2.86819707E-01  3.31129134E-02  5.40948007E-04
2.87118322E-01  3.23116370E-02  5.26524789E-04
2.87416937E-01  3.19198184E-02  5.25754236E-04
2.87715552E-01  3.36741842E-02  5.39218483E-04
2.88014167E-01  3.36248614E-02  5.42548252E-04
2.88312782E-01  3.37182321E-02  5.42362977E-04
2.88611397E-01  3.31255235E-02  5.31319121E-04
2.88910012E-01  3.17572877E-02  5.26878808E-04
2.89208627E-01  3.29709873E-02  5.34087594E-04
2.89507242E-01  3.29832844E-02  5.33796789E-04
2.89805857E-01  3.22202593E-02  5.25664247E-04
2.90104472E-01  3.31530422E-02  5.32445905E-04
2.90403087E-01  3.37781832E-02  5.43257047E-04
2.90701702E-01  3.23320329E-02  5.27347438E-04
2.91000317E-01  3.29339243E-02  5.31330530E-04
2.91298932E-01  3.44301946E-02  5.44457231E-04
2.91597547E-01  3.35900746E-02  5.38562599E-04
2.91896162E-01  3.34031358E-02  5.36670093E-04
2.92194777E-01  3.33585069E-02  5.34232124E-04
2.92493392E-01  3.27718966E-02  5.30028774E-04
2.92792007E-01  3.31696756E-02  5.33884799E-04
2.93090622E-01  3.30174379E-02  5.32400853E-04
2.93389237E-01  3.36888507E-02  5.37527201E-04
2.93687852E-01  3.26549076E-02  5.25531301E-04
2.93986467E-01  3.43662798E-02  5.43039292E-04
2.94285082E-01  3.40961032E-02  5.38165797E-04
2.94583697E-01  3.38703245E-02  5.40422741E-04
2.94882312E-01  3.41876559E-02  5.39409288E-04
2.95180927E-01  3.35138701E-02  5.30630932E-04
2.95479542E-01  3.32834125E-02  5.33645740E-04
2.95778157E-01  3.44541967E-02  5.40861569E-04
2.96076772E-01  3.40534486E-02  5.38096123E-04
2.96375387E-01  3.32848541E-02  5.31351776E-04
2.96674002E-01  3.42446081E-02  5.38700959E-04
2.96972617E-01  3.37751992E-02  5.38493856E-04
2.97271232E-01  3.53207327E-02  5.50945697E-04
2.97569847E-01  3.44950669E-02  5.44734416E-04
2.97868462E-01  3.37806642E-02  5.40646375E-04
2.98167077E-01  3.40711214E-02  5.45644492E-04
2.98465692E-01  3.53912450E-02  5.59584703E-04
2.98764307E-01  3.40343192E-02  5.44009730E-04
2.99062922E-01  3.44846472E-02  5.50996745E-04
2.99361537E-01  3.55336405E-02  5.61135239E-04
2.99660152E-01  3.33824679E-02  5.44842915E-04
2.99958767E-01  3.52232680E-02  5.59946580E-04
3.00257382E-01  3.45245227E-02  5.55907900E-04
3.00555997E-01  3.49815972E-02  5.59294072E-04
3.00854612E-01  3.55356559E-02  5.62853937E-04
3.01153227E-01  3.35959867E-02  5.50901983E-04
3.01451842E-01  3.48564573E-02  5.58579864E-04
3.01750457E-01  3.34984213E-02  5.53938909E-04
3.02049072E-01  3.48344147E-02  5.60825050E-04
3.02347687E-01  3.49449664E-02  5.72945282E-04
3.02646302E-01  3.45973596E-02  5.77344792E-04
3.02944917E-01  3.36061493E-02  5.68860793E-04
3.03243532E-01  3.48688811E-02  5.90489304E-04
3.03542147E-01  3.49978395E-02  5.92588156E-04
3.03840762E-01  3.49984355E-02  5.92258817E-04
3.04139377E-01  3.51537354E-02  6.01292064E-04
3.04437992E-01  3.54707539E-02  5.98625222E-04
3.04736607E-01  3.49632166E-02  6.04072353E-04
3.05035222E-01  3.60068344E-02  6.08018890E-04
3.05333837E-01  3.48190740E-02  6.01941487E-04
3.05632452E-01  3.52334939E-02  6.10384101E-04
3.05931067E-01  3.46487612E-02  6.02245680E-04
3.06229682E-01  3.49971056E-02  6.11822587E-04
3.06528297E-01  3.49307545E-02  6.05412060E-04
3.06826912E-01  3.56085077E-02  6.18834049E-04
3.07125527E-01  3.67879011E-02  6.30536524E-04
3.07424142E-01  3.47901471E-02  6.12430449E-04
3.07722757E-01  3.46934907E-02  6.16487057E-04
3.08021372E-01  3.53511460E-02  6.17163721E-04
3.08319987E-01  3.58184688E-02  6.16552599E-04
3.08618602E-01  3.53519022E-02  6.06547750E-04
3.08917217E-01  3.41305695E-02  5.87063667E-04
3.09215832E-01  3.61332372E-02  6.09285256E-04
3.09514447E-01  3.49746123E-02  5.90084004E-04
3.09813062E-01  3.38529497E-02  5.81858214E-04
3.10111677E-01  3.52146067E-02  5.90779237E-04
3.10410292E-01  3.52281258E-02  5.83579938E-04
3.10708907E-01  3.58663239E-02  5.94560232E-04
3.11007522E-01  3.57663743E-02  5.85469243E-04
3.11306137E-01  3.48726138E-02  5.85453876E-04
3.11604752E-01  3.53834443E-02  5.82803914E-04
3.11903367E-01  3.52303386E-02  5.80912805E-04
3.12201982E-01  3.53550613E-02  5.81784232E-04
3.12500597E-01  3.55904438E-02  5.78419771E-04
3.12799212E-01  3.49540301E-02  5.78009232E-04
3.13097827E-01  3.48373838E-02  5.73032943E-04
3.13396442E-01  3.63994986E-02  5.84962079E-04
3.13695057E-01  3.53656150E-02  5.79530606E-04
3.13993672E-01  3.61382775E-02  5.79940912E-04
3.14292287E-01  3.48420665E-02  5.70951321E-04
3.14590902E-01  3.56266610E-02  5.75672835E-04
3.14889517E-01  3.61942872E-02  5.80242311E-04
3.15188132E-01  3.55924629E-02  5.78758365E-04
3.15486747E-01  3.62921953E-02  5.76648046E-04
3.15785362E-01  3.49676274E-02  5.69880358E-04
3.16083977E-01  3.54037844E-02  5.69107360E-04
3.16382592E-01  3.62552740E-02  5.79066109E-04
3.16681207E-01  3.52300778E-02  5.68300951E-04
3.16979822E-01  3.46823633E-02  5.62992762E-04
3.17278437E-01  3.49631459E-02  5.67177136E-04
3.17577052E-01  3.47738340E-02  5.63883572E-04
3.17875667E-01  3.53307724E-02  5.76334656E-04
3.18174282E-01  3.49568687E-02  5.78531006E-04
3.18472897E-01  3.54180373E-02  5.90710959E-04
3.18771512E-01  3.50659266E-02  5.85490197E-04
3.19070127E-01  3.60940360E-02  5.98664163E-04
3.19368742E-01  3.52400728E-02  5.92040247E-04
3.19667357E-01  3.52699459E-02  5.92793105E-04
3.19965972E-01  3.53998020E-02  5.95227932E-04
3.20264587E-01  3.57335769E-02  6.00755215E-04
3.20563202E-01  3.52491848E-02  5.96160709E-04
3.20861817E-01  3.45908925E-02  5.91751363E-04
3.21160432E-01  3.50386016E-02  5.93704055E-04
3.21459047E-01  3.48274000E-02  5.97548671E-04
3.21757662E-01  3.54823358E-02  5.99333027E-04
3.22056277E-01  3.52093913E-02  5.96683647E-04
3.22354892E-01  3.46923508E-02  5.97434060E-04
3.22653507E-01  3.48808803E-02  5.97149308E-04
3.22952122E-01  3.53613831E-02  6.06531918E-04
3.23250737E-01  3.47510763E-02  5.89934119E-04
3.23549352E-01  3.51566337E-02  6.00726809E-04
3.23847967E-01  3.47921811E-02  6.00400846E-04
3.24146582E-01  3.44661362E-02  5.95839927E-04
3.24445197E-01  3.51149812E-02  6.01774605E-04
3.24743812E-01  3.63184772E-02  6.10934047E-04
3.25042427E-01  3.42395827E-02  5.99496299E-04
3.25341042E-01  3.35985832E-02  5.87104354E-04
3.25639657E-01  3.56018282E-02  6.07713242E-04
3.25938272E-01  3.48836705E-02  6.03148364E-04
3.26236887E-01  3.54253463E-02  6.03033754E-04
3.26535502E-01  3.44010107E-02  6.03248074E-04
3.26834117E-01  3.35436463E-02  5.89029165E-04
3.27132732E-01  3.43194529E-02  5.98787447E-04
3.27431347E-01  3.54586653E-02  6.09547016E-04
3.27729962E-01  3.54477018E-02  6.06586516E-04
3.28028577E-01  3.49142961E-02  6.11778814E-04
3.28327192E-01  3.59783284E-02  6.06328482E-04
3.28625807E-01  3.39606330E-02  5.98849612E-04
3.28924422E-01  3.41312774E-02  5.99995896E-04
3.29223037E-01  3.36710736E-02  5.93466859E-04
3.29521652E-01  3.40213068E-02  5.97785693E-04
3.29820267E-01  3.39372307E-02  5.94932353E-04
3.30118882E-01  3.44704166E-02  6.06238726E-04
3.30417497E-01  3.34255770E-02  5.93769364E-04
3.30716112E-01  3.44285704E-02  5.99052233E-04
3.31014727E-01  3.42998803E-02  5.98993211E-04
3.31313342E-01  3.47023755E-02  6.00372732E-04
3.31611957E-01  3.35525982E-02  5.96685160E-04
3.31910572E-01  3.52001004E-02  6.06808113E-04
3.32209187E-01  3.44345868E-02  5.97530976E-04
3.32507802E-01  3.42966355E-02  6.03089167E-04
3.32806417E-01  3.46040688E-02  5.97778009E-04
3.33105032E-01  3.34752090E-02  5.93341887E-04
3.33403647E-01  3.46938148E-02  6.00134837E-04
3.33702262E-01  3.38097773E-02  5.92789147E-04
3.34000877E-01  3.43827903E-02  5.97442267E-04
3.34299492E-01  3.45750414E-02  6.01055159E-04
3.34598107E-01  3.45528834E-02  6.01397362E-04
3.34896722E-01  3.41171809E-02  5.91844961E-04
3.35195337E-01  3.42153199E-02  5.93904988E-04
3.35493952E-01  3.34507860E-02  5.90686221E-04
3.35792567E-01  3.39409783E-02  5.92906435E-04
3.36091182E-01  3.49653475E-02  6.02671702E-04
3.36389797E-01  3.40573564E-02  5.91163116E-04
3.36688412E-01  3.41339968E-02  5.95642370E-04
3.36987027E-01  3.26708965E-02  5.79176529E-04
3.37285642E-01  3.35287675E-02  5.89131378E-04
3.37584257E-01  3.36481147E-02  5.91045944E-04
3.37882872E-01  3.38495821E-02  5.90050768E-04
3.38181487E-01  3.33613753E-02  5.88008319E-04
3.38480102E-01  3.46584022E-02  5.90406184E-04
3.38778717E-01  3.27993222E-02  5.82185574E-04
3.39077332E-01  3.25232260E-02  5.77375817E-04
3.39375947E-01  3.37031484E-02  5.87587478E-04
3.39674562E-01  3.30798440E-02  5.85874077E-04
3.39973177E-01  3.31581607E-02  5.80472813E-04
3.40271792E-01  3.14064920E-02  5.68868534E-04
3.40570407E-01  3.30428965E-02  5.82485460E-04
3.40869022E-01  3.27451453E-02  5.76520513E-04
3.41167637E-01  3.30248177E-02  5.80814667E-04
3.41466252E-01  3.27000432E-02  5.74481208E-04
3.41764867E-01  3.30272764E-02  5.84393390E-04
3.42063482E-01  3.28299627E-02  5.78103412E-04
3.42362097E-01  3.24147232E-02  5.71323151E-04
3.42660712E-01  3.33239399E-02  5.84630528E-04
3.42959327E-01  3.27031799E-02  5.73211000E-04
3.43257942E-01  3.28935571E-02  5.80846507E-04
3.43556557E-01  3.38805951E-02  5.85105619E-04
3.43855172E-01  3.31924334E-02  5.79300162E-04
3.44153787E-01  3.31042521E-02  5.78201609E-04
3.44452402E-01  3.30693461E-02  5.77239902E-04
3.44751017E-01  3.22003849E-02  5.70745789E-04
3.45049632E-01  3.34720165E-02  5.76333259E-04
3.45348247E-01  3.20389122E-02  5.69316442E-04
3.45646862E-01  3.14757824E-02  5.61888388E-04
3.45945477E-01  3.21142189E-02  5.67882031E-04
3.46244092E-01  3.21317837E-02  5.61387686E-04
3.46542707E-01  3.22739258E-02  5.63098176E-04
3.46841322E-01  3.28664966E-02  5.72392484E-04
3.47139937E-01  3.21311019E-02  5.64050861E-04
3.47438552E-01  3.21602784E-02  5.60093264E-04
3.47737167E-01  3.27721871E-02  5.69972675E-04
3.48035782E-01  3.19809765E-02  5.58071886E-04
3.48334397E-01  3.26102972E-02  5.67930634E-04
3.48633012E-01  3.14565822E-02  5.50010882E-04
3.48931627E-01  3.25776227E-02  5.64035377E-04
3.49230242E-01  3.24738361E-02  5.64698363E-04
3.49528857E-01  3.28430980E-02  5.66176197E-04
3.49827472E-01  3.11113317E-02  5.51963050E-04
3.50126087E-01  3.18364874E-02  5.53030230E-04
3.50424702E-01  3.32109965E-02  5.69815340E-04
3.50723317E-01  3.17746811E-02  5.55063889E-04
3.51021932E-01  3.17098647E-02  5.56484738E-04
3.51320547E-01  3.25890891E-02  5.61213936E-04
3.51619162E-01  3.20048817E-02  5.54951606E-04
3.51917777E-01  3.22083235E-02  5.59152104E-04
3.52216392E-01  3.28879394E-02  5.63940615E-04
3.52515007E-01  3.15315127E-02  5.49643242E-04
3.52813622E-01  3.20490971E-02  5.54137747E-04
3.53112237E-01  3.17402370E-02  5.57533058E-04
3.53410852E-01  3.19086984E-02  5.58086613E-04
3.53709467E-01  3.18523571E-02  5.46987867E-04
3.54008082E-01  3.17373537E-02  5.51891397E-04
3.54306697E-01  3.09361592E-02  5.45178191E-04
3.54605312E-01  3.15597206E-02  5.53508988E-04
3.54903927E-01  3.10190041E-02  5.50411642E-04
3.55202542E-01  3.18571068E-02  5.46023773E-04
3.55501157E-01  3.20657976E-02  5.56258776E-04
3.55799772E-01  3.18575464E-02  5.51899313E-04
3.56098387E-01  3.11583038E-02  5.47142350E-04
3.56397002E-01  3.18848118E-02  5.53035934E-04
3.56695617E-01  3.04223876E-02  5.34301973E-04
3.56994232E-01  3.06577608E-02  5.46155381E-04
3.57292847E-01  3.11200805E-02  5.41403017E-04
3.57591462E-01  3.20113190E-02  5.52494428E-04
3.57890077E-01  3.08747515E-02  5.41578978E-04
3.58188692E-01  3.07414327E-02  5.38247637E-04
3.58487307E-01  3.11661568E-02  5.49316639E-04
3.58785922E-01  3.09400074E-02  5.37701009E-04
3.59084537E-01  3.04987524E-02  5.39146829E-04
3.59383152E-01  3.05356011E-02  5.37452055E-04
3.59681767E-01  3.10680531E-02  5.42554480E-04
3.59980382E-01  3.12366225E-02  5.49195451E-04
3.60278997E-01  3.18716206E-02  5.43169852E-04
3.60577612E-01  3.05924453E-02  5.40128385E-04
3.60876227E-01  3.07397097E-02  5.39542292E-04
3.61174842E-01  3.06655783E-02  5.35607513E-04
3.61473457E-01  3.09090056E-02  5.37730928E-04
3.61772072E-01  3.16827781E-02  5.46011375E-04
3.62070687E-01  3.05604916E-02  5.39564237E-04
3.62369302E-01  3.06863431E-02  5.36789652E-04
3.62667917E-01  3.10550556E-02  5.39863482E-04
3.62966532E-01  2.93201618E-02  5.22907765E-04
3.63265147E-01  3.05059254E-02  5.35356463E-04
3.63563762E-01  3.08513287E-02  5.38523425E-04
3.63862377E-01  3.13423164E-02  5.40786772E-04
3.64160992E-01  2.99155433E-02  5.28754492E-04
3.64459607E-01  3.05648316E-02  5.34745865E-04
3.64758222E-01  3.04995384E-02  5.34176128E-04
3.65056837E-01  3.11317388E-02  5.40543522E-04
3.65355452E-01  3.11522465E-02  5.35914209E-04
3.65654067E-01  2.95709260E-02  5.26543299E-04
3.65952682E-01  2.98503544E-02  5.25147130E-04
3.66251297E-01  3.02000567E-02  5.33533283E-04
3.66549912E-01  3.01778838E-02  5.28299541E-04
3.66848527E-01  3.07812952E-02  5.30790887E-04
3.67147142E-01  3.16542350E-02  5.46087394E-04
3.67445757E-01  3.02289855E-02  5.28062519E-04
3.67744372E-01  3.03133503E-02  5.30183839E-04
3.68042987E-01  3.05010099E-02  5.30713238E-04
3.68341602E-01  2.98859812E-02  5.25611278E-04
3.68640217E-01  2.95445248E-02  5.25075244E-04
3.68938832E-01  3.03381626E-02  5.25341078E-04
3.69237447E-01  3.01019531E-02  5.27374505E-04
3.69536062E-01  2.96359342E-02  5.20971953E-04
3.69834677E-01  2.99373921E-02  5.26759890E-04
3.70133292E-01  3.05491481E-02  5.33655344E-04
3.70431907E-01  3.10009439E-02  5.30648278E-04
3.70730522E-01  2.99019180E-02  5.25080075E-04
3.71029137E-01  3.02653033E-02  5.25262032E-04
3.71327752E-01  3.12133320E-02  5.35777188E-04
3.71626367E-01  2.95060202E-02  5.20379457E-04
3.71924982E-01  2.96070110E-02  5.20866073E-04
3.72223597E-01  3.02159172E-02  5.28803328E-04
3.72522212E-01  2.97781341E-02  5.19157969E-04
3.72820827E-01  3.08131352E-02  5.30551712E-04
3.73119442E-01  3.08292452E-02  5.30829129E-04
3.73418057E-01  3.07110064E-02  5.27232420E-04
3.73716672E-01  2.93435361E-02  5.21668000E-04
3.74015287E-01  3.08233518E-02  5.26452844E-04
3.74313902E-01  3.02885938E-02  5.24404109E-04
3.74612517E-01  3.06639504E-02  5.29003388E-04
3.74911132E-01  3.00146230E-02  5.22566726E-04
3.75209747E-01  3.00072618E-02  5.23311726E-04
3.75508362E-01  3.00338846E-02  5.20072121E-04
3.75806977E-01  2.92336177E-02  5.14935004E-04
3.76105592E-01  3.04608475E-02  5.25499578E-04
3.76404207E-01  3.00657470E-02  5.22349612E-04
3.76702822E-01  3.06159407E-02  5.24827570E-04
3.77001437E-01  3.07259597E-02  5.26172633E-04
3.77300052E-01  3.13025378E-02  5.34637133E-04
3.77598667E-01  2.97674593E-02  5.20158967E-04
3.77897282E-01  2.98146307E-02  5.16740547E-04
3.78195897E-01  3.00728511E-02  5.18189452E-04
3.78494512E-01  3.04957125E-02  5.25008363E-04
3.78793127E-01  2.99550314E-02  5.19408030E-04
3.79091742E-01  2.96544358E-02  5.15748805E-04
3.79390357E-01  3.07829138E-02  5.25073323E-04
3.79688972E-01  3.01060230E-02  5.19532885E-04
3.79987587E-01  3.03751193E-02  5.20928996E-04
3.80286202E-01  3.02330423E-02  5.21027076E-04
3.80584817E-01  2.96406113E-02  5.15898690E-04
3.80883432E-01  2.99455859E-02  5.16456726E-04
3.81182047E-01  3.04681715E-02  5.22524817E-04
3.81480662E-01  3.03672478E-02  5.21792506E-04
3.81779277E-01  3.00420821E-02  5.14839019E-04
3.82077892E-01  2.99821235E-02  5.18476707E-04
3.82376507E-01  2.89359335E-02  5.08195721E-04
3.82675122E-01  3.04806586E-02  5.22508519E-04
3.82973737E-01  3.09913997E-02  5.24750620E-04
3.83272352E-01  3.03293876E-02  5.15764114E-04
3.83570967E-01  3.04208808E-02  5.20948262E-04
3.83869582E-01  3.08501460E-02  5.23034134E-04
3.84168197E-01  3.07073426E-02  5.22872317E-04
3.84466812E-01  2.97647528E-02  5.12728351E-04
3.84765427E-01  3.10212784E-02  5.22789313E-04
3.85064042E-01  3.03351805E-02  5.21010836E-04
3.85362657E-01  3.07987574E-02  5.21563517E-04
3.85661272E-01  3.05577107E-02  5.15930296E-04
3.85959887E-01  3.02445106E-02  5.18536603E-04
3.86258502E-01  3.05404440E-02  5.17189095E-04
3.86557117E-01  3.05107664E-02  5.23717608E-04
3.86855732E-01  3.10159475E-02  5.20560076E-04
3.87154347E-01  3.04618888E-02  5.15637046E-04
3.87452962E-01  3.01503930E-02  5.17608074E-04
3.87751577E-01  3.13291289E-02  5.21645241E-04
3.88050192E-01  2.97687016E-02  5.14324813E-04
3.88348807E-01  3.11700888E-02  5.18925197E-04
3.88647422E-01  2.99505070E-02  5.12818049E-04
3.88946037E-01  3.10043450E-02  5.20732196E-04
3.89244652E-01  3.07499617E-02  5.19620779E-04
3.89543267E-01  3.07566412E-02  5.19807858E-04
3.89841882E-01  3.10459398E-02  5.18152490E-04
3.90140497E-01  3.06855589E-02  5.20243717E-04
3.90439112E-01  2.99720075E-02  5.12885570E-04
3.90737727E-01  3.05952895E-02  5.12634229E-04
3.91036342E-01  3.09046339E-02  5.21713344E-04
3.91334957E-01  3.17876600E-02  5.23293565E-04
3.91633572E-01  3.10348328E-02  5.21907234E-04
3.91932187E-01  3.02227624E-02  5.10129670E-04
3.92230802E-01  3.01924553E-02  5.11369435E-04
3.92529417E-01  3.06317378E-02  5.18512155E-04
3.92828032E-01  3.08930203E-02  5.15385007E-04
3.93126647E-01  3.08140833E-02  5.17244916E-04
3.93425262E-01  3.11992783E-02  5.18692890E-04
3.93723877E-01  3.07834949E-02  5.17753710E-04
3.94022492E-01  3.14340070E-02  5.22812072E-04
3.94321107E-01  3.00944429E-02  5.08688914E-04
3.94619722E-01  3.12427878E-02  5.18556975E-04
3.94918337E-01  3.14639546E-02  5.20012109E-04
3.95216952E-01  3.17798965E-02  5.24018484E-04
3.95515567E-01  3.09332125E-02  5.17497829E-04
3.95814182E-01  3.19333263E-02  5.20983012E-04
3.96112797E-01  3.13890018E-02  5.20410598E-04
3.96411412E-01  3.16283554E-02  5.21378010E-04
3.96710027E-01  3.06630041E-02  5.13985287E-04
3.97008642E-01  3.05981953E-02  5.10964426E-04
3.97307257E-01  3.08582503E-02  5.13876148E-04
3.97605872E-01  3.16599682E-02  5.21899085E-04
3.97904487E-01  3.04487459E-02  5.13067760E-04
3.98203102E-01  3.10720094E-02  5.12694765E-04
3.98501717E-01  3.09748221E-02  5.13120787E-04
3.98800332E-01  3.12158968E-02  5.15982858E-04
3.99098947E-01  3.06439884E-02  5.11729158E-04
3.99397562E-01  3.14309523E-02  5.19892841E-04
3.99696177E-01  3.23679857E-02  5.25423849E-04
3.99994792E-01  3.06982491E-02  5.10222162E-04
4.00293407E-01  3.02165691E-02  5.07787685E-04
4.00592022E-01  3.12054809E-02  5.14546933E-04
4.00890637E-01  3.06395404E-02  5.09739446E-04
4.01189252E-01  3.14022303E-02  5.15553285E-04
4.01487867E-01  3.07784025E-02  5.12617524E-04
4.01786482E-01  3.00173387E-02  5.05511474E-04
4.02085097E-01  3.05364169E-02  5.05511591E-04
4.02383712E-01  3.14065963E-02  5.19205933E-04
4.02682327E-01  3.10201105E-02  5.09142526E-04
4.02980942E-01  3.06760110E-02  5.10912156E-04
4.03279557E-01  3.00226379E-02  5.03392715E-04
4.03578172E-01  3.11418213E-02  5.09905396E-04
4.03876787E-01  3.15842181E-02  5.18052606E-04
4.04175402E-01  3.11970804E-02  5.11084276E-04
4.04474017E-01  3.04542463E-02  5.07852994E-04
4.04772632E-01  3.17298919E-02  5.15677617E-04
4.05071247E-01  3.09064630E-02  5.09547186E-04
4.05369862E-01  3.06696091E-02  5.12228406E-04
4.05668477E-01  3.11148539E-02  5.06485288E-04
4.05967092E-01  2.98706852E-02  5.00704162E-04
4.06265707E-01  2.98558306E-02  4.99753514E-04
4.06564322E-01  3.06536797E-02  5.05792210E-04
4.06862937E-01  3.08213234E-02  5.12267754E-04
4.07161552E-01  3.11683305E-02  5.08231868E-04
4.07460167E-01  3.03453542E-02  5.04915079E-04
4.07758782E-01  3.08709461E-02  5.04861469E-04
4.08057397E-01  3.06759626E-02  5.05746983E-04
4.08356012E-01  3.05980556E-02  5.07018587E-04
4.08654627E-01  2.99633835E-02  4.97390341E-04
4.08953242E-01  2.94106752E-02  4.97914210E-04
4.09251857E-01  2.97583472E-02  4.96731955E-04
4.09550472E-01  3.05997785E-02  5.03943360E-04
4.09849087E-01  3.06453072E-02  5.04556345E-04
4.10147702E-01  3.03337909E-02  4.99766204E-04
4.10446317E-01  2.99306363E-02  5.01709059E-04
4.10744932E-01  3.15117836E-02  5.11525257E-04
4.11043547E-01  3.01914047E-02  4.96410707E-04
4.11342162E-01  3.01695280E-02  5.00398863E-04
4.11640777E-01  2.94417888E-02  4.95257322E-04
4.11939392E-01  3.08162626E-02  5.07164805E-04
4.12238007E-01  3.01359780E-02  4.96305060E-04
4.12536622E-01  2.98093222E-02  4.96133463E-04
4.12835237E-01  2.98921987E-02  4.94982640E-04
4.13133852E-01  3.00136674E-02  4.97950707E-04
4.13432467E-01  3.02383881E-02  4.99347865E-04
4.13731082E-01  2.98380721E-02  4.94425418E-04
4.14029697E-01  2.99456716E-02  4.97507805E-04
4.14328312E-01  2.96694990E-02  4.93601197E-04
4.14626927E-01  2.98025906E-02  4.96090157E-04
4.14925542E-01  3.02985422E-02  4.95832006E-04
4.15224157E-01  2.95689311E-02  4.93226747E-04
4.15522772E-01  2.94839628E-02  4.93321568E-04
4.15821387E-01  2.88336594E-02  4.84479591E-04
4.16120002E-01  3.00187375E-02  4.95248125E-04
4.16418617E-01  2.89707668E-02  4.87540994E-04
4.16717232E-01  3.01801674E-02  4.96696157E-04
4.17015847E-01  2.99955457E-02  4.96898370E-04
4.17314462E-01  2.94306222E-02  4.85809956E-04
4.17613077E-01  2.97040585E-02  4.92881925E-04
4.17911692E-01  2.92942040E-02  4.87898011E-04
4.18210307E-01  2.98899114E-02  4.96375957E-04
4.18508922E-01  2.89998874E-02  4.84004151E-04
4.18807537E-01  2.91911252E-02  4.85709897E-04
4.19106152E-01  2.92553287E-02  4.89153899E-04
4.19404767E-01  2.91579254E-02  4.88003017E-04
4.19703382E-01  2.89846789E-02  4.82675940E-04
4.20001997E-01  2.85769459E-02  4.81459196E-04
4.20300612E-01  2.91102622E-02  4.84163407E-04
4.20599227E-01  2.83043496E-02  4.81257943E-04
4.20897842E-01  2.88531929E-02  4.82902862E-04
4.21196457E-01  2.96529289E-02  4.88217425E-04
4.21495072E-01  2.82892603E-02  4.78928967E-04
4.21793687E-01  2.89473329E-02  4.82925272E-04
4.22092302E-01  2.96496619E-02  4.91438375E-04
4.22390917E-01  2.96810698E-02  4.84625227E-04
4.22689532E-01  2.90051196E-02  4.85513563E-04
4.22988147E-01  2.89506167E-02  4.81975032E-04
4.23286762E-01  2.79118512E-02  4.76170040E-04
4.23585377E-01  2.87194662E-02  4.79725015E-04
4.23883992E-01  2.85394564E-02  4.77251131E-04
4.24182607E-01  2.91884672E-02  4.82866424E-04
4.24481222E-01  2.85033062E-02  4.79878130E-04
4.24779837E-01  2.75138821E-02  4.69449093E-04
4.25078452E-01  2.90292446E-02  4.80363873E-04
4.25377067E-01  2.83907726E-02  4.78390488E-04
4.25675682E-01  2.89083663E-02  4.79151524E-04
4.25974297E-01  2.91380119E-02  4.84759046E-04
4.26272912E-01  2.91102678E-02  4.79217881E-04
4.26571527E-01  2.88481154E-02  4.82345204E-04
4.26870142E-01  2.83644106E-02  4.74522967E-04
4.27168757E-01  2.84060407E-02  4.75618930E-04
4.27467372E-01  2.83031333E-02  4.73166903E-04
4.27765987E-01  2.80319825E-02  4.73759312E-04
4.28064602E-01  2.90400647E-02  4.80148679E-04
4.28363217E-01  2.81196553E-02  4.73754830E-04
4.28661832E-01  2.90738493E-02  4.80970310E-04
4.28960447E-01  2.91495789E-02  4.80843359E-04
4.29259062E-01  2.79247072E-02  4.70003695E-04
4.29557677E-01  2.80236807E-02  4.71469248E-04
4.29856292E-01  2.75202524E-02  4.65243647E-04
4.30154907E-01  2.85753366E-02  4.75135108E-04
4.30453522E-01  2.78577432E-02  4.70814557E-04
4.30752137E-01  2.80615669E-02  4.71373409E-04
4.31050752E-01  2.83092819E-02  4.71559440E-04
4.31349367E-01  2.86624543E-02  4.75336798E-04
4.31647982E-01  2.85033137E-02  4.73806547E-04
4.31946597E-01  2.82136369E-02  4.73927823E-04
4.32245212E-01  2.88412571E-02  4.75240377E-04
4.32543827E-01  2.85362247E-02  4.75142035E-04
4.32842442E-01  2.79623047E-02  4.72987187E-04
4.33141057E-01  2.82342844E-02  4.70114581E-04
4.33439672E-01  2.87117008E-02  4.77138703E-04
4.33738287E-01  2.76695788E-02  4.65907622E-04
4.34036902E-01  2.93412972E-02  4.82237636E-04
4.34335517E-01  2.86197066E-02  4.75741341E-04
4.34634132E-01  2.77090073E-02  4.68635582E-04
4.34932747E-01  2.82980558E-02  4.71176405E-04
4.35231362E-01  2.91528925E-02  4.78559756E-04
4.35529977E-01  2.77081728E-02  4.69158549E-04
4.35828592E-01  2.86353994E-02  4.76199610E-04
4.36127207E-01  2.91523617E-02  4.77715017E-04
4.36425822E-01  2.98058428E-02  4.83896787E-04
4.36724437E-01  2.92844772E-02  4.80073388E-04
4.37023052E-01  2.75777597E-02  4.66082623E-04
4.37321667E-01  2.86102630E-02  4.72011161E-04
4.37620282E-01  2.84781009E-02  4.74371540E-04
4.37918897E-01  2.79238224E-02  4.68795100E-04
4.38217512E-01  2.76918113E-02  4.67676349E-04
4.38516127E-01  2.79437900E-02  4.66898549E-04
4.38814742E-01  2.80116200E-02  4.65119403E-04
4.39113357E-01  2.85604633E-02  4.73906111E-04
4.39411972E-01  2.83625294E-02  4.72053653E-04
4.39710587E-01  2.92295776E-02  4.77317022E-04
4.40009202E-01  2.85703000E-02  4.73678287E-04
4.40307817E-01  2.90223621E-02  4.73239605E-04
4.40606432E-01  2.74241474E-02  4.64083394E-04
4.40905047E-01  2.78295875E-02  4.66163125E-04
4.41203662E-01  2.80076638E-02  4.64797486E-04
4.41502277E-01  2.78980155E-02  4.66329046E-04
4.41800892E-01  2.82400642E-02  4.68460756E-04
4.42099507E-01  2.87443418E-02  4.72937681E-04
4.42398122E-01  2.85630431E-02  4.70209401E-04
4.42696737E-01  2.82737203E-02  4.67925856E-04
4.42995352E-01  2.86390726E-02  4.71972919E-04
4.43293967E-01  2.88661104E-02  4.75198525E-04
4.43592582E-01  2.81825326E-02  4.69643652E-04
4.43891197E-01  2.84674112E-02  4.67496226E-04
4.44189812E-01  2.93052103E-02  4.78488277E-04
4.44488427E-01  2.86217891E-02  4.70602914E-04
4.44787042E-01  2.85318643E-02  4.71617182E-04
4.45085657E-01  2.82353479E-02  4.67418839E-04
4.45384272E-01  2.78718974E-02  4.65113379E-04
4.45682887E-01  2.81814002E-02  4.71000181E-04
4.45981502E-01  2.81205047E-02  4.65964840E-04
4.46280117E-01  2.84840912E-02  4.69993567E-04
4.46578732E-01  2.79859304E-02  4.66173253E-04
4.46877347E-01  2.85256468E-02  4.71578824E-04
4.47175962E-01  2.90696900E-02  4.80835704E-04
4.47474577E-01  2.94732153E-02  4.76118177E-04
4.47773192E-01  2.83952858E-02  4.69680526E-04
4.48071807E-01  2.77973022E-02  4.64710494E-04
4.48370422E-01  2.81989351E-02  4.69395862E-04
4.48669037E-01  2.94965524E-02  4.78812377E-04
4.48967652E-01  2.67721470E-02  4.55667236E-04
4.49266267E-01  2.86389664E-02  4.73258202E-04
4.49564882E-01  2.86801253E-02  4.73808992E-04
4.49863497E-01  2.90861633E-02  4.75165143E-04
4.50162112E-01  2.83143334E-02  4.70470201E-04
4.50460727E-01  2.86946222E-02  4.73725377E-04
4.50759342E-01  2.80267913E-02  4.68285347E-04
4.51057957E-01  2.79686395E-02  4.67183330E-04
4.51356572E-01  2.85210852E-02  4.68693761E-04
4.51655187E-01  2.87608448E-02  4.75012901E-04
4.51953802E-01  2.90447958E-02  4.75569395E-04
4.52252417E-01  2.82401852E-02  4.73639317E-04
4.52551032E-01  2.88378801E-02  4.72942833E-04
4.52849647E-01  2.88011637E-02  4.73680295E-04
4.53148262E-01  2.83885002E-02  4.70276485E-04
4.53446877E-01  2.75880471E-02  4.63092729E-04
4.53745492E-01  2.83421241E-02  4.70412750E-04
4.54044107E-01  2.95760278E-02  4.81500174E-04
4.54342722E-01  2.83284783E-02  4.70510393E-04
4.54641337E-01  2.76769642E-02  4.66098048E-04
4.54939952E-01  2.89167650E-02  4.74747590E-04
4.55238567E-01  2.90813204E-02  4.75784938E-04
4.55537182E-01  2.87328996E-02  4.76177753E-04
4.55835797E-01  2.80467886E-02  4.69209306E-04
4.56134412E-01  2.88280603E-02  4.74443572E-04
4.56433027E-01  2.91970707E-02  4.77998663E-04
4.56731642E-01  2.88636032E-02  4.74322442E-04
4.57030257E-01  2.81118229E-02  4.69968596E-04
4.57328872E-01  2.85856314E-02  4.72764339E-04
4.57627487E-01  2.87325531E-02  4.73770866E-04
4.57926102E-01  2.85204761E-02  4.72333166E-04
4.58224717E-01  2.81876344E-02  4.71235981E-04
4.58523332E-01  2.84161288E-02  4.71576117E-04
4.58821947E-01  2.80973725E-02  4.66157857E-04
4.59120562E-01  2.76885331E-02  4.67154838E-04
4.59419177E-01  2.86721513E-02  4.75171022E-04
4.59717792E-01  2.78252978E-02  4.67999198E-04
4.60016407E-01  2.86189988E-02  4.73057444E-04
4.60315022E-01  2.87494846E-02  4.73406923E-04
4.60613637E-01  2.82952879E-02  4.71522653E-04
4.60912252E-01  2.89859865E-02  4.78731323E-04
4.61210867E-01  2.89924126E-02  4.76246350E-04
4.61509482E-01  2.81841904E-02  4.74505534E-04
4.61808097E-01  2.86111403E-02  4.88882943E-04
4.62106712E-01  2.87126880E-02  4.91840241E-04
4.62405327E-01  2.96609476E-02  5.04470023E-04
4.62703942E-01  2.89049037E-02  4.97400237E-04
4.63002557E-01  2.89721489E-02  5.07114048E-04
4.63301172E-01  2.87208371E-02  5.06689306E-04
4.63599787E-01  2.96063870E-02  5.17186534E-04
4.63898402E-01  2.92877965E-02  5.16771979E-04
4.64197017E-01  2.89978124E-02  5.14871266E-04
4.64495632E-01  2.91240513E-02  5.22493850E-04
4.64794247E-01  2.81448886E-02  5.14453568E-04
4.65092862E-01  2.89445054E-02  5.19105641E-04
4.65391477E-01  2.73654088E-02  5.12331491E-04
4.65690092E-01  2.96995901E-02  5.33592538E-04
4.65988707E-01  2.88077798E-02  5.30124758E-04
4.66287322E-01  3.10737658E-02  5.51036443E-04
4.66585937E-01  2.79500112E-02  5.23184659E-04
4.66884552E-01  2.95491740E-02  5.44598501E-04
4.67183167E-01  2.88203266E-02  5.40138572E-04
4.67481782E-01  2.84407716E-02  5.29962475E-04
4.67780397E-01  2.80766785E-02  5.34043589E-04
4.68079012E-01  2.77699139E-02  5.32953884E-04
4.68377627E-01  2.82285139E-02  5.40462846E-04
4.68676242E-01  2.88704615E-02  5.47855219E-04
4.68974857E-01  2.83924695E-02  5.43303264E-04
4.69273472E-01  2.85219252E-02  5.49719669E-04
4.69572087E-01  2.89216340E-02  5.51915437E-04
4.69870702E-01  2.86331587E-02  5.51454024E-04
4.70169317E-01  2.77152210E-02  5.45325922E-04
4.70467932E-01  2.83289216E-02  5.52503159E-04
4.70766547E-01  2.85191964E-02  5.60169923E-04
4.71065162E-01  2.80069411E-02  5.54946600E-04
4.71363777E-01  2.90842187E-02  5.61705907E-04
4.71662392E-01  2.89139077E-02  5.66503964E-04
4.71961007E-01  2.93865167E-02  5.72911697E-04
4.72259622E-01  2.99203694E-02  5.82324399E-04
4.72558237E-01  2.85497718E-02  5.65591559E-04
4.72856852E-01  2.87393238E-02  5.59232431E-04
4.73155467E-01  3.03527918E-02  5.70363889E-04
4.73454082E-01  2.84022875E-02  5.45190647E-04
4.73752697E-01  2.95613091E-02  5.47713484E-04
4.74051312E-01  2.88842171E-02  5.41716639E-04
4.74349927E-01  2.88023930E-02  5.37728833E-04
4.74648542E-01  2.97732037E-02  5.46873023E-04
4.74947157E-01  2.94414163E-02  5.38512424E-04
4.75245772E-01  2.89512686E-02  5.33126411E-04
4.75544387E-01  2.90354434E-02  5.32872567E-04
4.75843002E-01  2.84766313E-02  5.28888952E-04
4.76141617E-01  2.85122152E-02  5.24596893E-04
4.76440232E-01  2.81127002E-02  5.21052454E-04
4.76738847E-01  2.90218052E-02  5.27407741E-04
4.77037462E-01  2.92741079E-02  5.29983779E-04
4.77336077E-01  2.90449392E-02  5.29052573E-04
4.77634692E-01  2.84771863E-02  5.19228051E-04
4.77933307E-01  2.82213315E-02  5.17583045E-04
4.78231922E-01  2.84413155E-02  5.16432396E-04
4.78530537E-01  2.89738085E-02  5.26274845E-04
4.78829152E-01  2.90015489E-02  5.18629502E-04
4.79127767E-01  2.96016615E-02  5.25758718E-04
4.79426382E-01  2.84406655E-02  5.18217741E-04
4.79724997E-01  2.88598016E-02  5.19680150E-04
4.80023612E-01  2.93757375E-02  5.23067720E-04
4.80322227E-01  2.85957344E-02  5.13926207E-04
4.80620842E-01  2.87882015E-02  5.18222863E-04
4.80919457E-01  2.84226425E-02  5.13308391E-04
4.81218072E-01  2.81138625E-02  5.09982347E-04
4.81516687E-01  2.90526766E-02  5.19377762E-04
4.81815302E-01  2.88145132E-02  5.12182130E-04
4.82113917E-01  2.96320599E-02  5.25222742E-04
4.82412532E-01  2.83264499E-02  5.09663078E-04
4.82711147E-01  2.87923738E-02  5.12517814E-04
4.83009762E-01  2.98646260E-02  5.23457653E-04
4.83308377E-01  2.92518120E-02  5.19135676E-04
4.83606992E-01  2.87067369E-02  5.11236489E-04
4.83905607E-01  2.98924483E-02  5.23302646E-04
4.84204222E-01  2.95571238E-02  5.17829321E-04
4.84502837E-01  2.80375928E-02  5.07597637E-04
4.84801452E-01  2.87042297E-02  5.11354068E-04
4.85100067E-01  2.94413213E-02  5.14460029E-04
4.85398682E-01  2.89913956E-02  5.13383420E-04
4.85697297E-01  2.86259577E-02  5.09878737E-04
4.85995912E-01  2.88064480E-02  5.12930914E-04
4.86294527E-01  2.91816220E-02  5.12194820E-04
4.86593142E-01  2.99747456E-02  5.20297675E-04
4.86891757E-01  2.90274248E-02  5.13057050E-04
4.87190372E-01  2.87781414E-02  5.11374092E-04
4.87488987E-01  2.92156562E-02  5.10438811E-04
4.87787602E-01  2.93187890E-02  5.15237683E-04
4.88086217E-01  2.79974341E-02  5.01073897E-04
4.88384832E-01  2.94858515E-02  5.15395543E-04
4.88683447E-01  2.93557681E-02  5.15569176E-04
4.88982062E-01  2.85697579E-02  5.05283650E-04
4.89280677E-01  2.82100160E-02  5.05283300E-04
4.89579292E-01  2.83806734E-02  5.04630036E-04
4.89877907E-01  2.94818673E-02  5.13680629E-04
4.90176522E-01  2.79806554E-02  4.99177258E-04
4.90475137E-01  2.96644401E-02  5.15533087E-04
4.90773752E-01  2.83584930E-02  5.03678632E-04
4.91072367E-01  2.82725766E-02  5.03424730E-04
4.91370982E-01  2.89546717E-02  5.08054858E-04
4.91669597E-01  2.92806849E-02  5.11809369E-04
4.91968212E-01  2.86718495E-02  5.07486227E-04
4.92266827E-01  2.89312806E-02  5.09135833E-04
4.92565442E-01  2.89861076E-02  5.06815210E-04
4.92864057E-01  2.93272547E-02  5.11452730E-04
4.93162672E-01  2.83121057E-02  5.03410876E-04
4.93461287E-01  2.84287166E-02  5.04448719E-04
4.93759902E-01  2.94752605E-02  5.09559235E-04
4.94058517E-01  2.91868057E-02  5.09468431E-04
4.94357132E-01  2.92654708E-02  5.09137986E-04
4.94655747E-01  2.81958692E-02  5.03658317E-04
4.94954362E-01  2.91316472E-02  5.05587086E-04
4.95252977E-01  2.87854820E-02  5.05709380E-04
4.95551592E-01  2.88076289E-02  5.07431454E-04
4.95850207E-01  2.81151850E-02  5.00542868E-04
4.96148822E-01  2.96739321E-02  5.10785088E-04
4.96447437E-01  2.84240022E-02  5.02784445E-04
4.96746052E-01  2.86262948E-02  5.03690622E-04
4.97044667E-01  2.87603904E-02  5.08178549E-04
4.97343282E-01  2.95286849E-02  5.08661848E-04
4.97641897E-01  2.88914032E-02  5.02402196E-04
4.97940512E-01  2.81577837E-02  5.01063070E-04
4.98239127E-01  2.91302651E-02  5.07862889E-04
4.98537742E-01  2.88826823E-02  5.06713754E-04
4.98836357E-01  2.91669406E-02  5.06047276E-04
4.99134972E-01  2.81924699E-02  4.99627786E-04
4.99433587E-01  2.89592035E-02  5.07899909E-04
4.99732202E-01  2.87349075E-02  5.03038580E-04
5.00030817E-01  2.89627835E-02  5.04406693E-04
5.00329432E-01  2.79681385E-02  4.96902270E-04
5.00628047E-01  2.83391792E-02  5.00189723E-04
5.00926662E-01  2.85188369E-02  5.04540920E-04
5.01225277E-01  2.88987700E-02  5.01999282E-04
5.01523892E-01  2.79810056E-02  4.94330132E-04
5.01822507E-01  2.88533736E-02  5.04340220E-04
5.02121122E-01  2.84517705E-02  5.01942472E-04
5.02419737E-01  2.93502510E-02  5.08921396E-04
5.02718352E-01  2.77786124E-02  4.94864595E-04
5.03016967E-01  2.88048405E-02  5.03799820E-04
5.03315582E-01  2.94947252E-02  5.11195976E-04
5.03614197E-01  2.82293241E-02  4.96168446E-04
5.03912812E-01  2.81872600E-02  4.98129404E-04
5.04211427E-01  2.85531413E-02  5.00239956E-04
5.04510042E-01  2.85157897E-02  5.02524723E-04
5.04808657E-01  2.73789447E-02  4.88287304E-04
5.05107272E-01  2.86954753E-02  5.02733572E-04
5.05405887E-01  2.83912458E-02  4.98092035E-04
5.05704502E-01  2.83430666E-02  5.01509756E-04
5.06003117E-01  2.87725478E-02  5.02543699E-04
5.06301732E-01  2.84988731E-02  4.99903283E-04
5.06600347E-01  2.84028389E-02  4.97225265E-04
5.06898962E-01  2.83604488E-02  5.00175694E-04
5.07197577E-01  2.92677712E-02  5.09255100E-04
5.07496192E-01  2.78345998E-02  4.90672770E-04
5.07794807E-01  2.88029537E-02  5.05704258E-04
5.08093422E-01  2.87472289E-02  5.01719012E-04
5.08392037E-01  2.93272138E-02  5.07759163E-04
5.08690652E-01  2.81767976E-02  4.95015876E-04
5.08989267E-01  2.88881138E-02  5.02953713E-04
5.09287882E-01  2.93359794E-02  5.08597470E-04
5.09586497E-01  2.84490231E-02  4.98875394E-04
5.09885112E-01  2.88004093E-02  5.01578848E-04
5.10183727E-01  2.90642958E-02  5.04494179E-04
5.10482342E-01  2.80607045E-02  4.94735432E-04
5.10780957E-01  2.82974392E-02  4.98290116E-04
5.11079572E-01  2.84922402E-02  4.99019807E-04
5.11378187E-01  2.76845545E-02  4.92019230E-04
5.11676802E-01  2.76203863E-02  4.95119428E-04
5.11975417E-01  2.91276146E-02  5.03323681E-04
5.12274032E-01  2.88909227E-02  5.02014474E-04
5.12572647E-01  2.86891870E-02  5.00629772E-04
5.12871262E-01  2.77650561E-02  4.91898682E-04
5.13169877E-01  2.87140142E-02  5.03832183E-04
5.13468492E-01  2.78632324E-02  4.90492093E-04
5.13767107E-01  2.81637423E-02  4.94939275E-04
5.14065722E-01  2.79795062E-02  4.96243418E-04
5.14364337E-01  2.88654417E-02  5.03169431E-04
5.14662952E-01  2.86943801E-02  5.00568014E-04
5.14961567E-01  2.81184111E-02  4.94066393E-04
5.15260182E-01  2.81184539E-02  4.96991095E-04
5.15558797E-01  2.85186842E-02  4.98794951E-04
5.15857412E-01  2.84770057E-02  4.98065958E-04
5.16156027E-01  2.88659558E-02  5.02567913E-04
5.16454642E-01  2.74845362E-02  4.90638835E-04
5.16753257E-01  2.79252306E-02  4.93344734E-04
5.17051872E-01  2.79179458E-02  4.95229498E-04
5.17350487E-01  2.80742887E-02  4.93214990E-04
5.17649102E-01  2.83304714E-02  4.96796507E-04
5.17947717E-01  2.83709317E-02  4.96666704E-04
5.18246332E-01  2.87002455E-02  4.99910209E-04
5.18544947E-01  2.83148587E-02  4.98133712E-04
5.18843562E-01  2.89977547E-02  5.04480442E-04
5.19142177E-01  2.76454519E-02  4.90164501E-04
5.19440792E-01  2.88483258E-02  5.00594615E-04
5.19739407E-01  2.81043593E-02  4.94583510E-04
5.20038022E-01  2.79255304E-02  4.95442015E-04
5.20336637E-01  2.72820517E-02  4.87179495E-04
5.20635252E-01  2.77298167E-02  4.91043204E-04
5.20933867E-01  2.82236636E-02  4.95762739E-04
5.21232482E-01  2.85371859E-02  4.97901521E-04
5.21531097E-01  2.71600876E-02  4.87652287E-04
5.21829712E-01  2.79683117E-02  4.94491833E-04
5.22128327E-01  2.78601181E-02  4.92810039E-04
5.22426942E-01  2.93564294E-02  5.03532647E-04
5.22725557E-01  2.84080375E-02  4.98003559E-04
5.23024172E-01  2.80623194E-02  4.93996718E-04
5.23322787E-01  2.84487288E-02  4.98487148E-04
5.23621402E-01  2.81671938E-02  4.94923559E-04
5.23920017E-01  2.73047276E-02  4.89933474E-04
5.24218632E-01  2.81020384E-02  4.92790772E-04
5.24517247E-01  2.87746694E-02  4.99994436E-04
5.24815862E-01  2.84413137E-02  4.99047223E-04
5.25114477E-01  2.75792386E-02  4.89144295E-04
5.25413092E-01  2.86039989E-02  4.99371381E-04
5.25711707E-01  2.81014293E-02  4.95453482E-04
5.26010322E-01  2.76023746E-02  4.88403777E-04
5.26308937E-01  2.79397052E-02  4.93062136E-04
5.26607552E-01  2.79175993E-02  4.92748804E-04
5.26906167E-01  2.69779563E-02  4.83914395E-04
5.27204782E-01  2.86297295E-02  5.01581701E-04
5.27503397E-01  2.76835524E-02  4.90685808E-04
5.27802012E-01  2.76973620E-02  4.90930572E-04
5.28100627E-01  2.74530854E-02  4.89843311E-04
5.28399242E-01  2.74389181E-02  4.85207769E-04
5.28697857E-01  2.88793948E-02  5.02041599E-04
5.28996472E-01  2.81284340E-02  4.94624372E-04
5.29295087E-01  2.83664763E-02  4.98425099E-04
5.29593702E-01  2.79388409E-02  4.91518527E-04
5.29892317E-01  2.76537389E-02  4.90080391E-04
5.30190932E-01  2.87405122E-02  5.01831120E-04
5.30489547E-01  2.78464854E-02  4.92030405E-04
5.30788162E-01  2.83617619E-02  4.95595741E-04
5.31086777E-01  2.86280010E-02  4.99258109E-04
5.31385392E-01  2.85661574E-02  4.96296387E-04
5.31684007E-01  2.87558138E-02  5.00498631E-04
5.31982622E-01  2.79322453E-02  4.93160973E-04
5.32281237E-01  2.73966640E-02  4.88292775E-04
5.32579852E-01  2.73251906E-02  4.88495338E-04
5.32878467E-01  2.83232443E-02  4.96364606E-04
5.33177082E-01  2.73955688E-02  4.89128637E-04
5.33475697E-01  2.75105014E-02  4.86701931E-04
5.33774312E-01  2.77429409E-02  4.90660605E-04
5.34072927E-01  2.74101589E-02  4.90956649E-04
5.34371542E-01  2.81549357E-02  4.92734485E-04
5.34670157E-01  2.78745927E-02  4.89329221E-04
5.34968772E-01  2.77009606E-02  4.92466381E-04
5.35267387E-01  2.76574735E-02  4.89915838E-04
5.35566002E-01  2.83091664E-02  4.97725559E-04
5.35864617E-01  2.75823567E-02  4.87591780E-04
5.36163232E-01  2.70222668E-02  4.85569239E-04
5.36461847E-01  2.77272109E-02  4.91382496E-04
5.36760462E-01  2.72289217E-02  4.85998346E-04
5.37059077E-01  2.73872241E-02  4.86581324E-04
5.37357692E-01  2.74626706E-02  4.90483013E-04
5.37656307E-01  2.72517819E-02  4.84557473E-04
5.37954922E-01  2.75304150E-02  4.92794556E-04
5.38253537E-01  2.71685403E-02  4.80802642E-04
5.38552152E-01  2.73992885E-02  4.87411453E-04
5.38850767E-01  2.66406387E-02  4.82148927E-04
5.39149382E-01  2.75492668E-02  4.90545412E-04
5.39447997E-01  2.72006392E-02  4.85648285E-04
5.39746612E-01  2.74767671E-02  4.88944526E-04
5.40045227E-01  2.75886897E-02  4.88391030E-04
5.40343842E-01  2.77949013E-02  4.92736872E-04
5.40642457E-01  2.73131654E-02  4.86187229E-04
5.40941072E-01  2.70876139E-02  4.83707408E-04
5.41239687E-01  2.77704205E-02  4.94718610E-04
5.41538302E-01  2.77682338E-02  4.91184765E-04
5.41836917E-01  2.64049377E-02  4.78510541E-04
5.42135532E-01  2.80171875E-02  4.89574624E-04
5.42434147E-01  2.75691990E-02  4.89428348E-04
5.42732762E-01  2.75921952E-02  4.91076265E-04
5.43031377E-01  2.73564309E-02  4.90545470E-04
5.43329992E-01  2.81223133E-02  4.90737730E-04
5.43628607E-01  2.73008980E-02  4.87050333E-04
5.43927222E-01  2.76206098E-02  4.90495644E-04
5.44225837E-01  2.76091751E-02  4.90757055E-04
5.44524452E-01  2.80000251E-02  4.90624865E-04
5.44823067E-01  2.75769792E-02  4.89875325E-04
5.45121682E-01  2.72842459E-02  4.86675825E-04
5.45420297E-01  2.75197159E-02  4.89012455E-04
5.45718912E-01  2.67765094E-02  4.81075520E-04
5.46017527E-01  2.76236050E-02  4.89700178E-04
5.46316142E-01  2.72575729E-02  4.85736615E-04
5.46614757E-01  2.77473945E-02  4.93213942E-04
5.46913372E-01  2.76487581E-02  4.87320998E-04
5.47211987E-01  2.76207924E-02  4.89804312E-04
5.47510602E-01  2.73061562E-02  4.87843325E-04
5.47809217E-01  2.70206798E-02  4.83515352E-04
5.48107832E-01  2.83312816E-02  4.97653091E-04
5.48406447E-01  2.70388518E-02  4.83918033E-04
5.48705062E-01  2.75286715E-02  4.87099634E-04
5.49003677E-01  2.77670845E-02  4.93408064E-04
5.49302292E-01  2.78548039E-02  4.88680787E-04
5.49600907E-01  2.79019121E-02  4.93394968E-04
5.49899522E-01  2.71965675E-02  4.85575583E-04
5.50198137E-01  2.73480937E-02  4.88358841E-04
5.50496752E-01  2.70233732E-02  4.83795971E-04
5.50795367E-01  2.72461064E-02  4.84609802E-04
5.51093982E-01  2.74324454E-02  4.87924117E-04
5.51392597E-01  2.74411030E-02  4.89318045E-04
5.51691212E-01  2.69682650E-02  4.83429554E-04
5.51989827E-01  2.77647488E-02  4.90280101E-04
5.52288442E-01  2.77594347E-02  4.87984886E-04
5.52587057E-01  2.80051436E-02  4.91924293E-04
5.52885672E-01  2.80931927E-02  4.92938911E-04
5.53184287E-01  2.72541158E-02  4.83530079E-04
5.53482902E-01  2.77808420E-02  4.88890277E-04
5.53781517E-01  2.68569570E-02  4.81743977E-04
5.54080132E-01  2.73186117E-02  4.85515600E-04
5.54378747E-01  2.73511074E-02  4.81850322E-04
5.54677362E-01  2.77005844E-02  4.87251586E-04
5.54975977E-01  2.70519182E-02  4.83147014E-04
5.55274592E-01  2.77487766E-02  4.87797544E-04
5.55573207E-01  2.75499132E-02  4.80749295E-04
5.55871822E-01  2.75757108E-02  4.84530639E-04
5.56170437E-01  2.73196250E-02  4.83552110E-04
5.56469052E-01  2.66307592E-02  4.77994268E-04
5.56767667E-01  2.78541446E-02  4.86280333E-04
5.57066282E-01  2.66572852E-02  4.76402900E-04
5.57364897E-01  2.70525310E-02  4.76516288E-04
5.57663512E-01  2.69892979E-02  4.78907168E-04
5.57962127E-01  2.63966806E-02  4.72047162E-04
5.58260742E-01  2.69430336E-02  4.74440370E-04
5.58559357E-01  2.79820431E-02  4.88811231E-04
5.58857972E-01  2.70335060E-02  4.79767157E-04
5.59156587E-01  2.71610543E-02  4.76363115E-04
5.59455202E-01  2.75092665E-02  4.82247793E-04
5.59753817E-01  2.78033428E-02  4.82534058E-04
5.60052432E-01  2.77603976E-02  4.83759854E-04
5.60351047E-01  2.69499198E-02  4.75299108E-04
5.60649662E-01  2.64616683E-02  4.69101826E-04
5.60948277E-01  2.66446993E-02  4.71606065E-04
5.61246892E-01  2.80356668E-02  4.84671997E-04
5.61545507E-01  2.84750015E-02  4.87768732E-04
5.61844122E-01  2.76411772E-02  4.77780792E-04
5.62142737E-01  2.84940563E-02  4.89317055E-04
5.62441352E-01  2.69529633E-02  4.72568208E-04
5.62739967E-01  2.65930481E-02  4.68859362E-04
5.63038582E-01  2.71457471E-02  4.75145614E-04
5.63337197E-01  2.73166168E-02  4.75089560E-04
5.63635812E-01  2.64664143E-02  4.71264008E-04
5.63934427E-01  2.70847213E-02  4.72415908E-04
5.64233042E-01  2.75097154E-02  4.75011999E-04
5.64531657E-01  2.73481403E-02  4.75925801E-04
5.64830272E-01  2.67685149E-02  4.70420084E-04
5.65128887E-01  2.69471016E-02  4.72538057E-04
5.65427502E-01  2.73084529E-02  4.72736341E-04
5.65726117E-01  2.76054982E-02  4.76950343E-04
5.66024732E-01  2.74889451E-02  4.75504727E-04
5.66323347E-01  2.75813285E-02  4.76746296E-04
5.66621962E-01  2.76068542E-02  4.72828251E-04
5.66920577E-01  2.73340754E-02  4.74389788E-04
5.67219192E-01  2.75139976E-02  4.76723275E-04
5.67517807E-01  2.70843916E-02  4.72769869E-04
5.67816422E-01  2.72846166E-02  4.68686107E-04
5.68115037E-01  2.83621140E-02  4.81128605E-04
5.68413652E-01  2.80103590E-02  4.78687201E-04
5.68712267E-01  2.67671775E-02  4.67946229E-04
5.69010882E-01  2.82803643E-02  4.79672832E-04
5.69309497E-01  2.65271068E-02  4.64887300E-04
5.69608112E-01  2.70376503E-02  4.70095605E-04
5.69906727E-01  2.70767305E-02  4.69146966E-04
5.70205342E-01  2.69368943E-02  4.66025085E-04
5.70503957E-01  2.74447706E-02  4.74173401E-04
5.70802572E-01  2.73964796E-02  4.72563872E-04
5.71101187E-01  2.66014822E-02  4.66836384E-04
5.71399802E-01  2.67812107E-02  4.66059835E-04
5.71698417E-01  2.70543061E-02  4.69181192E-04
5.71997032E-01  2.77311746E-02  4.77202528E-04
5.72295647E-01  2.68401541E-02  4.68935439E-04
5.72594262E-01  2.65630409E-02  4.64590499E-04
5.72892877E-01  2.71542128E-02  4.66446072E-04
5.73191492E-01  2.69715786E-02  4.69657272E-04
5.73490107E-01  2.77453810E-02  4.77447000E-04
5.73788722E-01  2.75355671E-02  4.73136461E-04
5.74087337E-01  2.73687486E-02  4.73001157E-04
5.74385952E-01  2.81899013E-02  4.81263822E-04
5.74684567E-01  2.79438104E-02  4.78388945E-04
5.74983182E-01  2.69020032E-02  4.67031787E-04
5.75281797E-01  2.75624637E-02  4.71446052E-04
5.75580412E-01  2.71674544E-02  4.72138432E-04
5.75879027E-01  2.65696384E-02  4.65418299E-04
5.76177642E-01  2.79230867E-02  4.77894093E-04
5.76476257E-01  2.73493361E-02  4.70910774E-04
5.76774872E-01  2.70940047E-02  4.71075415E-04
5.77073487E-01  2.66070850E-02  4.66503872E-04
5.77372102E-01  2.72681005E-02  4.73244785E-04
5.77670717E-01  2.72083245E-02  4.69597901E-04
5.77969332E-01  2.73874868E-02  4.72760526E-04
5.78267947E-01  2.74810679E-02  4.74658882E-04
5.78566562E-01  2.70616114E-02  4.69944294E-04
5.78865177E-01  2.65046582E-02  4.63073840E-04
5.79163792E-01  2.69770864E-02  4.69753169E-04
5.79462407E-01  2.67972481E-02  4.67757636E-04
5.79761022E-01  2.75593903E-02  4.76224843E-04
5.80059637E-01  2.63772048E-02  4.61340212E-04
5.80358252E-01  2.63035204E-02  4.63754724E-04
5.80656867E-01  2.72383243E-02  4.73013031E-04
5.80955482E-01  2.66307443E-02  4.67710168E-04


### HEADER:
#
#{
#    "analysis": {},
#    "calibration_params": {
#        "Beam_Center_X": 1061.0,
#        "Beam_Center_Y": 2093.0,
#        "Detector Tilt": 0.0,
#        "Detector Tilt Plane Rotation": 0.0,
#        "Detector_X_Pixel_Size": 75.0,
#        "Detector_Y_Pixel_Size": 75.0,
#        "Integration Method": "nosplit_csr",
#        "Radial_Average_Method": "pyFAI",
#        "Sample-to-detector distance (mm)": 1782.0,
#        "Wavelength (A)": 0.8823505857220345
#    },
#    "config_file": "/Users/jwinnikoff/Documents/MBARI/SAXS/HPSAXS_7A_Feb2023/HPSAXS_02_19_23.cfg",
#    "counters": {
#        "Epoch": "237.218",
#        "I1": "0",
#        "I2": "0",
#        "I3": "0",
#        "Seconds": "1",
#        "Time": "2.28882e-05",
#        "date": "Mon Feb 20 20:23:09 2023",
#        "diode": "44024"
#    },
#    "filename": "JWL0312_04-80C_000MPa_rh_19_data_000001_00001.h5",
#    "history": {},
#    "imageHeader": {},
#    "load_path": "/Users/jwinnikoff/Documents/MBARI/SAXS/HPSAXS_7A_Feb2023/JWL0312_BL21_pPlsAR/JWL0312_04-80C_000MPa_rh_19_data_000001.h5",
#    "normalizations": {
#        "Absolute_scale": {
#            "Absolute_scale_factor": 0.005174693841759343,
#            "Method": "Water"
#        },
#        "Counter_norms": [
#            [
#                "/",
#                "diode/150000"
#            ]
#        ],
#        "Polarization": {
#            "Used": false
#        },
#        "Solid_Angle_Correction": "On"
#    },
#    "raw_version": "2.1.4"
#}

