### DATA:
#
# 1908
#      Q             I(Q)           Error     
1.14966775E-02  0.00000000E+00  0.00000000E+00
1.17952925E-02  1.16624618E+00  3.86606865E-02
1.20939075E-02  1.14253700E+00  2.70579308E-02
1.23925225E-02  1.08123446E+00  2.14918517E-02
1.26911375E-02  9.47245777E-01  1.88958496E-02
1.29897525E-02  8.90349209E-01  1.78034250E-02
1.32883675E-02  8.34019661E-01  1.65550504E-02
1.35869825E-02  7.63887763E-01  1.50888190E-02
1.38855975E-02  6.88397527E-01  1.34182647E-02
1.41842125E-02  6.74607933E-01  1.35628702E-02
1.44828275E-02  6.26644969E-01  1.29349586E-02
1.47814425E-02  5.57115614E-01  1.18321180E-02
1.50800575E-02  5.26618004E-01  1.10774925E-02
1.53786725E-02  5.09949923E-01  1.02669857E-02
1.56772875E-02  4.76920724E-01  1.00099817E-02
1.59759025E-02  4.51670170E-01  9.09362081E-03
1.62745175E-02  4.22035992E-01  8.66729766E-03
1.65731325E-02  3.88323069E-01  8.43185000E-03
1.68717475E-02  3.88493031E-01  7.74511555E-03
1.71703625E-02  3.53207588E-01  7.76890432E-03
1.74689775E-02  3.39040250E-01  7.02683488E-03
1.77675925E-02  3.14624727E-01  6.65658154E-03
1.80662075E-02  3.06667656E-01  6.84021832E-03
1.83648225E-02  2.86017865E-01  5.93684334E-03
1.86634375E-02  2.86673009E-01  6.21881103E-03
1.89620525E-02  2.75004476E-01  5.73923253E-03
1.92606675E-02  2.53731728E-01  5.59173571E-03
1.95592825E-02  2.34457105E-01  5.42759662E-03
1.98578975E-02  2.29610801E-01  4.97277407E-03
2.01565125E-02  2.21335649E-01  5.05522313E-03
2.04551275E-02  2.11870804E-01  4.64222813E-03
2.07537425E-02  2.02240393E-01  4.43121931E-03
2.10523575E-02  1.93452418E-01  4.09291359E-03
2.13509725E-02  1.89188734E-01  3.79900122E-03
2.16495875E-02  1.78059205E-01  3.67464498E-03
2.19482025E-02  1.71942860E-01  3.34453373E-03
2.22468175E-02  1.74013153E-01  3.51990946E-03
2.25454325E-02  1.65530413E-01  3.14853690E-03
2.28440475E-02  1.56431034E-01  3.13489675E-03
2.31426625E-02  1.52973205E-01  2.99200672E-03
2.34412775E-02  1.45248532E-01  2.80258479E-03
2.37398925E-02  1.39054164E-01  2.84614996E-03
2.40385075E-02  1.39947236E-01  2.68385909E-03
2.43371225E-02  1.32587060E-01  2.61233095E-03
2.46357375E-02  1.28703743E-01  2.64372933E-03
2.49343525E-02  1.27964333E-01  2.50669615E-03
2.52329675E-02  1.21130884E-01  2.55935686E-03
2.55315825E-02  1.10787943E-01  2.29320070E-03
2.58301975E-02  1.14336818E-01  2.34269211E-03
2.61288125E-02  1.09962113E-01  2.37426627E-03
2.64274275E-02  1.09858736E-01  2.22265907E-03
2.67260425E-02  1.08263709E-01  2.32355506E-03
2.70246575E-02  1.02835111E-01  2.12087505E-03
2.73232725E-02  1.02342553E-01  2.18393700E-03
2.76218875E-02  9.82569829E-02  2.17172317E-03
2.79205025E-02  9.48304906E-02  2.05426407E-03
2.82191175E-02  9.37345996E-02  2.03530537E-03
2.85177325E-02  9.61638242E-02  2.02686107E-03
2.88163475E-02  9.04856771E-02  2.02788925E-03
2.91149625E-02  9.04846564E-02  1.96938589E-03
2.94135775E-02  8.43521580E-02  1.87960442E-03
2.97121925E-02  8.37096199E-02  1.88792020E-03
3.00108075E-02  8.67281258E-02  1.85793848E-03
3.03094225E-02  7.99382478E-02  1.86357007E-03
3.06080375E-02  7.92976543E-02  1.79619889E-03
3.09066525E-02  7.94287995E-02  1.77254039E-03
3.12052675E-02  7.38717765E-02  1.76185078E-03
3.15038825E-02  7.78209791E-02  1.73063751E-03
3.18024975E-02  7.40007833E-02  1.71355053E-03
3.21011125E-02  7.12136552E-02  1.62649306E-03
3.23997275E-02  7.20033050E-02  1.59222994E-03
3.26983425E-02  7.13127330E-02  1.59779994E-03
3.29969575E-02  6.88114464E-02  1.48299150E-03
3.32955725E-02  6.89393282E-02  1.48436928E-03
3.35941875E-02  6.77721873E-02  1.40341860E-03
3.38928025E-02  6.79940283E-02  1.44733686E-03
3.41914175E-02  6.83148429E-02  1.40743202E-03
3.44900325E-02  6.64558932E-02  1.37882424E-03
3.47886474E-02  6.59044906E-02  1.34921086E-03
3.50872624E-02  6.42410666E-02  1.30696595E-03
3.53858774E-02  6.18464909E-02  1.32278726E-03
3.56844924E-02  6.17537424E-02  1.27091142E-03
3.59831074E-02  5.91522902E-02  1.22282305E-03
3.62817224E-02  5.98626435E-02  1.26033602E-03
3.65803374E-02  5.97680546E-02  1.22077356E-03
3.68789524E-02  6.02715015E-02  1.26725994E-03
3.71775674E-02  6.09031506E-02  1.24447735E-03
3.74761824E-02  5.84927574E-02  1.18707388E-03
3.77747974E-02  5.92909530E-02  1.20080251E-03
3.80734124E-02  5.68491630E-02  1.15729857E-03
3.83720274E-02  5.88800348E-02  1.21641543E-03
3.86706424E-02  5.67388199E-02  1.13750971E-03
3.89692574E-02  5.64164035E-02  1.16801390E-03
3.92678724E-02  5.83613738E-02  1.19704613E-03
3.95664874E-02  5.50513603E-02  1.12046790E-03
3.98651024E-02  5.49439192E-02  1.12037163E-03
4.01637174E-02  5.63481860E-02  1.11586030E-03
4.04623324E-02  5.58854453E-02  1.15062750E-03
4.07609474E-02  5.31409122E-02  1.08270615E-03
4.10595624E-02  5.47801033E-02  1.12170505E-03
4.13581774E-02  5.36565855E-02  1.08982495E-03
4.16567924E-02  5.45604378E-02  1.07687409E-03
4.19554074E-02  5.53133376E-02  1.11522456E-03
4.22540224E-02  5.22842966E-02  1.07579946E-03
4.25526374E-02  5.18907681E-02  1.05723541E-03
4.28512524E-02  5.36733046E-02  1.07887399E-03
4.31498674E-02  5.24525009E-02  1.05412200E-03
4.34484824E-02  5.24600223E-02  1.08703552E-03
4.37470974E-02  5.03994338E-02  1.01988879E-03
4.40457124E-02  5.01617752E-02  1.02243305E-03
4.43443274E-02  5.01405522E-02  1.04188512E-03
4.46429424E-02  5.01897000E-02  1.01940858E-03
4.49415574E-02  5.09355217E-02  1.06000714E-03
4.52401724E-02  5.19314669E-02  1.02299475E-03
4.55387874E-02  5.09335957E-02  1.02943426E-03
4.58374024E-02  5.14537953E-02  1.03467831E-03
4.61360174E-02  5.05994670E-02  1.01138267E-03
4.64346324E-02  4.93966490E-02  1.01875840E-03
4.67332474E-02  4.96892296E-02  9.89833148E-04
4.70318624E-02  5.22702970E-02  1.04540598E-03
4.73304774E-02  4.76491340E-02  9.92474961E-04
4.76290924E-02  4.79982346E-02  9.75098694E-04
4.79277074E-02  5.08559197E-02  9.97558469E-04
4.82263224E-02  5.00122309E-02  9.82522499E-04
4.85249374E-02  5.00570238E-02  1.01316720E-03
4.88235524E-02  4.94137108E-02  9.81815392E-04
4.91221674E-02  4.92818616E-02  9.74589493E-04
4.94207824E-02  5.01842275E-02  9.93990689E-04
4.97193974E-02  5.00518829E-02  9.74872266E-04
5.00180124E-02  4.97427732E-02  9.98858945E-04
5.03166274E-02  5.01880795E-02  9.74755560E-04
5.06152424E-02  4.98008281E-02  9.73869348E-04
5.09138574E-02  4.90628667E-02  9.78326774E-04
5.12124724E-02  4.81232293E-02  9.43411374E-04
5.15110874E-02  4.89300750E-02  9.68200795E-04
5.18097024E-02  4.88491468E-02  9.53256211E-04
5.21083174E-02  5.09150513E-02  9.71795816E-04
5.24069324E-02  4.86112647E-02  9.50243848E-04
5.27055474E-02  5.13959192E-02  9.70771653E-04
5.30041624E-02  4.93822135E-02  9.69771238E-04
5.33027774E-02  4.84133959E-02  9.38166631E-04
5.36013924E-02  5.02011627E-02  9.60798818E-04
5.39000074E-02  4.94900979E-02  9.37958655E-04
5.41986224E-02  4.91039045E-02  9.52979957E-04
5.44972374E-02  5.03665209E-02  9.52859293E-04
5.47958524E-02  4.98102196E-02  9.40988655E-04
5.50944674E-02  4.99660857E-02  9.57176613E-04
5.53930824E-02  5.10400683E-02  9.45997832E-04
5.56916974E-02  5.02100885E-02  9.33182775E-04
5.59903124E-02  4.92795706E-02  9.43852181E-04
5.62889274E-02  4.99016978E-02  9.29057132E-04
5.65875424E-02  5.04794680E-02  9.51258233E-04
5.68861574E-02  5.13893403E-02  9.42804618E-04
5.71847724E-02  5.03296442E-02  9.26800945E-04
5.74833874E-02  5.03441393E-02  9.36969649E-04
5.77820024E-02  5.22386357E-02  9.42960265E-04
5.80806174E-02  5.26449233E-02  9.70094057E-04
5.83792324E-02  5.22327162E-02  9.31836024E-04
5.86778474E-02  5.17490022E-02  9.42293787E-04
5.89764624E-02  5.33376075E-02  9.67061089E-04
5.92750774E-02  5.13978191E-02  9.10873699E-04
5.95736924E-02  5.23153879E-02  9.47437831E-04
5.98723074E-02  5.27825020E-02  9.31907445E-04
6.01709224E-02  5.36320694E-02  9.38174257E-04
6.04695374E-02  5.41642047E-02  9.57646524E-04
6.07681524E-02  5.30763008E-02  9.38118726E-04
6.10667674E-02  5.34135923E-02  9.46003303E-04
6.13653824E-02  5.37813120E-02  9.27677727E-04
6.16639974E-02  5.47319204E-02  9.47747729E-04
6.19626124E-02  5.58597073E-02  9.58691293E-04
6.22612274E-02  5.49132116E-02  9.32744239E-04
6.25598424E-02  5.52054457E-02  9.55517753E-04
6.28584574E-02  5.63258715E-02  9.49372363E-04
6.31570724E-02  5.88262640E-02  9.78807802E-04
6.34556874E-02  5.78400940E-02  9.44524771E-04
6.37543024E-02  5.69573306E-02  9.49948735E-04
6.40529174E-02  5.99502251E-02  9.88115906E-04
6.43515324E-02  5.83677813E-02  9.56334989E-04
6.46501474E-02  5.83650507E-02  9.76829440E-04
6.49487624E-02  5.96124604E-02  9.50912945E-04
6.52473774E-02  6.00307174E-02  9.62248188E-04
6.55459924E-02  6.04927689E-02  9.76579380E-04
6.58446074E-02  6.07095174E-02  9.67674365E-04
6.61432224E-02  6.36302829E-02  1.00158597E-03
6.64418374E-02  6.30231798E-02  9.72006063E-04
6.67404524E-02  6.22257851E-02  9.78508964E-04
6.70390674E-02  6.48800656E-02  1.00399391E-03
6.73376824E-02  6.60619885E-02  9.86549421E-04
6.76362974E-02  6.64998591E-02  1.01399538E-03
6.79349124E-02  6.65568411E-02  9.91950394E-04
6.82335274E-02  6.53023198E-02  9.89429071E-04
6.85321424E-02  6.65902197E-02  1.01103378E-03
6.88307574E-02  6.95898756E-02  1.01313449E-03
6.91293724E-02  6.99725077E-02  1.03146420E-03
6.94279874E-02  6.99974895E-02  1.00687158E-03
6.97266024E-02  7.04447776E-02  1.02765206E-03
7.00252174E-02  7.30122030E-02  1.03775028E-03
7.03238324E-02  7.55998343E-02  1.04757550E-03
7.06224474E-02  7.45731592E-02  1.05610339E-03
7.09210624E-02  7.66877383E-02  1.05748535E-03
7.12196774E-02  7.67904371E-02  1.05579430E-03
7.15182924E-02  7.82398283E-02  1.04236417E-03
7.18169074E-02  7.96168149E-02  1.07995339E-03
7.21155224E-02  8.00494775E-02  1.07919076E-03
7.24141374E-02  8.26037675E-02  1.09010481E-03
7.27127524E-02  8.54332745E-02  1.10367488E-03
7.30113674E-02  8.52745622E-02  1.09416328E-03
7.33099824E-02  8.81920978E-02  1.11886836E-03
7.36085974E-02  9.20687616E-02  1.14701281E-03
7.39072124E-02  9.36767533E-02  1.13566348E-03
7.42058274E-02  9.32708681E-02  1.15706073E-03
7.45044424E-02  9.68620777E-02  1.15855108E-03
7.48030574E-02  9.71665904E-02  1.16797234E-03
7.51016724E-02  9.89715904E-02  1.17748254E-03
7.54002874E-02  1.03995301E-01  1.18768425E-03
7.56989024E-02  1.04242861E-01  1.20975683E-03
7.59975174E-02  1.10414468E-01  1.22508931E-03
7.62961324E-02  1.11764602E-01  1.23649754E-03
7.65947474E-02  1.16667479E-01  1.25930307E-03
7.68933624E-02  1.18768163E-01  1.27194019E-03
7.71919774E-02  1.22098990E-01  1.30358094E-03
7.74905924E-02  1.26983196E-01  1.30008592E-03
7.77892074E-02  1.29973978E-01  1.32358039E-03
7.80878224E-02  1.37447163E-01  1.34979351E-03
7.83864374E-02  1.40761986E-01  1.36386009E-03
7.86850524E-02  1.46037221E-01  1.41192705E-03
7.89836674E-02  1.51342660E-01  1.41932257E-03
7.92822824E-02  1.57576397E-01  1.43637601E-03
7.95808974E-02  1.66058570E-01  1.46115827E-03
7.98795124E-02  1.74135834E-01  1.52563024E-03
8.01781274E-02  1.80665642E-01  1.56710017E-03
8.04767424E-02  1.88801974E-01  1.56114681E-03
8.07753574E-02  1.98967084E-01  1.61901035E-03
8.10739724E-02  2.08958104E-01  1.64071750E-03
8.13725874E-02  2.16812849E-01  1.66459312E-03
8.16712024E-02  2.38981366E-01  1.77618733E-03
8.19698174E-02  2.48423576E-01  1.76431146E-03
8.22684324E-02  2.62770772E-01  1.85298116E-03
8.25670474E-02  2.79110014E-01  1.88678317E-03
8.28656624E-02  3.02365184E-01  1.97763741E-03
8.31642774E-02  3.24310839E-01  2.01981491E-03
8.34628924E-02  3.47712308E-01  2.09347508E-03
8.37615074E-02  3.76632690E-01  2.21166341E-03
8.40601224E-02  4.11226511E-01  2.26335018E-03
8.43587374E-02  4.50783104E-01  2.37897667E-03
8.46573524E-02  4.93831456E-01  2.47787614E-03
8.49559674E-02  5.44997394E-01  2.62093730E-03
8.52545824E-02  6.04220212E-01  2.76511442E-03
8.55531974E-02  6.70877516E-01  2.86595128E-03
8.58518124E-02  7.64507234E-01  3.07413028E-03
8.61504274E-02  8.64478350E-01  3.23482114E-03
8.64490424E-02  9.83586133E-01  3.50724254E-03
8.67476574E-02  1.12101889E+00  3.73697886E-03
8.70462724E-02  1.29094303E+00  3.94370966E-03
8.73448874E-02  1.50638437E+00  4.29249508E-03
8.76435024E-02  1.73872149E+00  4.56613768E-03
8.79421174E-02  2.02457309E+00  5.00748632E-03
8.82407324E-02  2.36240602E+00  5.38838562E-03
8.85393474E-02  2.73906803E+00  5.72038721E-03
8.88379624E-02  3.18329048E+00  6.21333625E-03
8.91365774E-02  3.66871977E+00  6.58365339E-03
8.94351924E-02  4.17603827E+00  7.07649626E-03
8.97338074E-02  4.66275644E+00  7.43590342E-03
9.00324224E-02  5.12100792E+00  7.77120795E-03
9.03310374E-02  5.52200556E+00  8.16032942E-03
9.06296524E-02  5.78184223E+00  8.24983884E-03
9.09282674E-02  5.87996101E+00  8.31192173E-03
9.12268824E-02  5.82189560E+00  8.25566612E-03
9.15254974E-02  5.57411003E+00  8.04872997E-03
9.18241124E-02  5.17953682E+00  7.87369162E-03
9.21227274E-02  4.68920135E+00  7.42275454E-03
9.24213424E-02  4.11643410E+00  6.83662854E-03
9.27199574E-02  3.52841926E+00  6.38635503E-03
9.30185724E-02  2.97170401E+00  5.87152224E-03
9.33171874E-02  2.50325966E+00  5.44337416E-03
9.36158024E-02  2.05930281E+00  4.76841209E-03
9.39144174E-02  1.70045364E+00  4.44554305E-03
9.42130324E-02  1.42246032E+00  4.04401869E-03
9.45116474E-02  1.18652475E+00  3.67699494E-03
9.48102624E-02  1.00260305E+00  3.39514506E-03
9.51088774E-02  8.51236999E-01  3.06842243E-03
9.54074924E-02  7.37205684E-01  2.89320596E-03
9.57061074E-02  6.42829180E-01  2.69452506E-03
9.60047224E-02  5.63405752E-01  2.52480828E-03
9.63033374E-02  4.99832749E-01  2.35534459E-03
9.66019524E-02  4.50091362E-01  2.24678079E-03
9.69005674E-02  4.05400932E-01  2.12674867E-03
9.71991824E-02  3.73294860E-01  2.03549117E-03
9.74977974E-02  3.39886099E-01  1.93558133E-03
9.77964124E-02  3.15538377E-01  1.85858575E-03
9.80950274E-02  2.92140037E-01  1.80069380E-03
9.83936424E-02  2.73231089E-01  1.74219941E-03
9.86922574E-02  2.54937887E-01  1.68141280E-03
9.89908724E-02  2.40184814E-01  1.61467190E-03
9.92894874E-02  2.26166248E-01  1.56222121E-03
9.95881024E-02  2.15750888E-01  1.53817690E-03
9.98867174E-02  2.03899339E-01  1.50047720E-03
1.00185332E-01  1.92780018E-01  1.42620143E-03
1.00483947E-01  1.87872931E-01  1.43048156E-03
1.00782562E-01  1.79475665E-01  1.38123601E-03
1.01081177E-01  1.68218061E-01  1.35072437E-03
1.01379792E-01  1.65311083E-01  1.33393495E-03
1.01678407E-01  1.59241006E-01  1.29515608E-03
1.01977022E-01  1.53783560E-01  1.28658768E-03
1.02275637E-01  1.47573069E-01  1.26034196E-03
1.02574252E-01  1.44967601E-01  1.24395615E-03
1.02872867E-01  1.39806375E-01  1.20860036E-03
1.03171482E-01  1.36825308E-01  1.19467336E-03
1.03470097E-01  1.32992059E-01  1.17974216E-03
1.03768712E-01  1.29467353E-01  1.17460010E-03
1.04067327E-01  1.26492873E-01  1.14036235E-03
1.04365942E-01  1.21489979E-01  1.13034726E-03
1.04664557E-01  1.21301696E-01  1.12854654E-03
1.04963172E-01  1.20584719E-01  1.11700408E-03
1.05261787E-01  1.15993805E-01  1.09819777E-03
1.05560402E-01  1.12814531E-01  1.07180246E-03
1.05859017E-01  1.10825323E-01  1.07607548E-03
1.06157632E-01  1.11977436E-01  1.07467116E-03
1.06456247E-01  1.08409047E-01  1.05741026E-03
1.06754862E-01  1.07979387E-01  1.04280456E-03
1.07053477E-01  1.05223425E-01  1.03594270E-03
1.07352092E-01  1.05845764E-01  1.03900267E-03
1.07650707E-01  1.02326915E-01  1.02240045E-03
1.07949322E-01  1.01503037E-01  1.01665838E-03
1.08247937E-01  9.99595672E-02  1.00809953E-03
1.08546552E-01  9.88526568E-02  1.00650219E-03
1.08845167E-01  1.00916728E-01  1.00030378E-03
1.09143782E-01  9.70002487E-02  9.92281246E-04
1.09442397E-01  9.55143049E-02  9.72410839E-04
1.09741012E-01  9.50821787E-02  9.73220333E-04
1.10039627E-01  9.30316001E-02  9.70237888E-04
1.10338242E-01  9.38701108E-02  9.68505396E-04
1.10636857E-01  9.21612158E-02  9.47901804E-04
1.10935472E-01  9.21090543E-02  9.46914661E-04
1.11234087E-01  9.13103372E-02  9.51510796E-04
1.11532702E-01  9.12783965E-02  9.50610382E-04
1.11831317E-01  8.83826762E-02  9.30395501E-04
1.12129932E-01  8.81416723E-02  9.30906623E-04
1.12428547E-01  8.72294158E-02  9.25722765E-04
1.12727162E-01  8.90431628E-02  9.31381248E-04
1.13025777E-01  8.80923793E-02  9.25342145E-04
1.13324392E-01  8.56555104E-02  9.11074167E-04
1.13623007E-01  8.59875083E-02  9.14916047E-04
1.13921622E-01  8.59234631E-02  9.15271405E-04
1.14220237E-01  8.57204795E-02  9.05284774E-04
1.14518852E-01  8.15527812E-02  8.75848986E-04
1.14817467E-01  8.40272903E-02  9.01696621E-04
1.15116082E-01  8.29443187E-02  8.95192672E-04
1.15414697E-01  8.50257650E-02  9.02285683E-04
1.15713312E-01  8.34439695E-02  8.85300455E-04
1.16011927E-01  8.29339921E-02  8.85842717E-04
1.16310542E-01  8.12219456E-02  8.84520879E-04
1.16609157E-01  8.13063979E-02  8.75173486E-04
1.16907772E-01  8.06936696E-02  8.75091297E-04
1.17206387E-01  8.05504471E-02  8.70777469E-04
1.17505002E-01  8.19284320E-02  8.72765144E-04
1.17803617E-01  8.10799226E-02  8.77835904E-04
1.18102232E-01  8.01903233E-02  8.64714500E-04
1.18400847E-01  7.99194649E-02  8.64512171E-04
1.18699462E-01  7.90220499E-02  8.57770676E-04
1.18998077E-01  7.85995796E-02  8.47511808E-04
1.19296692E-01  7.89203495E-02  8.65429640E-04
1.19595307E-01  8.02312642E-02  8.56876315E-04
1.19893922E-01  7.95794725E-02  8.51568009E-04
1.20192537E-01  7.78603628E-02  8.52065859E-04
1.20491152E-01  7.81150609E-02  8.41309782E-04
1.20789767E-01  7.99189582E-02  8.58896878E-04
1.21088382E-01  7.84470811E-02  8.49729171E-04
1.21386997E-01  7.88132623E-02  8.45064002E-04
1.21685612E-01  7.88487047E-02  8.53129197E-04
1.21984227E-01  7.78219253E-02  8.42118170E-04
1.22282842E-01  7.93460011E-02  8.44345312E-04
1.22581457E-01  7.82583356E-02  8.32723978E-04
1.22880072E-01  7.74066374E-02  8.42871610E-04
1.23178687E-01  7.92001337E-02  8.44756432E-04
1.23477302E-01  7.77814761E-02  8.39520537E-04
1.23775917E-01  7.93632567E-02  8.38006672E-04
1.24074532E-01  7.97362104E-02  8.48209544E-04
1.24373147E-01  7.74070993E-02  8.34556704E-04
1.24671762E-01  7.82116801E-02  8.34213395E-04
1.24970377E-01  7.96028674E-02  8.39274435E-04
1.25268992E-01  7.86779597E-02  8.33236030E-04
1.25567607E-01  7.83730298E-02  8.27643031E-04
1.25866222E-01  7.87627697E-02  8.43021669E-04
1.26164837E-01  7.91020542E-02  8.35481449E-04
1.26463452E-01  7.99030885E-02  8.35685700E-04
1.26762067E-01  7.87733644E-02  8.33172526E-04
1.27060682E-01  7.92893171E-02  8.33609025E-04
1.27359297E-01  7.75278807E-02  8.36685940E-04
1.27657912E-01  7.78276622E-02  8.18649190E-04
1.27956527E-01  7.86696821E-02  8.26683361E-04
1.28255142E-01  7.99727365E-02  8.39496031E-04
1.28553757E-01  7.92383924E-02  8.21090187E-04
1.28852372E-01  8.03720504E-02  8.30256147E-04
1.29150987E-01  8.02092776E-02  8.29415920E-04
1.29449602E-01  7.78707266E-02  8.22201022E-04
1.29748217E-01  7.94128105E-02  8.29741592E-04
1.30046832E-01  7.88188800E-02  8.20007408E-04
1.30345447E-01  8.01668316E-02  8.24798306E-04
1.30644062E-01  7.96591341E-02  8.21097288E-04
1.30942677E-01  8.09877217E-02  8.33994767E-04
1.31241292E-01  8.01334158E-02  8.26820964E-04
1.31539907E-01  8.19316730E-02  8.31632933E-04
1.31838522E-01  8.01891759E-02  8.26560718E-04
1.32137137E-01  8.14547166E-02  8.40633234E-04
1.32435752E-01  8.11200514E-02  8.49902397E-04
1.32734367E-01  8.36926922E-02  8.62078567E-04
1.33032982E-01  8.28478187E-02  8.66768300E-04
1.33331597E-01  8.31019208E-02  8.68097588E-04
1.33630212E-01  8.36579278E-02  8.74717371E-04
1.33928827E-01  8.53554085E-02  8.97087506E-04
1.34227442E-01  8.42812210E-02  8.69942538E-04
1.34526057E-01  8.39363560E-02  8.85702262E-04
1.34824672E-01  8.47798809E-02  8.96702404E-04
1.35123287E-01  8.57287869E-02  8.96419049E-04
1.35421902E-01  8.75651762E-02  9.14023549E-04
1.35720517E-01  8.63204077E-02  8.98196828E-04
1.36019132E-01  8.70094597E-02  9.17976547E-04
1.36317747E-01  8.80504772E-02  9.14517150E-04
1.36616362E-01  8.73620212E-02  9.08248825E-04
1.36914977E-01  8.87274593E-02  9.25601227E-04
1.37213592E-01  8.90151039E-02  9.28500900E-04
1.37512207E-01  9.11540091E-02  9.48954781E-04
1.37810822E-01  9.08944383E-02  9.38253419E-04
1.38109437E-01  9.14176553E-02  9.40951169E-04
1.38408052E-01  9.32065919E-02  9.53722862E-04
1.38706667E-01  9.36637819E-02  9.58250544E-04
1.39005282E-01  9.39296931E-02  9.70049936E-04
1.39303897E-01  9.34206545E-02  9.48347501E-04
1.39602512E-01  9.62542444E-02  9.81216086E-04
1.39901127E-01  9.51673463E-02  9.74143040E-04
1.40199742E-01  9.80715156E-02  9.84314480E-04
1.40498357E-01  9.77135301E-02  9.92898596E-04
1.40796972E-01  1.00896724E-01  9.95712937E-04
1.41095587E-01  9.97352153E-02  1.00430602E-03
1.41394202E-01  1.03805788E-01  1.01819320E-03
1.41692817E-01  1.02304451E-01  1.01716199E-03
1.41991432E-01  1.05308317E-01  1.03198818E-03
1.42290047E-01  1.06118090E-01  1.02867407E-03
1.42588662E-01  1.09000169E-01  1.05661200E-03
1.42887277E-01  1.10165298E-01  1.05635577E-03
1.43185892E-01  1.10852793E-01  1.05631584E-03
1.43484507E-01  1.15382135E-01  1.08624122E-03
1.43783122E-01  1.15232065E-01  1.07655919E-03
1.44081737E-01  1.17417425E-01  1.09014637E-03
1.44380352E-01  1.19097538E-01  1.08893227E-03
1.44678967E-01  1.24829784E-01  1.10248884E-03
1.44977582E-01  1.23700134E-01  1.11937802E-03
1.45276197E-01  1.28454775E-01  1.12394593E-03
1.45574812E-01  1.29466787E-01  1.14157412E-03
1.45873427E-01  1.32004604E-01  1.12606667E-03
1.46172042E-01  1.36493132E-01  1.15328922E-03
1.46470657E-01  1.40275329E-01  1.18317886E-03
1.46769272E-01  1.43237144E-01  1.18144031E-03
1.47067887E-01  1.47942096E-01  1.19796081E-03
1.47366502E-01  1.52736172E-01  1.21127663E-03
1.47665117E-01  1.58976555E-01  1.23763073E-03
1.47963732E-01  1.63244128E-01  1.26851117E-03
1.48262347E-01  1.69522271E-01  1.27898552E-03
1.48560962E-01  1.76112682E-01  1.30557746E-03
1.48859577E-01  1.84608787E-01  1.31890341E-03
1.49158192E-01  1.92825660E-01  1.37602794E-03
1.49456807E-01  1.99817523E-01  1.38442067E-03
1.49755422E-01  2.11582586E-01  1.42088172E-03
1.50054037E-01  2.18497634E-01  1.45313528E-03
1.50352652E-01  2.34269306E-01  1.48575555E-03
1.50651267E-01  2.48181626E-01  1.55104429E-03
1.50949882E-01  2.59355158E-01  1.56099314E-03
1.51248497E-01  2.75907308E-01  1.61775853E-03
1.51547112E-01  2.94287056E-01  1.69994566E-03
1.51845727E-01  3.15216213E-01  1.70844502E-03
1.52144342E-01  3.36434722E-01  1.80863205E-03
1.52442957E-01  3.56399000E-01  1.80622551E-03
1.52741572E-01  3.88057500E-01  1.91223994E-03
1.53040187E-01  4.18843955E-01  2.01497739E-03
1.53338802E-01  4.47330832E-01  2.04039551E-03
1.53637417E-01  4.89258617E-01  2.15989794E-03
1.53936032E-01  5.22289872E-01  2.19915924E-03
1.54234647E-01  5.64033508E-01  2.29032245E-03
1.54533262E-01  6.12429559E-01  2.42375815E-03
1.54831877E-01  6.53446555E-01  2.46877316E-03
1.55130492E-01  7.02688396E-01  2.56383908E-03
1.55429107E-01  7.55157530E-01  2.64341827E-03
1.55727722E-01  8.01522315E-01  2.75028311E-03
1.56026337E-01  8.53468895E-01  2.82145035E-03
1.56324952E-01  8.95468652E-01  2.88063125E-03
1.56623567E-01  9.37088549E-01  2.98038591E-03
1.56922182E-01  9.57579553E-01  2.96922820E-03
1.57220797E-01  9.87002313E-01  3.05535411E-03
1.57519412E-01  9.97518361E-01  3.03379307E-03
1.57818027E-01  1.00495136E+00  3.04289116E-03
1.58116642E-01  9.93399203E-01  3.06638284E-03
1.58415257E-01  9.65964973E-01  2.98329233E-03
1.58713872E-01  9.30357397E-01  2.95552681E-03
1.59012487E-01  8.86870205E-01  2.84428638E-03
1.59311102E-01  8.37858319E-01  2.80682067E-03
1.59609717E-01  7.90103674E-01  2.73067155E-03
1.59908332E-01  7.30380118E-01  2.56482209E-03
1.60206947E-01  6.71137631E-01  2.48314161E-03
1.60505562E-01  6.15243375E-01  2.37749587E-03
1.60804177E-01  5.57801008E-01  2.26136367E-03
1.61102792E-01  5.04990637E-01  2.15242640E-03
1.61401407E-01  4.59996372E-01  2.04626820E-03
1.61700022E-01  4.15434688E-01  1.94187730E-03
1.61998637E-01  3.74555081E-01  1.84779125E-03
1.62297252E-01  3.39672863E-01  1.76783523E-03
1.62595867E-01  3.11109930E-01  1.69066514E-03
1.62894482E-01  2.84334451E-01  1.59806572E-03
1.63193097E-01  2.59080291E-01  1.54783111E-03
1.63491712E-01  2.38926306E-01  1.46184943E-03
1.63790327E-01  2.22997323E-01  1.43445947E-03
1.64088942E-01  2.10595205E-01  1.37053861E-03
1.64387557E-01  1.99103296E-01  1.34293409E-03
1.64686172E-01  1.87448770E-01  1.31849339E-03
1.64984787E-01  1.77741632E-01  1.26086443E-03
1.65283402E-01  1.69548601E-01  1.23926590E-03
1.65582017E-01  1.60541743E-01  1.19581062E-03
1.65880632E-01  1.57472178E-01  1.18929090E-03
1.66179247E-01  1.50967076E-01  1.17396156E-03
1.66477862E-01  1.48031175E-01  1.14628929E-03
1.66776477E-01  1.42038703E-01  1.13269081E-03
1.67075092E-01  1.41498893E-01  1.13293412E-03
1.67373707E-01  1.37900263E-01  1.11489405E-03
1.67672322E-01  1.34394735E-01  1.09986111E-03
1.67970937E-01  1.32593915E-01  1.08226412E-03
1.68269552E-01  1.31200910E-01  1.08519488E-03
1.68568167E-01  1.29629761E-01  1.06789777E-03
1.68866782E-01  1.26980260E-01  1.07248989E-03
1.69165397E-01  1.26295656E-01  1.06138294E-03
1.69464012E-01  1.26628742E-01  1.05619337E-03
1.69762627E-01  1.26161158E-01  1.06118992E-03
1.70061242E-01  1.25351697E-01  1.05412025E-03
1.70359857E-01  1.27660692E-01  1.07612787E-03
1.70658472E-01  1.28303856E-01  1.05953054E-03
1.70957087E-01  1.25677422E-01  1.05258799E-03
1.71255702E-01  1.30690500E-01  1.08652504E-03
1.71554317E-01  1.32473752E-01  1.06934563E-03
1.71852932E-01  1.32917896E-01  1.08472782E-03
1.72151547E-01  1.34029359E-01  1.08551607E-03
1.72450162E-01  1.38059378E-01  1.10436906E-03
1.72748777E-01  1.39163584E-01  1.11146073E-03
1.73047392E-01  1.42418846E-01  1.11936277E-03
1.73346007E-01  1.46264046E-01  1.13632495E-03
1.73644622E-01  1.49808943E-01  1.14451384E-03
1.73943237E-01  1.53779045E-01  1.15997728E-03
1.74241852E-01  1.60776019E-01  1.19342434E-03
1.74540467E-01  1.69122934E-01  1.20866869E-03
1.74839082E-01  1.72431171E-01  1.23550242E-03
1.75137697E-01  1.81269482E-01  1.25470804E-03
1.75436312E-01  1.87696964E-01  1.28505321E-03
1.75734927E-01  1.94413856E-01  1.29199319E-03
1.76033542E-01  2.05319241E-01  1.33175461E-03
1.76332157E-01  2.16823503E-01  1.38929498E-03
1.76630772E-01  2.29205519E-01  1.40331953E-03
1.76929387E-01  2.40705669E-01  1.46027107E-03
1.77228002E-01  2.55574882E-01  1.47593126E-03
1.77526617E-01  2.70992547E-01  1.53103133E-03
1.77825232E-01  2.86322832E-01  1.57907698E-03
1.78123847E-01  3.05942655E-01  1.62567652E-03
1.78422462E-01  3.22071373E-01  1.66798010E-03
1.78721077E-01  3.41065556E-01  1.72110519E-03
1.79019692E-01  3.67996603E-01  1.78837311E-03
1.79318307E-01  3.86389166E-01  1.83314388E-03
1.79616922E-01  4.10768539E-01  1.86190521E-03
1.79915537E-01  4.31250125E-01  1.93337118E-03
1.80214152E-01  4.55322981E-01  1.96937984E-03
1.80512767E-01  4.83186841E-01  2.04926077E-03
1.80811382E-01  4.95607495E-01  2.06983415E-03
1.81109997E-01  5.09873271E-01  2.07988569E-03
1.81408612E-01  5.27129829E-01  2.13609030E-03
1.81707227E-01  5.34974456E-01  2.13969243E-03
1.82005842E-01  5.43499887E-01  2.15667766E-03
1.82304457E-01  5.44185102E-01  2.14590621E-03
1.82603072E-01  5.45112610E-01  2.15700595E-03
1.82901687E-01  5.33491969E-01  2.14895979E-03
1.83200302E-01  5.20300984E-01  2.10315757E-03
1.83498917E-01  5.05224645E-01  2.06427486E-03
1.83797532E-01  4.78998065E-01  2.00668955E-03
1.84096147E-01  4.59546506E-01  1.98380998E-03
1.84394762E-01  4.30806696E-01  1.92399207E-03
1.84693377E-01  4.06860411E-01  1.85674580E-03
1.84991992E-01  3.81010830E-01  1.80636754E-03
1.85290607E-01  3.50494206E-01  1.71039952E-03
1.85589222E-01  3.25041264E-01  1.65904337E-03
1.85887837E-01  3.01859081E-01  1.59406173E-03
1.86186452E-01  2.75144100E-01  1.51890505E-03
1.86485067E-01  2.58487195E-01  1.47997215E-03
1.86783682E-01  2.36971453E-01  1.41284894E-03
1.87082297E-01  2.18154460E-01  1.36141945E-03
1.87380912E-01  2.01962829E-01  1.30133494E-03
1.87679527E-01  1.86806694E-01  1.24105567E-03
1.87978142E-01  1.75527394E-01  1.21797144E-03
1.88276757E-01  1.64736465E-01  1.17722969E-03
1.88575372E-01  1.54992849E-01  1.14527089E-03
1.88873987E-01  1.44775495E-01  1.10000849E-03
1.89172602E-01  1.38271660E-01  1.06911431E-03
1.89471217E-01  1.32649377E-01  1.05500140E-03
1.89769832E-01  1.22727968E-01  1.01744756E-03
1.90068447E-01  1.18777804E-01  9.86770377E-04
1.90367062E-01  1.13311313E-01  9.72853333E-04
1.90665677E-01  1.08357579E-01  9.49191337E-04
1.90964292E-01  1.04409859E-01  9.29935544E-04
1.91262907E-01  1.01952814E-01  9.22810519E-04
1.91561522E-01  9.85407084E-02  8.95935693E-04
1.91860137E-01  9.51732099E-02  8.92475480E-04
1.92158752E-01  9.21032280E-02  8.73418641E-04
1.92457367E-01  8.97428021E-02  8.63270834E-04
1.92755982E-01  8.79814029E-02  8.51184945E-04
1.93054597E-01  8.60663950E-02  8.42412817E-04
1.93353212E-01  8.36644769E-02  8.26338481E-04
1.93651827E-01  8.04651082E-02  8.19028355E-04
1.93950442E-01  8.00480098E-02  8.12429469E-04
1.94249057E-01  7.96640366E-02  8.04810436E-04
1.94547672E-01  7.57592693E-02  7.90877210E-04
1.94846287E-01  7.63399452E-02  7.92375533E-04
1.95144902E-01  7.39799440E-02  7.84318079E-04
1.95443517E-01  7.25033209E-02  7.60124880E-04
1.95742132E-01  7.40163550E-02  7.78731366E-04
1.96040747E-01  7.04932883E-02  7.61433563E-04
1.96339362E-01  7.02246875E-02  7.61693693E-04
1.96637977E-01  6.87290803E-02  7.46130187E-04
1.96936592E-01  6.79255053E-02  7.43165670E-04
1.97235207E-01  6.68140873E-02  7.39644398E-04
1.97533822E-01  6.67128414E-02  7.36271264E-04
1.97832437E-01  6.57153651E-02  7.33072520E-04
1.98131052E-01  6.43720925E-02  7.21643912E-04
1.98429667E-01  6.50859997E-02  7.26323051E-04
1.98728282E-01  6.27755970E-02  7.15580187E-04
1.99026897E-01  6.26964644E-02  7.10626948E-04
1.99325512E-01  6.08799681E-02  7.02466350E-04
1.99624127E-01  6.18704893E-02  7.07935542E-04
1.99922742E-01  6.07253462E-02  7.00030127E-04
2.00221357E-01  6.13311045E-02  7.07530533E-04
2.00519972E-01  5.95877916E-02  6.90411951E-04
2.00818587E-01  5.85266054E-02  6.83598861E-04
2.01117202E-01  5.94256483E-02  6.95572235E-04
2.01415817E-01  5.77245802E-02  6.78690092E-04
2.01714432E-01  5.74950725E-02  6.80522295E-04
2.02013047E-01  5.63907064E-02  6.71222806E-04
2.02311662E-01  5.63678071E-02  6.73820439E-04
2.02610277E-01  5.64582199E-02  6.76061492E-04
2.02908892E-01  5.64029776E-02  6.68392458E-04
2.03207507E-01  5.60530014E-02  6.69006433E-04
2.03506122E-01  5.64445034E-02  6.70297944E-04
2.03804737E-01  5.48592694E-02  6.61435304E-04
2.04103352E-01  5.39025366E-02  6.57690456E-04
2.04401967E-01  5.37922420E-02  6.56198128E-04
2.04700582E-01  5.49223535E-02  6.57340395E-04
2.04999197E-01  5.25691770E-02  6.44887099E-04
2.05297812E-01  5.35210706E-02  6.57009427E-04
2.05596427E-01  5.23273945E-02  6.44398679E-04
2.05895042E-01  5.21172285E-02  6.44701242E-04
2.06193657E-01  5.20521365E-02  6.40135841E-04
2.06492272E-01  5.09432666E-02  6.32506271E-04
2.06790887E-01  5.21553531E-02  6.47156499E-04
2.07089502E-01  5.07614054E-02  6.27929461E-04
2.07388117E-01  5.14880382E-02  6.40604645E-04
2.07686732E-01  4.97870557E-02  6.27407338E-04
2.07985347E-01  5.02531081E-02  6.28212932E-04
2.08283962E-01  4.99954596E-02  6.28141162E-04
2.08582577E-01  5.02321385E-02  6.25221001E-04
2.08881192E-01  4.98609990E-02  6.25760702E-04
2.09179807E-01  4.95543070E-02  6.26717636E-04
2.09478422E-01  4.94104996E-02  6.18404709E-04
2.09777037E-01  4.88726832E-02  6.21435873E-04
2.10075652E-01  4.83528674E-02  6.12306932E-04
2.10374267E-01  4.86590490E-02  6.21996471E-04
2.10672882E-01  4.65579703E-02  6.06544490E-04
2.10971497E-01  4.72164825E-02  6.00911211E-04
2.11270112E-01  4.76003662E-02  6.12733536E-04
2.11568727E-01  4.76073772E-02  6.06475689E-04
2.11867342E-01  4.76784445E-02  6.12673583E-04
2.12165957E-01  4.62959744E-02  5.98426966E-04
2.12464572E-01  4.64751087E-02  5.99043327E-04
2.12763187E-01  4.68958616E-02  6.04667584E-04
2.13061802E-01  4.63826917E-02  6.00803993E-04
2.13360417E-01  4.56331968E-02  5.98111423E-04
2.13659032E-01  4.62362170E-02  5.95716760E-04
2.13957647E-01  4.53470834E-02  5.90669166E-04
2.14256262E-01  4.58519161E-02  5.96637838E-04
2.14554877E-01  4.46826108E-02  5.85451024E-04
2.14853492E-01  4.59323302E-02  5.94471872E-04
2.15152107E-01  4.55770046E-02  5.91460441E-04
2.15450722E-01  4.50462811E-02  5.93897828E-04
2.15749337E-01  4.36586142E-02  5.80620079E-04
2.16047952E-01  4.39393744E-02  5.80567052E-04
2.16346567E-01  4.44299057E-02  5.84149093E-04
2.16645182E-01  4.40444723E-02  5.78332285E-04
2.16943797E-01  4.41657268E-02  5.82237903E-04
2.17242412E-01  4.43969853E-02  5.87640214E-04
2.17541027E-01  4.40930948E-02  5.76441875E-04
2.17839642E-01  4.27275039E-02  5.77187922E-04
2.18138257E-01  4.33378629E-02  5.70481992E-04
2.18436872E-01  4.34621461E-02  5.77241997E-04
2.18735487E-01  4.27976884E-02  5.69927040E-04
2.19034102E-01  4.18531150E-02  5.63937298E-04
2.19332717E-01  4.23055440E-02  5.70707314E-04
2.19631332E-01  4.31902111E-02  5.74238424E-04
2.19929947E-01  4.30180319E-02  5.70890552E-04
2.20228562E-01  4.23793457E-02  5.64806978E-04
2.20527177E-01  4.12797108E-02  5.60398214E-04
2.20825792E-01  4.19194177E-02  5.65395574E-04
2.21124407E-01  4.18463349E-02  5.63232752E-04
2.21423022E-01  4.21670750E-02  5.64389047E-04
2.21721637E-01  4.13397066E-02  5.57678053E-04
2.22020252E-01  4.25412133E-02  5.65559603E-04
2.22318867E-01  4.09335978E-02  5.58381551E-04
2.22617482E-01  4.24324535E-02  5.61883731E-04
2.22916097E-01  4.25326042E-02  5.70201606E-04
2.23214712E-01  4.22183760E-02  5.62262314E-04
2.23513327E-01  4.08269502E-02  5.56667859E-04
2.23811942E-01  4.10489924E-02  5.55070990E-04
2.24110557E-01  4.12295051E-02  5.54027909E-04
2.24409172E-01  4.19743657E-02  5.63274778E-04
2.24707787E-01  4.01436687E-02  5.45579358E-04
2.25006402E-01  4.01218683E-02  5.51845587E-04
2.25305017E-01  4.04895134E-02  5.44477545E-04
2.25603632E-01  4.18027006E-02  5.60971152E-04
2.25902247E-01  4.07391340E-02  5.54440718E-04
2.26200862E-01  4.10355069E-02  5.53372956E-04
2.26499477E-01  4.11218926E-02  5.52033889E-04
2.26798092E-01  4.14582826E-02  5.57353778E-04
2.27096707E-01  4.07774523E-02  5.51954552E-04
2.27395322E-01  4.17359509E-02  5.60529763E-04
2.27693937E-01  4.12528068E-02  5.50379977E-04
2.27992552E-01  4.11536582E-02  5.51616016E-04
2.28291167E-01  4.07815129E-02  5.48801327E-04
2.28589782E-01  4.13143374E-02  5.56879910E-04
2.28888397E-01  4.06837128E-02  5.50685741E-04
2.29187012E-01  4.01713438E-02  5.42657857E-04
2.29485627E-01  4.05975394E-02  5.47566451E-04
2.29784242E-01  4.09376472E-02  5.52405021E-04
2.30082857E-01  4.05085683E-02  5.45870163E-04
2.30381472E-01  4.13725898E-02  5.50558965E-04
2.30680087E-01  4.11739834E-02  5.50653203E-04
2.30978702E-01  4.04671729E-02  5.45907475E-04
2.31277317E-01  4.16454747E-02  5.54435828E-04
2.31575932E-01  4.04487513E-02  5.46255673E-04
2.31874547E-01  4.05355021E-02  5.42648311E-04
2.32173162E-01  4.04086560E-02  5.44424925E-04
2.32471777E-01  4.10424359E-02  5.49779565E-04
2.32770392E-01  4.15372737E-02  5.51190926E-04
2.33069007E-01  4.22061384E-02  5.55295905E-04
2.33367622E-01  4.18745689E-02  5.51076548E-04
2.33666237E-01  4.12024036E-02  5.51329169E-04
2.33964852E-01  4.15609814E-02  5.49477409E-04
2.34263467E-01  4.20914739E-02  5.52974234E-04
2.34562082E-01  4.16061543E-02  5.51183708E-04
2.34860697E-01  4.20324206E-02  5.53058169E-04
2.35159312E-01  4.22302373E-02  5.54988801E-04
2.35457927E-01  4.19958569E-02  5.50484343E-04
2.35756542E-01  4.28279564E-02  5.53737802E-04
2.36055157E-01  4.20569666E-02  5.53381105E-04
2.36353772E-01  4.26980555E-02  5.57110237E-04
2.36652387E-01  4.42133844E-02  5.69985423E-04
2.36951002E-01  4.44128439E-02  5.60930988E-04
2.37249617E-01  4.33657579E-02  5.63049223E-04
2.37548232E-01  4.34670001E-02  5.61156543E-04
2.37846847E-01  4.33762856E-02  5.58683358E-04
2.38145462E-01  4.25206199E-02  5.52682090E-04
2.38444077E-01  4.38853912E-02  5.57749998E-04
2.38742692E-01  4.30333689E-02  5.61533088E-04
2.39041307E-01  4.32259031E-02  5.57718740E-04
2.39339922E-01  4.46268916E-02  5.65577473E-04
2.39638537E-01  4.39193510E-02  5.61547757E-04
2.39937152E-01  4.32825685E-02  5.55910752E-04
2.40235767E-01  4.31545079E-02  5.58988715E-04
2.40534382E-01  4.40387875E-02  5.61060559E-04
2.40832997E-01  4.31605130E-02  5.54205966E-04
2.41131612E-01  4.35769558E-02  5.59830340E-04
2.41430227E-01  4.18170914E-02  5.43859380E-04
2.41728842E-01  4.11408208E-02  5.44875686E-04
2.42027457E-01  4.21260148E-02  5.44071256E-04
2.42326072E-01  4.08582352E-02  5.37887856E-04
2.42624687E-01  4.14227955E-02  5.46743278E-04
2.42923302E-01  4.02906612E-02  5.36066422E-04
2.43221917E-01  4.01809104E-02  5.30351535E-04
2.43520532E-01  4.02865745E-02  5.33234677E-04
2.43819147E-01  3.87485027E-02  5.23389492E-04
2.44117762E-01  3.85082364E-02  5.24224888E-04
2.44416377E-01  3.75400968E-02  5.18893823E-04
2.44714992E-01  3.78591046E-02  5.14245767E-04
2.45013607E-01  3.66614014E-02  5.11360879E-04
2.45312222E-01  3.69658098E-02  5.10371116E-04
2.45610837E-01  3.62547152E-02  5.06972196E-04
2.45909452E-01  3.66127826E-02  5.04344702E-04
2.46208067E-01  3.58047038E-02  5.02847251E-04
2.46506682E-01  3.56058069E-02  5.00350085E-04
2.46805297E-01  3.41943540E-02  4.94274311E-04
2.47103912E-01  3.49293612E-02  4.93285654E-04
2.47402527E-01  3.51385064E-02  4.94761392E-04
2.47701142E-01  3.48087698E-02  4.95401269E-04
2.47999757E-01  3.44208330E-02  4.92228719E-04
2.48298372E-01  3.36469226E-02  4.89490689E-04
2.48596987E-01  3.41512896E-02  4.83843876E-04
2.48895602E-01  3.27135846E-02  4.76872374E-04
2.49194217E-01  3.36764529E-02  4.84365301E-04
2.49492832E-01  3.31406444E-02  4.81412775E-04
2.49791447E-01  3.34164910E-02  4.84602409E-04
2.50090062E-01  3.34092490E-02  4.81269410E-04
2.50388677E-01  3.30342874E-02  4.81957133E-04
2.50687292E-01  3.26682515E-02  4.77583584E-04
2.50985907E-01  3.25825885E-02  4.74257919E-04
2.51284522E-01  3.34100537E-02  4.83240408E-04
2.51583137E-01  3.31191309E-02  4.77635622E-04
2.51881752E-01  3.30864191E-02  4.79462935E-04
2.52180367E-01  3.34131233E-02  4.81825380E-04
2.52478982E-01  3.31315659E-02  4.78113390E-04
2.52777597E-01  3.31321470E-02  4.79020382E-04
2.53076212E-01  3.36075127E-02  4.82575793E-04
2.53374827E-01  3.29509526E-02  4.79264418E-04
2.53673442E-01  3.30653787E-02  4.73961234E-04
2.53972057E-01  3.29430215E-02  4.76884481E-04
2.54270672E-01  3.29461657E-02  4.76780173E-04
2.54569287E-01  3.34450230E-02  4.82586533E-04
2.54867902E-01  3.23045626E-02  4.71863488E-04
2.55166517E-01  3.29349637E-02  4.73406806E-04
2.55465132E-01  3.26038674E-02  4.73665306E-04
2.55763747E-01  3.27392258E-02  4.75030625E-04
2.56062362E-01  3.34106907E-02  4.79749549E-04
2.56360977E-01  3.30298431E-02  4.73841472E-04
2.56659592E-01  3.26599665E-02  4.69939725E-04
2.56958207E-01  3.36489379E-02  4.80944553E-04
2.57256822E-01  3.30959670E-02  4.76213259E-04
2.57555437E-01  3.24554704E-02  4.69335209E-04
2.57854052E-01  3.40564735E-02  4.81920521E-04
2.58152667E-01  3.37234326E-02  4.81223484E-04
2.58451282E-01  3.30408253E-02  4.76456771E-04
2.58749897E-01  3.36003788E-02  4.76038753E-04
2.59048512E-01  3.39996777E-02  4.79869253E-04
2.59347127E-01  3.35377641E-02  4.76348330E-04
2.59645742E-01  3.31457891E-02  4.75945766E-04
2.59944357E-01  3.44176590E-02  4.85768600E-04
2.60242972E-01  3.42463553E-02  4.78467206E-04
2.60541587E-01  3.43441479E-02  4.83576528E-04
2.60840202E-01  3.49352919E-02  4.86433768E-04
2.61138817E-01  3.44648734E-02  4.84556425E-04
2.61437432E-01  3.44454795E-02  4.82759351E-04
2.61736047E-01  3.50049213E-02  4.84500080E-04
2.62034662E-01  3.45045775E-02  4.83302865E-04
2.62333277E-01  3.46577466E-02  4.84120392E-04
2.62631892E-01  3.50631997E-02  4.84148739E-04
2.62930507E-01  3.47786881E-02  4.82432806E-04
2.63229122E-01  3.60077024E-02  4.91781859E-04
2.63527737E-01  3.54112834E-02  4.90783073E-04
2.63826352E-01  3.62203903E-02  4.92077670E-04
2.64124967E-01  3.59397829E-02  4.90168983E-04
2.64423582E-01  3.69402617E-02  4.97334346E-04
2.64722197E-01  3.68863083E-02  4.95040207E-04
2.65020812E-01  3.70975509E-02  5.01409813E-04
2.65319427E-01  3.85606848E-02  5.04460069E-04
2.65618042E-01  3.80292572E-02  5.06202574E-04
2.65916657E-01  3.89625989E-02  5.10373560E-04
2.66215272E-01  3.84082049E-02  5.06072538E-04
2.66513887E-01  3.88423018E-02  5.09322388E-04
2.66812502E-01  3.91552337E-02  5.08209632E-04
2.67111117E-01  4.01867889E-02  5.18334273E-04
2.67409732E-01  4.00786288E-02  5.16295433E-04
2.67708347E-01  4.02037390E-02  5.17907087E-04
2.68006962E-01  4.12761904E-02  5.23954688E-04
2.68305577E-01  4.13042605E-02  5.22378599E-04
2.68604192E-01  4.14383374E-02  5.24577976E-04
2.68902807E-01  4.23848443E-02  5.29851939E-04
2.69201422E-01  4.36883941E-02  5.35459723E-04
2.69500037E-01  4.32414748E-02  5.34906285E-04
2.69798652E-01  4.45588566E-02  5.42715075E-04
2.70097267E-01  4.42157760E-02  5.44134935E-04
2.70395882E-01  4.44850735E-02  5.37449087E-04
2.70694497E-01  4.52664644E-02  5.46729949E-04
2.70993112E-01  4.55163382E-02  5.49227407E-04
2.71291727E-01  4.66041975E-02  5.55323670E-04
2.71590342E-01  4.62737493E-02  5.54783677E-04
2.71888957E-01  4.71029580E-02  5.52624813E-04
2.72187572E-01  4.65938151E-02  5.52850077E-04
2.72486187E-01  4.73730341E-02  5.58025378E-04
2.72784802E-01  4.81752343E-02  5.63887123E-04
2.73083417E-01  4.76837493E-02  5.55326347E-04
2.73382032E-01  4.72612120E-02  5.56091196E-04
2.73680647E-01  4.60478850E-02  5.51442034E-04
2.73979262E-01  4.71395031E-02  5.55236009E-04
2.74277877E-01  4.63890433E-02  5.48569951E-04
2.74576492E-01  4.59902026E-02  5.47037460E-04
2.74875107E-01  4.49492894E-02  5.42464026E-04
2.75173722E-01  4.52055931E-02  5.44843439E-04
2.75472337E-01  4.49562743E-02  5.37330227E-04
2.75770952E-01  4.36798781E-02  5.34753199E-04
2.76069567E-01  4.33615483E-02  5.27584576E-04
2.76368182E-01  4.25237976E-02  5.29524288E-04
2.76666797E-01  4.19311561E-02  5.24344330E-04
2.76965412E-01  4.13871892E-02  5.15051361E-04
2.77264027E-01  4.08397615E-02  5.15638734E-04
2.77562642E-01  3.98018658E-02  5.04589756E-04
2.77861257E-01  3.90605517E-02  5.06341399E-04
2.78159872E-01  3.83248590E-02  4.94771812E-04
2.78458487E-01  3.81754488E-02  4.95659653E-04
2.78757102E-01  3.56430486E-02  4.82456409E-04
2.79055717E-01  3.70652191E-02  4.89014317E-04
2.79354332E-01  3.59311998E-02  4.81355761E-04
2.79652947E-01  3.46526131E-02  4.72833693E-04
2.79951562E-01  3.36943045E-02  4.62434371E-04
2.80250177E-01  3.48128453E-02  4.76084911E-04
2.80548792E-01  3.44159938E-02  4.70393919E-04
2.80847407E-01  3.31833549E-02  4.60170326E-04
2.81146022E-01  3.33245583E-02  4.63109143E-04
2.81444637E-01  3.26387137E-02  4.59472358E-04
2.81743252E-01  3.22015248E-02  4.54445020E-04
2.82041867E-01  3.23609337E-02  4.51640750E-04
2.82340482E-01  3.13944742E-02  4.48492501E-04
2.82639097E-01  3.12720574E-02  4.47841769E-04
2.82937712E-01  3.16170789E-02  4.49521816E-04
2.83236327E-01  3.03279925E-02  4.40044765E-04
2.83534942E-01  3.02888434E-02  4.37592244E-04
2.83833557E-01  3.09171136E-02  4.44631994E-04
2.84132172E-01  3.03256251E-02  4.39594151E-04
2.84430787E-01  2.98400726E-02  4.38350864E-04
2.84729402E-01  2.97451112E-02  4.32270521E-04
2.85028017E-01  2.97127329E-02  4.34701535E-04
2.85326632E-01  2.99263578E-02  4.39097552E-04
2.85625247E-01  2.96368990E-02  4.30017331E-04
2.85923862E-01  3.00775636E-02  4.36825183E-04
2.86222477E-01  3.01133934E-02  4.36655362E-04
2.86521092E-01  2.94378996E-02  4.31837630E-04
2.86819707E-01  2.95225810E-02  4.35476075E-04
2.87118322E-01  2.90619787E-02  4.25728009E-04
2.87416937E-01  2.94333845E-02  4.30430431E-04
2.87715552E-01  2.96798982E-02  4.31596331E-04
2.88014167E-01  2.96271443E-02  4.34193498E-04
2.88312782E-01  2.92522553E-02  4.30692802E-04
2.88611397E-01  2.96594407E-02  4.28633270E-04
2.88910012E-01  2.90054381E-02  4.29298147E-04
2.89208627E-01  2.85816640E-02  4.23955789E-04
2.89507242E-01  2.85775792E-02  4.23615653E-04
2.89805857E-01  2.96850540E-02  4.30173008E-04
2.90104472E-01  2.88034324E-02  4.23122605E-04
2.90403087E-01  2.93093864E-02  4.31440480E-04
2.90701702E-01  2.91844942E-02  4.27156221E-04
2.91000317E-01  2.83627920E-02  4.20385622E-04
2.91298932E-01  2.87188292E-02  4.23943216E-04
2.91597547E-01  2.83575188E-02  4.21886012E-04
2.91896162E-01  2.91748010E-02  4.27610212E-04
2.92194777E-01  2.88246293E-02  4.23388323E-04
2.92493392E-01  2.92794798E-02  4.27130552E-04
2.92792007E-01  2.97255721E-02  4.30895918E-04
2.93090622E-01  2.88731530E-02  4.24467522E-04
2.93389237E-01  2.92380340E-02  4.26934974E-04
2.93687852E-01  2.81992797E-02  4.16364463E-04
2.93986467E-01  2.83668470E-02  4.20630589E-04
2.94285082E-01  2.84017995E-02  4.18761687E-04
2.94583697E-01  2.89066508E-02  4.25650476E-04
2.94882312E-01  2.92177014E-02  4.25145001E-04
2.95180927E-01  2.90016904E-02  4.20845055E-04
2.95479542E-01  2.83660535E-02  4.20018943E-04
2.95778157E-01  2.83395257E-02  4.18207346E-04
2.96076772E-01  2.92211082E-02  4.24969679E-04
2.96375387E-01  2.86702327E-02  4.20440687E-04
2.96674002E-01  2.94436645E-02  4.25870850E-04
2.96972617E-01  2.86691729E-02  4.22979851E-04
2.97271232E-01  2.93718390E-02  4.28341154E-04
2.97569847E-01  2.85814647E-02  4.22745390E-04
2.97868462E-01  2.91960537E-02  4.28520463E-04
2.98167077E-01  2.91609094E-02  4.30375396E-04
2.98465692E-01  2.91464962E-02  4.32953646E-04
2.98764307E-01  2.87839174E-02  4.26533719E-04
2.99062922E-01  2.96095870E-02  4.35293914E-04
2.99361537E-01  2.84822751E-02  4.28316998E-04
2.99660152E-01  2.99918149E-02  4.40295000E-04
2.99958767E-01  3.02421674E-02  4.42352582E-04
3.00257382E-01  2.92526316E-02  4.36266448E-04
3.00555997E-01  3.01656686E-02  4.42799559E-04
3.00854612E-01  2.97959074E-02  4.39412222E-04
3.01153227E-01  2.93448716E-02  4.38962103E-04
3.01451842E-01  3.00210230E-02  4.41963814E-04
3.01750457E-01  3.02617401E-02  4.48876584E-04
3.02049072E-01  2.99866591E-02  4.43626515E-04
3.02347687E-01  2.95863226E-02  4.49465791E-04
3.02646302E-01  3.00221406E-02  4.58527007E-04
3.02944917E-01  2.91100424E-02  4.51386295E-04
3.03243532E-01  2.99318116E-02  4.66433616E-04
3.03542147E-01  3.06027774E-02  4.72436106E-04
3.03840762E-01  3.03715467E-02  4.70382278E-04
3.04139377E-01  2.99855974E-02  4.73463355E-04
3.04437992E-01  3.07910908E-02  4.75513283E-04
3.04736607E-01  3.00794840E-02  4.77692898E-04
3.05035222E-01  3.08070052E-02  4.79490089E-04
3.05333837E-01  3.04753836E-02  4.80120827E-04
3.05632452E-01  3.03527806E-02  4.83008655E-04
3.05931067E-01  3.11887693E-02  4.87146142E-04
3.06229682E-01  3.06864455E-02  4.88442020E-04
3.06528297E-01  3.07521373E-02  4.84300632E-04
3.06826912E-01  3.11361942E-02  4.93355969E-04
3.07125527E-01  3.07858642E-02  4.91771905E-04
3.07424142E-01  3.11106015E-02  4.93756845E-04
3.07722757E-01  3.20737697E-02  5.05365140E-04
3.08021372E-01  3.23920473E-02  5.03672403E-04
3.08319987E-01  3.20372917E-02  4.97135567E-04
3.08618602E-01  3.24969143E-02  4.95803950E-04
3.08917217E-01  3.25449146E-02  4.88748366E-04
3.09215832E-01  3.26419361E-02  4.93725413E-04
3.09514447E-01  3.22752967E-02  4.83284442E-04
3.09813062E-01  3.29012945E-02  4.89052793E-04
3.10111677E-01  3.32907960E-02  4.89729457E-04
3.10410292E-01  3.41021754E-02  4.89527301E-04
3.10708907E-01  3.42446975E-02  4.95312619E-04
3.11007522E-01  3.46357822E-02  4.91201237E-04
3.11306137E-01  3.40284407E-02  4.93062253E-04
3.11604752E-01  3.45251113E-02  4.90817707E-04
3.11903367E-01  3.48403901E-02  4.92520572E-04
3.12201982E-01  3.48217189E-02  4.92256600E-04
3.12500597E-01  3.57435867E-02  4.94203472E-04
3.12799212E-01  3.67873795E-02  5.05552045E-04
3.13097827E-01  3.59831266E-02  4.96519788E-04
3.13396442E-01  3.66871580E-02  5.00688213E-04
3.13695057E-01  3.65509056E-02  5.02302311E-04
3.13993672E-01  3.67198139E-02  4.98402922E-04
3.14292287E-01  3.56561728E-02  4.92430350E-04
3.14590902E-01  3.63560766E-02  4.95800516E-04
3.14889517E-01  3.72690745E-02  5.01988747E-04
3.15188132E-01  3.72336395E-02  5.04680269E-04
3.15486747E-01  3.69758755E-02  4.96242254E-04
3.15785362E-01  3.77375446E-02  5.04739990E-04
3.16083977E-01  3.71848904E-02  4.97259316E-04
3.16382592E-01  3.78220864E-02  5.04249649E-04
3.16681207E-01  3.71691249E-02  4.97671834E-04
3.16979822E-01  3.75323668E-02  4.99323185E-04
3.17278437E-01  3.69370803E-02  4.97021363E-04
3.17577052E-01  3.83364707E-02  5.04776952E-04
3.17875667E-01  3.82004753E-02  5.10931714E-04
3.18174282E-01  3.66907604E-02  5.05322940E-04
3.18472897E-01  3.72812413E-02  5.16699802E-04
3.18771512E-01  3.71705741E-02  5.13933483E-04
3.19070127E-01  3.74015048E-02  5.19565539E-04
3.19368742E-01  3.73491459E-02  5.19641093E-04
3.19667357E-01  3.67534570E-02  5.15917374E-04
3.19965972E-01  3.71164866E-02  5.19632886E-04
3.20264587E-01  3.60316224E-02  5.14317770E-04
3.20563202E-01  3.65125351E-02  5.17297187E-04
3.20861817E-01  3.66737619E-02  5.19477122E-04
3.21160432E-01  3.60715687E-02  5.13581617E-04
3.21459047E-01  3.60091664E-02  5.18023677E-04
3.21757662E-01  3.61592956E-02  5.15824999E-04
3.22056277E-01  3.65150571E-02  5.18061337E-04
3.22354892E-01  3.56568545E-02  5.16386528E-04
3.22653507E-01  3.54229063E-02  5.13052277E-04
3.22952122E-01  3.55718136E-02  5.18647546E-04
3.23250737E-01  3.57494466E-02  5.10134094E-04
3.23549352E-01  3.58434916E-02  5.17140841E-04
3.23847967E-01  3.62022594E-02  5.22154034E-04
3.24146582E-01  3.61413658E-02  5.20194706E-04
3.24445197E-01  3.61087583E-02  5.20264555E-04
3.24743812E-01  3.62445302E-02  5.20333822E-04
3.25042427E-01  3.47836167E-02  5.15157357E-04
3.25341042E-01  3.52497362E-02  5.12699713E-04
3.25639657E-01  3.57558578E-02  5.19237947E-04
3.25938272E-01  3.58321033E-02  5.21170092E-04
3.26236887E-01  3.59199606E-02  5.17705572E-04
3.26535502E-01  3.64468172E-02  5.29383542E-04
3.26834117E-01  3.59829403E-02  5.20128058E-04
3.27132732E-01  3.61698084E-02  5.24090021E-04
3.27431347E-01  3.62619236E-02  5.25535084E-04
3.27729962E-01  3.66685949E-02  5.25988406E-04
3.28028577E-01  3.59520577E-02  5.29279350E-04
3.28327192E-01  3.56959812E-02  5.14905376E-04
3.28625807E-01  3.64520997E-02  5.28958335E-04
3.28924422E-01  3.68611664E-02  5.31602302E-04
3.29223037E-01  3.56818326E-02  5.20861067E-04
3.29521652E-01  3.72504443E-02  5.33293234E-04
3.29820267E-01  3.62517536E-02  5.24232863E-04
3.30118882E-01  3.61459777E-02  5.29274170E-04
3.30417497E-01  3.66399027E-02  5.30012127E-04
3.30716112E-01  3.56248990E-02  5.19532070E-04
3.31014727E-01  3.54625843E-02  5.19267458E-04
3.31313342E-01  3.53186056E-02  5.16384782E-04
3.31611957E-01  3.55724879E-02  5.23804920E-04
3.31910572E-01  3.52198891E-02  5.17492124E-04
3.32209187E-01  3.54832225E-02  5.17136068E-04
3.32507802E-01  3.45573835E-02  5.16126922E-04
3.32806417E-01  3.50383930E-02  5.12836326E-04
3.33105032E-01  3.44612636E-02  5.13262174E-04
3.33403647E-01  3.56162526E-02  5.18414599E-04
3.33702262E-01  3.41624804E-02  5.08023892E-04
3.34000877E-01  3.37452926E-02  5.04617463E-04
3.34299492E-01  3.42381671E-02  5.09939331E-04
3.34598107E-01  3.39567624E-02  5.08291472E-04
3.34896722E-01  3.31274904E-02  4.97216999E-04
3.35195337E-01  3.30380239E-02  4.97558387E-04
3.35493952E-01  3.26014161E-02  4.97166940E-04
3.35792567E-01  3.29371952E-02  4.97963571E-04
3.36091182E-01  3.16372253E-02  4.88755177E-04
3.36389797E-01  3.22738811E-02  4.90634120E-04
3.36688412E-01  3.19735073E-02  4.91493091E-04
3.36987027E-01  3.11660636E-02  4.82282747E-04
3.37285642E-01  3.16322446E-02  4.87863843E-04
3.37584257E-01  3.14837620E-02  4.87432495E-04
3.37882872E-01  3.13555561E-02  4.84172662E-04
3.38181487E-01  3.13384049E-02  4.85881377E-04
3.38480102E-01  3.11359074E-02  4.77098103E-04
3.38778717E-01  3.09392922E-02  4.82074858E-04
3.39077332E-01  3.00924815E-02  4.73501190E-04
3.39375947E-01  2.96210181E-02  4.69642720E-04
3.39674562E-01  2.98978109E-02  4.74867644E-04
3.39973177E-01  3.02030705E-02  4.72326734E-04
3.40271792E-01  3.02734114E-02  4.76171292E-04
3.40570407E-01  3.01756356E-02  4.74574656E-04
3.40869022E-01  2.96672471E-02  4.67853853E-04
3.41167637E-01  2.95514222E-02  4.68421524E-04
3.41466252E-01  2.88161132E-02  4.59779549E-04
3.41764867E-01  2.96965148E-02  4.72445769E-04
3.42063482E-01  2.92575508E-02  4.65285615E-04
3.42362097E-01  2.98343189E-02  4.67303500E-04
3.42660712E-01  2.90236250E-02  4.65167599E-04
3.42959327E-01  2.84523778E-02  4.55836504E-04
3.43257942E-01  3.00230049E-02  4.73111315E-04
3.43556557E-01  2.93790735E-02  4.64523939E-04
3.43855172E-01  2.85582524E-02  4.58121038E-04
3.44153787E-01  2.93112770E-02  4.63858043E-04
3.44452402E-01  2.99551133E-02  4.68391838E-04
3.44751017E-01  2.95751579E-02  4.66343627E-04
3.45049632E-01  2.91844830E-02  4.58816561E-04
3.45348247E-01  2.82151345E-02  4.55497735E-04
3.45646862E-01  2.92950422E-02  4.62156604E-04
3.45945477E-01  2.86861360E-02  4.57589224E-04
3.46244092E-01  2.81681661E-02  4.48131061E-04
3.46542707E-01  2.78224908E-02  4.45745041E-04
3.46841322E-01  2.78606620E-02  4.49307059E-04
3.47139937E-01  2.82711200E-02  4.51083848E-04
3.47438552E-01  2.92472765E-02  4.55379486E-04
3.47737167E-01  2.85985693E-02  4.53945540E-04
3.48035782E-01  2.88171005E-02  4.51647618E-04
3.48334397E-01  2.85853036E-02  4.53335379E-04
3.48633012E-01  2.82055885E-02  4.44031117E-04
3.48931627E-01  2.75768694E-02  4.42434975E-04
3.49230242E-01  2.81012375E-02  4.47860482E-04
3.49528857E-01  2.81153675E-02  4.46613354E-04
3.49827472E-01  2.86003891E-02  4.51197819E-04
3.50126087E-01  2.85040271E-02  4.46138525E-04
3.50424702E-01  2.78569162E-02  4.44928271E-04
3.50723317E-01  2.79523339E-02  4.43855621E-04
3.51021932E-01  2.79684868E-02  4.45575046E-04
3.51320547E-01  2.82966327E-02  4.45851270E-04
3.51619162E-01  2.73483638E-02  4.37363953E-04
3.51917777E-01  2.71369889E-02  4.37579554E-04
3.52216392E-01  2.72512510E-02  4.37661714E-04
3.52515007E-01  2.80034561E-02  4.41615790E-04
3.52813622E-01  2.83030998E-02  4.43973608E-04
3.53112237E-01  2.75416821E-02  4.42783174E-04
3.53410852E-01  2.82666329E-02  4.47831291E-04
3.53709467E-01  2.82393657E-02  4.39101248E-04
3.54008082E-01  2.84614675E-02  4.45581565E-04
3.54306697E-01  2.82970127E-02  4.44534904E-04
3.54605312E-01  2.74560489E-02  4.40156815E-04
3.54903927E-01  2.78926641E-02  4.44988720E-04
3.55202542E-01  2.79656462E-02  4.36165312E-04
3.55501157E-01  2.68640257E-02  4.34081943E-04
3.55799772E-01  2.75139827E-02  4.37281124E-04
3.56098387E-01  2.88218558E-02  4.48646955E-04
3.56397002E-01  2.72482131E-02  4.35873779E-04
3.56695617E-01  2.71539539E-02  4.30365035E-04
3.56994232E-01  2.85432748E-02  4.49291518E-04
3.57292847E-01  2.75156200E-02  4.34030546E-04
3.57591462E-01  2.77597383E-02  4.38645948E-04
3.57890077E-01  2.74346415E-02  4.35251219E-04
3.58188692E-01  2.80034561E-02  4.37981944E-04
3.58487307E-01  2.74746828E-02  4.39721596E-04
3.58785922E-01  2.75363009E-02  4.32477711E-04
3.59084537E-01  2.73923539E-02  4.35623224E-04
3.59383152E-01  2.76688784E-02  4.36176808E-04
3.59681767E-01  2.73278151E-02  4.33829497E-04
3.59980382E-01  2.74146460E-02  4.38648363E-04
3.60278997E-01  2.81526577E-02  4.35234775E-04
3.60577612E-01  2.80664973E-02  4.41076903E-04
3.60876227E-01  2.71418002E-02  4.32240311E-04
3.61174842E-01  2.70976201E-02  4.29256586E-04
3.61473457E-01  2.74377912E-02  4.31943947E-04
3.61772072E-01  2.80840453E-02  4.38278541E-04
3.62070687E-01  2.79125422E-02  4.39635740E-04
3.62369302E-01  2.81544905E-02  4.38364805E-04
3.62667917E-01  2.78464071E-02  4.35845606E-04
3.62966532E-01  2.86195409E-02  4.40457050E-04
3.63265147E-01  2.79173013E-02  4.36634436E-04
3.63563762E-01  2.77819857E-02  4.35691996E-04
3.63862377E-01  2.81265024E-02  4.36765869E-04
3.64160992E-01  2.79742330E-02  4.35928261E-04
3.64459607E-01  2.79495809E-02  4.35967784E-04
3.64758222E-01  2.77457479E-02  4.34376532E-04
3.65056837E-01  2.74521578E-02  4.32760397E-04
3.65355452E-01  2.77167503E-02  4.30974993E-04
3.65654067E-01  2.78595909E-02  4.35731839E-04
3.65952682E-01  2.75802277E-02  4.30363580E-04
3.66251297E-01  2.80562602E-02  4.38432588E-04
3.66549912E-01  2.78715827E-02  4.32859524E-04
3.66848527E-01  2.79494524E-02  4.31218097E-04
3.67147142E-01  2.75830701E-02  4.34608140E-04
3.67445757E-01  2.75782347E-02  4.30018466E-04
3.67744372E-01  2.79520489E-02  4.34056885E-04
3.68042987E-01  2.73858625E-02  4.28742322E-04
3.68341602E-01  2.76901331E-02  4.31343971E-04
3.68640217E-01  2.80683693E-02  4.36336908E-04
3.68938832E-01  2.70510130E-02  4.22930287E-04
3.69237447E-01  2.72799861E-02  4.28029976E-04
3.69536062E-01  2.81120036E-02  4.32594767E-04
3.69834677E-01  2.79858522E-02  4.34215472E-04
3.70133292E-01  2.84666233E-02  4.39197232E-04
3.70431907E-01  2.86080278E-02  4.34603862E-04
3.70730522E-01  2.71838307E-02  4.26836632E-04
3.71029137E-01  2.80025154E-02  4.30756976E-04
3.71327752E-01  2.81630941E-02  4.33894980E-04
3.71626367E-01  2.78980788E-02  4.31402121E-04
3.71924982E-01  2.73953546E-02  4.27166873E-04
3.72223597E-01  2.83537693E-02  4.36728966E-04
3.72522212E-01  2.81516910E-02  4.30361426E-04
3.72820827E-01  2.77958121E-02  4.29615320E-04
3.73119442E-01  2.81624608E-02  4.32552537E-04
3.73418057E-01  2.83825193E-02  4.32126486E-04
3.73716672E-01  2.80298702E-02  4.34689195E-04
3.74015287E-01  2.87183654E-02  4.33241163E-04
3.74313902E-01  2.77972631E-02  4.28309635E-04
3.74612517E-01  2.89490409E-02  4.38219606E-04
3.74911132E-01  2.84433421E-02  4.33706475E-04
3.75209747E-01  2.83789262E-02  4.33885929E-04
3.75508362E-01  2.87238657E-02  4.33620269E-04
3.75806977E-01  2.83894446E-02  4.32633242E-04
3.76105592E-01  2.88759116E-02  4.36213915E-04
3.76404207E-01  2.82724444E-02  4.31854336E-04
3.76702822E-01  2.81526595E-02  4.29074629E-04
3.77001437E-01  2.85298564E-02  4.32270550E-04
3.77300052E-01  2.82422248E-02  4.32961329E-04
3.77598667E-01  2.82903109E-02  4.32329020E-04
3.77897282E-01  2.90082432E-02  4.34559101E-04
3.78195897E-01  2.93360446E-02  4.36347356E-04
3.78494512E-01  2.79743485E-02  4.28703614E-04
3.78793127E-01  2.88503580E-02  4.34589951E-04
3.79091742E-01  2.84989085E-02  4.31060093E-04
3.79390357E-01  2.83777323E-02  4.29817650E-04
3.79688972E-01  2.85826139E-02  4.31586290E-04
3.79987587E-01  2.86377091E-02  4.31239925E-04
3.80286202E-01  2.81630792E-02  4.28735802E-04
3.80584817E-01  2.79348288E-02  4.26996325E-04
3.80883432E-01  2.81569194E-02  4.26963175E-04
3.81182047E-01  2.85495687E-02  4.31234832E-04
3.81480662E-01  2.84338761E-02  4.30470565E-04
3.81779277E-01  2.87951846E-02  4.29731008E-04
3.82077892E-01  2.82648150E-02  4.29191830E-04
3.82376507E-01  2.87725739E-02  4.32047906E-04
3.82675122E-01  2.86402609E-02  4.31817258E-04
3.82973737E-01  2.85784453E-02  4.29617503E-04
3.83272352E-01  2.93326639E-02  4.32439527E-04
3.83570967E-01  2.96861455E-02  4.38748772E-04
3.83869582E-01  2.97593400E-02  4.37968993E-04
3.84168197E-01  2.88567301E-02  4.32143890E-04
3.84466812E-01  2.90375240E-02  4.31763852E-04
3.84765427E-01  2.90103182E-02  4.31025925E-04
3.85064042E-01  2.90161464E-02  4.34433809E-04
3.85362657E-01  2.93655414E-02  4.34200134E-04
3.85661272E-01  2.90562715E-02  4.28924512E-04
3.85959887E-01  2.97062173E-02  4.38137184E-04
3.86258502E-01  2.91956440E-02  4.31122840E-04
3.86557117E-01  2.92803887E-02  4.37410665E-04
3.86855732E-01  2.93462947E-02  4.31703229E-04
3.87154347E-01  2.91462708E-02  4.30018874E-04
3.87452962E-01  2.89236978E-02  4.32226894E-04
3.87751577E-01  2.96034962E-02  4.32317582E-04
3.88050192E-01  2.86980253E-02  4.30540327E-04
3.88348807E-01  2.93131825E-02  4.29039763E-04
3.88647422E-01  2.90143285E-02  4.30326210E-04
3.88946037E-01  2.92876922E-02  4.31495282E-04
3.89244652E-01  2.99593322E-02  4.37280978E-04
3.89543267E-01  2.94188447E-02  4.33427544E-04
3.89841882E-01  2.93365326E-02  4.29427513E-04
3.90140497E-01  2.90107392E-02  4.31270251E-04
3.90439112E-01  3.00218649E-02  4.37634648E-04
3.90737727E-01  3.02617662E-02  4.34668094E-04
3.91036342E-01  2.97042672E-02  4.36073664E-04
3.91334957E-01  2.96429265E-02  4.30830987E-04
3.91633572E-01  2.94038691E-02  4.33112902E-04
3.91932187E-01  2.92659197E-02  4.27981431E-04
3.92230802E-01  2.87579391E-02  4.25495236E-04
3.92529417E-01  2.96979528E-02  4.35277936E-04
3.92828032E-01  3.00551262E-02  4.33402252E-04
3.93126647E-01  2.95989774E-02  4.32205503E-04
3.93425262E-01  3.02937757E-02  4.35757625E-04
3.93723877E-01  2.98006386E-02  4.34317510E-04
3.94022492E-01  3.07492763E-02  4.40852658E-04
3.94321107E-01  3.00624222E-02  4.33462381E-04
3.94619722E-01  3.06674093E-02  4.38016461E-04
3.94918337E-01  3.01919375E-02  4.34292771E-04
3.95216952E-01  2.99333557E-02  4.33589128E-04
3.95515567E-01  2.95515805E-02  4.31237655E-04
3.95814182E-01  3.07243038E-02  4.35685215E-04
3.96112797E-01  2.98588853E-02  4.32737463E-04
3.96411412E-01  3.12925130E-02  4.42145189E-04
3.96710027E-01  3.03543080E-02  4.35997325E-04
3.97008642E-01  2.98822261E-02  4.30506334E-04
3.97307257E-01  2.97762249E-02  4.30365966E-04
3.97605872E-01  3.07297055E-02  4.38370014E-04
3.97904487E-01  2.98304576E-02  4.32962494E-04
3.98203102E-01  3.08129601E-02  4.35282505E-04
3.98501717E-01  2.97562052E-02  4.28779778E-04
3.98800332E-01  2.99000982E-02  4.30540473E-04
3.99098947E-01  3.05232499E-02  4.35424823E-04
3.99397562E-01  3.07535920E-02  4.38443152E-04
3.99696177E-01  3.04896925E-02  4.34769230E-04
3.99994792E-01  3.05859819E-02  4.34204238E-04
4.00293407E-01  2.94689629E-02  4.27535677E-04
4.00592022E-01  3.00645269E-02  4.30593122E-04
4.00890637E-01  3.05311549E-02  4.33819485E-04
4.01189252E-01  2.97224261E-02  4.27627587E-04
4.01487867E-01  3.07375845E-02  4.36752685E-04
4.01786482E-01  3.12432256E-02  4.39696683E-04
4.02085097E-01  2.98788026E-02  4.26318322E-04
4.02383712E-01  2.90552955E-02  4.25767183E-04
4.02682327E-01  2.95636021E-02  4.23766556E-04
4.02980942E-01  3.02085504E-02  4.32257017E-04
4.03279557E-01  2.97002904E-02  4.26867569E-04
4.03578172E-01  3.01068276E-02  4.27445164E-04
4.03876787E-01  3.03201433E-02  4.32747649E-04
4.04175402E-01  2.97179222E-02  4.25280101E-04
4.04474017E-01  3.03976405E-02  4.32577915E-04
4.04772632E-01  3.03069130E-02  4.29680018E-04
4.05071247E-01  2.97072846E-02  4.25913633E-04
4.05369862E-01  2.94379760E-02  4.27852239E-04
4.05668477E-01  3.00416779E-02  4.24302270E-04
4.05967092E-01  2.88683884E-02  4.19662509E-04
4.06265707E-01  3.02203577E-02  4.28668340E-04
4.06564322E-01  2.94639114E-02  4.22772137E-04
4.06862937E-01  2.93285120E-02  4.26036393E-04
4.07161552E-01  2.87214965E-02  4.15947899E-04
4.07460167E-01  2.93609127E-02  4.23435529E-04
4.07758782E-01  2.98751425E-02  4.23430873E-04
4.08057397E-01  2.92432979E-02  4.20995726E-04
4.08356012E-01  2.99478024E-02  4.27651248E-04
4.08654627E-01  2.90115643E-02  4.17270639E-04
4.08953242E-01  2.97783688E-02  4.27152321E-04
4.09251857E-01  2.94355135E-02  4.21195582E-04
4.09550472E-01  2.93909106E-02  4.21074947E-04
4.09849087E-01  2.88390052E-02  4.17299743E-04
4.10147702E-01  2.92309783E-02  4.18268843E-04
4.10446317E-01  2.95070559E-02  4.24704864E-04
4.10744932E-01  2.91037560E-02  4.19117161E-04
4.11043547E-01  2.87562739E-02  4.13043803E-04
4.11342162E-01  2.88914647E-02  4.17491014E-04
4.11640777E-01  2.87823379E-02  4.17486241E-04
4.11939392E-01  2.87882388E-02  4.17923700E-04
4.12238007E-01  2.93613151E-02  4.17661213E-04
4.12536622E-01  2.93924380E-02  4.20020573E-04
4.12835237E-01  2.88117081E-02  4.14310431E-04
4.13133852E-01  2.89922263E-02  4.17251518E-04
4.13432467E-01  3.02091762E-02  4.25523554E-04
4.13731082E-01  2.83940714E-02  4.11206100E-04
4.14029697E-01  2.96011716E-02  4.21713630E-04
4.14328312E-01  2.89079528E-02  4.15393879E-04
4.14626927E-01  2.85956189E-02  4.14298760E-04
4.14925542E-01  2.86468025E-02  4.11047571E-04
4.15224157E-01  2.88307071E-02  4.15228104E-04
4.15522772E-01  2.86969263E-02  4.14939888E-04
4.15821387E-01  2.90886573E-02  4.14875452E-04
4.16120002E-01  2.86557134E-02  4.12536669E-04
4.16418617E-01  2.85129175E-02  4.12365451E-04
4.16717232E-01  2.75522880E-02  4.04612336E-04
4.17015847E-01  2.76846159E-02  4.06994717E-04
4.17314462E-01  2.86786761E-02  4.08861815E-04
4.17613077E-01  2.86534969E-02  4.12718655E-04
4.17911692E-01  2.85938159E-02  4.10964742E-04
4.18210307E-01  2.78978292E-02  4.08849941E-04
4.18508922E-01  2.83954516E-02  4.08324675E-04
4.18807537E-01  2.79797800E-02  4.05418919E-04
4.19106152E-01  2.80006137E-02  4.07997111E-04
4.19404767E-01  2.80392878E-02  4.07997955E-04
4.19703382E-01  2.80034039E-02  4.04489372E-04
4.20001997E-01  2.73932144E-02  4.01886471E-04
4.20300612E-01  2.77444907E-02  4.02983802E-04
4.20599227E-01  2.84963604E-02  4.11695684E-04
4.20897842E-01  2.76405010E-02  4.02963866E-04
4.21196457E-01  2.77181491E-02  4.02431440E-04
4.21495072E-01  2.78237220E-02  4.04947059E-04
4.21793687E-01  2.81153601E-02  4.05768020E-04
4.22092302E-01  2.79697683E-02  4.06943320E-04
4.22390917E-01  2.68314872E-02  3.92842921E-04
4.22689532E-01  2.72976141E-02  4.01565776E-04
4.22988147E-01  2.74300687E-02  3.99981014E-04
4.23286762E-01  2.66300905E-02  3.96537624E-04
4.23585377E-01  2.73175556E-02  3.98892065E-04
4.23883992E-01  2.65921485E-02  3.92763497E-04
4.24182607E-01  2.80620977E-02  4.03656304E-04
4.24481222E-01  2.76480019E-02  4.02944745E-04
4.24779837E-01  2.74341200E-02  3.99657874E-04
4.25078452E-01  2.73638535E-02  3.97622935E-04
4.25377067E-01  2.64256094E-02  3.93492752E-04
4.25675682E-01  2.68836990E-02  3.93945287E-04
4.25974297E-01  2.66314801E-02  3.95115378E-04
4.26272912E-01  2.68135890E-02  3.92118818E-04
4.26571527E-01  2.62332540E-02  3.92153073E-04
4.26870142E-01  2.70398092E-02  3.95004899E-04
4.27168757E-01  2.62046698E-02  3.89469496E-04
4.27467372E-01  2.60869674E-02  3.87292588E-04
4.27765987E-01  2.60153599E-02  3.89113324E-04
4.28064602E-01  2.69771535E-02  3.94552975E-04
4.28363217E-01  2.57539060E-02  3.86545405E-04
4.28661832E-01  2.64019128E-02  3.90764413E-04
4.28960447E-01  2.62560006E-02  3.89073888E-04
4.29259062E-01  2.57546473E-02  3.84826591E-04
4.29557677E-01  2.69598011E-02  3.94257018E-04
4.29856292E-01  2.62753870E-02  3.87577980E-04
4.30154907E-01  2.58471388E-02  3.85263585E-04
4.30453522E-01  2.60560885E-02  3.88205633E-04
4.30752137E-01  2.60721613E-02  3.87371721E-04
4.31050752E-01  2.67208666E-02  3.90595844E-04
4.31349367E-01  2.51716282E-02  3.79778794E-04
4.31647982E-01  2.53555514E-02  3.80995829E-04
4.31946597E-01  2.63118222E-02  3.90201050E-04
4.32245212E-01  2.54152603E-02  3.80350364E-04
4.32543827E-01  2.57050525E-02  3.84472020E-04
4.32842442E-01  2.56812088E-02  3.86456784E-04
4.33141057E-01  2.57460047E-02  3.82737082E-04
4.33439672E-01  2.53712013E-02  3.82398372E-04
4.33738287E-01  2.58318745E-02  3.83801613E-04
4.34036902E-01  2.58902702E-02  3.86206899E-04
4.34335517E-01  2.55568121E-02  3.83285107E-04
4.34634132E-01  2.56256536E-02  3.84231127E-04
4.34932747E-01  2.56330781E-02  3.82327824E-04
4.35231362E-01  2.50335168E-02  3.78082506E-04
4.35529977E-01  2.58799754E-02  3.86569824E-04
4.35828592E-01  2.51660813E-02  3.80605896E-04
4.36127207E-01  2.59414520E-02  3.84201878E-04
4.36425822E-01  2.53255181E-02  3.80287034E-04
4.36724437E-01  2.51704566E-02  3.79458914E-04
4.37023052E-01  2.59774346E-02  3.85666441E-04
4.37321667E-01  2.57828962E-02  3.82021244E-04
4.37620282E-01  2.54155863E-02  3.82070488E-04
4.37918897E-01  2.62238514E-02  3.87323787E-04
4.38217512E-01  2.51520462E-02  3.80002690E-04
4.38516127E-01  2.55795661E-02  3.80852463E-04
4.38814742E-01  2.49586310E-02  3.74313968E-04
4.39113357E-01  2.47838795E-02  3.76378361E-04
4.39411972E-01  2.51333117E-02  3.78855882E-04
4.39710587E-01  2.46626958E-02  3.73805960E-04
4.40009202E-01  2.54251156E-02  3.80967424E-04
4.40307817E-01  2.52183303E-02  3.76099866E-04
4.40606432E-01  2.51629241E-02  3.79000965E-04
4.40905047E-01  2.51723249E-02  3.77986697E-04
4.41203662E-01  2.50902101E-02  3.75066069E-04
4.41502277E-01  2.58706976E-02  3.82860162E-04
4.41800892E-01  2.53001116E-02  3.78034922E-04
4.42099507E-01  2.54863296E-02  3.79674719E-04
4.42398122E-01  2.53755394E-02  3.77856602E-04
4.42696737E-01  2.48745792E-02  3.74191353E-04
4.42995352E-01  2.52609085E-02  3.77913471E-04
4.43293967E-01  2.50647906E-02  3.77522898E-04
4.43592582E-01  2.52182670E-02  3.78761964E-04
4.43891197E-01  2.58039795E-02  3.79470264E-04
4.44189812E-01  2.52934806E-02  3.78995028E-04
4.44488427E-01  2.57539414E-02  3.80590878E-04
4.44787042E-01  2.54026148E-02  3.79397155E-04
4.45085657E-01  2.51469072E-02  3.76081734E-04
4.45384272E-01  2.48348638E-02  3.74314608E-04
4.45682887E-01  2.51019690E-02  3.78986704E-04
4.45981502E-01  2.53733788E-02  3.77364486E-04
4.46280117E-01  2.55465321E-02  3.79478355E-04
4.46578732E-01  2.48973221E-02  3.74872936E-04
4.46877347E-01  2.45936755E-02  3.73317685E-04
4.47175962E-01  2.54659299E-02  3.83695413E-04
4.47474577E-01  2.46324223E-02  3.71094793E-04
4.47773192E-01  2.54624225E-02  3.79192381E-04
4.48071807E-01  2.48583890E-02  3.74669151E-04
4.48370422E-01  2.53133178E-02  3.79164558E-04
4.48669037E-01  2.47058365E-02  3.73602554E-04
4.48967652E-01  2.54186951E-02  3.78541183E-04
4.49266267E-01  2.51884442E-02  3.78399447E-04
4.49564882E-01  2.43915655E-02  3.72531445E-04
4.49863497E-01  2.44654175E-02  3.71542061E-04
4.50162112E-01  2.52518132E-02  3.78796132E-04
4.50460727E-01  2.52915714E-02  3.79179313E-04
4.50759342E-01  2.49218792E-02  3.76482320E-04
4.51057957E-01  2.50718407E-02  3.77116114E-04
4.51356572E-01  2.55852193E-02  3.78469616E-04
4.51655187E-01  2.44753845E-02  3.73593793E-04
4.51953802E-01  2.45419685E-02  3.72704584E-04
4.52252417E-01  2.49501299E-02  3.79560224E-04
4.52551032E-01  2.57199351E-02  3.80795856E-04
4.52849647E-01  2.53461078E-02  3.78849072E-04
4.53148262E-01  2.48423312E-02  3.75066709E-04
4.53446877E-01  2.46411897E-02  3.73137271E-04
4.53745492E-01  2.51300875E-02  3.77650606E-04
4.54044107E-01  2.45635808E-02  3.74112889E-04
4.54342722E-01  2.46527605E-02  3.74214578E-04
4.54641337E-01  2.51386091E-02  3.78720666E-04
4.54939952E-01  2.43785437E-02  3.71639704E-04
4.55238567E-01  2.46408693E-02  3.73389368E-04
4.55537182E-01  2.47342158E-02  3.76668031E-04
4.55835797E-01  2.54247040E-02  3.80875746E-04
4.56134412E-01  2.44790073E-02  3.72738345E-04
4.56433027E-01  2.51816493E-02  3.78468219E-04
4.56731642E-01  2.55468693E-02  3.80449987E-04
4.57030257E-01  2.49797478E-02  3.77701450E-04
4.57328872E-01  2.47394983E-02  3.74970026E-04
4.57627487E-01  2.48030871E-02  3.75287782E-04
4.57926102E-01  2.48986427E-02  3.76260112E-04
4.58224717E-01  2.49783974E-02  3.78200173E-04
4.58523332E-01  2.55585201E-02  3.81300604E-04
4.58821947E-01  2.51398534E-02  3.75934207E-04
4.59120562E-01  2.57062353E-02  3.83760635E-04
4.59419177E-01  2.50826012E-02  3.78910278E-04
4.59717792E-01  2.52032727E-02  3.79737932E-04
4.60016407E-01  2.51732711E-02  3.78256838E-04
4.60315022E-01  2.46937461E-02  3.74061812E-04
4.60613637E-01  2.51592416E-02  3.79074510E-04
4.60912252E-01  2.55175624E-02  3.82954982E-04
4.61210867E-01  2.49293018E-02  3.76508542E-04
4.61509482E-01  2.52538156E-02  3.82941391E-04
4.61808097E-01  2.55693942E-02  3.94028670E-04
4.62106712E-01  2.49062907E-02  3.90545785E-04
4.62405327E-01  2.49774903E-02  3.94682196E-04
4.62703942E-01  2.51227636E-02  3.95352283E-04
4.63002557E-01  2.51497105E-02  4.02820995E-04
4.63301172E-01  2.50608977E-02  4.03526268E-04
4.63599787E-01  2.57165246E-02  4.10951820E-04
4.63898402E-01  2.52520572E-02  4.09104512E-04
4.64197017E-01  2.51910612E-02  4.09137749E-04
4.64495632E-01  2.46172268E-02  4.09548316E-04
4.64794247E-01  2.52356865E-02  4.15321352E-04
4.65092862E-01  2.50587687E-02  4.11796704E-04
4.65391477E-01  2.48553753E-02  4.16284805E-04
4.65690092E-01  2.48073097E-02  4.15771443E-04
4.65988707E-01  2.53786594E-02  4.24216763E-04
4.66287322E-01  2.54776143E-02  4.25395701E-04
4.66585937E-01  2.58544013E-02  4.29004227E-04
4.66884552E-01  2.56809350E-02  4.32852074E-04
4.67183167E-01  2.46058479E-02  4.25505510E-04
4.67481782E-01  2.45347451E-02  4.19658027E-04
4.67780397E-01  2.51042489E-02  4.30534303E-04
4.68079012E-01  2.44677030E-02  4.26510058E-04
4.68377627E-01  2.42718700E-02  4.27271327E-04
4.68676242E-01  2.54891180E-02  4.38880845E-04
4.68974857E-01  2.47563124E-02  4.32527799E-04
4.69273472E-01  2.43592318E-02  4.33125737E-04
4.69572087E-01  2.49498114E-02  4.37043927E-04
4.69870702E-01  2.52130944E-02  4.41182288E-04
4.70169317E-01  2.55270451E-02  4.46197926E-04
4.70467932E-01  2.50953101E-02  4.43349592E-04
4.70766547E-01  2.48407312E-02  4.45721555E-04
4.71065162E-01  2.49694139E-02  4.46737948E-04
4.71363777E-01  2.52962168E-02  4.46620223E-04
4.71662392E-01  2.47926097E-02  4.47240338E-04
4.71961007E-01  2.45997403E-02  4.46898805E-04
4.72259622E-01  2.49282941E-02  4.53166809E-04
4.72558237E-01  2.45393459E-02  4.47057508E-04
4.72856852E-01  2.50347033E-02  4.44995472E-04
4.73155467E-01  2.46024374E-02  4.37796261E-04
4.73454082E-01  2.48819627E-02  4.35055204E-04
4.73752697E-01  2.60534044E-02  4.38383431E-04
4.74051312E-01  2.45400071E-02  4.25705744E-04
4.74349927E-01  2.41392702E-02  4.19702352E-04
4.74648542E-01  2.58032586E-02  4.34051501E-04
4.74947157E-01  2.37844456E-02  4.12660796E-04
4.75245772E-01  2.47903839E-02  4.20599099E-04
4.75544387E-01  2.52067950E-02  4.23299993E-04
4.75843002E-01  2.49259006E-02  4.21867357E-04
4.76141617E-01  2.43169814E-02  4.13043104E-04
4.76440232E-01  2.53623184E-02  4.21944133E-04
4.76738847E-01  2.54216082E-02  4.20839118E-04
4.77037462E-01  2.49750521E-02  4.17353673E-04
4.77336077E-01  2.44533122E-02  4.13868867E-04
4.77634692E-01  2.49590129E-02  4.14432347E-04
4.77933307E-01  2.49983612E-02  4.15314775E-04
4.78231922E-01  2.54309829E-02  4.16342285E-04
4.78530537E-01  2.52849627E-02  4.19151766E-04
4.78829152E-01  2.45456528E-02  4.06784355E-04
4.79127767E-01  2.49309242E-02  4.11365530E-04
4.79426382E-01  2.40977351E-02  4.06687497E-04
4.79724997E-01  2.55076736E-02  4.16538562E-04
4.80023612E-01  2.50963345E-02  4.12191468E-04
4.80322227E-01  2.53911540E-02  4.12877940E-04
4.80620842E-01  2.55635157E-02  4.16341674E-04
4.80919457E-01  2.47566607E-02  4.08434571E-04
4.81218072E-01  2.53239088E-02  4.12658293E-04
4.81516687E-01  2.53088530E-02  4.13291855E-04
4.81815302E-01  2.45180763E-02  4.02802631E-04
4.82113917E-01  2.44756564E-02  4.06967825E-04
4.82412532E-01  2.48890985E-02  4.07307118E-04
4.82711147E-01  2.50067711E-02  4.07220243E-04
4.83009762E-01  2.51091309E-02  4.09212778E-04
4.83308377E-01  2.53542196E-02  4.12059511E-04
4.83606992E-01  2.45458055E-02  4.03040671E-04
4.83905607E-01  2.45781429E-02  4.04554507E-04
4.84204222E-01  2.45177764E-02  4.02092875E-04
4.84502837E-01  2.55299415E-02  4.12956637E-04
4.84801452E-01  2.48836968E-02  4.05916304E-04
4.85100067E-01  2.47131512E-02  4.01853147E-04
4.85398682E-01  2.58970596E-02  4.13678383E-04
4.85697297E-01  2.50720233E-02  4.06829000E-04
4.85995912E-01  2.52273846E-02  4.09242231E-04
4.86294527E-01  2.57138014E-02  4.09915083E-04
4.86593142E-01  2.42890548E-02  3.99309589E-04
4.86891757E-01  2.40918882E-02  3.98498902E-04
4.87190372E-01  2.49208082E-02  4.05712810E-04
4.87488987E-01  2.44319700E-02  3.97965516E-04
4.87787602E-01  2.54904367E-02  4.09593951E-04
4.88086217E-01  2.43986491E-02  3.98800650E-04
4.88384832E-01  2.38554403E-02  3.95237235E-04
4.88683447E-01  2.47078706E-02  4.03262820E-04
4.88982062E-01  2.47615278E-02  4.01052268E-04
4.89280677E-01  2.41167955E-02  3.98311997E-04
4.89579292E-01  2.57555749E-02  4.09852597E-04
4.89877907E-01  2.50468291E-02  4.03666199E-04
4.90176522E-01  2.47725528E-02  4.00443765E-04
4.90475137E-01  2.51962747E-02  4.05076426E-04
4.90773752E-01  2.47487519E-02  4.01161175E-04
4.91072367E-01  2.45057307E-02  3.99591256E-04
4.91370982E-01  2.54009124E-02  4.05701168E-04
4.91669597E-01  2.42942050E-02  3.97465337E-04
4.91968212E-01  2.47779414E-02  4.02215985E-04
4.92266827E-01  2.42597610E-02  3.97487398E-04
4.92565442E-01  2.45089456E-02  3.97326279E-04
4.92864057E-01  2.48442404E-02  4.01340483E-04
4.93162672E-01  2.47369241E-02  4.01180354E-04
4.93461287E-01  2.50689648E-02  4.03865619E-04
4.93759902E-01  2.47545000E-02  3.98128468E-04
4.94058517E-01  2.45700739E-02  3.98526812E-04
4.94357132E-01  2.43306104E-02  3.95789742E-04
4.94655747E-01  2.43924800E-02  3.99393990E-04
4.94954362E-01  2.52953265E-02  4.01664933E-04
4.95252977E-01  2.47400887E-02  3.99710145E-04
4.95551592E-01  2.50001661E-02  4.03018843E-04
4.95850207E-01  2.43874937E-02  3.97452008E-04
4.96148822E-01  2.52887867E-02  4.02017526E-04
4.96447437E-01  2.48174518E-02  4.00542078E-04
4.96746052E-01  2.46665608E-02  3.98626289E-04
4.97044667E-01  2.49779578E-02  4.03764105E-04
4.97343282E-01  2.44444236E-02  3.94572940E-04
4.97641897E-01  2.48487704E-02  3.97237280E-04
4.97940512E-01  2.49521323E-02  4.02140024E-04
4.98239127E-01  2.45786961E-02  3.97726020E-04
4.98537742E-01  2.44640894E-02  3.97593016E-04
4.98836357E-01  2.46980600E-02  3.97015392E-04
4.99134972E-01  2.43669562E-02  3.96014395E-04
4.99433587E-01  2.42677685E-02  3.96396732E-04
4.99732202E-01  2.48361956E-02  3.98721109E-04
5.00030817E-01  2.42769476E-02  3.93720489E-04
5.00329432E-01  2.49561127E-02  4.00182384E-04
5.00628047E-01  2.48793270E-02  3.99568031E-04
5.00926662E-01  2.50118580E-02  4.02841077E-04
5.01225277E-01  2.44856812E-02  3.93957918E-04
5.01523892E-01  2.45474055E-02  3.94746719E-04
5.01822507E-01  2.57530827E-02  4.06228326E-04
5.02121122E-01  2.53024306E-02  4.03562415E-04
5.02419737E-01  2.47977357E-02  3.98823846E-04
5.02718352E-01  2.51193754E-02  4.01204510E-04
5.03016967E-01  2.47100368E-02  3.97825177E-04
5.03315582E-01  2.43885778E-02  3.96313466E-04
5.03614197E-01  2.43606437E-02  3.92964750E-04
5.03912812E-01  2.48973649E-02  3.99137702E-04
5.04211427E-01  2.49017067E-02  3.98287142E-04
5.04510042E-01  2.45446544E-02  3.97487544E-04
5.04808657E-01  2.44143084E-02  3.93114984E-04
5.05107272E-01  2.43023988E-02  3.94444622E-04
5.05405887E-01  2.47020666E-02  3.96108662E-04
5.05704502E-01  2.41688639E-02  3.94833856E-04
5.06003117E-01  2.47485507E-02  3.97365249E-04
5.06301732E-01  2.44821329E-02  3.95027280E-04
5.06600347E-01  2.42328253E-02  3.91565729E-04
5.06898962E-01  2.43270844E-02  3.94949340E-04
5.07197577E-01  2.49195639E-02  4.00627789E-04
5.07496192E-01  2.43944637E-02  3.91629495E-04
5.07794807E-01  2.44277064E-02  3.97054158E-04
5.08093422E-01  2.47782227E-02  3.97125637E-04
5.08392037E-01  2.52215918E-02  4.01456899E-04
5.08690652E-01  2.45456547E-02  3.93904484E-04
5.08989267E-01  2.46452279E-02  3.96063813E-04
5.09287882E-01  2.47654095E-02  3.98406992E-04
5.09586497E-01  2.52191313E-02  4.00455057E-04
5.09885112E-01  2.45027654E-02  3.94437055E-04
5.10183727E-01  2.42005512E-02  3.92481510E-04
5.10482342E-01  2.47587748E-02  3.96203803E-04
5.10780957E-01  2.48228069E-02  3.97891301E-04
5.11079572E-01  2.48333495E-02  3.97193799E-04
5.11378187E-01  2.45851967E-02  3.95303330E-04
5.11676802E-01  2.42699888E-02  3.95694631E-04
5.11975417E-01  2.43963674E-02  3.92724323E-04
5.12274032E-01  2.48996131E-02  3.97339871E-04
5.12572647E-01  2.46063638E-02  3.95286130E-04
5.12871262E-01  2.48946454E-02  3.97108961E-04
5.13169877E-01  2.48170849E-02  3.99341661E-04
5.13468492E-01  2.48033348E-02  3.94549599E-04
5.13767107E-01  2.44609229E-02  3.93254304E-04
5.14065722E-01  2.45919805E-02  3.96644842E-04
5.14364337E-01  2.56293137E-02  4.04225750E-04
5.14662952E-01  2.55035032E-02  4.02341539E-04
5.14961567E-01  2.51649227E-02  3.98490549E-04
5.15260182E-01  2.46527959E-02  3.96749412E-04
5.15558797E-01  2.46928446E-02  3.95706476E-04
5.15857412E-01  2.47137453E-02  3.95584531E-04
5.16156027E-01  2.43782792E-02  3.93761846E-04
5.16454642E-01  2.44470965E-02  3.94513336E-04
5.16753257E-01  2.43337583E-02  3.92633199E-04
5.17051872E-01  2.47116163E-02  3.97233322E-04
5.17350487E-01  2.44437605E-02  3.92370363E-04
5.17649102E-01  2.48924084E-02  3.97022755E-04
5.17947717E-01  2.40728837E-02  3.90052097E-04
5.18246332E-01  2.44755913E-02  3.93591850E-04
5.18544947E-01  2.47346312E-02  3.96937161E-04
5.18843562E-01  2.52308249E-02  4.01197467E-04
5.19142177E-01  2.39735544E-02  3.89158522E-04
5.19440792E-01  2.44229883E-02  3.92695190E-04
5.19739407E-01  2.42875870E-02  3.91990296E-04
5.20038022E-01  2.44322065E-02  3.95097013E-04
5.20336637E-01  2.47251168E-02  3.95412120E-04
5.20635252E-01  2.48839036E-02  3.96584539E-04
5.20933867E-01  2.40092073E-02  3.89840017E-04
5.21232482E-01  2.44685411E-02  3.93072114E-04
5.21531097E-01  2.49289256E-02  3.98315082E-04
5.21829712E-01  2.42950004E-02  3.92929622E-04
5.22128327E-01  2.48066746E-02  3.96463001E-04
5.22426942E-01  2.48917751E-02  3.95306794E-04
5.22725557E-01  2.49579120E-02  3.97966272E-04
5.23024172E-01  2.47024354E-02  3.95150448E-04
5.23322787E-01  2.45325584E-02  3.94661067E-04
5.23621402E-01  2.44690124E-02  3.93282709E-04
5.23920017E-01  2.47035213E-02  3.97308584E-04
5.24218632E-01  2.50811372E-02  3.96915042E-04
5.24517247E-01  2.46225968E-02  3.94327653E-04
5.24815862E-01  2.43331604E-02  3.93546798E-04
5.25114477E-01  2.47951001E-02  3.95420444E-04
5.25413092E-01  2.50563491E-02  3.98473523E-04
5.25711707E-01  2.40645185E-02  3.90892703E-04
5.26010322E-01  2.50322837E-02  3.96539370E-04
5.26308937E-01  2.43944917E-02  3.92795919E-04
5.26607552E-01  2.49896664E-02  3.97463329E-04
5.26906167E-01  2.50925180E-02  3.97893135E-04
5.27204782E-01  2.41125822E-02  3.92450835E-04
5.27503397E-01  2.46995594E-02  3.95155017E-04
5.27802012E-01  2.39086021E-02  3.88873450E-04
5.28100627E-01  2.45546270E-02  3.94964998E-04
5.28399242E-01  2.49402355E-02  3.94389033E-04
5.28697857E-01  2.47409604E-02  3.96172429E-04
5.28996472E-01  2.41696537E-02  3.90902365E-04
5.29295087E-01  2.50559077E-02  3.99376586E-04
5.29593702E-01  2.42867377E-02  3.90706467E-04
5.29892317E-01  2.49492992E-02  3.96871474E-04
5.30190932E-01  2.45849080E-02  3.95708077E-04
5.30489547E-01  2.46897954E-02  3.94998788E-04
5.30788162E-01  2.41280012E-02  3.89719324E-04
5.31086777E-01  2.39417646E-02  3.89258406E-04
5.31385392E-01  2.43866555E-02  3.90950358E-04
5.31684007E-01  2.46188082E-02  3.94824310E-04
5.31982622E-01  2.51892470E-02  3.99276410E-04
5.32281237E-01  2.45255847E-02  3.93886847E-04
5.32579852E-01  2.46418770E-02  3.95499577E-04
5.32878467E-01  2.49503311E-02  3.97189491E-04
5.33177082E-01  2.44519059E-02  3.93975817E-04
5.33475697E-01  2.47283578E-02  3.93406721E-04
5.33774312E-01  2.47703064E-02  3.95276438E-04
5.34072927E-01  2.41936427E-02  3.93249618E-04
5.34371542E-01  2.47525014E-02  3.93890514E-04
5.34670157E-01  2.52252687E-02  3.96867108E-04
5.34968772E-01  2.41507571E-02  3.92035028E-04
5.35267387E-01  2.51878072E-02  3.98603122E-04
5.35566002E-01  2.48899069E-02  3.97894852E-04
5.35864617E-01  2.41026171E-02  3.88600281E-04
5.36163232E-01  2.45507266E-02  3.94596078E-04
5.36461847E-01  2.43446212E-02  3.92553076E-04
5.36760462E-01  2.47668754E-02  3.95171373E-04
5.37059077E-01  2.38847844E-02  3.87411390E-04
5.37357692E-01  2.48330720E-02  3.97647382E-04
5.37656307E-01  2.46246364E-02  3.92701972E-04
5.37954922E-01  2.40185820E-02  3.92431160E-04
5.38253537E-01  2.51660869E-02  3.94522562E-04
5.38552152E-01  2.49831080E-02  3.96807271E-04
5.38850767E-01  2.44132914E-02  3.93506925E-04
5.39149382E-01  2.50787605E-02  3.99031793E-04
5.39447997E-01  2.46056598E-02  3.93803988E-04
5.39746612E-01  2.43107025E-02  3.92108108E-04
5.40045227E-01  2.42515597E-02  3.90393223E-04
5.40343842E-01  2.51749586E-02  3.99804034E-04
5.40642457E-01  2.44832188E-02  3.92447953E-04
5.40941072E-01  2.41470784E-02  3.89367749E-04
5.41239687E-01  2.49646250E-02  3.99907789E-04
5.41538302E-01  2.40617432E-02  3.89820430E-04
5.41836917E-01  2.52756793E-02  3.99144978E-04
5.42135532E-01  2.51034014E-02  3.95096518E-04
5.42434147E-01  2.52939817E-02  3.99683253E-04
5.42732762E-01  2.46365611E-02  3.95618117E-04
5.43031377E-01  2.50637326E-02  4.00315766E-04
5.43329992E-01  2.45496556E-02  3.90910165E-04
5.43628607E-01  2.45559998E-02  3.93817027E-04
5.43927222E-01  2.43061278E-02  3.92289512E-04
5.44225837E-01  2.41011735E-02  3.90921254E-04
5.44524452E-01  2.48642415E-02  3.94174247E-04
5.44823067E-01  2.50990186E-02  3.98447301E-04
5.45121682E-01  2.55301911E-02  4.01366502E-04
5.45420297E-01  2.47342754E-02  3.95255425E-04
5.45718912E-01  2.43510082E-02  3.91133537E-04
5.46017527E-01  2.39281505E-02  3.88575078E-04
5.46316142E-01  2.49532927E-02  3.96233780E-04
5.46614757E-01  2.41708513E-02  3.92464630E-04
5.46913372E-01  2.49857474E-02  3.94960633E-04
5.47211987E-01  2.47299485E-02  3.95135838E-04
5.47510602E-01  2.42131595E-02  3.91657202E-04
5.47809217E-01  2.48291604E-02  3.95160430E-04
5.48107832E-01  2.42659580E-02  3.92665388E-04
5.48406447E-01  2.45957114E-02  3.93493596E-04
5.48705062E-01  2.44517252E-02  3.91390466E-04
5.49003677E-01  2.51796599E-02  4.00586519E-04
5.49302292E-01  2.49083601E-02  3.93983530E-04
5.49600907E-01  2.50503160E-02  3.98579228E-04
5.49899522E-01  2.43310034E-02  3.91570618E-04
5.50198137E-01  2.40876935E-02  3.90753994E-04
5.50496752E-01  2.47233026E-02  3.94526345E-04
5.50795367E-01  2.46288199E-02  3.92818649E-04
5.51093982E-01  2.52135973E-02  3.98811564E-04
5.51392597E-01  2.49249376E-02  3.97592143E-04
5.51691212E-01  2.50323657E-02  3.97089083E-04
5.51989827E-01  2.52914298E-02  3.98946257E-04
5.52288442E-01  2.49976274E-02  3.94803268E-04
5.52587057E-01  2.46586725E-02  3.93545139E-04
5.52885672E-01  2.44251210E-02  3.91869282E-04
5.53184287E-01  2.53226105E-02  3.97367170E-04
5.53482902E-01  2.42956765E-02  3.89792520E-04
5.53781517E-01  2.46784817E-02  3.93710885E-04
5.54080132E-01  2.57027913E-02  4.01508092E-04
5.54378747E-01  2.55144089E-02  3.96778167E-04
5.54677362E-01  2.46266313E-02  3.91689216E-04
5.54975977E-01  2.49257945E-02  3.95398558E-04
5.55274592E-01  2.48509031E-02  3.93567374E-04
5.55573207E-01  2.50134356E-02  3.90548987E-04
5.55871822E-01  2.41037086E-02  3.86215863E-04
5.56170437E-01  2.48349328E-02  3.93068040E-04
5.56469052E-01  2.43899133E-02  3.90001573E-04
5.56767667E-01  2.44673751E-02  3.88566899E-04
5.57066282E-01  2.47420836E-02  3.91304522E-04
5.57364897E-01  2.44105048E-02  3.85915715E-04
5.57663512E-01  2.44173482E-02  3.88360553E-04
5.57962127E-01  2.48444751E-02  3.90441477E-04
5.58260742E-01  2.47824360E-02  3.87936539E-04
5.58559357E-01  2.50193700E-02  3.94066912E-04
5.58857972E-01  2.49787346E-02  3.93183116E-04
5.59156587E-01  2.42123250E-02  3.83454084E-04
5.59455202E-01  2.41621509E-02  3.85326450E-04
5.59753817E-01  2.44584810E-02  3.85855354E-04
5.60052432E-01  2.46760827E-02  3.88852932E-04
5.60351047E-01  2.51827128E-02  3.91714653E-04
5.60649662E-01  2.46806759E-02  3.86248983E-04
5.60948277E-01  2.48827469E-02  3.88555840E-04
5.61246892E-01  2.45686583E-02  3.86824075E-04
5.61545507E-01  2.46940404E-02  3.87265201E-04
5.61844122E-01  2.48040017E-02  3.85870517E-04
5.62142737E-01  2.44068969E-02  3.86100030E-04
5.62441352E-01  2.44757943E-02  3.83936975E-04
5.62739967E-01  2.42930148E-02  3.82058235E-04
5.63038582E-01  2.47068238E-02  3.86468950E-04
5.63337197E-01  2.46606003E-02  3.84852377E-04
5.63635812E-01  2.49286443E-02  3.89938708E-04
5.63934427E-01  2.43709777E-02  3.82057857E-04
5.64233042E-01  2.48670261E-02  3.85038147E-04
5.64531657E-01  2.50741560E-02  3.88524873E-04
5.64830272E-01  2.42826957E-02  3.81990423E-04
5.65128887E-01  2.41527464E-02  3.81411985E-04
5.65427502E-01  2.50190478E-02  3.85776832E-04
5.65726117E-01  2.42766067E-02  3.81328864E-04
5.66024732E-01  2.44950429E-02  3.82688333E-04
5.66323347E-01  2.38458198E-02  3.77934193E-04
5.66621962E-01  2.49466076E-02  3.83204868E-04
5.66920577E-01  2.49194037E-02  3.86173313E-04
5.67219192E-01  2.42741145E-02  3.81760969E-04
5.67517807E-01  2.46537477E-02  3.84558167E-04
5.67816422E-01  2.52281222E-02  3.84234125E-04
5.68115037E-01  2.43117567E-02  3.79778503E-04
5.68413652E-01  2.44035441E-02  3.80933547E-04
5.68712267E-01  2.47724615E-02  3.83804028E-04
5.69010882E-01  2.43115891E-02  3.79174919E-04
5.69309497E-01  2.47301422E-02  3.82689323E-04
5.69608112E-01  2.48336382E-02  3.84106970E-04
5.69906727E-01  2.44555604E-02  3.80128040E-04
5.70205342E-01  2.39692796E-02  3.74794588E-04
5.70503957E-01  2.41650362E-02  3.79342440E-04
5.70802572E-01  2.49263905E-02  3.84302431E-04
5.71101187E-01  2.47729365E-02  3.84088082E-04
5.71399802E-01  2.42537018E-02  3.78134166E-04
5.71698417E-01  2.47041471E-02  3.82241298E-04
5.71997032E-01  2.44368743E-02  3.81919410E-04
5.72295647E-01  2.44583096E-02  3.81648977E-04
5.72594262E-01  2.42221821E-02  3.78240802E-04
5.72892877E-01  2.45076679E-02  3.77801887E-04
5.73191492E-01  2.41941698E-02  3.79239471E-04
5.73490107E-01  2.50286777E-02  3.86615342E-04
5.73788722E-01  2.53865514E-02  3.87321488E-04
5.74087337E-01  2.43798830E-02  3.80610581E-04
5.74385952E-01  2.46531907E-02  3.83710169E-04
5.74684567E-01  2.42168792E-02  3.79688718E-04
5.74983182E-01  2.38920059E-02  3.75241390E-04
5.75281797E-01  2.46592071E-02  3.80183134E-04
5.75580412E-01  2.43576895E-02  3.81147634E-04
5.75879027E-01  2.47351378E-02  3.82858329E-04
5.76177642E-01  2.49159932E-02  3.84874700E-04
5.76476257E-01  2.51368061E-02  3.84902378E-04
5.76774872E-01  2.44984236E-02  3.81903141E-04
5.77073487E-01  2.44827494E-02  3.81519727E-04
5.77372102E-01  2.44234428E-02  3.81849444E-04
5.77670717E-01  2.40306091E-02  3.76259908E-04
5.77969332E-01  2.51273569E-02  3.86072468E-04
5.78267947E-01  2.46235430E-02  3.83063161E-04
5.78566562E-01  2.41965503E-02  3.78858123E-04
5.78865177E-01  2.43819375E-02  3.78663593E-04
5.79163792E-01  2.43418086E-02  3.80433659E-04
5.79462407E-01  2.45704185E-02  3.81867227E-04
5.79761022E-01  2.37229001E-02  3.76696378E-04
5.80059637E-01  2.42580008E-02  3.77193966E-04
5.80358252E-01  2.51934025E-02  3.86950240E-04
5.80656867E-01  2.43067872E-02  3.80957936E-04
5.80955482E-01  2.46652830E-02  3.83758947E-04


### HEADER:
#
#{
#    "analysis": {},
#    "calibration_params": {
#        "Beam_Center_X": 1061.0,
#        "Beam_Center_Y": 2093.0,
#        "Detector Tilt": 0.0,
#        "Detector Tilt Plane Rotation": 0.0,
#        "Detector_X_Pixel_Size": 75.0,
#        "Detector_Y_Pixel_Size": 75.0,
#        "Integration Method": "nosplit_csr",
#        "Radial_Average_Method": "pyFAI",
#        "Sample-to-detector distance (mm)": 1782.0,
#        "Wavelength (A)": 0.8823505857220345
#    },
#    "config_file": "/Users/jwinnikoff/Documents/MBARI/SAXS/HPSAXS_7A_Feb2023/HPSAXS_02_19_23.cfg",
#    "counters": {
#        "Epoch": "98.963",
#        "I1": "0",
#        "I2": "0",
#        "I3": "0",
#        "Seconds": "1",
#        "Time": "1.50204e-05",
#        "date": "Sun Feb 19 20:08:16 2023",
#        "diode": "60566"
#    },
#    "filename": "JWL0322_35C_010MPa_up_1_data_000001_00001.h5",
#    "history": {},
#    "imageHeader": {},
#    "load_path": "/Users/jwinnikoff/Documents/MBARI/SAXS/HPSAXS_7A_Feb2023/JWL0322_DOPE_TS+/JWL0322_35C_010MPa_up_1_data_000001.h5",
#    "normalizations": {
#        "Absolute_scale": {
#            "Absolute_scale_factor": 0.005174693841759343,
#            "Method": "Water"
#        },
#        "Counter_norms": [
#            [
#                "/",
#                "diode/150000"
#            ]
#        ],
#        "Polarization": {
#            "Used": false
#        },
#        "Solid_Angle_Correction": "On"
#    },
#    "raw_version": "2.1.4"
#}

