### DATA:
#
# 1908
#      Q             I(Q)           Error     
1.14966775E-02  0.00000000E+00  0.00000000E+00
1.17952925E-02  4.50314701E-01  2.33164113E-02
1.20939075E-02  4.59369361E-01  1.66521259E-02
1.23925225E-02  4.20132905E-01  1.30027877E-02
1.26911375E-02  3.70705605E-01  1.14730503E-02
1.29897525E-02  3.75597924E-01  1.12231346E-02
1.32883675E-02  3.31227928E-01  1.01259332E-02
1.35869825E-02  3.38599801E-01  9.75018926E-03
1.38855975E-02  3.31632406E-01  9.03929211E-03
1.41842125E-02  2.79472530E-01  8.47275555E-03
1.44828275E-02  3.00814062E-01  8.69826321E-03
1.47814425E-02  2.75070667E-01  8.06939881E-03
1.50800575E-02  2.59894699E-01  7.55303632E-03
1.53786725E-02  2.52750218E-01  7.01542851E-03
1.56772875E-02  2.38289714E-01  6.86739571E-03
1.59759025E-02  2.23692134E-01  6.21127430E-03
1.62745175E-02  2.12951213E-01  5.97555516E-03
1.65731325E-02  2.06445366E-01  5.96702797E-03
1.68717475E-02  2.04074502E-01  5.44828596E-03
1.71703625E-02  1.91072747E-01  5.54591697E-03
1.74689775E-02  1.88638106E-01  5.08719170E-03
1.77675925E-02  1.90777451E-01  5.03092213E-03
1.80662075E-02  1.89716160E-01  5.22176549E-03
1.83648225E-02  1.69252083E-01  4.43256646E-03
1.86634375E-02  1.57582521E-01  4.47504316E-03
1.89620525E-02  1.61573216E-01  4.26970469E-03
1.92606675E-02  1.54973760E-01  4.24148142E-03
1.95592825E-02  1.46058008E-01  4.15784027E-03
1.98578975E-02  1.43555567E-01  3.81629379E-03
2.01565125E-02  1.49442613E-01  4.03163396E-03
2.04551275E-02  1.37209237E-01  3.62586672E-03
2.07537425E-02  1.33259028E-01  3.49113694E-03
2.10523575E-02  1.38022482E-01  3.35544138E-03
2.13509725E-02  1.25543714E-01  3.00364452E-03
2.16495875E-02  1.21514782E-01  2.94629997E-03
2.19482025E-02  1.22383684E-01  2.73863715E-03
2.22468175E-02  1.21668071E-01  2.85665621E-03
2.25454325E-02  1.17626265E-01  2.57603219E-03
2.28440475E-02  1.11852020E-01  2.57284101E-03
2.31426625E-02  1.14113912E-01  2.50814948E-03
2.34412775E-02  1.10999607E-01  2.37789587E-03
2.37398925E-02  1.08217366E-01  2.43693264E-03
2.40385075E-02  1.04583628E-01  2.25184578E-03
2.43371225E-02  1.04195789E-01  2.24766694E-03
2.46357375E-02  1.00318007E-01  2.26537487E-03
2.49343525E-02  9.53809470E-02  2.10047397E-03
2.52329675E-02  9.87741128E-02  2.24312884E-03
2.55315825E-02  9.69861373E-02  2.08247546E-03
2.58301975E-02  9.26046446E-02  2.04629288E-03
2.61288125E-02  9.12233889E-02  2.09889258E-03
2.64274275E-02  9.15428400E-02  1.96923246E-03
2.67260425E-02  9.01480913E-02  2.05787527E-03
2.70246575E-02  8.70656297E-02  1.89407426E-03
2.73232725E-02  8.70133787E-02  1.95449335E-03
2.76218875E-02  8.78118798E-02  1.99263915E-03
2.79205025E-02  8.17443281E-02  1.85114448E-03
2.82191175E-02  7.93904811E-02  1.81799661E-03
2.85177325E-02  8.26197043E-02  1.82343030E-03
2.88163475E-02  7.86459222E-02  1.83493900E-03
2.91149625E-02  8.04734230E-02  1.80259778E-03
2.94135775E-02  7.88298398E-02  1.76357094E-03
2.97121925E-02  7.70910084E-02  1.75843784E-03
3.00108075E-02  7.51753673E-02  1.67887507E-03
3.03094225E-02  7.68173933E-02  1.77307625E-03
3.06080375E-02  7.38564953E-02  1.68247195E-03
3.09066525E-02  7.26247430E-02  1.64504838E-03
3.12052675E-02  7.23197162E-02  1.69194967E-03
3.15038825E-02  7.26922974E-02  1.62342109E-03
3.18024975E-02  7.27375746E-02  1.64887367E-03
3.21011125E-02  6.78893030E-02  1.54134724E-03
3.23997275E-02  6.48763552E-02  1.46690512E-03
3.26983425E-02  6.66719079E-02  1.49947603E-03
3.29969575E-02  6.90064579E-02  1.44139305E-03
3.32955725E-02  6.71699345E-02  1.42208370E-03
3.35941875E-02  6.84144199E-02  1.36856223E-03
3.38928025E-02  6.57057464E-02  1.38090923E-03
3.41914175E-02  6.57740682E-02  1.34037551E-03
3.44900325E-02  6.75072595E-02  1.34879712E-03
3.47886474E-02  6.34621605E-02  1.28501724E-03
3.50872624E-02  6.19939752E-02  1.24612579E-03
3.53858774E-02  6.26312718E-02  1.29198446E-03
3.56844924E-02  6.47024140E-02  1.26262137E-03
3.59831074E-02  6.16042390E-02  1.21119025E-03
3.62817224E-02  6.18407801E-02  1.24329771E-03
3.65803374E-02  5.88157848E-02  1.17537577E-03
3.68789524E-02  6.10437840E-02  1.23782619E-03
3.71775674E-02  5.76592237E-02  1.17525132E-03
3.74761824E-02  5.90045117E-02  1.15717365E-03
3.77747974E-02  5.86709045E-02  1.15935912E-03
3.80734124E-02  5.93675338E-02  1.14785519E-03
3.83720274E-02  5.77385686E-02  1.16912276E-03
3.86706424E-02  5.75306080E-02  1.11171557E-03
3.89692574E-02  5.64938039E-02  1.13442284E-03
3.92678724E-02  5.49311116E-02  1.12716272E-03
3.95664874E-02  5.69292083E-02  1.10589073E-03
3.98651024E-02  5.47495000E-02  1.08547939E-03
4.01637174E-02  5.55163920E-02  1.07500306E-03
4.04623324E-02  5.45865558E-02  1.10371632E-03
4.07609474E-02  5.50676510E-02  1.06972863E-03
4.10595624E-02  5.52387387E-02  1.09324709E-03
4.13581774E-02  5.40693812E-02  1.06181810E-03
4.16567924E-02  5.34791313E-02  1.03477854E-03
4.19554074E-02  5.48596457E-02  1.07796118E-03
4.22540224E-02  5.34230880E-02  1.05545425E-03
4.25526374E-02  5.34881018E-02  1.04180025E-03
4.28512524E-02  5.22975773E-02  1.03362161E-03
4.31498674E-02  5.32426722E-02  1.03078224E-03
4.34484824E-02  5.47652990E-02  1.07798190E-03
4.37470974E-02  5.03739342E-02  9.89628490E-04
4.40457124E-02  5.36727458E-02  1.02648954E-03
4.43443274E-02  4.97825146E-02  1.00761105E-03
4.46429424E-02  5.12584895E-02  9.99892014E-04
4.49415574E-02  4.99146804E-02  1.01845490E-03
4.52401724E-02  4.92050461E-02  9.66478372E-04
4.55387874E-02  5.12534492E-02  1.00227585E-03
4.58374024E-02  5.11750914E-02  1.00150984E-03
4.61360174E-02  4.99697737E-02  9.75495961E-04
4.64346324E-02  5.05503565E-02  1.00026210E-03
4.67332474E-02  4.90555987E-02  9.54562565E-04
4.70318624E-02  4.91803885E-02  9.84198530E-04
4.73304774E-02  4.74762358E-02  9.61522397E-04
4.76290924E-02  4.87046950E-02  9.53346083E-04
4.79277074E-02  4.83679324E-02  9.44225234E-04
4.82263224E-02  4.96397913E-02  9.50054673E-04
4.85249374E-02  4.80431542E-02  9.63371072E-04
4.88235524E-02  4.96542118E-02  9.55241965E-04
4.91221674E-02  4.81128097E-02  9.34625801E-04
4.94207824E-02  4.70889024E-02  9.34517011E-04
4.97193974E-02  4.72927876E-02  9.19738144E-04
5.00180124E-02  4.53658365E-02  9.25833418E-04
5.03166274E-02  4.66359705E-02  9.11979703E-04
5.06152424E-02  4.72002365E-02  9.20203223E-04
5.09138574E-02  4.72838916E-02  9.32166120E-04
5.12124724E-02  4.67440784E-02  9.02435684E-04
5.15110874E-02  4.59666029E-02  9.10810253E-04
5.18097024E-02  4.56487052E-02  8.94385215E-04
5.21083174E-02  4.67047729E-02  9.03361943E-04
5.24069324E-02  4.56526242E-02  8.93776072E-04
5.27055474E-02  4.71376069E-02  9.02330736E-04
5.30041624E-02  4.62676920E-02  9.11070907E-04
5.33027774E-02  4.51609418E-02  8.79443483E-04
5.36013924E-02  4.71517406E-02  9.03761131E-04
5.39000074E-02  4.57664430E-02  8.75441940E-04
5.41986224E-02  4.69013192E-02  9.03956476E-04
5.44972374E-02  4.49668020E-02  8.73842218E-04
5.47958524E-02  4.78765592E-02  8.95397505E-04
5.50944674E-02  4.55661230E-02  8.87165603E-04
5.53930824E-02  4.60490100E-02  8.72115314E-04
5.56916974E-02  4.47990038E-02  8.55528750E-04
5.59903124E-02  4.44126949E-02  8.69667681E-04
5.62889274E-02  4.53299358E-02  8.59422144E-04
5.65875424E-02  4.57625128E-02  8.79073574E-04
5.68861574E-02  4.51019108E-02  8.57258681E-04
5.71847724E-02  4.51123267E-02  8.51630874E-04
5.74833874E-02  4.48459536E-02  8.58305546E-04
5.77820024E-02  4.45757024E-02  8.45426403E-04
5.80806174E-02  4.40858603E-02  8.61617445E-04
5.83792324E-02  4.61190343E-02  8.49840697E-04
5.86778474E-02  4.53379601E-02  8.56042956E-04
5.89764624E-02  4.40840386E-02  8.53310456E-04
5.92750774E-02  4.50113267E-02  8.27324635E-04
5.95736924E-02  4.54674102E-02  8.57265492E-04
5.98723074E-02  4.35687341E-02  8.21759051E-04
6.01709224E-02  4.49258797E-02  8.33390921E-04
6.04695374E-02  4.34154905E-02  8.32148129E-04
6.07681524E-02  4.44537438E-02  8.33279861E-04
6.10667674E-02  4.50764969E-02  8.43472779E-04
6.13653824E-02  4.44524921E-02  8.18575500E-04
6.16639974E-02  4.47096825E-02  8.31385492E-04
6.19626124E-02  4.41890396E-02  8.27591401E-04
6.22612274E-02  4.54607569E-02  8.23705050E-04
6.25598424E-02  4.37005535E-02  8.25126423E-04
6.28584574E-02  4.43170704E-02  8.17329914E-04
6.31570724E-02  4.36173081E-02  8.18032247E-04
6.34556874E-02  4.64368723E-02  8.21409223E-04
6.37543024E-02  4.39536050E-02  8.09938123E-04
6.40529174E-02  4.45226356E-02  8.26479692E-04
6.43515324E-02  4.36472334E-02  8.02658964E-04
6.46501474E-02  4.59559709E-02  8.41283822E-04
6.49487624E-02  4.51676473E-02  8.03369272E-04
6.52473774E-02  4.64953072E-02  8.21928727E-04
6.55459924E-02  4.45841849E-02  8.13720922E-04
6.58446074E-02  4.52022627E-02  8.10420024E-04
6.61432224E-02  4.51634973E-02  8.18991393E-04
6.64418374E-02  4.45266515E-02  7.92972394E-04
6.67404524E-02  4.63984422E-02  8.20088200E-04
6.70390674E-02  4.49165255E-02  8.10788770E-04
6.73376824E-02  4.61184643E-02  8.00036243E-04
6.76362974E-02  4.60253209E-02  8.18753673E-04
6.79349124E-02  4.70441170E-02  8.09422927E-04
6.82335274E-02  4.63487245E-02  8.09037185E-04
6.85321424E-02  4.53621745E-02  8.09909718E-04
6.88307574E-02  4.65052836E-02  8.03848903E-04
6.91293724E-02  4.55476977E-02  8.07705161E-04
6.94279874E-02  4.74246256E-02  8.04385112E-04
6.97266024E-02  4.54734303E-02  8.01363902E-04
7.00252174E-02  4.73252982E-02  8.10906989E-04
7.03238324E-02  4.78604063E-02  8.08988523E-04
7.06224474E-02  4.84107584E-02  8.25876894E-04
7.09210624E-02  4.71716970E-02  8.04973126E-04
7.12196774E-02  4.82297949E-02  8.12105893E-04
7.15182924E-02  4.90177311E-02  8.00776586E-04
7.18169074E-02  4.92918529E-02  8.24744522E-04
7.21155224E-02  4.92166206E-02  8.21304333E-04
7.24141374E-02  4.95587252E-02  8.19516368E-04
7.27127524E-02  5.04474603E-02  8.23145325E-04
7.30113674E-02  5.10626100E-02  8.21775349E-04
7.33099824E-02  4.99433167E-02  8.17207037E-04
7.36085974E-02  5.07485941E-02  8.26519914E-04
7.39072124E-02  4.89990823E-02  7.97181041E-04
7.42058274E-02  5.30583523E-02  8.47011455E-04
7.45044424E-02  5.07660098E-02  8.14055558E-04
7.48030574E-02  5.33642173E-02  8.40094930E-04
7.51016724E-02  5.20863570E-02  8.29068478E-04
7.54002874E-02  5.26433997E-02  8.20153859E-04
7.56989024E-02  5.24915531E-02  8.33199243E-04
7.59975174E-02  5.48679605E-02  8.38191772E-04
7.62961324E-02  5.60312383E-02  8.49738775E-04
7.65947474E-02  5.50601818E-02  8.39659886E-04
7.68933624E-02  5.76923378E-02  8.60409054E-04
7.71919774E-02  5.90894520E-02  8.80169217E-04
7.74905924E-02  5.86690940E-02  8.57694948E-04
7.77892074E-02  6.15171902E-02  8.83791072E-04
7.80878224E-02  5.90758957E-02  8.58882675E-04
7.83864374E-02  6.11962155E-02  8.72807868E-04
7.86850524E-02  6.18406758E-02  8.91757605E-04
7.89836674E-02  6.26944900E-02  8.86633934E-04
7.92822824E-02  6.50617927E-02  8.95807694E-04
7.95808974E-02  6.45412579E-02  8.84126814E-04
7.98795124E-02  6.73254207E-02  9.20712366E-04
8.01781274E-02  6.88775852E-02  9.39133111E-04
8.04767424E-02  6.88508525E-02  9.15006909E-04
8.07753574E-02  7.29715899E-02  9.51623428E-04
8.10739724E-02  7.40645230E-02  9.48065950E-04
8.13725874E-02  7.51352608E-02  9.51079302E-04
8.16712024E-02  7.83327818E-02  9.86978645E-04
8.19698174E-02  7.95683786E-02  9.69121756E-04
8.22684324E-02  8.14118534E-02  1.00104942E-03
8.25670474E-02  8.46222788E-02  1.00833736E-03
8.28656624E-02  8.85229111E-02  1.03857496E-03
8.31642774E-02  8.96574780E-02  1.03074999E-03
8.34628924E-02  9.35740396E-02  1.05405843E-03
8.37615074E-02  9.96482223E-02  1.10413972E-03
8.40601224E-02  1.03666462E-01  1.10295962E-03
8.43587374E-02  1.07045338E-01  1.12517341E-03
8.46573524E-02  1.11441694E-01  1.14246609E-03
8.49559674E-02  1.16264917E-01  1.17493269E-03
8.52545824E-02  1.22350588E-01  1.20766857E-03
8.55531974E-02  1.32067591E-01  1.23416877E-03
8.58518124E-02  1.38278618E-01  1.26893166E-03
8.61504274E-02  1.47629797E-01  1.29744655E-03
8.64490424E-02  1.56544298E-01  1.35802408E-03
8.67476574E-02  1.66837916E-01  1.39923533E-03
8.70462724E-02  1.75695330E-01  1.41208456E-03
8.73448874E-02  1.90660834E-01  1.48218311E-03
8.76435024E-02  2.01577961E-01  1.50898448E-03
8.79421174E-02  2.23775804E-01  1.61580450E-03
8.82407324E-02  2.39368364E-01  1.66473072E-03
8.85393474E-02  2.63635933E-01  1.72248541E-03
8.88379624E-02  2.88864940E-01  1.81661698E-03
8.91365774E-02  3.18828374E-01  1.88372459E-03
8.94351924E-02  3.46893549E-01  1.97953591E-03
8.97338074E-02  3.91010582E-01  2.08995002E-03
9.00324224E-02  4.33289438E-01  2.19396199E-03
9.03310374E-02  4.80753809E-01  2.33695260E-03
9.06296524E-02  5.43493569E-01  2.45492812E-03
9.09282674E-02  6.09971464E-01  2.59835343E-03
9.12268824E-02  6.93410039E-01  2.76531233E-03
9.15254974E-02  7.88797557E-01  2.93867523E-03
9.18241124E-02  8.90492916E-01  3.16867302E-03
9.21227274E-02  1.02054012E+00  3.36093362E-03
9.24213424E-02  1.16862333E+00  3.53547605E-03
9.27199574E-02  1.32343805E+00  3.79615580E-03
9.30185724E-02  1.51257026E+00  4.06569662E-03
9.33171874E-02  1.71616316E+00  4.37445287E-03
9.36158024E-02  1.95352268E+00  4.50767064E-03
9.39144174E-02  2.19241285E+00  4.89928620E-03
9.42130324E-02  2.44284105E+00  5.14363265E-03
9.45116474E-02  2.69384265E+00  5.37737086E-03
9.48102624E-02  2.93262315E+00  5.63574303E-03
9.51088774E-02  3.12599635E+00  5.70707209E-03
9.54074924E-02  3.28131914E+00  5.92431985E-03
9.57061074E-02  3.35540485E+00  5.97497541E-03
9.60047224E-02  3.34498358E+00  5.97095769E-03
9.63033374E-02  3.24183726E+00  5.82192931E-03
9.66019524E-02  3.05688167E+00  5.68301603E-03
9.69005674E-02  2.80729532E+00  5.43184159E-03
9.71991824E-02  2.54033160E+00  5.15368208E-03
9.74977974E-02  2.26279402E+00  4.84726159E-03
9.77964124E-02  1.98199368E+00  4.52102488E-03
9.80950274E-02  1.72495770E+00  4.24680952E-03
9.83936424E-02  1.49517655E+00  3.95556260E-03
9.86922574E-02  1.29529881E+00  3.67850531E-03
9.89908724E-02  1.10713780E+00  3.36466311E-03
9.92894874E-02  9.58008647E-01  3.12063214E-03
9.95881024E-02  8.31775248E-01  2.93131312E-03
9.98867174E-02  7.23350227E-01  2.74299528E-03
1.00185332E-01  6.32113099E-01  2.50655063E-03
1.00483947E-01  5.54506004E-01  2.38524238E-03
1.00782562E-01  4.92306888E-01  2.22030329E-03
1.01081177E-01  4.36629593E-01  2.11210852E-03
1.01379792E-01  3.89496893E-01  1.98730663E-03
1.01678407E-01  3.52984816E-01  1.87155197E-03
1.01977022E-01  3.21065128E-01  1.80430617E-03
1.02275637E-01  2.93647766E-01  1.72554946E-03
1.02574252E-01  2.68749624E-01  1.64389005E-03
1.02872867E-01  2.44620696E-01  1.55165454E-03
1.03171482E-01  2.29945436E-01  1.50316814E-03
1.03470097E-01  2.13621929E-01  1.45119708E-03
1.03768712E-01  1.97582036E-01  1.40835729E-03
1.04067327E-01  1.86814427E-01  1.34506822E-03
1.04365942E-01  1.75819352E-01  1.31978816E-03
1.04664557E-01  1.66827798E-01  1.28454552E-03
1.04963172E-01  1.58868104E-01  1.24438922E-03
1.05261787E-01  1.52618781E-01  1.22263376E-03
1.05560402E-01  1.44709498E-01  1.17817544E-03
1.05859017E-01  1.39192477E-01  1.17047015E-03
1.06157632E-01  1.34175375E-01  1.14176306E-03
1.06456247E-01  1.29580051E-01  1.12204184E-03
1.06754862E-01  1.23746894E-01  1.08349998E-03
1.07053477E-01  1.19951591E-01  1.07352401E-03
1.07352092E-01  1.16003066E-01  1.05570816E-03
1.07650707E-01  1.12771980E-01  1.04173180E-03
1.07949322E-01  1.10006206E-01  1.02724333E-03
1.08247937E-01  1.07657902E-01  1.01541472E-03
1.08546552E-01  1.05371535E-01  1.00858253E-03
1.08845167E-01  1.03209920E-01  9.81839024E-04
1.09143782E-01  1.02142803E-01  9.88283311E-04
1.09442397E-01  1.00430354E-01  9.67781467E-04
1.09741012E-01  9.64098126E-02  9.51155380E-04
1.10039627E-01  9.55583900E-02  9.54391668E-04
1.10338242E-01  9.28137153E-02  9.34703101E-04
1.10636857E-01  9.12716687E-02  9.15559300E-04
1.10935472E-01  9.12066028E-02  9.14538628E-04
1.11234087E-01  8.86031315E-02  9.09719500E-04
1.11532702E-01  8.80654454E-02  9.06255271E-04
1.11831317E-01  8.75481516E-02  8.98745551E-04
1.12129932E-01  8.46239030E-02  8.85301619E-04
1.12428547E-01  8.59289095E-02  8.91760690E-04
1.12727162E-01  8.29624012E-02  8.72563571E-04
1.13025777E-01  8.33140984E-02  8.73417070E-04
1.13324392E-01  8.17843452E-02  8.64053087E-04
1.13623007E-01  8.11942220E-02  8.62889807E-04
1.13921622E-01  8.03535208E-02  8.59064341E-04
1.14220237E-01  7.95162395E-02  8.46252718E-04
1.14518852E-01  7.98456222E-02  8.41132947E-04
1.14817467E-01  8.00665915E-02  8.54289683E-04
1.15116082E-01  7.86536857E-02  8.46081064E-04
1.15414697E-01  7.57751912E-02  8.26725911E-04
1.15713312E-01  7.75526762E-02  8.28363292E-04
1.16011927E-01  7.67257959E-02  8.26970965E-04
1.16310542E-01  7.72564784E-02  8.37274885E-04
1.16609157E-01  7.57578015E-02  8.19926092E-04
1.16907772E-01  7.35116228E-02  8.10663973E-04
1.17206387E-01  7.39999115E-02  8.10061581E-04
1.17505002E-01  7.40599781E-02  8.05380521E-04
1.17803617E-01  7.49998465E-02  8.19438021E-04
1.18102232E-01  7.28791133E-02  8.00096837E-04
1.18400847E-01  7.32945129E-02  8.03544244E-04
1.18699462E-01  7.34577104E-02  8.02684692E-04
1.18998077E-01  7.11496249E-02  7.82620453E-04
1.19296692E-01  7.12689385E-02  7.98209046E-04
1.19595307E-01  7.13549405E-02  7.84309697E-04
1.19893922E-01  7.15401024E-02  7.83651252E-04
1.20192537E-01  6.97179809E-02  7.82558112E-04
1.20491152E-01  7.10249767E-02  7.78616057E-04
1.20789767E-01  7.00503290E-02  7.80459610E-04
1.21088382E-01  7.14880452E-02  7.87296100E-04
1.21386997E-01  7.05132931E-02  7.75808759E-04
1.21685612E-01  7.03464225E-02  7.82109855E-04
1.21984227E-01  7.02449530E-02  7.76531058E-04
1.22282842E-01  6.89304918E-02  7.63822580E-04
1.22581457E-01  6.85455054E-02  7.56405178E-04
1.22880072E-01  7.06531331E-02  7.81568873E-04
1.23178687E-01  6.93793371E-02  7.67384190E-04
1.23477302E-01  6.85084388E-02  7.64705997E-04
1.23775917E-01  6.78513274E-02  7.52048974E-04
1.24074532E-01  6.94009438E-02  7.68046128E-04
1.24373147E-01  6.81044087E-02  7.59770279E-04
1.24671762E-01  6.96030930E-02  7.63809134E-04
1.24970377E-01  6.76602051E-02  7.50992331E-04
1.25268992E-01  6.92114383E-02  7.58507173E-04
1.25567607E-01  6.96461275E-02  7.57246802E-04
1.25866222E-01  6.87558725E-02  7.64473400E-04
1.26164837E-01  6.73415363E-02  7.48193066E-04
1.26463452E-01  6.87820837E-02  7.52537395E-04
1.26762067E-01  6.83865547E-02  7.53459346E-04
1.27060682E-01  6.87227696E-02  7.53242115E-04
1.27359297E-01  6.80480227E-02  7.60799972E-04
1.27657912E-01  6.83910400E-02  7.44834309E-04
1.27956527E-01  6.90426603E-02  7.51663523E-04
1.28255142E-01  6.82461932E-02  7.52689957E-04
1.28553757E-01  6.72379881E-02  7.34107452E-04
1.28852372E-01  6.69214353E-02  7.35311594E-04
1.29150987E-01  6.71558902E-02  7.36599381E-04
1.29449602E-01  6.79744631E-02  7.45577912E-04
1.29748217E-01  6.83727115E-02  7.47253885E-04
1.30046832E-01  6.72489405E-02  7.35147682E-04
1.30345447E-01  6.86996654E-02  7.41066120E-04
1.30644062E-01  6.82154745E-02  7.37475348E-04
1.30942677E-01  6.77564666E-02  7.40386255E-04
1.31241292E-01  6.90979585E-02  7.45189143E-04
1.31539907E-01  6.78375140E-02  7.34463101E-04
1.31838522E-01  6.84205666E-02  7.41036260E-04
1.32137137E-01  6.85918629E-02  7.48710590E-04
1.32435752E-01  6.87999427E-02  7.59675633E-04
1.32734367E-01  6.95798621E-02  7.62911397E-04
1.33032982E-01  6.91854581E-02  7.68774829E-04
1.33331597E-01  6.88695535E-02  7.67018530E-04
1.33630212E-01  6.93041012E-02  7.72721367E-04
1.33928827E-01  7.03520924E-02  7.90472957E-04
1.34227442E-01  6.98443130E-02  7.68634549E-04
1.34526057E-01  6.83372542E-02  7.75658758E-04
1.34824672E-01  6.85084984E-02  7.82354153E-04
1.35123287E-01  6.96764514E-02  7.84368196E-04
1.35421902E-01  6.95097893E-02  7.90394493E-04
1.35720517E-01  7.11816475E-02  7.91640545E-04
1.36019132E-01  6.94105849E-02  7.95775268E-04
1.36317747E-01  7.10266829E-02  7.97197630E-04
1.36616362E-01  7.10354000E-02  7.94895750E-04
1.36914977E-01  7.28040189E-02  8.13770224E-04
1.37213592E-01  7.02506155E-02  8.00580077E-04
1.37512207E-01  7.18161687E-02  8.17519263E-04
1.37810822E-01  7.25409538E-02  8.13527731E-04
1.38109437E-01  7.19207302E-02  8.10043479E-04
1.38408052E-01  7.34059364E-02  8.21473775E-04
1.38706667E-01  7.28839710E-02  8.20424233E-04
1.39005282E-01  7.07224756E-02  8.16959655E-04
1.39303897E-01  7.18703642E-02  8.07328383E-04
1.39602512E-01  7.19599202E-02  8.23434850E-04
1.39901127E-01  7.30137452E-02  8.28152522E-04
1.40199742E-01  7.44142532E-02  8.32184684E-04
1.40498357E-01  7.39898533E-02  8.38576816E-04
1.40796972E-01  7.52373263E-02  8.34529172E-04
1.41095587E-01  7.47178271E-02  8.43690417E-04
1.41394202E-01  7.34576657E-02  8.31318088E-04
1.41692817E-01  7.67283365E-02  8.54968268E-04
1.41991432E-01  7.61855096E-02  8.51939607E-04
1.42290047E-01  7.63498768E-02  8.46869487E-04
1.42588662E-01  7.72752911E-02  8.63478461E-04
1.42887277E-01  7.68216997E-02  8.56167986E-04
1.43185892E-01  7.86625817E-02  8.63642141E-04
1.43484507E-01  7.74705335E-02  8.63882131E-04
1.43783122E-01  7.86770880E-02  8.63385154E-04
1.44081737E-01  8.12621042E-02  8.80221196E-04
1.44380352E-01  8.01531002E-02  8.67039489E-04
1.44678967E-01  7.97734037E-02  8.55408143E-04
1.44977582E-01  8.12124163E-02  8.80302920E-04
1.45276197E-01  8.06432143E-02  8.64337664E-04
1.45574812E-01  8.10157731E-02  8.76473787E-04
1.45873427E-01  8.24810714E-02  8.63924797E-04
1.46172042E-01  8.24328735E-02  8.69885902E-04
1.46470657E-01  8.46849754E-02  8.92261567E-04
1.46769272E-01  8.55727419E-02  8.86300288E-04
1.47067887E-01  8.65735635E-02  8.89443967E-04
1.47366502E-01  8.81739929E-02  8.93247663E-04
1.47665117E-01  8.94376040E-02  9.00977349E-04
1.47963732E-01  9.00145024E-02  9.14241653E-04
1.48262347E-01  9.22178477E-02  9.15564480E-04
1.48560962E-01  9.20041427E-02  9.15883575E-04
1.48859577E-01  9.16300640E-02  9.01851512E-04
1.49158192E-01  9.42311436E-02  9.33622534E-04
1.49456807E-01  9.50825140E-02  9.26895649E-04
1.49755422E-01  9.47942808E-02  9.23077634E-04
1.50054037E-01  9.95867327E-02  9.52165981E-04
1.50352652E-01  1.00294657E-01  9.43534542E-04
1.50651267E-01  1.03531785E-01  9.72311595E-04
1.50949882E-01  1.04249507E-01  9.60549631E-04
1.51248497E-01  1.05913423E-01  9.72829759E-04
1.51547112E-01  1.08580410E-01  1.00220006E-03
1.51845727E-01  1.11040227E-01  9.84161044E-04
1.52144342E-01  1.12007998E-01  1.01286964E-03
1.52442957E-01  1.15610570E-01  9.98462434E-04
1.52741572E-01  1.18662521E-01  1.02631422E-03
1.53040187E-01  1.21934168E-01  1.05520291E-03
1.53338802E-01  1.23380080E-01  1.04004401E-03
1.53637417E-01  1.28302857E-01  1.07352308E-03
1.53936032E-01  1.31811529E-01  1.07227650E-03
1.54234647E-01  1.36415392E-01  1.09321391E-03
1.54533262E-01  1.40872762E-01  1.12824643E-03
1.54831877E-01  1.44606516E-01  1.12719566E-03
1.55130492E-01  1.49725646E-01  1.14864728E-03
1.55429107E-01  1.54050440E-01  1.15879811E-03
1.55727722E-01  1.61369741E-01  1.19773264E-03
1.56026337E-01  1.66714922E-01  1.21030561E-03
1.56324952E-01  1.74657434E-01  1.23476761E-03
1.56623567E-01  1.78302512E-01  1.26179890E-03
1.56922182E-01  1.89453632E-01  1.28184888E-03
1.57220797E-01  1.97875664E-01  1.32778543E-03
1.57519412E-01  2.03961670E-01  1.33146276E-03
1.57818027E-01  2.19048962E-01  1.37883960E-03
1.58116642E-01  2.27866411E-01  1.42539048E-03
1.58415257E-01  2.37797648E-01  1.43664051E-03
1.58713872E-01  2.54220486E-01  1.49949314E-03
1.59012487E-01  2.68170476E-01  1.51802180E-03
1.59311102E-01  2.81140983E-01  1.57804973E-03
1.59609717E-01  2.98062980E-01  1.62783614E-03
1.59908332E-01  3.16444784E-01  1.63855485E-03
1.60206947E-01  3.40387642E-01  1.71637360E-03
1.60505562E-01  3.62137824E-01  1.77036365E-03
1.60804177E-01  3.84489894E-01  1.82222691E-03
1.61102792E-01  4.10425156E-01  1.88335800E-03
1.61401407E-01  4.39480901E-01  1.94126402E-03
1.61700022E-01  4.67164934E-01  1.99864083E-03
1.61998637E-01  5.02407849E-01  2.07707658E-03
1.62297252E-01  5.34439743E-01  2.15223641E-03
1.62595867E-01  5.73384106E-01  2.22767936E-03
1.62894482E-01  6.12571478E-01  2.27660406E-03
1.63193097E-01  6.55002356E-01  2.38867477E-03
1.63491712E-01  6.93062901E-01  2.41649663E-03
1.63790327E-01  7.39854932E-01  2.53595179E-03
1.64088942E-01  7.79866159E-01  2.55980180E-03
1.64387557E-01  8.26628029E-01  2.65582721E-03
1.64686172E-01  8.67951155E-01  2.75368034E-03
1.64984787E-01  9.03757572E-01  2.75949109E-03
1.65283402E-01  9.27365363E-01  2.81301490E-03
1.65582017E-01  9.48889494E-01  2.82166502E-03
1.65880632E-01  9.67239559E-01  2.86076684E-03
1.66179247E-01  9.71458077E-01  2.89037381E-03
1.66477862E-01  9.59779143E-01  2.83290842E-03
1.66776477E-01  9.44643497E-01  2.83511868E-03
1.67075092E-01  9.17319953E-01  2.79974053E-03
1.67373707E-01  8.78295481E-01  2.73086713E-03
1.67672322E-01  8.36390913E-01  2.66305776E-03
1.67970937E-01  7.87787676E-01  2.56038504E-03
1.68269552E-01  7.37315834E-01  2.49686651E-03
1.68568167E-01  6.82086229E-01  2.37753103E-03
1.68866782E-01  6.33798659E-01  2.32557300E-03
1.69165397E-01  5.87023258E-01  2.22092960E-03
1.69464012E-01  5.38987756E-01  2.11492996E-03
1.69762627E-01  4.94882822E-01  2.03990866E-03
1.70061242E-01  4.57920581E-01  1.95546192E-03
1.70359857E-01  4.17524964E-01  1.88888586E-03
1.70658472E-01  3.84204179E-01  1.77952426E-03
1.70957087E-01  3.55494440E-01  1.71820680E-03
1.71255702E-01  3.26672137E-01  1.66725891E-03
1.71554317E-01  3.01024079E-01  1.56452693E-03
1.71852932E-01  2.81901598E-01  1.53322914E-03
1.72151547E-01  2.61981964E-01  1.47299469E-03
1.72450162E-01  2.43572846E-01  1.42372120E-03
1.72748777E-01  2.26866767E-01  1.37735531E-03
1.73047392E-01  2.12984964E-01  1.32858963E-03
1.73346007E-01  1.99938565E-01  1.28947012E-03
1.73644622E-01  1.88978761E-01  1.24763604E-03
1.73943237E-01  1.81821868E-01  1.22420234E-03
1.74241852E-01  1.73017159E-01  1.20159495E-03
1.74540467E-01  1.64141893E-01  1.15569960E-03
1.74839082E-01  1.56520426E-01  1.14248483E-03
1.75137697E-01  1.52220145E-01  1.11595227E-03
1.75436312E-01  1.46977261E-01  1.10368920E-03
1.75734927E-01  1.41381681E-01  1.06935634E-03
1.76033542E-01  1.35493204E-01  1.05001952E-03
1.76332157E-01  1.36259779E-01  1.06894248E-03
1.76630772E-01  1.31109685E-01  1.03012670E-03
1.76929387E-01  1.28174633E-01  1.03423826E-03
1.77228002E-01  1.24966554E-01  1.00168970E-03
1.77526617E-01  1.23015530E-01  1.00118562E-03
1.77825232E-01  1.20561376E-01  9.94508853E-04
1.78123847E-01  1.19530559E-01  9.86240455E-04
1.78422462E-01  1.20816655E-01  9.91533627E-04
1.78721077E-01  1.17830634E-01  9.81853809E-04
1.79019692E-01  1.16699144E-01  9.77460644E-04
1.79318307E-01  1.16950676E-01  9.78846685E-04
1.79616922E-01  1.18823253E-01  9.71938833E-04
1.79915537E-01  1.16621643E-01  9.75819363E-04
1.80214152E-01  1.18420079E-01  9.74791183E-04
1.80512767E-01  1.19533792E-01  9.89268650E-04
1.80811382E-01  1.20428830E-01  9.90286935E-04
1.81109997E-01  1.20221116E-01  9.80229932E-04
1.81408612E-01  1.22695900E-01  1.00024207E-03
1.81707227E-01  1.22038431E-01  9.91887413E-04
1.82005842E-01  1.26730755E-01  1.01077801E-03
1.82304457E-01  1.28618166E-01  1.01255311E-03
1.82603072E-01  1.30623534E-01  1.02482142E-03
1.82901687E-01  1.35532767E-01  1.05127343E-03
1.83200302E-01  1.37248501E-01  1.04840135E-03
1.83498917E-01  1.43483728E-01  1.06771605E-03
1.83797532E-01  1.47187516E-01  1.07963756E-03
1.84096147E-01  1.51310608E-01  1.10483973E-03
1.84394762E-01  1.56463996E-01  1.12537818E-03
1.84693377E-01  1.64327785E-01  1.14528730E-03
1.84991992E-01  1.69076502E-01  1.16790715E-03
1.85290607E-01  1.76313624E-01  1.17741432E-03
1.85589222E-01  1.81865886E-01  1.20446261E-03
1.85887837E-01  1.89761117E-01  1.22669293E-03
1.86186452E-01  1.99696720E-01  1.25592935E-03
1.86485067E-01  2.10500479E-01  1.29625306E-03
1.86783682E-01  2.17882723E-01  1.31488673E-03
1.87082297E-01  2.28579074E-01  1.35256257E-03
1.87380912E-01  2.42708728E-01  1.38460309E-03
1.87679527E-01  2.53015012E-01  1.40183663E-03
1.87978142E-01  2.65957505E-01  1.45512400E-03
1.88276757E-01  2.83162862E-01  1.49800663E-03
1.88575372E-01  2.94172019E-01  1.53137755E-03
1.88873987E-01  3.12734395E-01  1.56915397E-03
1.89172602E-01  3.25483590E-01  1.59203040E-03
1.89471217E-01  3.42300355E-01  1.64487667E-03
1.89769832E-01  3.59572440E-01  1.69029576E-03
1.90068447E-01  3.73257101E-01  1.69778115E-03
1.90367062E-01  3.87646675E-01  1.74645742E-03
1.90665677E-01  3.97904575E-01  1.76539877E-03
1.90964292E-01  4.12913322E-01  1.79490214E-03
1.91262907E-01  4.22900856E-01  1.82415370E-03
1.91561522E-01  4.28959250E-01  1.81428809E-03
1.91860137E-01  4.32293147E-01  1.84610905E-03
1.92158752E-01  4.29202557E-01  1.82997610E-03
1.92457367E-01  4.26497757E-01  1.82656385E-03
1.92755982E-01  4.17106926E-01  1.79879402E-03
1.93054597E-01  4.06630337E-01  1.77720399E-03
1.93353212E-01  3.93213153E-01  1.73872418E-03
1.93651827E-01  3.79492015E-01  1.72633748E-03
1.93950442E-01  3.61482233E-01  1.67564920E-03
1.94249057E-01  3.44962656E-01  1.62546535E-03
1.94547672E-01  3.27472240E-01  1.59590726E-03
1.94846287E-01  3.08355570E-01  1.54564681E-03
1.95144902E-01  2.91364610E-01  1.51071604E-03
1.95443517E-01  2.73017108E-01  1.43162790E-03
1.95742132E-01  2.53498465E-01  1.39875198E-03
1.96040747E-01  2.40962297E-01  1.36634987E-03
1.96339362E-01  2.26312652E-01  1.32714724E-03
1.96637977E-01  2.10972860E-01  1.26878161E-03
1.96936592E-01  1.99566633E-01  1.23635272E-03
1.97235207E-01  1.89691499E-01  1.20960095E-03
1.97533822E-01  1.78062230E-01  1.16747688E-03
1.97832437E-01  1.67226568E-01  1.13499863E-03
1.98131052E-01  1.57508925E-01  1.09560997E-03
1.98429667E-01  1.51233926E-01  1.07458280E-03
1.98728282E-01  1.42521814E-01  1.04648445E-03
1.99026897E-01  1.37424797E-01  1.02113211E-03
1.99325512E-01  1.30474716E-01  9.98115283E-04
1.99624127E-01  1.24616385E-01  9.75144038E-04
1.99922742E-01  1.19456202E-01  9.52939503E-04
2.00221357E-01  1.14465669E-01  9.38148645E-04
2.00519972E-01  1.10690415E-01  9.13300959E-04
2.00818587E-01  1.06264576E-01  8.94021941E-04
2.01117202E-01  1.03017196E-01  8.88872310E-04
2.01415817E-01  1.00696847E-01  8.70018150E-04
2.01714432E-01  9.63112116E-02  8.54859420E-04
2.02013047E-01  9.37482044E-02  8.39989108E-04
2.02311662E-01  9.07728076E-02  8.29919009E-04
2.02610277E-01  8.80664513E-02  8.19515379E-04
2.02908892E-01  8.67087692E-02  8.04342970E-04
2.03207507E-01  8.38301629E-02  7.94072694E-04
2.03506122E-01  8.37204084E-02  7.92322506E-04
2.03804737E-01  8.00754949E-02  7.75606488E-04
2.04103352E-01  7.85733089E-02  7.70697021E-04
2.04401967E-01  7.56553486E-02  7.55308254E-04
2.04700582E-01  7.54240304E-02  7.47652608E-04
2.04999197E-01  7.56266937E-02  7.50731910E-04
2.05297812E-01  7.34992623E-02  7.47274142E-04
2.05596427E-01  7.37829059E-02  7.42672244E-04
2.05895042E-01  7.11074024E-02  7.30894157E-04
2.06193657E-01  7.07774013E-02  7.24485028E-04
2.06492272E-01  6.87475577E-02  7.13147398E-04
2.06790887E-01  6.84281513E-02  7.19459727E-04
2.07089502E-01  6.74136132E-02  7.02339457E-04
2.07388117E-01  6.66647628E-02  7.07480242E-04
2.07686732E-01  6.64066076E-02  7.03276717E-04
2.07985347E-01  6.58858269E-02  6.98153046E-04
2.08283962E-01  6.51991591E-02  6.96213101E-04
2.08582577E-01  6.34763017E-02  6.82146638E-04
2.08881192E-01  6.26610294E-02  6.80856872E-04
2.09179807E-01  6.38242066E-02  6.90324290E-04
2.09478422E-01  6.29574582E-02  6.77510456E-04
2.09777037E-01  6.18789196E-02  6.78678101E-04
2.10075652E-01  6.08734749E-02  6.66808803E-04
2.10374267E-01  5.96563183E-02  6.68441760E-04
2.10672882E-01  6.06737249E-02  6.72040158E-04
2.10971497E-01  5.99677190E-02  6.57281606E-04
2.11270112E-01  5.81772588E-02  6.57464610E-04
2.11568727E-01  5.68701588E-02  6.43350650E-04
2.11867342E-01  5.81818633E-02  6.56887772E-04
2.12165957E-01  5.55255041E-02  6.36084820E-04
2.12464572E-01  5.70620634E-02  6.44244952E-04
2.12763187E-01  5.74039668E-02  6.49306341E-04
2.13061802E-01  5.55476174E-02  6.38141239E-04
2.13360417E-01  5.49949892E-02  6.37283141E-04
2.13659032E-01  5.60202971E-02  6.36429933E-04
2.13957647E-01  5.54808192E-02  6.34118274E-04
2.14256262E-01  5.49020991E-02  6.33659190E-04
2.14554877E-01  5.57851195E-02  6.34906464E-04
2.14853492E-01  5.40898852E-02  6.26122579E-04
2.15152107E-01  5.46186604E-02  6.28423702E-04
2.15450722E-01  5.47375642E-02  6.35410310E-04
2.15749337E-01  5.35001829E-02  6.23826694E-04
2.16047952E-01  5.27945384E-02  6.17659534E-04
2.16346567E-01  5.40227443E-02  6.25177810E-04
2.16645182E-01  5.27646206E-02  6.14373304E-04
2.16943797E-01  5.24724238E-02  6.15960103E-04
2.17242412E-01  5.16555645E-02  6.15208817E-04
2.17541027E-01  5.19010015E-02  6.06998103E-04
2.17839642E-01  5.26555330E-02  6.21891639E-04
2.18138257E-01  5.10895811E-02  6.01178734E-04
2.18436872E-01  5.14574237E-02  6.09614945E-04
2.18735487E-01  5.15051186E-02  6.06825110E-04
2.19034102E-01  5.15448339E-02  6.07419526E-04
2.19332717E-01  5.17103635E-02  6.12396689E-04
2.19631332E-01  4.95897457E-02  5.97206817E-04
2.19929947E-01  5.04012518E-02  5.99759980E-04
2.20228562E-01  4.97784577E-02  5.94118261E-04
2.20527177E-01  4.95787859E-02  5.96081431E-04
2.20825792E-01  4.94669341E-02  5.96116995E-04
2.21124407E-01  4.98676486E-02  5.96757454E-04
2.21423022E-01  5.00973538E-02  5.97074395E-04
2.21721637E-01  4.92754281E-02  5.90941228E-04
2.22020252E-01  4.92821708E-02  5.90809679E-04
2.22318867E-01  4.95096445E-02  5.96026075E-04
2.22617482E-01  4.91257608E-02  5.86788054E-04
2.22916097E-01  4.85203974E-02  5.91097109E-04
2.23214712E-01  4.86937016E-02  5.86075883E-04
2.23513327E-01  4.93347496E-02  5.93920588E-04
2.23811942E-01  4.78676073E-02  5.81764732E-04
2.24110557E-01  4.87624891E-02  5.84789726E-04
2.24409172E-01  4.72093970E-02  5.79791318E-04
2.24707787E-01  4.74061966E-02  5.75434882E-04
2.25006402E-01  4.73336987E-02  5.81756758E-04
2.25305017E-01  4.72599454E-02  5.70932229E-04
2.25603632E-01  4.70092334E-02  5.77376573E-04
2.25902247E-01  4.81151082E-02  5.84815920E-04
2.26200862E-01  4.70143892E-02  5.74887206E-04
2.26499477E-01  4.50901948E-02  5.61047287E-04
2.26798092E-01  4.67057377E-02  5.74168924E-04
2.27096707E-01  4.66685221E-02  5.73105470E-04
2.27395322E-01  4.68968935E-02  5.76693157E-04
2.27693937E-01  4.77148369E-02  5.74502395E-04
2.27992552E-01  4.69931364E-02  5.72109362E-04
2.28291167E-01  4.53739092E-02  5.61844092E-04
2.28589782E-01  4.80545163E-02  5.82918059E-04
2.28888397E-01  4.62733507E-02  5.70017553E-04
2.29187012E-01  4.66396548E-02  5.67511714E-04
2.29485627E-01  4.62790765E-02  5.67425101E-04
2.29784242E-01  4.55787517E-02  5.65726601E-04
2.30082857E-01  4.54563051E-02  5.61231689E-04
2.30381472E-01  4.58615124E-02  5.62601490E-04
2.30680087E-01  4.49191630E-02  5.58228174E-04
2.30978702E-01  4.56130803E-02  5.62524598E-04
2.31277317E-01  4.58572507E-02  5.64677699E-04
2.31575932E-01  4.55531105E-02  5.62641362E-04
2.31874547E-01  4.54320647E-02  5.57585096E-04
2.32173162E-01  4.60739769E-02  5.64232236E-04
2.32471777E-01  4.59747650E-02  5.64756221E-04
2.32770392E-01  4.58190665E-02  5.61869412E-04
2.33069007E-01  4.46797013E-02  5.54524828E-04
2.33367622E-01  4.39828113E-02  5.48160227E-04
2.33666237E-01  4.64092195E-02  5.67912008E-04
2.33964852E-01  4.57960740E-02  5.59822423E-04
2.34263467E-01  4.56183366E-02  5.58736152E-04
2.34562082E-01  4.70764376E-02  5.69047639E-04
2.34860697E-01  4.65737544E-02  5.65039052E-04
2.35159312E-01  4.56904098E-02  5.60291752E-04
2.35457927E-01  4.59163412E-02  5.58669039E-04
2.35756542E-01  4.55715023E-02  5.54391241E-04
2.36055157E-01  4.61276695E-02  5.62490721E-04
2.36353772E-01  4.58029918E-02  5.60032495E-04
2.36652387E-01  4.57890965E-02  5.62985428E-04
2.36951002E-01  4.59086038E-02  5.53517602E-04
2.37249617E-01  4.70147543E-02  5.69009106E-04
2.37548232E-01  4.64061759E-02  5.62757545E-04
2.37846847E-01  4.67517413E-02  5.62947243E-04
2.38145462E-01  4.70659509E-02  5.64362679E-04
2.38444077E-01  4.67896461E-02  5.58963802E-04
2.38742692E-01  4.69919406E-02  5.69526048E-04
2.39041307E-01  4.65830639E-02  5.61935478E-04
2.39339922E-01  4.70223948E-02  5.63475944E-04
2.39638537E-01  4.84677330E-02  5.72551158E-04
2.39937152E-01  4.80302237E-02  5.68375166E-04
2.40235767E-01  4.79505621E-02  5.71894634E-04
2.40534382E-01  4.81851213E-02  5.69610216E-04
2.40832997E-01  4.83135320E-02  5.69103868E-04
2.41131612E-01  4.94174324E-02  5.78625128E-04
2.41430227E-01  4.85541821E-02  5.68790361E-04
2.41728842E-01  4.84220684E-02  5.73735684E-04
2.42027457E-01  4.93212678E-02  5.71382523E-04
2.42326072E-01  5.05161509E-02  5.80492022E-04
2.42624687E-01  5.05912788E-02  5.86449751E-04
2.42923302E-01  5.09015769E-02  5.84805268E-04
2.43221917E-01  5.05450331E-02  5.77327737E-04
2.43520532E-01  5.19527160E-02  5.87721472E-04
2.43819147E-01  5.29910997E-02  5.94057201E-04
2.44117762E-01  5.29609919E-02  5.96689119E-04
2.44416377E-01  5.45247458E-02  6.06955553E-04
2.44714992E-01  5.42196557E-02  5.97300881E-04
2.45013607E-01  5.53645305E-02  6.09913201E-04
2.45312222E-01  5.55326343E-02  6.07140712E-04
2.45610837E-01  5.56230880E-02  6.09478855E-04
2.45909452E-01  5.61719798E-02  6.06317597E-04
2.46208067E-01  5.76579757E-02  6.19334111E-04
2.46506682E-01  5.77036738E-02  6.18222111E-04
2.46805297E-01  5.86216897E-02  6.28129579E-04
2.47103912E-01  5.92062585E-02  6.23327389E-04
2.47402527E-01  6.05780743E-02  6.30508701E-04
2.47701142E-01  6.10179640E-02  6.36606186E-04
2.47999757E-01  6.11366928E-02  6.36702345E-04
2.48298372E-01  6.29491657E-02  6.49824389E-04
2.48596987E-01  6.44131824E-02  6.44938496E-04
2.48895602E-01  6.56214356E-02  6.55526412E-04
2.49194217E-01  6.72144964E-02  6.64156687E-04
2.49492832E-01  6.68715760E-02  6.63723447E-04
2.49791447E-01  6.73336908E-02  6.67652697E-04
2.50090062E-01  6.68626204E-02  6.60808815E-04
2.50388677E-01  6.99610859E-02  6.80743426E-04
2.50687292E-01  7.15057179E-02  6.85781939E-04
2.50985907E-01  7.20577985E-02  6.84528495E-04
2.51284522E-01  7.35199824E-02  6.95755356E-04
2.51583137E-01  7.52196535E-02  6.98637858E-04
2.51881752E-01  7.45294914E-02  6.98430988E-04
2.52180367E-01  7.50861615E-02  7.01036013E-04
2.52478982E-01  7.50494376E-02  6.98413874E-04
2.52777597E-01  7.58615807E-02  7.03508558E-04
2.53076212E-01  7.73715675E-02  7.10668799E-04
2.53374827E-01  7.69934356E-02  7.11045286E-04
2.53673442E-01  7.64847547E-02  6.99636992E-04
2.53972057E-01  7.55076706E-02  7.00738921E-04
2.54270672E-01  7.60719031E-02  7.03164784E-04
2.54569287E-01  7.39726126E-02  6.96585048E-04
2.54867902E-01  7.08162114E-02  6.78078562E-04
2.55166517E-01  7.17427433E-02  6.78147480E-04
2.55465132E-01  6.92250207E-02  6.69881236E-04
2.55763747E-01  6.79733157E-02  6.64333056E-04
2.56062362E-01  6.76191747E-02  6.62423961E-04
2.56360977E-01  6.46498352E-02  6.43417356E-04
2.56659592E-01  6.40357882E-02  6.38667610E-04
2.56958207E-01  6.11422099E-02  6.29229588E-04
2.57256822E-01  6.05013408E-02  6.24921813E-04
2.57555437E-01  5.79312593E-02  6.08590082E-04
2.57854052E-01  5.52597679E-02  5.95812104E-04
2.58152667E-01  5.43180853E-02  5.92764758E-04
2.58451282E-01  5.19073606E-02  5.79617859E-04
2.58749897E-01  5.06929308E-02  5.67509502E-04
2.59048512E-01  4.91652824E-02  5.60072251E-04
2.59347127E-01  4.80302162E-02  5.53278893E-04
2.59645742E-01  4.64946032E-02  5.47108939E-04
2.59944357E-01  4.57266420E-02  5.43441332E-04
2.60242972E-01  4.38412055E-02  5.25430718E-04
2.60541587E-01  4.46678363E-02  5.35260944E-04
2.60840202E-01  4.16697785E-02  5.15621912E-04
2.61138817E-01  4.13291380E-02  5.15007356E-04
2.61437432E-01  4.10589986E-02  5.11561637E-04
2.61736047E-01  4.03662063E-02  5.04972239E-04
2.62034662E-01  3.86258550E-02  4.96305758E-04
2.62333277E-01  3.91650572E-02  4.99495771E-04
2.62631892E-01  3.73627543E-02  4.85066965E-04
2.62930507E-01  3.65949497E-02  4.80308256E-04
2.63229122E-01  3.77794057E-02  4.88912978E-04
2.63527737E-01  3.55365947E-02  4.77184018E-04
2.63826352E-01  3.56568098E-02  4.73868189E-04
2.64124967E-01  3.62426527E-02  4.77746275E-04
2.64423582E-01  3.55930738E-02  4.73816821E-04
2.64722197E-01  3.52982618E-02  4.70017229E-04
2.65020812E-01  3.41931768E-02  4.67217586E-04
2.65319427E-01  3.36391367E-02  4.57305141E-04
2.65618042E-01  3.37866992E-02  4.63092263E-04
2.65916657E-01  3.34348641E-02  4.58873750E-04
2.66215272E-01  3.22992206E-02  4.50428663E-04
2.66513887E-01  3.31361741E-02  4.56584006E-04
2.66812502E-01  3.26781608E-02  4.50615364E-04
2.67111117E-01  3.29127721E-02  4.55281232E-04
2.67409732E-01  3.26798297E-02  4.52492066E-04
2.67708347E-01  3.22664827E-02  4.50322579E-04
2.68006962E-01  3.15335765E-02  4.44487698E-04
2.68305577E-01  3.21879163E-02  4.47572733E-04
2.68604192E-01  3.25359181E-02  4.51148633E-04
2.68902807E-01  3.17595787E-02  4.45159705E-04
2.69201422E-01  3.23145799E-02  4.46963706E-04
2.69500037E-01  3.22258137E-02  4.48186358E-04
2.69798652E-01  3.10968719E-02  4.40040283E-04
2.70097267E-01  3.15149687E-02  4.45867336E-04
2.70395882E-01  3.16540413E-02  4.40021598E-04
2.70694497E-01  3.17122787E-02  4.44147794E-04
2.70993112E-01  3.18144858E-02  4.45666723E-04
2.71291727E-01  3.15722302E-02  4.43624507E-04
2.71590342E-01  3.24501768E-02  4.50914406E-04
2.71888957E-01  3.23825292E-02  4.44724341E-04
2.72187572E-01  3.14901210E-02  4.41122917E-04
2.72486187E-01  3.18767242E-02  4.44277597E-04
2.72784802E-01  3.13177742E-02  4.41270531E-04
2.73083417E-01  3.15339901E-02  4.38310410E-04
2.73382032E-01  3.17741819E-02  4.42547636E-04
2.73680647E-01  3.12783420E-02  4.41109209E-04
2.73979262E-01  3.22573222E-02  4.45788144E-04
2.74277877E-01  3.15996036E-02  4.39434720E-04
2.74576492E-01  3.21739092E-02  4.44084435E-04
2.74875107E-01  3.23461816E-02  4.46632446E-04
2.75173722E-01  3.17712836E-02  4.43325058E-04
2.75472337E-01  3.17440107E-02  4.38234216E-04
2.75770952E-01  3.16312648E-02  4.41672339E-04
2.76069567E-01  3.25387530E-02  4.43577388E-04
2.76368182E-01  3.19272317E-02  4.45327692E-04
2.76666797E-01  3.29772681E-02  4.51320142E-04
2.76965412E-01  3.23939063E-02  4.42260818E-04
2.77264027E-01  3.33568826E-02  4.52299282E-04
2.77562642E-01  3.24803479E-02  4.42411372E-04
2.77861257E-01  3.24551389E-02  4.47966158E-04
2.78159872E-01  3.37439403E-02  4.50600637E-04
2.78458487E-01  3.32823396E-02  4.49187501E-04
2.78757102E-01  3.36624607E-02  4.55064379E-04
2.79055717E-01  3.40469442E-02  4.54890192E-04
2.79354332E-01  3.40786166E-02  4.54988593E-04
2.79652947E-01  3.44423316E-02  4.57526156E-04
2.79951562E-01  3.39287668E-02  4.50386287E-04
2.80250177E-01  3.49408947E-02  4.62925294E-04
2.80548792E-01  3.49399336E-02  4.60014795E-04
2.80847407E-01  3.44332829E-02  4.54963883E-04
2.81146022E-01  3.58483084E-02  4.66191937E-04
2.81444637E-01  3.59680615E-02  4.68145270E-04
2.81743252E-01  3.65631506E-02  4.69995983E-04
2.82041867E-01  3.60838510E-02  4.62879834E-04
2.82340482E-01  3.66115421E-02  4.70074650E-04
2.82639097E-01  3.66966166E-02  4.70856554E-04
2.82937712E-01  3.67977805E-02  4.70684550E-04
2.83236327E-01  3.84815671E-02  4.81094787E-04
2.83534942E-01  3.88653018E-02  4.81103518E-04
2.83833557E-01  3.83346155E-02  4.80536110E-04
2.84132172E-01  3.95043045E-02  4.86965815E-04
2.84430787E-01  3.96898314E-02  4.90671431E-04
2.84729402E-01  4.01339494E-02  4.87341051E-04
2.85028017E-01  4.04810868E-02  4.92464809E-04
2.85326632E-01  4.04629074E-02  4.95554996E-04
2.85625247E-01  4.10783179E-02  4.91366023E-04
2.85923862E-01  4.13379483E-02  4.97038534E-04
2.86222477E-01  4.15906794E-02  4.98065143E-04
2.86521092E-01  4.18799333E-02  4.99918591E-04
2.86819707E-01  4.27024588E-02  5.08326571E-04
2.87118322E-01  4.16762792E-02  4.94815526E-04
2.87416937E-01  4.22660708E-02  5.00619819E-04
2.87715552E-01  4.18290496E-02  4.97295812E-04
2.88014167E-01  4.28409465E-02  5.06753975E-04
2.88312782E-01  4.22929153E-02  5.02632989E-04
2.88611397E-01  4.14426923E-02  4.91764979E-04
2.88910012E-01  4.18802239E-02  5.00671682E-04
2.89208627E-01  4.03836332E-02  4.89112455E-04
2.89507242E-01  4.13716361E-02  4.94697655E-04
2.89805857E-01  4.09004465E-02  4.90080565E-04
2.90104472E-01  3.97631153E-02  4.82518022E-04
2.90403087E-01  4.01196405E-02  4.89920145E-04
2.90701702E-01  3.81464101E-02  4.73987311E-04
2.91000317E-01  3.78468931E-02  4.71321982E-04
2.91298932E-01  3.77653986E-02  4.71846346E-04
2.91597547E-01  3.73973660E-02  4.70230443E-04
2.91896162E-01  3.70181091E-02  4.67498758E-04
2.92194777E-01  3.61985080E-02  4.60502051E-04
2.92493392E-01  3.57523821E-02  4.58100403E-04
2.92792007E-01  3.56864855E-02  4.58235154E-04
2.93090622E-01  3.52522805E-02  4.55218804E-04
2.93389237E-01  3.46955881E-02  4.51392174E-04
2.93687852E-01  3.39595340E-02  4.43470490E-04
2.93986467E-01  3.34789269E-02  4.43517027E-04
2.94285082E-01  3.26061547E-02  4.35484835E-04
2.94583697E-01  3.13458219E-02  4.30202897E-04
2.94882312E-01  3.14105339E-02  4.27839579E-04
2.95180927E-01  3.13642919E-02  4.24773636E-04
2.95479542E-01  3.09277959E-02  4.25670092E-04
2.95778157E-01  3.12193222E-02  4.26026207E-04
2.96076772E-01  3.08278799E-02  4.23653371E-04
2.96375387E-01  2.95866411E-02  4.14539769E-04
2.96674002E-01  3.06783319E-02  4.21917066E-04
2.96972617E-01  2.92877741E-02  4.14939248E-04
2.97271232E-01  2.99107339E-02  4.19533870E-04
2.97569847E-01  2.93922126E-02  4.16084949E-04
2.97868462E-01  2.90910210E-02  4.15162591E-04
2.98167077E-01  2.91992761E-02  4.17986419E-04
2.98465692E-01  2.90801190E-02  4.19735356E-04
2.98764307E-01  2.84129139E-02  4.11306479E-04
2.99062922E-01  2.83026379E-02  4.13056172E-04
2.99361537E-01  2.82020401E-02  4.13663773E-04
2.99660152E-01  2.80214008E-02  4.13063244E-04
2.99958767E-01  2.70684529E-02  4.06184234E-04
3.00257382E-01  2.80835629E-02  4.14882059E-04
3.00555997E-01  2.75348518E-02  4.10602224E-04
3.00854612E-01  2.73112841E-02  4.08313848E-04
3.01153227E-01  2.74021123E-02  4.11701243E-04
3.01451842E-01  2.71892920E-02  4.08227381E-04
3.01750457E-01  2.68700160E-02  4.10528388E-04
3.02049072E-01  2.65600979E-02  4.05226223E-04
3.02347687E-01  2.68866718E-02  4.15861694E-04
3.02646302E-01  2.62692645E-02  4.16291237E-04
3.02944917E-01  2.66572982E-02  4.19241493E-04
3.03243532E-01  2.71965861E-02  4.31528781E-04
3.03542147E-01  2.73030829E-02  4.33109555E-04
3.03840762E-01  2.65242420E-02  4.26646555E-04
3.04139377E-01  2.61975974E-02  4.29526524E-04
3.04437992E-01  2.68681590E-02  4.31120105E-04
3.04736607E-01  2.57841125E-02  4.29258507E-04
3.05035222E-01  2.54774783E-02  4.23216261E-04
3.05333837E-01  2.58296411E-02  4.29006992E-04
3.05632452E-01  2.58631408E-02  4.32738510E-04
3.05931067E-01  2.56674718E-02  4.28924599E-04
3.06229682E-01  2.56333854E-02  4.33283305E-04
3.06528297E-01  2.63968669E-02  4.35494643E-04
3.06826912E-01  2.61053741E-02  4.38451767E-04
3.07125527E-01  2.51897648E-02  4.31747001E-04
3.07424142E-01  2.52022818E-02  4.31328459E-04
3.07722757E-01  2.62984987E-02  4.44145204E-04
3.08021372E-01  2.57995408E-02  4.36278875E-04
3.08319987E-01  2.53834650E-02  4.29488573E-04
3.08618602E-01  2.56031584E-02  4.27134772E-04
3.08917217E-01  2.58455165E-02  4.22732439E-04
3.09215832E-01  2.56982315E-02  4.25185455E-04
3.09514447E-01  2.57205740E-02  4.18733049E-04
3.09813062E-01  2.55974215E-02  4.18674550E-04
3.10111677E-01  2.50083022E-02  4.11969871E-04
3.10410292E-01  2.50617191E-02  4.07305750E-04
3.10708907E-01  2.51863673E-02  4.12282330E-04
3.11007522E-01  2.51465179E-02  4.06223553E-04
3.11306137E-01  2.52579749E-02  4.12296096E-04
3.11604752E-01  2.57135890E-02  4.11114976E-04
3.11903367E-01  2.60908939E-02  4.13672446E-04
3.12201982E-01  2.51788385E-02  4.06268868E-04
3.12500597E-01  2.63394993E-02  4.11755784E-04
3.12799212E-01  2.57993042E-02  4.10912820E-04
3.13097827E-01  2.50675492E-02  4.02227975E-04
3.13396442E-01  2.58121099E-02  4.07616084E-04
3.13695057E-01  2.56529693E-02  4.08426713E-04
3.13993672E-01  2.49679890E-02  3.98888340E-04
3.14292287E-01  2.52924263E-02  4.02533391E-04
3.14590902E-01  2.55474821E-02  4.03386890E-04
3.14889517E-01  2.51081362E-02  3.99904384E-04
3.15188132E-01  2.52153762E-02  4.03097889E-04
3.15486747E-01  2.55279057E-02  4.00194695E-04
3.15785362E-01  2.56795026E-02  4.04113583E-04
3.16083977E-01  2.60711312E-02  4.04118589E-04
3.16382592E-01  2.57496648E-02  4.03820071E-04
3.16681207E-01  2.54538301E-02  3.99721699E-04
3.16979822E-01  2.65076924E-02  4.07280808E-04
3.17278437E-01  2.55972221E-02  4.01577534E-04
3.17577052E-01  2.59707253E-02  4.03241022E-04
3.17875667E-01  2.51125842E-02  4.02071630E-04
3.18174282E-01  2.52996534E-02  4.07265092E-04
3.18472897E-01  2.51827221E-02  4.12167428E-04
3.18771512E-01  2.59050243E-02  4.16417053E-04
3.19070127E-01  2.58229040E-02  4.19013115E-04
3.19368742E-01  2.60164533E-02  4.20936354E-04
3.19667357E-01  2.58286204E-02  4.19769523E-04
3.19965972E-01  2.57606711E-02  4.20166121E-04
3.20264587E-01  2.60307901E-02  4.24289756E-04
3.20563202E-01  2.64144577E-02  4.27040650E-04
3.20861817E-01  2.60906853E-02  4.25266015E-04
3.21160432E-01  2.64304262E-02  4.26685903E-04
3.21459047E-01  2.60727294E-02  4.27824416E-04
3.21757662E-01  2.55989749E-02  4.21243225E-04
3.22056277E-01  2.57637165E-02  4.22356010E-04
3.22354892E-01  2.72279382E-02  4.37965617E-04
3.22653507E-01  2.60679666E-02  4.27171559E-04
3.22952122E-01  2.64355335E-02  4.33952926E-04
3.23250737E-01  2.69083362E-02  4.29558539E-04
3.23549352E-01  2.60126665E-02  4.27587831E-04
3.23847967E-01  2.68738568E-02  4.36641509E-04
3.24146582E-01  2.69290879E-02  4.35816532E-04
3.24445197E-01  2.65157763E-02  4.32712433E-04
3.24743812E-01  2.67471820E-02  4.33839508E-04
3.25042427E-01  2.76709665E-02  4.45957994E-04
3.25341042E-01  2.76422556E-02  4.40657430E-04
3.25639657E-01  2.78012902E-02  4.44380043E-04
3.25938272E-01  2.71849185E-02  4.40591975E-04
3.26236887E-01  2.78555863E-02  4.42486751E-04
3.26535502E-01  2.77855080E-02  4.48620442E-04
3.26834117E-01  2.74798367E-02  4.41162178E-04
3.27132732E-01  2.72122584E-02  4.41208977E-04
3.27431347E-01  2.70634275E-02  4.40653210E-04
3.27729962E-01  2.77405474E-02  4.44033532E-04
3.28028577E-01  2.78778691E-02  4.52357810E-04
3.28327192E-01  2.89174132E-02  4.49807529E-04
3.28625807E-01  2.83876285E-02  4.53058165E-04
3.28924422E-01  2.82311626E-02  4.51539672E-04
3.29223037E-01  2.84989607E-02  4.51795640E-04
3.29521652E-01  2.85384767E-02  4.53048764E-04
3.29820267E-01  2.90222857E-02  4.55255038E-04
3.30118882E-01  2.90199742E-02  4.60286741E-04
3.30417497E-01  2.88819913E-02  4.56721493E-04
3.30716112E-01  3.00762746E-02  4.63315431E-04
3.31014727E-01  2.99826153E-02  4.63414792E-04
3.31313342E-01  2.95581557E-02  4.58500261E-04
3.31611957E-01  2.94555500E-02  4.62620927E-04
3.31910572E-01  2.97181215E-02  4.61370306E-04
3.32209187E-01  2.99894828E-02  4.61431249E-04
3.32507802E-01  3.01863514E-02  4.68188344E-04
3.32806417E-01  3.06097232E-02  4.65227757E-04
3.33105032E-01  2.99210474E-02  4.64185170E-04
3.33403647E-01  3.10063306E-02  4.69469669E-04
3.33702262E-01  3.05163153E-02  4.66020167E-04
3.34000877E-01  3.08289882E-02  4.68127953E-04
3.34299492E-01  2.91406643E-02  4.56606678E-04
3.34598107E-01  3.05830296E-02  4.68186801E-04
3.34896722E-01  2.98146792E-02  4.57821297E-04
3.35195337E-01  2.98870672E-02  4.59312083E-04
3.35493952E-01  2.98611578E-02  4.61813412E-04
3.35792567E-01  2.93749478E-02  4.56427777E-04
3.36091182E-01  3.09692882E-02  4.69339400E-04
3.36389797E-01  3.04798149E-02  4.62772499E-04
3.36688412E-01  2.99345236E-02  4.61570133E-04
3.36987027E-01  2.94784606E-02  4.55242058E-04
3.37285642E-01  3.03580463E-02  4.63873730E-04
3.37584257E-01  3.14354412E-02  4.72726737E-04
3.37882872E-01  3.00938264E-02  4.60374198E-04
3.38181487E-01  3.02735176E-02  4.63502918E-04
3.38480102E-01  2.94751562E-02  4.50540916E-04
3.38778717E-01  2.96406280E-02  4.57964925E-04
3.39077332E-01  2.99127307E-02  4.58193943E-04
3.39375947E-01  2.98885740E-02  4.57877642E-04
3.39674562E-01  2.94644441E-02  4.57542279E-04
3.39973177E-01  2.98782028E-02  4.55956557E-04
3.40271792E-01  2.95340326E-02  4.56481444E-04
3.40570407E-01  2.96071358E-02  4.56250942E-04
3.40869022E-01  3.02614737E-02  4.58612485E-04
3.41167637E-01  3.03699169E-02  4.60891490E-04
3.41466252E-01  2.97713205E-02  4.53586632E-04
3.41764867E-01  3.10687330E-02  4.69018763E-04
3.42063482E-01  2.93803755E-02  4.52541659E-04
3.42362097E-01  3.02901641E-02  4.57005081E-04
3.42660712E-01  2.94546690E-02  4.54820402E-04
3.42959327E-01  2.96369679E-02  4.51539701E-04
3.43257942E-01  2.99115293E-02  4.58336872E-04
3.43556557E-01  2.97443178E-02  4.53649351E-04
3.43855172E-01  3.07030082E-02  4.61035233E-04
3.44153787E-01  3.04122902E-02  4.58586757E-04
3.44452402E-01  3.10193319E-02  4.62614553E-04
3.44751017E-01  3.04440465E-02  4.59222239E-04
3.45049632E-01  3.07606217E-02  4.57182759E-04
3.45348247E-01  3.05136889E-02  4.59750008E-04
3.45646862E-01  3.02956104E-02  4.56153677E-04
3.45945477E-01  3.03851906E-02  4.57088172E-04
3.46244092E-01  3.07525154E-02  4.54459660E-04
3.46542707E-01  3.02792098E-02  4.51325672E-04
3.46841322E-01  3.08253113E-02  4.58701863E-04
3.47139937E-01  3.02320421E-02  4.52739856E-04
3.47438552E-01  3.02764997E-02  4.49689571E-04
3.47737167E-01  3.06735486E-02  4.56292008E-04
3.48035782E-01  3.02335508E-02  4.49002109E-04
3.48334397E-01  2.98603568E-02  4.49702115E-04
3.48633012E-01  3.08898315E-02  4.51006519E-04
3.48931627E-01  2.99564563E-02  4.47560160E-04
3.49230242E-01  2.93765329E-02  4.44436300E-04
3.49528857E-01  3.01207453E-02  4.48664738E-04
3.49827472E-01  3.10524069E-02  4.56307782E-04
3.50126087E-01  3.01139336E-02  4.45071317E-04
3.50424702E-01  2.96022128E-02  4.45158657E-04
3.50723317E-01  2.99898256E-02  4.46219841E-04
3.51021932E-01  2.95431577E-02  4.44471632E-04
3.51320547E-01  2.95544211E-02  4.42245189E-04
3.51619162E-01  2.94523928E-02  4.40521224E-04
3.51917777E-01  2.95382589E-02  4.43096040E-04
3.52216392E-01  2.87831798E-02  4.36559989E-04
3.52515007E-01  2.92991325E-02  4.38425079E-04
3.52813622E-01  2.95354947E-02  4.40191361E-04
3.53112237E-01  2.98877228E-02  4.47683939E-04
3.53410852E-01  2.91607343E-02  4.41474724E-04
3.53709467E-01  2.88080536E-02  4.30450687E-04
3.54008082E-01  2.86971517E-02  4.34257381E-04
3.54306697E-01  2.82022078E-02  4.30731219E-04
3.54605312E-01  2.90280916E-02  4.39265277E-04
3.54903927E-01  2.89570522E-02  4.40058473E-04
3.55202542E-01  2.90163159E-02  4.31210239E-04
3.55501157E-01  2.91320402E-02  4.38733550E-04
3.55799772E-01  2.75356732E-02  4.24581493E-04
3.56098387E-01  2.85782591E-02  4.33601585E-04
3.56397002E-01  2.90377159E-02  4.36719100E-04
3.56695617E-01  2.87150592E-02  4.29540931E-04
3.56994232E-01  2.82939356E-02  4.34162415E-04
3.57292847E-01  2.82484014E-02  4.26831830E-04
3.57591462E-01  2.78151184E-02  4.26163373E-04
3.57890077E-01  2.77563166E-02  4.24913480E-04
3.58188692E-01  2.77606491E-02  4.23247518E-04
3.58487307E-01  2.75058318E-02  4.27024788E-04
3.58785922E-01  2.76928451E-02  4.20943630E-04
3.59084537E-01  2.78467052E-02  4.26297222E-04
3.59383152E-01  2.77486276E-02  4.23952093E-04
3.59681767E-01  2.79101469E-02  4.25526814E-04
3.59980382E-01  2.77490318E-02  4.28329862E-04
3.60278997E-01  2.79337503E-02  4.20782570E-04
3.60577612E-01  2.73859203E-02  4.22876095E-04
3.60876227E-01  2.73901392E-02  4.21436649E-04
3.61174842E-01  2.78772656E-02  4.22576879E-04
3.61473457E-01  2.70254910E-02  4.16072347E-04
3.61772072E-01  2.77700368E-02  4.22997546E-04
3.62070687E-01  2.71094423E-02  4.20516299E-04
3.62369302E-01  2.74542794E-02  4.20142023E-04
3.62667917E-01  2.86801569E-02  4.29307111E-04
3.62966532E-01  2.74453852E-02  4.18635551E-04
3.63265147E-01  2.78232023E-02  4.23071790E-04
3.63563762E-01  2.80505642E-02  4.24911006E-04
3.63862377E-01  2.86359768E-02  4.27736290E-04
3.64160992E-01  2.69345194E-02  4.15164075E-04
3.64459607E-01  2.78856400E-02  4.22655285E-04
3.64758222E-01  2.78794132E-02  4.22609446E-04
3.65056837E-01  2.68564969E-02  4.15444665E-04
3.65355452E-01  2.83632949E-02  4.23144287E-04
3.65654067E-01  2.78427247E-02  4.22782527E-04
3.65952682E-01  2.71956269E-02  4.14777634E-04
3.66251297E-01  2.74750181E-02  4.21100878E-04
3.66549912E-01  2.72307284E-02  4.15264716E-04
3.66848527E-01  2.75321603E-02  4.15393501E-04
3.67147142E-01  2.76738070E-02  4.22513171E-04
3.67445757E-01  2.78361570E-02  4.19312448E-04
3.67744372E-01  2.83504240E-02  4.24276339E-04
3.68042987E-01  2.81248055E-02  4.21703415E-04
3.68341602E-01  2.78948452E-02  4.20196506E-04
3.68640217E-01  2.78721731E-02  4.22015117E-04
3.68938832E-01  2.75193527E-02  4.14023845E-04
3.69237447E-01  2.74822637E-02  4.16972674E-04
3.69536062E-01  2.77800430E-02  4.17379430E-04
3.69834677E-01  2.76451148E-02  4.18865355E-04
3.70133292E-01  2.79139448E-02  4.22115671E-04
3.70431907E-01  2.82428935E-02  4.19115240E-04
3.70730522E-01  2.75521763E-02  4.17074421E-04
3.71029137E-01  2.75398474E-02  4.14613838E-04
3.71327752E-01  2.76950784E-02  4.17613948E-04
3.71626367E-01  2.78389249E-02  4.18264099E-04
3.71924982E-01  2.78147031E-02  4.17758740E-04
3.72223597E-01  2.82495636E-02  4.23098740E-04
3.72522212E-01  2.71329135E-02  4.10070526E-04
3.72820827E-01  2.77666673E-02  4.16755356E-04
3.73119442E-01  2.70426907E-02  4.11393819E-04
3.73418057E-01  2.75115091E-02  4.12925641E-04
3.73716672E-01  2.76302081E-02  4.18879994E-04
3.74015287E-01  2.82722265E-02  4.17214207E-04
3.74313902E-01  2.75780577E-02  4.14064416E-04
3.74612517E-01  2.83515416E-02  4.20912955E-04
3.74911132E-01  2.72862446E-02  4.12293710E-04
3.75209747E-01  2.81269513E-02  4.19245247E-04
3.75508362E-01  2.75948346E-02  4.12506954E-04
3.75806977E-01  2.83084214E-02  4.19303513E-04
3.76105592E-01  2.74126399E-02  4.12511756E-04
3.76404207E-01  2.77454089E-02  4.15222021E-04
3.76702822E-01  2.80295499E-02  4.15537710E-04
3.77001437E-01  2.75789481E-02  4.12499969E-04
3.77300052E-01  2.83678602E-02  4.21155244E-04
3.77598667E-01  2.85170507E-02  4.21286037E-04
3.77897282E-01  2.79517528E-02  4.14020527E-04
3.78195897E-01  2.77878847E-02  4.12181544E-04
3.78494512E-01  2.83203628E-02  4.18654527E-04
3.78793127E-01  2.80347094E-02  4.15796996E-04
3.79091742E-01  2.78598610E-02  4.13658941E-04
3.79390357E-01  2.85352934E-02  4.18326934E-04
3.79688972E-01  2.78154351E-02  4.13227128E-04
3.79987587E-01  2.84147523E-02  4.16918338E-04
3.80286202E-01  2.76613776E-02  4.12397290E-04
3.80584817E-01  2.81472858E-02  4.16005059E-04
3.80883432E-01  2.83844545E-02  4.16070921E-04
3.81182047E-01  2.78820619E-02  4.13623988E-04
3.81480662E-01  2.77674440E-02  4.12878813E-04
3.81779277E-01  2.80498583E-02  4.11653047E-04
3.82077892E-01  2.86702886E-02  4.19540243E-04
3.82376507E-01  2.80392878E-02  4.13957023E-04
3.82675122E-01  2.86355391E-02  4.19076619E-04
3.82973737E-01  2.82476600E-02  4.14555921E-04
3.83272352E-01  2.82264072E-02  4.11724439E-04
3.83570967E-01  2.84168664E-02  4.16635565E-04
3.83869582E-01  2.86591891E-02  4.17150615E-04
3.84168197E-01  2.89758332E-02  4.20292869E-04
3.84466812E-01  2.84666047E-02  4.14919225E-04
3.84765427E-01  2.89027337E-02  4.17566684E-04
3.85064042E-01  2.84365918E-02  4.17418545E-04
3.85362657E-01  2.86728125E-02  4.16423572E-04
3.85661272E-01  2.93517280E-02  4.18414740E-04
3.85959887E-01  2.84463875E-02  4.16130177E-04
3.86258502E-01  2.83543654E-02  4.12364432E-04
3.86557117E-01  2.87028998E-02  4.20332595E-04
3.86855732E-01  2.83745453E-02  4.12004883E-04
3.87154347E-01  2.92133708E-02  4.17845848E-04
3.87452962E-01  2.88285799E-02  4.18818381E-04
3.87751577E-01  2.94094943E-02  4.18219628E-04
3.88050192E-01  2.94556934E-02  4.23352089E-04
3.88348807E-01  2.94532143E-02  4.17408854E-04
3.88647422E-01  2.90334579E-02  4.17801639E-04
3.88946037E-01  2.88051721E-02  4.15334449E-04
3.89244652E-01  2.93284636E-02  4.19921795E-04
3.89543267E-01  2.93612592E-02  4.20262135E-04
3.89841882E-01  2.90270410E-02  4.14587412E-04
3.90140497E-01  3.00101172E-02  4.25728969E-04
3.90439112E-01  2.89902203E-02  4.17395611E-04
3.90737727E-01  2.98480373E-02  4.18984302E-04
3.91036342E-01  2.88020670E-02  4.16765222E-04
3.91334957E-01  2.95934360E-02  4.17804724E-04
3.91633572E-01  2.93095410E-02  4.19693883E-04
3.91932187E-01  2.99214181E-02  4.20014374E-04
3.92230802E-01  2.91364677E-02  4.15684190E-04
3.92529417E-01  2.91238446E-02  4.18366602E-04
3.92828032E-01  2.83124223E-02  4.08272026E-04
3.93126647E-01  2.99694669E-02  4.22105164E-04
3.93425262E-01  2.95174085E-02  4.17480944E-04
3.93723877E-01  2.97840033E-02  4.21420176E-04
3.94022492E-01  2.95081381E-02  4.19156451E-04
3.94321107E-01  2.97499783E-02  4.18515934E-04
3.94619722E-01  3.00796591E-02  4.21034405E-04
3.94918337E-01  2.91298237E-02  4.14033304E-04
3.95216952E-01  3.03098783E-02  4.23469377E-04
3.95515567E-01  2.91185305E-02  4.15470568E-04
3.95814182E-01  2.95131560E-02  4.14446869E-04
3.96112797E-01  3.01185250E-02  4.21826437E-04
3.96411412E-01  3.03019620E-02  4.22288547E-04
3.96710027E-01  3.03168744E-02  4.22907236E-04
3.97008642E-01  2.99140047E-02  4.18060925E-04
3.97307257E-01  3.02646048E-02  4.21114150E-04
3.97605872E-01  3.03911585E-02  4.23120917E-04
3.97904487E-01  2.95333453E-02  4.18124779E-04
3.98203102E-01  3.01906113E-02  4.18186188E-04
3.98501717E-01  2.99515501E-02  4.17526870E-04
3.98800332E-01  2.98775062E-02  4.17714065E-04
3.99098947E-01  3.07604056E-02  4.24251193E-04
3.99397562E-01  3.10312901E-02  4.27459046E-04
3.99696177E-01  2.96912547E-02  4.16414434E-04
3.99994792E-01  2.96892971E-02  4.15204471E-04
4.00293407E-01  3.05240024E-02  4.22318291E-04
4.00592022E-01  3.05637419E-02  4.21378500E-04
4.00890637E-01  2.97654178E-02  4.15740826E-04
4.01189252E-01  3.04100215E-02  4.19818156E-04
4.01487867E-01  3.03758904E-02  4.21399920E-04
4.01786482E-01  2.99446005E-02  4.17795498E-04
4.02085097E-01  3.11947428E-02  4.22787707E-04
4.02383712E-01  3.02328095E-02  4.21529548E-04
4.02682327E-01  2.95946337E-02  4.11513145E-04
4.02980942E-01  3.01233493E-02  4.18945914E-04
4.03279557E-01  2.99200453E-02  4.15837043E-04
4.03578172E-01  3.06935869E-02  4.18890937E-04
4.03876787E-01  3.02493814E-02  4.19523771E-04
4.04175402E-01  3.04026753E-02  4.17494739E-04
4.04474017E-01  2.96092965E-02  4.14369395E-04
4.04772632E-01  3.08163613E-02  4.20527329E-04
4.05071247E-01  3.03201675E-02  4.17623669E-04
4.05369862E-01  2.98398826E-02  4.18087933E-04
4.05668477E-01  3.08965798E-02  4.17635776E-04
4.05967092E-01  2.97001600E-02  4.13140282E-04
4.06265707E-01  2.99974438E-02  4.14517592E-04
4.06564322E-01  3.03384587E-02  4.16377385E-04
4.06862937E-01  3.07352822E-02  4.23301215E-04
4.07161552E-01  3.04665100E-02  4.15791874E-04
4.07460167E-01  3.08741592E-02  4.21433797E-04
4.07758782E-01  3.17271613E-02  4.23518504E-04
4.08057397E-01  3.02881580E-02  4.15843766E-04
4.08356012E-01  3.08000445E-02  4.20932192E-04
4.08654627E-01  3.03709917E-02  4.14372538E-04
4.08953242E-01  3.12493779E-02  4.24699974E-04
4.09251857E-01  3.06128897E-02  4.16897587E-04
4.09550472E-01  3.10452692E-02  4.20029537E-04
4.09849087E-01  3.06138620E-02  4.17297968E-04
4.10147702E-01  3.01577374E-02  4.12346650E-04
4.10446317E-01  3.05026099E-02  4.19104210E-04
4.10744932E-01  2.93436516E-02  4.08457825E-04
4.11043547E-01  3.08166072E-02  4.15003189E-04
4.11342162E-01  3.14273909E-02  4.22615820E-04
4.11640777E-01  3.04961968E-02  4.17091360E-04
4.11939392E-01  2.96622925E-02  4.11738089E-04
4.12238007E-01  3.00150476E-02  4.09859611E-04
4.12536622E-01  3.00176516E-02  4.11974499E-04
4.12835237E-01  3.07329763E-02  4.15310496E-04
4.13133852E-01  3.04167494E-02  4.14803857E-04
4.13432467E-01  2.99594663E-02  4.11292160E-04
4.13731082E-01  3.02930959E-02  4.12236812E-04
4.14029697E-01  3.05844136E-02  4.16047085E-04
4.14328312E-01  3.07966918E-02  4.16133524E-04
4.14626927E-01  3.04998122E-02  4.15280665E-04
4.14925542E-01  3.02916095E-02  4.10246081E-04
4.15224157E-01  3.07024587E-02  4.15886578E-04
4.15522772E-01  2.98080519E-02  4.10453096E-04
4.15821387E-01  3.07519939E-02  4.14020440E-04
4.16120002E-01  3.03341541E-02  4.11957211E-04
4.16418617E-01  3.02248150E-02  4.12071444E-04
4.16717232E-01  2.93802582E-02  4.05524712E-04
4.17015847E-01  3.03968024E-02  4.13916452E-04
4.17314462E-01  3.02994084E-02  4.07890242E-04
4.17613077E-01  3.04304715E-02  4.12808731E-04
4.17911692E-01  3.00851278E-02  4.09141649E-04
4.18210307E-01  2.98869684E-02  4.10722860E-04
4.18508922E-01  2.97137145E-02  4.05404862E-04
4.18807537E-01  2.96942834E-02  4.05366183E-04
4.19106152E-01  2.87515316E-02  4.01266647E-04
4.19404767E-01  3.03897504E-02  4.12256311E-04
4.19703382E-01  2.99516264E-02  4.06014122E-04
4.20001997E-01  2.99982857E-02  4.08187159E-04
4.20300612E-01  2.96977293E-02  4.04659804E-04
4.20599227E-01  2.91132610E-02  4.03883663E-04
4.20897842E-01  2.90649422E-02  4.01057914E-04
4.21196457E-01  2.89400052E-02  3.99106066E-04
4.21495072E-01  2.99190562E-02  4.07562096E-04
4.21793687E-01  2.95578688E-02  4.03805083E-04
4.22092302E-01  2.98171677E-02  4.07804415E-04
4.22390917E-01  2.94097550E-02  3.99182492E-04
4.22689532E-01  2.78349780E-02  3.93567316E-04
4.22988147E-01  2.88834032E-02  3.98363336E-04
4.23286762E-01  2.92410236E-02  4.03295679E-04
4.23585377E-01  2.83343773E-02  3.94294359E-04
4.23883992E-01  2.88755391E-02  3.97236086E-04
4.24182607E-01  2.80156936E-02  3.91454785E-04
4.24481222E-01  2.81415153E-02  3.94563249E-04
4.24779837E-01  2.81194951E-02  3.92713526E-04
4.25078452E-01  2.93585751E-02  3.99741752E-04
4.25377067E-01  2.84479745E-02  3.96259013E-04
4.25675682E-01  2.80982796E-02  3.90895322E-04
4.25974297E-01  2.76882406E-02  3.91023787E-04
4.26272912E-01  2.80677807E-02  3.89379857E-04
4.26571527E-01  2.76279133E-02  3.90600529E-04
4.26870142E-01  2.77712680E-02  3.88532877E-04
4.27168757E-01  2.82187015E-02  3.92267073E-04
4.27467372E-01  2.85554286E-02  3.93279188E-04
4.27765987E-01  2.85201073E-02  3.95426672E-04
4.28064602E-01  2.81852391E-02  3.91423906E-04
4.28363217E-01  2.79333033E-02  3.90723348E-04
4.28661832E-01  2.73935515E-02  3.86323140E-04
4.28960447E-01  2.77153011E-02  3.87977751E-04
4.29259062E-01  2.81667244E-02  3.90602188E-04
4.29557677E-01  2.74767466E-02  3.86307365E-04
4.29856292E-01  2.80585531E-02  3.88728542E-04
4.30154907E-01  2.79782433E-02  3.89037246E-04
4.30453522E-01  2.74383891E-02  3.86647996E-04
4.30752137E-01  2.77483761E-02  3.87871114E-04
4.31050752E-01  2.81511974E-02  3.89116816E-04
4.31349367E-01  2.73825210E-02  3.84451007E-04
4.31647982E-01  2.73368303E-02  3.83960898E-04
4.31946597E-01  2.72337142E-02  3.85297026E-04
4.32245212E-01  2.70837583E-02  3.81083577E-04
4.32543827E-01  2.73456853E-02  3.84883344E-04
4.32842442E-01  2.68764812E-02  3.83714883E-04
4.33141057E-01  2.77316775E-02  3.85534222E-04
4.33439672E-01  2.70979870E-02  3.83568782E-04
4.33738287E-01  2.76860241E-02  3.85645602E-04
4.34036902E-01  2.72056852E-02  3.84247309E-04
4.34335517E-01  2.74213850E-02  3.85338615E-04
4.34634132E-01  2.68099252E-02  3.81445163E-04
4.34932747E-01  2.67521609E-02  3.79091653E-04
4.35231362E-01  2.69869547E-02  3.81006015E-04
4.35529977E-01  2.74417400E-02  3.86350148E-04
4.35828592E-01  2.72639748E-02  3.84495768E-04
4.36127207E-01  2.71173865E-02  3.81254940E-04
4.36425822E-01  2.70415787E-02  3.81397287E-04
4.36724437E-01  2.73861866E-02  3.84161831E-04
4.37023052E-01  2.66610067E-02  3.79211269E-04
4.37321667E-01  2.71672681E-02  3.80604470E-04
4.37620282E-01  2.69123185E-02  3.81591090E-04
4.37918897E-01  2.66702939E-02  3.79113335E-04
4.38217512E-01  2.75930036E-02  3.86303611E-04
4.38516127E-01  2.66229901E-02  3.77109798E-04
4.38814742E-01  2.72079073E-02  3.79317120E-04
4.39113357E-01  2.68305372E-02  3.80087789E-04
4.39411972E-01  2.74363924E-02  3.84186336E-04
4.39710587E-01  2.75931265E-02  3.83756415E-04
4.40009202E-01  2.69998536E-02  3.81036254E-04
4.40307817E-01  2.63240207E-02  3.72949784E-04
4.40606432E-01  2.73659434E-02  3.83613777E-04
4.40905047E-01  2.70704888E-02  3.80445214E-04
4.41203662E-01  2.71740947E-02  3.78845754E-04
4.41502277E-01  2.67350953E-02  3.77751508E-04
4.41800892E-01  2.69299895E-02  3.78545432E-04
4.42099507E-01  2.64434945E-02  3.75358883E-04
4.42398122E-01  2.72433385E-02  3.79995763E-04
4.42696737E-01  2.71706060E-02  3.79572535E-04
4.42995352E-01  2.67307684E-02  3.77313932E-04
4.43293967E-01  2.63486151E-02  3.75681149E-04
4.43592582E-01  2.61192974E-02  3.74126743E-04
4.43891197E-01  2.65471991E-02  3.73570889E-04
4.44189812E-01  2.74538659E-02  3.83230596E-04
4.44488427E-01  2.70316135E-02  3.78444121E-04
4.44787042E-01  2.70042941E-02  3.79664940E-04
4.45085657E-01  2.66081747E-02  3.75471282E-04
4.45384272E-01  2.70938072E-02  3.79463600E-04
4.45682887E-01  2.71392670E-02  3.82470869E-04
4.45981502E-01  2.64239963E-02  3.73766496E-04
4.46280117E-01  2.55733132E-02  3.68505338E-04
4.46578732E-01  2.63461825E-02  3.74279363E-04
4.46877347E-01  2.59701833E-02  3.72334762E-04
4.47175962E-01  2.61295754E-02  3.77226534E-04
4.47474577E-01  2.60533150E-02  3.70417954E-04
4.47773192E-01  2.60234214E-02  3.72067007E-04
4.48071807E-01  2.60981023E-02  3.72601993E-04
4.48370422E-01  2.58946624E-02  3.72209615E-04
4.48669037E-01  2.57320888E-02  3.70063965E-04
4.48967652E-01  2.55857576E-02  3.68608104E-04
4.49266267E-01  2.58003063E-02  3.71699076E-04
4.49564882E-01  2.62520630E-02  3.75106029E-04
4.49863497E-01  2.52313819E-02  3.66211025E-04
4.50162112E-01  2.56824959E-02  3.70772148E-04
4.50460727E-01  2.63152216E-02  3.75395844E-04
4.50759342E-01  2.55448353E-02  3.69943155E-04
4.51057957E-01  2.54615787E-02  3.68853478E-04
4.51356572E-01  2.54254434E-02  3.66184511E-04
4.51655187E-01  2.55380329E-02  3.70388821E-04
4.51953802E-01  2.57262141E-02  3.70362686E-04
4.52252417E-01  2.58042775E-02  3.74644500E-04
4.52551032E-01  2.50252448E-02  3.64565611E-04
4.52849647E-01  2.60581896E-02  3.72830953E-04
4.53148262E-01  2.54396126E-02  3.68380657E-04
4.53446877E-01  2.50221323E-02  3.64946492E-04
4.53745492E-01  2.55334321E-02  3.69468151E-04
4.54044107E-01  2.59572342E-02  3.73263290E-04
4.54342722E-01  2.46573705E-02  3.63237399E-04
4.54641337E-01  2.46484298E-02  3.63975589E-04
4.54939952E-01  2.48862989E-02  3.64441308E-04
4.55238567E-01  2.47951094E-02  3.63534957E-04
4.55537182E-01  2.46455166E-02  3.64928594E-04
4.55835797E-01  2.46062241E-02  3.63669678E-04
4.56134412E-01  2.43374500E-02  3.60723090E-04
4.56433027E-01  2.55487338E-02  3.69999587E-04
4.56731642E-01  2.48127822E-02  3.63911415E-04
4.57030257E-01  2.48224903E-02  3.65431973E-04
4.57328872E-01  2.50824690E-02  3.66450637E-04
4.57627487E-01  2.45042760E-02  3.62044317E-04
4.57926102E-01  2.59027258E-02  3.72479466E-04
4.58224717E-01  2.47869380E-02  3.65662243E-04
4.58523332E-01  2.49339342E-02  3.65531043E-04
4.58821947E-01  2.45400500E-02  3.60493490E-04
4.59120562E-01  2.49550641E-02  3.66986234E-04
4.59419177E-01  2.49924269E-02  3.67099303E-04
4.59717792E-01  2.51055062E-02  3.67848697E-04
4.60016407E-01  2.48915516E-02  3.65066691E-04
4.60315022E-01  2.53062714E-02  3.67530331E-04
4.60613637E-01  2.46365983E-02  3.64078820E-04
4.60912252E-01  2.52290331E-02  3.69579328E-04
4.61210867E-01  2.42283940E-02  3.60256090E-04
4.61509482E-01  2.50585750E-02  3.70233931E-04
4.61808097E-01  2.44528670E-02  3.73991497E-04
4.62106712E-01  2.41544023E-02  3.73288698E-04
4.62405327E-01  2.48569455E-02  3.82143306E-04
4.62703942E-01  2.46623978E-02  3.80187150E-04
4.63002557E-01  2.50164103E-02  3.89930618E-04
4.63301172E-01  2.45748572E-02  3.87836102E-04
4.63599787E-01  2.41573378E-02  3.86579282E-04
4.63898402E-01  2.48305220E-02  3.93738650E-04
4.64197017E-01  2.37804689E-02  3.85820924E-04
4.64495632E-01  2.42873840E-02  3.94825503E-04
4.64794247E-01  2.49700658E-02  4.00973600E-04
4.65092862E-01  2.47532297E-02  3.97235621E-04
4.65391477E-01  2.44190432E-02  4.00473655E-04
4.65690092E-01  2.46095452E-02  4.01925761E-04
4.65988707E-01  2.46886536E-02  4.06098523E-04
4.66287322E-01  2.37862226E-02  3.98938253E-04
4.66585937E-01  2.50459611E-02  4.09819302E-04
4.66884552E-01  2.39513181E-02  4.05721483E-04
4.67183167E-01  2.48080269E-02  4.14678361E-04
4.67481782E-01  2.39844173E-02  4.02715697E-04
4.67780397E-01  2.46154256E-02  4.13777685E-04
4.68079012E-01  2.49609724E-02  4.18112002E-04
4.68377627E-01  2.46075019E-02  4.17556381E-04
4.68676242E-01  2.45877765E-02  4.18367650E-04
4.68974857E-01  2.45595071E-02  4.18128795E-04
4.69273472E-01  2.35997234E-02  4.13775619E-04
4.69572087E-01  2.43108477E-02  4.18717129E-04
4.69870702E-01  2.44783740E-02  4.21915523E-04
4.70169317E-01  2.41938364E-02  4.21608042E-04
4.70467932E-01  2.49461606E-02  4.29023552E-04
4.70766547E-01  2.44249888E-02  4.28970961E-04
4.71065162E-01  2.41992362E-02  4.26853396E-04
4.71363777E-01  2.41860021E-02  4.23859456E-04
4.71662392E-01  2.44114567E-02  4.30730812E-04
4.71961007E-01  2.40834672E-02  4.29173291E-04
4.72259622E-01  2.42123362E-02  4.33470355E-04
4.72558237E-01  2.38913614E-02  4.28135856E-04
4.72856852E-01  2.40376256E-02  4.23213380E-04
4.73155467E-01  2.45335754E-02  4.24319180E-04
4.73454082E-01  2.40339767E-02  4.14996175E-04
4.73752697E-01  2.36880463E-02  4.05710045E-04
4.74051312E-01  2.49606129E-02  4.16705327E-04
4.74349927E-01  2.42931396E-02  4.08648950E-04
4.74648542E-01  2.43552383E-02  4.09288390E-04
4.74947157E-01  2.37744786E-02  4.00434452E-04
4.75245772E-01  2.46100016E-02  4.06735198E-04
4.75544387E-01  2.38858368E-02  3.99934535E-04
4.75843002E-01  2.50679534E-02  4.10619134E-04
4.76141617E-01  2.47839671E-02  4.04720486E-04
4.76440232E-01  2.40901001E-02  3.99125100E-04
4.76738847E-01  2.45316606E-02  4.01242840E-04
4.77037462E-01  2.40065139E-02  3.97141092E-04
4.77336077E-01  2.39460170E-02  3.97502445E-04
4.77634692E-01  2.45360248E-02  3.98814795E-04
4.77933307E-01  2.44913418E-02  3.98985518E-04
4.78231922E-01  2.38793511E-02  3.91570036E-04
4.78530537E-01  2.38384865E-02  3.95010546E-04
4.78829152E-01  2.39924360E-02  3.90340283E-04
4.79127767E-01  2.46554501E-02  3.97049298E-04
4.79426382E-01  2.41616704E-02  3.95244104E-04
4.79724997E-01  2.40927227E-02  3.92908987E-04
4.80023612E-01  2.46934351E-02  3.96838557E-04
4.80322227E-01  2.36469340E-02  3.86720436E-04
4.80620842E-01  2.40237620E-02  3.91732261E-04
4.80919457E-01  2.48065256E-02  3.96815536E-04
4.81218072E-01  2.46853512E-02  3.95434094E-04
4.81516687E-01  2.42991094E-02  3.93047463E-04
4.81815302E-01  2.41000820E-02  3.87603417E-04
4.82113917E-01  2.39297729E-02  3.90563306E-04
4.82412532E-01  2.42308192E-02  3.90059373E-04
4.82711147E-01  2.41252501E-02  3.88209097E-04
4.83009762E-01  2.47463491E-02  3.94292176E-04
4.83308377E-01  2.40039527E-02  3.89139605E-04
4.83606992E-01  2.36399882E-02  3.83895560E-04
4.83905607E-01  2.42883973E-02  3.90329311E-04
4.84204222E-01  2.39968859E-02  3.86093539E-04
4.84502837E-01  2.42321026E-02  3.90484987E-04
4.84801452E-01  2.33036224E-02  3.81258928E-04
4.85100067E-01  2.44189668E-02  3.87700333E-04
4.85398682E-01  2.41775829E-02  3.87947803E-04
4.85697297E-01  2.37675030E-02  3.84448562E-04
4.85995912E-01  2.33018268E-02  3.81740771E-04
4.86294527E-01  2.30778549E-02  3.76910059E-04
4.86593142E-01  2.44576000E-02  3.88902379E-04
4.86891757E-01  2.38250438E-02  3.84625280E-04
4.87190372E-01  2.42722332E-02  3.88616958E-04
4.87488987E-01  2.37297751E-02  3.80664365E-04
4.87787602E-01  2.44340077E-02  3.89216701E-04
4.88086217E-01  2.36163996E-02  3.80810612E-04
4.88384832E-01  2.39588507E-02  3.84438026E-04
4.88683447E-01  2.42424365E-02  3.87692940E-04
4.88982062E-01  2.40233354E-02  3.83405335E-04
4.89280677E-01  2.48749945E-02  3.92621703E-04
4.89579292E-01  2.39549801E-02  3.83635866E-04
4.89877907E-01  2.39683595E-02  3.83260776E-04
4.90176522E-01  2.37142127E-02  3.80267971E-04
4.90475137E-01  2.47168615E-02  3.89398891E-04
4.90773752E-01  2.46919710E-02  3.88910237E-04
4.91072367E-01  2.42755599E-02  3.86007741E-04
4.91370982E-01  2.33664978E-02  3.77665798E-04
4.91669597E-01  2.42576934E-02  3.85480060E-04
4.91968212E-01  2.44360212E-02  3.87678039E-04
4.92266827E-01  2.45156940E-02  3.87821114E-04
4.92565442E-01  2.38584336E-02  3.80482932E-04
4.92864057E-01  2.39350293E-02  3.82336992E-04
4.93162672E-01  2.39583962E-02  3.83199484E-04
4.93461287E-01  2.43569948E-02  3.86375672E-04
4.93759902E-01  2.36750264E-02  3.77894554E-04
4.94058517E-01  2.40892544E-02  3.82996863E-04
4.94357132E-01  2.35142093E-02  3.77643883E-04
4.94655747E-01  2.45674867E-02  3.89030058E-04
4.94954362E-01  2.43513267E-02  3.82502563E-04
4.95252977E-01  2.37922426E-02  3.80444661E-04
4.95551592E-01  2.36056484E-02  3.80094105E-04
4.95850207E-01  2.40595471E-02  3.83154606E-04
4.96148822E-01  2.40151025E-02  3.80235288E-04
4.96447437E-01  2.42858157E-02  3.84569750E-04
4.96746052E-01  2.40737591E-02  3.82219470E-04
4.97044667E-01  2.42244061E-02  3.85926891E-04
4.97343282E-01  2.50369646E-02  3.87576554E-04
4.97641897E-01  2.41557118E-02  3.80133977E-04
4.97940512E-01  2.39204783E-02  3.82153317E-04
4.98239127E-01  2.39598770E-02  3.81132617E-04
4.98537742E-01  2.33986229E-02  3.77397140E-04
4.98836357E-01  2.40354985E-02  3.80129641E-04
4.99134972E-01  2.37240586E-02  3.79257399E-04
4.99433587E-01  2.41842121E-02  3.84069950E-04
4.99732202E-01  2.43608914E-02  3.83267965E-04
5.00030817E-01  2.45294403E-02  3.84117448E-04
5.00329432E-01  2.37508677E-02  3.78912111E-04
5.00628047E-01  2.38659345E-02  3.79830541E-04
5.00926662E-01  2.37693861E-02  3.81152699E-04
5.01225277E-01  2.40332112E-02  3.78816505E-04
5.01523892E-01  2.43738480E-02  3.81774560E-04
5.01822507E-01  2.44529881E-02  3.84194194E-04
5.02121122E-01  2.39201915E-02  3.80838785E-04
5.02419737E-01  2.41876822E-02  3.82297498E-04
5.02718352E-01  2.41035242E-02  3.81444086E-04
5.03016967E-01  2.35729013E-02  3.77130229E-04
5.03315582E-01  2.36963723E-02  3.79154109E-04
5.03614197E-01  2.44350079E-02  3.81983555E-04
5.03912812E-01  2.39299126E-02  3.79792036E-04
5.04211427E-01  2.37638652E-02  3.77632619E-04
5.04510042E-01  2.36368962E-02  3.78590339E-04
5.04808657E-01  2.42150985E-02  3.79987876E-04
5.05107272E-01  2.40210351E-02  3.80615587E-04
5.05405887E-01  2.40954738E-02  3.79703532E-04
5.05704502E-01  2.38368753E-02  3.80574929E-04
5.06003117E-01  2.37282440E-02  3.77639168E-04
5.06301732E-01  2.37410590E-02  3.77556309E-04
5.06600347E-01  2.49674451E-02  3.85761552E-04
5.06898962E-01  2.36292556E-02  3.77790158E-04
5.07197577E-01  2.43301354E-02  3.84213257E-04
5.07496192E-01  2.39513032E-02  3.76637530E-04
5.07794807E-01  2.40265932E-02  3.82193888E-04
5.08093422E-01  2.41209399E-02  3.80293786E-04
5.08392037E-01  2.42888741E-02  3.82371596E-04
5.08690652E-01  2.41466314E-02  3.79193720E-04
5.08989267E-01  2.36359239E-02  3.76456039E-04
5.09287882E-01  2.38184705E-02  3.79219244E-04
5.09586497E-01  2.40204018E-02  3.79322038E-04
5.09885112E-01  2.34588329E-02  3.74586903E-04
5.10183727E-01  2.44402587E-02  3.82814789E-04
5.10482342E-01  2.42608767E-02  3.80659389E-04
5.10780957E-01  2.34435722E-02  3.75301373E-04
5.11079572E-01  2.39799041E-02  3.78824247E-04
5.11378187E-01  2.41835229E-02  3.80524492E-04
5.11676802E-01  2.38290150E-02  3.80546437E-04
5.11975417E-01  2.39346381E-02  3.77544260E-04
5.12274032E-01  2.43517887E-02  3.81382299E-04
5.12572647E-01  2.44716741E-02  3.82603495E-04
5.12871262E-01  2.38688700E-02  3.77399963E-04
5.13169877E-01  2.38321032E-02  3.79821606E-04
5.13468492E-01  2.41573881E-02  3.77920805E-04
5.13767107E-01  2.39359457E-02  3.77564895E-04
5.14065722E-01  2.35698279E-02  3.76888172E-04
5.14364337E-01  2.37468537E-02  3.77648481E-04
5.14662952E-01  2.42040977E-02  3.80424637E-04
5.14961567E-01  2.44547483E-02  3.81268619E-04
5.15260182E-01  2.43661609E-02  3.82830010E-04
5.15558797E-01  2.50113197E-02  3.86531727E-04
5.15857412E-01  2.42649522E-02  3.80442449E-04
5.16156027E-01  2.38993857E-02  3.78403143E-04
5.16454642E-01  2.37312485E-02  3.77257238E-04
5.16753257E-01  2.35912055E-02  3.75220669E-04
5.17051872E-01  2.41689943E-02  3.81288410E-04
5.17350487E-01  2.32459493E-02  3.71377042E-04
5.17649102E-01  2.38069668E-02  3.76845390E-04
5.17947717E-01  2.39630174E-02  3.77710065E-04
5.18246332E-01  2.36228313E-02  3.75296688E-04
5.18544947E-01  2.39604972E-02  3.79180652E-04
5.18843562E-01  2.40082331E-02  3.79840989E-04
5.19142177E-01  2.35951263E-02  3.74714698E-04
5.19440792E-01  2.42797285E-02  3.80020763E-04
5.19739407E-01  2.39043739E-02  3.77442717E-04
5.20038022E-01  2.42614131E-02  3.82128725E-04
5.20336637E-01  2.36786641E-02  3.75568052E-04
5.20635252E-01  2.36732531E-02  3.75434989E-04
5.20933867E-01  2.43880320E-02  3.81342397E-04
5.21232482E-01  2.35910658E-02  3.74602940E-04
5.21531097E-01  2.44666804E-02  3.82993807E-04
5.21829712E-01  2.40895711E-02  3.79752018E-04
5.22128327E-01  2.40905341E-02  3.79202189E-04
5.22426942E-01  2.31823362E-02  3.70266294E-04
5.22725557E-01  2.35526077E-02  3.75224248E-04
5.23024172E-01  2.42644977E-02  3.80108424E-04
5.23322787E-01  2.41746660E-02  3.80243961E-04
5.23621402E-01  2.38004886E-02  3.76459968E-04
5.23920017E-01  2.43425816E-02  3.82790400E-04
5.24218632E-01  2.39463635E-02  3.76420241E-04
5.24517247E-01  2.39504054E-02  3.77464370E-04
5.24815862E-01  2.43312679E-02  3.81951948E-04
5.25114477E-01  2.30722558E-02  3.70211957E-04
5.25413092E-01  2.37467606E-02  3.76506068E-04
5.25711707E-01  2.35723499E-02  3.75491101E-04
5.26010322E-01  2.37405915E-02  3.74809926E-04
5.26308937E-01  2.39273347E-02  3.77569988E-04
5.26607552E-01  2.32607853E-02  3.72184470E-04
5.26906167E-01  2.38812510E-02  3.76748998E-04
5.27204782E-01  2.35989578E-02  3.76824406E-04
5.27503397E-01  2.40534917E-02  3.78478493E-04
5.27802012E-01  2.41548643E-02  3.79369769E-04
5.28100627E-01  2.45312825E-02  3.83160979E-04
5.28399242E-01  2.36409847E-02  3.72680428E-04
5.28697857E-01  2.39458214E-02  3.78285826E-04
5.28996472E-01  2.49062665E-02  3.85138235E-04
5.29295087E-01  2.36570463E-02  3.76649172E-04
5.29593702E-01  2.38317754E-02  3.75641423E-04
5.29892317E-01  2.39843577E-02  3.77671298E-04
5.30190932E-01  2.40593627E-02  3.79937293E-04
5.30489547E-01  2.34070159E-02  3.73283925E-04
5.30788162E-01  2.38971468E-02  3.76438053E-04
5.31086777E-01  2.41513010E-02  3.79454228E-04
5.31385392E-01  2.38995645E-02  3.75638163E-04
5.31684007E-01  2.46407781E-02  3.83377686E-04
5.31982622E-01  2.34246235E-02  3.73707298E-04
5.32281237E-01  2.33239904E-02  3.72814218E-04
5.32579852E-01  2.41219606E-02  3.79790989E-04
5.32878467E-01  2.36644410E-02  3.75436910E-04
5.33177082E-01  2.40805559E-02  3.79468489E-04
5.33475697E-01  2.33888533E-02  3.71345202E-04
5.33774312E-01  2.41243150E-02  3.78609897E-04
5.34072927E-01  2.38445438E-02  3.78914672E-04
5.34371542E-01  2.44155191E-02  3.79689154E-04
5.34670157E-01  2.45507825E-02  3.80004843E-04
5.34968772E-01  2.46927366E-02  3.84745304E-04
5.35267387E-01  2.38342881E-02  3.76336073E-04
5.35566002E-01  2.35066209E-02  3.75302130E-04
5.35864617E-01  2.34900285E-02  3.72341980E-04
5.36163232E-01  2.38142516E-02  3.77197051E-04
5.36461847E-01  2.33563930E-02  3.73189134E-04
5.36760462E-01  2.30813399E-02  3.70262394E-04
5.37059077E-01  2.37902999E-02  3.75267467E-04
5.37357692E-01  2.32372060E-02  3.73339659E-04
5.37656307E-01  2.43472122E-02  3.78993718E-04
5.37954922E-01  2.39909422E-02  3.80664773E-04
5.38253537E-01  2.52449866E-02  3.83513630E-04
5.38552152E-01  2.36710496E-02  3.74881842E-04
5.38850767E-01  2.36310698E-02  3.75759642E-04
5.39149382E-01  2.39116866E-02  3.78171535E-04
5.39447997E-01  2.35173572E-02  3.73668183E-04
5.39746612E-01  2.45751720E-02  3.82634898E-04
5.40045227E-01  2.38458514E-02  3.75723263E-04
5.40343842E-01  2.34520528E-02  3.74526426E-04
5.40642457E-01  2.42546983E-02  3.79118515E-04
5.40941072E-01  2.44739614E-02  3.80460027E-04
5.41239687E-01  2.44343560E-02  3.83996288E-04
5.41538302E-01  2.39753872E-02  3.77670542E-04
5.41836917E-01  2.35191584E-02  3.73696792E-04
5.42135532E-01  2.41340119E-02  3.75993986E-04
5.42434147E-01  2.36845613E-02  3.75378382E-04
5.42732762E-01  2.35371944E-02  3.75312229E-04
5.43031377E-01  2.44115163E-02  3.83447972E-04
5.43329992E-01  2.31320430E-02  3.68290464E-04
5.43628607E-01  2.41911896E-02  3.79379198E-04
5.43927222E-01  2.35528387E-02  3.74800089E-04
5.44225837E-01  2.37549655E-02  3.76683485E-04
5.44524452E-01  2.37521697E-02  3.73922405E-04
5.44823067E-01  2.37688180E-02  3.76335811E-04
5.45121682E-01  2.37348210E-02  3.75609292E-04
5.45420297E-01  2.33952925E-02  3.73096962E-04
5.45718912E-01  2.40931027E-02  3.77608871E-04
5.46017527E-01  2.38068420E-02  3.76184180E-04
5.46316142E-01  2.36012414E-02  3.74010880E-04
5.46614757E-01  2.42040530E-02  3.81178019E-04
5.46913372E-01  2.36016791E-02  3.72570357E-04
5.47211987E-01  2.38253362E-02  3.76429438E-04
5.47510602E-01  2.42176112E-02  3.80167738E-04
5.47809217E-01  2.36916207E-02  3.74644238E-04
5.48107832E-01  2.39303503E-02  3.78466677E-04
5.48406447E-01  2.33237501E-02  3.71908769E-04
5.48705062E-01  2.42083445E-02  3.77978635E-04
5.49003677E-01  2.32273694E-02  3.73422663E-04
5.49302292E-01  2.39278488E-02  3.74788768E-04
5.49600907E-01  2.35619638E-02  3.75182892E-04
5.49899522E-01  2.34841555E-02  3.73376359E-04
5.50198137E-01  2.40763482E-02  3.79166828E-04
5.50496752E-01  2.39895750E-02  3.77192715E-04
5.50795367E-01  2.36493051E-02  3.73601593E-04
5.51093982E-01  2.35555246E-02  3.74132942E-04
5.51392597E-01  2.39696074E-02  3.78425553E-04
5.51691212E-01  2.33020112E-02  3.71845847E-04
5.51989827E-01  2.37953030E-02  3.75580072E-04
5.52288442E-01  2.39123516E-02  3.74775962E-04
5.52587057E-01  2.41104588E-02  3.77695367E-04
5.52885672E-01  2.40334552E-02  3.77276883E-04
5.53184287E-01  2.41597630E-02  3.76715354E-04
5.53482902E-01  2.40239091E-02  3.76201089E-04
5.53781517E-01  2.36262176E-02  3.73890594E-04
5.54080132E-01  2.37397831E-02  3.74517200E-04
5.54378747E-01  2.36222986E-02  3.70548718E-04
5.54677362E-01  2.38325037E-02  3.73984134E-04
5.54975977E-01  2.34923251E-02  3.72565642E-04
5.55274592E-01  2.39149146E-02  3.74724099E-04
5.55573207E-01  2.39479337E-02  3.70895956E-04
5.55871822E-01  2.45598853E-02  3.78382101E-04
5.56170437E-01  2.33128686E-02  3.69626679E-04
5.56469052E-01  2.32518073E-02  3.69588815E-04
5.56767667E-01  2.42461544E-02  3.75424628E-04
5.57066282E-01  2.42868513E-02  3.76280368E-04
5.57364897E-01  2.45698653E-02  3.75780917E-04
5.57663512E-01  2.36939751E-02  3.71307775E-04
5.57962127E-01  2.36582309E-02  3.69795307E-04
5.58260742E-01  2.34884731E-02  3.66560213E-04
5.58559357E-01  2.44106036E-02  3.77789838E-04
5.58857972E-01  2.43057832E-02  3.76438198E-04
5.59156587E-01  2.47706063E-02  3.76437325E-04
5.59455202E-01  2.37915292E-02  3.71108967E-04
5.59753817E-01  2.42387522E-02  3.72815673E-04
5.60052432E-01  2.41688509E-02  3.73511954E-04
5.60351047E-01  2.40898747E-02  3.71847680E-04
5.60649662E-01  2.32951548E-02  3.64209176E-04
5.60948277E-01  2.34856810E-02  3.66382825E-04
5.61246892E-01  2.38727108E-02  3.70086200E-04
5.61545507E-01  2.40517091E-02  3.70949332E-04
5.61844122E-01  2.36032791E-02  3.65339074E-04
5.62142737E-01  2.33254116E-02  3.66342603E-04
5.62441352E-01  2.37827916E-02  3.67326429E-04
5.62739967E-01  2.36372333E-02  3.65776999E-04
5.63038582E-01  2.34963261E-02  3.65792977E-04
5.63337197E-01  2.40906663E-02  3.69186659E-04
5.63635812E-01  2.36670598E-02  3.68763896E-04
5.63934427E-01  2.39903722E-02  3.67908971E-04
5.64233042E-01  2.39249878E-02  3.66561551E-04
5.64531657E-01  2.32006032E-02  3.62730876E-04
5.64830272E-01  2.32143365E-02  3.62502848E-04
5.65128887E-01  2.39381250E-02  3.68540641E-04
5.65427502E-01  2.36131810E-02  3.63753556E-04
5.65726117E-01  2.37943288E-02  3.66413646E-04
5.66024732E-01  2.42180489E-02  3.69321788E-04
5.66323347E-01  2.38568746E-02  3.66898603E-04
5.66621962E-01  2.45204102E-02  3.68738401E-04
5.66920577E-01  2.39593107E-02  3.67519038E-04
5.67219192E-01  2.38790121E-02  3.67499917E-04
5.67517807E-01  2.36762874E-02  3.65768763E-04
5.67816422E-01  2.38645338E-02  3.62709718E-04
5.68115037E-01  2.44557038E-02  3.69693240E-04
5.68413652E-01  2.37727482E-02  3.64914973E-04
5.68712267E-01  2.36777607E-02  3.64187057E-04
5.69010882E-01  2.42779236E-02  3.67762928E-04
5.69309497E-01  2.42947675E-02  3.68144800E-04
5.69608112E-01  2.41940040E-02  3.67972301E-04
5.69906727E-01  2.35774387E-02  3.62258550E-04
5.70205342E-01  2.32308898E-02  3.58119520E-04
5.70503957E-01  2.36950573E-02  3.64582491E-04
5.70802572E-01  2.38661859E-02  3.64975887E-04
5.71101187E-01  2.41050478E-02  3.67726811E-04
5.71399802E-01  2.29695644E-02  3.57159734E-04
5.71698417E-01  2.39792783E-02  3.65510612E-04
5.71997032E-01  2.37284154E-02  3.65268730E-04
5.72295647E-01  2.43192017E-02  3.69364163E-04
5.72594262E-01  2.34575458E-02  3.61270300E-04
5.72892877E-01  2.41893847E-02  3.64296313E-04
5.73191492E-01  2.37096772E-02  3.64376378E-04
5.73490107E-01  2.42075063E-02  3.69032292E-04
5.73788722E-01  2.33634450E-02  3.60634614E-04
5.74087337E-01  2.37722788E-02  3.64778884E-04
5.74385952E-01  2.35781427E-02  3.64209060E-04
5.74684567E-01  2.37660315E-02  3.65070038E-04
5.74983182E-01  2.42387969E-02  3.66833672E-04
5.75281797E-01  2.37815380E-02  3.62370221E-04
5.75580412E-01  2.36813482E-02  3.64760344E-04
5.75879027E-01  2.37642452E-02  3.64227046E-04
5.76177642E-01  2.34992765E-02  3.62774474E-04
5.76476257E-01  2.40734760E-02  3.65589891E-04
5.76774872E-01  2.40649674E-02  3.67371977E-04
5.77073487E-01  2.40264498E-02  3.66826716E-04
5.77372102E-01  2.33840849E-02  3.62642022E-04
5.77670717E-01  2.39303093E-02  3.64425650E-04
5.77969332E-01  2.31451187E-02  3.59628728E-04
5.78267947E-01  2.40378361E-02  3.67343222E-04
5.78566562E-01  2.47661192E-02  3.72012961E-04
5.78865177E-01  2.43531466E-02  3.67304485E-04
5.79163792E-01  2.40281746E-02  3.66853026E-04
5.79462407E-01  2.37551313E-02  3.64429958E-04
5.79761022E-01  2.44096741E-02  3.70866648E-04
5.80059637E-01  2.40282621E-02  3.64357431E-04
5.80358252E-01  2.43596453E-02  3.69297544E-04
5.80656867E-01  2.50628311E-02  3.75454692E-04
5.80955482E-01  2.41294093E-02  3.68398643E-04


### HEADER:
#
#{
#    "analysis": {},
#    "calibration_params": {
#        "Beam_Center_X": 1061.0,
#        "Beam_Center_Y": 2093.0,
#        "Detector Tilt": 0.0,
#        "Detector Tilt Plane Rotation": 0.0,
#        "Detector_X_Pixel_Size": 75.0,
#        "Detector_Y_Pixel_Size": 75.0,
#        "Integration Method": "nosplit_csr",
#        "Radial_Average_Method": "pyFAI",
#        "Sample-to-detector distance (mm)": 1782.0,
#        "Wavelength (A)": 0.8823505857220345
#    },
#    "config_file": "/Users/jwinnikoff/Documents/MBARI/SAXS/HPSAXS_7A_Feb2023/HPSAXS_02_19_23.cfg",
#    "counters": {
#        "Epoch": "96.952",
#        "I1": "0",
#        "I2": "0",
#        "I3": "0",
#        "Seconds": "1",
#        "Time": "1.5974e-05",
#        "date": "Sun Feb 19 16:05:50 2023",
#        "diode": "64294"
#    },
#    "filename": "JWL0319_35C_030MPa_up_3_data_000001_00001.h5",
#    "history": {},
#    "imageHeader": {},
#    "load_path": "/Users/jwinnikoff/Documents/MBARI/SAXS/HPSAXS_7A_Feb2023/JWL0319_DOPE_TS-/JWL0319_35C_030MPa_up_3_data_000001.h5",
#    "normalizations": {
#        "Absolute_scale": {
#            "Absolute_scale_factor": 0.005174693841759343,
#            "Method": "Water"
#        },
#        "Counter_norms": [
#            [
#                "/",
#                "diode/150000"
#            ]
#        ],
#        "Polarization": {
#            "Used": false
#        },
#        "Solid_Angle_Correction": "On"
#    },
#    "raw_version": "2.1.4"
#}

