### DATA:
#
# 1908
#      Q             I(Q)           Error     
1.14966775E-02  0.00000000E+00  0.00000000E+00
1.17952925E-02  4.95975018E-01  2.52118278E-02
1.20939075E-02  4.40225959E-01  1.67956688E-02
1.23925225E-02  4.25914973E-01  1.34888627E-02
1.26911375E-02  3.94277364E-01  1.21909073E-02
1.29897525E-02  3.85901064E-01  1.17209097E-02
1.32883675E-02  3.52601707E-01  1.07642692E-02
1.35869825E-02  3.38578403E-01  1.00454660E-02
1.38855975E-02  3.22751731E-01  9.18778870E-03
1.41842125E-02  2.99128920E-01  9.03140008E-03
1.44828275E-02  2.82484204E-01  8.68462957E-03
1.47814425E-02  2.55564541E-01  8.01383052E-03
1.50800575E-02  2.59580731E-01  7.77731789E-03
1.53786725E-02  2.48877063E-01  7.17251748E-03
1.56772875E-02  2.31737256E-01  6.97763264E-03
1.59759025E-02  2.21349508E-01  6.36598235E-03
1.62745175E-02  2.02385038E-01  6.00202987E-03
1.65731325E-02  2.09998369E-01  6.20060740E-03
1.68717475E-02  1.85290799E-01  5.34888450E-03
1.71703625E-02  1.85062319E-01  5.62346214E-03
1.74689775E-02  1.74471736E-01  5.04076760E-03
1.77675925E-02  1.70550823E-01  4.90096677E-03
1.80662075E-02  1.65997222E-01  5.03253005E-03
1.83648225E-02  1.61185429E-01  4.45678737E-03
1.86634375E-02  1.41785100E-01  4.37350105E-03
1.89620525E-02  1.47084266E-01  4.19727154E-03
1.92606675E-02  1.31733477E-01  4.02909331E-03
1.95592825E-02  1.30798414E-01  4.05393820E-03
1.98578975E-02  1.26975209E-01  3.69795854E-03
2.01565125E-02  1.26889870E-01  3.82761378E-03
2.04551275E-02  1.22565687E-01  3.53081850E-03
2.07537425E-02  1.16023652E-01  3.35631403E-03
2.10523575E-02  1.17768712E-01  3.19345249E-03
2.13509725E-02  1.10766955E-01  2.90687871E-03
2.16495875E-02  1.12765774E-01  2.92429933E-03
2.19482025E-02  1.08708486E-01  2.65934831E-03
2.22468175E-02  1.05305016E-01  2.73819873E-03
2.25454325E-02  1.02947466E-01  2.48300564E-03
2.28440475E-02  1.03093706E-01  2.54494185E-03
2.31426625E-02  9.85489190E-02  2.40149023E-03
2.34412775E-02  9.57688540E-02  2.27569998E-03
2.37398925E-02  9.15182605E-02  2.30897730E-03
2.40385075E-02  9.27491412E-02  2.18490465E-03
2.43371225E-02  8.93006772E-02  2.14390247E-03
2.46357375E-02  8.76488760E-02  2.18169764E-03
2.49343525E-02  8.23469609E-02  2.01085629E-03
2.52329675E-02  8.57109129E-02  2.15288834E-03
2.55315825E-02  7.96495974E-02  1.94440898E-03
2.58301975E-02  7.58405402E-02  1.90797588E-03
2.61288125E-02  7.79731348E-02  1.99931115E-03
2.64274275E-02  7.34789893E-02  1.81776262E-03
2.67260425E-02  7.72956014E-02  1.96331018E-03
2.70246575E-02  7.26975575E-02  1.78321742E-03
2.73232725E-02  7.77822062E-02  1.90393487E-03
2.76218875E-02  7.15207160E-02  1.85284333E-03
2.79205025E-02  6.59941882E-02  1.71370129E-03
2.82191175E-02  6.63345754E-02  1.71218067E-03
2.85177325E-02  6.53196275E-02  1.67047489E-03
2.88163475E-02  6.41262159E-02  1.70715165E-03
2.91149625E-02  6.33521229E-02  1.64787378E-03
2.94135775E-02  6.00600727E-02  1.58602966E-03
2.97121925E-02  6.13558330E-02  1.61630695E-03
3.00108075E-02  5.88270612E-02  1.53017091E-03
3.03094225E-02  6.02143556E-02  1.61740370E-03
3.06080375E-02  5.68387993E-02  1.52071111E-03
3.09066525E-02  5.54973148E-02  1.48164143E-03
3.12052675E-02  5.60551509E-02  1.53474987E-03
3.15038825E-02  5.64221330E-02  1.47360982E-03
3.18024975E-02  5.45978993E-02  1.47186068E-03
3.21011125E-02  5.24165183E-02  1.39541912E-03
3.23997275E-02  5.21803908E-02  1.35544920E-03
3.26983425E-02  5.31981513E-02  1.38002564E-03
3.29969575E-02  5.13608865E-02  1.28122256E-03
3.32955725E-02  5.34064062E-02  1.30648701E-03
3.35941875E-02  4.91435528E-02  1.19507383E-03
3.38928025E-02  5.06181195E-02  1.24878378E-03
3.41914175E-02  4.97283340E-02  1.20080321E-03
3.44900325E-02  5.17800972E-02  1.21709250E-03
3.47886474E-02  4.91935909E-02  1.16567255E-03
3.50872624E-02  4.90848534E-02  1.14243536E-03
3.53858774E-02  4.69648540E-02  1.15270703E-03
3.56844924E-02  4.63480018E-02  1.10103004E-03
3.59831074E-02  4.90155071E-02  1.11312675E-03
3.62817224E-02  4.71789800E-02  1.11887790E-03
3.65803374E-02  4.79989611E-02  1.09399785E-03
3.68789524E-02  4.52435948E-02  1.09796436E-03
3.71775674E-02  4.55692858E-02  1.07647327E-03
3.74761824E-02  4.34359312E-02  1.02294260E-03
3.77747974E-02  4.40669432E-02  1.03522278E-03
3.80734124E-02  4.42683697E-02  1.02124549E-03
3.83720274E-02  4.40029614E-02  1.05157157E-03
3.86706424E-02  4.28733826E-02  9.88800894E-04
3.89692574E-02  4.42529023E-02  1.03446597E-03
3.92678724E-02  4.38262708E-02  1.03732641E-03
3.95664874E-02  4.36716489E-02  9.97964758E-04
3.98651024E-02  4.33611497E-02  9.95296985E-04
4.01637174E-02  4.14545871E-02  9.57097451E-04
4.04623324E-02  4.13632840E-02  9.89903579E-04
4.07609474E-02  4.13171165E-02  9.54687246E-04
4.10595624E-02  3.94370817E-02  9.51742812E-04
4.13581774E-02  4.13934886E-02  9.57218814E-04
4.16567924E-02  4.17226888E-02  9.41699080E-04
4.19554074E-02  4.22045290E-02  9.74152412E-04
4.22540224E-02  3.96448672E-02  9.36783385E-04
4.25526374E-02  4.05389890E-02  9.34465148E-04
4.28512524E-02  4.01844978E-02  9.33513977E-04
4.31498674E-02  3.94241139E-02  9.13879077E-04
4.34484824E-02  4.09499034E-02  9.60408361E-04
4.37470974E-02  4.14422862E-02  9.24829859E-04
4.40457124E-02  4.04711962E-02  9.18377948E-04
4.43443274E-02  3.85146998E-02  9.13142459E-04
4.46429424E-02  3.88431810E-02  8.96805781E-04
4.49415574E-02  3.81850973E-02  9.17794299E-04
4.52401724E-02  3.94775905E-02  8.91935430E-04
4.55387874E-02  3.89700271E-02  9.00454586E-04
4.58374024E-02  3.71391103E-02  8.79047613E-04
4.61360174E-02  3.86116579E-02  8.83490313E-04
4.64346324E-02  3.80717702E-02  8.94383877E-04
4.67332474E-02  3.83711271E-02  8.69827520E-04
4.70318624E-02  4.03108522E-02  9.18054546E-04
4.73304774E-02  3.72097380E-02  8.77041894E-04
4.76290924E-02  3.86878066E-02  8.75433150E-04
4.79277074E-02  3.72173749E-02  8.53376114E-04
4.82263224E-02  3.81992310E-02  8.58680753E-04
4.85249374E-02  3.80605645E-02  8.83458648E-04
4.88235524E-02  3.65969688E-02  8.44945491E-04
4.91221674E-02  3.66192944E-02  8.40104243E-04
4.94207824E-02  3.81943509E-02  8.67158058E-04
4.97193974E-02  3.77667658E-02  8.46822513E-04
5.00180124E-02  3.71065028E-02  8.62708664E-04
5.03166274E-02  3.75416689E-02  8.43047863E-04
5.06152424E-02  3.67554873E-02  8.36649444E-04
5.09138574E-02  3.67142409E-02  8.46300798E-04
5.12124724E-02  3.64900567E-02  8.21506488E-04
5.15110874E-02  3.70328240E-02  8.42307985E-04
5.18097024E-02  3.69810015E-02  8.29412311E-04
5.21083174E-02  3.79498005E-02  8.38989741E-04
5.24069324E-02  3.55714858E-02  8.12863465E-04
5.27055474E-02  3.61036621E-02  8.13632680E-04
5.30041624E-02  3.51369791E-02  8.18024331E-04
5.33027774E-02  3.71781439E-02  8.22131056E-04
5.36013924E-02  3.73658501E-02  8.28920689E-04
5.39000074E-02  3.64953913E-02  8.05459218E-04
5.41986224E-02  3.63609344E-02  8.20055546E-04
5.44972374E-02  3.56207043E-02  8.01325659E-04
5.47958524E-02  3.79531831E-02  8.21389724E-04
5.50944674E-02  3.79008800E-02  8.33640981E-04
5.53930824E-02  3.72937918E-02  8.08635494E-04
5.56916974E-02  3.65779214E-02  7.96490698E-04
5.59903124E-02  3.55948173E-02  8.02165363E-04
5.62889274E-02  3.72230336E-02  8.02399474E-04
5.65875424E-02  3.73397470E-02  8.18138360E-04
5.68861574E-02  3.73268910E-02  8.03518924E-04
5.71847724E-02  3.68811004E-02  7.93371291E-04
5.74833874E-02  3.57832275E-02  7.89934013E-04
5.77820024E-02  3.70725803E-02  7.94371881E-04
5.80806174E-02  3.72000299E-02  8.15468607E-04
5.83792324E-02  3.75204459E-02  7.89772836E-04
5.86778474E-02  3.56031768E-02  7.81591283E-04
5.89764624E-02  3.68208326E-02  8.03496456E-04
5.92750774E-02  3.69663984E-02  7.72483821E-04
5.95736924E-02  3.70445773E-02  7.97257002E-04
5.98723074E-02  3.72834019E-02  7.83223251E-04
6.01709224E-02  3.83203439E-02  7.93023268E-04
6.04695374E-02  3.64537463E-02  7.85633747E-04
6.07681524E-02  3.74900065E-02  7.88433827E-04
6.10667674E-02  3.70946340E-02  7.88355828E-04
6.13653824E-02  3.83397862E-02  7.83260621E-04
6.16639974E-02  3.62691283E-02  7.71508960E-04
6.19626124E-02  3.93568240E-02  8.04710144E-04
6.22612274E-02  3.81192118E-02  7.77134381E-04
6.25598424E-02  3.84519659E-02  7.97456654E-04
6.28584574E-02  3.77639383E-02  7.77358364E-04
6.31570724E-02  3.82891893E-02  7.89677666E-04
6.34556874E-02  3.60922180E-02  7.46114820E-04
6.37543024E-02  3.89115997E-02  7.85172160E-04
6.40529174E-02  3.79147306E-02  7.85808079E-04
6.43515324E-02  3.82485241E-02  7.74160144E-04
6.46501474E-02  3.73078547E-02  7.80984585E-04
6.49487624E-02  3.86646725E-02  7.65824749E-04
6.52473774E-02  3.85294780E-02  7.70898012E-04
6.55459924E-02  3.83262746E-02  7.77327688E-04
6.58446074E-02  3.82982045E-02  7.68581755E-04
6.61432224E-02  3.80741134E-02  7.74767250E-04
6.64418374E-02  3.77029739E-02  7.51807413E-04
6.67404524E-02  3.82679366E-02  7.67356425E-04
6.70390674E-02  3.87478173E-02  7.75887980E-04
6.73376824E-02  3.94103080E-02  7.61987641E-04
6.76362974E-02  3.97205614E-02  7.83670170E-04
6.79349124E-02  3.95763367E-02  7.64911878E-04
6.82335274E-02  3.95471789E-02  7.69977691E-04
6.85321424E-02  4.03102599E-02  7.86625897E-04
6.88307574E-02  3.96328941E-02  7.64578290E-04
6.91293724E-02  4.06424440E-02  7.86104589E-04
6.94279874E-02  4.12917137E-02  7.73328997E-04
6.97266024E-02  4.03719507E-02  7.77967682E-04
7.00252174E-02  4.06803340E-02  7.74617598E-04
7.03238324E-02  4.15015221E-02  7.76170113E-04
7.06224474E-02  4.21624035E-02  7.94104766E-04
7.09210624E-02  4.20987830E-02  7.83512893E-04
7.12196774E-02  4.18500639E-02  7.79424037E-04
7.15182924E-02  4.11335416E-02  7.55794230E-04
7.18169074E-02  4.24085893E-02  7.88187492E-04
7.21155224E-02  4.17706408E-02  7.79568916E-04
7.24141374E-02  4.20931093E-02  7.78168847E-04
7.27127524E-02  4.28734757E-02  7.81847339E-04
7.30113674E-02  4.36340719E-02  7.82681804E-04
7.33099824E-02  4.38192524E-02  7.88672362E-04
7.36085974E-02  4.42695990E-02  7.95362110E-04
7.39072124E-02  4.56268005E-02  7.92581181E-04
7.42058274E-02  4.59608063E-02  8.12226150E-04
7.45044424E-02  4.49667312E-02  7.89376034E-04
7.48030574E-02  4.55718488E-02  7.99875474E-04
7.51016724E-02  4.84701619E-02  8.24017508E-04
7.54002874E-02  4.46391739E-02  7.78130081E-04
7.56989024E-02  4.61757258E-02  8.05159274E-04
7.59975174E-02  4.72758226E-02  8.01630667E-04
7.62961324E-02  4.75512557E-02  8.06532917E-04
7.65947474E-02  4.90973927E-02  8.16929503E-04
7.68933624E-02  4.84662354E-02  8.12524231E-04
7.71919774E-02  5.15507422E-02  8.47031246E-04
7.74905924E-02  5.04072681E-02  8.19116191E-04
7.77892074E-02  5.22025526E-02  8.38818494E-04
7.80878224E-02  5.33139631E-02  8.40659079E-04
7.83864374E-02  5.47084697E-02  8.50265205E-04
7.86850524E-02  5.58457933E-02  8.73123587E-04
7.89836674E-02  5.61844632E-02  8.64785805E-04
7.92822824E-02  5.67851141E-02  8.62263085E-04
7.95808974E-02  5.82413524E-02  8.65331152E-04
7.98795124E-02  5.92393316E-02  8.89836636E-04
8.01781274E-02  5.99183030E-02  9.02482367E-04
8.04767424E-02  6.22971654E-02  8.96756712E-04
8.07753574E-02  6.42496496E-02  9.20013874E-04
8.10739724E-02  6.40272424E-02  9.08210641E-04
8.13725874E-02  6.81685656E-02  9.33378236E-04
8.16712024E-02  6.93855211E-02  9.57064389E-04
8.19698174E-02  7.18606487E-02  9.48908681E-04
8.22684324E-02  7.18928277E-02  9.69226472E-04
8.25670474E-02  7.42958337E-02  9.73456423E-04
8.28656624E-02  7.69882649E-02  9.97913885E-04
8.31642774E-02  8.01562667E-02  1.00415223E-03
8.34628924E-02  8.42843428E-02  1.03069749E-03
8.37615074E-02  8.56774449E-02  1.05485623E-03
8.40601224E-02  9.03400257E-02  1.06084347E-03
8.43587374E-02  9.38477591E-02  1.08547125E-03
8.46573524E-02  9.99623537E-02  1.11482956E-03
8.49559674E-02  1.04287997E-01  1.14650663E-03
8.52545824E-02  1.09014995E-01  1.17451511E-03
8.55531974E-02  1.15232848E-01  1.18777819E-03
8.58518124E-02  1.24490313E-01  1.24050712E-03
8.61504274E-02  1.29760116E-01  1.25326763E-03
8.64490424E-02  1.40892848E-01  1.32740685E-03
8.67476574E-02  1.51656717E-01  1.37450080E-03
8.70462724E-02  1.64595142E-01  1.40818558E-03
8.73448874E-02  1.79902583E-01  1.48340780E-03
8.76435024E-02  1.99044392E-01  1.54493062E-03
8.79421174E-02  2.16197550E-01  1.63635833E-03
8.82407324E-02  2.39759326E-01  1.71660003E-03
8.85393474E-02  2.69171119E-01  1.79323927E-03
8.88379624E-02  2.99950927E-01  1.90726842E-03
8.91365774E-02  3.41194093E-01  2.00775382E-03
8.94351924E-02  3.91305327E-01  2.16617691E-03
8.97338074E-02  4.52882797E-01  2.31742300E-03
9.00324224E-02  5.27851403E-01  2.49497779E-03
9.03310374E-02  6.21507168E-01  2.73767812E-03
9.06296524E-02  7.41662920E-01  2.95471516E-03
9.09282674E-02  9.01546299E-01  3.25467973E-03
9.12268824E-02  1.11579096E+00  3.61419306E-03
9.15254974E-02  1.39379764E+00  4.02475474E-03
9.18241124E-02  1.76445472E+00  4.59555723E-03
9.21227274E-02  2.26446104E+00  5.15819900E-03
9.24213424E-02  2.91685677E+00  5.75491553E-03
9.27199574E-02  3.72093701E+00  6.55826740E-03
9.30185724E-02  4.58005667E+00  7.28925923E-03
9.33171874E-02  5.34605503E+00  7.95484893E-03
9.36158024E-02  5.91293478E+00  8.08007270E-03
9.39144174E-02  6.14445639E+00  8.45053419E-03
9.42130324E-02  6.00050259E+00  8.30590446E-03
9.45116474E-02  5.57443714E+00  7.96994194E-03
9.48102624E-02  4.93090296E+00  7.52934255E-03
9.51088774E-02  4.27602768E+00  6.87717646E-03
9.54074924E-02  3.63031173E+00  6.42032456E-03
9.57061074E-02  3.09627604E+00  5.91363152E-03
9.60047224E-02  2.62682056E+00  5.45171276E-03
9.63033374E-02  2.22475195E+00  4.96915914E-03
9.66019524E-02  1.91419208E+00  4.63343505E-03
9.69005674E-02  1.64053714E+00  4.27825702E-03
9.71991824E-02  1.42634094E+00  3.97882517E-03
9.74977974E-02  1.23763287E+00  3.69352149E-03
9.77964124E-02  1.05929732E+00  3.40537890E-03
9.80950274E-02  9.01515186E-01  3.16323061E-03
9.83936424E-02  7.43520439E-01  2.87395041E-03
9.86922574E-02  6.16734803E-01  2.61520897E-03
9.89908724E-02  4.96988386E-01  2.32265471E-03
9.92894874E-02  4.04399365E-01  2.08897796E-03
9.95881024E-02  3.31313729E-01  1.90611754E-03
9.98867174E-02  2.80452698E-01  1.75975135E-03
1.00185332E-01  2.39637658E-01  1.59011083E-03
1.00483947E-01  2.14143991E-01  1.52722525E-03
1.00782562E-01  1.92210317E-01  1.42939889E-03
1.01081177E-01  1.75387129E-01  1.37920643E-03
1.01379792E-01  1.62275687E-01  1.32163148E-03
1.01678407E-01  1.52520373E-01  1.26753096E-03
1.01977022E-01  1.41954064E-01  1.23611349E-03
1.02275637E-01  1.34311944E-01  1.20238110E-03
1.02574252E-01  1.29778072E-01  1.17698323E-03
1.02872867E-01  1.23601340E-01  1.13639887E-03
1.03171482E-01  1.18529081E-01  1.11193245E-03
1.03470097E-01  1.14908151E-01  1.09660358E-03
1.03768712E-01  1.10008359E-01  1.08273630E-03
1.04067327E-01  1.07319497E-01  1.05038658E-03
1.04365942E-01  1.03947967E-01  1.04556163E-03
1.04664557E-01  1.03252910E-01  1.04120735E-03
1.04963172E-01  9.79556888E-02  1.00675423E-03
1.05261787E-01  9.85988975E-02  1.01250969E-03
1.05560402E-01  9.58704576E-02  9.88040236E-04
1.05859017E-01  9.34706703E-02  9.88236512E-04
1.06157632E-01  9.31752920E-02  9.80303856E-04
1.06456247E-01  9.15974453E-02  9.71969042E-04
1.06754862E-01  9.17351469E-02  9.61170415E-04
1.07053477E-01  8.70385468E-02  9.42183135E-04
1.07352092E-01  8.83747861E-02  9.49388777E-04
1.07650707E-01  8.70345682E-02  9.42913815E-04
1.07949322E-01  8.65952894E-02  9.39036894E-04
1.08247937E-01  8.47399309E-02  9.28186579E-04
1.08546552E-01  8.45668763E-02  9.30937880E-04
1.08845167E-01  8.21572021E-02  9.02553962E-04
1.09143782E-01  8.45047161E-02  9.26166016E-04
1.09442397E-01  8.23474303E-02  9.02901986E-04
1.09741012E-01  8.13154355E-02  9.00011568E-04
1.10039627E-01  7.89463297E-02  8.93776538E-04
1.10338242E-01  7.94008821E-02  8.90740193E-04
1.10636857E-01  7.89215118E-02  8.77176411E-04
1.10935472E-01  7.96389952E-02  8.80486215E-04
1.11234087E-01  7.98283741E-02  8.89677031E-04
1.11532702E-01  7.76163414E-02  8.76587175E-04
1.11831317E-01  7.80008435E-02  8.74044781E-04
1.12129932E-01  7.61469305E-02  8.65250186E-04
1.12428547E-01  7.67076612E-02  8.68098112E-04
1.12727162E-01  7.58523047E-02  8.59630061E-04
1.13025777E-01  7.68560544E-02  8.64315371E-04
1.13324392E-01  7.57807568E-02  8.56950122E-04
1.13623007E-01  7.48703629E-02  8.53726000E-04
1.13921622E-01  7.53548667E-02  8.57135863E-04
1.14220237E-01  7.48309419E-02  8.45830829E-04
1.14518852E-01  7.42911026E-02  8.35946004E-04
1.14817467E-01  7.58316293E-02  8.56594823E-04
1.15116082E-01  7.60653019E-02  8.57267762E-04
1.15414697E-01  7.61114657E-02  8.53677513E-04
1.15713312E-01  7.69818500E-02  8.50329758E-04
1.16011927E-01  7.71527439E-02  8.54409416E-04
1.16310542E-01  7.69547075E-02  8.60971923E-04
1.16609157E-01  7.74629265E-02  8.54237704E-04
1.16907772E-01  7.83116743E-02  8.62078625E-04
1.17206387E-01  7.87995532E-02  8.61261622E-04
1.17505002E-01  8.02270100E-02  8.63655179E-04
1.17803617E-01  8.14600885E-02  8.79891508E-04
1.18102232E-01  8.25494155E-02  8.77341663E-04
1.18400847E-01  8.68023038E-02  9.00970248E-04
1.18699462E-01  8.69829133E-02  8.99940962E-04
1.18998077E-01  9.22706649E-02  9.18263802E-04
1.19296692E-01  9.80905145E-02  9.64829931E-04
1.19595307E-01  1.06157489E-01  9.85647552E-04
1.19893922E-01  1.16512440E-01  1.03039783E-03
1.20192537E-01  1.27094209E-01  1.08862389E-03
1.20491152E-01  1.41587511E-01  1.13266381E-03
1.20789767E-01  1.58037946E-01  1.20780489E-03
1.21088382E-01  1.77097291E-01  1.27672718E-03
1.21386997E-01  2.00032368E-01  1.34629454E-03
1.21685612E-01  2.19607770E-01  1.42377499E-03
1.21984227E-01  2.30795771E-01  1.45022688E-03
1.22282842E-01  2.20984578E-01  1.40908943E-03
1.22581457E-01  1.92411661E-01  1.30572426E-03
1.22880072E-01  1.58254996E-01  1.20517751E-03
1.23178687E-01  1.21530317E-01  1.04643160E-03
1.23477302E-01  9.77252126E-02  9.41014965E-04
1.23775917E-01  8.45308527E-02  8.64859088E-04
1.24074532E-01  7.90594816E-02  8.44602473E-04
1.24373147E-01  7.50946924E-02  8.21996713E-04
1.24671762E-01  7.48839006E-02  8.16273270E-04
1.24970377E-01  7.51962215E-02  8.15713487E-04
1.25268992E-01  7.21920580E-02  7.98153109E-04
1.25567607E-01  7.13022426E-02  7.89425801E-04
1.25866222E-01  7.11562857E-02  8.01281014E-04
1.26164837E-01  7.09924176E-02  7.91496364E-04
1.26463452E-01  6.95983693E-02  7.79939175E-04
1.26762067E-01  6.96437955E-02  7.83405208E-04
1.27060682E-01  6.96662739E-02  7.81387324E-04
1.27359297E-01  6.84441328E-02  7.86143180E-04
1.27657912E-01  6.84070587E-02  7.67505087E-04
1.27956527E-01  7.00521544E-02  7.80092727E-04
1.28255142E-01  6.75207824E-02  7.71376479E-04
1.28553757E-01  6.87475801E-02  7.64806813E-04
1.28852372E-01  6.76528364E-02  7.61732634E-04
1.29150987E-01  6.72241598E-02  7.59316317E-04
1.29449602E-01  6.78438991E-02  7.67443271E-04
1.29748217E-01  6.74835518E-02  7.64885684E-04
1.30046832E-01  6.77881613E-02  7.60465628E-04
1.30345447E-01  6.77943081E-02  7.58485054E-04
1.30644062E-01  6.89273253E-02  7.63787481E-04
1.30942677E-01  6.83457330E-02  7.66142330E-04
1.31241292E-01  6.70551062E-02  7.56346155E-04
1.31539907E-01  6.83495477E-02  7.59580114E-04
1.31838522E-01  6.80994540E-02  7.61708361E-04
1.32137137E-01  6.74957633E-02  7.65220670E-04
1.32435752E-01  6.78612441E-02  7.77348643E-04
1.32734367E-01  6.72027916E-02  7.72496860E-04
1.33032982E-01  6.82206824E-02  7.86539458E-04
1.33331597E-01  6.76041916E-02  7.82978488E-04
1.33630212E-01  6.78445920E-02  7.87719910E-04
1.33928827E-01  6.71585798E-02  7.95737840E-04
1.34227442E-01  6.81720674E-02  7.82399147E-04
1.34526057E-01  6.79173246E-02  7.96715030E-04
1.34824672E-01  6.86945617E-02  8.07166449E-04
1.35123287E-01  6.79287687E-02  7.97948043E-04
1.35421902E-01  6.81783333E-02  8.06519471E-04
1.35720517E-01  6.77590892E-02  7.95790169E-04
1.36019132E-01  6.71553388E-02  8.06470809E-04
1.36317747E-01  6.85122013E-02  8.06696073E-04
1.36616362E-01  6.82692826E-02  8.02890281E-04
1.36914977E-01  7.00917020E-02  8.22674774E-04
1.37213592E-01  6.89380392E-02  8.17108899E-04
1.37512207E-01  6.73455000E-02  8.15665175E-04
1.37810822E-01  6.91901818E-02  8.18603789E-04
1.38109437E-01  6.85801879E-02  8.14988336E-04
1.38408052E-01  6.84679523E-02  8.17414955E-04
1.38706667E-01  6.82920143E-02  8.18235276E-04
1.39005282E-01  7.01667592E-02  8.38413718E-04
1.39303897E-01  7.06334859E-02  8.24615301E-04
1.39602512E-01  6.95575178E-02  8.34116538E-04
1.39901127E-01  7.00094178E-02  8.35520274E-04
1.40199742E-01  7.14962780E-02  8.40435037E-04
1.40498357E-01  7.05434158E-02  8.43637332E-04
1.40796972E-01  7.10934773E-02  8.35815619E-04
1.41095587E-01  7.13882446E-02  8.49679462E-04
1.41394202E-01  7.28058666E-02  8.52712488E-04
1.41692817E-01  7.19549358E-02  8.53047415E-04
1.41991432E-01  7.34114125E-02  8.61638691E-04
1.42290047E-01  7.29125589E-02  8.52676458E-04
1.42588662E-01  7.37558901E-02  8.69161158E-04
1.42887277E-01  7.45509937E-02  8.68989504E-04
1.43185892E-01  7.48077706E-02  8.67748458E-04
1.43484507E-01  7.60215223E-02  8.81708984E-04
1.43783122E-01  7.61977956E-02  8.75432044E-04
1.44081737E-01  7.54341930E-02  8.73781159E-04
1.44380352E-01  7.78883174E-02  8.80614098E-04
1.44678967E-01  7.80332163E-02  8.71675555E-04
1.44977582E-01  7.77835995E-02  8.87637609E-04
1.45276197E-01  7.72872567E-02  8.71814787E-04
1.45574812E-01  7.87752345E-02  8.90470983E-04
1.45873427E-01  7.89222717E-02  8.70701624E-04
1.46172042E-01  8.03542733E-02  8.84885958E-04
1.46470657E-01  8.16842318E-02  9.02877597E-04
1.46769272E-01  8.23426023E-02  8.95769452E-04
1.47067887E-01  8.32398608E-02  8.98591708E-04
1.47366502E-01  8.49558935E-02  9.03377251E-04
1.47665117E-01  8.56642723E-02  9.08498943E-04
1.47963732E-01  8.63288492E-02  9.22472624E-04
1.48262347E-01  8.70384201E-02  9.16447781E-04
1.48560962E-01  8.80660191E-02  9.23233456E-04
1.48859577E-01  8.86484012E-02  9.13949625E-04
1.49158192E-01  9.18222144E-02  9.49551933E-04
1.49456807E-01  9.27052796E-02  9.42982268E-04
1.49755422E-01  9.44077820E-02  9.49121546E-04
1.50054037E-01  9.64002758E-02  9.65210027E-04
1.50352652E-01  9.78839025E-02  9.60384845E-04
1.50651267E-01  9.87472683E-02  9.78367287E-04
1.50949882E-01  1.01402648E-01  9.76063835E-04
1.51248497E-01  1.03155769E-01  9.89188091E-04
1.51547112E-01  1.06809050E-01  1.02412619E-03
1.51845727E-01  1.10911809E-01  1.01341109E-03
1.52144342E-01  1.14108950E-01  1.05331838E-03
1.52442957E-01  1.14524782E-01  1.02389045E-03
1.52741572E-01  1.18465811E-01  1.05655193E-03
1.53040187E-01  1.22789681E-01  1.09100062E-03
1.53338802E-01  1.25595123E-01  1.08115096E-03
1.53637417E-01  1.33158520E-01  1.12680427E-03
1.53936032E-01  1.36683941E-01  1.12501835E-03
1.54234647E-01  1.43026501E-01  1.15332694E-03
1.54533262E-01  1.48009092E-01  1.19153119E-03
1.54831877E-01  1.52145654E-01  1.19125831E-03
1.55130492E-01  1.60223201E-01  1.22425554E-03
1.55429107E-01  1.69787839E-01  1.25343085E-03
1.55727722E-01  1.80399850E-01  1.30478118E-03
1.56026337E-01  1.89978957E-01  1.33116322E-03
1.56324952E-01  2.02301249E-01  1.36918377E-03
1.56623567E-01  2.14197889E-01  1.42491772E-03
1.56922182E-01  2.29288042E-01  1.45293714E-03
1.57220797E-01  2.47027233E-01  1.52853318E-03
1.57519412E-01  2.67411053E-01  1.57077936E-03
1.57818027E-01  2.89785117E-01  1.63399952E-03
1.58116642E-01  3.13430011E-01  1.72240299E-03
1.58415257E-01  3.46643955E-01  1.78713328E-03
1.58713872E-01  3.85616183E-01  1.90277572E-03
1.59012487E-01  4.26669002E-01  1.97282620E-03
1.59311102E-01  4.78829890E-01  2.12187599E-03
1.59609717E-01  5.40228188E-01  2.25795899E-03
1.59908332E-01  6.13968551E-01  2.35155877E-03
1.60206947E-01  7.06031263E-01  2.54687504E-03
1.60505562E-01  8.17228377E-01  2.74011004E-03
1.60804177E-01  9.42698717E-01  2.93979631E-03
1.61102792E-01  1.08635736E+00  3.15698865E-03
1.61401407E-01  1.23825991E+00  3.35730868E-03
1.61700022E-01  1.39396811E+00  3.55710625E-03
1.61998637E-01  1.53271413E+00  3.73788248E-03
1.62297252E-01  1.63111615E+00  3.87394801E-03
1.62595867E-01  1.70039201E+00  3.95252975E-03
1.62894482E-01  1.71897638E+00  3.92929651E-03
1.63193097E-01  1.69125783E+00  3.95467924E-03
1.63491712E-01  1.61576903E+00  3.80154629E-03
1.63790327E-01  1.51969814E+00  3.74470069E-03
1.64088942E-01  1.41296172E+00  3.55003169E-03
1.64387557E-01  1.29230094E+00  3.42134852E-03
1.64686172E-01  1.18246126E+00  3.31154070E-03
1.64984787E-01  1.07158387E+00  3.09589971E-03
1.65283402E-01  9.71811116E-01  2.96693691E-03
1.65582017E-01  8.83433878E-01  2.80514569E-03
1.65880632E-01  8.03151190E-01  2.68586911E-03
1.66179247E-01  7.26681411E-01  2.57563777E-03
1.66477862E-01  6.62283540E-01  2.42459727E-03
1.66776477E-01  6.10138655E-01  2.34759040E-03
1.67075092E-01  5.59781909E-01  2.25339620E-03
1.67373707E-01  5.16555905E-01  2.15779245E-03
1.67672322E-01  4.78478044E-01  2.07528472E-03
1.67970937E-01  4.44070369E-01  1.98060274E-03
1.68269552E-01  4.14346069E-01  1.92850560E-03
1.68568167E-01  3.89522731E-01  1.85115892E-03
1.68866782E-01  3.61030489E-01  1.80841051E-03
1.69165397E-01  3.37820143E-01  1.73588388E-03
1.69464012E-01  3.20289493E-01  1.67976553E-03
1.69762627E-01  2.94462293E-01  1.62123190E-03
1.70061242E-01  2.71942526E-01  1.55261450E-03
1.70359857E-01  2.50930876E-01  1.50873268E-03
1.70658472E-01  2.30883941E-01  1.42131548E-03
1.70957087E-01  2.11243138E-01  1.36464939E-03
1.71255702E-01  1.95159540E-01  1.32773875E-03
1.71554317E-01  1.80631131E-01  1.24867517E-03
1.71852932E-01  1.66308925E-01  1.21335208E-03
1.72151547E-01  1.56131685E-01  1.17160659E-03
1.72450162E-01  1.47776902E-01  1.14257459E-03
1.72748777E-01  1.37201771E-01  1.10359874E-03
1.73047392E-01  1.31254435E-01  1.07459328E-03
1.73346007E-01  1.25994712E-01  1.05465378E-03
1.73644622E-01  1.23533577E-01  1.03930896E-03
1.73943237E-01  1.19733281E-01  1.02354831E-03
1.74241852E-01  1.16695270E-01  1.01674232E-03
1.74540467E-01  1.13857165E-01  9.91713372E-04
1.74839082E-01  1.12206854E-01  9.96656250E-04
1.75137697E-01  1.10227689E-01  9.78420838E-04
1.75436312E-01  1.08761124E-01  9.78203723E-04
1.75734927E-01  1.07188202E-01  9.59334604E-04
1.76033542E-01  1.07760429E-01  9.64803854E-04
1.76332157E-01  1.06368765E-01  9.73079528E-04
1.76630772E-01  1.07389882E-01  9.60562727E-04
1.76929387E-01  1.06758818E-01  9.72505833E-04
1.77228002E-01  1.06977500E-01  9.54889867E-04
1.77526617E-01  1.07881486E-01  9.66003921E-04
1.77825232E-01  1.09049655E-01  9.74512601E-04
1.78123847E-01  1.09317675E-01  9.71760659E-04
1.78422462E-01  1.09542623E-01  9.72761482E-04
1.78721077E-01  1.12463914E-01  9.88314277E-04
1.79019692E-01  1.13435641E-01  9.92912566E-04
1.79318307E-01  1.14330418E-01  9.97160329E-04
1.79616922E-01  1.17427543E-01  9.95506183E-04
1.79915537E-01  1.19544193E-01  1.01792288E-03
1.80214152E-01  1.21637523E-01  1.01789611E-03
1.80512767E-01  1.24040693E-01  1.03829743E-03
1.80811382E-01  1.29691437E-01  1.05882029E-03
1.81109997E-01  1.33517638E-01  1.06433337E-03
1.81408612E-01  1.38731122E-01  1.09584164E-03
1.81707227E-01  1.42190307E-01  1.10311247E-03
1.82005842E-01  1.50201023E-01  1.13376218E-03
1.82304457E-01  1.59458607E-01  1.16161292E-03
1.82603072E-01  1.66053385E-01  1.19050744E-03
1.82901687E-01  1.74622074E-01  1.22945860E-03
1.83200302E-01  1.85908005E-01  1.25716871E-03
1.83498917E-01  1.99244127E-01  1.29633723E-03
1.83797532E-01  2.13555902E-01  1.33988971E-03
1.84096147E-01  2.34770268E-01  1.41793687E-03
1.84394762E-01  2.52235502E-01  1.47219433E-03
1.84693377E-01  2.75090039E-01  1.52674725E-03
1.84991992E-01  3.05887729E-01  1.61852164E-03
1.85290607E-01  3.40795368E-01  1.68656849E-03
1.85589222E-01  3.81446123E-01  1.79723592E-03
1.85887837E-01  4.25442904E-01  1.89244677E-03
1.86186452E-01  4.81749535E-01  2.00983859E-03
1.86485067E-01  5.33658922E-01  2.12650257E-03
1.86783682E-01  5.90752363E-01  2.23074760E-03
1.87082297E-01  6.32687867E-01  2.31848680E-03
1.87380912E-01  6.78360641E-01  2.38497439E-03
1.87679527E-01  7.06084311E-01  2.41281092E-03
1.87978142E-01  7.22705662E-01  2.47141323E-03
1.88276757E-01  7.22192109E-01  2.46486254E-03
1.88575372E-01  7.06713259E-01  2.44553573E-03
1.88873987E-01  6.81870699E-01  2.38725892E-03
1.89172602E-01  6.46777749E-01  2.31225160E-03
1.89471217E-01  6.07213497E-01  2.25720555E-03
1.89769832E-01  5.69668651E-01  2.19205488E-03
1.90068447E-01  5.30405283E-01  2.08522240E-03
1.90367062E-01  4.92443979E-01  2.02809903E-03
1.90665677E-01  4.58732039E-01  1.95300626E-03
1.90964292E-01  4.24373120E-01  1.87480473E-03
1.91262907E-01  3.93294305E-01  1.81247387E-03
1.91561522E-01  3.63021135E-01  1.71962974E-03
1.91860137E-01  3.42270374E-01  1.69248017E-03
1.92158752E-01  3.17441404E-01  1.62149954E-03
1.92457367E-01  2.98201531E-01  1.57362840E-03
1.92755982E-01  2.79788107E-01  1.51789980E-03
1.93054597E-01  2.62585789E-01  1.47144415E-03
1.93353212E-01  2.46088311E-01  1.41720590E-03
1.93651827E-01  2.33067036E-01  1.39391271E-03
1.93950442E-01  2.18796253E-01  1.34316797E-03
1.94249057E-01  2.08420888E-01  1.30176637E-03
1.94547672E-01  1.97621375E-01  1.27734477E-03
1.94846287E-01  1.87551826E-01  1.24198338E-03
1.95144902E-01  1.79865152E-01  1.22295006E-03
1.95443517E-01  1.70683250E-01  1.16627628E-03
1.95742132E-01  1.64820343E-01  1.16206182E-03
1.96040747E-01  1.56111673E-01  1.13311980E-03
1.96339362E-01  1.47364452E-01  1.10339699E-03
1.96637977E-01  1.37636364E-01  1.05587125E-03
1.96936592E-01  1.29907325E-01  1.02774648E-03
1.97235207E-01  1.21067785E-01  9.95642156E-04
1.97533822E-01  1.18214183E-01  9.80094424E-04
1.97832437E-01  1.11599997E-01  9.55312746E-04
1.98131052E-01  1.05250835E-01  9.22756095E-04
1.98429667E-01  1.01300731E-01  9.06133791E-04
1.98728282E-01  9.71977636E-02  8.90412019E-04
1.99026897E-01  9.27398652E-02  8.64277827E-04
1.99325512E-01  8.75711814E-02  8.42498092E-04
1.99624127E-01  8.56288224E-02  8.32840684E-04
1.99922742E-01  8.30706581E-02  8.18758039E-04
2.00221357E-01  8.07490870E-02  8.11845937E-04
2.00519972E-01  7.97463655E-02  7.98702647E-04
2.00818587E-01  7.69389346E-02  7.83786469E-04
2.01117202E-01  7.47563094E-02  7.80151982E-04
2.01415817E-01  7.41626024E-02  7.69278500E-04
2.01714432E-01  7.22353384E-02  7.62784563E-04
2.02013047E-01  7.23779276E-02  7.60441821E-04
2.02311662E-01  6.97388500E-02  7.49490224E-04
2.02610277E-01  7.01315701E-02  7.53493339E-04
2.02908892E-01  6.93136454E-02  7.40951684E-04
2.03207507E-01  6.70320466E-02  7.31597305E-04
2.03506122E-01  6.75726086E-02  7.33402558E-04
2.03804737E-01  6.61756396E-02  7.26459548E-04
2.04103352E-01  6.57310858E-02  7.26277067E-04
2.04401967E-01  6.48068413E-02  7.20253913E-04
2.04700582E-01  6.34034127E-02  7.06272142E-04
2.04999197E-01  6.34627417E-02  7.08561449E-04
2.05297812E-01  6.38204142E-02  7.17445684E-04
2.05596427E-01  6.20881915E-02  7.01931247E-04
2.05895042E-01  6.25327006E-02  7.06189778E-04
2.06193657E-01  6.06723875E-02  6.91111956E-04
2.06492272E-01  6.14507534E-02  6.94680435E-04
2.06790887E-01  6.02898225E-02  6.95795927E-04
2.07089502E-01  6.01446927E-02  6.83506543E-04
2.07388117E-01  6.14748038E-02  6.99979777E-04
2.07686732E-01  6.06268309E-02  6.92347006E-04
2.07985347E-01  6.01796471E-02  6.87464431E-04
2.08283962E-01  5.77690229E-02  6.75210962E-04
2.08582577E-01  5.79362176E-02  6.71456335E-04
2.08881192E-01  5.95441945E-02  6.83829014E-04
2.09179807E-01  5.70365973E-02  6.72369497E-04
2.09478422E-01  5.79861328E-02  6.69923553E-04
2.09777037E-01  5.66638671E-02  6.69139030E-04
2.10075652E-01  5.78590594E-02  6.69797824E-04
2.10374267E-01  5.56478240E-02  6.65166241E-04
2.10672882E-01  5.56056425E-02  6.62865001E-04
2.10971497E-01  5.63171618E-02  6.56271994E-04
2.11270112E-01  5.45570403E-02  6.55982003E-04
2.11568727E-01  5.50706573E-02  6.52283547E-04
2.11867342E-01  5.47955707E-02  6.56811637E-04
2.12165957E-01  5.44103384E-02  6.48754300E-04
2.12464572E-01  5.25286868E-02  6.36863406E-04
2.12763187E-01  5.44272661E-02  6.51414914E-04
2.13061802E-01  5.41650243E-02  6.49253489E-04
2.13360417E-01  5.32060638E-02  6.45835942E-04
2.13659032E-01  5.40420339E-02  6.44042448E-04
2.13957647E-01  5.40102683E-02  6.44625921E-04
2.14256262E-01  5.24354652E-02  6.38035126E-04
2.14554877E-01  5.27523272E-02  6.36124518E-04
2.14853492E-01  5.24875000E-02  6.35477249E-04
2.15152107E-01  5.20627871E-02  6.32144685E-04
2.15450722E-01  5.20385131E-02  6.38329191E-04
2.15749337E-01  5.17278127E-02  6.32002950E-04
2.16047952E-01  5.11654392E-02  6.26489462E-04
2.16346567E-01  5.16492836E-02  6.29822491E-04
2.16645182E-01  5.07346764E-02  6.20703446E-04
2.16943797E-01  5.03906868E-02  6.21917658E-04
2.17242412E-01  5.17705567E-02  6.34565076E-04
2.17541027E-01  5.10940328E-02  6.20519335E-04
2.17839642E-01  4.97292019E-02  6.22686173E-04
2.18138257E-01  4.93981019E-02  6.09064591E-04
2.18436872E-01  5.04387803E-02  6.21848565E-04
2.18735487E-01  5.10627516E-02  6.22531341E-04
2.19034102E-01  4.97176722E-02  6.14642107E-04
2.19332717E-01  4.91421819E-02  6.15094730E-04
2.19631332E-01  4.99623008E-02  6.17619196E-04
2.19929947E-01  4.92684506E-02  6.10958959E-04
2.20228562E-01  4.90561649E-02  6.07672730E-04
2.20527177E-01  4.92754690E-02  6.12271193E-04
2.20825792E-01  4.87216972E-02  6.09545270E-04
2.21124407E-01  4.82294187E-02  6.04665489E-04
2.21423022E-01  4.86485064E-02  6.06214860E-04
2.21721637E-01  4.87876274E-02  6.05835463E-04
2.22020252E-01  4.79547270E-02  6.00467029E-04
2.22318867E-01  4.76289131E-02  6.02318847E-04
2.22617482E-01  4.86154035E-02  6.01428968E-04
2.22916097E-01  4.84798327E-02  6.08762610E-04
2.23214712E-01  4.81190644E-02  6.00270228E-04
2.23513327E-01  4.75745127E-02  6.00910629E-04
2.23811942E-01  4.81794626E-02  6.01351319E-04
2.24110557E-01  4.72970456E-02  5.93395962E-04
2.24409172E-01  4.69405353E-02  5.95665246E-04
2.24707787E-01  4.68466356E-02  5.89370786E-04
2.25006402E-01  4.79777381E-02  6.03457738E-04
2.25305017E-01  4.75111119E-02  5.89802046E-04
2.25603632E-01  4.76218052E-02  5.98744140E-04
2.25902247E-01  4.66700420E-02  5.93428384E-04
2.26200862E-01  4.71844897E-02  5.93386474E-04
2.26499477E-01  4.68948148E-02  5.89510601E-04
2.26798092E-01  4.72428091E-02  5.94967394E-04
2.27096707E-01  4.75089438E-02  5.95773221E-04
2.27395322E-01  4.65765372E-02  5.92143741E-04
2.27693937E-01  4.66792621E-02  5.85460861E-04
2.27992552E-01  4.67063710E-02  5.87652612E-04
2.28291167E-01  4.54268567E-02  5.79215004E-04
2.28589782E-01  4.77621965E-02  5.98760729E-04
2.28888397E-01  4.59760241E-02  5.85408823E-04
2.29187012E-01  4.60870899E-02  5.81242726E-04
2.29485627E-01  4.71705422E-02  5.90231561E-04
2.29784242E-01  4.73257676E-02  5.93943347E-04
2.30082857E-01  4.66801114E-02  5.85978734E-04
2.30381472E-01  4.67722006E-02  5.85384667E-04
2.30680087E-01  4.65425849E-02  5.85452886E-04
2.30978702E-01  4.55043986E-02  5.78887644E-04
2.31277317E-01  4.64581065E-02  5.85596019E-04
2.31575932E-01  4.65717614E-02  5.86144568E-04
2.31874547E-01  4.61436361E-02  5.78970707E-04
2.32173162E-01  4.49563712E-02  5.74243953E-04
2.32471777E-01  4.72949073E-02  5.90172829E-04
2.32770392E-01  4.67742309E-02  5.84906433E-04
2.33069007E-01  4.59029227E-02  5.79104293E-04
2.33367622E-01  4.70454320E-02  5.84111142E-04
2.33666237E-01  4.77829836E-02  5.93726349E-04
2.33964852E-01  4.77504507E-02  5.88973402E-04
2.34263467E-01  4.71622124E-02  5.85335540E-04
2.34562082E-01  4.76959273E-02  5.90144307E-04
2.34860697E-01  4.72864732E-02  5.86606795E-04
2.35159312E-01  4.76640053E-02  5.89613919E-04
2.35457927E-01  4.78334278E-02  5.87499468E-04
2.35756542E-01  4.74959314E-02  5.83134417E-04
2.36055157E-01  4.69718650E-02  5.84822788E-04
2.36353772E-01  4.74301688E-02  5.87170769E-04
2.36652387E-01  4.87030633E-02  5.98225626E-04
2.36951002E-01  4.90319468E-02  5.89379109E-04
2.37249617E-01  4.85488884E-02  5.95747959E-04
2.37548232E-01  4.96030897E-02  5.99457766E-04
2.37846847E-01  4.93919738E-02  5.96166705E-04
2.38145462E-01  4.92374264E-02  5.94734680E-04
2.38444077E-01  5.01091629E-02  5.95988880E-04
2.38742692E-01  5.16136661E-02  6.14971563E-04
2.39041307E-01  5.06808758E-02  6.03900349E-04
2.39339922E-01  5.18233888E-02  6.09476119E-04
2.39638537E-01  5.22192977E-02  6.12314034E-04
2.39937152E-01  5.27287647E-02  6.13581622E-04
2.40235767E-01  5.16478345E-02  6.11527532E-04
2.40534382E-01  5.29308915E-02  6.15101308E-04
2.40832997E-01  5.38705811E-02  6.19161176E-04
2.41131612E-01  5.52353561E-02  6.30284427E-04
2.41430227E-01  5.62253147E-02  6.30631461E-04
2.41728842E-01  5.75942658E-02  6.44689484E-04
2.42027457E-01  5.78732044E-02  6.37704332E-04
2.42326072E-01  5.83557598E-02  6.42826490E-04
2.42624687E-01  6.03733659E-02  6.60064630E-04
2.42923302E-01  6.16306588E-02  6.63001963E-04
2.43221917E-01  6.27074167E-02  6.62541948E-04
2.43520532E-01  6.40435144E-02  6.72319613E-04
2.43819147E-01  6.62421957E-02  6.84328959E-04
2.44117762E-01  6.91521093E-02  7.02495512E-04
2.44416377E-01  7.00021684E-02  7.08576234E-04
2.44714992E-01  7.36855567E-02  7.17425311E-04
2.45013607E-01  7.64397383E-02  7.38384493E-04
2.45312222E-01  8.01184252E-02  7.51367130E-04
2.45610837E-01  8.19382071E-02  7.62158132E-04
2.45909452E-01  8.45498219E-02  7.66421028E-04
2.46208067E-01  9.11219120E-02  8.02190450E-04
2.46506682E-01  9.54972431E-02  8.19424575E-04
2.46805297E-01  1.00268185E-01  8.46393697E-04
2.47103912E-01  1.03910327E-01  8.50809854E-04
2.47402527E-01  1.08438939E-01  8.69154057E-04
2.47701142E-01  1.14163175E-01  8.97172140E-04
2.47999757E-01  1.15264043E-01  9.00747778E-04
2.48298372E-01  1.17062807E-01  9.13021970E-04
2.48596987E-01  1.19837992E-01  9.06356261E-04
2.48895602E-01  1.16854094E-01  9.01280669E-04
2.49194217E-01  1.16871364E-01  9.02326894E-04
2.49492832E-01  1.13352336E-01  8.90332798E-04
2.49791447E-01  1.08745903E-01  8.74201593E-04
2.50090062E-01  1.06238499E-01  8.58214509E-04
2.50388677E-01  1.01648286E-01  8.45426752E-04
2.50687292E-01  9.66712162E-02  8.21551948E-04
2.50985907E-01  9.38544199E-02  8.04913405E-04
2.51284522E-01  9.04587731E-02  7.95151689E-04
2.51583137E-01  8.60560089E-02  7.69923965E-04
2.51881752E-01  8.12013745E-02  7.51124404E-04
2.52180367E-01  7.77346641E-02  7.34917354E-04
2.52478982E-01  7.52187297E-02  7.20398675E-04
2.52777597E-01  7.16524199E-02  7.04441045E-04
2.53076212E-01  6.93908557E-02  6.93423324E-04
2.53374827E-01  6.53024167E-02  6.74692390E-04
2.53673442E-01  6.31007254E-02  6.54746604E-04
2.53972057E-01  6.05151951E-02  6.46343979E-04
2.54270672E-01  5.93444966E-02  6.39890961E-04
2.54569287E-01  5.63823320E-02  6.26586378E-04
2.54867902E-01  5.62211052E-02  6.22492516E-04
2.55166517E-01  5.43018617E-02  6.07873604E-04
2.55465132E-01  5.25735617E-02  6.01479376E-04
2.55763747E-01  5.13764620E-02  5.95071935E-04
2.56062362E-01  4.97164838E-02  5.85223897E-04
2.56360977E-01  4.84333485E-02  5.73788770E-04
2.56659592E-01  4.65286188E-02  5.60911547E-04
2.56958207E-01  4.62011285E-02  5.63554117E-04
2.57256822E-01  4.50187363E-02  5.55406034E-04
2.57555437E-01  4.52082604E-02  5.53921331E-04
2.57854052E-01  4.30581868E-02  5.41880378E-04
2.58152667E-01  4.41130809E-02  5.50382480E-04
2.58451282E-01  4.29551341E-02  5.43257338E-04
2.58749897E-01  4.14373204E-02  5.28647332E-04
2.59048512E-01  4.07318845E-02  5.25233918E-04
2.59347127E-01  4.07297425E-02  5.24944568E-04
2.59645742E-01  3.92487124E-02  5.17912034E-04
2.59944357E-01  3.90660986E-02  5.17533917E-04
2.60242972E-01  3.78762148E-02  5.03185671E-04
2.60541587E-01  3.72243188E-02  5.03445219E-04
2.60840202E-01  3.78070585E-02  5.06031967E-04
2.61138817E-01  3.70400324E-02  5.02332987E-04
2.61437432E-01  3.68203335E-02  4.99123998E-04
2.61736047E-01  3.59973982E-02  4.91320447E-04
2.62034662E-01  3.53033878E-02  4.88865306E-04
2.62333277E-01  3.55436318E-02  4.90268634E-04
2.62631892E-01  3.49428691E-02  4.83317272E-04
2.62930507E-01  3.44373919E-02  4.80059825E-04
2.63229122E-01  3.45501974E-02  4.81725961E-04
2.63527737E-01  3.46154459E-02  4.85236786E-04
2.63826352E-01  3.40610743E-02  4.77184396E-04
2.64124967E-01  3.44222337E-02  4.79708717E-04
2.64423582E-01  3.42084095E-02  4.78591421E-04
2.64722197E-01  3.37238684E-02  4.73343651E-04
2.65020812E-01  3.38039063E-02  4.78634116E-04
2.65319427E-01  3.31095234E-02  4.67445410E-04
2.65618042E-01  3.35552245E-02  4.75494511E-04
2.65916657E-01  3.42627540E-02  4.78602888E-04
2.66215272E-01  3.36405188E-02  4.73622262E-04
2.66513887E-01  3.38334069E-02  4.75349603E-04
2.66812502E-01  3.34165134E-02  4.69492370E-04
2.67111117E-01  3.31937112E-02  4.71081672E-04
2.67409732E-01  3.31616402E-02  4.69634368E-04
2.67708347E-01  3.29382420E-02  4.68779792E-04
2.68006962E-01  3.29690725E-02  4.68271028E-04
2.68305577E-01  3.28742824E-02  4.66032361E-04
2.68604192E-01  3.25463638E-02  4.64900600E-04
2.68902807E-01  3.30256037E-02  4.67707810E-04
2.69201422E-01  3.34307775E-02  4.68400132E-04
2.69500037E-01  3.27536799E-02  4.65540536E-04
2.69798652E-01  3.33150327E-02  4.69272374E-04
2.70097267E-01  3.31936404E-02  4.71460633E-04
2.70395882E-01  3.34271155E-02  4.65885969E-04
2.70694497E-01  3.34331319E-02  4.69864986E-04
2.70993112E-01  3.37926336E-02  4.73237917E-04
2.71291727E-01  3.24700847E-02  4.63527365E-04
2.71590342E-01  3.36560532E-02  4.73138120E-04
2.71888957E-01  3.36236656E-02  4.66905301E-04
2.72187572E-01  3.36842500E-02  4.70063649E-04
2.72486187E-01  3.40688825E-02  4.73224558E-04
2.72784802E-01  3.46579216E-02  4.78279195E-04
2.73083417E-01  3.47749256E-02  4.74237837E-04
2.73382032E-01  3.49993370E-02  4.78545815E-04
2.73680647E-01  3.52375619E-02  4.82389587E-04
2.73979262E-01  3.50407138E-02  4.78709000E-04
2.74277877E-01  3.46279852E-02  4.73955879E-04
2.74576492E-01  3.63536030E-02  4.86360310E-04
2.74875107E-01  3.57774347E-02  4.83965181E-04
2.75173722E-01  3.63076292E-02  4.88286372E-04
2.75472337E-01  3.70953493E-02  4.88096703E-04
2.75770952E-01  3.66486758E-02  4.89826023E-04
2.76069567E-01  3.71734612E-02  4.88490623E-04
2.76368182E-01  3.75520289E-02  4.97607049E-04
2.76666797E-01  3.73806916E-02  4.95075947E-04
2.76965412E-01  3.99193764E-02  5.05835691E-04
2.77264027E-01  3.96613777E-02  5.08145255E-04
2.77562642E-01  4.04543541E-02  5.08708938E-04
2.77861257E-01  4.06161472E-02  5.16325526E-04
2.78159872E-01  4.24958840E-02  5.21000416E-04
2.78458487E-01  4.43599746E-02  5.34302439E-04
2.78757102E-01  4.49880846E-02  5.42025140E-04
2.79055717E-01  4.73492853E-02  5.52707061E-04
2.79354332E-01  4.77513522E-02  5.54910745E-04
2.79652947E-01  4.98078912E-02  5.66877832E-04
2.79951562E-01  5.13379574E-02  5.70809469E-04
2.80250177E-01  5.19490726E-02  5.81572065E-04
2.80548792E-01  5.37553020E-02  5.87884744E-04
2.80847407E-01  5.49886450E-02  5.92372613E-04
2.81146022E-01  5.61523288E-02  6.01153064E-04
2.81444637E-01  5.64224124E-02  6.04113739E-04
2.81743252E-01  5.73483445E-02  6.06461952E-04
2.82041867E-01  5.71831688E-02  6.00366853E-04
2.82340482E-01  5.78106865E-02  6.08600967E-04
2.82639097E-01  5.86832091E-02  6.13484066E-04
2.82937712E-01  5.70539013E-02  6.03854889E-04
2.83236327E-01  5.62759861E-02  5.99427382E-04
2.83534942E-01  5.61080128E-02  5.95580786E-04
2.83833557E-01  5.41928746E-02  5.88670548E-04
2.84132172E-01  5.32339290E-02  5.82426728E-04
2.84430787E-01  5.14699407E-02  5.75703336E-04
2.84729402E-01  5.05886786E-02  5.63734327E-04
2.85028017E-01  4.92562316E-02  5.59693784E-04
2.85326632E-01  4.80303541E-02  5.56278101E-04
2.85625247E-01  4.70072441E-02  5.41566696E-04
2.85923862E-01  4.55445722E-02  5.37532440E-04
2.86222477E-01  4.49484847E-02  5.33477927E-04
2.86521092E-01  4.50405590E-02  5.34157036E-04
2.86819707E-01  4.20870222E-02  5.19949594E-04
2.87118322E-01  4.16222438E-02  5.09486126E-04
2.87416937E-01  4.15252447E-02  5.11256629E-04
2.87715552E-01  3.95460017E-02  4.98193258E-04
2.88014167E-01  3.89428958E-02  4.97797271E-04
2.88312782E-01  3.91002409E-02  4.97940753E-04
2.88611397E-01  3.85424048E-02  4.88622871E-04
2.88910012E-01  3.79135683E-02  4.90813691E-04
2.89208627E-01  3.67631279E-02  4.80820570E-04
2.89507242E-01  3.62886898E-02  4.77358815E-04
2.89805857E-01  3.61369736E-02  4.74624452E-04
2.90104472E-01  3.60446908E-02  4.73330816E-04
2.90403087E-01  3.57364938E-02  4.76401910E-04
2.90701702E-01  3.50614041E-02  4.68193437E-04
2.91000317E-01  3.48802507E-02  4.66190220E-04
2.91298932E-01  3.30182053E-02  4.54570312E-04
2.91597547E-01  3.32406871E-02  4.56768350E-04
2.91896162E-01  3.26782838E-02  4.52557462E-04
2.92194777E-01  3.24253775E-02  4.49054991E-04
2.92493392E-01  3.20958942E-02  4.47201950E-04
2.92792007E-01  3.25113684E-02  4.50634980E-04
2.93090622E-01  3.28481272E-02  4.52743960E-04
2.93389237E-01  3.17192152E-02  4.44681296E-04
2.93687852E-01  3.14944200E-02  4.40019037E-04
2.93986467E-01  3.04687880E-02  4.35936148E-04
2.94285082E-01  3.14272083E-02  4.40500997E-04
2.94583697E-01  2.99470909E-02  4.33242996E-04
2.94882312E-01  3.04178353E-02  4.33788693E-04
2.95180927E-01  3.04856692E-02  4.31477791E-04
2.95479542E-01  2.92802844E-02  4.26733837E-04
2.95778157E-01  2.97034271E-02  4.28152649E-04
2.96076772E-01  2.98020691E-02  4.29173408E-04
2.96375387E-01  2.96505690E-02  4.27568448E-04
2.96674002E-01  2.94806231E-02  4.26138053E-04
2.96972617E-01  2.89687216E-02  4.25183855E-04
2.97271232E-01  2.86597181E-02  4.23116755E-04
2.97569847E-01  2.84251440E-02  4.21587727E-04
2.97868462E-01  2.86237057E-02  4.24299418E-04
2.98167077E-01  2.95864772E-02  4.33504407E-04
2.98465692E-01  2.84519196E-02  4.27763793E-04
2.98764307E-01  2.82213856E-02  4.22345242E-04
2.99062922E-01  2.81313471E-02  4.24288912E-04
2.99361537E-01  2.79734340E-02  4.24473779E-04
2.99660152E-01  2.82789208E-02  4.27537103E-04
2.99958767E-01  2.82816682E-02  4.27774212E-04
3.00257382E-01  2.73527727E-02  4.21861594E-04
3.00555997E-01  2.74877418E-02  4.22688288E-04
3.00854612E-01  2.80397777E-02  4.26266401E-04
3.01153227E-01  2.78017875E-02  4.27264982E-04
3.01451842E-01  2.81861890E-02  4.28244821E-04
3.01750457E-01  2.83508226E-02  4.34473041E-04
3.02049072E-01  2.77749058E-02  4.26952698E-04
3.02347687E-01  2.74627712E-02  4.33035340E-04
3.02646302E-01  2.73749828E-02  4.37845621E-04
3.02944917E-01  2.78361719E-02  4.41399374E-04
3.03243532E-01  2.73950957E-02  4.46231017E-04
3.03542147E-01  2.68758889E-02  4.42735240E-04
3.03840762E-01  2.80257463E-02  4.51851898E-04
3.04139377E-01  2.77054664E-02  4.55106201E-04
3.04437992E-01  2.77949627E-02  4.51786385E-04
3.04736607E-01  2.69311890E-02  4.52003063E-04
3.05035222E-01  2.73218136E-02  4.51553962E-04
3.05333837E-01  2.71245278E-02  4.52957087E-04
3.05632452E-01  2.68786214E-02  4.54526453E-04
3.05931067E-01  2.75441185E-02  4.57798742E-04
3.06229682E-01  2.69235261E-02  4.57515387E-04
3.06528297E-01  2.72437073E-02  4.55837959E-04
3.06826912E-01  2.79467478E-02  4.67404898E-04
3.07125527E-01  2.73137148E-02  4.63210541E-04
3.07424142E-01  2.72080619E-02  4.61750897E-04
3.07722757E-01  2.72085592E-02  4.65460733E-04
3.08021372E-01  2.73562446E-02  4.62868018E-04
3.08319987E-01  2.63596009E-02  4.50937514E-04
3.08618602E-01  2.75724512E-02  4.56695387E-04
3.08917217E-01  2.69666258E-02  4.44894511E-04
3.09215832E-01  2.76011433E-02  4.54005465E-04
3.09514447E-01  2.65294258E-02  4.38158866E-04
3.09813062E-01  2.65841894E-02  4.39603289E-04
3.10111677E-01  2.68430021E-02  4.39753872E-04
3.10410292E-01  2.69697383E-02  4.35335678E-04
3.10708907E-01  2.73169521E-02  4.42383403E-04
3.11007522E-01  2.66037919E-02  4.30495595E-04
3.11306137E-01  2.69769877E-02  4.39013093E-04
3.11604752E-01  2.74637919E-02  4.37756826E-04
3.11903367E-01  2.66594440E-02  4.30832442E-04
3.12201982E-01  2.68400032E-02  4.32173110E-04
3.12500597E-01  2.71476340E-02  4.30697866E-04
3.12799212E-01  2.69913077E-02  4.33040404E-04
3.13097827E-01  2.69804951E-02  4.29944164E-04
3.13396442E-01  2.72232499E-02  4.31300839E-04
3.13695057E-01  2.70663071E-02  4.32245608E-04
3.13993672E-01  2.73504443E-02  4.30142652E-04
3.14292287E-01  2.69036461E-02  4.27743100E-04
3.14590902E-01  2.67143119E-02  4.25001519E-04
3.14889517E-01  2.77895313E-02  4.33471258E-04
3.15188132E-01  2.76840962E-02  4.35174792E-04
3.15486747E-01  2.75121294E-02  4.28052095E-04
3.15785362E-01  2.81782653E-02  4.36152186E-04
3.16083977E-01  2.75428854E-02  4.27961175E-04
3.16382592E-01  2.77312659E-02  4.31775203E-04
3.16681207E-01  2.66474243E-02  4.21385426E-04
3.16979822E-01  2.75547374E-02  4.27835563E-04
3.17278437E-01  2.74403132E-02  4.28388972E-04
3.17577052E-01  2.78617349E-02  4.30325919E-04
3.17875667E-01  2.75262110E-02  4.33712266E-04
3.18174282E-01  2.75876671E-02  4.38175543E-04
3.18472897E-01  2.84156688E-02  4.51099186E-04
3.18771512E-01  2.79685296E-02  4.45802085E-04
3.19070127E-01  2.75711585E-02  4.46090882E-04
3.19368742E-01  2.87312251E-02  4.55764181E-04
3.19667357E-01  2.80340146E-02  4.50581865E-04
3.19965972E-01  2.91504823E-02  4.60506824E-04
3.20264587E-01  2.88370438E-02  4.60113515E-04
3.20563202E-01  2.80623231E-02  4.53503802E-04
3.20861817E-01  2.93743275E-02  4.64914046E-04
3.21160432E-01  3.00608594E-02  4.68843238E-04
3.21459047E-01  3.02933082E-02  4.75134351E-04
3.21757662E-01  3.06919869E-02  4.75231151E-04
3.22056277E-01  2.97162589E-02  4.67350008E-04
3.22354892E-01  3.08856573E-02  4.80597839E-04
3.22653507E-01  3.09272353E-02  4.79391223E-04
3.22952122E-01  3.19949687E-02  4.91881161E-04
3.23250737E-01  3.15637551E-02  4.79340379E-04
3.23549352E-01  3.26128043E-02  4.93284781E-04
3.23847967E-01  3.27078030E-02  4.96313965E-04
3.24146582E-01  3.31838690E-02  4.98456357E-04
3.24445197E-01  3.34551372E-02  5.00782742E-04
3.24743812E-01  3.42873856E-02  5.06090291E-04
3.25042427E-01  3.36925760E-02  5.07013639E-04
3.25341042E-01  3.36837433E-02  5.01181814E-04
3.25639657E-01  3.54165472E-02  5.16768370E-04
3.25938272E-01  3.53393815E-02  5.17574430E-04
3.26236887E-01  3.48753445E-02  5.10122103E-04
3.26535502E-01  3.51704098E-02  5.20031143E-04
3.26834117E-01  3.45770046E-02  5.09865524E-04
3.27132732E-01  3.46282423E-02  5.12800005E-04
3.27431347E-01  3.43654267E-02  5.11607854E-04
3.27729962E-01  3.37109640E-02  5.04329742E-04
3.28028577E-01  3.42923738E-02  5.16918197E-04
3.28327192E-01  3.36534530E-02  4.99956950E-04
3.28625807E-01  3.39344554E-02  5.10364713E-04
3.28924422E-01  3.31811830E-02  5.04368858E-04
3.29223037E-01  3.39178890E-02  5.07823424E-04
3.29521652E-01  3.40285376E-02  5.09708596E-04
3.29820267E-01  3.33255343E-02  5.02629846E-04
3.30118882E-01  3.34954783E-02  5.09499572E-04
3.30417497E-01  3.25458013E-02  4.99523710E-04
3.30716112E-01  3.36928815E-02  5.05247968E-04
3.31014727E-01  3.33488174E-02  5.03554125E-04
3.31313342E-01  3.23061794E-02  4.93872096E-04
3.31611957E-01  3.31120305E-02  5.05365257E-04
3.31910572E-01  3.20720002E-02  4.93824598E-04
3.32209187E-01  3.22800837E-02  4.93242638E-04
3.32507802E-01  3.19750234E-02  4.96468274E-04
3.32806417E-01  3.24863270E-02  4.93806729E-04
3.33105032E-01  3.28177027E-02  5.00873139E-04
3.33403647E-01  3.26960236E-02  4.96707333E-04
3.33702262E-01  3.22511345E-02  4.93607717E-04
3.34000877E-01  3.21531035E-02  4.92569059E-04
3.34299492E-01  3.19748633E-02  4.92796535E-04
3.34598107E-01  3.22600640E-02  4.95430024E-04
3.34896722E-01  3.20603065E-02  4.89142665E-04
3.35195337E-01  3.23261619E-02  4.92168765E-04
3.35493952E-01  3.20100412E-02  4.92637104E-04
3.35792567E-01  3.25532407E-02  4.95052664E-04
3.36091182E-01  3.27773727E-02  4.97484114E-04
3.36389797E-01  3.32658924E-02  4.98117413E-04
3.36688412E-01  3.35600935E-02  5.03539923E-04
3.36987027E-01  3.36065106E-02  5.00809401E-04
3.37285642E-01  3.45140584E-02  5.09602600E-04
3.37584257E-01  3.42759453E-02  5.08587749E-04
3.37882872E-01  3.47572677E-02  5.09760110E-04
3.38181487E-01  3.49995755E-02  5.13479579E-04
3.38480102E-01  3.55442055E-02  5.09754813E-04
3.38778717E-01  3.49278226E-02  5.12206461E-04
3.39077332E-01  3.59858088E-02  5.17794804E-04
3.39375947E-01  3.50120738E-02  5.10594982E-04
3.39674562E-01  3.48154120E-02  5.12434868E-04
3.39973177E-01  3.38962786E-02  5.00372029E-04
3.40271792E-01  3.47148106E-02  5.09905745E-04
3.40570407E-01  3.46538387E-02  5.08571509E-04
3.40869022E-01  3.54442820E-02  5.11381135E-04
3.41167637E-01  3.46301086E-02  5.07077784E-04
3.41466252E-01  3.42814922E-02  5.01489441E-04
3.41764867E-01  3.31765153E-02  4.99361020E-04
3.42063482E-01  3.35566476E-02  4.98298905E-04
3.42362097E-01  3.45480815E-02  5.02866809E-04
3.42660712E-01  3.36906649E-02  5.01173839E-04
3.42959327E-01  3.25858593E-02  4.87825397E-04
3.43257942E-01  3.33033912E-02  4.98288078E-04
3.43556557E-01  3.24198082E-02  4.87971265E-04
3.43855172E-01  3.27104442E-02  4.90295177E-04
3.44153787E-01  3.10143121E-02  4.77143243E-04
3.44452402E-01  3.29872444E-02  4.91526385E-04
3.44751017E-01  3.17370407E-02  4.83087439E-04
3.45049632E-01  3.26251648E-02  4.85109107E-04
3.45348247E-01  3.30095738E-02  4.92680236E-04
3.45646862E-01  3.15916911E-02  4.79930721E-04
3.45945477E-01  3.18321213E-02  4.82028321E-04
3.46244092E-01  3.12623158E-02  4.72102547E-04
3.46542707E-01  3.15930955E-02  4.74990171E-04
3.46841322E-01  3.16430442E-02  4.78835864E-04
3.47139937E-01  3.06318440E-02  4.69539722E-04
3.47438552E-01  3.12325452E-02  4.70581057E-04
3.47737167E-01  3.04071456E-02  4.68079292E-04
3.48035782E-01  3.13370936E-02  4.70981584E-04
3.48334397E-01  3.06990054E-02  4.69797145E-04
3.48633012E-01  3.05682868E-02  4.62254742E-04
3.48931627E-01  3.08846757E-02  4.68218408E-04
3.49230242E-01  3.09563298E-02  4.70061554E-04
3.49528857E-01  3.09389643E-02  4.68503364E-04
3.49827472E-01  3.07002179E-02  4.67467849E-04
3.50126087E-01  3.03824171E-02  4.60604060E-04
3.50424702E-01  3.06426082E-02  4.66644706E-04
3.50723317E-01  3.10816430E-02  4.68041835E-04
3.51021932E-01  3.07866298E-02  4.67484759E-04
3.51320547E-01  3.04884259E-02  4.62796597E-04
3.51619162E-01  3.06497533E-02  4.63010452E-04
3.51917777E-01  2.94583794E-02  4.55911562E-04
3.52216392E-01  3.09695676E-02  4.66565805E-04
3.52515007E-01  3.03504262E-02  4.59749397E-04
3.52813622E-01  2.97307894E-02  4.55033500E-04
3.53112237E-01  3.02538518E-02  4.64072888E-04
3.53410852E-01  3.00758686E-02  4.61940945E-04
3.53709467E-01  3.03491242E-02  4.55208414E-04
3.54008082E-01  2.95985322E-02  4.54395107E-04
3.54306697E-01  2.98054423E-02  4.56229493E-04
3.54605312E-01  2.91918982E-02  4.53857559E-04
3.54903927E-01  3.02282944E-02  4.63245058E-04
3.55202542E-01  2.94690281E-02  4.47735569E-04
3.55501157E-01  2.88770739E-02  4.50052059E-04
3.55799772E-01  2.94599086E-02  4.52480308E-04
3.56098387E-01  2.98554488E-02  4.56620648E-04
3.56397002E-01  2.92981043E-02  4.51971951E-04
3.56695617E-01  3.00460104E-02  4.52703505E-04
3.56994232E-01  2.90241819E-02  4.53060609E-04
3.57292847E-01  2.90355161E-02  4.45856829E-04
3.57591462E-01  2.95341443E-02  4.52447945E-04
3.57890077E-01  2.90988125E-02  4.48257924E-04
3.58188692E-01  2.90652309E-02  4.46207909E-04
3.58487307E-01  2.89244242E-02  4.51173721E-04
3.58785922E-01  2.92004328E-02  4.45354235E-04
3.59084537E-01  2.93598380E-02  4.50996507E-04
3.59383152E-01  3.01442239E-02  4.55269794E-04
3.59681767E-01  2.93181725E-02  4.49350337E-04
3.59980382E-01  2.89306622E-02  4.50613705E-04
3.60278997E-01  2.89600957E-02  4.41432057E-04
3.60577612E-01  2.89260298E-02  4.47779952E-04
3.60876227E-01  2.88213827E-02  4.45413461E-04
3.61174842E-01  2.86275987E-02  4.41208482E-04
3.61473457E-01  2.94641759E-02  4.47610189E-04
3.61772072E-01  2.85081118E-02  4.41575103E-04
3.62070687E-01  2.92697381E-02  4.50197113E-04
3.62369302E-01  2.88097207E-02  4.43436438E-04
3.62667917E-01  2.98178941E-02  4.51010419E-04
3.62966532E-01  2.92635150E-02  4.45384881E-04
3.63265147E-01  2.90099550E-02  4.45097132E-04
3.63563762E-01  2.92441957E-02  4.47010563E-04
3.63862377E-01  2.97949649E-02  4.49533749E-04
3.64160992E-01  2.88029984E-02  4.42338525E-04
3.64459607E-01  2.89832409E-02  4.43956291E-04
3.64758222E-01  2.86230035E-02  4.41190088E-04
3.65056837E-01  2.91099306E-02  4.45635553E-04
3.65355452E-01  2.87822653E-02  4.39180818E-04
3.65654067E-01  3.02448291E-02  4.54001711E-04
3.65952682E-01  2.84666624E-02  4.37224866E-04
3.66251297E-01  2.94539332E-02  4.49220533E-04
3.66549912E-01  3.03723607E-02  4.51861590E-04
3.66848527E-01  2.80625541E-02  4.32089699E-04
3.67147142E-01  2.88841575E-02  4.44740232E-04
3.67445757E-01  2.98311617E-02  4.47238272E-04
3.67744372E-01  2.96303853E-02  4.46898048E-04
3.68042987E-01  2.96143200E-02  4.45845129E-04
3.68341602E-01  2.95984074E-02  4.45959478E-04
3.68640217E-01  2.93164551E-02  4.45932470E-04
3.68938832E-01  2.91140564E-02  4.38761374E-04
3.69237447E-01  2.85089947E-02  4.37565497E-04
3.69536062E-01  2.95898318E-02  4.43819736E-04
3.69834677E-01  3.01080346E-02  4.50378051E-04
3.70133292E-01  2.89274007E-02  4.42737539E-04
3.70431907E-01  2.85023898E-02  4.33800713E-04
3.70730522E-01  2.87588295E-02  4.39027732E-04
3.71029137E-01  2.80422736E-02  4.31062654E-04
3.71327752E-01  2.85240747E-02  4.36666858E-04
3.71626367E-01  2.97526140E-02  4.45510232E-04
3.71924982E-01  2.99397334E-02  4.46563354E-04
3.72223597E-01  2.86295712E-02  4.38847899E-04
3.72522212E-01  2.91056503E-02  4.37592389E-04
3.72820827E-01  2.91039292E-02  4.39608295E-04
3.73119442E-01  2.91058589E-02  4.39737807E-04
3.73418057E-01  2.95470320E-02  4.40902280E-04
3.73716672E-01  2.96005681E-02  4.46702441E-04
3.74015287E-01  2.92020161E-02  4.36874048E-04
3.74313902E-01  2.89455839E-02  4.37066978E-04
3.74612517E-01  2.92011164E-02  4.40123404E-04
3.74911132E-01  2.93493494E-02  4.40559787E-04
3.75209747E-01  3.00771501E-02  4.46679420E-04
3.75508362E-01  2.94504724E-02  4.39070514E-04
3.75806977E-01  2.86070146E-02  4.34287882E-04
3.76105592E-01  2.92910598E-02  4.39338444E-04
3.76404207E-01  2.89320908E-02  4.36863251E-04
3.76702822E-01  2.91859042E-02  4.36877541E-04
3.77001437E-01  2.90931165E-02  4.36516828E-04
3.77300052E-01  2.98683923E-02  4.45251702E-04
3.77598667E-01  2.95059625E-02  4.41520038E-04
3.77897282E-01  2.98284944E-02  4.40660166E-04
3.78195897E-01  2.96151266E-02  4.38417977E-04
3.78494512E-01  2.97087841E-02  4.41793789E-04
3.78793127E-01  2.91842278E-02  4.37097362E-04
3.79091742E-01  2.96594687E-02  4.39749536E-04
3.79390357E-01  2.94909682E-02  4.38167248E-04
3.79688972E-01  2.92017087E-02  4.36235277E-04
3.79987587E-01  2.92156581E-02  4.35569731E-04
3.80286202E-01  2.94227488E-02  4.38219111E-04
3.80584817E-01  2.97101270E-02  4.40355449E-04
3.80883432E-01  2.93417238E-02  4.35853639E-04
3.81182047E-01  2.95266248E-02  4.38551855E-04
3.81480662E-01  2.97372844E-02  4.40226402E-04
3.81779277E-01  2.99046654E-02  4.37931536E-04
3.82077892E-01  2.95552071E-02  4.38879593E-04
3.82376507E-01  2.91553438E-02  4.34912246E-04
3.82675122E-01  2.95843035E-02  4.38876334E-04
3.82973737E-01  2.93211620E-02  4.35164286E-04
3.83272352E-01  2.98108086E-02  4.35949827E-04
3.83570967E-01  2.99325567E-02  4.40565957E-04
3.83869582E-01  2.99462620E-02  4.39342315E-04
3.84168197E-01  3.02740037E-02  4.42628894E-04
3.84466812E-01  3.04370783E-02  4.42046527E-04
3.84765427E-01  3.00157536E-02  4.38431511E-04
3.85064042E-01  2.96080466E-02  4.38842457E-04
3.85362657E-01  3.03799175E-02  4.41635755E-04
3.85661272E-01  3.06202080E-02  4.40316537E-04
3.85959887E-01  3.03588882E-02  4.42924153E-04
3.86258502E-01  3.04179657E-02  4.40055126E-04
3.86557117E-01  3.05219125E-02  4.46587772E-04
3.86855732E-01  3.07434350E-02  4.41860175E-04
3.87154347E-01  3.11764851E-02  4.44743462E-04
3.87452962E-01  3.02348882E-02  4.41915327E-04
3.87751577E-01  3.05757597E-02  4.39359486E-04
3.88050192E-01  3.06357704E-02  4.44838370E-04
3.88348807E-01  3.03367563E-02  4.36466216E-04
3.88647422E-01  3.00929509E-02  4.38252027E-04
3.88946037E-01  3.20276506E-02  4.51227970E-04
3.89244652E-01  3.05656679E-02  4.41683806E-04
3.89543267E-01  3.12387645E-02  4.46632825E-04
3.89841882E-01  3.06314379E-02  4.38802585E-04
3.90140497E-01  3.10046263E-02  4.45844460E-04
3.90439112E-01  3.06853317E-02  4.42443968E-04
3.90737727E-01  3.11795473E-02  4.41210170E-04
3.91036342E-01  3.13559249E-02  4.48033243E-04
3.91334957E-01  3.09641473E-02  4.40327654E-04
3.91633572E-01  3.08903307E-02  4.43925586E-04
3.91932187E-01  3.10246274E-02  4.40653384E-04
3.92230802E-01  3.19497697E-02  4.48486826E-04
3.92529417E-01  3.05911247E-02  4.41774988E-04
3.92828032E-01  3.10050901E-02  4.40198317E-04
3.93126647E-01  3.11704371E-02  4.43530385E-04
3.93425262E-01  3.13906968E-02  4.43576748E-04
3.93723877E-01  3.09463311E-02  4.42587479E-04
3.94022492E-01  3.13181207E-02  4.44911740E-04
3.94321107E-01  3.13999169E-02  4.42999968E-04
3.94619722E-01  3.14306542E-02  4.43433586E-04
3.94918337E-01  3.08978539E-02  4.39340511E-04
3.95216952E-01  3.10073383E-02  4.41298995E-04
3.95515567E-01  3.15086804E-02  4.45288431E-04
3.95814182E-01  3.11258882E-02  4.38523304E-04
3.96112797E-01  3.15271206E-02  4.44661826E-04
3.96411412E-01  3.15923803E-02  4.44258621E-04
3.96710027E-01  3.16944830E-02  4.45518235E-04
3.97008642E-01  3.18855383E-02  4.44702891E-04
3.97307257E-01  3.20466086E-02  4.46471910E-04
3.97605872E-01  3.17615345E-02  4.45668935E-04
3.97904487E-01  3.10747009E-02  4.41899814E-04
3.98203102E-01  3.20427716E-02  4.43884055E-04
3.98501717E-01  3.24315466E-02  4.47640487E-04
3.98800332E-01  3.19273286E-02  4.44896490E-04
3.99098947E-01  3.16910110E-02  4.43675905E-04
3.99397562E-01  3.27975824E-02  4.52779001E-04
3.99696177E-01  3.21573876E-02  4.46501217E-04
3.99994792E-01  3.28913331E-02  4.50270571E-04
4.00293407E-01  3.15592699E-02  4.42438992E-04
4.00592022E-01  3.17604765E-02  4.42571443E-04
4.00890637E-01  3.17824818E-02  4.42620338E-04
4.01189252E-01  3.20172831E-02  4.43829165E-04
4.01487867E-01  3.23511064E-02  4.48069390E-04
4.01786482E-01  3.24065723E-02  4.47807950E-04
4.02085097E-01  3.27377282E-02  4.46248392E-04
4.02383712E-01  3.21498699E-02  4.47867089E-04
4.02682327E-01  3.27708311E-02  4.46161110E-04
4.02980942E-01  3.32145616E-02  4.53253713E-04
4.03279557E-01  3.17432955E-02  4.41304961E-04
4.03578172E-01  3.28377448E-02  4.46410646E-04
4.03876787E-01  3.17221954E-02  4.42640070E-04
4.04175402E-01  3.25661674E-02  4.45193873E-04
4.04474017E-01  3.22874896E-02  4.45822050E-04
4.04772632E-01  3.29934135E-02  4.48319799E-04
4.05071247E-01  3.33588682E-02  4.51331580E-04
4.05369862E-01  3.37286815E-02  4.57972637E-04
4.05668477E-01  3.32058519E-02  4.46088030E-04
4.05967092E-01  3.26447077E-02  4.46267542E-04
4.06265707E-01  3.37410010E-02  4.52950335E-04
4.06564322E-01  3.32007408E-02  4.48781590E-04
4.06862937E-01  3.43723483E-02  4.61218035E-04
4.07161552E-01  3.40405144E-02  4.52828215E-04
4.07460167E-01  3.38248946E-02  4.54486260E-04
4.07758782E-01  3.38240862E-02  4.50547494E-04
4.08057397E-01  3.43101136E-02  4.56011301E-04
4.08356012E-01  3.33004408E-02  4.50954016E-04
4.08654627E-01  3.39928642E-02  4.51675063E-04
4.08953242E-01  3.47475596E-02  4.61417949E-04
4.09251857E-01  3.44559439E-02  4.55701083E-04
4.09550472E-01  3.45910266E-02  4.56808950E-04
4.09849087E-01  3.53664272E-02  4.62118711E-04
4.10147702E-01  3.45576704E-02  4.54784953E-04
4.10446317E-01  3.40489522E-02  4.56221955E-04
4.10744932E-01  3.45478840E-02  4.56637557E-04
4.11043547E-01  3.39356065E-02  4.48701583E-04
4.11342162E-01  3.46347652E-02  4.57107642E-04
4.11640777E-01  3.38811651E-02  4.52958368E-04
4.11939392E-01  3.35448198E-02  4.51130501E-04
4.12238007E-01  3.30626704E-02  4.43205732E-04
4.12536622E-01  3.28076519E-02  4.43752011E-04
4.12835237E-01  3.30238417E-02  4.43562836E-04
4.13133852E-01  3.24571207E-02  4.41481126E-04
4.13432467E-01  3.35657522E-02  4.48541221E-04
4.13731082E-01  3.27353626E-02  4.41523967E-04
4.14029697E-01  3.29175591E-02  4.44710109E-04
4.14328312E-01  3.28654125E-02  4.42915596E-04
4.14626927E-01  3.27913240E-02  4.43652942E-04
4.14925542E-01  3.24274488E-02  4.37331153E-04
4.15224157E-01  3.12586837E-02  4.32358909E-04
4.15522772E-01  3.20688002E-02  4.38640622E-04
4.15821387E-01  3.24022546E-02  4.37868322E-04
4.16120002E-01  3.16074006E-02  4.33262729E-04
4.16418617E-01  3.16260196E-02  4.34293877E-04
4.16717232E-01  3.15451995E-02  4.32939210E-04
4.17015847E-01  3.22079733E-02  4.38986550E-04
4.17314462E-01  3.08528915E-02  4.24077210E-04
4.17613077E-01  3.12810577E-02  4.31227061E-04
4.17911692E-01  3.05252727E-02  4.24617901E-04
4.18210307E-01  3.12532373E-02  4.32739180E-04
4.18508922E-01  3.11786290E-02  4.27867926E-04
4.18807537E-01  3.09111066E-02  4.26127081E-04
4.19106152E-01  3.05628777E-02  4.26255952E-04
4.19404767E-01  3.04911658E-02  4.25462727E-04
4.19703382E-01  3.09363715E-02  4.25144332E-04
4.20001997E-01  3.05181388E-02  4.24190483E-04
4.20300612E-01  3.05540599E-02  4.22896090E-04
4.20599227E-01  3.05543318E-02  4.26302635E-04
4.20897842E-01  3.05191074E-02  4.23427497E-04
4.21196457E-01  3.03532444E-02  4.21126257E-04
4.21495072E-01  3.04994211E-02  4.23971243E-04
4.21793687E-01  3.03465519E-02  4.21561213E-04
4.22092302E-01  3.04446537E-02  4.24565806E-04
4.22390917E-01  3.00811753E-02  4.15952702E-04
4.22689532E-01  3.16335671E-02  4.32283297E-04
4.22988147E-01  3.03346347E-02  4.20625234E-04
4.23286762E-01  3.06925084E-02  4.25710401E-04
4.23585377E-01  2.99910642E-02  4.17955860E-04
4.23883992E-01  3.05542853E-02  4.21008124E-04
4.24182607E-01  3.06110866E-02  4.21590725E-04
4.24481222E-01  2.99206804E-02  4.19178861E-04
4.24779837E-01  3.03801429E-02  4.20569500E-04
4.25078452E-01  3.00101060E-02  4.16405586E-04
4.25377067E-01  3.00935544E-02  4.19914606E-04
4.25675682E-01  3.07572149E-02  4.21371253E-04
4.25974297E-01  3.08111496E-02  4.24991478E-04
4.26272912E-01  3.02254986E-02  4.16319701E-04
4.26571527E-01  2.98560802E-02  4.18355950E-04
4.26870142E-01  3.00807785E-02  4.16624884E-04
4.27168757E-01  3.03203147E-02  4.18939162E-04
4.27467372E-01  3.01520936E-02  4.16376424E-04
4.27765987E-01  3.01417336E-02  4.18837240E-04
4.28064602E-01  3.04856263E-02  4.19425487E-04
4.28363217E-01  3.08884420E-02  4.23327991E-04
4.28661832E-01  3.05718537E-02  4.20492433E-04
4.28960447E-01  3.04071475E-02  4.18702577E-04
4.29259062E-01  3.16139869E-02  4.26360435E-04
4.29557677E-01  3.17336917E-02  4.27741499E-04
4.29856292E-01  3.09804864E-02  4.20851284E-04
4.30154907E-01  3.05273030E-02  4.18693235E-04
4.30453522E-01  3.00989766E-02  4.17237257E-04
4.30752137E-01  3.09124887E-02  4.21799836E-04
4.31050752E-01  3.12885344E-02  4.22663696E-04
4.31349367E-01  3.06208022E-02  4.18873911E-04
4.31647982E-01  3.02159861E-02  4.15912597E-04
4.31946597E-01  3.00268400E-02  4.16838477E-04
4.32245212E-01  3.09878327E-02  4.19983407E-04
4.32543827E-01  2.97017004E-02  4.13281668E-04
4.32842442E-01  3.06476373E-02  4.22174198E-04
4.33141057E-01  2.96832938E-02  4.10962006E-04
4.33439672E-01  2.96362378E-02  4.13292029E-04
4.33738287E-01  2.95840539E-02  4.10731183E-04
4.34036902E-01  2.99230218E-02  4.15197253E-04
4.34335517E-01  2.96783224E-02  4.13036352E-04
4.34634132E-01  2.99695712E-02  4.15523275E-04
4.34932747E-01  2.87181716E-02  4.04682040E-04
4.35231362E-01  2.85110269E-02  4.03489365E-04
4.35529977E-01  2.83975285E-02  4.04935912E-04
4.35828592E-01  2.90457569E-02  4.08892432E-04
4.36127207E-01  2.97652408E-02  4.11544723E-04
4.36425822E-01  2.92656776E-02  4.08800697E-04
4.36724437E-01  2.87114829E-02  4.05272382E-04
4.37023052E-01  2.88860817E-02  4.06684907E-04
4.37321667E-01  2.86074113E-02  4.02402744E-04
4.37620282E-01  2.82701720E-02  4.02956037E-04
4.37918897E-01  2.86265593E-02  4.04678867E-04
4.38217512E-01  2.82006040E-02  4.02373378E-04
4.38516127E-01  2.84885261E-02  4.01925121E-04
4.38814742E-01  2.84728240E-02  3.99798271E-04
4.39113357E-01  2.79390235E-02  3.99618526E-04
4.39411972E-01  2.82913949E-02  4.01954021E-04
4.39710587E-01  2.87363194E-02  4.03498125E-04
4.40009202E-01  2.78283432E-02  3.98565811E-04
4.40307817E-01  2.78601982E-02  3.95309384E-04
4.40606432E-01  2.80114487E-02  3.99878016E-04
4.40905047E-01  2.73348168E-02  3.93888156E-04
4.41203662E-01  2.76805293E-02  3.93951545E-04
4.41502277E-01  2.82447282E-02  4.00041288E-04
4.41800892E-01  2.70737745E-02  3.91061534E-04
4.42099507E-01  2.76073609E-02  3.95157753E-04
4.42398122E-01  2.77555510E-02  3.95179406E-04
4.42696737E-01  2.77622603E-02  3.95315001E-04
4.42995352E-01  2.73414832E-02  3.93168710E-04
4.43293967E-01  2.71800589E-02  3.93130234E-04
4.43592582E-01  2.67712977E-02  3.90250498E-04
4.43891197E-01  2.75339168E-02  3.91984067E-04
4.44189812E-01  2.73208208E-02  3.93891009E-04
4.44488427E-01  2.76774727E-02  3.94547911E-04
4.44787042E-01  2.74991952E-02  3.94743372E-04
4.45085657E-01  2.73066945E-02  3.91899317E-04
4.45384272E-01  2.68828087E-02  3.89442372E-04
4.45682887E-01  2.77855396E-02  3.98730539E-04
4.45981502E-01  2.71188151E-02  3.90128116E-04
4.46280117E-01  2.64822617E-02  3.86365689E-04
4.46578732E-01  2.70647593E-02  3.90849775E-04
4.46877347E-01  2.74270475E-02  3.94236093E-04
4.47175962E-01  2.65065357E-02  3.91456328E-04
4.47474577E-01  2.68910453E-02  3.87735141E-04
4.47773192E-01  2.65579447E-02  3.87263863E-04
4.48071807E-01  2.66710967E-02  3.88089509E-04
4.48370422E-01  2.63072215E-02  3.86536674E-04
4.48669037E-01  2.64120251E-02  3.86287720E-04
4.48967652E-01  2.64334138E-02  3.86022963E-04
4.49266267E-01  2.72064768E-02  3.93265596E-04
4.49564882E-01  2.64284629E-02  3.87774315E-04
4.49863497E-01  2.60114335E-02  3.83101462E-04
4.50162112E-01  2.73826476E-02  3.94454575E-04
4.50460727E-01  2.56156046E-02  3.81600577E-04
4.50759342E-01  2.62754634E-02  3.86571104E-04
4.51057957E-01  2.67224982E-02  3.89332359E-04
4.51356572E-01  2.63018291E-02  3.83733248E-04
4.51655187E-01  2.62146648E-02  3.86640226E-04
4.51953802E-01  2.61324421E-02  3.84591811E-04
4.52252417E-01  2.55795140E-02  3.84317740E-04
4.52551032E-01  2.54436787E-02  3.78745288E-04
4.52849647E-01  2.66202092E-02  3.88254353E-04
4.53148262E-01  2.59125829E-02  3.83060804E-04
4.53446877E-01  2.64606029E-02  3.86667496E-04
4.53745492E-01  2.62594670E-02  3.86043423E-04
4.54044107E-01  2.62159668E-02  3.86491331E-04
4.54342722E-01  2.72373240E-02  3.93341848E-04
4.54641337E-01  2.60743164E-02  3.85704625E-04
4.54939952E-01  2.65427567E-02  3.87785200E-04
4.55238567E-01  2.59365663E-02  3.83080594E-04
4.55537182E-01  2.58068722E-02  3.84748884E-04
4.55835797E-01  2.60466281E-02  3.85505991E-04
4.56134412E-01  2.58638617E-02  3.83136794E-04
4.56433027E-01  2.60860734E-02  3.85204796E-04
4.56731642E-01  2.60341223E-02  3.84060986E-04
4.57030257E-01  2.54080705E-02  3.80925892E-04
4.57328872E-01  2.63535623E-02  3.87008738E-04
4.57627487E-01  2.55980585E-02  3.81254591E-04
4.57926102E-01  2.60983706E-02  3.85218445E-04
4.58224717E-01  2.52647158E-02  3.80361598E-04
4.58523332E-01  2.63378471E-02  3.87070235E-04
4.58821947E-01  2.56233122E-02  3.79531732E-04
4.59120562E-01  2.56947763E-02  3.83675098E-04
4.59419177E-01  2.59240307E-02  3.85213381E-04
4.59717792E-01  2.59642340E-02  3.85427993E-04
4.60016407E-01  2.57245935E-02  3.82376544E-04
4.60315022E-01  2.57080141E-02  3.81666585E-04
4.60613637E-01  2.50507221E-02  3.78256082E-04
4.60912252E-01  2.52072141E-02  3.80619080E-04
4.61210867E-01  2.61177644E-02  3.85378778E-04
4.61509482E-01  2.59099845E-02  3.87884473E-04
4.61808097E-01  2.61583831E-02  3.98541044E-04
4.62106712E-01  2.60024853E-02  3.99047771E-04
4.62405327E-01  2.59503964E-02  4.02295467E-04
4.62703942E-01  2.54151765E-02  3.97646450E-04
4.63002557E-01  2.61755716E-02  4.10954439E-04
4.63301172E-01  2.59185694E-02  4.10373235E-04
4.63599787E-01  2.57493593E-02  4.11214103E-04
4.63898402E-01  2.56629828E-02  4.12419759E-04
4.64197017E-01  2.49717757E-02  4.07353131E-04
4.64495632E-01  2.55847443E-02  4.17518895E-04
4.64794247E-01  2.47093718E-02  4.10967594E-04
4.65092862E-01  2.48016175E-02  4.09678352E-04
4.65391477E-01  2.58872397E-02  4.24837897E-04
4.65690092E-01  2.50302963E-02  4.17635893E-04
4.65988707E-01  2.59104837E-02  4.28638567E-04
4.66287322E-01  2.53355596E-02  4.24208090E-04
4.66585937E-01  2.53133941E-02  4.24491998E-04
4.66884552E-01  2.56298650E-02  4.32421453E-04
4.67183167E-01  2.59744730E-02  4.37179115E-04
4.67481782E-01  2.51161717E-02  4.24601458E-04
4.67780397E-01  2.51854677E-02  4.31230204E-04
4.68079012E-01  2.52706539E-02  4.33451904E-04
4.68377627E-01  2.60920729E-02  4.43002762E-04
4.68676242E-01  2.53153108E-02  4.37381968E-04
4.68974857E-01  2.55497843E-02  4.39404655E-04
4.69273472E-01  2.55760383E-02  4.43811790E-04
4.69572087E-01  2.50952691E-02  4.38316056E-04
4.69870702E-01  2.56994478E-02  4.45417099E-04
4.70169317E-01  2.51058843E-02  4.42501798E-04
4.70467932E-01  2.46566907E-02  4.39458061E-04
4.70766547E-01  2.60243844E-02  4.56217240E-04
4.71065162E-01  2.51212772E-02  4.48094419E-04
4.71363777E-01  2.53987256E-02  4.47524246E-04
4.71662392E-01  2.49055605E-02  4.48257953E-04
4.71961007E-01  2.53628995E-02  4.53777961E-04
4.72259622E-01  2.51836721E-02  4.55482135E-04
4.72558237E-01  2.62578316E-02  4.62446362E-04
4.72856852E-01  2.56595835E-02  4.50514897E-04
4.73155467E-01  2.57476419E-02  4.47869737E-04
4.73454082E-01  2.48895697E-02  4.35121707E-04
4.73752697E-01  2.55149286E-02  4.33829497E-04
4.74051312E-01  2.63566915E-02  4.41181852E-04
4.74349927E-01  2.54746657E-02  4.31155146E-04
4.74648542E-01  2.56937370E-02  4.33129375E-04
4.74947157E-01  2.58464329E-02  4.30176820E-04
4.75245772E-01  2.55610682E-02  4.27086867E-04
4.75544387E-01  2.56688483E-02  4.27162013E-04
4.75843002E-01  2.53828634E-02  4.25716833E-04
4.76141617E-01  2.50466298E-02  4.19194141E-04
4.76440232E-01  2.53552981E-02  4.21885750E-04
4.76738847E-01  2.55400427E-02  4.21818288E-04
4.77037462E-01  2.54632551E-02  4.21413075E-04
4.77336077E-01  2.53569148E-02  4.21446195E-04
4.77634692E-01  2.58467197E-02  4.21737903E-04
4.77933307E-01  2.56814510E-02  4.20950848E-04
4.78231922E-01  2.55059600E-02  4.16955561E-04
4.78530537E-01  2.57505011E-02  4.22992802E-04
4.78829152E-01  2.53883358E-02  4.13708156E-04
4.79127767E-01  2.53585447E-02  4.14878450E-04
4.79426382E-01  2.52919830E-02  4.16643044E-04
4.79724997E-01  2.47662496E-02  4.10440232E-04
4.80023612E-01  2.57124025E-02  4.17220057E-04
4.80322227E-01  2.57402658E-02  4.15706658E-04
4.80620842E-01  2.56516654E-02  4.17058909E-04
4.80919457E-01  2.57067680E-02  4.16198192E-04
4.81218072E-01  2.54449472E-02  4.13643284E-04
4.81516687E-01  2.58757714E-02  4.17895091E-04
4.81815302E-01  2.55570356E-02  4.11248504E-04
4.82113917E-01  2.60252617E-02  4.19653137E-04
4.82412532E-01  2.47357916E-02  4.06050764E-04
4.82711147E-01  2.54245456E-02  4.10607754E-04
4.83009762E-01  2.59961188E-02  4.16377850E-04
4.83308377E-01  2.54747625E-02  4.13037895E-04
4.83606992E-01  2.50752382E-02  4.07364103E-04
4.83905607E-01  2.55503487E-02  4.12478141E-04
4.84204222E-01  2.58762110E-02  4.13081929E-04
4.84502837E-01  2.54698228E-02  4.12470137E-04
4.84801452E-01  2.57643592E-02  4.13036789E-04
4.85100067E-01  2.47915648E-02  4.02490143E-04
4.85398682E-01  2.48860251E-02  4.05522878E-04
4.85697297E-01  2.55209170E-02  4.10454813E-04
4.85995912E-01  2.48489752E-02  4.06161300E-04
4.86294527E-01  2.50734054E-02  4.04778490E-04
4.86593142E-01  2.64356807E-02  4.16581228E-04
4.86891757E-01  2.50740200E-02  4.06540406E-04
4.87190372E-01  2.53831595E-02  4.09459084E-04
4.87488987E-01  2.49116644E-02  4.01853322E-04
4.87787602E-01  2.57076286E-02  4.11335233E-04
4.88086217E-01  2.51482725E-02  4.04880673E-04
4.88384832E-01  2.54073869E-02  4.07891028E-04
4.88683447E-01  2.54779346E-02  4.09498811E-04
4.88982062E-01  2.51642596E-02  4.04300547E-04
4.89280677E-01  2.48272754E-02  4.04136517E-04
4.89579292E-01  2.56903544E-02  4.09333326E-04
4.89877907E-01  2.56063156E-02  4.08149761E-04
4.90176522E-01  2.56464221E-02  4.07445506E-04
4.90475137E-01  2.63359342E-02  4.14136186E-04
4.90773752E-01  2.49633361E-02  4.02896549E-04
4.91072367E-01  2.51442734E-02  4.04763850E-04
4.91370982E-01  2.51222793E-02  4.03469894E-04
4.91669597E-01  2.51005441E-02  4.04007558E-04
4.91968212E-01  2.52153911E-02  4.05750994E-04
4.92266827E-01  2.56795269E-02  4.08953201E-04
4.92565442E-01  2.56619286E-02  4.06564650E-04
4.92864057E-01  2.52332427E-02  4.04470309E-04
4.93162672E-01  2.52574291E-02  4.05379105E-04
4.93461287E-01  2.56740544E-02  4.08710621E-04
4.93759902E-01  2.53051706E-02  4.02532343E-04
4.94058517E-01  2.50290260E-02  4.02231672E-04
4.94357132E-01  2.49293782E-02  4.00630292E-04
4.94655747E-01  2.50725914E-02  4.04923689E-04
4.94954362E-01  2.46064961E-02  3.96158226E-04
4.95252977E-01  2.49402840E-02  4.01324098E-04
4.95551592E-01  2.50651352E-02  4.03542188E-04
4.95850207E-01  2.44652238E-02  3.98084871E-04
4.96148822E-01  2.48797685E-02  3.98753182E-04
4.96447437E-01  2.54833009E-02  4.05879749E-04
4.96746052E-01  2.50981767E-02  4.02098754E-04
4.97044667E-01  2.56110542E-02  4.08849010E-04
4.97343282E-01  2.45081130E-02  3.95086652E-04
4.97641897E-01  2.52234396E-02  4.00220830E-04
4.97940512E-01  2.53539588E-02  4.05365106E-04
4.98239127E-01  2.48296950E-02  3.99751676E-04
4.98537742E-01  2.49164086E-02  4.01251746E-04
4.98836357E-01  2.58212797E-02  4.05942759E-04
4.99134972E-01  2.52036452E-02  4.02756006E-04
4.99433587E-01  2.46303603E-02  3.99347075E-04
4.99732202E-01  2.50474326E-02  4.00413090E-04
5.00030817E-01  2.46472955E-02  3.96712247E-04
5.00329432E-01  2.46352572E-02  3.97601543E-04
5.00628047E-01  2.52386890E-02  4.02443402E-04
5.00926662E-01  2.52778716E-02  4.04977647E-04
5.01225277E-01  2.51512248E-02  3.99276090E-04
5.01523892E-01  2.44648829E-02  3.94082628E-04
5.01822507E-01  2.43946221E-02  3.95369047E-04
5.02121122E-01  2.48454288E-02  3.99901328E-04
5.02419737E-01  2.45604068E-02  3.96910764E-04
5.02718352E-01  2.53821034E-02  4.03297192E-04
5.03016967E-01  2.52608564E-02  4.02234786E-04
5.03315582E-01  2.52064671E-02  4.02903999E-04
5.03614197E-01  2.53051501E-02  4.00510267E-04
5.03912812E-01  2.54092608E-02  4.03220009E-04
5.04211427E-01  2.53922231E-02  4.02190752E-04
5.04510042E-01  2.52334252E-02  4.03026090E-04
5.04808657E-01  2.47877706E-02  3.96110292E-04
5.05107272E-01  2.53139324E-02  4.02569887E-04
5.05405887E-01  2.55849641E-02  4.03125334E-04
5.05704502E-01  2.57620607E-02  4.07639804E-04
5.06003117E-01  2.48825327E-02  3.98439413E-04
5.06301732E-01  2.56995466E-02  4.04729828E-04
5.06600347E-01  2.49920785E-02  3.97652620E-04
5.06898962E-01  2.43206732E-02  3.94897303E-04
5.07197577E-01  2.43012439E-02  3.95626237E-04
5.07496192E-01  2.51803678E-02  3.97887954E-04
5.07794807E-01  2.44986974E-02  3.97630705E-04
5.08093422E-01  2.51410156E-02  4.00022371E-04
5.08392037E-01  2.53685638E-02  4.02624893E-04
5.08690652E-01  2.42991243E-02  3.91921349E-04
5.08989267E-01  2.52117123E-02  4.00589808E-04
5.09287882E-01  2.48487294E-02  3.99076613E-04
5.09586497E-01  2.45196596E-02  3.94862553E-04
5.09885112E-01  2.46678535E-02  3.95763607E-04
5.10183727E-01  2.49707438E-02  3.98678036E-04
5.10482342E-01  2.57605389E-02  4.04139719E-04
5.10780957E-01  2.57348474E-02  4.05135041E-04
5.11079572E-01  2.50874627E-02  3.99220822E-04
5.11378187E-01  2.46805381E-02  3.96069081E-04
5.11676802E-01  2.50764079E-02  4.02214791E-04
5.11975417E-01  2.44659092E-02  3.93283641E-04
5.12274032E-01  2.47157346E-02  3.95870011E-04
5.12572647E-01  2.49683149E-02  3.98182776E-04
5.12871262E-01  2.48313006E-02  3.96603398E-04
5.13169877E-01  2.50419937E-02  4.01147146E-04
5.13468492E-01  2.51924563E-02  3.97632451E-04
5.13767107E-01  2.47011706E-02  3.95180803E-04
5.14065722E-01  2.46239677E-02  3.96902731E-04
5.14364337E-01  2.48770118E-02  3.98248871E-04
5.14662952E-01  2.54971571E-02  4.02291480E-04
5.14961567E-01  2.45970078E-02  3.93968396E-04
5.15260182E-01  2.45378651E-02  3.95823503E-04
5.15558797E-01  2.50289310E-02  3.98390286E-04
5.15857412E-01  2.49860212E-02  3.97757685E-04
5.16156027E-01  2.49061678E-02  3.98002303E-04
5.16454642E-01  2.49500461E-02  3.98550823E-04
5.16753257E-01  2.45301500E-02  3.94214439E-04
5.17051872E-01  2.45775227E-02  3.96154093E-04
5.17350487E-01  2.48342566E-02  3.95492068E-04
5.17649102E-01  2.55826320E-02  4.02489502E-04
5.17947717E-01  2.52357628E-02  3.99362063E-04
5.18246332E-01  2.44566035E-02  3.93439142E-04
5.18544947E-01  2.48875115E-02  3.98161967E-04
5.18843562E-01  2.46247742E-02  3.96349758E-04
5.19142177E-01  2.50158831E-02  3.97528493E-04
5.19440792E-01  2.54774448E-02  4.01082856E-04
5.19739407E-01  2.45279949E-02  3.93925555E-04
5.20038022E-01  2.52883565E-02  4.01959871E-04
5.20336637E-01  2.49527656E-02  3.97228257E-04
5.20635252E-01  2.46942863E-02  3.95070674E-04
5.20933867E-01  2.52118837E-02  3.99484677E-04
5.21232482E-01  2.47021765E-02  3.94944247E-04
5.21531097E-01  2.46361680E-02  3.95969342E-04
5.21829712E-01  2.56422516E-02  4.03677375E-04
5.22128327E-01  2.48383563E-02  3.96716088E-04
5.22426942E-01  2.54818946E-02  3.99965211E-04
5.22725557E-01  2.45200545E-02  3.94459901E-04
5.23024172E-01  2.49173492E-02  3.96865653E-04
5.23322787E-01  2.47230288E-02  3.96190153E-04
5.23621402E-01  2.45764703E-02  3.94145318E-04
5.23920017E-01  2.53105666E-02  4.02160513E-04
5.24218632E-01  2.56590135E-02  4.01461526E-04
5.24517247E-01  2.45026089E-02  3.93365684E-04
5.24815862E-01  2.57843677E-02  4.05112223E-04
5.25114477E-01  2.46311445E-02  3.94110917E-04
5.25413092E-01  2.54999362E-02  4.01985249E-04
5.25711707E-01  2.46359725E-02  3.95506679E-04
5.26010322E-01  2.46679503E-02  3.93643073E-04
5.26308937E-01  2.48245727E-02  3.96243326E-04
5.26607552E-01  2.58936696E-02  4.04588587E-04
5.26906167E-01  2.54332256E-02  4.00585355E-04
5.27204782E-01  2.53581330E-02  4.02459351E-04
5.27503397E-01  2.51294468E-02  3.98578966E-04
5.27802012E-01  2.46486310E-02  3.94845847E-04
5.28100627E-01  2.51073446E-02  3.99385521E-04
5.28399242E-01  2.48092655E-02  3.93352151E-04
5.28697857E-01  2.54451260E-02  4.01770725E-04
5.28996472E-01  2.55099535E-02  4.01594647E-04
5.29295087E-01  2.47821771E-02  3.97189026E-04
5.29593702E-01  2.42741667E-02  3.90605361E-04
5.29892317E-01  2.44758185E-02  3.93087568E-04
5.30190932E-01  2.42537111E-02  3.93033639E-04
5.30489547E-01  2.45065335E-02  3.93530121E-04
5.30788162E-01  2.46378798E-02  3.93815630E-04
5.31086777E-01  2.45366693E-02  3.94064875E-04
5.31385392E-01  2.51387488E-02  3.96933116E-04
5.31684007E-01  2.46188082E-02  3.94824310E-04
5.31982622E-01  2.46829297E-02  3.95243202E-04
5.32281237E-01  2.53226496E-02  4.00236197E-04
5.32579852E-01  2.38801483E-02  3.89338762E-04
5.32878467E-01  2.50767898E-02  3.98194796E-04
5.33177082E-01  2.49089506E-02  3.97640775E-04
5.33475697E-01  2.47408766E-02  3.93506285E-04
5.33774312E-01  2.50099991E-02  3.97184311E-04
5.34072927E-01  2.50246003E-02  3.99945915E-04
5.34371542E-01  2.48339865E-02  3.94538336E-04
5.34670157E-01  2.53126826E-02  3.97554162E-04
5.34968772E-01  2.40425728E-02  3.91155947E-04
5.35267387E-01  2.50616465E-02  3.97603610E-04
5.35566002E-01  2.47754119E-02  3.96978634E-04
5.35864617E-01  2.46915556E-02  3.93319264E-04
5.36163232E-01  2.46902555E-02  3.95715790E-04
5.36461847E-01  2.44775489E-02  3.93623341E-04
5.36760462E-01  2.44642254E-02  3.92749469E-04
5.37059077E-01  2.50472911E-02  3.96727322E-04
5.37357692E-01  2.42536329E-02  3.92980786E-04
5.37656307E-01  2.52383742E-02  3.97565629E-04
5.37954922E-01  2.54355893E-02  4.03841288E-04
5.38253537E-01  2.51660869E-02  3.94522562E-04
5.38552152E-01  2.55629383E-02  4.01385594E-04
5.38850767E-01  2.48445999E-02  3.96967749E-04
5.39149382E-01  2.51168534E-02  3.99334764E-04
5.39447997E-01  2.46875957E-02  3.94459115E-04
5.39746612E-01  2.50127036E-02  3.97729105E-04
5.40045227E-01  2.54393145E-02  3.99838988E-04
5.40343842E-01  2.41527222E-02  3.91602836E-04
5.40642457E-01  2.46341936E-02  3.93656112E-04
5.40941072E-01  2.45049521E-02  3.92242451E-04
5.41239687E-01  2.48749405E-02  3.99188808E-04
5.41538302E-01  2.53058802E-02  3.99771467E-04
5.41836917E-01  2.46201511E-02  3.93935014E-04
5.42135532E-01  2.46494636E-02  3.91508016E-04
5.42434147E-01  2.48139966E-02  3.95872834E-04
5.42732762E-01  2.48525590E-02  3.97348602E-04
5.43031377E-01  2.47440413E-02  3.97754542E-04
5.43329992E-01  2.45123096E-02  3.90612695E-04
5.43628607E-01  2.52317954E-02  3.99199285E-04
5.43927222E-01  2.46416889E-02  3.94988136E-04
5.44225837E-01  2.45767310E-02  3.94759147E-04
5.44524452E-01  2.50142142E-02  3.95361218E-04
5.44823067E-01  2.45360620E-02  3.93953494E-04
5.45121682E-01  2.43249852E-02  3.91778303E-04
5.45420297E-01  2.49490254E-02  3.96967574E-04
5.45718912E-01  2.52494067E-02  3.98283388E-04
5.46017527E-01  2.48368140E-02  3.95884359E-04
5.46316142E-01  2.47582458E-02  3.94682167E-04
5.46614757E-01  2.45404560E-02  3.95453913E-04
5.46913372E-01  2.50544231E-02  3.95503041E-04
5.47211987E-01  2.52855346E-02  3.99549783E-04
5.47510602E-01  2.59046592E-02  4.05106606E-04
5.47809217E-01  2.59045884E-02  4.03627520E-04
5.48107832E-01  2.41770018E-02  3.91945010E-04
5.48406447E-01  2.44823955E-02  3.92586138E-04
5.48705062E-01  2.47900281E-02  3.94088711E-04
5.49003677E-01  2.54218336E-02  4.02508304E-04
5.49302292E-01  2.38364972E-02  3.85413325E-04
5.49600907E-01  2.47141980E-02  3.95896175E-04
5.49899522E-01  2.45515630E-02  3.93341412E-04
5.50198137E-01  2.51779780E-02  3.99499491E-04
5.50496752E-01  2.51073409E-02  3.97578726E-04
5.50795367E-01  2.52177566E-02  3.97487544E-04
5.51093982E-01  2.42547616E-02  3.91154957E-04
5.51392597E-01  2.48868838E-02  3.97288532E-04
5.51691212E-01  2.48496942E-02  3.95637588E-04
5.51989827E-01  2.46243756E-02  3.93650058E-04
5.52288442E-01  2.52532773E-02  3.96816962E-04
5.52587057E-01  2.44388413E-02  3.91786976E-04
5.52885672E-01  2.42176484E-02  3.90201400E-04
5.53184287E-01  2.51480155E-02  3.95994895E-04
5.53482902E-01  2.48897802E-02  3.94529518E-04
5.53781517E-01  2.45277360E-02  3.92506568E-04
5.54080132E-01  2.51006763E-02  3.96777352E-04
5.54378747E-01  2.52305716E-02  3.94564995E-04
5.54677362E-01  2.50689518E-02  3.95191135E-04
5.54975977E-01  2.47188117E-02  3.93753435E-04
5.55274592E-01  2.55988613E-02  3.99446202E-04
5.55573207E-01  2.52817422E-02  3.92638001E-04
5.55871822E-01  2.52238028E-02  3.95087671E-04
5.56170437E-01  2.42190361E-02  3.88163462E-04
5.56469052E-01  2.52318066E-02  3.96675518E-04
5.56767667E-01  2.41218079E-02  3.85813153E-04
5.57066282E-01  2.45997459E-02  3.90177331E-04
5.57364897E-01  2.44227070E-02  3.86012165E-04
5.57663512E-01  2.51771100E-02  3.94356292E-04
5.57962127E-01  2.52494495E-02  3.93610768E-04
5.58260742E-01  2.45759655E-02  3.86317144E-04
5.58559357E-01  2.48021353E-02  3.92352405E-04
5.58857972E-01  2.47249864E-02  3.91180918E-04
5.59156587E-01  2.55787093E-02  3.94125411E-04
5.59455202E-01  2.49364208E-02  3.91451613E-04
5.59753817E-01  2.39471551E-02  3.81800724E-04
5.60052432E-01  2.45964229E-02  3.88224784E-04
5.60351047E-01  2.55178325E-02  3.94312403E-04
5.60649662E-01  2.49405988E-02  3.88277549E-04
5.60948277E-01  2.48645451E-02  3.88413697E-04
5.61246892E-01  2.55735740E-02  3.94655799E-04
5.61545507E-01  2.46454533E-02  3.86884029E-04
5.61844122E-01  2.44918503E-02  3.83434788E-04
5.62142737E-01  2.44557597E-02  3.86486325E-04
5.62441352E-01  2.41746642E-02  3.81567836E-04
5.62739967E-01  2.44792830E-02  3.83520150E-04
5.63038582E-01  2.48639993E-02  3.87696287E-04
5.63337197E-01  2.48888265E-02  3.86629108E-04
5.63635812E-01  2.45077796E-02  3.86633066E-04
5.63934427E-01  2.52454355E-02  3.88851768E-04
5.64233042E-01  2.45987419E-02  3.82955477E-04
5.64531657E-01  2.45263185E-02  3.84257059E-04
5.64830272E-01  2.46492494E-02  3.84862738E-04
5.65128887E-01  2.51525845E-02  3.89226479E-04
5.65427502E-01  2.50785314E-02  3.86235159E-04
5.65726117E-01  2.48695966E-02  3.85958003E-04
5.66024732E-01  2.52483673E-02  3.88528395E-04
5.66323347E-01  2.47502960E-02  3.85035033E-04
5.66621962E-01  2.50761081E-02  3.84198211E-04
5.66920577E-01  2.47398689E-02  3.84779705E-04
5.67219192E-01  2.53368206E-02  3.90028086E-04
5.67517807E-01  2.45277788E-02  3.83574457E-04
5.67816422E-01  2.42742412E-02  3.76900134E-04
5.68115037E-01  2.51423195E-02  3.86211206E-04
5.68413652E-01  2.46176105E-02  3.82600672E-04
5.68712267E-01  2.44632531E-02  3.81401187E-04
5.69010882E-01  2.52341386E-02  3.86302185E-04
5.69309497E-01  2.49551758E-02  3.84426559E-04
5.69608112E-01  2.47623455E-02  3.83555220E-04
5.69906727E-01  2.50818692E-02  3.84964835E-04
5.70205342E-01  2.56160684E-02  3.87455715E-04
5.70503957E-01  2.43377276E-02  3.80695477E-04
5.70802572E-01  2.45412663E-02  3.81322054E-04
5.71101187E-01  2.48741731E-02  3.84872081E-04
5.71399802E-01  2.50377916E-02  3.84197803E-04
5.71698417E-01  2.54730098E-02  3.88143933E-04
5.71997032E-01  2.49919854E-02  3.86232918E-04
5.72295647E-01  2.49883290E-02  3.85762018E-04
5.72594262E-01  2.47832909E-02  3.82596714E-04
5.72892877E-01  2.55152322E-02  3.85489810E-04
5.73191492E-01  2.44438406E-02  3.81191203E-04
5.73490107E-01  2.52854731E-02  3.88593617E-04
5.73788722E-01  2.49433499E-02  3.83925653E-04
5.74087337E-01  2.53365394E-02  3.88006214E-04
5.74385952E-01  2.46472191E-02  3.83663690E-04
5.74684567E-01  2.46931203E-02  3.83403967E-04
5.74983182E-01  2.49999724E-02  3.83843493E-04
5.75281797E-01  2.52570771E-02  3.84764367E-04
5.75580412E-01  2.47393977E-02  3.84122483E-04
5.75879027E-01  2.46640258E-02  3.82307597E-04
5.76177642E-01  2.46722419E-02  3.82987491E-04
5.76476257E-01  2.54255999E-02  3.87107109E-04
5.76774872E-01  2.47008409E-02  3.83477629E-04
5.77073487E-01  2.50534974E-02  3.85941181E-04
5.77372102E-01  2.46562753E-02  3.83665232E-04
5.77670717E-01  2.52206512E-02  3.85463878E-04
5.77969332E-01  2.49671973E-02  3.84840096E-04
5.78267947E-01  2.49512997E-02  3.85604159E-04
5.78566562E-01  2.60236003E-02  3.92901391E-04
5.78865177E-01  2.54052021E-02  3.86527856E-04
5.79163792E-01  2.48293579E-02  3.84224666E-04
5.79462407E-01  2.49087084E-02  3.84487037E-04
5.79761022E-01  2.38903854E-02  3.78023775E-04
5.80059637E-01  2.52550654E-02  3.84867715E-04
5.80358252E-01  2.51339711E-02  3.86493572E-04
5.80656867E-01  2.56263167E-02  3.91161710E-04
5.80955482E-01  2.54773088E-02  3.90024827E-04


### HEADER:
#
#{
#    "analysis": {},
#    "calibration_params": {
#        "Beam_Center_X": 1061.0,
#        "Beam_Center_Y": 2093.0,
#        "Detector Tilt": 0.0,
#        "Detector Tilt Plane Rotation": 0.0,
#        "Detector_X_Pixel_Size": 75.0,
#        "Detector_Y_Pixel_Size": 75.0,
#        "Integration Method": "nosplit_csr",
#        "Radial_Average_Method": "pyFAI",
#        "Sample-to-detector distance (mm)": 1782.0,
#        "Wavelength (A)": 0.8823505857220345
#    },
#    "config_file": "/Users/jwinnikoff/Documents/MBARI/SAXS/HPSAXS_7A_Feb2023/HPSAXS_02_19_23.cfg",
#    "counters": {
#        "Epoch": "77.673",
#        "I1": "0",
#        "I2": "0",
#        "I3": "0",
#        "Seconds": "1",
#        "Time": "2.31266e-05",
#        "date": "Sun Feb 19 17:25:56 2023",
#        "diode": "60566"
#    },
#    "filename": "JWL0318_35C_030MPa_up_1_data_000001_00001.h5",
#    "history": {},
#    "imageHeader": {},
#    "load_path": "/Users/jwinnikoff/Documents/MBARI/SAXS/HPSAXS_7A_Feb2023/JWL0318_SOPPE_DOPE_TS-/JWL0318_35C_030MPa_up_1_data_000001.h5",
#    "normalizations": {
#        "Absolute_scale": {
#            "Absolute_scale_factor": 0.005174693841759343,
#            "Method": "Water"
#        },
#        "Counter_norms": [
#            [
#                "/",
#                "diode/150000"
#            ]
#        ],
#        "Polarization": {
#            "Used": false
#        },
#        "Solid_Angle_Correction": "On"
#    },
#    "raw_version": "2.1.4"
#}

