### DATA:
#
# 1908
#      Q             I(Q)           Error     
1.14966775E-02  0.00000000E+00  0.00000000E+00
1.17952925E-02  4.44286019E-01  3.04419771E-02
1.20939075E-02  4.57844138E-01  2.18517091E-02
1.23925225E-02  4.38028663E-01  1.74514800E-02
1.26911375E-02  3.79134148E-01  1.52510116E-02
1.29897525E-02  3.62127036E-01  1.44850807E-02
1.32883675E-02  3.51920694E-01  1.37192970E-02
1.35869825E-02  3.25490028E-01  1.25654032E-02
1.38855975E-02  3.10749561E-01  1.15013570E-02
1.41842125E-02  3.16428453E-01  1.18503384E-02
1.44828275E-02  3.23741943E-01  1.18609872E-02
1.47814425E-02  2.74024040E-01  1.05864732E-02
1.50800575E-02  2.96570688E-01  1.06053464E-02
1.53786725E-02  2.59049833E-01  9.33550857E-03
1.56772875E-02  2.46883333E-01  9.18804668E-03
1.59759025E-02  2.52388686E-01  8.67217872E-03
1.62745175E-02  2.51751423E-01  8.54008272E-03
1.65731325E-02  2.08883807E-01  7.88943190E-03
1.68717475E-02  2.15119898E-01  7.35264691E-03
1.71703625E-02  2.03301772E-01  7.51938764E-03
1.74689775E-02  2.08111942E-01  7.02343788E-03
1.77675925E-02  2.03314111E-01  6.82662008E-03
1.80662075E-02  1.92197233E-01  6.90838695E-03
1.83648225E-02  1.90936610E-01  6.18829112E-03
1.86634375E-02  2.05731943E-01  6.72096945E-03
1.89620525E-02  1.78565517E-01  5.89997042E-03
1.92606675E-02  1.74691126E-01  5.91918267E-03
1.95592825E-02  1.67891666E-01  5.85945975E-03
1.98578975E-02  1.53021902E-01  5.17900661E-03
2.01565125E-02  1.43755645E-01  5.19749662E-03
2.04551275E-02  1.64055094E-01  5.21138217E-03
2.07537425E-02  1.60706639E-01  5.03933616E-03
2.10523575E-02  1.53621405E-01  4.65305801E-03
2.13509725E-02  1.53832868E-01  4.37032245E-03
2.16495875E-02  1.37741491E-01  4.12318343E-03
2.19482025E-02  1.36375725E-01  3.79996118E-03
2.22468175E-02  1.33843437E-01  3.93827539E-03
2.25454325E-02  1.35581717E-01  3.63527751E-03
2.28440475E-02  1.31798580E-01  3.67099885E-03
2.31426625E-02  1.30676687E-01  3.52793909E-03
2.34412775E-02  1.21808067E-01  3.27422121E-03
2.37398925E-02  1.16240181E-01  3.31979338E-03
2.40385075E-02  1.20796561E-01  3.18106078E-03
2.43371225E-02  1.16608106E-01  3.12542543E-03
2.46357375E-02  1.12602100E-01  3.15472693E-03
2.49343525E-02  1.11326829E-01  2.98280106E-03
2.52329675E-02  1.17055744E-01  3.20971827E-03
2.55315825E-02  1.02671720E-01  2.81636114E-03
2.58301975E-02  1.04216002E-01  2.85335933E-03
2.61288125E-02  9.87040028E-02  2.86973896E-03
2.64274275E-02  9.98296887E-02  2.70304037E-03
2.67260425E-02  9.95056555E-02  2.84185912E-03
2.70246575E-02  9.70328674E-02  2.62827589E-03
2.73232725E-02  9.53440145E-02  2.68921675E-03
2.76218875E-02  9.45290178E-02  2.71751825E-03
2.79205025E-02  9.13300887E-02  2.57191318E-03
2.82191175E-02  9.07721967E-02  2.55518965E-03
2.85177325E-02  8.70512053E-02  2.46021245E-03
2.88163475E-02  8.75039324E-02  2.54410598E-03
2.91149625E-02  8.81098136E-02  2.47926312E-03
2.94135775E-02  8.42537805E-02  2.39651510E-03
2.97121925E-02  8.18419531E-02  2.38150242E-03
3.00108075E-02  7.94843286E-02  2.26912927E-03
3.03094225E-02  8.09611231E-02  2.39262031E-03
3.06080375E-02  7.72113726E-02  2.26116367E-03
3.09066525E-02  7.71911815E-02  2.22924654E-03
3.12052675E-02  7.18097165E-02  2.21609604E-03
3.15038825E-02  7.34763816E-02  2.14535301E-03
3.18024975E-02  7.56866559E-02  2.21083080E-03
3.21011125E-02  7.00743124E-02  2.05834000E-03
3.23997275E-02  6.75054193E-02  1.96682638E-03
3.26983425E-02  7.13753179E-02  2.03929469E-03
3.29969575E-02  6.84032291E-02  1.88631297E-03
3.32955725E-02  6.94956407E-02  1.90131622E-03
3.35941875E-02  6.86316714E-02  1.80173479E-03
3.38928025E-02  6.89454153E-02  1.85931951E-03
3.41914175E-02  6.96562901E-02  1.81308086E-03
3.44900325E-02  6.70006946E-02  1.76623673E-03
3.47886474E-02  6.85115457E-02  1.75497646E-03
3.50872624E-02  6.76841214E-02  1.71146647E-03
3.53858774E-02  6.72282800E-02  1.75944448E-03
3.56844924E-02  6.86650723E-02  1.70969521E-03
3.59831074E-02  6.55398890E-02  1.64209318E-03
3.62817224E-02  6.67236075E-02  1.69752142E-03
3.65803374E-02  6.65547699E-02  1.64345279E-03
3.68789524E-02  6.58736005E-02  1.69017829E-03
3.71775674E-02  6.39021918E-02  1.62626803E-03
3.74761824E-02  6.50088042E-02  1.59654045E-03
3.77747974E-02  6.53485656E-02  1.60828314E-03
3.80734124E-02  6.30763993E-02  1.55519170E-03
3.83720274E-02  6.15145452E-02  1.58618530E-03
3.86706424E-02  6.07964247E-02  1.50217698E-03
3.89692574E-02  6.50969148E-02  1.60063629E-03
3.92678724E-02  6.42164722E-02  1.60191138E-03
3.95664874E-02  6.45081848E-02  1.54735486E-03
3.98651024E-02  6.01984970E-02  1.49610545E-03
4.01637174E-02  6.27940074E-02  1.50278234E-03
4.04623324E-02  6.40434399E-02  1.57141115E-03
4.07609474E-02  5.94547801E-02  1.46102160E-03
4.10595624E-02  6.48960695E-02  1.55755563E-03
4.13581774E-02  6.39834404E-02  1.51825987E-03
4.16567924E-02  6.43080920E-02  1.49150915E-03
4.19554074E-02  6.45180643E-02  1.53657992E-03
4.22540224E-02  6.37313947E-02  1.51526823E-03
4.25526374E-02  6.55234605E-02  1.51562644E-03
4.28512524E-02  6.57905117E-02  1.52384327E-03
4.31498674E-02  6.70609027E-02  1.52058108E-03
4.34484824E-02  6.81143999E-02  1.58021459E-03
4.37470974E-02  6.66432083E-02  1.49618415E-03
4.40457124E-02  7.12957680E-02  1.55506097E-03
4.43443274E-02  7.10354820E-02  1.58208597E-03
4.46429424E-02  7.22505227E-02  1.56037358E-03
4.49415574E-02  7.62221217E-02  1.65426871E-03
4.52401724E-02  7.72070363E-02  1.59130583E-03
4.55387874E-02  7.58534223E-02  1.60269602E-03
4.58374024E-02  7.89350346E-02  1.63492805E-03
4.61360174E-02  7.93261826E-02  1.61554082E-03
4.64346324E-02  8.47726241E-02  1.70261855E-03
4.67332474E-02  8.60384852E-02  1.66166842E-03
4.70318624E-02  8.65697786E-02  1.71635742E-03
4.73304774E-02  9.38690752E-02  1.77713495E-03
4.76290924E-02  9.83989835E-02  1.78114127E-03
4.79277074E-02  1.01910613E-01  1.80154212E-03
4.82263224E-02  1.04299232E-01  1.81013963E-03
4.85249374E-02  1.09906457E-01  1.91525824E-03
4.88235524E-02  1.18428253E-01  1.93910312E-03
4.91221674E-02  1.23214573E-01  1.96596747E-03
4.94207824E-02  1.38008714E-01  2.10290216E-03
4.97193974E-02  1.44814327E-01  2.11548712E-03
5.00180124E-02  1.56433344E-01  2.25980487E-03
5.03166274E-02  1.72703326E-01  2.30681570E-03
5.06152424E-02  1.84919342E-01  2.39409134E-03
5.09138574E-02  2.00789511E-01  2.52490537E-03
5.12124724E-02  2.24192649E-01  2.59777508E-03
5.15110874E-02  2.37598762E-01  2.72186566E-03
5.18097024E-02  2.57920057E-01  2.79441453E-03
5.21083174E-02  2.74924487E-01  2.88088387E-03
5.24069324E-02  2.85057902E-01  2.93562282E-03
5.27055474E-02  2.94488877E-01  2.96451966E-03
5.30041624E-02  3.04905266E-01  3.07421060E-03
5.33027774E-02  3.12576979E-01  3.04118474E-03
5.36013924E-02  3.09640557E-01  3.04418895E-03
5.39000074E-02  3.09865177E-01  2.99418089E-03
5.41986224E-02  3.18472117E-01  3.09619703E-03
5.44972374E-02  3.18595499E-01  3.05734691E-03
5.47958524E-02  3.28556389E-01  3.08316830E-03
5.50944674E-02  3.28601718E-01  3.13152908E-03
5.53930824E-02  3.41526866E-01  3.12186475E-03
5.56916974E-02  3.36192816E-01  3.08058038E-03
5.59903124E-02  3.41091663E-01  3.16791260E-03
5.62889274E-02  3.46715629E-01  3.12419818E-03
5.65875424E-02  3.55180919E-01  3.21908901E-03
5.68861574E-02  3.63156915E-01  3.19741829E-03
5.71847724E-02  3.70321244E-01  3.20723653E-03
5.74833874E-02  3.87266487E-01  3.31530231E-03
5.77820024E-02  3.82829845E-01  3.25662293E-03
5.80806174E-02  3.92305285E-01  3.37842898E-03
5.83792324E-02  3.93833548E-01  3.26431217E-03
5.86778474E-02  3.96517754E-01  3.32762022E-03
5.89764624E-02  3.91984433E-01  3.34455771E-03
5.92750774E-02  3.93145740E-01  3.21388058E-03
5.95736924E-02  3.80238235E-01  3.25859967E-03
5.98723074E-02  3.72625917E-01  3.15886782E-03
6.01709224E-02  3.62884432E-01  3.11331125E-03
6.04695374E-02  3.56780827E-01  3.13557312E-03
6.07681524E-02  3.49720180E-01  3.07209720E-03
6.10667674E-02  3.42470199E-01  3.05594294E-03
6.13653824E-02  3.36428195E-01  2.96002068E-03
6.16639974E-02  3.18947911E-01  2.91876704E-03
6.19626124E-02  3.18963766E-01  2.92258547E-03
6.22612274E-02  3.09379399E-01  2.82446994E-03
6.25598424E-02  3.08847904E-01  2.88328296E-03
6.28584574E-02  2.90124685E-01  2.74879322E-03
6.31570724E-02  2.88208723E-01  2.76396447E-03
6.34556874E-02  2.80530125E-01  2.65372382E-03
6.37543024E-02  2.75678754E-01  2.66620866E-03
6.40529174E-02  2.78163582E-01  2.71537458E-03
6.43515324E-02  2.73334771E-01  2.64020730E-03
6.46501474E-02  2.71485567E-01  2.68771243E-03
6.49487624E-02  2.72797883E-01  2.59513455E-03
6.52473774E-02  2.75385797E-01  2.62928847E-03
6.55459924E-02  2.77454704E-01  2.66820379E-03
6.58446074E-02  2.76967973E-01  2.63683358E-03
6.61432224E-02  2.83485323E-01  2.69704848E-03
6.64418374E-02  2.87664086E-01  2.64928536E-03
6.67404524E-02  2.91830868E-01  2.70341267E-03
6.70390674E-02  2.98024148E-01  2.74516363E-03
6.73376824E-02  3.00185621E-01  2.68290355E-03
6.76362974E-02  3.01443607E-01  2.75420188E-03
6.79349124E-02  3.10464650E-01  2.73317099E-03
6.82335274E-02  3.21776181E-01  2.80197617E-03
6.85321424E-02  3.34605426E-01  2.89130607E-03
6.88307574E-02  3.56275141E-01  2.92451540E-03
6.91293724E-02  3.66620481E-01  3.01207579E-03
6.94279874E-02  3.87432486E-01  3.02202441E-03
6.97266024E-02  4.03589040E-01  3.13803996E-03
7.00252174E-02  4.37057942E-01  3.23915505E-03
7.03238324E-02  4.68969494E-01  3.32862092E-03
7.06224474E-02  4.97608602E-01  3.48037621E-03
7.09210624E-02  5.05779028E-01  3.46464617E-03
7.12196774E-02  5.02732456E-01  3.44636524E-03
7.15182924E-02  4.80561942E-01  3.29569727E-03
7.18169074E-02  4.67752725E-01  3.33947269E-03
7.21155224E-02  4.55332726E-01  3.28360195E-03
7.24141374E-02  4.36900496E-01  3.19835544E-03
7.27127524E-02  4.20435846E-01  3.12352227E-03
7.30113674E-02  4.00622368E-01  3.02556902E-03
7.33099824E-02  3.86115253E-01  2.98668724E-03
7.36085974E-02  3.71371806E-01  2.93889246E-03
7.39072124E-02  3.45642328E-01  2.78300722E-03
7.42058274E-02  3.37246478E-01  2.80688074E-03
7.45044424E-02  3.09770107E-01  2.64317030E-03
7.48030574E-02  2.95722067E-01  2.59945961E-03
7.51016724E-02  2.67032236E-01  2.46744882E-03
7.54002874E-02  2.39901051E-01  2.30132160E-03
7.56989024E-02  2.29549974E-01  2.29023839E-03
7.59975174E-02  2.15654865E-01  2.18424574E-03
7.62961324E-02  2.12605417E-01  2.17568176E-03
7.65947474E-02  2.04306334E-01  2.12600059E-03
7.68933624E-02  2.00195968E-01  2.10674247E-03
7.71919774E-02  1.97680190E-01  2.11607316E-03
7.74905924E-02  1.94864735E-01  2.05462566E-03
7.77892074E-02  1.93353266E-01  2.05951510E-03
7.80878224E-02  1.89356059E-01  2.02118536E-03
7.83864374E-02  1.88749179E-01  2.01482233E-03
7.86850524E-02  1.88826531E-01  2.04823189E-03
7.89836674E-02  1.86092243E-01  2.00785184E-03
7.92822824E-02  1.87632769E-01  1.99960405E-03
7.95808974E-02  1.87509790E-01  1.98082323E-03
7.98795124E-02  1.88566059E-01  2.02536862E-03
8.01781274E-02  1.83358863E-01  2.01408146E-03
8.04767424E-02  1.83559790E-01  1.96379609E-03
8.07753574E-02  1.85403407E-01  1.99381541E-03
8.10739724E-02  1.85036466E-01  1.96969952E-03
8.13725874E-02  1.88116089E-01  1.97808840E-03
8.16712024E-02  1.86817393E-01  2.00346857E-03
8.19698174E-02  1.86661780E-01  1.95107365E-03
8.22684324E-02  1.86721236E-01  1.99272088E-03
8.25670474E-02  1.84026986E-01  1.95452920E-03
8.28656624E-02  1.84584975E-01  1.97126996E-03
8.31642774E-02  1.84201702E-01  1.94198010E-03
8.34628924E-02  1.86964363E-01  1.95841305E-03
8.37615074E-02  1.86919183E-01  1.98771479E-03
8.40601224E-02  1.88738152E-01  1.95617718E-03
8.43587374E-02  1.87090933E-01  1.95523887E-03
8.46573524E-02  1.88838005E-01  1.95479859E-03
8.49559674E-02  1.89099222E-01  1.96956983E-03
8.52545824E-02  1.92379400E-01  1.99049851E-03
8.55531974E-02  1.90874875E-01  1.95024279E-03
8.58518124E-02  1.87102735E-01  1.94016495E-03
8.61504274E-02  1.90268919E-01  1.93608424E-03
8.64490424E-02  1.93364620E-01  1.98387913E-03
8.67476574E-02  1.91477850E-01  1.97033724E-03
8.70462724E-02  1.90571770E-01  1.93307083E-03
8.73448874E-02  1.89679220E-01  1.94320607E-03
8.76435024E-02  1.94774806E-01  1.94969878E-03
8.79421174E-02  1.97242782E-01  1.99397956E-03
8.82407324E-02  1.98850676E-01  1.99439889E-03
8.85393474E-02  1.98891133E-01  1.96652208E-03
8.88379624E-02  1.97678119E-01  1.97530026E-03
8.91365774E-02  2.01306954E-01  1.96746131E-03
8.94351924E-02  1.99382573E-01  1.97263504E-03
8.97338074E-02  2.01936692E-01  1.97418174E-03
9.00324224E-02  2.05409631E-01  1.98558439E-03
9.03310374E-02  2.01078102E-01  1.98659254E-03
9.06296524E-02  2.09401146E-01  2.00294470E-03
9.09282674E-02  2.06856683E-01  1.98891456E-03
9.12268824E-02  2.07911462E-01  1.99033529E-03
9.15254974E-02  2.09865317E-01  1.99240213E-03
9.18241124E-02  2.10817978E-01  2.02653394E-03
9.21227274E-02  2.10223734E-01  2.00504274E-03
9.24213424E-02  2.16305956E-01  1.99932209E-03
9.27199574E-02  2.11854219E-01  1.99640496E-03
9.30185724E-02  2.15831265E-01  2.01870222E-03
9.33171874E-02  2.14821860E-01  2.03433074E-03
9.36158024E-02  2.16473371E-01  1.97234587E-03
9.39144174E-02  2.18001753E-01  2.03067088E-03
9.42130324E-02  2.21961856E-01  2.03797757E-03
9.45116474E-02  2.25256205E-01  2.04390218E-03
9.48102624E-02  2.25330770E-01  2.05338863E-03
9.51088774E-02  2.28153810E-01  2.02661334E-03
9.54074924E-02  2.29596734E-01  2.05984712E-03
9.57061074E-02  2.29302511E-01  2.05308036E-03
9.60047224E-02  2.28713259E-01  2.05225148E-03
9.63033374E-02  2.34111860E-01  2.05646316E-03
9.66019524E-02  2.35620931E-01  2.07388378E-03
9.69005674E-02  2.39057690E-01  2.08349410E-03
9.71991824E-02  2.45620012E-01  2.10640649E-03
9.74977974E-02  2.39876419E-01  2.07446259E-03
9.77964124E-02  2.46576652E-01  2.09604017E-03
9.80950274E-02  2.48367071E-01  2.11815862E-03
9.83936424E-02  2.51294732E-01  2.13153078E-03
9.86922574E-02  2.54614562E-01  2.14370922E-03
9.89908724E-02  2.57581562E-01  2.13322183E-03
9.92894874E-02  2.60999411E-01  2.14099418E-03
9.95881024E-02  2.61904329E-01  2.16206349E-03
9.98867174E-02  2.61732638E-01  2.16879020E-03
1.00185332E-01  2.66792208E-01  2.14044238E-03
1.00483947E-01  2.71417648E-01  2.19349330E-03
1.00782562E-01  2.69458890E-01  2.15912843E-03
1.01081177E-01  2.73783237E-01  2.19837087E-03
1.01379792E-01  2.84047991E-01  2.23072805E-03
1.01678407E-01  2.80483156E-01  2.19288142E-03
1.01977022E-01  2.82472312E-01  2.22453638E-03
1.02275637E-01  2.89392740E-01  2.25162343E-03
1.02574252E-01  2.95374781E-01  2.26528803E-03
1.02872867E-01  2.95170099E-01  2.24038423E-03
1.03171482E-01  3.01650941E-01  2.26300443E-03
1.03470097E-01  2.99894214E-01  2.26008822E-03
1.03768712E-01  3.07044148E-01  2.30768975E-03
1.04067327E-01  3.09563071E-01  2.27589137E-03
1.04365942E-01  3.13302249E-01  2.31574383E-03
1.04664557E-01  3.17659885E-01  2.32988433E-03
1.04963172E-01  3.18602860E-01  2.31633079E-03
1.05261787E-01  3.23521376E-01  2.33981642E-03
1.05560402E-01  3.27381223E-01  2.32930435E-03
1.05859017E-01  3.34763527E-01  2.38593947E-03
1.06157632E-01  3.31814736E-01  2.36007222E-03
1.06456247E-01  3.41853589E-01  2.39550974E-03
1.06754862E-01  3.43665212E-01  2.37338082E-03
1.07053477E-01  3.48803878E-01  2.40623066E-03
1.07352092E-01  3.49866897E-01  2.40989681E-03
1.07650707E-01  3.53816807E-01  2.42539472E-03
1.07949322E-01  3.55941713E-01  2.42880173E-03
1.08247937E-01  3.55956972E-01  2.42692931E-03
1.08546552E-01  3.63523245E-01  2.46237242E-03
1.08845167E-01  3.63705873E-01  2.42266082E-03
1.09143782E-01  3.63540083E-01  2.45070830E-03
1.09442397E-01  3.70315671E-01  2.44269217E-03
1.09741012E-01  3.71726573E-01  2.45493790E-03
1.10039627E-01  3.74630749E-01  2.48388690E-03
1.10338242E-01  3.75163823E-01  2.47010821E-03
1.10636857E-01  3.81236285E-01  2.45953770E-03
1.10935472E-01  3.78915310E-01  2.45017931E-03
1.11234087E-01  3.84206414E-01  2.49002175E-03
1.11532702E-01  3.86030734E-01  2.49400083E-03
1.11831317E-01  3.93268406E-01  2.50377716E-03
1.12129932E-01  3.89720589E-01  2.49723415E-03
1.12428547E-01  3.99480075E-01  2.52734264E-03
1.12727162E-01  3.99836153E-01  2.51788180E-03
1.13025777E-01  4.02502805E-01  2.52339221E-03
1.13324392E-01  3.99662137E-01  2.51067057E-03
1.13623007E-01  4.01689708E-01  2.52276054E-03
1.13921622E-01  4.08648640E-01  2.54645571E-03
1.14220237E-01  4.10047024E-01  2.52596242E-03
1.14518852E-01  4.13120091E-01  2.51486758E-03
1.14817467E-01  4.12763983E-01  2.54957774E-03
1.15116082E-01  4.19344574E-01  2.56788637E-03
1.15414697E-01  4.18283284E-01  2.55311956E-03
1.15713312E-01  4.26322252E-01  2.55287369E-03
1.16011927E-01  4.26204681E-01  2.56192568E-03
1.16310542E-01  4.20078814E-01  2.56627914E-03
1.16609157E-01  4.27179217E-01  2.55919853E-03
1.16907772E-01  4.26357120E-01  2.56618229E-03
1.17206387E-01  4.25948083E-01  2.55457498E-03
1.17505002E-01  4.27295506E-01  2.54279491E-03
1.17803617E-01  4.29822624E-01  2.57850764E-03
1.18102232E-01  4.29724038E-01  2.55372259E-03
1.18400847E-01  4.28619534E-01  2.55415915E-03
1.18699462E-01  4.30829257E-01  2.55515217E-03
1.18998077E-01  4.28661585E-01  2.52499222E-03
1.19296692E-01  4.31677580E-01  2.58216565E-03
1.19595307E-01  4.31971222E-01  2.53653503E-03
1.19893922E-01  4.28187191E-01  2.52001290E-03
1.20192537E-01  4.29730386E-01  2.55376031E-03
1.20491152E-01  4.31652308E-01  2.52303178E-03
1.20789767E-01  4.29862797E-01  2.54125451E-03
1.21088382E-01  4.27835405E-01  2.53161462E-03
1.21386997E-01  4.24723804E-01  2.50270893E-03
1.21685612E-01  4.30857092E-01  2.54420005E-03
1.21984227E-01  4.22720850E-01  2.50389427E-03
1.22282842E-01  4.26858038E-01  2.49842554E-03
1.22581457E-01  4.23079014E-01  2.47009494E-03
1.22880072E-01  4.22762036E-01  2.51297071E-03
1.23178687E-01  4.17839468E-01  2.47537135E-03
1.23477302E-01  4.25851047E-01  2.50604702E-03
1.23775917E-01  4.19215173E-01  2.45710276E-03
1.24074532E-01  4.19649184E-01  2.48247944E-03
1.24373147E-01  4.20331955E-01  2.48101144E-03
1.24671762E-01  4.21168774E-01  2.46965652E-03
1.24970377E-01  4.15215164E-01  2.44536321E-03
1.25268992E-01  4.10927743E-01  2.42935703E-03
1.25567607E-01  4.13038462E-01  2.42394139E-03
1.25866222E-01  4.08758044E-01  2.45007011E-03
1.26164837E-01  4.09939468E-01  2.42644222E-03
1.26463452E-01  4.07635659E-01  2.40804371E-03
1.26762067E-01  4.09019262E-01  2.42205616E-03
1.27060682E-01  4.04358655E-01  2.40162690E-03
1.27359297E-01  4.04847383E-01  2.43919389E-03
1.27657912E-01  3.98925513E-01  2.36452464E-03
1.27956527E-01  4.01931018E-01  2.38384702E-03
1.28255142E-01  4.02727425E-01  2.40336847E-03
1.28553757E-01  3.95631194E-01  2.34064413E-03
1.28852372E-01  3.94885272E-01  2.34780577E-03
1.29150987E-01  3.92931938E-01  2.34199432E-03
1.29449602E-01  3.95686835E-01  2.36447016E-03
1.29748217E-01  3.94023865E-01  2.35790294E-03
1.30046832E-01  3.96022171E-01  2.34492798E-03
1.30345447E-01  3.96619558E-01  2.34047812E-03
1.30644062E-01  3.90504122E-01  2.31929915E-03
1.30942677E-01  3.89340222E-01  2.33284291E-03
1.31241292E-01  3.91110569E-01  2.33035209E-03
1.31539907E-01  3.87843609E-01  2.30834750E-03
1.31838522E-01  3.88290793E-01  2.32039834E-03
1.32137137E-01  3.87717903E-01  2.33977172E-03
1.32435752E-01  3.90732974E-01  2.37964443E-03
1.32734367E-01  3.92368585E-01  2.38131755E-03
1.33032982E-01  3.91086012E-01  2.40251306E-03
1.33331597E-01  3.91633034E-01  2.40419549E-03
1.33630212E-01  3.96355510E-01  2.42897915E-03
1.33928827E-01  3.92837316E-01  2.45523313E-03
1.34227442E-01  3.91274512E-01  2.39129434E-03
1.34526057E-01  3.90726656E-01  2.43790261E-03
1.34824672E-01  3.95967305E-01  2.47228611E-03
1.35123287E-01  3.93518597E-01  2.45017721E-03
1.35421902E-01  3.94568354E-01  2.47525494E-03
1.35720517E-01  3.92418832E-01  2.44318764E-03
1.36019132E-01  3.95770192E-01  2.49768118E-03
1.36317747E-01  3.95229191E-01  2.47182441E-03
1.36616362E-01  3.92456144E-01  2.45587481E-03
1.36914977E-01  3.98211211E-01  2.50160508E-03
1.37213592E-01  4.00392532E-01  2.51223682E-03
1.37512207E-01  3.99409682E-01  2.53415992E-03
1.37810822E-01  4.02554005E-01  2.51901476E-03
1.38109437E-01  4.06007081E-01  2.52979854E-03
1.38408052E-01  4.02236491E-01  2.52759061E-03
1.38706667E-01  4.07640755E-01  2.55034631E-03
1.39005282E-01  4.12759870E-01  2.59423000E-03
1.39303897E-01  4.14462149E-01  2.54832953E-03
1.39602512E-01  4.19329822E-01  2.61276099E-03
1.39901127E-01  4.28559184E-01  2.63724988E-03
1.40199742E-01  4.28071260E-01  2.62353942E-03
1.40498357E-01  4.30055797E-01  2.65740068E-03
1.40796972E-01  4.29839402E-01  2.62189819E-03
1.41095587E-01  4.36967939E-01  2.68184510E-03
1.41394202E-01  4.40431386E-01  2.67562759E-03
1.41692817E-01  4.34879750E-01  2.67543597E-03
1.41991432E-01  4.44493264E-01  2.70484947E-03
1.42290047E-01  4.41973150E-01  2.67823157E-03
1.42588662E-01  4.40173924E-01  2.70882668E-03
1.42887277E-01  4.38604534E-01  2.68900418E-03
1.43185892E-01  4.37243938E-01  2.67639081E-03
1.43484507E-01  4.30837184E-01  2.67781573E-03
1.43783122E-01  4.30077136E-01  2.65333150E-03
1.44081737E-01  4.28313136E-01  2.65623420E-03
1.44380352E-01  4.23145741E-01  2.61855428E-03
1.44678967E-01  4.17997181E-01  2.57376488E-03
1.44977582E-01  4.09448475E-01  2.59811524E-03
1.45276197E-01  4.06384856E-01  2.55038752E-03
1.45574812E-01  4.04340118E-01  2.57374463E-03
1.45873427E-01  3.95887107E-01  2.48783967E-03
1.46172042E-01  3.86759013E-01  2.47668149E-03
1.46470657E-01  3.92192185E-01  2.52392446E-03
1.46769272E-01  3.86063159E-01  2.47445889E-03
1.47067887E-01  3.82812142E-01  2.45842338E-03
1.47366502E-01  3.79695088E-01  2.43644719E-03
1.47665117E-01  3.72400612E-01  2.41655600E-03
1.47963732E-01  3.72582346E-01  2.44485866E-03
1.48262347E-01  3.62896055E-01  2.38731899E-03
1.48560962E-01  3.61661166E-01  2.38685147E-03
1.48859577E-01  3.56282443E-01  2.33749743E-03
1.49158192E-01  3.50878984E-01  2.36804876E-03
1.49456807E-01  3.42057437E-01  2.31082970E-03
1.49755422E-01  3.38723779E-01  2.29354831E-03
1.50054037E-01  3.30716819E-01  2.28075124E-03
1.50352652E-01  3.26979965E-01  2.23932625E-03
1.50651267E-01  3.25313181E-01  2.26546475E-03
1.50949882E-01  3.15426707E-01  2.19618995E-03
1.51248497E-01  3.11065584E-01  2.19141808E-03
1.51547112E-01  3.08406085E-01  2.22012820E-03
1.51845727E-01  3.05313289E-01  2.14504637E-03
1.52144342E-01  3.06459993E-01  2.20218510E-03
1.52442957E-01  2.99906224E-01  2.11379840E-03
1.52741572E-01  2.97249734E-01  2.13511940E-03
1.53040187E-01  2.95138925E-01  2.15786579E-03
1.53338802E-01  2.88403869E-01  2.09010253E-03
1.53637417E-01  2.90809542E-01  2.12439592E-03
1.53936032E-01  2.84973502E-01  2.07238388E-03
1.54234647E-01  2.83625901E-01  2.07197387E-03
1.54533262E-01  2.79765844E-01  2.08990090E-03
1.54831877E-01  2.82964826E-01  2.07257154E-03
1.55130492E-01  2.79634804E-01  2.06334633E-03
1.55429107E-01  2.70088196E-01  2.01681932E-03
1.55727722E-01  2.72644162E-01  2.04637297E-03
1.56026337E-01  2.74512321E-01  2.04139273E-03
1.56324952E-01  2.69032836E-01  2.01433757E-03
1.56623567E-01  2.68116415E-01  2.03381316E-03
1.56922182E-01  2.69259125E-01  2.00866931E-03
1.57220797E-01  2.62429446E-01  2.00990657E-03
1.57519412E-01  2.65546858E-01  1.99693162E-03
1.57818027E-01  2.60577440E-01  1.97673938E-03
1.58116642E-01  2.61670232E-01  2.00774590E-03
1.58415257E-01  2.58734435E-01  1.96974212E-03
1.58713872E-01  2.53650725E-01  1.96877075E-03
1.59012487E-01  2.56797969E-01  1.95256819E-03
1.59311102E-01  2.55554438E-01  1.97759899E-03
1.59609717E-01  2.52547890E-01  1.96954724E-03
1.59908332E-01  2.56353915E-01  1.93851814E-03
1.60206947E-01  2.52644300E-01  1.94364775E-03
1.60505562E-01  2.51060009E-01  1.93754665E-03
1.60804177E-01  2.48284206E-01  1.92474155E-03
1.61102792E-01  2.48134017E-01  1.92485016E-03
1.61401407E-01  2.45738283E-01  1.90804619E-03
1.61700022E-01  2.47776374E-01  1.91323133E-03
1.61998637E-01  2.47008845E-01  1.91433716E-03
1.62297252E-01  2.37992242E-01  1.88781682E-03
1.62595867E-01  2.39102423E-01  1.89086166E-03
1.62894482E-01  2.39226878E-01  1.87004462E-03
1.63193097E-01  2.36486360E-01  1.88658561E-03
1.63491712E-01  2.39319101E-01  1.86649337E-03
1.63790327E-01  2.39146098E-01  1.89512223E-03
1.64088942E-01  2.36970842E-01  1.85473391E-03
1.64387557E-01  2.36260086E-01  1.86628418E-03
1.64686172E-01  2.35045493E-01  1.88356126E-03
1.64984787E-01  2.32931897E-01  1.84143079E-03
1.65283402E-01  2.30158776E-01  1.84203673E-03
1.65582017E-01  2.30208591E-01  1.82682218E-03
1.65880632E-01  2.29527071E-01  1.83176703E-03
1.66179247E-01  2.25202397E-01  1.82922184E-03
1.66477862E-01  2.29211792E-01  1.81971444E-03
1.66776477E-01  2.27411553E-01  1.82844291E-03
1.67075092E-01  2.24582970E-01  1.82088977E-03
1.67373707E-01  2.23309919E-01  1.80997315E-03
1.67672322E-01  2.22601607E-01  1.80583459E-03
1.67970937E-01  2.21654743E-01  1.78515969E-03
1.68269552E-01  2.25836545E-01  1.81636668E-03
1.68568167E-01  2.21631631E-01  1.78139529E-03
1.68866782E-01  2.19714180E-01  1.79978763E-03
1.69165397E-01  2.19605327E-01  1.78552710E-03
1.69464012E-01  2.16045126E-01  1.76001620E-03
1.69762627E-01  2.17115432E-01  1.77599909E-03
1.70061242E-01  2.15485796E-01  1.76319957E-03
1.70359857E-01  2.17710301E-01  1.79284136E-03
1.70658472E-01  2.13107243E-01  1.74204691E-03
1.70957087E-01  2.14675963E-01  1.75504643E-03
1.71255702E-01  2.12205410E-01  1.76629436E-03
1.71554317E-01  2.10929349E-01  1.72142778E-03
1.71852932E-01  2.11633578E-01  1.74617779E-03
1.72151547E-01  2.06778154E-01  1.72010798E-03
1.72450162E-01  2.09299713E-01  1.73473323E-03
1.72748777E-01  2.04564109E-01  1.71914755E-03
1.73047392E-01  2.05575898E-01  1.71569607E-03
1.73346007E-01  2.07016721E-01  1.72466040E-03
1.73644622E-01  2.04629034E-01  1.70648668E-03
1.73943237E-01  2.03815103E-01  1.70367281E-03
1.74241852E-01  2.01923057E-01  1.70625665E-03
1.74540467E-01  1.99732438E-01  1.67570449E-03
1.74839082E-01  2.00733155E-01  1.70063996E-03
1.75137697E-01  2.01720148E-01  1.68858166E-03
1.75436312E-01  2.00125337E-01  1.69281941E-03
1.75734927E-01  1.96337745E-01  1.65640155E-03
1.76033542E-01  1.95503801E-01  1.65788375E-03
1.76332157E-01  1.98025793E-01  1.69382792E-03
1.76630772E-01  1.94639221E-01  1.64978113E-03
1.76929387E-01  1.90898672E-01  1.65904779E-03
1.77228002E-01  1.93879202E-01  1.63998466E-03
1.77526617E-01  1.92659244E-01  1.64690090E-03
1.77825232E-01  1.91855907E-01  1.64903549E-03
1.78123847E-01  1.87817663E-01  1.62498537E-03
1.78422462E-01  1.89772502E-01  1.63342257E-03
1.78721077E-01  1.87648758E-01  1.62865256E-03
1.79019692E-01  1.89021260E-01  1.63515401E-03
1.79318307E-01  1.86021805E-01  1.62268092E-03
1.79616922E-01  1.89045057E-01  1.61142007E-03
1.79915537E-01  1.88258260E-01  1.62965152E-03
1.80214152E-01  1.84038267E-01  1.59731600E-03
1.80512767E-01  1.85388908E-01  1.61937962E-03
1.80811382E-01  1.82561100E-01  1.60264689E-03
1.81109997E-01  1.81390300E-01  1.58264127E-03
1.81408612E-01  1.81653410E-01  1.59974128E-03
1.81707227E-01  1.76515684E-01  1.56799110E-03
1.82005842E-01  1.75959110E-01  1.56551960E-03
1.82304457E-01  1.75446391E-01  1.55445002E-03
1.82603072E-01  1.73783302E-01  1.55374373E-03
1.82901687E-01  1.74964339E-01  1.57002371E-03
1.83200302E-01  1.77230507E-01  1.56596070E-03
1.83498917E-01  1.74418896E-01  1.54735195E-03
1.83797532E-01  1.69975877E-01  1.52501476E-03
1.84096147E-01  1.71411291E-01  1.54568919E-03
1.84394762E-01  1.69888169E-01  1.54138356E-03
1.84693377E-01  1.67546064E-01  1.52007130E-03
1.84991992E-01  1.68276846E-01  1.53149909E-03
1.85290607E-01  1.66344061E-01  1.50323857E-03
1.85589222E-01  1.67643845E-01  1.52002031E-03
1.85887837E-01  1.65599421E-01  1.50625862E-03
1.86186452E-01  1.61784470E-01  1.48588791E-03
1.86485067E-01  1.59357384E-01  1.48247450E-03
1.86783682E-01  1.62350893E-01  1.49190845E-03
1.87082297E-01  1.63030118E-01  1.50145020E-03
1.87380912E-01  1.60435528E-01  1.47969008E-03
1.87679527E-01  1.60734311E-01  1.46864366E-03
1.87978142E-01  1.57041907E-01  1.46973669E-03
1.88276757E-01  1.56992480E-01  1.46613130E-03
1.88575372E-01  1.54674500E-01  1.45958317E-03
1.88873987E-01  1.51100919E-01  1.43366994E-03
1.89172602E-01  1.53617039E-01  1.43762096E-03
1.89471217E-01  1.51845098E-01  1.44001795E-03
1.89769832E-01  1.51189074E-01  1.44068024E-03
1.90068447E-01  1.48206398E-01  1.40620628E-03
1.90367062E-01  1.50937110E-01  1.43243815E-03
1.90665677E-01  1.45543516E-01  1.40342000E-03
1.90964292E-01  1.47716746E-01  1.41112041E-03
1.91262907E-01  1.47213772E-01  1.41466712E-03
1.91561522E-01  1.43568963E-01  1.37964194E-03
1.91860137E-01  1.44805893E-01  1.40442699E-03
1.92158752E-01  1.43782452E-01  1.39221107E-03
1.92457367E-01  1.43479422E-01  1.39254471E-03
1.92755982E-01  1.40379533E-01  1.37166330E-03
1.93054597E-01  1.41244859E-01  1.37677067E-03
1.93353212E-01  1.37257323E-01  1.35027524E-03
1.93651827E-01  1.38572752E-01  1.37120113E-03
1.93950442E-01  1.38052329E-01  1.36112934E-03
1.94249057E-01  1.33944675E-01  1.33135007E-03
1.94547672E-01  1.37518778E-01  1.35937508E-03
1.94846287E-01  1.33309230E-01  1.33583357E-03
1.95144902E-01  1.34967893E-01  1.35150470E-03
1.95443517E-01  1.33800432E-01  1.31735206E-03
1.95742132E-01  1.31746411E-01  1.32544071E-03
1.96040747E-01  1.30861446E-01  1.32352184E-03
1.96339362E-01  1.32836714E-01  1.33647746E-03
1.96637977E-01  1.28510445E-01  1.30160945E-03
1.96936592E-01  1.27398282E-01  1.29842863E-03
1.97235207E-01  1.27746657E-01  1.30476058E-03
1.97533822E-01  1.25308275E-01  1.28733064E-03
1.97832437E-01  1.27584711E-01  1.30310655E-03
1.98131052E-01  1.25585586E-01  1.28591165E-03
1.98429667E-01  1.22380957E-01  1.27060350E-03
1.98728282E-01  1.23650603E-01  1.28123304E-03
1.99026897E-01  1.21128529E-01  1.26011577E-03
1.99325512E-01  1.19888961E-01  1.25760725E-03
1.99624127E-01  1.21580310E-01  1.26604957E-03
1.99922742E-01  1.20767325E-01  1.25942868E-03
2.00221357E-01  1.18191823E-01  1.25304202E-03
2.00519972E-01  1.18906885E-01  1.24422892E-03
2.00818587E-01  1.16411164E-01  1.22995465E-03
2.01117202E-01  1.13997340E-01  1.22905057E-03
2.01415817E-01  1.14092804E-01  1.21727132E-03
2.01714432E-01  1.13489516E-01  1.21975341E-03
2.02013047E-01  1.12922356E-01  1.21176953E-03
2.02311662E-01  1.12192467E-01  1.21276756E-03
2.02610277E-01  1.12759143E-01  1.21889310E-03
2.02908892E-01  1.10271819E-01  1.19228452E-03
2.03207507E-01  1.08565152E-01  1.18779973E-03
2.03506122E-01  1.09951861E-01  1.19350839E-03
2.03804737E-01  1.11533098E-01  1.20318204E-03
2.04103352E-01  1.09083377E-01  1.19361246E-03
2.04401967E-01  1.03782684E-01  1.16279931E-03
2.04700582E-01  1.05586663E-01  1.16275274E-03
2.04999197E-01  1.04396075E-01  1.15938392E-03
2.05297812E-01  1.04658477E-01  1.17209693E-03
2.05596427E-01  1.01994447E-01  1.14774506E-03
2.05895042E-01  1.02177441E-01  1.15162868E-03
2.06193657E-01  1.02283619E-01  1.14478264E-03
2.06492272E-01  1.01662949E-01  1.13990821E-03
2.06790887E-01  9.99805182E-02  1.14310125E-03
2.07089502E-01  9.96204540E-02  1.12223905E-03
2.07388117E-01  9.88209471E-02  1.13221398E-03
2.07686732E-01  9.82613862E-02  1.12447538E-03
2.07985347E-01  9.63093191E-02  1.10949844E-03
2.08283962E-01  9.79652181E-02  1.12174731E-03
2.08582577E-01  9.53959599E-02  1.09919521E-03
2.08881192E-01  9.60291848E-02  1.10788981E-03
2.09179807E-01  9.69192535E-02  1.11815846E-03
2.09478422E-01  9.34935287E-02  1.08522817E-03
2.09777037E-01  9.27762613E-02  1.09231728E-03
2.10075652E-01  9.43577811E-02  1.09122437E-03
2.10374267E-01  9.19930339E-02  1.09106512E-03
2.10672882E-01  9.19542015E-02  1.08747312E-03
2.10971497E-01  8.93189609E-02  1.05439278E-03
2.11270112E-01  8.89868438E-02  1.06880022E-03
2.11568727E-01  9.03469622E-02  1.06586004E-03
2.11867342E-01  8.75936225E-02  1.05942809E-03
2.12165957E-01  8.86058807E-02  1.05617999E-03
2.12464572E-01  8.61590877E-02  1.04055658E-03
2.12763187E-01  8.73649195E-02  1.05289510E-03
2.13061802E-01  8.66109952E-02  1.04739005E-03
2.13360417E-01  8.59065205E-02  1.04694010E-03
2.13659032E-01  8.34339932E-02  1.02090964E-03
2.13957647E-01  8.14305171E-02  1.00978825E-03
2.14256262E-01  8.28899965E-02  1.02341129E-03
2.14554877E-01  8.20242390E-02  1.01195113E-03
2.14853492E-01  8.22453871E-02  1.01483392E-03
2.15152107E-01  8.05623606E-02  1.00319646E-03
2.15450722E-01  7.98653662E-02  1.00885471E-03
2.15749337E-01  8.10225755E-02  1.00908370E-03
2.16047952E-01  7.82054216E-02  9.88122891E-04
2.16346567E-01  7.71118328E-02  9.81778721E-04
2.16645182E-01  7.89889768E-02  9.88057116E-04
2.16943797E-01  7.60793984E-02  9.74896247E-04
2.17242412E-01  7.54737109E-02  9.77461692E-04
2.17541027E-01  7.50875697E-02  9.59668774E-04
2.17839642E-01  7.39064887E-02  9.68438108E-04
2.18138257E-01  7.30156302E-02  9.44676809E-04
2.18436872E-01  7.33945742E-02  9.56976844E-04
2.18735487E-01  7.17305690E-02  9.41300648E-04
2.19034102E-01  7.08016828E-02  9.35741409E-04
2.19332717E-01  7.08592311E-02  9.42280341E-04
2.19631332E-01  6.99587092E-02  9.32368450E-04
2.19929947E-01  6.92494735E-02  9.24065884E-04
2.20228562E-01  7.11307079E-02  9.33509204E-04
2.20527177E-01  6.86087087E-02  9.21690604E-04
2.20825792E-01  6.79901168E-02  9.18617588E-04
2.21124407E-01  6.63302839E-02  9.04653396E-04
2.21423022E-01  6.57028705E-02  8.98775237E-04
2.21721637E-01  6.30826280E-02  8.78864375E-04
2.22020252E-01  6.47101775E-02  8.89870629E-04
2.22318867E-01  6.43032193E-02  8.92841956E-04
2.22617482E-01  6.44956082E-02  8.83750268E-04
2.22916097E-01  6.34262338E-02  8.88319162E-04
2.23214712E-01  6.25578687E-02  8.73164972E-04
2.23513327E-01  6.18401356E-02  8.74027377E-04
2.23811942E-01  6.21671937E-02  8.71455122E-04
2.24110557E-01  6.22805580E-02  8.68702249E-04
2.24409172E-01  5.92484735E-02  8.53756268E-04
2.24707787E-01  6.03879541E-02  8.53673264E-04
2.25006402E-01  5.91730177E-02  8.54980026E-04
2.25305017E-01  5.88321574E-02  8.37304047E-04
2.25603632E-01  5.74991554E-02  8.39336659E-04
2.25902247E-01  5.74872233E-02  8.40237422E-04
2.26200862E-01  5.70345968E-02  8.32289341E-04
2.26499477E-01  5.54456003E-02  8.17767519E-04
2.26798092E-01  5.50852008E-02  8.19615030E-04
2.27096707E-01  5.37212975E-02  8.08227574E-04
2.27395322E-01  5.37145399E-02  8.11253500E-04
2.27693937E-01  5.44131249E-02  8.06408003E-04
2.27992552E-01  5.45488000E-02  8.10200174E-04
2.28291167E-01  5.39693907E-02  8.05423595E-04
2.28589782E-01  5.15547916E-02  7.93620362E-04
2.28888397E-01  5.18265776E-02  7.92933744E-04
2.29187012E-01  5.24836481E-02  7.91310682E-04
2.29485627E-01  5.11335172E-02  7.83983502E-04
2.29784242E-01  5.00195660E-02  7.78992428E-04
2.30082857E-01  5.03062680E-02  7.76057830E-04
2.30381472E-01  5.03916591E-02  7.75164517E-04
2.30680087E-01  4.84586582E-02  7.62113254E-04
2.30978702E-01  4.90341783E-02  7.66627083E-04
2.31277317E-01  4.80299108E-02  7.59609509E-04
2.31575932E-01  4.77143452E-02  7.56893947E-04
2.31874547E-01  4.64297645E-02  7.40910938E-04
2.32173162E-01  4.63198982E-02  7.43621145E-04
2.32471777E-01  4.78125960E-02  7.57025147E-04
2.32770392E-01  4.54978645E-02  7.35945534E-04
2.33069007E-01  4.60645780E-02  7.40094692E-04
2.33367622E-01  4.65880893E-02  7.41551572E-04
2.33666237E-01  4.54584062E-02  7.38794915E-04
2.33964852E-01  4.51423340E-02  7.30577100E-04
2.34263467E-01  4.46459278E-02  7.26550643E-04
2.34562082E-01  4.40427847E-02  7.23472564E-04
2.34860697E-01  4.26377170E-02  7.10628636E-04
2.35159312E-01  4.28653769E-02  7.13333953E-04
2.35457927E-01  4.33707573E-02  7.13686284E-04
2.35756542E-01  4.25895005E-02  7.04464095E-04
2.36055157E-01  4.24493030E-02  7.09263782E-04
2.36353772E-01  4.07802314E-02  6.94590795E-04
2.36652387E-01  4.23480980E-02  7.11657398E-04
2.36951002E-01  4.14172113E-02  6.91055146E-04
2.37249617E-01  4.18339521E-02  7.05512124E-04
2.37548232E-01  4.01358232E-02  6.87919150E-04
2.37846847E-01  4.09083441E-02  6.92169764E-04
2.38145462E-01  3.99746411E-02  6.83651888E-04
2.38444077E-01  4.03564721E-02  6.82343903E-04
2.38742692E-01  4.03800197E-02  6.93941838E-04
2.39041307E-01  4.00189459E-02  6.84609869E-04
2.39339922E-01  3.94310616E-02  6.78234850E-04
2.39638537E-01  3.86092812E-02  6.71694346E-04
2.39937152E-01  3.77671905E-02  6.62480365E-04
2.40235767E-01  3.85355763E-02  6.73888426E-04
2.40534382E-01  3.81236784E-02  6.65972941E-04
2.40832997E-01  3.84180658E-02  6.67056709E-04
2.41131612E-01  3.68138142E-02  6.56448246E-04
2.41430227E-01  3.67695689E-02  6.50610542E-04
2.41728842E-01  3.75255458E-02  6.63883053E-04
2.42027457E-01  3.72831859E-02  6.52986520E-04
2.42326072E-01  3.56811620E-02  6.41266466E-04
2.42624687E-01  3.63867395E-02  6.53736060E-04
2.42923302E-01  3.61829400E-02  6.48090208E-04
2.43221917E-01  3.71643081E-02  6.50704897E-04
2.43520532E-01  3.57708447E-02  6.41017512E-04
2.43819147E-01  3.52432802E-02  6.36799668E-04
2.44117762E-01  3.58668454E-02  6.45438035E-04
2.44416377E-01  3.59772965E-02  6.48055517E-04
2.44714992E-01  3.52538899E-02  6.33076474E-04
2.45013607E-01  3.45240012E-02  6.33068441E-04
2.45312222E-01  3.41531597E-02  6.25847490E-04
2.45610837E-01  3.47992070E-02  6.33656164E-04
2.45909452E-01  3.40347737E-02  6.20354025E-04
2.46208067E-01  3.41942683E-02  6.26916706E-04
2.46506682E-01  3.38042900E-02  6.21965912E-04
2.46805297E-01  3.50011587E-02  6.37968420E-04
2.47103912E-01  3.42297442E-02  6.22977153E-04
2.47402527E-01  3.25858630E-02  6.07835187E-04
2.47701142E-01  3.28878872E-02  6.14324526E-04
2.47999757E-01  3.27651985E-02  6.12674456E-04
2.48298372E-01  3.33787650E-02  6.21976564E-04
2.48596987E-01  3.43404710E-02  6.18973339E-04
2.48895602E-01  3.27196568E-02  6.08428556E-04
2.49194217E-01  3.30402590E-02  6.12066593E-04
2.49492832E-01  3.28590721E-02  6.11549884E-04
2.49791447E-01  3.28495167E-02  6.12966542E-04
2.50090062E-01  3.32750566E-02  6.12747273E-04
2.50388677E-01  3.17805931E-02  6.03078806E-04
2.50687292E-01  3.22151482E-02  6.05039357E-04
2.50985907E-01  3.21886241E-02  6.01367734E-04
2.51284522E-01  3.10787987E-02  5.94598590E-04
2.51583137E-01  3.10547817E-02  5.90049662E-04
2.51881752E-01  3.11089363E-02  5.93116332E-04
2.52180367E-01  3.04984283E-02  5.87268907E-04
2.52478982E-01  3.03528924E-02  5.83817426E-04
2.52777597E-01  3.08734141E-02  5.89913921E-04
2.53076212E-01  3.03601511E-02  5.85148926E-04
2.53374827E-01  3.02012321E-02  5.85356785E-04
2.53673442E-01  3.02194115E-02  5.78051026E-04
2.53972057E-01  3.02463006E-02  5.82954613E-04
2.54270672E-01  3.22739780E-02  6.02017506E-04
2.54569287E-01  3.09283435E-02  5.92045253E-04
2.54867902E-01  2.93005854E-02  5.73310244E-04
2.55166517E-01  3.05228624E-02  5.81414206E-04
2.55465132E-01  3.02617215E-02  5.82171546E-04
2.55763747E-01  3.07256486E-02  5.87090501E-04
2.56062362E-01  2.91060060E-02  5.71255339E-04
2.56360977E-01  2.93958075E-02  5.70281933E-04
2.56659592E-01  2.92411465E-02  5.67281502E-04
2.56958207E-01  2.91223936E-02  5.70807897E-04
2.57256822E-01  2.95868963E-02  5.74421603E-04
2.57555437E-01  2.92171780E-02  5.68100833E-04
2.57854052E-01  2.95678396E-02  5.72865247E-04
2.58152667E-01  3.02093998E-02  5.81057451E-04
2.58451282E-01  2.92304792E-02  5.71719662E-04
2.58749897E-01  2.91652866E-02  5.65809780E-04
2.59048512E-01  2.89798323E-02  5.65197959E-04
2.59347127E-01  2.89604403E-02  5.64712333E-04
2.59645742E-01  2.91644316E-02  5.69556956E-04
2.59944357E-01  3.00167799E-02  5.78745967E-04
2.60242972E-01  2.89404895E-02  5.61132038E-04
2.60541587E-01  3.00207064E-02  5.76788269E-04
2.60840202E-01  2.86829993E-02  5.62303641E-04
2.61138817E-01  3.00590843E-02  5.77312545E-04
2.61437432E-01  2.92586945E-02  5.67621901E-04
2.61736047E-01  2.95775440E-02  5.68168936E-04
2.62034662E-01  2.89769080E-02  5.65033464E-04
2.62333277E-01  2.91226245E-02  5.66155300E-04
2.62631892E-01  2.79514529E-02  5.51470555E-04
2.62930507E-01  2.93312836E-02  5.65213966E-04
2.63229122E-01  3.02258804E-02  5.74819336E-04
2.63527737E-01  2.82522086E-02  5.59257809E-04
2.63826352E-01  2.78649293E-02  5.50621480E-04
2.64124967E-01  2.82458793E-02  5.54373837E-04
2.64423582E-01  2.81049311E-02  5.53422549E-04
2.64722197E-01  2.90115308E-02  5.60093205E-04
2.65020812E-01  2.82698348E-02  5.58404543E-04
2.65319427E-01  2.87428070E-02  5.55630540E-04
2.65618042E-01  2.79095508E-02  5.53234073E-04
2.65916657E-01  2.83228382E-02  5.55136416E-04
2.66215272E-01  2.87486669E-02  5.58568863E-04
2.66513887E-01  2.80871261E-02  5.52536570E-04
2.66812502E-01  2.80738436E-02  5.48992015E-04
2.67111117E-01  2.93570738E-02  5.65186492E-04
2.67409732E-01  2.83824988E-02  5.54286467E-04
2.67708347E-01  2.90683191E-02  5.61818073E-04
2.68006962E-01  2.89348345E-02  5.59656473E-04
2.68305577E-01  2.79242862E-02  5.47956501E-04
2.68604192E-01  2.94954833E-02  5.64616756E-04
2.68902807E-01  2.82121655E-02  5.51486097E-04
2.69201422E-01  2.84227859E-02  5.50990633E-04
2.69500037E-01  2.90233735E-02  5.59073000E-04
2.69798652E-01  2.89075710E-02  5.57670603E-04
2.70097267E-01  2.78676860E-02  5.51106525E-04
2.70395882E-01  2.99604032E-02  5.62692469E-04
2.70694497E-01  2.85880808E-02  5.54299098E-04
2.70993112E-01  2.83463169E-02  5.52947575E-04
2.71291727E-01  2.94980705E-02  5.63634501E-04
2.71590342E-01  2.91746520E-02  5.61987050E-04
2.71888957E-01  2.87760999E-02  5.51047910E-04
2.72187572E-01  2.88687088E-02  5.55167499E-04
2.72486187E-01  2.93558743E-02  5.60406246E-04
2.72784802E-01  2.97667366E-02  5.65474445E-04
2.73083417E-01  2.96936426E-02  5.59064560E-04
2.73382032E-01  3.07765044E-02  5.72493242E-04
2.73680647E-01  2.77726129E-02  5.46349445E-04
2.73979262E-01  2.83236578E-02  5.49068965E-04
2.74277877E-01  2.93618795E-02  5.56779676E-04
2.74576492E-01  2.90806126E-02  5.54949278E-04
2.74875107E-01  2.80652586E-02  5.46841125E-04
2.75173722E-01  2.97760200E-02  5.64125949E-04
2.75472337E-01  2.89433934E-02  5.50032011E-04
2.75770952E-01  2.90885624E-02  5.56725252E-04
2.76069567E-01  2.93366667E-02  5.53620572E-04
2.76368182E-01  2.84071621E-02  5.52142155E-04
2.76666797E-01  2.88987588E-02  5.55334787E-04
2.76965412E-01  2.96687298E-02  5.56332176E-04
2.77264027E-01  2.90012639E-02  5.54344209E-04
2.77562642E-01  2.96723899E-02  5.55814768E-04
2.77861257E-01  2.89074946E-02  5.55707898E-04
2.78159872E-01  3.04185059E-02  5.62342233E-04
2.78458487E-01  2.94636786E-02  5.55523089E-04
2.78757102E-01  2.88778730E-02  5.54013532E-04
2.79055717E-01  2.91704424E-02  5.53448102E-04
2.79354332E-01  2.94498112E-02  5.55953768E-04
2.79652947E-01  3.04098036E-02  5.65085735E-04
2.79951562E-01  2.82614250E-02  5.40301320E-04
2.80250177E-01  2.95749065E-02  5.59813634E-04
2.80548792E-01  2.93933470E-02  5.54591476E-04
2.80847407E-01  2.92990971E-02  5.51636156E-04
2.81146022E-01  3.06800418E-02  5.66886680E-04
2.81444637E-01  2.95819174E-02  5.58050058E-04
2.81743252E-01  3.00199073E-02  5.59776789E-04
2.82041867E-01  2.99353749E-02  5.54168771E-04
2.82340482E-01  3.11581735E-02  5.70008939E-04
2.82639097E-01  3.10119893E-02  5.68955496E-04
2.82937712E-01  2.94686742E-02  5.53652586E-04
2.83236327E-01  3.09047513E-02  5.66702045E-04
2.83534942E-01  3.01377010E-02  5.56865649E-04
2.83833557E-01  3.10552847E-02  5.68507356E-04
2.84132172E-01  2.93815602E-02  5.52015903E-04
2.84430787E-01  3.10429614E-02  5.70388278E-04
2.84729402E-01  3.07544302E-02  5.60749322E-04
2.85028017E-01  3.11455633E-02  5.67786512E-04
2.85326632E-01  3.11009418E-02  5.71068202E-04
2.85625247E-01  3.03223729E-02  5.54904575E-04
2.85923862E-01  3.08832731E-02  5.64696558E-04
2.86222477E-01  3.02557647E-02  5.58380329E-04
2.86521092E-01  3.18586119E-02  5.73122699E-04
2.86819707E-01  3.09352390E-02  5.68697113E-04
2.87118322E-01  3.12320869E-02  5.63037407E-04
2.87416937E-01  3.10210008E-02  5.63738751E-04
2.87715552E-01  3.08791585E-02  5.61624940E-04
2.88014167E-01  3.15561146E-02  5.71672455E-04
2.88312782E-01  3.11685838E-02  5.67170442E-04
2.88611397E-01  3.14454921E-02  5.63054869E-04
2.88910012E-01  3.19027416E-02  5.74381498E-04
2.89208627E-01  3.13600414E-02  5.66542149E-04
2.89507242E-01  3.16821411E-02  5.69028023E-04
2.89805857E-01  3.15531753E-02  5.65799943E-04
2.90104472E-01  3.19574475E-02  5.68587449E-04
2.90403087E-01  3.10091972E-02  5.66147908E-04
2.90701702E-01  3.21138613E-02  5.71641896E-04
2.91000317E-01  3.11531629E-02  5.62071509E-04
2.91298932E-01  3.10047008E-02  5.61959750E-04
2.91597547E-01  3.22500803E-02  5.73975733E-04
2.91896162E-01  3.22642550E-02  5.73683064E-04
2.92194777E-01  3.18019986E-02  5.67350362E-04
2.92493392E-01  3.09511404E-02  5.60253276E-04
2.92792007E-01  3.25514302E-02  5.75253682E-04
2.93090622E-01  3.16668637E-02  5.67109615E-04
2.93389237E-01  3.24682966E-02  5.73963858E-04
2.93687852E-01  3.23381275E-02  5.68825693E-04
2.93986467E-01  3.17941047E-02  5.68114279E-04
2.94285082E-01  3.29305269E-02  5.75255079E-04
2.94583697E-01  3.25207859E-02  5.75972663E-04
2.94882312E-01  3.18867601E-02  5.66612754E-04
2.95180927E-01  3.20740901E-02  5.64618211E-04
2.95479542E-01  3.30589637E-02  5.78470412E-04
2.95778157E-01  3.26544158E-02  5.72708203E-04
2.96076772E-01  3.28224152E-02  5.74595178E-04
2.96375387E-01  3.26735936E-02  5.72604418E-04
2.96674002E-01  3.26123610E-02  5.71794808E-04
2.96972617E-01  3.27557959E-02  5.76797349E-04
2.97271232E-01  3.28589790E-02  5.77987463E-04
2.97569847E-01  3.31862569E-02  5.81142842E-04
2.97868462E-01  3.31254490E-02  5.82314329E-04
2.98167077E-01  3.32670324E-02  5.86436538E-04
2.98465692E-01  3.37567329E-02  5.94422920E-04
2.98764307E-01  3.29597257E-02  5.82287321E-04
2.99062922E-01  3.30786332E-02  5.86958369E-04
2.99361537E-01  3.39967273E-02  5.96985337E-04
2.99660152E-01  3.36326919E-02  5.94826532E-04
2.99958767E-01  3.30138355E-02  5.89626783E-04
3.00257382E-01  3.33884954E-02  5.94613608E-04
3.00555997E-01  3.28576937E-02  5.89571311E-04
3.00854612E-01  3.33807133E-02  5.93347009E-04
3.01153227E-01  3.29052955E-02  5.93008532E-04
3.01451842E-01  3.44905332E-02  6.04353438E-04
3.01750457E-01  3.36585715E-02  6.03941618E-04
3.02049072E-01  3.36901434E-02  5.99890540E-04
3.02347687E-01  3.34838703E-02  6.10008778E-04
3.02646302E-01  3.40111442E-02  6.22618187E-04
3.02944917E-01  3.36510502E-02  6.19146449E-04
3.03243532E-01  3.41529064E-02  6.35629869E-04
3.03542147E-01  3.33078988E-02  6.28786802E-04
3.03840762E-01  3.31517458E-02  6.26957102E-04
3.04139377E-01  3.47741470E-02  6.50467176E-04
3.04437992E-01  3.41822356E-02  6.39171572E-04
3.04736607E-01  3.52877229E-02  6.60073827E-04
3.05035222E-01  3.42039801E-02  6.44555548E-04
3.05333837E-01  3.49134170E-02  6.55600452E-04
3.05632452E-01  3.47268209E-02  6.59106066E-04
3.05931067E-01  3.41421850E-02  6.50238886E-04
3.06229682E-01  3.39875370E-02  6.55792886E-04
3.06528297E-01  3.56635526E-02  6.65360189E-04
3.06826912E-01  3.32960859E-02  6.50865608E-04
3.07125527E-01  3.41239199E-02  6.60517893E-04
3.07424142E-01  3.45127769E-02  6.63461920E-04
3.07722757E-01  3.42135951E-02  6.65881205E-04
3.08021372E-01  3.41097265E-02  6.59379119E-04
3.08319987E-01  3.49791460E-02  6.62702543E-04
3.08618602E-01  3.41275632E-02  6.48199464E-04
3.08917217E-01  3.45358215E-02  6.42311526E-04
3.09215832E-01  3.52109559E-02  6.54189498E-04
3.09514447E-01  3.53573970E-02  6.45319757E-04
3.09813062E-01  3.46184000E-02  6.39985083E-04
3.10111677E-01  3.42846587E-02  6.34031952E-04
3.10410292E-01  3.41160893E-02  6.24644046E-04
3.10708907E-01  3.46652679E-02  6.35765726E-04
3.11007522E-01  3.56346518E-02  6.35624048E-04
3.11306137E-01  3.38483825E-02  6.27359957E-04
3.11604752E-01  3.47391441E-02  6.28100825E-04
3.11903367E-01  3.44714187E-02  6.24999346E-04
3.12201982E-01  3.53590064E-02  6.32824958E-04
3.12500597E-01  3.49091254E-02  6.23079308E-04
3.12799212E-01  3.54151353E-02  6.32816809E-04
3.13097827E-01  3.53816822E-02  6.28121197E-04
3.13396442E-01  3.47873718E-02  6.21996936E-04
3.13695057E-01  3.49403135E-02  6.26536843E-04
3.13993672E-01  3.48252356E-02  6.19219267E-04
3.14292287E-01  3.59173082E-02  6.30516501E-04
3.14590902E-01  3.62378918E-02  6.31490839E-04
3.14889517E-01  3.48295085E-02  6.19099534E-04
3.15188132E-01  3.53154354E-02  6.27043890E-04
3.15486747E-01  3.52170505E-02  6.17842947E-04
3.15785362E-01  3.50608826E-02  6.20668114E-04
3.16083977E-01  3.43510881E-02  6.09729264E-04
3.16382592E-01  3.42033729E-02  6.11750642E-04
3.16681207E-01  3.48782018E-02  6.15029654E-04
3.16979822E-01  3.44783328E-02  6.10546849E-04
3.17278437E-01  3.55389789E-02  6.21961313E-04
3.17577052E-01  3.55674662E-02  6.20278879E-04
3.17875667E-01  3.51239480E-02  6.25024841E-04
3.18174282E-01  3.48079242E-02  6.27909205E-04
3.18472897E-01  3.51871066E-02  6.40400976E-04
3.18771512E-01  3.55510674E-02  6.41210645E-04
3.19070127E-01  3.50882001E-02  6.42012514E-04
3.19368742E-01  3.48416641E-02  6.40294398E-04
3.19667357E-01  3.42171155E-02  6.35067467E-04
3.19965972E-01  3.53076048E-02  6.46568369E-04
3.20264587E-01  3.40651795E-02  6.37987396E-04
3.20563202E-01  3.50806415E-02  6.46874483E-04
3.20861817E-01  3.55208032E-02  6.52224640E-04
3.21160432E-01  3.53106484E-02  6.48256566E-04
3.21459047E-01  3.59984897E-02  6.60773076E-04
3.21757662E-01  3.39884534E-02  6.38006662E-04
3.22056277E-01  3.49785648E-02  6.46864471E-04
3.22354892E-01  3.52484137E-02  6.54998468E-04
3.22653507E-01  3.49761136E-02  6.50387839E-04
3.22952122E-01  3.53720039E-02  6.59806014E-04
3.23250737E-01  3.51402424E-02  6.45236869E-04
3.23549352E-01  3.61995809E-02  6.63013780E-04
3.23847967E-01  3.55707631E-02  6.60304853E-04
3.24146582E-01  3.48763578E-02  6.51923008E-04
3.24445197E-01  3.55028436E-02  6.58137491E-04
3.24743812E-01  3.57683226E-02  6.59442972E-04
3.25042427E-01  3.40367742E-02  6.50120550E-04
3.25341042E-01  3.56458053E-02  6.57743367E-04
3.25639657E-01  3.57118919E-02  6.62012782E-04
3.25938272E-01  3.50503325E-02  6.57592027E-04
3.26236887E-01  3.51449177E-02  6.53300900E-04
3.26535502E-01  3.48905884E-02  6.60787628E-04
3.26834117E-01  3.54492180E-02  6.58616249E-04
3.27132732E-01  3.43716852E-02  6.51778944E-04
3.27431347E-01  3.57876904E-02  6.66055246E-04
3.27729962E-01  3.50220650E-02  6.55793352E-04
3.28028577E-01  3.54075432E-02  6.70097652E-04
3.28327192E-01  3.47300507E-02  6.47944165E-04
3.28625807E-01  3.37801278E-02  6.49617810E-04
3.28924422E-01  3.49753387E-02  6.60618010E-04
3.29223037E-01  3.45746055E-02  6.54099800E-04
3.29521652E-01  3.53025533E-02  6.62324019E-04
3.29820267E-01  3.38314883E-02  6.46081637E-04
3.30118882E-01  3.45231518E-02  6.59892277E-04
3.30417497E-01  3.31295878E-02  6.42959727E-04
3.30716112E-01  3.54768559E-02  6.61416736E-04
3.31014727E-01  3.40436921E-02  6.49069727E-04
3.31313342E-01  3.47747505E-02  6.53688388E-04
3.31611957E-01  3.43710333E-02  6.56864606E-04
3.31910572E-01  3.34626548E-02  6.43512583E-04
3.32209187E-01  3.40272821E-02  6.46061788E-04
3.32507802E-01  3.47274132E-02  6.60069112E-04
3.32806417E-01  3.48048694E-02  6.52069401E-04
3.33105032E-01  3.48120183E-02  6.58120436E-04
3.33403647E-01  3.42399590E-02  6.48465473E-04
3.33702262E-01  3.55837420E-02  6.61458122E-04
3.34000877E-01  3.48421484E-02  6.54146890E-04
3.34299492E-01  3.53530459E-02  6.61064463E-04
3.34598107E-01  3.55769917E-02  6.63745275E-04
3.34896722E-01  3.45435701E-02  6.47742534E-04
3.35195337E-01  3.36236581E-02  6.40363549E-04
3.35493952E-01  3.43288556E-02  6.50849834E-04
3.35792567E-01  3.59135717E-02  6.63362152E-04
3.36091182E-01  3.51098366E-02  6.56861346E-04
3.36389797E-01  3.54107358E-02  6.55641954E-04
3.36688412E-01  3.46636213E-02  6.52869465E-04
3.36987027E-01  3.46543267E-02  6.48793648E-04
3.37285642E-01  3.53302993E-02  6.57770550E-04
3.37584257E-01  3.49674560E-02  6.55345444E-04
3.37882872E-01  3.47518958E-02  6.50278467E-04
3.38181487E-01  3.34351249E-02  6.40265876E-04
3.38480102E-01  3.47194932E-02  6.42733241E-04
3.38778717E-01  3.52572203E-02  6.56523742E-04
3.39077332E-01  3.42681408E-02  6.44621032E-04
3.39375947E-01  3.37516218E-02  6.39561098E-04
3.39674562E-01  3.31070833E-02  6.37500372E-04
3.39973177E-01  3.45144831E-02  6.44146698E-04
3.40271792E-01  3.44242081E-02  6.47786132E-04
3.40570407E-01  3.37579027E-02  6.40370301E-04
3.40869022E-01  3.30585353E-02  6.30057999E-04
3.41167637E-01  3.31599340E-02  6.33026066E-04
3.41466252E-01  3.37300189E-02  6.34610653E-04
3.41764867E-01  3.31514068E-02  6.36820914E-04
3.42063482E-01  3.37325074E-02  6.37370686E-04
3.42362097E-01  3.31892371E-02  6.28791575E-04
3.42660712E-01  3.31013612E-02  6.33758318E-04
3.42959327E-01  3.40770148E-02  6.36425684E-04
3.43257942E-01  3.30653600E-02  6.33417396E-04
3.43556557E-01  3.37341167E-02  6.35025033E-04
3.43855172E-01  3.37296762E-02  6.35166536E-04
3.44153787E-01  3.34046446E-02  6.31739793E-04
3.44452402E-01  3.43538858E-02  6.39924721E-04
3.44751017E-01  3.34144756E-02  6.32378273E-04
3.45049632E-01  3.39632146E-02  6.31443632E-04
3.45348247E-01  3.38816382E-02  6.36787445E-04
3.45646862E-01  3.34988050E-02  6.30483672E-04
3.45945477E-01  3.39528285E-02  6.35104021E-04
3.46244092E-01  3.29769030E-02  6.18582766E-04
3.46542707E-01  3.39153707E-02  6.27847156E-04
3.46841322E-01  3.37047838E-02  6.30464172E-04
3.47139937E-01  3.37480754E-02  6.28749141E-04
3.47438552E-01  3.50115448E-02  6.35628705E-04
3.47737167E-01  3.43257599E-02  6.34466647E-04
3.48035782E-01  3.28804217E-02  6.15474943E-04
3.48334397E-01  3.42143290E-02  6.32731302E-04
3.48633012E-01  3.24015543E-02  6.07149792E-04
3.48931627E-01  3.32374759E-02  6.19666651E-04
3.49230242E-01  3.32594924E-02  6.21591287E-04
3.49528857E-01  3.18916924E-02  6.06828195E-04
3.49827472E-01  3.31678726E-02  6.19878992E-04
3.50126087E-01  3.37879919E-02  6.19676313E-04
3.50424702E-01  3.34949829E-02  6.22415624E-04
3.50723317E-01  3.37246098E-02  6.21975516E-04
3.51021932E-01  3.35046388E-02  6.22165564E-04
3.51320547E-01  3.36030796E-02  6.19839586E-04
3.51619162E-01  3.34115736E-02  6.16726873E-04
3.51917777E-01  3.22695524E-02  6.08751085E-04
3.52216392E-01  3.38165499E-02  6.21980987E-04
3.52515007E-01  3.35508473E-02  6.16676873E-04
3.52813622E-01  3.40497904E-02  6.21247280E-04
3.53112237E-01  3.36335711E-02  6.24236942E-04
3.53410852E-01  3.28065231E-02  6.15495082E-04
3.53709467E-01  3.23260278E-02  5.99349965E-04
3.54008082E-01  3.22440565E-02  6.05048961E-04
3.54306697E-01  3.27907391E-02  6.10489631E-04
3.54605312E-01  3.29719186E-02  6.15357712E-04
3.54903927E-01  3.35651301E-02  6.22752181E-04
3.55202542E-01  3.20191570E-02  5.95402613E-04
3.55501157E-01  3.20327505E-02  6.04714500E-04
3.55799772E-01  3.27793695E-02  6.08907605E-04
3.56098387E-01  3.17917317E-02  6.01129374E-04
3.56397002E-01  3.25799845E-02  6.08042988E-04
3.56695617E-01  3.31929848E-02  6.07030815E-04
3.56994232E-01  3.21597941E-02  6.08415226E-04
3.57292847E-01  3.27153504E-02  6.03772816E-04
3.57591462E-01  3.27712670E-02  6.08023198E-04
3.57890077E-01  3.26483399E-02  6.05742447E-04
3.58188692E-01  3.27668414E-02  6.04414381E-04
3.58487307E-01  3.27698886E-02  6.12655072E-04
3.58785922E-01  3.22693475E-02  5.97273349E-04
3.59084537E-01  3.15820314E-02  5.96737722E-04
3.59383152E-01  3.22411917E-02  6.00674830E-04
3.59681767E-01  3.28536257E-02  6.06841641E-04
3.59980382E-01  3.35611179E-02  6.19170896E-04
3.60278997E-01  3.18242051E-02  5.90350304E-04
3.60577612E-01  3.26041207E-02  6.06489892E-04
3.60876227E-01  3.09435241E-02  5.88786614E-04
3.61174842E-01  3.10323779E-02  5.86038339E-04
3.61473457E-01  3.19954269E-02  5.95064310E-04
3.61772072E-01  3.14925574E-02  5.92095079E-04
3.62070687E-01  3.24122868E-02  6.04387198E-04
3.62369302E-01  3.10595464E-02  5.87389979E-04
3.62667917E-01  3.13541517E-02  5.90014562E-04
3.62966532E-01  3.08913365E-02  5.83791407E-04
3.63265147E-01  3.16768251E-02  5.93361270E-04
3.63563762E-01  3.05929054E-02  5.83277782E-04
3.63862377E-01  3.17140371E-02  5.91675693E-04
3.64160992E-01  3.18860933E-02  5.93750097E-04
3.64459607E-01  3.29493284E-02  6.03888999E-04
3.64758222E-01  3.19866203E-02  5.95003366E-04
3.65056837E-01  3.21774147E-02  5.97725739E-04
3.65355452E-01  3.14442068E-02  5.85623318E-04
3.65654067E-01  3.23433951E-02  5.98951767E-04
3.65952682E-01  3.19911689E-02  5.91314805E-04
3.66251297E-01  3.24268304E-02  6.01322274E-04
3.66549912E-01  3.16420682E-02  5.88390569E-04
3.66848527E-01  3.08277849E-02  5.77761501E-04
3.67147142E-01  3.05266678E-02  5.83288434E-04
3.67445757E-01  3.18767130E-02  5.89804084E-04
3.67744372E-01  3.19561437E-02  5.92085067E-04
3.68042987E-01  3.16700488E-02  5.88199415E-04
3.68341602E-01  3.06316055E-02  5.78779611E-04
3.68640217E-01  3.11211757E-02  5.86149574E-04
3.68938832E-01  3.16506959E-02  5.83627552E-04
3.69237447E-01  3.22011374E-02  5.93273318E-04
3.69536062E-01  3.23406905E-02  5.91939199E-04
3.69834677E-01  3.09211314E-02  5.82278590E-04
3.70133292E-01  3.28760371E-02  6.02141372E-04
3.70431907E-01  3.16137597E-02  5.82847279E-04
3.70730522E-01  3.13169993E-02  5.84471738E-04
3.71029137E-01  3.19977440E-02  5.87436021E-04
3.71327752E-01  3.18888575E-02  5.89021365E-04
3.71626367E-01  3.02160513E-02  5.72771125E-04
3.71924982E-01  3.03319376E-02  5.73424564E-04
3.72223597E-01  3.11260708E-02  5.83762070E-04
3.72522212E-01  3.14057022E-02  5.79899119E-04
3.72820827E-01  3.11572440E-02  5.80278807E-04
3.73119442E-01  3.21358815E-02  5.89475560E-04
3.73418057E-01  3.13634910E-02  5.79515065E-04
3.73716672E-01  3.09290010E-02  5.82530105E-04
3.74015287E-01  3.08589842E-02  5.72938181E-04
3.74313902E-01  3.02576199E-02  5.70087228E-04
3.74612517E-01  2.99819261E-02  5.68946707E-04
3.74911132E-01  3.21822651E-02  5.88546798E-04
3.75209747E-01  3.11915502E-02  5.80314198E-04
3.75508362E-01  3.04276701E-02  5.69363474E-04
3.75806977E-01  3.00022811E-02  5.67395240E-04
3.76105592E-01  3.12204938E-02  5.78653591E-04
3.76404207E-01  3.09198871E-02  5.76158054E-04
3.76702822E-01  3.07275038E-02  5.71878627E-04
3.77001437E-01  3.09878159E-02  5.74736041E-04
3.77300052E-01  3.15763839E-02  5.84047229E-04
3.77598667E-01  3.15382332E-02  5.82346285E-04
3.77897282E-01  3.08956970E-02  5.72142540E-04
3.78195897E-01  3.10242511E-02  5.72465535E-04
3.78494512E-01  3.08057517E-02  5.73931669E-04
3.78793127E-01  3.18576358E-02  5.82610024E-04
3.79091742E-01  3.13997790E-02  5.77236991E-04
3.79390357E-01  3.20940353E-02  5.83142508E-04
3.79688972E-01  3.03130597E-02  5.67020383E-04
3.79987587E-01  3.15167606E-02  5.77148690E-04
3.80286202E-01  3.17086615E-02  5.80371066E-04
3.80584817E-01  3.14964205E-02  5.78427396E-04
3.80883432E-01  3.11061516E-02  5.72516641E-04
3.81182047E-01  2.98216753E-02  5.62272966E-04
3.81480662E-01  3.08340173E-02  5.71883516E-04
3.81779277E-01  3.10628060E-02  5.69408876E-04
3.82077892E-01  3.08980756E-02  5.72481134E-04
3.82376507E-01  3.19618359E-02  5.80932305E-04
3.82675122E-01  3.06447111E-02  5.69844560E-04
3.82973737E-01  3.04724779E-02  5.65957278E-04
3.83272352E-01  3.20102200E-02  5.76316554E-04
3.83570967E-01  3.14083546E-02  5.75743092E-04
3.83869582E-01  3.09680607E-02  5.69975004E-04
3.84168197E-01  3.08821723E-02  5.70329546E-04
3.84466812E-01  3.15449871E-02  5.74114849E-04
3.84765427E-01  3.16334963E-02  5.74206177E-04
3.85064042E-01  3.19704451E-02  5.81761822E-04
3.85362657E-01  3.17337140E-02  5.75835584E-04
3.85661272E-01  3.13690044E-02  5.68562711E-04
3.85959887E-01  3.13943438E-02  5.74618054E-04
3.86258502E-01  3.14157493E-02  5.70535718E-04
3.86557117E-01  3.14050540E-02  5.77920116E-04
3.86855732E-01  3.05634849E-02  5.62052941E-04
3.87154347E-01  3.05748712E-02  5.61882393E-04
3.87452962E-01  3.11904401E-02  5.72615012E-04
3.87751577E-01  3.15350778E-02  5.69240074E-04
3.88050192E-01  3.17585468E-02  5.77810279E-04
3.88348807E-01  3.03238183E-02  5.56704996E-04
3.88647422E-01  3.05604655E-02  5.63428272E-04
3.88946037E-01  3.11021302E-02  5.67277602E-04
3.89244652E-01  3.03946827E-02  5.61901834E-04
3.89543267E-01  3.03476099E-02  5.61607711E-04
3.89841882E-01  3.19300033E-02  5.71547193E-04
3.90140497E-01  3.14810909E-02  5.73141850E-04
3.90439112E-01  3.08165401E-02  5.65655355E-04
3.90737727E-01  3.14090289E-02  5.64943475E-04
3.91036342E-01  3.11326198E-02  5.69541531E-04
3.91334957E-01  3.17762867E-02  5.69069234E-04
3.91633572E-01  3.28525044E-02  5.84050315E-04
3.91932187E-01  3.18325870E-02  5.69438620E-04
3.92230802E-01  3.05646304E-02  5.59619104E-04
3.92529417E-01  3.21159661E-02  5.77472092E-04
3.92828032E-01  3.09528019E-02  5.61111257E-04
3.93126647E-01  3.19344029E-02  5.72728051E-04
3.93425262E-01  3.12680863E-02  5.64788817E-04
3.93723877E-01  3.07515971E-02  5.62853704E-04
3.94022492E-01  3.22804227E-02  5.76252409E-04
3.94321107E-01  3.20626423E-02  5.71092183E-04
3.94619722E-01  3.16256508E-02  5.67464565E-04
3.94918337E-01  3.13358195E-02  5.64449059E-04
3.95216952E-01  3.06864232E-02  5.60068234E-04
3.95515567E-01  3.17196250E-02  5.69977157E-04
3.95814182E-01  3.09101902E-02  5.57506224E-04
3.96112797E-01  3.21733169E-02  5.73063502E-04
3.96411412E-01  3.05641703E-02  5.57465653E-04
3.96710027E-01  3.27791423E-02  5.78015635E-04
3.97008642E-01  3.12724411E-02  5.61850902E-04
3.97307257E-01  3.04217990E-02  5.54961269E-04
3.97605872E-01  3.08695212E-02  5.60523302E-04
3.97904487E-01  3.13374512E-02  5.66134055E-04
3.98203102E-01  3.19452398E-02  5.65424562E-04
3.98501717E-01  3.16462331E-02  5.64122805E-04
3.98800332E-01  3.09358276E-02  5.58696105E-04
3.99098947E-01  3.03891692E-02  5.54273778E-04
3.99397562E-01  3.10084410E-02  5.61658642E-04
3.99696177E-01  3.01090870E-02  5.51185978E-04
3.99994792E-01  3.00065670E-02  5.48666052E-04
4.00293407E-01  3.14162001E-02  5.63162670E-04
4.00592022E-01  3.10150497E-02  5.57947380E-04
4.00890637E-01  3.15522105E-02  5.62625530E-04
4.01189252E-01  3.06910612E-02  5.54366095E-04
4.01487867E-01  3.07050087E-02  5.56893880E-04
4.01786482E-01  3.18252482E-02  5.66145754E-04
4.02085097E-01  3.05912718E-02  5.50323806E-04
4.02383712E-01  3.07982266E-02  5.59228763E-04
4.02682327E-01  3.10822725E-02  5.54333965E-04
4.02980942E-01  3.13578658E-02  5.61846246E-04
4.03279557E-01  3.19828205E-02  5.65116934E-04
4.03578172E-01  3.03918757E-02  5.47890493E-04
4.03876787E-01  3.14239971E-02  5.62039611E-04
4.04175402E-01  3.10529936E-02  5.54606202E-04
4.04474017E-01  3.03274188E-02  5.51225443E-04
4.04772632E-01  3.15289833E-02  5.59108914E-04
4.05071247E-01  3.08685191E-02  5.53879247E-04
4.05369862E-01  3.02712489E-02  5.53505728E-04
4.05668477E-01  3.12502310E-02  5.52086276E-04
4.05967092E-01  3.15051898E-02  5.59302920E-04
4.06265707E-01  3.08470931E-02  5.52517246E-04
4.06564322E-01  3.11597195E-02  5.54657658E-04
4.06862937E-01  3.11038997E-02  5.59726963E-04
4.07161552E-01  3.12356707E-02  5.53385704E-04
4.07460167E-01  2.98565235E-02  5.44740004E-04
4.07758782E-01  2.99475621E-02  5.40848181E-04
4.08057397E-01  2.96716075E-02  5.41006099E-04
4.08356012E-01  3.14772502E-02  5.59335982E-04
4.08654627E-01  3.08468528E-02  5.48914599E-04
4.08953242E-01  3.06949895E-02  5.53264981E-04
4.09251857E-01  3.02709546E-02  5.44914219E-04
4.09550472E-01  3.06333564E-02  5.48425072E-04
4.09849087E-01  3.09866164E-02  5.51838719E-04
4.10147702E-01  3.12003065E-02  5.51290344E-04
4.10446317E-01  3.14291343E-02  5.59187727E-04
4.10744932E-01  2.96073332E-02  5.39296598E-04
4.11043547E-01  3.01747620E-02  5.39782515E-04
4.11342162E-01  3.11452709E-02  5.53000486E-04
4.11640777E-01  3.03854737E-02  5.47241769E-04
4.11939392E-01  3.08774188E-02  5.52175392E-04
4.12238007E-01  3.02850828E-02  5.41150279E-04
4.12536622E-01  3.05567030E-02  5.46352705E-04
4.12835237E-01  2.92738657E-02  5.32780716E-04
4.13133852E-01  2.97211036E-02  5.38960216E-04
4.13432467E-01  3.02805863E-02  5.43504837E-04
4.13731082E-01  2.90962048E-02  5.31044614E-04
4.14029697E-01  2.92760432E-02  5.35040279E-04
4.14328312E-01  3.02326828E-02  5.41947084E-04
4.14626927E-01  3.07341143E-02  5.47950505E-04
4.14925542E-01  3.03627755E-02  5.39873319E-04
4.15224157E-01  2.83915326E-02  5.25678974E-04
4.15522772E-01  2.90702041E-02  5.32793172E-04
4.15821387E-01  2.79860534E-02  5.19151159E-04
4.16120002E-01  2.89884228E-02  5.29341982E-04
4.16418617E-01  2.99732909E-02  5.39381173E-04
4.16717232E-01  2.98532359E-02  5.37307758E-04
4.17015847E-01  2.95550656E-02  5.36478823E-04
4.17314462E-01  3.00357938E-02  5.33806277E-04
4.17613077E-01  2.85034589E-02  5.25147363E-04
4.17911692E-01  3.00607029E-02  5.37570217E-04
4.18210307E-01  2.95289177E-02  5.36623411E-04
4.18508922E-01  2.91567370E-02  5.27858851E-04
4.18807537E-01  2.87973750E-02  5.24717325E-04
4.19106152E-01  2.98107285E-02  5.37064858E-04
4.19404767E-01  2.91513428E-02  5.30726684E-04
4.19703382E-01  3.00676506E-02  5.34710300E-04
4.20001997E-01  2.89900359E-02  5.27440396E-04
4.20300612E-01  2.92082001E-02  5.27495460E-04
4.20599227E-01  2.94867810E-02  5.34271996E-04
4.20897842E-01  2.77853664E-02  5.15428372E-04
4.21196457E-01  2.86899041E-02  5.22325747E-04
4.21495072E-01  2.97068544E-02  5.33809187E-04
4.21793687E-01  2.91081909E-02  5.26721065E-04
4.22092302E-01  2.91114561E-02  5.29649493E-04
4.22390917E-01  2.86543556E-02  5.17915585E-04
4.22689532E-01  2.91797537E-02  5.29666257E-04
4.22988147E-01  2.94556022E-02  5.28782432E-04
4.23286762E-01  2.89265625E-02  5.27246331E-04
4.23585377E-01  2.86956206E-02  5.21566195E-04
4.23883992E-01  2.87022945E-02  5.20570844E-04
4.24182607E-01  2.86527798E-02  5.20357920E-04
4.24481222E-01  2.88647935E-02  5.25248703E-04
4.24779837E-01  2.78212111E-02  5.13449835E-04
4.25078452E-01  2.81547457E-02  5.14547748E-04
4.25377067E-01  2.92480197E-02  5.28128468E-04
4.25675682E-01  2.80641727E-02  5.13493142E-04
4.25974297E-01  2.84794178E-02  5.21265436E-04
4.26272912E-01  2.84278877E-02  5.15085878E-04
4.26571527E-01  2.92049628E-02  5.27867582E-04
4.26870142E-01  2.79209688E-02  5.12074388E-04
4.27168757E-01  2.80655101E-02  5.14206651E-04
4.27467372E-01  2.79808063E-02  5.11710823E-04
4.27765987E-01  2.90232021E-02  5.24325471E-04
4.28064602E-01  2.86543742E-02  5.18764020E-04
4.28363217E-01  2.84317080E-02  5.18140499E-04
4.28661832E-01  2.93591991E-02  5.25698240E-04
4.28960447E-01  2.83572599E-02  5.15842403E-04
4.29259062E-01  2.89460085E-02  5.20473637E-04
4.29557677E-01  2.82920040E-02  5.15252410E-04
4.29856292E-01  2.84538344E-02  5.14543441E-04
4.30154907E-01  2.89547034E-02  5.20209665E-04
4.30453522E-01  2.87674926E-02  5.20385685E-04
4.30752137E-01  2.86170114E-02  5.17748296E-04
4.31050752E-01  2.72738859E-02  5.03434509E-04
4.31349367E-01  2.93948017E-02  5.23573253E-04
4.31647982E-01  2.74588130E-02  5.05814969E-04
4.31946597E-01  2.84612942E-02  5.17734908E-04
4.32245212E-01  2.84132622E-02  5.13055362E-04
4.32543827E-01  2.79844254E-02  5.11777063E-04
4.32842442E-01  2.84233950E-02  5.18678571E-04
4.33141057E-01  2.79846545E-02  5.09064412E-04
4.33439672E-01  2.88918894E-02  5.20595699E-04
4.33738287E-01  2.84367986E-02  5.13731618E-04
4.34036902E-01  2.85793729E-02  5.17660694E-04
4.34335517E-01  2.80480757E-02  5.12256229E-04
4.34634132E-01  2.84016561E-02  5.16052649E-04
4.34932747E-01  2.79736109E-02  5.09538397E-04
4.35231362E-01  2.77507883E-02  5.07844146E-04
4.35529977E-01  2.85411216E-02  5.17903245E-04
4.35828592E-01  2.77963150E-02  5.10303362E-04
4.36127207E-01  2.81627681E-02  5.10701502E-04
4.36425822E-01  2.78445836E-02  5.08709461E-04
4.36724437E-01  2.83876918E-02  5.14104438E-04
4.37023052E-01  2.86088288E-02  5.16334199E-04
4.37321667E-01  2.85587534E-02  5.12930332E-04
4.37620282E-01  2.78945845E-02  5.10646671E-04
4.37918897E-01  2.77926810E-02  5.08695957E-04
4.38217512E-01  2.73593236E-02  5.05614851E-04
4.38516127E-01  2.84437723E-02  5.12354891E-04
4.38814742E-01  2.86158901E-02  5.11324266E-04
4.39113357E-01  2.85131186E-02  5.15026390E-04
4.39411972E-01  2.81906445E-02  5.11880731E-04
4.39710587E-01  2.87792776E-02  5.15149150E-04
4.40009202E-01  2.81878877E-02  5.11746330E-04
4.40307817E-01  2.85099354E-02  5.10164537E-04
4.40606432E-01  2.76030079E-02  5.06413286E-04
4.40905047E-01  2.82488912E-02  5.10837359E-04
4.41203662E-01  2.80875657E-02  5.06267184E-04
4.41502277E-01  2.83103231E-02  5.10946731E-04
4.41800892E-01  2.85546649E-02  5.12361294E-04
4.42099507E-01  2.80309375E-02  5.07976918E-04
4.42398122E-01  2.82597877E-02  5.08710742E-04
4.42696737E-01  2.86204852E-02  5.12060768E-04
4.42995352E-01  2.84241792E-02  5.11421473E-04
4.43293967E-01  2.76804492E-02  5.06133307E-04
4.43592582E-01  2.81095244E-02  5.10155573E-04
4.43891197E-01  2.76742298E-02  5.01347997E-04
4.44189812E-01  2.83746812E-02  5.12108323E-04
4.44488427E-01  2.82307006E-02  5.08351950E-04
4.44787042E-01  2.89583337E-02  5.16783621E-04
4.45085657E-01  2.78009046E-02  5.04471362E-04
4.45384272E-01  2.79964767E-02  5.07019518E-04
4.45682887E-01  2.81429011E-02  5.11943013E-04
4.45981502E-01  2.90472563E-02  5.15100022E-04
4.46280117E-01  2.77983434E-02  5.05007221E-04
4.46578732E-01  2.81198584E-02  5.08254743E-04
4.46877347E-01  2.86555793E-02  5.14089304E-04
4.47175962E-01  2.80202851E-02  5.13464271E-04
4.47474577E-01  2.84800790E-02  5.09060046E-04
4.47773192E-01  2.87396573E-02  5.13946172E-04
4.48071807E-01  2.80138068E-02  5.07416553E-04
4.48370422E-01  2.81189997E-02  5.09823964E-04
4.48669037E-01  2.77782604E-02  5.05393546E-04
4.48967652E-01  2.93325558E-02  5.18774439E-04
4.49266267E-01  2.80241929E-02  5.09194215E-04
4.49564882E-01  2.87251435E-02  5.15752472E-04
4.49863497E-01  2.76783891E-02  5.04160940E-04
4.50162112E-01  2.82992013E-02  5.11579914E-04
4.50460727E-01  2.82101296E-02  5.10888756E-04
4.50759342E-01  2.87318993E-02  5.15707536E-04
4.51057957E-01  2.86470540E-02  5.14267478E-04
4.51356572E-01  2.90212817E-02  5.14235289E-04
4.51655187E-01  2.79178433E-02  5.09029487E-04
4.51953802E-01  2.74149384E-02  5.02540206E-04
4.52252417E-01  2.83623375E-02  5.16276574E-04
4.52551032E-01  2.86196414E-02  5.12455881E-04
4.52849647E-01  2.81096399E-02  5.08985424E-04
4.53148262E-01  2.89946347E-02  5.16937813E-04
4.53446877E-01  2.81772483E-02  5.09042700E-04
4.53745492E-01  2.80613396E-02  5.09113364E-04
4.54044107E-01  2.77651269E-02  5.07427263E-04
4.54342722E-01  2.83083953E-02  5.11578924E-04
4.54641337E-01  2.87867524E-02  5.17025299E-04
4.54939952E-01  2.76072063E-02  5.04541094E-04
4.55238567E-01  2.89616119E-02  5.16431115E-04
4.55537182E-01  2.87824087E-02  5.18370594E-04
4.55835797E-01  2.85090879E-02  5.14534069E-04
4.56134412E-01  2.79800091E-02  5.08391415E-04
4.56433027E-01  2.91528851E-02  5.19511581E-04
4.56731642E-01  2.77099758E-02  5.05491567E-04
4.57030257E-01  2.82564163E-02  5.12483995E-04
4.57328872E-01  2.96921395E-02  5.24069590E-04
4.57627487E-01  2.85572130E-02  5.13731968E-04
4.57926102E-01  2.85952184E-02  5.14415675E-04
4.58224717E-01  2.83698980E-02  5.14203974E-04
4.58523332E-01  2.82472204E-02  5.11392835E-04
4.58821947E-01  2.90769637E-02  5.15789026E-04
4.59120562E-01  2.87561677E-02  5.17814013E-04
4.59419177E-01  2.85072848E-02  5.15341526E-04
4.59717792E-01  2.81130746E-02  5.11654478E-04
4.60016407E-01  2.85287388E-02  5.13718696E-04
4.60315022E-01  2.89668925E-02  5.16854052E-04
4.60613637E-01  2.89191715E-02  5.18484565E-04
4.60912252E-01  2.89034005E-02  5.19959722E-04
4.61210867E-01  2.85607576E-02  5.14128595E-04
4.61509482E-01  2.97513418E-02  5.30260382E-04
4.61808097E-01  2.88274251E-02  5.33749699E-04
4.62106712E-01  2.90640835E-02  5.38223772E-04
4.62405327E-01  2.84716971E-02  5.37584769E-04
4.62703942E-01  2.85247713E-02  5.37438435E-04
4.63002557E-01  2.89509054E-02  5.51370846E-04
4.63301172E-01  2.94091329E-02  5.57675725E-04
4.63599787E-01  2.88474020E-02  5.55271341E-04
4.63898402E-01  2.84672435E-02  5.54147933E-04
4.64197017E-01  2.87787393E-02  5.57890977E-04
4.64495632E-01  2.94421762E-02  5.71396609E-04
4.64794247E-01  2.89130509E-02  5.67140640E-04
4.65092862E-01  2.90876515E-02  5.66010422E-04
4.65391477E-01  2.92194635E-02  5.75815851E-04
4.65690092E-01  2.81945411E-02  5.65476366E-04
4.65988707E-01  2.82291397E-02  5.70780889E-04
4.66287322E-01  2.81950869E-02  5.70909819E-04
4.66585937E-01  2.88947746E-02  5.78590203E-04
4.66884552E-01  2.92341467E-02  5.89177827E-04
4.67183167E-01  2.86582056E-02  5.85838105E-04
4.67481782E-01  2.95105353E-02  5.87165356E-04
4.67780397E-01  2.86970232E-02  5.87245508E-04
4.68079012E-01  2.90409476E-02  5.92795899E-04
4.68377627E-01  2.92329621E-02  5.98212762E-04
4.68676242E-01  2.88290475E-02  5.95458492E-04
4.68974857E-01  2.85710040E-02  5.92790078E-04
4.69273472E-01  2.85405051E-02  5.98108687E-04
4.69572087E-01  2.85084192E-02  5.95998485E-04
4.69870702E-01  2.95265075E-02  6.09085313E-04
4.70169317E-01  2.93478705E-02  6.10355230E-04
4.70467932E-01  2.94983443E-02  6.13219512E-04
4.70766547E-01  2.95086037E-02  6.19759085E-04
4.71065162E-01  2.83978395E-02  6.07796828E-04
4.71363777E-01  2.89915651E-02  6.09977113E-04
4.71662392E-01  2.88091563E-02  6.15052530E-04
4.71961007E-01  2.75900569E-02  6.03792025E-04
4.72259622E-01  2.89742779E-02  6.23282918E-04
4.72558237E-01  2.92417649E-02  6.22588093E-04
4.72856852E-01  2.87984405E-02  6.08885952E-04
4.73155467E-01  2.84399949E-02  6.00502593E-04
4.73454082E-01  2.93789357E-02  6.03097025E-04
4.73752697E-01  2.91131884E-02  5.91199263E-04
4.74051312E-01  2.96876300E-02  5.97347505E-04
4.74349927E-01  2.88245585E-02  5.85096830E-04
4.74648542E-01  2.96373032E-02  5.93458652E-04
4.74947157E-01  3.00756935E-02  5.91999909E-04
4.75245772E-01  2.98483819E-02  5.88781608E-04
4.75544387E-01  2.97566541E-02  5.86743932E-04
4.75843002E-01  2.96329856E-02  5.86820592E-04
4.76141617E-01  3.05220913E-02  5.90357115E-04
4.76440232E-01  2.89965831E-02  5.75573766E-04
4.76738847E-01  2.91744843E-02  5.75152866E-04
4.77037462E-01  2.93878876E-02  5.77566971E-04
4.77336077E-01  2.83529237E-02  5.68538613E-04
4.77634692E-01  2.96685304E-02  5.76441293E-04
4.77933307E-01  3.01074684E-02  5.81468048E-04
4.78231922E-01  2.89431754E-02  5.66642499E-04
4.78530537E-01  2.91313324E-02  5.73967642E-04
4.78829152E-01  2.94928961E-02  5.68856543E-04
4.79127767E-01  2.95070335E-02  5.70937584E-04
4.79426382E-01  2.93565486E-02  5.72654011E-04
4.79724997E-01  2.97690257E-02  5.74075733E-04
4.80023612E-01  2.90777851E-02  5.66032832E-04
4.80322227E-01  2.99286544E-02  5.71861921E-04
4.80620842E-01  2.83295270E-02  5.59147506E-04
4.80919457E-01  2.90076695E-02  5.64027112E-04
4.81218072E-01  2.91772801E-02  5.65086259E-04
4.81516687E-01  3.03168800E-02  5.77071973E-04
4.81815302E-01  2.94355433E-02  5.63056848E-04
4.82113917E-01  2.89541371E-02  5.64696849E-04
4.82412532E-01  2.89220605E-02  5.60143322E-04
4.82711147E-01  2.86981352E-02  5.56537590E-04
4.83009762E-01  3.00446395E-02  5.71062905E-04
4.83308377E-01  2.94720642E-02  5.66770497E-04
4.83606992E-01  2.93616559E-02  5.62364119E-04
4.83905607E-01  3.00422516E-02  5.70605393E-04
4.84204222E-01  2.92249359E-02  5.60053799E-04
4.84502837E-01  3.01904250E-02  5.72903256E-04
4.84801452E-01  2.94747185E-02  5.63600042E-04
4.85100067E-01  2.93421894E-02  5.58620261E-04
4.85398682E-01  2.96407137E-02  5.64610644E-04
4.85697297E-01  2.96321325E-02  5.64242480E-04
4.85995912E-01  2.86331251E-02  5.56218962E-04
4.86294527E-01  2.91092191E-02  5.56407729E-04
4.86593142E-01  2.80781481E-02  5.47716452E-04
4.86891757E-01  2.84934957E-02  5.52881043E-04
4.87190372E-01  2.92293224E-02  5.60549728E-04
4.87488987E-01  2.86863837E-02  5.50137425E-04
4.87787602E-01  2.81292889E-02  5.48922922E-04
4.88086217E-01  2.85385866E-02  5.50245284E-04
4.88384832E-01  2.96816267E-02  5.62438567E-04
4.88683447E-01  2.91583799E-02  5.58880973E-04
4.88982062E-01  2.98131499E-02  5.61414112E-04
4.89280677E-01  2.90048346E-02  5.57270308E-04
4.89579292E-01  2.91699078E-02  5.56450686E-04
4.89877907E-01  2.84084082E-02  5.48449403E-04
4.90176522E-01  2.97516622E-02  5.59859269E-04
4.90475137E-01  2.88403388E-02  5.52886631E-04
4.90773752E-01  2.89028343E-02  5.53069345E-04
4.91072367E-01  2.86751185E-02  5.51444595E-04
4.91370982E-01  2.83693727E-02  5.46982687E-04
4.91669597E-01  2.90729254E-02  5.54701546E-04
4.91968212E-01  2.93927249E-02  5.58873813E-04
4.92266827E-01  2.93824282E-02  5.58073109E-04
4.92565442E-01  3.00979819E-02  5.61721157E-04
4.92864057E-01  2.94611622E-02  5.57560707E-04
4.93162672E-01  2.91312020E-02  5.55409293E-04
4.93461287E-01  3.02115753E-02  5.65617054E-04
4.93759902E-01  2.95238588E-02  5.54689381E-04
4.94058517E-01  2.87424326E-02  5.49899298E-04
4.94357132E-01  3.02417316E-02  5.62935311E-04
4.94655747E-01  2.85350196E-02  5.51099190E-04
4.94954362E-01  2.87126955E-02  5.45943738E-04
4.95252977E-01  2.79789492E-02  5.42284688E-04
4.95551592E-01  2.98928879E-02  5.62218309E-04
4.95850207E-01  2.88016330E-02  5.51031961E-04
4.96148822E-01  2.90201977E-02  5.49412158E-04
4.96447437E-01  2.91653052E-02  5.53949154E-04
4.96746052E-01  2.88435072E-02  5.49924094E-04
4.97044667E-01  2.84793135E-02  5.50023338E-04
4.97343282E-01  2.94496603E-02  5.52515732E-04
4.97641897E-01  2.93836780E-02  5.51083882E-04
4.97940512E-01  2.90182866E-02  5.53256425E-04
4.98239127E-01  2.96854228E-02  5.57626365E-04
4.98537742E-01  2.89737210E-02  5.52005600E-04
4.98836357E-01  3.01220194E-02  5.59351873E-04
4.99134972E-01  2.79997308E-02  5.41569723E-04
4.99433587E-01  2.92749889E-02  5.55431645E-04
4.99732202E-01  2.89726742E-02  5.49399294E-04
5.00030817E-01  2.87453998E-02  5.46565570E-04
5.00329432E-01  2.94002909E-02  5.54130937E-04
5.00628047E-01  2.87112314E-02  5.47601259E-04
5.00926662E-01  2.81841122E-02  5.45544375E-04
5.01225277E-01  2.92878225E-02  5.49672986E-04
5.01523892E-01  2.96825562E-02  5.53775171E-04
5.01822507E-01  2.90658083E-02  5.50571771E-04
5.02121122E-01  2.89031453E-02  5.50261699E-04
5.02419737E-01  2.93770730E-02  5.53791702E-04
5.02718352E-01  2.93794628E-02  5.53541817E-04
5.03016967E-01  2.88126655E-02  5.48042706E-04
5.03315582E-01  3.01554110E-02  5.62205794E-04
5.03614197E-01  2.94446629E-02  5.51162404E-04
5.03912812E-01  2.90556494E-02  5.50083292E-04
5.04211427E-01  2.91549955E-02  5.49800752E-04
5.04510042E-01  2.83289868E-02  5.44788199E-04
5.04808657E-01  2.93818098E-02  5.50178695E-04
5.05107272E-01  2.87168231E-02  5.47011907E-04
5.05405887E-01  2.92870849E-02  5.50240919E-04
5.05704502E-01  2.94364057E-02  5.55898878E-04
5.06003117E-01  2.84002088E-02  5.43053844E-04
5.06301732E-01  2.96380352E-02  5.54490718E-04
5.06600347E-01  2.82259490E-02  5.39130648E-04
5.06898962E-01  2.91264001E-02  5.51323988E-04
5.07197577E-01  2.90267821E-02  5.51616715E-04
5.07496192E-01  2.84471381E-02  5.39530709E-04
5.07794807E-01  2.94214543E-02  5.55913954E-04
5.08093422E-01  2.83009261E-02  5.41452435E-04
5.08392037E-01  2.92140208E-02  5.51207922E-04
5.08690652E-01  2.88996920E-02  5.45277202E-04
5.08989267E-01  2.86849886E-02  5.45121380E-04
5.09287882E-01  2.89471373E-02  5.49508142E-04
5.09586497E-01  2.83674765E-02  5.41833928E-04
5.09885112E-01  2.95556560E-02  5.52659447E-04
5.10183727E-01  2.85202675E-02  5.43563743E-04
5.10482342E-01  2.86355373E-02  5.43592963E-04
5.10780957E-01  2.85771210E-02  5.44647337E-04
5.11079572E-01  2.85890009E-02  5.43690112E-04
5.11378187E-01  2.91929822E-02  5.49540855E-04
5.11676802E-01  2.84337178E-02  5.46398282E-04
5.11975417E-01  2.89540105E-02  5.45816496E-04
5.12274032E-01  2.87093297E-02  5.44307695E-04
5.12572647E-01  2.94960532E-02  5.52124402E-04
5.12871262E-01  2.99188588E-02  5.55387815E-04
5.13169877E-01  2.88656801E-02  5.49448829E-04
5.13468492E-01  2.83561219E-02  5.38191816E-04
5.13767107E-01  2.96758804E-02  5.52593789E-04
5.14065722E-01  2.76549216E-02  5.36609557E-04
5.14364337E-01  2.87010204E-02  5.45721734E-04
5.14662952E-01  2.98243463E-02  5.55069710E-04
5.14961567E-01  2.94032972E-02  5.49522345E-04
5.15260182E-01  2.99810208E-02  5.58179046E-04
5.15558797E-01  2.95585021E-02  5.52326557E-04
5.15857412E-01  2.86496319E-02  5.43371250E-04
5.16156027E-01  3.00914776E-02  5.58111526E-04
5.16454642E-01  2.84324586E-02  5.42778173E-04
5.16753257E-01  2.84788720E-02  5.41889749E-04
5.17051872E-01  2.91200783E-02  5.50121302E-04
5.17350487E-01  2.95736156E-02  5.50594064E-04
5.17649102E-01  2.92489640E-02  5.49040386E-04
5.17947717E-01  2.87908353E-02  5.44192852E-04
5.18246332E-01  2.90703494E-02  5.47232339E-04
5.18544947E-01  2.84172017E-02  5.42783702E-04
5.18843562E-01  2.92175151E-02  5.50783880E-04
5.19142177E-01  2.88600642E-02  5.44723473E-04
5.19440792E-01  2.89489906E-02  5.45431220E-04
5.19739407E-01  2.83160824E-02  5.39966510E-04
5.20038022E-01  2.88147982E-02  5.47390548E-04
5.20336637E-01  2.92598885E-02  5.48762269E-04
5.20635252E-01  2.88446527E-02  5.44723764E-04
5.20933867E-01  2.93612182E-02  5.49986027E-04
5.21232482E-01  2.94438936E-02  5.50088938E-04
5.21531097E-01  2.83193123E-02  5.41605987E-04
5.21829712E-01  2.83398423E-02  5.41404821E-04
5.22128327E-01  2.81535834E-02  5.38830704E-04
5.22426942E-01  2.82106642E-02  5.36883541E-04
5.22725557E-01  2.75655780E-02  5.33571758E-04
5.23024172E-01  2.92171445E-02  5.48249984E-04
5.23322787E-01  2.85509676E-02  5.43163274E-04
5.23621402E-01  2.80448645E-02  5.37143613E-04
5.23920017E-01  2.83606630E-02  5.43092494E-04
5.24218632E-01  2.85633095E-02  5.40375127E-04
5.24517247E-01  2.74426527E-02  5.31092868E-04
5.24815862E-01  2.79181879E-02  5.37783955E-04
5.25114477E-01  2.86243148E-02  5.42014430E-04
5.25413092E-01  2.85071228E-02  5.42231021E-04
5.25711707E-01  2.86667626E-02  5.44283830E-04
5.26010322E-01  2.80128270E-02  5.35157567E-04
5.26308937E-01  2.83079911E-02  5.39812201E-04
5.26607552E-01  2.91689597E-02  5.47828269E-04
5.26906167E-01  2.84037106E-02  5.40068664E-04
5.27204782E-01  2.84431111E-02  5.43774746E-04
5.27503397E-01  2.89022569E-02  5.45325631E-04
5.27802012E-01  2.84740198E-02  5.41405519E-04
5.28100627E-01  2.83314399E-02  5.41244342E-04
5.28399242E-01  2.85226367E-02  5.38067194E-04
5.28697857E-01  2.86825933E-02  5.44192153E-04
5.28996472E-01  2.91299839E-02  5.47482574E-04
5.29295087E-01  2.82536410E-02  5.41043060E-04
5.29593702E-01  2.85103954E-02  5.40050969E-04
5.29892317E-01  2.74749584E-02  5.31320227E-04
5.30190932E-01  2.93360706E-02  5.51453268E-04
5.30489547E-01  2.86851283E-02  5.43165952E-04
5.30788162E-01  2.92702876E-02  5.47610631E-04
5.31086777E-01  2.85630058E-02  5.42411639E-04
5.31385392E-01  2.87758596E-02  5.41784742E-04
5.31684007E-01  2.93813813E-02  5.50267170E-04
5.31982622E-01  2.87389271E-02  5.44087088E-04
5.32281237E-01  2.83544827E-02  5.40305977E-04
5.32579852E-01  2.83385925E-02  5.41084853E-04
5.32878467E-01  2.74561271E-02  5.31552767E-04
5.33177082E-01  2.80601773E-02  5.38425404E-04
5.33475697E-01  2.87868828E-02  5.41512622E-04
5.33774312E-01  2.94636544E-02  5.49978402E-04
5.34072927E-01  2.79639717E-02  5.39366854E-04
5.34371542E-01  2.85235364E-02  5.39429602E-04
5.34670157E-01  2.88911965E-02  5.41847548E-04
5.34968772E-01  2.87523046E-02  5.45711315E-04
5.35267387E-01  2.77197324E-02  5.33466518E-04
5.35566002E-01  2.85627060E-02  5.43780334E-04
5.35864617E-01  2.83581056E-02  5.37745422E-04
5.36163232E-01  2.82210987E-02  5.39727625E-04
5.36461847E-01  2.82897111E-02  5.39856381E-04
5.36760462E-01  2.84977034E-02  5.40781592E-04
5.37059077E-01  2.86055412E-02  5.40883746E-04
5.37357692E-01  2.74628717E-02  5.33485960E-04
5.37656307E-01  2.83052120E-02  5.37128828E-04
5.37954922E-01  2.91881319E-02  5.51899604E-04
5.38253537E-01  2.88293753E-02  5.38702181E-04
5.38552152E-01  2.85572428E-02  5.41229732E-04
5.38850767E-01  2.90700179E-02  5.47808770E-04
5.39149382E-01  2.84685139E-02  5.42380381E-04
5.39447997E-01  2.88350228E-02  5.43863454E-04
5.39746612E-01  2.85737887E-02  5.42323105E-04
5.40045227E-01  2.88742036E-02  5.43443719E-04
5.40343842E-01  2.81079188E-02  5.38944732E-04
5.40642457E-01  2.81656962E-02  5.37001120E-04
5.40941072E-01  2.78660040E-02  5.33620012E-04
5.41239687E-01  2.88182050E-02  5.48148062E-04
5.41538302E-01  2.83485334E-02  5.39800734E-04
5.41836917E-01  2.82730013E-02  5.38557768E-04
5.42135532E-01  2.79532131E-02  5.31887636E-04
5.42434147E-01  2.78456863E-02  5.34999534E-04
5.42732762E-01  2.81652492E-02  5.39647357E-04
5.43031377E-01  2.87212264E-02  5.46699215E-04
5.43329992E-01  2.79001594E-02  5.31648635E-04
5.43628607E-01  2.85149124E-02  5.41400688E-04
5.43927222E-01  2.82346513E-02  5.39395318E-04
5.44225837E-01  2.85860617E-02  5.43143309E-04
5.44524452E-01  2.80803107E-02  5.34402789E-04
5.44823067E-01  2.75695622E-02  5.32751379E-04
5.45121682E-01  2.76565980E-02  5.32942766E-04
5.45420297E-01  2.79820058E-02  5.36333304E-04
5.45718912E-01  2.79758628E-02  5.34841907E-04
5.46017527E-01  2.85098199E-02  5.41109010E-04
5.46316142E-01  2.75973976E-02  5.31604630E-04
5.46614757E-01  2.72771548E-02  5.31889265E-04
5.46913372E-01  2.85431053E-02  5.38549153E-04
5.47211987E-01  2.85967756E-02  5.42076363E-04
5.47510602E-01  2.88188625E-02  5.45112242E-04
5.47809217E-01  2.85679419E-02  5.40753128E-04
5.48107832E-01  2.79736593E-02  5.37855551E-04
5.48406447E-01  2.81454939E-02  5.37006475E-04
5.48705062E-01  2.76117437E-02  5.30602760E-04
5.49003677E-01  2.71444321E-02  5.30614227E-04
5.49302292E-01  2.89568510E-02  5.41936373E-04
5.49600907E-01  2.81988271E-02  5.39499044E-04
5.49899522E-01  2.81845536E-02  5.37653919E-04
5.50198137E-01  2.82061845E-02  5.39442408E-04
5.50496752E-01  2.89056599E-02  5.44228591E-04
5.50795367E-01  2.81948596E-02  5.36194537E-04
5.51093982E-01  2.78538149E-02  5.34761057E-04
5.51392597E-01  2.84378882E-02  5.41796966E-04
5.51691212E-01  2.79674344E-02  5.35464205E-04
5.51989827E-01  2.89749410E-02  5.44761133E-04
5.52288442E-01  2.78471690E-02  5.31604921E-04
5.52587057E-01  2.85512134E-02  5.40242938E-04
5.52885672E-01  2.79039107E-02  5.34345920E-04
5.53184287E-01  2.78479885E-02  5.31620579E-04
5.53482902E-01  2.75931787E-02  5.29952522E-04
5.53781517E-01  2.85625532E-02  5.40360808E-04
5.54080132E-01  2.81129554E-02  5.35703555E-04
5.54378747E-01  2.76270695E-02  5.26731776E-04
5.54677362E-01  2.80962884E-02  5.33741142E-04
5.54975977E-01  2.87262853E-02  5.41523623E-04
5.55274592E-01  2.82828361E-02  5.35644416E-04
5.55573207E-01  2.81361695E-02  5.28431206E-04
5.55871822E-01  2.83422749E-02  5.34284627E-04
5.56170437E-01  2.83102598E-02  5.35396161E-04
5.56469052E-01  2.77698021E-02  5.30902471E-04
5.56767667E-01  2.78903712E-02  5.29256708E-04
5.57066282E-01  2.82426681E-02  5.33355400E-04
5.57364897E-01  2.74361596E-02  5.21954789E-04
5.57663512E-01  2.71437392E-02  5.22381510E-04
5.57962127E-01  2.82320287E-02  5.30981284E-04
5.58260742E-01  2.74564158E-02  5.20928064E-04
5.58559357E-01  2.80627385E-02  5.32431703E-04
5.58857972E-01  2.74989512E-02  5.26301737E-04
5.59156587E-01  2.81985160E-02  5.27928816E-04
5.59455202E-01  2.84336861E-02  5.33267041E-04
5.59753817E-01  2.84734797E-02  5.31125523E-04
5.60052432E-01  2.79744565E-02  5.28196164E-04
5.60351047E-01  2.69736834E-02  5.17196779E-04
5.60649662E-01  2.75172070E-02  5.20305126E-04
5.60948277E-01  2.81342436E-02  5.27095166E-04
5.61246892E-01  2.79926807E-02  5.26759191E-04
5.61545507E-01  2.86060274E-02  5.31750964E-04
5.61844122E-01  2.93784644E-02  5.35750238E-04
5.62142737E-01  2.85698585E-02  5.32923266E-04
5.62441352E-01  2.81221066E-02  5.25028154E-04
5.62739967E-01  2.75583304E-02  5.19137480E-04
5.63038582E-01  2.64174435E-02  5.09822101E-04
5.63337197E-01  2.79566385E-02  5.22759510E-04
5.63635812E-01  2.75381468E-02  5.22855262E-04
5.63934427E-01  2.81914752E-02  5.24226110E-04
5.64233042E-01  2.69653723E-02  5.11519436E-04
5.64531657E-01  2.80326027E-02  5.24088333E-04
5.64830272E-01  2.77949795E-02  5.21379930E-04
5.65128887E-01  2.75952779E-02  5.20110421E-04
5.65427502E-01  2.83276178E-02  5.23688330E-04
5.65726117E-01  2.83588972E-02  5.25796262E-04
5.66024732E-01  2.77229156E-02  5.19388937E-04
5.66323347E-01  2.80669983E-02  5.23088442E-04
5.66621962E-01  2.82718334E-02  5.20438422E-04
5.66920577E-01  2.83825025E-02  5.25782234E-04
5.67219192E-01  2.77420972E-02  5.20662870E-04
5.67517807E-01  2.83024199E-02  5.25653362E-04
5.67816422E-01  2.76686065E-02  5.13350766E-04
5.68115037E-01  2.82715559E-02  5.22473361E-04
5.68413652E-01  2.88787633E-02  5.28663339E-04
5.68712267E-01  2.78531890E-02  5.19193825E-04
5.69010882E-01  2.77007092E-02  5.16351545E-04
5.69309497E-01  2.77582966E-02  5.17245324E-04
5.69608112E-01  2.80508492E-02  5.20801404E-04
5.69906727E-01  2.75896993E-02  5.15088323E-04
5.70205342E-01  2.79087387E-02  5.15944557E-04
5.70503957E-01  2.68659908E-02  5.10277285E-04
5.70802572E-01  2.73770392E-02  5.13811479E-04
5.71101187E-01  2.83009652E-02  5.23732859E-04
5.71399802E-01  2.77201477E-02  5.15729247E-04
5.71698417E-01  2.90701017E-02  5.28984645E-04
5.71997032E-01  2.78910734E-02  5.20533416E-04
5.72295647E-01  2.76527125E-02  5.17710345E-04
5.72594262E-01  2.80794930E-02  5.19545400E-04
5.72892877E-01  2.76121981E-02  5.11600228E-04
5.73191492E-01  2.82122735E-02  5.22449496E-04
5.73490107E-01  2.77012475E-02  5.18891902E-04
5.73788722E-01  2.69777998E-02  5.09377918E-04
5.74087337E-01  2.80744564E-02  5.21060138E-04
5.74385952E-01  2.82366928E-02  5.23890776E-04
5.74684567E-01  2.74484623E-02  5.15697175E-04
5.74983182E-01  2.77780425E-02  5.16181404E-04
5.75281797E-01  2.92682108E-02  5.28406934E-04
5.75580412E-01  2.87035704E-02  5.27849654E-04
5.75879027E-01  2.75264420E-02  5.15256077E-04
5.76177642E-01  2.78474577E-02  5.19087014E-04
5.76476257E-01  2.79137567E-02  5.17454057E-04
5.76774872E-01  2.74794959E-02  5.16007072E-04
5.77073487E-01  2.88739949E-02  5.28576027E-04
5.77372102E-01  2.73034777E-02  5.15068299E-04
5.77670717E-01  2.77967192E-02  5.16261091E-04
5.77969332E-01  2.76694968E-02  5.16848406E-04
5.78267947E-01  2.78165713E-02  5.19414432E-04
5.78566562E-01  2.82010660E-02  5.21794776E-04
5.78865177E-01  2.83216219E-02  5.20649715E-04
5.79163792E-01  2.80728787E-02  5.21210430E-04
5.79462407E-01  2.80216802E-02  5.20259840E-04
5.79761022E-01  2.74243373E-02  5.16705099E-04
5.80059637E-01  2.77875923E-02  5.15026797E-04
5.80358252E-01  2.70454884E-02  5.11477119E-04
5.80656867E-01  2.86767483E-02  5.27892262E-04
5.80955482E-01  2.73165591E-02  5.15223364E-04


### HEADER:
#
#{
#    "analysis": {},
#    "calibration_params": {
#        "Beam_Center_X": 1061.0,
#        "Beam_Center_Y": 2093.0,
#        "Detector Tilt": 0.0,
#        "Detector Tilt Plane Rotation": 0.0,
#        "Detector_X_Pixel_Size": 75.0,
#        "Detector_Y_Pixel_Size": 75.0,
#        "Integration Method": "nosplit_csr",
#        "Radial_Average_Method": "pyFAI",
#        "Sample-to-detector distance (mm)": 1782.0,
#        "Wavelength (A)": 0.8823505857220345
#    },
#    "config_file": "/Users/jwinnikoff/Library/Application Support/RAW/backup.cfg",
#    "counters": {
#        "Epoch": "1380.837",
#        "I1": "0",
#        "I2": "0",
#        "I3": "0",
#        "Seconds": "1",
#        "Time": "1.5974e-05",
#        "date": "Mon Feb 20 22:29:54 2023",
#        "diode": "37213"
#    },
#    "filename": "JWL0315A__04-80C_lh_36_data_000001_00001.h5",
#    "history": {},
#    "imageHeader": {},
#    "load_path": "/Users/jwinnikoff/Documents/MBARI/SAXS/HPSAXS_7A_Feb2023/JWL0315A_AAL9256/JWL0315A__04-80C_lh_36_data_000001.h5",
#    "normalizations": {
#        "Absolute_scale": {
#            "Absolute_scale_factor": 0.005174693841759343,
#            "Method": "Water"
#        },
#        "Counter_norms": [
#            [
#                "/",
#                "diode/150000"
#            ]
#        ],
#        "Polarization": {
#            "Used": false
#        },
#        "Solid_Angle_Correction": "On"
#    },
#    "raw_version": "2.1.4"
#}

