### DATA:
#
# 1908
#      Q             I(Q)           Error     
1.14966775E-02  0.00000000E+00  0.00000000E+00
1.17952925E-02  6.50014400E-01  2.89252605E-02
1.20939075E-02  6.97639346E-01  2.11892854E-02
1.23925225E-02  6.95065200E-01  1.72690339E-02
1.26911375E-02  6.89008117E-01  1.61505993E-02
1.29897525E-02  6.12830400E-01  1.48024932E-02
1.32883675E-02  6.03974402E-01  1.41186444E-02
1.35869825E-02  5.50185561E-01  1.28332442E-02
1.38855975E-02  5.50588906E-01  1.20262941E-02
1.41842125E-02  5.27735412E-01  1.20219626E-02
1.44828275E-02  4.59087014E-01  1.10954046E-02
1.47814425E-02  4.35363024E-01  1.04823094E-02
1.50800575E-02  3.93403053E-01  9.59519669E-03
1.53786725E-02  3.85525435E-01  8.94637499E-03
1.56772875E-02  3.68634552E-01  8.81961361E-03
1.59759025E-02  3.23629200E-01  7.71420822E-03
1.62745175E-02  3.31265450E-01  7.69552775E-03
1.65731325E-02  3.02115381E-01  7.45339366E-03
1.68717475E-02  2.82865644E-01  6.62319874E-03
1.71703625E-02  2.64983982E-01  6.74366485E-03
1.74689775E-02  2.51581967E-01  6.06617937E-03
1.77675925E-02  2.53189385E-01  5.98437758E-03
1.80662075E-02  2.51609981E-01  6.20928034E-03
1.83648225E-02  2.30823293E-01  5.34490775E-03
1.86634375E-02  2.15430796E-01  5.40268002E-03
1.89620525E-02  2.06307381E-01  4.98175900E-03
1.92606675E-02  1.97901770E-01  4.94909100E-03
1.95592825E-02  2.00646535E-01  5.03191259E-03
1.98578975E-02  1.78040057E-01  4.38836589E-03
2.01565125E-02  1.80899188E-01  4.58009355E-03
2.04551275E-02  1.68864161E-01  4.15337412E-03
2.07537425E-02  1.68892086E-01  4.05821763E-03
2.10523575E-02  1.61678836E-01  3.74984625E-03
2.13509725E-02  1.54460311E-01  3.44010442E-03
2.16495875E-02  1.63523868E-01  3.52910953E-03
2.19482025E-02  1.55375168E-01  3.18621937E-03
2.22468175E-02  1.40373126E-01  3.16828187E-03
2.25454325E-02  1.40566319E-01  2.90771550E-03
2.28440475E-02  1.36288777E-01  2.93246750E-03
2.31426625E-02  1.36299193E-01  2.83036823E-03
2.34412775E-02  1.31704390E-01  2.67451094E-03
2.37398925E-02  1.30180031E-01  2.75981124E-03
2.40385075E-02  1.24271728E-01  2.53457483E-03
2.43371225E-02  1.20239668E-01  2.49311840E-03
2.46357375E-02  1.15191251E-01  2.50652805E-03
2.49343525E-02  1.13774478E-01  2.36876006E-03
2.52329675E-02  1.13075979E-01  2.47816369E-03
2.55315825E-02  1.08837940E-01  2.27786181E-03
2.58301975E-02  1.00997619E-01  2.20657722E-03
2.61288125E-02  1.00708798E-01  2.27710465E-03
2.64274275E-02  1.02838784E-01  2.15513958E-03
2.67260425E-02  9.39590633E-02  2.16931314E-03
2.70246575E-02  9.25627202E-02  2.01652595E-03
2.73232725E-02  9.26769823E-02  2.08276021E-03
2.76218875E-02  9.53092426E-02  2.14354042E-03
2.79205025E-02  9.32312757E-02  2.04128888E-03
2.82191175E-02  8.56198072E-02  1.94943219E-03
2.85177325E-02  8.65415931E-02  1.92695658E-03
2.88163475E-02  8.18867758E-02  1.93331472E-03
2.91149625E-02  8.22678581E-02  1.88191421E-03
2.94135775E-02  8.25312585E-02  1.86324085E-03
2.97121925E-02  7.98397064E-02  1.84776529E-03
3.00108075E-02  8.12286437E-02  1.80196913E-03
3.03094225E-02  7.86274821E-02  1.85223878E-03
3.06080375E-02  7.73538426E-02  1.77789689E-03
3.09066525E-02  7.33379498E-02  1.70691893E-03
3.12052675E-02  7.39395097E-02  1.76648318E-03
3.15038825E-02  7.32499808E-02  1.68268534E-03
3.18024975E-02  7.24492893E-02  1.69917149E-03
3.21011125E-02  7.28288963E-02  1.64840475E-03
3.23997275E-02  6.95932284E-02  1.56875257E-03
3.26983425E-02  6.90697506E-02  1.57588383E-03
3.29969575E-02  6.85005113E-02  1.48284796E-03
3.32955725E-02  6.76980615E-02  1.47413730E-03
3.35941875E-02  6.79498762E-02  1.40830653E-03
3.38928025E-02  6.59068897E-02  1.42804219E-03
3.41914175E-02  6.81748092E-02  1.40903972E-03
3.44900325E-02  6.47621080E-02  1.36409316E-03
3.47886474E-02  6.49147257E-02  1.34194677E-03
3.50872624E-02  6.52679205E-02  1.32022868E-03
3.53858774E-02  6.43883944E-02  1.35262567E-03
3.56844924E-02  6.19695038E-02  1.27589237E-03
3.59831074E-02  6.31414056E-02  1.26612431E-03
3.62817224E-02  6.15618341E-02  1.28087145E-03
3.65803374E-02  6.27573952E-02  1.25364447E-03
3.68789524E-02  5.99178597E-02  1.26627856E-03
3.71775674E-02  6.18828647E-02  1.25716918E-03
3.74761824E-02  6.15535751E-02  1.22037902E-03
3.77747974E-02  6.04278594E-02  1.21489109E-03
3.80734124E-02  5.85868508E-02  1.17740221E-03
3.83720274E-02  5.96406348E-02  1.22690341E-03
3.86706424E-02  5.93673512E-02  1.16608490E-03
3.89692574E-02  5.85316084E-02  1.19229010E-03
3.92678724E-02  5.83436824E-02  1.19946187E-03
3.95664874E-02  5.68938293E-02  1.14153535E-03
3.98651024E-02  5.86243756E-02  1.15979917E-03
4.01637174E-02  5.65264188E-02  1.12004892E-03
4.04623324E-02  5.60092814E-02  1.15440122E-03
4.07609474E-02  5.73818795E-02  1.12752162E-03
4.10595624E-02  5.73480092E-02  1.15018524E-03
4.13581774E-02  5.32227531E-02  1.08776544E-03
4.16567924E-02  5.41784242E-02  1.07542612E-03
4.19554074E-02  5.37470318E-02  1.10170676E-03
4.22540224E-02  5.41566052E-02  1.09726819E-03
4.25526374E-02  5.46041206E-02  1.08687789E-03
4.28512524E-02  5.22511825E-02  1.06679508E-03
4.31498674E-02  5.19782677E-02  1.05162291E-03
4.34484824E-02  5.40679209E-02  1.10596325E-03
4.37470974E-02  5.36654554E-02  1.05469965E-03
4.40457124E-02  5.48379086E-02  1.07134716E-03
4.43443274E-02  5.39461076E-02  1.08304550E-03
4.46429424E-02  5.31943217E-02  1.05175597E-03
4.49415574E-02  5.37711568E-02  1.09147676E-03
4.52401724E-02  5.20558953E-02  1.02644204E-03
4.55387874E-02  5.14265411E-02  1.03664852E-03
4.58374024E-02  5.20534813E-02  1.04294869E-03
4.61360174E-02  5.22608422E-02  1.03008281E-03
4.64346324E-02  5.29243052E-02  1.05679664E-03
4.67332474E-02  5.28162420E-02  1.02271826E-03
4.70318624E-02  5.15104420E-02  1.04003155E-03
4.73304774E-02  5.29635772E-02  1.04862952E-03
4.76290924E-02  5.16486913E-02  1.01369421E-03
4.79277074E-02  5.23739345E-02  1.01453403E-03
4.82263224E-02  5.23619913E-02  1.00752048E-03
4.85249374E-02  5.09129763E-02  1.02401013E-03
4.88235524E-02  5.31942733E-02  1.02089241E-03
4.91221674E-02  5.14510348E-02  9.97968018E-04
4.94207824E-02  5.03627136E-02  9.97917494E-04
4.97193974E-02  5.16805425E-02  9.92755755E-04
5.00180124E-02  5.15704639E-02  1.01925072E-03
5.03166274E-02  5.29540069E-02  1.00342801E-03
5.06152424E-02  5.25419600E-02  1.00248284E-03
5.09138574E-02  5.31162284E-02  1.02014630E-03
5.12124724E-02  5.29389232E-02  9.91636887E-04
5.15110874E-02  5.13169430E-02  9.93686146E-04
5.18097024E-02  5.31155765E-02  9.96169983E-04
5.21083174E-02  5.23471385E-02  9.87506122E-04
5.24069324E-02  5.32066002E-02  9.96301416E-04
5.27055474E-02  5.33318743E-02  9.91031760E-04
5.30041624E-02  5.15477359E-02  9.92956455E-04
5.33027774E-02  5.22025004E-02  9.76302137E-04
5.36013924E-02  5.24877533E-02  9.84568498E-04
5.39000074E-02  5.11691310E-02  9.55806405E-04
5.41986224E-02  5.17877527E-02  9.80800483E-04
5.44972374E-02  5.41339256E-02  9.89997061E-04
5.47958524E-02  5.19905575E-02  9.63449129E-04
5.50944674E-02  5.43635674E-02  1.00057526E-03
5.53930824E-02  5.26177660E-02  9.62591730E-04
5.56916974E-02  5.40339835E-02  9.70166118E-04
5.59903124E-02  5.31975254E-02  9.82783036E-04
5.62889274E-02  5.22726439E-02  9.52935196E-04
5.65875424E-02  5.39754778E-02  9.85781546E-04
5.68861574E-02  5.32108434E-02  9.61449870E-04
5.71847724E-02  5.44735603E-02  9.66292922E-04
5.74833874E-02  5.58345765E-02  9.88881104E-04
5.77820024E-02  5.48076555E-02  9.67964588E-04
5.80806174E-02  5.39149605E-02  9.83856153E-04
5.83792324E-02  5.60493432E-02  9.67375003E-04
5.86778474E-02  5.41796200E-02  9.66261548E-04
5.89764624E-02  5.53655513E-02  9.87411942E-04
5.92750774E-02  5.46366833E-02  9.41172824E-04
5.95736924E-02  5.50586618E-02  9.74070106E-04
5.98723074E-02  5.66638224E-02  9.67658532E-04
6.01709224E-02  5.45738339E-02  9.48429108E-04
6.04695374E-02  5.88888898E-02  1.00070750E-03
6.07681524E-02  5.75534627E-02  9.79004311E-04
6.10667674E-02  5.67587204E-02  9.77292191E-04
6.13653824E-02  5.82577437E-02  9.67608474E-04
6.16639974E-02  5.88431396E-02  9.84831015E-04
6.19626124E-02  5.76061755E-02  9.75675357E-04
6.22612274E-02  5.93048856E-02  9.71428351E-04
6.25598424E-02  5.98968640E-02  9.97450203E-04
6.28584574E-02  6.05562441E-02  9.86514497E-04
6.31570724E-02  5.93926273E-02  9.85642546E-04
6.34556874E-02  5.96095100E-02  9.60943871E-04
6.37543024E-02  6.05304651E-02  9.81417368E-04
6.40529174E-02  6.24189042E-02  1.01044332E-03
6.43515324E-02  6.23038933E-02  9.90198925E-04
6.46501474E-02  6.34624586E-02  1.02080358E-03
6.49487624E-02  6.25070184E-02  9.75838688E-04
6.52473774E-02  6.40094057E-02  9.95780458E-04
6.55459924E-02  6.67250603E-02  1.02787837E-03
6.58446074E-02  6.47531301E-02  1.00154988E-03
6.61432224E-02  6.73585832E-02  1.03274756E-03
6.64418374E-02  6.71062544E-02  1.00517506E-03
6.67404524E-02  6.95740879E-02  1.03691884E-03
6.70390674E-02  6.83295429E-02  1.03257364E-03
6.73376824E-02  6.73551857E-02  9.98320291E-04
6.76362974E-02  6.98168650E-02  1.04123121E-03
6.79349124E-02  7.06916600E-02  1.02451677E-03
6.82335274E-02  7.07353503E-02  1.03200076E-03
6.85321424E-02  7.21521899E-02  1.05469429E-03
6.88307574E-02  7.45289847E-02  1.05074677E-03
6.91293724E-02  7.26740435E-02  1.05346832E-03
6.94279874E-02  7.38363191E-02  1.03635667E-03
6.97266024E-02  7.54183754E-02  1.06561824E-03
7.00252174E-02  7.58626089E-02  1.06010865E-03
7.03238324E-02  7.98646584E-02  1.07905513E-03
7.06224474E-02  7.91181922E-02  1.09017116E-03
7.09210624E-02  7.99646750E-02  1.08218589E-03
7.12196774E-02  8.18039924E-02  1.09207979E-03
7.15182924E-02  8.23734477E-02  1.07186602E-03
7.18169074E-02  8.52886662E-02  1.12018478E-03
7.21155224E-02  8.75865519E-02  1.13130338E-03
7.24141374E-02  8.93343911E-02  1.13610656E-03
7.27127524E-02  8.84393007E-02  1.12536049E-03
7.30113674E-02  9.12146643E-02  1.13408617E-03
7.33099824E-02  9.52757895E-02  1.16545847E-03
7.36085974E-02  9.62145999E-02  1.17509766E-03
7.39072124E-02  9.69184265E-02  1.15765282E-03
7.42058274E-02  9.93848890E-02  1.19697396E-03
7.45044424E-02  1.02975145E-01  1.19714264E-03
7.48030574E-02  1.05922073E-01  1.22210546E-03
7.51016724E-02  1.07322760E-01  1.22881494E-03
7.54002874E-02  1.10046156E-01  1.22439896E-03
7.56989024E-02  1.13649540E-01  1.26590219E-03
7.59975174E-02  1.20873697E-01  1.28458266E-03
7.62961324E-02  1.22005090E-01  1.29470695E-03
7.65947474E-02  1.28655612E-01  1.32529053E-03
7.68933624E-02  1.32417873E-01  1.34595763E-03
7.71919774E-02  1.37474164E-01  1.38622557E-03
7.74905924E-02  1.43309653E-01  1.38413371E-03
7.77892074E-02  1.47162274E-01  1.41143787E-03
7.80878224E-02  1.54832229E-01  1.43572583E-03
7.83864374E-02  1.60803780E-01  1.46088703E-03
7.86850524E-02  1.70239538E-01  1.52774923E-03
7.89836674E-02  1.80956423E-01  1.55535247E-03
7.92822824E-02  1.88032761E-01  1.57246389E-03
7.95808974E-02  1.98648497E-01  1.60158740E-03
7.98795124E-02  2.09661454E-01  1.67766749E-03
8.01781274E-02  2.21765339E-01  1.73999171E-03
8.04767424E-02  2.35647082E-01  1.74788525E-03
8.07753574E-02  2.55601227E-01  1.83900050E-03
8.10739724E-02  2.76513278E-01  1.89148798E-03
8.13725874E-02  2.96282619E-01  1.95011427E-03
8.16712024E-02  3.19531232E-01  2.05828156E-03
8.19698174E-02  3.46832424E-01  2.08920031E-03
8.22684324E-02  3.79595548E-01  2.23194994E-03
8.25670474E-02  4.24756110E-01  2.33262801E-03
8.28656624E-02  4.71003622E-01  2.47362745E-03
8.31642774E-02  5.28775156E-01  2.58468580E-03
8.34628924E-02  5.91933370E-01  2.73738313E-03
8.37615074E-02  6.75914586E-01  2.96925358E-03
8.40601224E-02  7.67297864E-01  3.09837935E-03
8.43587374E-02  8.71929526E-01  3.31580080E-03
8.46573524E-02  1.01220810E+00  3.55522032E-03
8.49559674E-02  1.16864669E+00  3.84629332E-03
8.52545824E-02  1.36795330E+00  4.16958192E-03
8.55531974E-02  1.58345354E+00  4.41256631E-03
8.58518124E-02  1.86249399E+00  4.80861822E-03
8.61504274E-02  2.17796469E+00  5.14564756E-03
8.64490424E-02  2.54811954E+00  5.65732177E-03
8.67476574E-02  2.93877530E+00  6.06371462E-03
8.70462724E-02  3.34450150E+00  6.36148406E-03
8.73448874E-02  3.78896260E+00  6.82249805E-03
8.76435024E-02  4.17738962E+00  7.09296623E-03
8.79421174E-02  4.51180935E+00  7.49151735E-03
8.82407324E-02  4.76592922E+00  7.67002115E-03
8.85393474E-02  4.86531448E+00  7.64048379E-03
8.88379624E-02  4.86758089E+00  7.69989332E-03
8.91365774E-02  4.72622728E+00  7.48873362E-03
8.94351924E-02  4.43106651E+00  7.30519043E-03
8.97338074E-02  4.06066322E+00  6.95428159E-03
9.00324224E-02  3.62671852E+00  6.55404059E-03
9.03310374E-02  3.18564034E+00  6.21153694E-03
9.06296524E-02  2.72129130E+00  5.67206554E-03
9.09282674E-02  2.30727959E+00  5.21802017E-03
9.12268824E-02  1.92772293E+00  4.76084044E-03
9.15254974E-02  1.61700737E+00  4.34447173E-03
9.18241124E-02  1.35874677E+00  4.04150924E-03
9.21227274E-02  1.14082563E+00  3.66916019E-03
9.24213424E-02  9.57100689E-01  3.30370758E-03
9.27199574E-02  8.05992246E-01  3.05893156E-03
9.30185724E-02  6.87724769E-01  2.83071841E-03
9.33171874E-02  5.96117914E-01  2.66208989E-03
9.36158024E-02  5.18820107E-01  2.39863130E-03
9.39144174E-02  4.52955246E-01  2.29938375E-03
9.42130324E-02  3.96223575E-01  2.13896972E-03
9.45116474E-02  3.54684025E-01  2.01472989E-03
9.48102624E-02  3.23651791E-01  1.93318853E-03
9.51088774E-02  2.91269660E-01  1.79878355E-03
9.54074924E-02  2.70009756E-01  1.75475364E-03
9.57061074E-02  2.47029975E-01  1.67398143E-03
9.60047224E-02  2.32966423E-01  1.62706838E-03
9.63033374E-02  2.11641312E-01  1.53597340E-03
9.66019524E-02  1.98746964E-01  1.49624248E-03
9.69005674E-02  1.90190583E-01  1.45985500E-03
9.71991824E-02  1.79326415E-01  1.41386106E-03
9.74977974E-02  1.70819774E-01  1.37516612E-03
9.77964124E-02  1.64023623E-01  1.34292291E-03
9.80950274E-02  1.54948100E-01  1.31425261E-03
9.83936424E-02  1.47696689E-01  1.28368824E-03
9.86922574E-02  1.43041998E-01  1.26220623E-03
9.89908724E-02  1.35271892E-01  1.21438585E-03
9.92894874E-02  1.33087844E-01  1.20098947E-03
9.95881024E-02  1.29623055E-01  1.19484751E-03
9.98867174E-02  1.24649942E-01  1.17573352E-03
1.00185332E-01  1.19491644E-01  1.12527842E-03
1.00483947E-01  1.19367860E-01  1.14270789E-03
1.00782562E-01  1.15451440E-01  1.11021264E-03
1.01081177E-01  1.12970285E-01  1.10931252E-03
1.01379792E-01  1.10506028E-01  1.09299459E-03
1.01678407E-01  1.08854204E-01  1.07314554E-03
1.01977022E-01  1.04495704E-01  1.06285757E-03
1.02275637E-01  1.04149953E-01  1.06109865E-03
1.02574252E-01  1.00634933E-01  1.03868858E-03
1.02872867E-01  1.00213118E-01  1.02546986E-03
1.03171482E-01  9.83635113E-02  1.01513625E-03
1.03470097E-01  9.60572064E-02  1.00480230E-03
1.03768712E-01  9.41964537E-02  1.00408052E-03
1.04067327E-01  9.46210101E-02  9.88428015E-04
1.04365942E-01  9.15239230E-02  9.83219128E-04
1.04664557E-01  8.96763951E-02  9.72448266E-04
1.04963172E-01  8.89868811E-02  9.61641083E-04
1.05261787E-01  8.94618407E-02  9.66548047E-04
1.05560402E-01  8.88315141E-02  9.53141018E-04
1.05859017E-01  8.80212709E-02  9.61077516E-04
1.06157632E-01  8.71577412E-02  9.50177433E-04
1.06456247E-01  8.47546905E-02  9.36987926E-04
1.06754862E-01  8.47601742E-02  9.25912231E-04
1.07053477E-01  8.46407562E-02  9.31130722E-04
1.07352092E-01  8.24181065E-02  9.18824575E-04
1.07650707E-01  8.21392164E-02  9.18000180E-04
1.07949322E-01  8.08250085E-02  9.09179798E-04
1.08247937E-01  7.95431361E-02  9.01226536E-04
1.08546552E-01  7.98703507E-02  9.06681409E-04
1.08845167E-01  8.01938698E-02  8.93639459E-04
1.09143782E-01  7.97234774E-02  9.01535561E-04
1.09442397E-01  8.11043903E-02  8.98005790E-04
1.09741012E-01  7.82571062E-02  8.84840265E-04
1.10039627E-01  7.90657401E-02  8.96393205E-04
1.10338242E-01  7.68554881E-02  8.78248131E-04
1.10636857E-01  7.70906210E-02  8.68823205E-04
1.10935472E-01  7.45685846E-02  8.53844918E-04
1.11234087E-01  7.48275369E-02  8.63228634E-04
1.11532702E-01  7.59649426E-02  8.69093579E-04
1.11831317E-01  7.42574856E-02  8.54664249E-04
1.12129932E-01  7.43547529E-02  8.56862694E-04
1.12428547E-01  7.58371577E-02  8.65031383E-04
1.12727162E-01  7.39216506E-02  8.50461016E-04
1.13025777E-01  7.28164911E-02  8.43120099E-04
1.13324392E-01  7.34042972E-02  8.45236413E-04
1.13623007E-01  7.25949407E-02  8.42477137E-04
1.13921622E-01  7.31853023E-02  8.46539682E-04
1.14220237E-01  7.35236853E-02  8.40229564E-04
1.14518852E-01  7.30361938E-02  8.30654230E-04
1.14817467E-01  7.06509054E-02  8.28610617E-04
1.15116082E-01  7.24270418E-02  8.38329899E-04
1.15414697E-01  7.22589344E-02  8.33596627E-04
1.15713312E-01  7.26279020E-02  8.27725511E-04
1.16011927E-01  7.15010166E-02  8.24304763E-04
1.16310542E-01  7.21809492E-02  8.35649320E-04
1.16609157E-01  7.19240680E-02  8.24917108E-04
1.16907772E-01  7.16178417E-02  8.26200878E-04
1.17206387E-01  7.20228255E-02  8.25181836E-04
1.17505002E-01  7.01733008E-02  8.09482415E-04
1.17803617E-01  7.00540170E-02  8.17738764E-04
1.18102232E-01  7.17637464E-02  8.19795823E-04
1.18400847E-01  6.91649765E-02  8.05989432E-04
1.18699462E-01  6.96960241E-02  8.07313889E-04
1.18998077E-01  7.07266480E-02  8.05691059E-04
1.19296692E-01  7.12759048E-02  8.24233051E-04
1.19595307E-01  6.89620823E-02  7.96146342E-04
1.19893922E-01  7.07548261E-02  8.04707815E-04
1.20192537E-01  7.00041652E-02  8.09689111E-04
1.20491152E-01  7.01002851E-02  7.98711320E-04
1.20789767E-01  6.99107498E-02  8.05062242E-04
1.21088382E-01  7.12261871E-02  8.11434351E-04
1.21386997E-01  6.96639121E-02  7.96223991E-04
1.21685612E-01  6.89841136E-02  7.99711677E-04
1.21984227E-01  7.06277490E-02  8.03990872E-04
1.22282842E-01  7.13706240E-02  8.02525261E-04
1.22581457E-01  6.82484880E-02  7.79334106E-04
1.22880072E-01  6.94745779E-02  8.00251786E-04
1.23178687E-01  7.03138486E-02  7.97683024E-04
1.23477302E-01  7.09299445E-02  8.03432544E-04
1.23775917E-01  7.02344552E-02  7.90049380E-04
1.24074532E-01  6.95161149E-02  7.93705694E-04
1.24373147E-01  6.94566816E-02  7.92252889E-04
1.24671762E-01  7.02226982E-02  7.92175706E-04
1.24970377E-01  7.11682215E-02  7.95287371E-04
1.25268992E-01  7.03963861E-02  7.89874466E-04
1.25567607E-01  6.95316046E-02  7.81254028E-04
1.25866222E-01  7.18007386E-02  8.06648051E-04
1.26164837E-01  7.07159117E-02  7.91667670E-04
1.26463452E-01  7.26395473E-02  7.98526162E-04
1.26762067E-01  7.13801757E-02  7.94832129E-04
1.27060682E-01  7.17205927E-02  7.94544758E-04
1.27359297E-01  7.18702376E-02  8.07326927E-04
1.27657912E-01  7.18350410E-02  7.88207166E-04
1.27956527E-01  7.12726116E-02  7.88566307E-04
1.28255142E-01  7.02569336E-02  7.88557983E-04
1.28553757E-01  7.30625689E-02  7.90154270E-04
1.28852372E-01  7.33993873E-02  7.95146509E-04
1.29150987E-01  7.23055825E-02  7.89200538E-04
1.29449602E-01  7.23760650E-02  7.94382708E-04
1.29748217E-01  7.23393112E-02  7.93644693E-04
1.30046832E-01  7.29579628E-02  7.90642924E-04
1.30345447E-01  7.39269853E-02  7.93767453E-04
1.30644062E-01  7.24739209E-02  7.84890552E-04
1.30942677E-01  7.43528306E-02  8.00836540E-04
1.31241292E-01  7.40982220E-02  7.96801120E-04
1.31539907E-01  7.54797906E-02  7.99949339E-04
1.31838522E-01  7.62505606E-02  8.07755277E-04
1.32137137E-01  7.43326470E-02  8.04784591E-04
1.32435752E-01  7.63301551E-02  8.26217467E-04
1.32734367E-01  7.71266744E-02  8.29367083E-04
1.33032982E-01  7.60673434E-02  8.32344231E-04
1.33331597E-01  7.65957683E-02  8.35231331E-04
1.33630212E-01  7.65993670E-02  8.38818843E-04
1.33928827E-01  7.70901814E-02  8.54397949E-04
1.34227442E-01  8.01020861E-02  8.49940348E-04
1.34526057E-01  7.98048526E-02  8.65503331E-04
1.34824672E-01  7.99187347E-02  8.72504374E-04
1.35123287E-01  7.98785388E-02  8.67169874E-04
1.35421902E-01  8.09122622E-02  8.80522071E-04
1.35720517E-01  8.19645524E-02  8.77140556E-04
1.36019132E-01  8.20473507E-02  8.93350807E-04
1.36317747E-01  8.33102092E-02  8.91490025E-04
1.36616362E-01  8.49249735E-02  8.97434191E-04
1.36914977E-01  8.55344683E-02  9.10766074E-04
1.37213592E-01  8.63572583E-02  9.16518562E-04
1.37512207E-01  8.87123570E-02  9.38190613E-04
1.37810822E-01  9.07640755E-02  9.39614896E-04
1.38109437E-01  8.85756835E-02  9.28219466E-04
1.38408052E-01  9.07201767E-02  9.42957704E-04
1.38706667E-01  9.11463946E-02  9.47336724E-04
1.39005282E-01  9.28788483E-02  9.66701598E-04
1.39303897E-01  9.57312956E-02  9.62087128E-04
1.39602512E-01  9.55171436E-02  9.79572884E-04
1.39901127E-01  9.90459174E-02  9.95952054E-04
1.40199742E-01  1.01285741E-01  1.00248517E-03
1.40498357E-01  1.02373652E-01  1.01850461E-03
1.40796972E-01  1.04295790E-01  1.01454277E-03
1.41095587E-01  1.02240562E-01  1.01904827E-03
1.41394202E-01  1.06162578E-01  1.03192125E-03
1.41692817E-01  1.10854268E-01  1.06111006E-03
1.41991432E-01  1.12154655E-01  1.06731697E-03
1.42290047E-01  1.15612626E-01  1.07603671E-03
1.42588662E-01  1.18155919E-01  1.10248092E-03
1.42887277E-01  1.21488579E-01  1.11172383E-03
1.43185892E-01  1.26781508E-01  1.13211316E-03
1.43484507E-01  1.29255787E-01  1.15218805E-03
1.43783122E-01  1.35774061E-01  1.17111893E-03
1.44081737E-01  1.37495756E-01  1.18223706E-03
1.44380352E-01  1.42054036E-01  1.19183911E-03
1.44678967E-01  1.51786327E-01  1.21835212E-03
1.44977582E-01  1.55358002E-01  1.25718699E-03
1.45276197E-01  1.64135337E-01  1.27324718E-03
1.45574812E-01  1.69739664E-01  1.30995980E-03
1.45873427E-01  1.80160373E-01  1.31837989E-03
1.46172042E-01  1.85942709E-01  1.34900573E-03
1.46470657E-01  1.97816014E-01  1.40809466E-03
1.46769272E-01  2.06858546E-01  1.42285961E-03
1.47067887E-01  2.21147954E-01  1.46784296E-03
1.47366502E-01  2.36361042E-01  1.51008612E-03
1.47665117E-01  2.52961308E-01  1.56456279E-03
1.47963732E-01  2.69447416E-01  1.63325469E-03
1.48262347E-01  2.86391020E-01  1.66599359E-03
1.48560962E-01  3.09575081E-01  1.73472939E-03
1.48859577E-01  3.29797000E-01  1.76665408E-03
1.49158192E-01  3.58775854E-01  1.88103912E-03
1.49456807E-01  3.87229294E-01  1.93142029E-03
1.49755422E-01  4.17988658E-01  2.00143550E-03
1.50054037E-01  4.47959423E-01  2.08517932E-03
1.50352652E-01  4.85886574E-01  2.14436394E-03
1.50651267E-01  5.26714027E-01  2.26447848E-03
1.50949882E-01  5.61378479E-01  2.30156281E-03
1.51248497E-01  6.02093697E-01  2.39500031E-03
1.51547112E-01  6.45472944E-01  2.52307323E-03
1.51845727E-01  6.76434338E-01  2.50813528E-03
1.52144342E-01  7.16894686E-01  2.64587230E-03
1.52442957E-01  7.46188104E-01  2.61920365E-03
1.52741572E-01  7.71868527E-01  2.70275935E-03
1.53040187E-01  7.88218677E-01  2.77018524E-03
1.53338802E-01  7.98150122E-01  2.73138937E-03
1.53637417E-01  8.02968144E-01  2.77302973E-03
1.53936032E-01  7.99523830E-01  2.72682915E-03
1.54234647E-01  7.86882997E-01  2.71106954E-03
1.54533262E-01  7.70582616E-01  2.72465940E-03
1.54831877E-01  7.38974631E-01  2.63106939E-03
1.55130492E-01  7.07169414E-01  2.57758214E-03
1.55429107E-01  6.66647017E-01  2.48906622E-03
1.55727722E-01  6.24114871E-01  2.43216613E-03
1.56026337E-01  5.81593513E-01  2.33415514E-03
1.56324952E-01  5.39719701E-01  2.24123802E-03
1.56623567E-01  5.05066931E-01  2.19279504E-03
1.56922182E-01  4.55871016E-01  2.05313973E-03
1.57220797E-01  4.19988751E-01  1.99738913E-03
1.57519412E-01  3.80572438E-01  1.87795667E-03
1.57818027E-01  3.49841475E-01  1.79924758E-03
1.58116642E-01  3.18109453E-01  1.73897832E-03
1.58415257E-01  2.92406023E-01  1.64493849E-03
1.58713872E-01  2.65118986E-01  1.58114533E-03
1.59012487E-01  2.46684119E-01  1.50333322E-03
1.59311102E-01  2.27706149E-01  1.46641920E-03
1.59609717E-01  2.11720288E-01  1.41660916E-03
1.59908332E-01  1.98962986E-01  1.34156062E-03
1.60206947E-01  1.85191691E-01  1.30721740E-03
1.60505562E-01  1.73205942E-01  1.26420963E-03
1.60804177E-01  1.61601797E-01  1.21981860E-03
1.61102792E-01  1.53922662E-01  1.19091105E-03
1.61401407E-01  1.46440700E-01  1.15706469E-03
1.61700022E-01  1.40292346E-01  1.13091187E-03
1.61998637E-01  1.36057019E-01  1.11608405E-03
1.62297252E-01  1.30543545E-01  1.09832385E-03
1.62595867E-01  1.28409892E-01  1.08853215E-03
1.62894482E-01  1.23809755E-01  1.05681433E-03
1.63193097E-01  1.21460997E-01  1.06210192E-03
1.63491712E-01  1.17040232E-01  1.02536764E-03
1.63790327E-01  1.17168218E-01  1.04204088E-03
1.64088942E-01  1.13257505E-01  1.00726075E-03
1.64387557E-01  1.11678772E-01  1.00795750E-03
1.64686172E-01  1.11568190E-01  1.01940846E-03
1.64984787E-01  1.10520132E-01  9.96404910E-04
1.65283402E-01  1.10205963E-01  1.00129331E-03
1.65582017E-01  1.09970815E-01  9.91855748E-04
1.65880632E-01  1.10832125E-01  9.99908778E-04
1.66179247E-01  1.10125393E-01  1.00484223E-03
1.66477862E-01  1.10696711E-01  9.93405120E-04
1.66776477E-01  1.11883894E-01  1.00747251E-03
1.67075092E-01  1.12850942E-01  1.01396302E-03
1.67373707E-01  1.14237785E-01  1.01694465E-03
1.67672322E-01  1.14810042E-01  1.01877435E-03
1.67970937E-01  1.20269984E-01  1.03297899E-03
1.68269552E-01  1.20628506E-01  1.04281108E-03
1.68568167E-01  1.22497134E-01  1.04035519E-03
1.68866782E-01  1.27886757E-01  1.07864686E-03
1.69165397E-01  1.29281089E-01  1.07618468E-03
1.69464012E-01  1.33160040E-01  1.08543958E-03
1.69762627E-01  1.40398607E-01  1.12189725E-03
1.70061242E-01  1.43479586E-01  1.13021617E-03
1.70359857E-01  1.50354415E-01  1.17040111E-03
1.70658472E-01  1.55979812E-01  1.17076363E-03
1.70957087E-01  1.64003700E-01  1.20503036E-03
1.71255702E-01  1.72401264E-01  1.25063153E-03
1.71554317E-01  1.80193514E-01  1.24986796E-03
1.71852932E-01  1.90334260E-01  1.30085519E-03
1.72151547E-01  2.00094149E-01  1.32921385E-03
1.72450162E-01  2.10446492E-01  1.36644917E-03
1.72748777E-01  2.22771436E-01  1.40929676E-03
1.73047392E-01  2.38404840E-01  1.45139650E-03
1.73346007E-01  2.52197593E-01  1.49535947E-03
1.73644622E-01  2.68031508E-01  1.53421587E-03
1.73943237E-01  2.85720646E-01  1.58457609E-03
1.74241852E-01  3.02076340E-01  1.63939653E-03
1.74540467E-01  3.19128454E-01  1.66391127E-03
1.74839082E-01  3.39496732E-01  1.73738028E-03
1.75137697E-01  3.57336670E-01  1.76547060E-03
1.75436312E-01  3.77793640E-01  1.82709529E-03
1.75734927E-01  3.90887827E-01  1.83596369E-03
1.76033542E-01  4.07902569E-01  1.88117404E-03
1.76332157E-01  4.18615490E-01  1.93459610E-03
1.76630772E-01  4.29018259E-01  1.92408077E-03
1.76929387E-01  4.38909084E-01  1.97614590E-03
1.77228002E-01  4.40461129E-01  1.94178987E-03
1.77526617E-01  4.46475446E-01  1.96945271E-03
1.77825232E-01  4.41968441E-01  1.96613045E-03
1.78123847E-01  4.36585099E-01  1.94621121E-03
1.78422462E-01  4.27771807E-01  1.92647008E-03
1.78721077E-01  4.15645063E-01  1.90410623E-03
1.79019692E-01  4.02799845E-01  1.87509065E-03
1.79318307E-01  3.85028183E-01  1.83388346E-03
1.79616922E-01  3.70053560E-01  1.77105749E-03
1.79915537E-01  3.49578947E-01  1.74447452E-03
1.80214152E-01  3.31063002E-01  1.68293132E-03
1.80512767E-01  3.12583804E-01  1.65182597E-03
1.80811382E-01  2.85956532E-01  1.57564355E-03
1.81109997E-01  2.69448072E-01  1.51526032E-03
1.81408612E-01  2.53603816E-01  1.48484157E-03
1.81707227E-01  2.31011286E-01  1.40910316E-03
1.82005842E-01  2.15162560E-01  1.35991024E-03
1.82304457E-01  2.01175109E-01  1.30757294E-03
1.82603072E-01  1.88780010E-01  1.27211877E-03
1.82901687E-01  1.74685240E-01  1.23234931E-03
1.83200302E-01  1.66368917E-01  1.19185110E-03
1.83498917E-01  1.55738816E-01  1.14859000E-03
1.83797532E-01  1.44092396E-01  1.10299920E-03
1.84096147E-01  1.36284262E-01  1.08267867E-03
1.84394762E-01  1.27904072E-01  1.05061999E-03
1.84693377E-01  1.21560387E-01  1.01710821E-03
1.84991992E-01  1.12468943E-01  9.83547070E-04
1.85290607E-01  1.09347247E-01  9.57419921E-04
1.85589222E-01  1.04812101E-01  9.44138214E-04
1.85887837E-01  9.88164023E-02  9.14026808E-04
1.86186452E-01  9.70817879E-02  9.04192275E-04
1.86485067E-01  9.33677703E-02  8.91402597E-04
1.86783682E-01  8.90938640E-02  8.68186413E-04
1.87082297E-01  8.60725343E-02  8.57005420E-04
1.87380912E-01  8.10990557E-02  8.26423522E-04
1.87679527E-01  8.13258365E-02  8.20636167E-04
1.87978142E-01  7.83199891E-02  8.15346721E-04
1.88276757E-01  7.51978531E-02  7.97095650E-04
1.88575372E-01  7.41316378E-02  7.93771644E-04
1.88873987E-01  7.20810741E-02  7.77858368E-04
1.89172602E-01  7.15574399E-02  7.70772749E-04
1.89471217E-01  7.02491850E-02  7.69418199E-04
1.89769832E-01  6.83908910E-02  7.61168485E-04
1.90068447E-01  6.73657432E-02  7.44748046E-04
1.90367062E-01  6.52990788E-02  7.40126008E-04
1.90665677E-01  6.53287470E-02  7.38614181E-04
1.90964292E-01  6.33373410E-02  7.25860882E-04
1.91262907E-01  6.25649393E-02  7.24469020E-04
1.91561522E-01  6.23167381E-02  7.14023889E-04
1.91860137E-01  6.04183301E-02  7.12630921E-04
1.92158752E-01  5.94284348E-02  7.03110476E-04
1.92457367E-01  6.03914969E-02  7.09702785E-04
1.92755982E-01  5.97802736E-02  7.03151396E-04
1.93054597E-01  5.92444986E-02  7.00444216E-04
1.93353212E-01  5.76662533E-02  6.87526888E-04
1.93651827E-01  5.82917482E-02  6.98618474E-04
1.93950442E-01  5.66613115E-02  6.85007137E-04
1.94249057E-01  5.66881448E-02  6.80377532E-04
1.94547672E-01  5.35753332E-02  6.66522770E-04
1.94846287E-01  5.52362725E-02  6.75474061E-04
1.95144902E-01  5.42332307E-02  6.72991097E-04
1.95443517E-01  5.43936379E-02  6.59813872E-04
1.95742132E-01  5.35687320E-02  6.63927814E-04
1.96040747E-01  5.32462895E-02  6.63199520E-04
1.96339362E-01  5.13954759E-02  6.53039257E-04
1.96637977E-01  5.20493947E-02  6.50719157E-04
1.96936592E-01  5.12185432E-02  6.46731758E-04
1.97235207E-01  5.01144677E-02  6.41965831E-04
1.97533822E-01  5.12027815E-02  6.46429718E-04
1.97832437E-01  5.03794625E-02  6.43252744E-04
1.98131052E-01  5.18302880E-02  6.48944173E-04
1.98429667E-01  4.98854145E-02  6.37256424E-04
1.98728282E-01  4.85151000E-02  6.30438502E-04
1.99026897E-01  4.88202833E-02  6.28436857E-04
1.99325512E-01  4.96010184E-02  6.35440636E-04
1.99624127E-01  4.90492024E-02  6.31697709E-04
1.99922742E-01  4.85157743E-02  6.27067988E-04
2.00221357E-01  4.67925109E-02  6.19347440E-04
2.00519972E-01  4.84059937E-02  6.23620814E-04
2.00818587E-01  4.74336855E-02  6.16750505E-04
2.01117202E-01  4.72057499E-02  6.21289655E-04
2.01415817E-01  4.68274951E-02  6.12608448E-04
2.01714432E-01  4.65405211E-02  6.13598153E-04
2.02013047E-01  4.63966615E-02  6.10165589E-04
2.02311662E-01  4.61768098E-02  6.11198018E-04
2.02610277E-01  4.55563217E-02  6.08608942E-04
2.02908892E-01  4.52325083E-02  5.99856314E-04
2.03207507E-01  4.59674820E-02  6.07152237E-04
2.03506122E-01  4.50575836E-02  6.00181229E-04
2.03804737E-01  4.53580171E-02  6.02741027E-04
2.04103352E-01  4.55934890E-02  6.06191345E-04
2.04401967E-01  4.57853824E-02  6.06708403E-04
2.04700582E-01  4.47940901E-02  5.94932237E-04
2.04999197E-01  4.54956964E-02  6.01235544E-04
2.05297812E-01  4.38955352E-02  5.96294471E-04
2.05596427E-01  4.43694592E-02  5.94666577E-04
2.05895042E-01  4.28280868E-02  5.85697766E-04
2.06193657E-01  4.35257070E-02  5.86633920E-04
2.06492272E-01  4.27488983E-02  5.80664491E-04
2.06790887E-01  4.30588499E-02  5.89294592E-04
2.07089502E-01  4.36642617E-02  5.83644607E-04
2.07388117E-01  4.22739424E-02  5.81720902E-04
2.07686732E-01  4.23801728E-02  5.80115069E-04
2.07985347E-01  4.25761566E-02  5.79495449E-04
2.08283962E-01  4.24608178E-02  5.80132939E-04
2.08582577E-01  4.19312604E-02  5.72470424E-04
2.08881192E-01  4.23400067E-02  5.77889325E-04
2.09179807E-01  4.14587483E-02  5.74487669E-04
2.09478422E-01  4.18984443E-02  5.70694276E-04
2.09777037E-01  4.23710458E-02  5.79881424E-04
2.10075652E-01  4.11492288E-02  5.66083239E-04
2.10374267E-01  4.14839908E-02  5.75556187E-04
2.10672882E-01  4.03160304E-02  5.65647555E-04
2.10971497E-01  4.17454652E-02  5.66251692E-04
2.11270112E-01  4.11688276E-02  5.71073673E-04
2.11568727E-01  4.04969789E-02  5.60568878E-04
2.11867342E-01  4.05873097E-02  5.66506118E-04
2.12165957E-01  4.03441116E-02  5.59849082E-04
2.12464572E-01  4.10857089E-02  5.64462156E-04
2.12763187E-01  4.04986143E-02  5.63132926E-04
2.13061802E-01  4.07689996E-02  5.64496499E-04
2.13360417E-01  4.01704349E-02  5.62388333E-04
2.13659032E-01  4.02701534E-02  5.57162275E-04
2.13957647E-01  4.00809720E-02  5.56519139E-04
2.14256262E-01  3.95481400E-02  5.55311213E-04
2.14554877E-01  4.04930748E-02  5.58538421E-04
2.14853492E-01  3.95482443E-02  5.52811485E-04
2.15152107E-01  3.89835425E-02  5.48194686E-04
2.15450722E-01  3.97056863E-02  5.58791799E-04
2.15749337E-01  3.91408466E-02  5.50951750E-04
2.16047952E-01  3.81132104E-02  5.41881833E-04
2.16346567E-01  3.90768871E-02  5.49019023E-04
2.16645182E-01  3.94080244E-02  5.48233336E-04
2.16943797E-01  3.89535986E-02  5.47990378E-04
2.17242412E-01  3.90981659E-02  5.52655314E-04
2.17541027E-01  3.86686623E-02  5.40992420E-04
2.17839642E-01  3.81128192E-02  5.46311610E-04
2.18138257E-01  3.88952270E-02  5.41623798E-04
2.18436872E-01  3.98164019E-02  5.53700258E-04
2.18735487E-01  3.98126431E-02  5.50885103E-04
2.19034102E-01  3.90433595E-02  5.45860792E-04
2.19332717E-01  3.87546159E-02  5.47416508E-04
2.19631332E-01  3.92064676E-02  5.48301963E-04
2.19929947E-01  3.84263657E-02  5.40733919E-04
2.20228562E-01  3.82164009E-02  5.37513290E-04
2.20527177E-01  3.81582268E-02  5.39962901E-04
2.20825792E-01  3.87469009E-02  5.44759270E-04
2.21124407E-01  3.84039767E-02  5.40740206E-04
2.21423022E-01  3.80636565E-02  5.37388609E-04
2.21721637E-01  3.86783183E-02  5.40598761E-04
2.22020252E-01  3.91088985E-02  5.43441332E-04
2.22318867E-01  3.93672250E-02  5.48782060E-04
2.22617482E-01  3.90149653E-02  5.39951026E-04
2.22916097E-01  3.88633087E-02  5.46233961E-04
2.23214712E-01  3.82804461E-02  5.36559790E-04
2.23513327E-01  3.74519899E-02  5.34320134E-04
2.23811942E-01  3.88376750E-02  5.41084737E-04
2.24110557E-01  3.92402485E-02  5.41670073E-04
2.24409172E-01  3.75333801E-02  5.33799874E-04
2.24707787E-01  3.81807871E-02  5.33228333E-04
2.25006402E-01  3.75594571E-02  5.35091502E-04
2.25305017E-01  3.81431393E-02  5.29612589E-04
2.25603632E-01  3.79998535E-02  5.36007283E-04
2.25902247E-01  3.98248322E-02  5.49373392E-04
2.26200862E-01  3.84632051E-02  5.36910840E-04
2.26499477E-01  3.93802896E-02  5.41389745E-04
2.26798092E-01  3.90496440E-02  5.42094815E-04
2.27096707E-01  3.86360064E-02  5.38431923E-04
2.27395322E-01  3.88551392E-02  5.42012334E-04
2.27693937E-01  3.94334458E-02  5.39274188E-04
2.27992552E-01  4.00032252E-02  5.45031391E-04
2.28291167E-01  3.89930941E-02  5.37797401E-04
2.28589782E-01  4.00086790E-02  5.49198943E-04
2.28888397E-01  3.93407419E-02  5.42695459E-04
2.29187012E-01  4.05078493E-02  5.46108407E-04
2.29485627E-01  3.95426191E-02  5.41578047E-04
2.29784242E-01  4.01946753E-02  5.48557087E-04
2.30082857E-01  4.01526429E-02  5.44646056E-04
2.30381472E-01  4.05295342E-02  5.46103111E-04
2.30680087E-01  3.92375216E-02  5.38714754E-04
2.30978702E-01  4.02140021E-02  5.45378018E-04
2.31277317E-01  4.15669419E-02  5.55114821E-04
2.31575932E-01  4.03948016E-02  5.47075877E-04
2.31874547E-01  4.08429392E-02  5.45884250E-04
2.32173162E-01  4.11956683E-02  5.50893950E-04
2.32471777E-01  4.19825912E-02  5.57247375E-04
2.32770392E-01  4.12549414E-02  5.50506462E-04
2.33069007E-01  4.04230244E-02  5.44618524E-04
2.33367622E-01  4.08328250E-02  5.45359508E-04
2.33666237E-01  4.00329046E-02  5.44627546E-04
2.33964852E-01  4.08805981E-02  5.46143739E-04
2.34263467E-01  4.04648818E-02  5.43360889E-04
2.34562082E-01  3.99681851E-02  5.41397370E-04
2.34860697E-01  3.98616381E-02  5.39756089E-04
2.35159312E-01  3.98132168E-02  5.40041947E-04
2.35457927E-01  3.94244045E-02  5.34522114E-04
2.35756542E-01  3.93899791E-02  5.32199861E-04
2.36055157E-01  3.81078646E-02  5.27902914E-04
2.36353772E-01  3.79775800E-02  5.26553020E-04
2.36652387E-01  3.70107144E-02  5.22627204E-04
2.36951002E-01  3.77608836E-02  5.18343470E-04
2.37249617E-01  3.72838937E-02  5.23208641E-04
2.37548232E-01  3.66199799E-02  5.16184140E-04
2.37846847E-01  3.69013846E-02  5.16419066E-04
2.38145462E-01  3.56058329E-02  5.06847806E-04
2.38444077E-01  3.54402550E-02  5.02307201E-04
2.38742692E-01  3.55741680E-02  5.11660008E-04
2.39041307E-01  3.53915282E-02  5.05748088E-04
2.39339922E-01  3.46342400E-02  4.99330345E-04
2.39638537E-01  3.47790308E-02  5.00793685E-04
2.39937152E-01  3.41913402E-02  4.95162793E-04
2.40235767E-01  3.41281854E-02  4.98181907E-04
2.40534382E-01  3.39066461E-02  4.93373547E-04
2.40832997E-01  3.33490372E-02  4.88214777E-04
2.41131612E-01  3.26062068E-02  4.85310302E-04
2.41430227E-01  3.30974758E-02  4.84895922E-04
2.41728842E-01  3.37601341E-02  4.94657317E-04
2.42027457E-01  3.32402959E-02  4.84344549E-04
2.42326072E-01  3.21174115E-02  4.77929192E-04
2.42624687E-01  3.22747566E-02  4.83656069E-04
2.42923302E-01  3.28152627E-02  4.84836957E-04
2.43221917E-01  3.17219384E-02  4.72253509E-04
2.43520532E-01  3.21821459E-02  4.77625028E-04
2.43819147E-01  3.26756686E-02  4.81671770E-04
2.44117762E-01  3.12930681E-02  4.73594118E-04
2.44416377E-01  3.20484340E-02  4.80480347E-04
2.44714992E-01  3.20745111E-02  4.74358792E-04
2.45013607E-01  3.28807272E-02  4.85327677E-04
2.45312222E-01  3.12099680E-02  4.69974213E-04
2.45610837E-01  3.20547223E-02  4.77737427E-04
2.45909452E-01  3.13084088E-02  4.67393780E-04
2.46208067E-01  3.09173148E-02  4.68282931E-04
2.46506682E-01  3.24556194E-02  4.78740199E-04
2.46805297E-01  3.18027176E-02  4.77710011E-04
2.47103912E-01  3.13868970E-02  4.68617742E-04
2.47402527E-01  3.25484797E-02  4.77211463E-04
2.47701142E-01  3.19788046E-02  4.75866662E-04
2.47999757E-01  3.19051407E-02  4.74928209E-04
2.48298372E-01  3.07892747E-02  4.69259277E-04
2.48596987E-01  3.18900160E-02  4.68565646E-04
2.48895602E-01  3.23041603E-02  4.74907167E-04
2.49194217E-01  3.11079882E-02  4.66538186E-04
2.49492832E-01  3.21327671E-02  4.75064502E-04
2.49791447E-01  3.19171138E-02  4.74633445E-04
2.50090062E-01  3.17509994E-02  4.70191706E-04
2.50388677E-01  3.24362852E-02  4.78611240E-04
2.50687292E-01  3.14708501E-02  4.69766528E-04
2.50985907E-01  3.16772535E-02  4.68637387E-04
2.51284522E-01  3.25654000E-02  4.78128088E-04
2.51583137E-01  3.17755938E-02  4.68862476E-04
2.51881752E-01  3.22811306E-02  4.74619883E-04
2.52180367E-01  3.17788422E-02  4.70913976E-04
2.52478982E-01  3.28528099E-02  4.77130932E-04
2.52777597E-01  3.20518911E-02  4.72168933E-04
2.53076212E-01  3.15752067E-02  4.68772167E-04
2.53374827E-01  3.32971439E-02  4.82820906E-04
2.53673442E-01  3.32567990E-02  4.76362620E-04
2.53972057E-01  3.28642763E-02  4.77347785E-04
2.54270672E-01  3.28675546E-02  4.77244379E-04
2.54569287E-01  3.40029523E-02  4.87651036E-04
2.54867902E-01  3.37601565E-02  4.83423821E-04
2.55166517E-01  3.42740566E-02  4.83982963E-04
2.55465132E-01  3.32569517E-02  4.79423848E-04
2.55763747E-01  3.33868042E-02  4.80746559E-04
2.56062362E-01  3.47181931E-02  4.90107981E-04
2.56360977E-01  3.46480198E-02  4.86362871E-04
2.56659592E-01  3.45743857E-02  4.84565971E-04
2.56958207E-01  3.50240432E-02  4.91738087E-04
2.57256822E-01  3.51666994E-02  4.91950195E-04
2.57555437E-01  3.53435278E-02  4.90834995E-04
2.57854052E-01  3.61084901E-02  4.97303612E-04
2.58152667E-01  3.53665426E-02  4.93876811E-04
2.58451282E-01  3.60825770E-02  4.98985813E-04
2.58749897E-01  3.61916497E-02  4.95126122E-04
2.59048512E-01  3.62969115E-02  4.96891676E-04
2.59347127E-01  3.66325639E-02  4.98921960E-04
2.59645742E-01  3.73532102E-02  5.06347453E-04
2.59944357E-01  3.76865007E-02  5.09416568E-04
2.60242972E-01  3.80542018E-02  5.05461066E-04
2.60541587E-01  3.89588997E-02  5.16159052E-04
2.60840202E-01  3.98147814E-02  5.20421308E-04
2.61138817E-01  3.91236097E-02  5.17388573E-04
2.61437432E-01  4.07517217E-02  5.26234042E-04
2.61736047E-01  4.07875143E-02  5.24124305E-04
2.62034662E-01  4.08415720E-02  5.26955118E-04
2.62333277E-01  4.12470102E-02  5.29286510E-04
2.62631892E-01  4.24399264E-02  5.33803890E-04
2.62930507E-01  4.12207805E-02  5.26356162E-04
2.63229122E-01  4.23095487E-02  5.34238759E-04
2.63527737E-01  4.25811522E-02  5.39347704E-04
2.63826352E-01  4.36828509E-02  5.41569199E-04
2.64124967E-01  4.36897688E-02  5.41613321E-04
2.64423582E-01  4.40138541E-02  5.44044655E-04
2.64722197E-01  4.47935164E-02  5.46709809E-04
2.65020812E-01  4.39426973E-02  5.46896248E-04
2.65319427E-01  4.44946960E-02  5.43062633E-04
2.65618042E-01  4.49279137E-02  5.51397679E-04
2.65916657E-01  4.45907339E-02  5.47177100E-04
2.66215272E-01  4.34505343E-02  5.39435714E-04
2.66513887E-01  4.43502590E-02  5.45418356E-04
2.66812502E-01  4.40820232E-02  5.40405919E-04
2.67111117E-01  4.42424193E-02  5.45040937E-04
2.67409732E-01  4.34190035E-02  5.38546476E-04
2.67708347E-01  4.37287576E-02  5.41306974E-04
2.68006962E-01  4.31254990E-02  5.36725682E-04
2.68305577E-01  4.18221131E-02  5.26783697E-04
2.68604192E-01  4.16450538E-02  5.27025899E-04
2.68902807E-01  4.12318483E-02  5.23729483E-04
2.69201422E-01  4.11098637E-02  5.20544883E-04
2.69500037E-01  4.01331000E-02  5.16440370E-04
2.69798652E-01  3.99459265E-02  5.14970685E-04
2.70097267E-01  3.92494909E-02  5.13779058E-04
2.70395882E-01  3.86460200E-02  5.02023380E-04
2.70694497E-01  3.84861492E-02  5.05217293E-04
2.70993112E-01  3.77201177E-02  5.01067727E-04
2.71291727E-01  3.70306410E-02  4.96084511E-04
2.71590342E-01  3.64944339E-02  4.93754458E-04
2.71888957E-01  3.63809466E-02  4.86726145E-04
2.72187572E-01  3.56621258E-02  4.84716991E-04
2.72486187E-01  3.44545618E-02  4.76928282E-04
2.72784802E-01  3.42118926E-02  4.76222805E-04
2.73083417E-01  3.38932350E-02  4.69203223E-04
2.73382032E-01  3.33507843E-02  4.68153215E-04
2.73680647E-01  3.39182541E-02  4.74300032E-04
2.73979262E-01  3.25919054E-02  4.62680706E-04
2.74277877E-01  3.23026329E-02  4.58759081E-04
2.74576492E-01  3.23094837E-02  4.59505594E-04
2.74875107E-01  3.21258977E-02  4.59598436E-04
2.75173722E-01  3.18750478E-02  4.58503288E-04
2.75472337E-01  3.11416984E-02  4.48186387E-04
2.75770952E-01  2.96409465E-02  4.41468903E-04
2.76069567E-01  3.09846047E-02  4.46944992E-04
2.76368182E-01  3.03840637E-02  4.48574050E-04
2.76666797E-01  3.07799410E-02  4.50218591E-04
2.76965412E-01  2.95031089E-02  4.35805647E-04
2.77264027E-01  3.03983651E-02  4.45831189E-04
2.77562642E-01  3.00935265E-02  4.39708267E-04
2.77861257E-01  3.01198196E-02  4.45596525E-04
2.78159872E-01  2.98885480E-02  4.37883369E-04
2.78458487E-01  2.90080570E-02  4.33004287E-04
2.78757102E-01  2.92784628E-02  4.38213930E-04
2.79055717E-01  2.96514090E-02  4.38331132E-04
2.79354332E-01  2.94099916E-02  4.36434580E-04
2.79652947E-01  2.90879570E-02  4.34148620E-04
2.79951562E-01  2.94807311E-02  4.33493289E-04
2.80250177E-01  2.92882323E-02  4.37625509E-04
2.80548792E-01  2.91414503E-02  4.33788984E-04
2.80847407E-01  2.90654469E-02  4.31606866E-04
2.81146022E-01  2.88671441E-02  4.31960943E-04
2.81444637E-01  2.82590650E-02  4.28462838E-04
2.81743252E-01  2.88953707E-02  4.31418361E-04
2.82041867E-01  2.83486266E-02  4.23633202E-04
2.82340482E-01  2.91885808E-02  4.33387555E-04
2.82639097E-01  2.82967612E-02  4.26929444E-04
2.82937712E-01  2.87247077E-02  4.29397100E-04
2.83236327E-01  2.88758501E-02  4.30312357E-04
2.83534942E-01  2.81536672E-02  4.22802084E-04
2.83833557E-01  2.85788830E-02  4.28415573E-04
2.84132172E-01  2.87741907E-02  4.29131091E-04
2.84430787E-01  2.88702678E-02  4.32104425E-04
2.84729402E-01  2.84547601E-02  4.23707999E-04
2.85028017E-01  2.79256105E-02  4.22340381E-04
2.85326632E-01  2.83092912E-02  4.27996245E-04
2.85625247E-01  2.86376998E-02  4.23623482E-04
2.85923862E-01  2.78124791E-02  4.20966535E-04
2.86222477E-01  2.83173975E-02  4.24352707E-04
2.86521092E-01  2.93749273E-02  4.32311586E-04
2.86819707E-01  2.78315376E-02  4.23737743E-04
2.87118322E-01  2.79919021E-02  4.18723386E-04
2.87416937E-01  2.84422841E-02  4.24039667E-04
2.87715552E-01  2.89011560E-02  4.26820770E-04
2.88014167E-01  2.86694169E-02  4.28044790E-04
2.88312782E-01  2.82584336E-02  4.24231956E-04
2.88611397E-01  2.79778577E-02  4.17208386E-04
2.88910012E-01  2.82189045E-02  4.24356404E-04
2.89208627E-01  2.79226676E-02  4.19949094E-04
2.89507242E-01  2.87963375E-02  4.26156679E-04
2.89805857E-01  2.88561191E-02  4.25044680E-04
2.90104472E-01  2.83854604E-02  4.20952856E-04
2.90403087E-01  2.83460040E-02  4.25211329E-04
2.90701702E-01  2.79863793E-02  4.19203978E-04
2.91000317E-01  2.82044113E-02  4.20119904E-04
2.91298932E-01  2.80013606E-02  4.19522519E-04
2.91597547E-01  2.89598145E-02  4.27267893E-04
2.91896162E-01  2.86091454E-02  4.24363418E-04
2.92194777E-01  2.93433554E-02  4.28107945E-04
2.92493392E-01  2.87558492E-02  4.24212485E-04
2.92792007E-01  2.92022955E-02  4.28013183E-04
2.93090622E-01  2.87855100E-02  4.24742495E-04
2.93389237E-01  2.95153316E-02  4.29885578E-04
2.93687852E-01  2.93837860E-02  4.25941456E-04
2.93986467E-01  2.94861160E-02  4.29779291E-04
2.94285082E-01  2.92755309E-02  4.26076702E-04
2.94583697E-01  2.93721668E-02  4.29995212E-04
2.94882312E-01  2.90588383E-02  4.24907659E-04
2.95180927E-01  2.93300971E-02  4.24139493E-04
2.95479542E-01  2.90514603E-02  4.25985461E-04
2.95778157E-01  2.95907445E-02  4.28267056E-04
2.96076772E-01  2.97949892E-02  4.30053624E-04
2.96375387E-01  2.99032405E-02  4.30318119E-04
2.96674002E-01  2.95530260E-02  4.27586841E-04
2.96972617E-01  2.97150798E-02  4.31560737E-04
2.97271232E-01  2.98256874E-02  4.32574452E-04
2.97569847E-01  2.95408741E-02  4.30714688E-04
2.97868462E-01  3.03525496E-02  4.37873299E-04
2.98167077E-01  2.94789840E-02  4.33655165E-04
2.98465692E-01  3.08556333E-02  4.46433580E-04
2.98764307E-01  3.08768656E-02  4.42727411E-04
2.99062922E-01  3.07151508E-02  4.44307982E-04
2.99361537E-01  3.19957882E-02  4.54952213E-04
2.99660152E-01  3.10764182E-02  4.49158106E-04
2.99958767E-01  3.10883839E-02  4.49471903E-04
3.00257382E-01  3.13727893E-02  4.52780048E-04
3.00555997E-01  3.12171839E-02  4.51428466E-04
3.00854612E-01  3.20145376E-02  4.56466427E-04
3.01153227E-01  3.27895731E-02  4.65018442E-04
3.01451842E-01  3.34515162E-02  4.67544800E-04
3.01750457E-01  3.32620144E-02  4.71623731E-04
3.02049072E-01  3.31424773E-02  4.67398524E-04
3.02347687E-01  3.23208310E-02  4.70797124E-04
3.02646302E-01  3.25509980E-02  4.78484231E-04
3.02944917E-01  3.35176028E-02  4.85405617E-04
3.03243532E-01  3.32666039E-02  4.92798048E-04
3.03542147E-01  3.40686142E-02  4.99552698E-04
3.03840762E-01  3.35472636E-02  4.95435903E-04
3.04139377E-01  3.44106331E-02  5.08297235E-04
3.04437992E-01  3.49075608E-02  5.07400895E-04
3.04736607E-01  3.43474001E-02  5.11566293E-04
3.05035222E-01  3.40739116E-02  5.05367469E-04
3.05333837E-01  3.54014114E-02  5.18594170E-04
3.05632452E-01  3.50083299E-02  5.19855646E-04
3.05931067E-01  3.56878154E-02  5.22229646E-04
3.06229682E-01  3.52002829E-02  5.24269009E-04
3.06528297E-01  3.61176282E-02  5.25991083E-04
3.06826912E-01  3.63276675E-02  5.34057152E-04
3.07125527E-01  3.61031331E-02  5.33705752E-04
3.07424142E-01  3.56138758E-02  5.29431738E-04
3.07722757E-01  3.66916098E-02  5.41695277E-04
3.08021372E-01  3.60881053E-02  5.32785431E-04
3.08319987E-01  3.71350534E-02  5.36389591E-04
3.08618602E-01  3.70521471E-02  5.30563062E-04
3.08917217E-01  3.59446220E-02  5.14756772E-04
3.09215832E-01  3.74639332E-02  5.30085119E-04
3.09514447E-01  3.60422805E-02  5.11817576E-04
3.09813062E-01  3.66217196E-02  5.17082692E-04
3.10111677E-01  3.56133319E-02  5.07623598E-04
3.10410292E-01  3.68192866E-02  5.09759062E-04
3.10708907E-01  3.51417884E-02  5.02847193E-04
3.11007522E-01  3.62695083E-02  5.03743126E-04
3.11306137E-01  3.55396047E-02  5.04984928E-04
3.11604752E-01  3.60836983E-02  5.02862909E-04
3.11903367E-01  3.62364724E-02  5.03381423E-04
3.12201982E-01  3.56090069E-02  4.98870446E-04
3.12500597E-01  3.53430025E-02  4.92492691E-04
3.12799212E-01  3.56074795E-02  4.98457870E-04
3.13097827E-01  3.54926400E-02  4.94194217E-04
3.13396442E-01  3.51102538E-02  4.90872480E-04
3.13695057E-01  3.47892940E-02  4.91111714E-04
3.13993672E-01  3.53030786E-02  4.89754020E-04
3.14292287E-01  3.40147279E-02  4.82005853E-04
3.14590902E-01  3.53731811E-02  4.90113802E-04
3.14889517E-01  3.56110558E-02  4.91760322E-04
3.15188132E-01  3.49564254E-02  4.90064733E-04
3.15486747E-01  3.56716663E-02  4.88469668E-04
3.15785362E-01  3.53656933E-02  4.89681144E-04
3.16083977E-01  3.53963077E-02  4.86205681E-04
3.16382592E-01  3.52586247E-02  4.87918122E-04
3.16681207E-01  3.59385759E-02  4.90426261E-04
3.16979822E-01  3.53336297E-02  4.85527999E-04
3.17278437E-01  3.57004404E-02  4.89690807E-04
3.17577052E-01  3.58062163E-02  4.88893245E-04
3.17875667E-01  3.50582823E-02  4.90529579E-04
3.18174282E-01  3.51796113E-02  4.95881075E-04
3.18472897E-01  3.61845605E-02  5.10147947E-04
3.18771512E-01  3.51411030E-02  5.00790833E-04
3.19070127E-01  3.60924639E-02  5.11499820E-04
3.19368742E-01  3.60373892E-02  5.11541846E-04
3.19667357E-01  3.64694521E-02  5.15035354E-04
3.19965972E-01  3.52173112E-02  5.07262419E-04
3.20264587E-01  3.64609770E-02  5.18495741E-04
3.20563202E-01  3.43525372E-02  5.02851733E-04
3.20861817E-01  3.49855274E-02  5.08480472E-04
3.21160432E-01  3.57288904E-02  5.12245460E-04
3.21459047E-01  3.49381380E-02  5.11368911E-04
3.21757662E-01  3.47200707E-02  5.06552053E-04
3.22056277E-01  3.48724984E-02  5.07373887E-04
3.22354892E-01  3.45199034E-02  5.09189675E-04
3.22653507E-01  3.44274826E-02  5.06889774E-04
3.22952122E-01  3.42529491E-02  5.10046433E-04
3.23250737E-01  3.45229693E-02  5.02394803E-04
3.23549352E-01  3.47627774E-02  5.10390149E-04
3.23847967E-01  3.36214229E-02  5.04289812E-04
3.24146582E-01  3.33806798E-02  5.01017144E-04
3.24445197E-01  3.33143994E-02  5.00812719E-04
3.24743812E-01  3.46314162E-02  5.09726640E-04
3.25042427E-01  3.35017927E-02  5.06673241E-04
3.25341042E-01  3.36428508E-02  5.01964416E-04
3.25639657E-01  3.20565440E-02  4.92711319E-04
3.25938272E-01  3.22877467E-02  4.95796674E-04
3.26236887E-01  3.20667401E-02  4.90211707E-04
3.26535502E-01  3.10989469E-02  4.90066304E-04
3.26834117E-01  3.22806910E-02  4.93713247E-04
3.27132732E-01  3.18041965E-02  4.92511550E-04
3.27431347E-01  3.13631222E-02  4.89809667E-04
3.27729962E-01  3.13719213E-02  4.87574463E-04
3.28028577E-01  3.18197161E-02  4.99013870E-04
3.28327192E-01  3.11664082E-02  4.82172618E-04
3.28625807E-01  3.05125788E-02  4.84999211E-04
3.28924422E-01  3.05841658E-02  4.85279568E-04
3.29223037E-01  3.05144005E-02  4.82716452E-04
3.29521652E-01  3.13162059E-02  4.90034116E-04
3.29820267E-01  3.06912810E-02  4.83402197E-04
3.30118882E-01  3.11424490E-02  4.92343795E-04
3.30417497E-01  2.96841376E-02  4.78092843E-04
3.30716112E-01  3.03617436E-02  4.80662507E-04
3.31014727E-01  3.00572794E-02  4.79095557E-04
3.31313342E-01  2.91025527E-02  4.69762774E-04
3.31611957E-01  2.90340278E-02  4.74250148E-04
3.31910572E-01  2.93552373E-02  4.73471562E-04
3.32209187E-01  2.90973037E-02  4.69311344E-04
3.32507802E-01  2.99539175E-02  4.81564261E-04
3.32806417E-01  2.91521307E-02  4.68795246E-04
3.33105032E-01  2.96819136E-02  4.77376452E-04
3.33403647E-01  2.92685553E-02  4.70972067E-04
3.33702262E-01  2.80739386E-02  4.61532705E-04
3.34000877E-01  2.89430171E-02  4.68348328E-04
3.34299492E-01  2.88795196E-02  4.69353050E-04
3.34598107E-01  2.91372780E-02  4.71862615E-04
3.34896722E-01  2.84969434E-02  4.62159864E-04
3.35195337E-01  2.84628421E-02  4.62825759E-04
3.35493952E-01  2.88748071E-02  4.68905084E-04
3.35792567E-01  2.77874470E-02  4.58374008E-04
3.36091182E-01  2.81877015E-02  4.62342054E-04
3.36389797E-01  2.77471300E-02  4.55913629E-04
3.36688412E-01  2.88723428E-02  4.68063430E-04
3.36987027E-01  2.83107404E-02  4.60657058E-04
3.37285642E-01  2.80365106E-02  4.60295792E-04
3.37584257E-01  2.78233550E-02  4.59216302E-04
3.37882872E-01  2.74745915E-02  4.54203051E-04
3.38181487E-01  2.80925594E-02  4.61029616E-04
3.38480102E-01  2.84149963E-02  4.56764275E-04
3.38778717E-01  2.81919055E-02  4.61171963E-04
3.39077332E-01  2.74396036E-02  4.53129527E-04
3.39375947E-01  2.77005862E-02  4.55148867E-04
3.39674562E-01  2.76415497E-02  4.57588874E-04
3.39973177E-01  2.76265349E-02  4.52711567E-04
3.40271792E-01  2.74938289E-02  4.54769703E-04
3.40570407E-01  2.70984061E-02  4.50702122E-04
3.40869022E-01  2.72915177E-02  4.49704065E-04
3.41167637E-01  2.75172126E-02  4.52992768E-04
3.41466252E-01  2.77550686E-02  4.52214532E-04
3.41764867E-01  2.74476446E-02  4.55190457E-04
3.42063482E-01  2.78537478E-02  4.54971159E-04
3.42362097E-01  2.80158408E-02  4.53820598E-04
3.42660712E-01  2.82736588E-02  4.60114592E-04
3.42959327E-01  2.74757892E-02  4.48917242E-04
3.43257942E-01  2.71807797E-02  4.51137166E-04
3.43556557E-01  2.77584419E-02  4.52509790E-04
3.43855172E-01  2.70068552E-02  4.46470542E-04
3.44153787E-01  2.77355630E-02  4.52196924E-04
3.44452402E-01  2.77681779E-02  4.51948465E-04
3.44751017E-01  2.67716907E-02  4.44653590E-04
3.45049632E-01  2.76015755E-02  4.47168713E-04
3.45348247E-01  2.67794039E-02  4.44720354E-04
3.45646862E-01  2.64786221E-02  4.40332951E-04
3.45945477E-01  2.69926842E-02  4.44840349E-04
3.46244092E-01  2.64431760E-02  4.35134949E-04
3.46542707E-01  2.72835158E-02  4.42364311E-04
3.46841322E-01  2.75013950E-02  4.47369413E-04
3.47139937E-01  2.69988272E-02  4.41773445E-04
3.47438552E-01  2.71027293E-02  4.39317635E-04
3.47737167E-01  2.74129603E-02  4.45400772E-04
3.48035782E-01  2.69943289E-02  4.38078801E-04
3.48334397E-01  2.66082734E-02  4.38326708E-04
3.48633012E-01  2.68327426E-02  4.34029993E-04
3.48931627E-01  2.78677810E-02  4.45727637E-04
3.49230242E-01  2.67035551E-02  4.37528099E-04
3.49528857E-01  2.73753591E-02  4.41652955E-04
3.49827472E-01  2.65942477E-02  4.36029892E-04
3.50126087E-01  2.70218458E-02  4.35326889E-04
3.50424702E-01  2.76424959E-02  4.44174366E-04
3.50723317E-01  2.62970459E-02  4.31447086E-04
3.51021932E-01  2.72629838E-02  4.40873962E-04
3.51320547E-01  2.73118559E-02  4.38974850E-04
3.51619162E-01  2.68981699E-02  4.34690417E-04
3.51917777E-01  2.74320524E-02  4.40906733E-04
3.52216392E-01  2.75531951E-02  4.41034645E-04
3.52515007E-01  2.70059910E-02  4.34620539E-04
3.52813622E-01  2.72999350E-02  4.36980772E-04
3.53112237E-01  2.72180736E-02  4.41129348E-04
3.53410852E-01  2.71994229E-02  4.40249249E-04
3.53709467E-01  2.74294540E-02  4.33697744E-04
3.54008082E-01  2.74641383E-02  4.38654853E-04
3.54306697E-01  2.72977427E-02  4.37562732E-04
3.54605312E-01  2.67957710E-02  4.35775612E-04
3.54903927E-01  2.74862275E-02  4.42693301E-04
3.55202542E-01  2.77455375E-02  4.35388181E-04
3.55501157E-01  2.67623588E-02  4.34199930E-04
3.55799772E-01  2.74241231E-02  4.37513780E-04
3.56098387E-01  2.80703176E-02  4.43719793E-04
3.56397002E-01  2.65472792E-02  4.31164633E-04
3.56695617E-01  2.63471082E-02  4.24842845E-04
3.56994232E-01  2.76302621E-02  4.43006604E-04
3.57292847E-01  2.65899934E-02  4.27593535E-04
3.57591462E-01  2.69962493E-02  4.33510402E-04
3.57890077E-01  2.72278767E-02  4.34548885E-04
3.58188692E-01  2.76022479E-02  4.35776688E-04
3.58487307E-01  2.64278073E-02  4.32198634E-04
3.58785922E-01  2.68782414E-02  4.28205996E-04
3.59084537E-01  2.72469670E-02  4.35408409E-04
3.59383152E-01  2.75266673E-02  4.35998489E-04
3.59681767E-01  2.72528697E-02  4.34174319E-04
3.59980382E-01  2.76183411E-02  4.41230368E-04
3.60278997E-01  2.73085944E-02  4.29590757E-04
3.60577612E-01  2.65524071E-02  4.29945649E-04
3.60876227E-01  2.70315781E-02  4.32297791E-04
3.61174842E-01  2.73109619E-02  4.31878201E-04
3.61473457E-01  2.73794327E-02  4.32420638E-04
3.61772072E-01  2.75191143E-02  4.34789428E-04
3.62070687E-01  2.67402641E-02  4.31238499E-04
3.62369302E-01  2.69469433E-02  4.29791689E-04
3.62667917E-01  2.78440639E-02  4.36773000E-04
3.62966532E-01  2.70350445E-02  4.29019623E-04
3.63265147E-01  2.64885128E-02  4.26237297E-04
3.63563762E-01  2.66811736E-02  4.27899533E-04
3.63862377E-01  2.75675170E-02  4.33342269E-04
3.64160992E-01  2.64992658E-02  4.25200938E-04
3.64459607E-01  2.70192027E-02  4.29580337E-04
3.64758222E-01  2.73062363E-02  4.31857479E-04
3.65056837E-01  2.65642218E-02  4.26627841E-04
3.65355452E-01  2.73391176E-02  4.28957748E-04
3.65654067E-01  2.75083557E-02  4.33915964E-04
3.65952682E-01  2.65197493E-02  4.22924320E-04
3.66251297E-01  2.69395541E-02  4.30550921E-04
3.66549912E-01  2.74255294E-02  4.30313579E-04
3.66848527E-01  2.77100578E-02  4.30299086E-04
3.67147142E-01  2.66093723E-02  4.27794585E-04
3.67445757E-01  2.68091280E-02  4.24899888E-04
3.67744372E-01  2.74371505E-02  4.30973625E-04
3.68042987E-01  2.72284485E-02  4.28436004E-04
3.68341602E-01  2.74392720E-02  4.30317392E-04
3.68640217E-01  2.74613742E-02  4.32529632E-04
3.68938832E-01  2.72415914E-02  4.25338454E-04
3.69237447E-01  2.75738798E-02  4.31263237E-04
3.69536062E-01  2.66830344E-02  4.22371260E-04
3.69834677E-01  2.79315151E-02  4.34735062E-04
3.70133292E-01  2.68684849E-02  4.27616644E-04
3.70431907E-01  2.79896427E-02  4.30813874E-04
3.70730522E-01  2.72817407E-02  4.28532512E-04
3.71029137E-01  2.67399289E-02  4.21847333E-04
3.71327752E-01  2.67815497E-02  4.24036931E-04
3.71626367E-01  2.63911933E-02  4.20500030E-04
3.71924982E-01  2.69323811E-02  4.24461090E-04
3.72223597E-01  2.66595650E-02  4.24399186E-04
3.72522212E-01  2.76132375E-02  4.27150720E-04
3.72820827E-01  2.82833725E-02  4.34307236E-04
3.73119442E-01  2.82848161E-02  4.34431829E-04
3.73418057E-01  2.75807474E-02  4.26903600E-04
3.73716672E-01  2.73188818E-02  4.30071959E-04
3.74015287E-01  2.76747085E-02  4.26218932E-04
3.74313902E-01  2.81964168E-02  4.32309898E-04
3.74612517E-01  2.73026098E-02  4.26499144E-04
3.74911132E-01  2.82481071E-02  4.33153327E-04
3.75209747E-01  2.78093219E-02  4.30441520E-04
3.75508362E-01  2.75600702E-02  4.25666716E-04
3.75806977E-01  2.78506223E-02  4.29437816E-04
3.76105592E-01  2.82667372E-02  4.32524685E-04
3.76404207E-01  2.82760262E-02  4.32818837E-04
3.76702822E-01  2.79859826E-02  4.28730913E-04
3.77001437E-01  2.76013259E-02  4.26100654E-04
3.77300052E-01  2.83449292E-02  4.34689078E-04
3.77598667E-01  2.82406993E-02  4.32887115E-04
3.77897282E-01  2.73035746E-02  4.22512210E-04
3.78195897E-01  2.81728432E-02  4.28536965E-04
3.78494512E-01  2.85313800E-02  4.33890295E-04
3.78793127E-01  2.80552115E-02  4.29489184E-04
3.79091742E-01  2.81119570E-02  4.29052685E-04
3.79390357E-01  2.93640960E-02  4.38172516E-04
3.79688972E-01  2.82682739E-02  4.30137879E-04
3.79987587E-01  2.85012480E-02  4.31144814E-04
3.80286202E-01  2.79052407E-02  4.27694788E-04
3.80584817E-01  2.78595407E-02  4.27345862E-04
3.80883432E-01  2.92936359E-02  4.36441333E-04
3.81182047E-01  2.82091238E-02  4.29586100E-04
3.81480662E-01  2.83806864E-02  4.31000983E-04
3.81779277E-01  2.83985641E-02  4.27687279E-04
3.82077892E-01  2.81061623E-02  4.28914296E-04
3.82376507E-01  2.85783056E-02  4.31521243E-04
3.82675122E-01  2.86142975E-02  4.32558096E-04
3.82973737E-01  2.86896359E-02  4.31386521E-04
3.83272352E-01  2.89030448E-02  4.30192478E-04
3.83570967E-01  2.83367392E-02  4.29591164E-04
3.83869582E-01  2.91182753E-02  4.34166112E-04
3.84168197E-01  2.88196094E-02  4.32803005E-04
3.84466812E-01  2.85124481E-02  4.28770727E-04
3.84765427E-01  2.93357447E-02  4.34377260E-04
3.85064042E-01  2.85869334E-02  4.32144443E-04
3.85362657E-01  2.86161974E-02  4.29554522E-04
3.85661272E-01  2.85593066E-02  4.26163402E-04
3.85959887E-01  2.92511657E-02  4.35711874E-04
3.86258502E-01  2.95590628E-02  4.34739137E-04
3.86557117E-01  2.85413209E-02  4.32792120E-04
3.86855732E-01  2.91293710E-02  4.31038032E-04
3.87154347E-01  2.97253132E-02  4.35211754E-04
3.87452962E-01  2.96980739E-02  4.38925083E-04
3.87751577E-01  2.91297361E-02  4.29774896E-04
3.88050192E-01  2.86799893E-02  4.31338995E-04
3.88348807E-01  2.88729183E-02  4.26729617E-04
3.88647422E-01  2.93070469E-02  4.33429988E-04
3.88946037E-01  2.86806803E-02  4.27926891E-04
3.89244652E-01  2.93330923E-02  4.33625508E-04
3.89543267E-01  2.93863229E-02  4.34127927E-04
3.89841882E-01  2.93503515E-02  4.30460728E-04
3.90140497E-01  2.92848796E-02  4.34243382E-04
3.90439112E-01  2.97037959E-02  4.36254806E-04
3.90737727E-01  2.86437664E-02  4.23805963E-04
3.91036342E-01  2.96018552E-02  4.36265924E-04
3.91334957E-01  2.94321124E-02  4.30227839E-04
3.91633572E-01  2.96213217E-02  4.35654802E-04
3.91932187E-01  2.97199376E-02  4.32224275E-04
3.92230802E-01  3.01537793E-02  4.36644594E-04
3.92529417E-01  2.88402233E-02  4.29876905E-04
3.92828032E-01  2.98718587E-02  4.33016452E-04
3.93126647E-01  2.93345880E-02  4.31204506E-04
3.93425262E-01  2.94370223E-02  4.30483604E-04
3.93723877E-01  2.94215288E-02  4.32482513E-04
3.94022492E-01  2.95624938E-02  4.33199486E-04
3.94321107E-01  2.91133635E-02  4.27491061E-04
3.94619722E-01  2.89093796E-02  4.26199229E-04
3.94918337E-01  3.00344992E-02  4.34098882E-04
3.95216952E-01  2.97290869E-02  4.33044828E-04
3.95515567E-01  2.84664799E-02  4.24164755E-04
3.95814182E-01  2.93375477E-02  4.26663115E-04
3.96112797E-01  2.86406670E-02  4.24737547E-04
3.96411412E-01  2.97720265E-02  4.32205503E-04
3.96710027E-01  2.91339010E-02  4.28069587E-04
3.97008642E-01  2.98002623E-02  4.30848420E-04
3.97307257E-01  2.91934051E-02  4.27057996E-04
3.97605872E-01  2.97955014E-02  4.32591885E-04
3.97904487E-01  2.92658098E-02  4.29775828E-04
3.98203102E-01  2.95387544E-02  4.27112187E-04
3.98501717E-01  2.99103074E-02  4.30821470E-04
3.98800332E-01  2.99241543E-02  4.31648281E-04
3.99098947E-01  2.93769743E-02  4.28097526E-04
3.99397562E-01  2.93679573E-02  4.29381791E-04
3.99696177E-01  2.96944045E-02  4.29992593E-04
3.99994792E-01  2.99697779E-02  4.30740765E-04
4.00293407E-01  3.01389750E-02  4.33306821E-04
4.00592022E-01  2.94333007E-02  4.26973333E-04
4.00890637E-01  2.94132289E-02  4.26727056E-04
4.01189252E-01  2.93077920E-02  4.25555831E-04
4.01487867E-01  2.95871682E-02  4.29431384E-04
4.01786482E-01  2.89365165E-02  4.24072146E-04
4.02085097E-01  2.96054054E-02  4.25284234E-04
4.02383712E-01  2.95261703E-02  4.30134707E-04
4.02682327E-01  2.90087685E-02  4.20682103E-04
4.02980942E-01  2.93396506E-02  4.26919491E-04
4.03279557E-01  2.95705311E-02  4.26858314E-04
4.03578172E-01  2.99938302E-02  4.27568040E-04
4.03876787E-01  3.06193624E-02  4.35821392E-04
4.04175402E-01  3.04032676E-02  4.31089429E-04
4.04474017E-01  3.02205775E-02  4.32252156E-04
4.04772632E-01  2.99062915E-02  4.27756837E-04
4.05071247E-01  3.01245973E-02  4.29825392E-04
4.05369862E-01  2.90037841E-02  4.25606820E-04
4.05668477E-01  2.98291277E-02  4.23716032E-04
4.05967092E-01  2.97719650E-02  4.27104387E-04
4.06265707E-01  2.93928608E-02  4.23676043E-04
4.06564322E-01  3.00123151E-02  4.27614374E-04
4.06862937E-01  2.98599508E-02  4.30811808E-04
4.07161552E-01  2.92395297E-02  4.20592958E-04
4.07460167E-01  2.98442002E-02  4.27832623E-04
4.07758782E-01  2.90465653E-02  4.18423733E-04
4.08057397E-01  2.94251330E-02  4.23218968E-04
4.08356012E-01  2.90413797E-02  4.22043551E-04
4.08654627E-01  2.92641893E-02  4.19992837E-04
4.08953242E-01  2.95446683E-02  4.26396145E-04
4.09251857E-01  2.94665508E-02  4.22332028E-04
4.09550472E-01  2.91126631E-02  4.19986405E-04
4.09849087E-01  2.89036538E-02  4.18673764E-04
4.10147702E-01  2.87568718E-02  4.15763207E-04
4.10446317E-01  2.96291132E-02  4.26505867E-04
4.10744932E-01  2.92302016E-02  4.20938071E-04
4.11043547E-01  2.84104832E-02  4.11443762E-04
4.11342162E-01  2.91502886E-02  4.20266879E-04
4.11640777E-01  2.85607167E-02  4.16778261E-04
4.11939392E-01  2.84928679E-02  4.16676397E-04
4.12238007E-01  2.94709802E-02  4.19348449E-04
4.12536622E-01  2.89474577E-02  4.17733565E-04
4.12835237E-01  2.87513919E-02  4.14774637E-04
4.13133852E-01  2.87563205E-02  4.16452211E-04
4.13432467E-01  2.86729056E-02  4.15462098E-04
4.13731082E-01  2.81346496E-02  4.10211505E-04
4.14029697E-01  2.84565929E-02  4.14377340E-04
4.14328312E-01  2.82901730E-02  4.11823014E-04
4.14626927E-01  2.84546036E-02  4.14172770E-04
4.14925542E-01  2.77938563E-02  4.05760540E-04
4.15224157E-01  2.75024623E-02  4.06430481E-04
4.15522772E-01  2.78032366E-02  4.09313972E-04
4.15821387E-01  2.78838407E-02  4.07074200E-04
4.16120002E-01  2.76647918E-02  4.06220701E-04
4.16418617E-01  2.83193402E-02  4.11855057E-04
4.16717232E-01  2.79584397E-02  4.08468099E-04
4.17015847E-01  2.81774718E-02  4.11492481E-04
4.17314462E-01  2.75328867E-02  4.01480298E-04
4.17613077E-01  2.84018423E-02  4.11793910E-04
4.17911692E-01  2.80358363E-02  4.07818268E-04
4.18210307E-01  2.74533592E-02  4.06460022E-04
4.18508922E-01  2.70622130E-02  3.99488490E-04
4.18807537E-01  2.72812527E-02  4.01194877E-04
4.19106152E-01  2.63011865E-02  3.96280200E-04
4.19404767E-01  2.71951761E-02  4.02681646E-04
4.19703382E-01  2.77788602E-02  4.03738610E-04
4.20001997E-01  2.71865353E-02  4.01236292E-04
4.20300612E-01  2.62777824E-02  3.93038383E-04
4.20599227E-01  2.69116797E-02  4.00952937E-04
4.20897842E-01  2.71764658E-02  4.00434074E-04
4.21196457E-01  2.69876923E-02  3.97955067E-04
4.21495072E-01  2.66778953E-02  3.97381635E-04
4.21793687E-01  2.69494429E-02  3.98127566E-04
4.22092302E-01  2.73360796E-02  4.03180020E-04
4.22390917E-01  2.70866994E-02  3.95563286E-04
4.22689532E-01  2.63957437E-02  3.95733368E-04
4.22988147E-01  2.66002771E-02  3.94739356E-04
4.23286762E-01  2.63128765E-02  3.95024108E-04
4.23585377E-01  2.62721013E-02  3.92033602E-04
4.23883992E-01  2.65853293E-02  3.93565308E-04
4.24182607E-01  2.66036615E-02  3.93879833E-04
4.24481222E-01  2.69246977E-02  3.98501958E-04
4.24779837E-01  2.65592393E-02  3.94086965E-04
4.25078452E-01  2.62815319E-02  3.90525587E-04
4.25377067E-01  2.69935485E-02  3.98561737E-04
4.25675682E-01  2.64381096E-02  3.91514623E-04
4.25974297E-01  2.58875992E-02  3.90403380E-04
4.26272912E-01  2.59625372E-02  3.86683096E-04
4.26571527E-01  2.59880815E-02  3.91163252E-04
4.26870142E-01  2.70471759E-02  3.95915966E-04
4.27168757E-01  2.66498998E-02  3.93616472E-04
4.27467372E-01  2.65467931E-02  3.91538808E-04
4.27765987E-01  2.58244332E-02  3.88524088E-04
4.28064602E-01  2.53962539E-02  3.83648468E-04
4.28363217E-01  2.56443731E-02  3.86559550E-04
4.28661832E-01  2.56685521E-02  3.86135187E-04
4.28960447E-01  2.52177585E-02  3.82131111E-04
4.29259062E-01  2.59762686E-02  3.87317414E-04
4.29557677E-01  2.52528861E-02  3.82400089E-04
4.29856292E-01  2.54880730E-02  3.82555474E-04
4.30154907E-01  2.56018527E-02  3.84263229E-04
4.30453522E-01  2.55535450E-02  3.85277992E-04
4.30752137E-01  2.55611464E-02  3.84389015E-04
4.31050752E-01  2.57130172E-02  3.83990293E-04
4.31349367E-01  2.58794930E-02  3.85917374E-04
4.31647982E-01  2.51379758E-02  3.80180834E-04
4.31946597E-01  2.53509600E-02  3.83841194E-04
4.32245212E-01  2.55485475E-02  3.82173923E-04
4.32543827E-01  2.60535311E-02  3.87909269E-04
4.32842442E-01  2.58336700E-02  3.88443295E-04
4.33141057E-01  2.55892836E-02  3.82398401E-04
4.33439672E-01  2.56724544E-02  3.85496620E-04
4.33738287E-01  2.47929413E-02  3.76820273E-04
4.34036902E-01  2.54820045E-02  3.83981183E-04
4.34335517E-01  2.56736204E-02  3.84993647E-04
4.34634132E-01  2.58237813E-02  3.86550615E-04
4.34932747E-01  2.57673543E-02  3.84159735E-04
4.35231362E-01  2.57616583E-02  3.84373940E-04
4.35529977E-01  2.51283217E-02  3.81741294E-04
4.35828592E-01  2.55876034E-02  3.84612969E-04
4.36127207E-01  2.57512704E-02  3.83621606E-04
4.36425822E-01  2.60434765E-02  3.86476604E-04
4.36724437E-01  2.51821410E-02  3.80370591E-04
4.37023052E-01  2.52737179E-02  3.81232298E-04
4.37321667E-01  2.52070352E-02  3.78550583E-04
4.37620282E-01  2.59471145E-02  3.86882719E-04
4.37918897E-01  2.50162985E-02  3.79121891E-04
4.38217512E-01  2.50076130E-02  3.79732286E-04
4.38516127E-01  2.51667481E-02  3.78586497E-04
4.38814742E-01  2.53320578E-02  3.77922086E-04
4.39113357E-01  2.49202605E-02  3.78231489E-04
4.39411972E-01  2.53572203E-02  3.81365506E-04
4.39710587E-01  2.44739521E-02  3.73180868E-04
4.40009202E-01  2.47845333E-02  3.76953802E-04
4.40307817E-01  2.54799984E-02  3.78866418E-04
4.40606432E-01  2.54499782E-02  3.81983729E-04
4.40905047E-01  2.51448769E-02  3.78600322E-04
4.41203662E-01  2.56046578E-02  3.79713892E-04
4.41502277E-01  2.55733766E-02  3.81479796E-04
4.41800892E-01  2.49675270E-02  3.76356853E-04
4.42099507E-01  2.53130253E-02  3.79202742E-04
4.42398122E-01  2.55818535E-02  3.80212819E-04
4.42696737E-01  2.53557786E-02  3.78613186E-04
4.42995352E-01  2.53309105E-02  3.79257923E-04
4.43293967E-01  2.56476942E-02  3.82716156E-04
4.43592582E-01  2.58134771E-02  3.84037296E-04
4.43891197E-01  2.50249431E-02  3.74509080E-04
4.44189812E-01  2.54889261E-02  3.81282036E-04
4.44488427E-01  2.58658323E-02  3.82244412E-04
4.44787042E-01  2.54276153E-02  3.80407466E-04
4.45085657E-01  2.52448637E-02  3.77631193E-04
4.45384272E-01  2.54017282E-02  3.79383884E-04
4.45682887E-01  2.49639191E-02  3.78763245E-04
4.45981502E-01  2.51003187E-02  3.76142940E-04
4.46280117E-01  2.48252954E-02  3.74894997E-04
4.46578732E-01  2.56120637E-02  3.81040765E-04
4.46877347E-01  2.49111056E-02  3.76534474E-04
4.47175962E-01  2.53443215E-02  3.83608771E-04
4.47474577E-01  2.58624293E-02  3.81072285E-04
4.47773192E-01  2.53121555E-02  3.78892233E-04
4.48071807E-01  2.48132553E-02  3.75141157E-04
4.48370422E-01  2.48814020E-02  3.76731594E-04
4.48669037E-01  2.49947496E-02  3.76596116E-04
4.48967652E-01  2.53083203E-02  3.78538069E-04
4.49266267E-01  2.54862867E-02  3.81456019E-04
4.49564882E-01  2.50232611E-02  3.78143333E-04
4.49863497E-01  2.57334262E-02  3.81875550E-04
4.50162112E-01  2.57952493E-02  3.83681181E-04
4.50460727E-01  2.51673665E-02  3.79067875E-04
4.50759342E-01  2.53443178E-02  3.80483543E-04
4.51057957E-01  2.48275548E-02  3.76088748E-04
4.51356572E-01  2.48866882E-02  3.74077354E-04
4.51655187E-01  2.52289101E-02  3.80124198E-04
4.51953802E-01  2.49441955E-02  3.76561744E-04
4.52252417E-01  2.53658909E-02  3.83540057E-04
4.52551032E-01  2.48067919E-02  3.74786527E-04
4.52849647E-01  2.44723298E-02  3.73069401E-04
4.53148262E-01  2.52403151E-02  3.78879515E-04
4.53446877E-01  2.50149667E-02  3.76772456E-04
4.53745492E-01  2.43728813E-02  3.72724549E-04
4.54044107E-01  2.52940692E-02  3.80458747E-04
4.54342722E-01  2.50679404E-02  3.78171360E-04
4.54641337E-01  2.53910851E-02  3.81443650E-04
4.54939952E-01  2.46494729E-02  3.74509982E-04
4.55238567E-01  2.49922797E-02  3.76858428E-04
4.55537182E-01  2.45824289E-02  3.76325333E-04
4.55835797E-01  2.51454916E-02  3.79600533E-04
4.56134412E-01  2.56456137E-02  3.82344733E-04
4.56433027E-01  2.55195722E-02  3.81825928E-04
4.56731642E-01  2.53335107E-02  3.79680045E-04
4.57030257E-01  2.51628421E-02  3.79905745E-04
4.57328872E-01  2.48812307E-02  3.76858603E-04
4.57627487E-01  2.44203880E-02  3.73189338E-04
4.57926102E-01  2.58976761E-02  3.84567102E-04
4.58224717E-01  2.52939630E-02  3.81407532E-04
4.58523332E-01  2.47097388E-02  3.75729345E-04
4.58821947E-01  2.52434313E-02  3.77525284E-04
4.59120562E-01  2.51562167E-02  3.80456710E-04
4.59419177E-01  2.56802309E-02  3.84229730E-04
4.59717792E-01  2.48013437E-02  3.77515244E-04
4.60016407E-01  2.60932371E-02  3.85942258E-04
4.60315022E-01  2.55806874E-02  3.81546415E-04
4.60613637E-01  2.48842146E-02  3.77814984E-04
4.60912252E-01  2.43758671E-02  3.75102129E-04
4.61210867E-01  2.52660569E-02  3.79865553E-04
4.61509482E-01  2.49319635E-02  3.81318998E-04
4.61808097E-01  2.56012045E-02  3.95129260E-04
4.62106712E-01  2.46885177E-02  3.89678404E-04
4.62405327E-01  2.65015978E-02  4.07427695E-04
4.62703942E-01  2.51694266E-02  3.96577962E-04
4.63002557E-01  2.51488183E-02  4.03687940E-04
4.63301172E-01  2.55417470E-02  4.08263149E-04
4.63599787E-01  2.47663669E-02  4.04163700E-04
4.63898402E-01  2.46029124E-02  4.04688210E-04
4.64197017E-01  2.47532520E-02  4.06446925E-04
4.64495632E-01  2.54563931E-02  4.17373987E-04
4.64794247E-01  2.55855992E-02  4.19098273E-04
4.65092862E-01  2.46986784E-02  4.09714412E-04
4.65391477E-01  2.53204815E-02  4.21073346E-04
4.65690092E-01  2.44111884E-02  4.13333561E-04
4.65988707E-01  2.47767400E-02  4.20065451E-04
4.66287322E-01  2.43898574E-02  4.17118747E-04
4.66585937E-01  2.42937636E-02  4.16757190E-04
4.66884552E-01  2.40412559E-02  4.19714575E-04
4.67183167E-01  2.43949741E-02  4.24597645E-04
4.67481782E-01  2.52469201E-02  4.26628976E-04
4.67780397E-01  2.51836553E-02  4.32150380E-04
4.68079012E-01  2.46337429E-02  4.28883417E-04
4.68377627E-01  2.58277245E-02  4.41709359E-04
4.68676242E-01  2.56226286E-02  4.40983626E-04
4.68974857E-01  2.56076623E-02  4.40856646E-04
4.69273472E-01  2.53777653E-02  4.43047495E-04
4.69572087E-01  2.47737188E-02  4.36443894E-04
4.69870702E-01  2.46635973E-02  4.37295064E-04
4.70169317E-01  2.53324583E-02  4.45458572E-04
4.70467932E-01  2.52830070E-02  4.45970130E-04
4.70766547E-01  2.61535160E-02  4.58340131E-04
4.71065162E-01  2.53106952E-02  4.50756605E-04
4.71363777E-01  2.47567110E-02  4.42790682E-04
4.71662392E-01  2.44789720E-02  4.45366779E-04
4.71961007E-01  2.51224712E-02  4.52602020E-04
4.72259622E-01  2.48545744E-02  4.53478162E-04
4.72558237E-01  2.51040328E-02  4.53153189E-04
4.72856852E-01  2.51434706E-02  4.46928840E-04
4.73155467E-01  2.53352746E-02  4.45232843E-04
4.73454082E-01  2.52116229E-02  4.38878022E-04
4.73752697E-01  2.51738671E-02  4.31855296E-04
4.74051312E-01  2.55440809E-02  4.35269962E-04
4.74349927E-01  2.47351862E-02  4.25773178E-04
4.74648542E-01  2.51967143E-02  4.29850421E-04
4.74947157E-01  2.46859584E-02  4.21320961E-04
4.75245772E-01  2.47690827E-02  4.21330653E-04
4.75544387E-01  2.52806116E-02  4.24839236E-04
4.75843002E-01  2.46899836E-02  4.20777302E-04
4.76141617E-01  2.45212782E-02  4.15674585E-04
4.76440232E-01  2.57122163E-02  4.25766630E-04
4.76738847E-01  2.51542181E-02  4.19528427E-04
4.77037462E-01  2.51746196E-02  4.19927092E-04
4.77336077E-01  2.47987472E-02  4.17686242E-04
4.77634692E-01  2.46942379E-02  4.13122762E-04
4.77933307E-01  2.48297751E-02  4.14810143E-04
4.78231922E-01  2.50417311E-02  4.14040202E-04
4.78530537E-01  2.52343118E-02  4.19640361E-04
4.78829152E-01  2.49908324E-02  4.11347341E-04
4.79127767E-01  2.51892172E-02  4.14388254E-04
4.79426382E-01  2.53949743E-02  4.18396434E-04
4.79724997E-01  2.42453441E-02  4.06982144E-04
4.80023612E-01  2.53277589E-02  4.14986163E-04
4.80322227E-01  2.50901561E-02  4.11314046E-04
4.80620842E-01  2.51365714E-02  4.13746195E-04
4.80919457E-01  2.38761492E-02  4.01975878E-04
4.81218072E-01  2.46977936E-02  4.08409338E-04
4.81516687E-01  2.40834765E-02  4.04037419E-04
4.81815302E-01  2.43454538E-02  4.02253121E-04
4.82113917E-01  2.55062822E-02  4.16349329E-04
4.82412532E-01  2.49102041E-02  4.08364023E-04
4.82711147E-01  2.51087565E-02  4.08935244E-04
4.83009762E-01  2.50842590E-02  4.09897591E-04
4.83308377E-01  2.44016778E-02  4.05122206E-04
4.83606992E-01  2.50047222E-02  4.07673651E-04
4.83905607E-01  2.51664538E-02  4.10255976E-04
4.84204222E-01  2.40613427E-02  3.99196899E-04
4.84502837E-01  2.52584610E-02  4.11646470E-04
4.84801452E-01  2.42735744E-02  4.01779078E-04
4.85100067E-01  2.50174049E-02  4.05196624E-04
4.85398682E-01  2.54653580E-02  4.11106070E-04
4.85697297E-01  2.45643575E-02  4.03562968E-04
4.85995912E-01  2.56370325E-02  4.13446745E-04
4.86294527E-01  2.51626521E-02  4.06378153E-04
4.86593142E-01  2.44802926E-02  4.01748373E-04
4.86891757E-01  2.53219791E-02  4.09432134E-04
4.87190372E-01  2.49229390E-02  4.06610576E-04
4.87488987E-01  2.43883766E-02  3.98473116E-04
4.87787602E-01  2.50393208E-02  4.06834297E-04
4.88086217E-01  2.48974599E-02  4.03730781E-04
4.88384832E-01  2.44918000E-02  4.01343161E-04
4.88683447E-01  2.48813201E-02  4.05553932E-04
4.88982062E-01  2.53583994E-02  4.06737847E-04
4.89280677E-01  2.47831773E-02  4.04653634E-04
4.89579292E-01  2.45508458E-02  4.01020603E-04
4.89877907E-01  2.44434495E-02  3.99639714E-04
4.90176522E-01  2.46786438E-02  4.00551333E-04
4.90475137E-01  2.47105453E-02  4.02023405E-04
4.90773752E-01  2.54244562E-02  4.07482992E-04
4.91072367E-01  2.47758012E-02  4.02658974E-04
4.91370982E-01  2.55112704E-02  4.07463813E-04
4.91669597E-01  2.56667659E-02  4.09425498E-04
4.91968212E-01  2.44790297E-02  4.00650053E-04
4.92266827E-01  2.52612755E-02  4.06489329E-04
4.92565442E-01  2.55017132E-02  4.06173000E-04
4.92864057E-01  2.48024147E-02  4.01872676E-04
4.93162672E-01  2.40929238E-02  3.96782882E-04
4.93461287E-01  2.47596651E-02  4.02237405E-04
4.93759902E-01  2.49070674E-02  4.00220044E-04
4.94058517E-01  2.52416432E-02  4.04813036E-04
4.94357132E-01  2.47402359E-02  3.99973622E-04
4.94655747E-01  2.49253735E-02  4.04609222E-04
4.94954362E-01  2.46109106E-02  3.97053489E-04
4.95252977E-01  2.44843643E-02  3.98501870E-04
4.95551592E-01  2.50500571E-02  4.04296210E-04
4.95850207E-01  2.39209589E-02  3.94486153E-04
4.96148822E-01  2.49750260E-02  4.00382734E-04
4.96447437E-01  2.50940844E-02  4.03642218E-04
4.96746052E-01  2.54789609E-02  4.06016683E-04
4.97044667E-01  2.53617931E-02  4.07737447E-04
4.97343282E-01  2.50879508E-02  4.00600402E-04
4.97641897E-01  2.50779092E-02  3.99930548E-04
4.97940512E-01  2.45983861E-02  4.00145713E-04
4.98239127E-01  2.46919449E-02  3.99506273E-04
4.98537742E-01  2.41744984E-02  3.96090414E-04
4.98836357E-01  2.48117745E-02  3.98791803E-04
4.99134972E-01  2.50287279E-02  4.02226899E-04
4.99433587E-01  2.44902577E-02  3.99073790E-04
4.99732202E-01  2.49055270E-02  4.00143646E-04
5.00030817E-01  2.47030742E-02  3.98022734E-04
5.00329432E-01  2.45811641E-02  3.98026605E-04
5.00628047E-01  2.53161173E-02  4.03934886E-04
5.00926662E-01  2.49836817E-02  4.03487793E-04
5.01225277E-01  2.42992230E-02  3.93306662E-04
5.01523892E-01  2.47433130E-02  3.97178781E-04
5.01822507E-01  2.43397169E-02  3.95780808E-04
5.02121122E-01  2.48887278E-02  4.01118159E-04
5.02419737E-01  2.52984464E-02  4.03704325E-04
5.02718352E-01  2.52027679E-02  4.02741949E-04
5.03016967E-01  2.46630069E-02  3.98308883E-04
5.03315582E-01  2.44945381E-02  3.98035307E-04
5.03614197E-01  2.49503367E-02  3.98555479E-04
5.03912812E-01  2.42086481E-02  3.94432544E-04
5.04211427E-01  2.48435475E-02  3.98685021E-04
5.04510042E-01  2.50844527E-02  4.02706617E-04
5.04808657E-01  2.47238148E-02  3.96457384E-04
5.05107272E-01  2.51088459E-02  4.01805824E-04
5.05405887E-01  2.48030089E-02  3.97778465E-04
5.05704502E-01  2.49411259E-02  4.01962636E-04
5.06003117E-01  2.52341367E-02  4.02115315E-04
5.06301732E-01  2.48637665E-02  3.98958131E-04
5.06600347E-01  2.45478116E-02  3.94957548E-04
5.06898962E-01  2.53601149E-02  4.04122809E-04
5.07197577E-01  2.49696113E-02  4.01900092E-04
5.07496192E-01  2.43678428E-02  3.92265123E-04
5.07794807E-01  2.58302074E-02  4.09179367E-04
5.08093422E-01  2.50137243E-02  3.99874232E-04
5.08392037E-01  2.51450539E-02  4.01717145E-04
5.08690652E-01  2.44999267E-02  3.94391362E-04
5.08989267E-01  2.48801559E-02  3.98810575E-04
5.09287882E-01  2.54330356E-02  4.04617516E-04
5.09586497E-01  2.50157639E-02  3.99702607E-04
5.09885112E-01  2.53043249E-02  4.01706580E-04
5.10183727E-01  2.41778381E-02  3.93148570E-04
5.10482342E-01  2.45161131E-02  3.95112933E-04
5.10780957E-01  2.49242466E-02  3.99568671E-04
5.11079572E-01  2.50497088E-02  3.99785960E-04
5.11378187E-01  2.43728273E-02  3.94446368E-04
5.11676802E-01  2.49650571E-02  4.02191654E-04
5.11975417E-01  2.44769640E-02  3.94226081E-04
5.12274032E-01  2.44091861E-02  3.94261064E-04
5.12572647E-01  2.55104713E-02  4.03355982E-04
5.12871262E-01  2.47165132E-02  3.96544259E-04
5.13169877E-01  2.50152610E-02  4.01802972E-04
5.13468492E-01  2.45644078E-02  3.93496710E-04
5.13767107E-01  2.44719516E-02  3.94196482E-04
5.14065722E-01  2.46281456E-02  3.97797732E-04
5.14364337E-01  2.42935531E-02  3.94404953E-04
5.14662952E-01  2.47600712E-02  3.97294265E-04
5.14961567E-01  2.48116124E-02  3.96541931E-04
5.15260182E-01  2.50356551E-02  4.00685880E-04
5.15558797E-01  2.51504108E-02  4.00222518E-04
5.15857412E-01  2.48083994E-02  3.97201395E-04
5.16156027E-01  2.48035826E-02  3.98043660E-04
5.16454642E-01  2.47579217E-02  3.97874886E-04
5.16753257E-01  2.47067157E-02  3.96489166E-04
5.17051872E-01  2.48446316E-02  3.99165292E-04
5.17350487E-01  2.45056804E-02  3.93719529E-04
5.17649102E-01  2.51277536E-02  3.99760756E-04
5.17947717E-01  2.47106589E-02  3.96042800E-04
5.18246332E-01  2.53701787E-02  4.01589787E-04
5.18544947E-01  2.48037092E-02  3.98353586E-04
5.18843562E-01  2.49239765E-02  3.99615674E-04
5.19142177E-01  2.51182243E-02  3.99205193E-04
5.19440792E-01  2.47447100E-02  3.96130927E-04
5.19739407E-01  2.47934107E-02  3.96910560E-04
5.20038022E-01  2.47821994E-02  3.98780336E-04
5.20336637E-01  2.44895834E-02  3.94378178E-04
5.20635252E-01  2.44397409E-02  3.93882074E-04
5.20933867E-01  2.48064734E-02  3.97119642E-04
5.21232482E-01  2.51329355E-02  3.99237353E-04
5.21531097E-01  2.49797050E-02  3.99585784E-04
5.21829712E-01  2.53770873E-02  4.02456179E-04
5.22128327E-01  2.51180939E-02  3.99809505E-04
5.22426942E-01  2.47729365E-02  3.95217765E-04
5.22725557E-01  2.49197595E-02  3.98524891E-04
5.23024172E-01  2.50065606E-02  3.98438191E-04
5.23322787E-01  2.50536222E-02  3.99695709E-04
5.23621402E-01  2.46578529E-02  3.95654060E-04
5.23920017E-01  2.46504061E-02  3.97742435E-04
5.24218632E-01  2.50386987E-02  3.97439668E-04
5.24517247E-01  2.52750311E-02  4.00384772E-04
5.24815862E-01  2.50269994E-02  3.99984245E-04
5.25114477E-01  2.43834890E-02  3.92975518E-04
5.25413092E-01  2.46560499E-02  3.96135438E-04
5.25711707E-01  2.51256302E-02  4.00284567E-04
5.26010322E-01  2.46867985E-02  3.94647941E-04
5.26308937E-01  2.53008567E-02  4.00894467E-04
5.26607552E-01  2.49395091E-02  3.97925876E-04
5.26906167E-01  2.49290541E-02  3.97455588E-04
5.27204782E-01  2.44803652E-02  3.96290561E-04
5.27503397E-01  2.46417876E-02  3.95549083E-04
5.27802012E-01  2.42157560E-02  3.92212649E-04
5.28100627E-01  2.47059744E-02  3.97040043E-04
5.28399242E-01  2.45788135E-02  3.92370537E-04
5.28697857E-01  2.52179913E-02  4.00841440E-04
5.28996472E-01  2.45667454E-02  3.94955598E-04
5.29295087E-01  2.49601752E-02  3.99477867E-04
5.29593702E-01  2.48783324E-02  3.96294490E-04
5.29892317E-01  2.46836040E-02  3.95609182E-04
5.30190932E-01  2.46789269E-02  3.97324329E-04
5.30489547E-01  2.48224512E-02  3.96917952E-04
5.30788162E-01  2.54846159E-02  4.01394762E-04
5.31086777E-01  2.52153371E-02  4.00344346E-04
5.31385392E-01  2.55878810E-02  4.01332247E-04
5.31684007E-01  2.53744368E-02  4.01707541E-04
5.31982622E-01  2.43515745E-02  3.93433147E-04
5.32281237E-01  2.47846209E-02  3.96820687E-04
5.32579852E-01  2.49465704E-02  3.98800737E-04
5.32878467E-01  2.53826026E-02  4.01484751E-04
5.33177082E-01  2.46282704E-02  3.96252086E-04
5.33475697E-01  2.51626633E-02  3.97707539E-04
5.33774312E-01  2.54290774E-02  4.01367259E-04
5.34072927E-01  2.47288793E-02  3.98438482E-04
5.34371542E-01  2.46585943E-02  3.93995724E-04
5.34670157E-01  2.46826783E-02  3.93427530E-04
5.34968772E-01  2.43004244E-02  3.94101255E-04
5.35267387E-01  2.42202226E-02  3.91720212E-04
5.35566002E-01  2.49469355E-02  3.99214856E-04
5.35864617E-01  2.50253621E-02  3.96828254E-04
5.36163232E-01  2.50459481E-02  3.99420824E-04
5.36461847E-01  2.50606965E-02  3.99148790E-04
5.36760462E-01  2.53304262E-02  4.00509220E-04
5.37059077E-01  2.48468667E-02  3.95994313E-04
5.37357692E-01  2.46020220E-02  3.96652031E-04
5.37656307E-01  2.52096485E-02  3.98201548E-04
5.37954922E-01  2.55074594E-02  4.05288971E-04
5.38253537E-01  2.44741142E-02  3.89905064E-04
5.38552152E-01  2.54271347E-02  4.01186669E-04
5.38850767E-01  2.46467646E-02  3.96242045E-04
5.39149382E-01  2.51749642E-02  4.00663994E-04
5.39447997E-01  2.48265043E-02  3.96425690E-04
5.39746612E-01  2.44671386E-02  3.94221250E-04
5.40045227E-01  2.57391911E-02  4.03061451E-04
5.40343842E-01  2.51121596E-02  4.00171528E-04
5.40642457E-01  2.51076631E-02  3.98283562E-04
5.40941072E-01  2.54626982E-02  4.00701771E-04
5.41239687E-01  2.46355794E-02  3.98125616E-04
5.41538302E-01  2.49147397E-02  3.97530646E-04
5.41836917E-01  2.54551303E-02  4.01428551E-04
5.42135532E-01  2.52999030E-02  3.97500553E-04
5.42434147E-01  2.47695707E-02  3.96376563E-04
5.42732762E-01  2.48648282E-02  3.98309116E-04
5.43031377E-01  2.48130169E-02  3.99172859E-04
5.43329992E-01  2.43999995E-02  3.90562520E-04
5.43628607E-01  2.46944036E-02  3.95782263E-04
5.43927222E-01  2.40238365E-02  3.90851143E-04
5.44225837E-01  2.50656046E-02  3.99531156E-04
5.44524452E-01  2.54994519E-02  4.00043704E-04
5.44823067E-01  2.55638231E-02  4.02992358E-04
5.45121682E-01  2.49249842E-02  3.97441239E-04
5.45420297E-01  2.48036738E-02  3.96668445E-04
5.45718912E-01  2.48858705E-02  3.96263786E-04
5.46017527E-01  2.57812813E-02  4.04216495E-04
5.46316142E-01  2.48910878E-02  3.96598334E-04
5.46614757E-01  2.42566653E-02  3.94013827E-04
5.46913372E-01  2.51131132E-02  3.96825257E-04
5.47211987E-01  2.46598460E-02  3.95431591E-04
5.47510602E-01  2.51773261E-02  4.00245597E-04
5.47809217E-01  2.52402201E-02  3.99282610E-04
5.48107832E-01  2.52137594E-02  4.01129015E-04
5.48406447E-01  2.54233517E-02  4.00927442E-04
5.48705062E-01  2.43943650E-02  3.91779438E-04
5.49003677E-01  2.48218067E-02  3.98592849E-04
5.49302292E-01  2.43468825E-02  3.90362926E-04
5.49600907E-01  2.54585128E-02  4.02685459E-04
5.49899522E-01  2.53987368E-02  4.00938297E-04
5.50198137E-01  2.42560096E-02  3.92967719E-04
5.50496752E-01  2.47927774E-02  3.95937619E-04
5.50795367E-01  2.49749385E-02  3.96427611E-04
5.51093982E-01  2.46452391E-02  3.95146577E-04
5.51392597E-01  2.49376800E-02  3.98556760E-04
5.51691212E-01  2.48311292E-02  3.96347954E-04
5.51989827E-01  2.56162025E-02  4.02370817E-04
5.52288442E-01  2.43296865E-02  3.90338158E-04
5.52587057E-01  2.50118226E-02  3.97213269E-04
5.52885672E-01  2.51816176E-02  3.98754899E-04
5.53184287E-01  2.46748477E-02  3.93103022E-04
5.53482902E-01  2.50418838E-02  3.96591931E-04
5.53781517E-01  2.52840649E-02  3.99376993E-04
5.54080132E-01  2.53924094E-02  3.99942452E-04
5.54378747E-01  2.50923038E-02  3.94336210E-04
5.54677362E-01  2.49025635E-02  3.94732167E-04
5.54975977E-01  2.52923667E-02  3.99159704E-04
5.55274592E-01  2.45331880E-02  3.91891954E-04
5.55573207E-01  2.51711048E-02  3.92628106E-04
5.55871822E-01  2.48175245E-02  3.92743328E-04
5.56170437E-01  2.53989510E-02  3.98368982E-04
5.56469052E-01  2.47839931E-02  3.93992756E-04
5.56767667E-01  2.40406804E-02  3.85999592E-04
5.57066282E-01  2.47066226E-02  3.91872512E-04
5.57364897E-01  2.52702553E-02  3.93505034E-04
5.57663512E-01  2.51686238E-02  3.95145442E-04
5.57962127E-01  2.40588374E-02  3.85052321E-04
5.58260742E-01  2.47803237E-02  3.88761779E-04
5.58559357E-01  2.47914512E-02  3.93119088E-04
5.58857972E-01  2.53234617E-02  3.96746007E-04
5.59156587E-01  2.46956702E-02  3.88102926E-04
5.59455202E-01  2.46374290E-02  3.89942084E-04
5.59753817E-01  2.38555595E-02  3.81896738E-04
5.60052432E-01  2.49002222E-02  3.91462614E-04
5.60351047E-01  2.39458214E-02  3.82802536E-04
5.60649662E-01  2.51400229E-02  3.90672678E-04
5.60948277E-01  2.55392995E-02  3.94502858E-04
5.61246892E-01  2.47732718E-02  3.89274384E-04
5.61545507E-01  2.48074271E-02  3.88995541E-04
5.61844122E-01  2.51468979E-02  3.89371620E-04
5.62142737E-01  2.49607451E-02  3.91303474E-04
5.62441352E-01  2.56346148E-02  3.93773371E-04
5.62739967E-01  2.52796356E-02  3.90585075E-04
5.63038582E-01  2.50570253E-02  3.90042813E-04
5.63337197E-01  2.47858372E-02  3.86665604E-04
5.63635812E-01  2.47429032E-02  3.89326276E-04
5.63934427E-01  2.47295108E-02  3.85693013E-04
5.64233042E-01  2.44601145E-02  3.82703525E-04
5.64531657E-01  2.53282078E-02  3.91335518E-04
5.64830272E-01  2.43459493E-02  3.83317616E-04
5.65128887E-01  2.55764276E-02  3.93343886E-04
5.65427502E-01  2.47872137E-02  3.84818559E-04
5.65726117E-01  2.51641348E-02  3.89079272E-04
5.66024732E-01  2.43012272E-02  3.81998456E-04
5.66323347E-01  2.51044799E-02  3.88621702E-04
5.66621962E-01  2.52087023E-02  3.86048516E-04
5.66920577E-01  2.43004002E-02  3.82174359E-04
5.67219192E-01  2.48740427E-02  3.87288339E-04
5.67517807E-01  2.45921724E-02  3.84911080E-04
5.67816422E-01  2.52730772E-02  3.85410822E-04
5.68115037E-01  2.48940531E-02  3.85133579E-04
5.68413652E-01  2.44438760E-02  3.82075494E-04
5.68712267E-01  2.50114780E-02  3.86488013E-04
5.69010882E-01  2.50171013E-02  3.85471969E-04
5.69309497E-01  2.52539236E-02  3.87559936E-04
5.69608112E-01  2.54546814E-02  3.89724097E-04
5.69906727E-01  2.53569987E-02  3.87910404E-04
5.70205342E-01  2.51681991E-02  3.84887040E-04
5.70503957E-01  2.45870054E-02  3.83470440E-04
5.70802572E-01  2.43801065E-02  3.80892685E-04
5.71101187E-01  2.50300895E-02  3.86914209E-04
5.71399802E-01  2.53656507E-02  3.87544220E-04
5.71698417E-01  2.48708781E-02  3.84361279E-04
5.71997032E-01  2.47708485E-02  3.85354768E-04
5.72295647E-01  2.48098001E-02  3.85215622E-04
5.72594262E-01  2.45113131E-02  3.81317222E-04
5.72892877E-01  2.47720778E-02  3.80658690E-04
5.73191492E-01  2.50575189E-02  3.86784086E-04
5.73490107E-01  2.51134261E-02  3.88109707E-04
5.73788722E-01  2.48974096E-02  3.84404266E-04
5.74087337E-01  2.53988747E-02  3.89326247E-04
5.74385952E-01  2.48262808E-02  3.85890366E-04
5.74684567E-01  2.55896151E-02  3.91148700E-04
5.74983182E-01  2.50493977E-02  3.85056512E-04
5.75281797E-01  2.48369854E-02  3.82379076E-04
5.75580412E-01  2.52721775E-02  3.89079098E-04
5.75879027E-01  2.48128455E-02  3.84291343E-04
5.76177642E-01  2.49048248E-02  3.85623425E-04
5.76476257E-01  2.48612594E-02  3.83617560E-04
5.76774872E-01  2.52386667E-02  3.88471119E-04
5.77073487E-01  2.52220575E-02  3.88077577E-04
5.77372102E-01  2.50032376E-02  3.87193635E-04
5.77670717E-01  2.51763873E-02  3.85961175E-04
5.77969332E-01  2.46526785E-02  3.83238279E-04
5.78267947E-01  2.53948718E-02  3.89860739E-04
5.78566562E-01  2.52191685E-02  3.87620414E-04
5.78865177E-01  2.53679194E-02  3.87082255E-04
5.79163792E-01  2.53552422E-02  3.89114808E-04
5.79462407E-01  2.47367751E-02  3.83989216E-04
5.79761022E-01  2.52437517E-02  3.89426830E-04
5.80059637E-01  2.48699822E-02  3.82751023E-04
5.80358252E-01  2.49089021E-02  3.85594089E-04
5.80656867E-01  2.47002319E-02  3.84862098E-04
5.80955482E-01  2.47904360E-02  3.85566178E-04


### HEADER:
#
#{
#    "analysis": {},
#    "calibration_params": {
#        "Beam_Center_X": 1061.0,
#        "Beam_Center_Y": 2093.0,
#        "Detector Tilt": 0.0,
#        "Detector Tilt Plane Rotation": 0.0,
#        "Detector_X_Pixel_Size": 75.0,
#        "Detector_Y_Pixel_Size": 75.0,
#        "Integration Method": "nosplit_csr",
#        "Radial_Average_Method": "pyFAI",
#        "Sample-to-detector distance (mm)": 1782.0,
#        "Wavelength (A)": 0.8823505857220345
#    },
#    "config_file": "/Users/jwinnikoff/Documents/MBARI/SAXS/HPSAXS_7A_Feb2023/HPSAXS_02_19_23.cfg",
#    "counters": {
#        "Epoch": "115.772",
#        "I1": "0",
#        "I2": "0",
#        "I3": "0",
#        "Seconds": "1",
#        "Time": "2.19345e-05",
#        "date": "Sun Feb 19 18:33:27 2023",
#        "diode": "60304"
#    },
#    "filename": "JWL0321_35C_000MPa_up_1_data_000001_00001.h5",
#    "history": {},
#    "imageHeader": {},
#    "load_path": "/Users/jwinnikoff/Documents/MBARI/SAXS/HPSAXS_7A_Feb2023/JWL0321_SOPPE_DOPE_TS+/JWL0321_35C_000MPa_up_1_data_000001.h5",
#    "normalizations": {
#        "Absolute_scale": {
#            "Absolute_scale_factor": 0.005174693841759343,
#            "Method": "Water"
#        },
#        "Counter_norms": [
#            [
#                "/",
#                "diode/150000"
#            ]
#        ],
#        "Polarization": {
#            "Used": false
#        },
#        "Solid_Angle_Correction": "On"
#    },
#    "raw_version": "2.1.4"
#}

