### DATA:
#
# 1908
#      Q             I(Q)           Error     
1.14966775E-02  0.00000000E+00  0.00000000E+00
1.17952925E-02  5.13998866E-01  2.66495980E-02
1.20939075E-02  5.09853780E-01  1.87679753E-02
1.23925225E-02  4.74850357E-01  1.47886127E-02
1.26911375E-02  4.08013225E-01  1.28767835E-02
1.29897525E-02  4.18353617E-01  1.26715656E-02
1.32883675E-02  3.86172682E-01  1.16968332E-02
1.35869825E-02  3.59246969E-01  1.07441535E-02
1.38855975E-02  3.23435128E-01  9.55004618E-03
1.41842125E-02  3.17795545E-01  9.66573693E-03
1.44828275E-02  2.93039799E-01  9.18444060E-03
1.47814425E-02  2.72009283E-01  8.58453661E-03
1.50800575E-02  2.64285505E-01  8.14827159E-03
1.53786725E-02  2.54058421E-01  7.52456067E-03
1.56772875E-02  2.39196390E-01  7.36076012E-03
1.59759025E-02  2.18706846E-01  6.57041045E-03
1.62745175E-02  2.21267492E-01  6.51632808E-03
1.65731325E-02  1.99362859E-01  6.27311924E-03
1.68717475E-02  1.99600726E-01  5.76437917E-03
1.71703625E-02  1.93625525E-01  5.97257027E-03
1.74689775E-02  1.84020519E-01  5.37529681E-03
1.77675925E-02  1.72943309E-01  5.12438687E-03
1.80662075E-02  1.72222137E-01  5.32249967E-03
1.83648225E-02  1.72449946E-01  4.78658453E-03
1.86634375E-02  1.58971190E-01  4.80848551E-03
1.89620525E-02  1.51731625E-01  4.42646630E-03
1.92606675E-02  1.50927067E-01  4.47793677E-03
1.95592825E-02  1.49145260E-01  4.49485611E-03
1.98578975E-02  1.31089956E-01  3.90141760E-03
2.01565125E-02  1.29210249E-01  4.01049806E-03
2.04551275E-02  1.22381680E-01  3.66339972E-03
2.07537425E-02  1.20691948E-01  3.55437817E-03
2.10523575E-02  1.16513424E-01  3.29813687E-03
2.13509725E-02  1.22546308E-01  3.17473221E-03
2.16495875E-02  1.14789933E-01  3.06351669E-03
2.19482025E-02  1.16921112E-01  2.86368444E-03
2.22468175E-02  1.06777161E-01  2.86295684E-03
2.25454325E-02  1.07116535E-01  2.62986426E-03
2.28440475E-02  9.84823331E-02  2.58271280E-03
2.31426625E-02  9.48916450E-02  2.44683144E-03
2.34412775E-02  9.60800648E-02  2.36676261E-03
2.37398925E-02  9.79147330E-02  2.47984752E-03
2.40385075E-02  9.31145176E-02  2.27311510E-03
2.43371225E-02  9.07284319E-02  2.24380195E-03
2.46357375E-02  8.72367397E-02  2.25998880E-03
2.49343525E-02  8.22159946E-02  2.08627037E-03
2.52329675E-02  8.76849517E-02  2.26100301E-03
2.55315825E-02  8.07037428E-02  2.03225319E-03
2.58301975E-02  7.70565197E-02  1.99692626E-03
2.61288125E-02  7.98092708E-02  2.10024393E-03
2.64274275E-02  7.67956600E-02  1.92956359E-03
2.67260425E-02  7.54849762E-02  2.01454503E-03
2.70246575E-02  7.22938403E-02  1.84641883E-03
2.73232725E-02  7.15491176E-02  1.89604773E-03
2.76218875E-02  6.90353811E-02  1.89013942E-03
2.79205025E-02  6.82715550E-02  1.80982822E-03
2.82191175E-02  6.75625205E-02  1.79418712E-03
2.85177325E-02  6.42511323E-02  1.72025838E-03
2.88163475E-02  6.43834621E-02  1.77613762E-03
2.91149625E-02  6.67766929E-02  1.75667333E-03
2.94135775E-02  6.21334538E-02  1.67500565E-03
2.97121925E-02  6.25229329E-02  1.69414573E-03
3.00108075E-02  5.88315837E-02  1.58888253E-03
3.03094225E-02  5.83144948E-02  1.65269163E-03
3.06080375E-02  6.07092604E-02  1.63187506E-03
3.09066525E-02  5.90229258E-02  1.58654607E-03
3.12052675E-02  6.12047873E-02  1.66516670E-03
3.15038825E-02  5.34443446E-02  1.48916838E-03
3.18024975E-02  5.34734055E-02  1.51245634E-03
3.21011125E-02  5.58709092E-02  1.49588648E-03
3.23997275E-02  5.32203242E-02  1.42135809E-03
3.26983425E-02  5.44596836E-02  1.44981174E-03
3.29969575E-02  5.25136217E-02  1.34517718E-03
3.32955725E-02  5.42709976E-02  1.36750063E-03
3.35941875E-02  5.17297462E-02  1.27311260E-03
3.38928025E-02  5.00555299E-02  1.28942309E-03
3.41914175E-02  4.88617606E-02  1.23591791E-03
3.44900325E-02  5.03972322E-02  1.24675373E-03
3.47886474E-02  4.90167812E-02  1.20817509E-03
3.50872624E-02  4.99956980E-02  1.19717990E-03
3.53858774E-02  4.87124734E-02  1.21895515E-03
3.56844924E-02  5.12380488E-02  1.20202953E-03
3.59831074E-02  4.74215001E-02  1.13684346E-03
3.62817224E-02  4.72603776E-02  1.16276566E-03
3.65803374E-02  4.72596288E-02  1.12714781E-03
3.68789524E-02  4.81751226E-02  1.17640349E-03
3.71775674E-02  4.56751063E-02  1.11903087E-03
3.74761824E-02  4.67515774E-02  1.10194529E-03
3.77747974E-02  4.51238304E-02  1.08771597E-03
3.80734124E-02  4.64061610E-02  1.08569139E-03
3.83720274E-02  4.56526540E-02  1.11215690E-03
3.86706424E-02  4.58050258E-02  1.06122310E-03
3.89692574E-02  4.36431877E-02  1.06669124E-03
3.92678724E-02  4.42326665E-02  1.08206889E-03
3.95664874E-02  4.32726853E-02  1.03147211E-03
3.98651024E-02  4.43350747E-02  1.04498770E-03
4.01637174E-02  4.11197916E-02  9.89761320E-04
4.04623324E-02  4.10957746E-02  1.02451700E-03
4.07609474E-02  4.12393361E-02  9.90346423E-04
4.10595624E-02  4.11314927E-02  1.00922876E-03
4.13581774E-02  4.23364453E-02  1.00516551E-03
4.16567924E-02  4.05826978E-02  9.64343199E-04
4.19554074E-02  4.15747128E-02  1.00391556E-03
4.22540224E-02  4.07614484E-02  9.86292376E-04
4.25526374E-02  4.20341454E-02  9.88013693E-04
4.28512524E-02  4.17341627E-02  9.87808104E-04
4.31498674E-02  4.26412784E-02  9.86865722E-04
4.34484824E-02  4.31778580E-02  1.02398882E-03
4.37470974E-02  4.04078923E-02  9.48218163E-04
4.40457124E-02  4.14087884E-02  9.64561303E-04
4.43443274E-02  4.03800644E-02  9.70831781E-04
4.46429424E-02  4.16546948E-02  9.64291045E-04
4.49415574E-02  4.23575751E-02  1.00368890E-03
4.52401724E-02  3.96071151E-02  9.27640882E-04
4.55387874E-02  4.14090231E-02  9.63782717E-04
4.58374024E-02  3.98836955E-02  9.45865817E-04
4.61360174E-02  3.99065129E-02  9.32609022E-04
4.64346324E-02  3.89848724E-02  9.39735561E-04
4.67332474E-02  3.87329385E-02  9.07415641E-04
4.70318624E-02  3.96281853E-02  9.45136941E-04
4.73304774E-02  4.06071804E-02  9.51324415E-04
4.76290924E-02  3.95106301E-02  9.18603502E-04
4.79277074E-02  3.89226079E-02  9.06157657E-04
4.82263224E-02  4.00599055E-02  9.13049967E-04
4.85249374E-02  3.86464000E-02  9.24354012E-04
4.88235524E-02  4.22534868E-02  9.42697981E-04
4.91221674E-02  3.80049720E-02  8.88655777E-04
4.94207824E-02  4.06902060E-02  9.29348927E-04
4.97193974E-02  3.90182920E-02  8.93730961E-04
5.00180124E-02  3.97244431E-02  9.26836743E-04
5.03166274E-02  3.99644561E-02  9.03165957E-04
5.06152424E-02  4.02430855E-02  9.08998656E-04
5.09138574E-02  4.05711681E-02  9.23743530E-04
5.12124724E-02  4.08563688E-02  9.02586442E-04
5.15110874E-02  4.01533321E-02  9.10696050E-04
5.18097024E-02  4.04518619E-02  9.00711224E-04
5.21083174E-02  4.09947336E-02  9.05422203E-04
5.24069324E-02  4.04333659E-02  8.99853301E-04
5.27055474E-02  4.12175283E-02  9.02669795E-04
5.30041624E-02  3.97300720E-02  9.03189532E-04
5.33027774E-02  4.02004048E-02  8.87661881E-04
5.36013924E-02  3.98490131E-02  8.88831681E-04
5.39000074E-02  4.18190509E-02  8.95255071E-04
5.41986224E-02  4.06573527E-02  9.00389627E-04
5.44972374E-02  4.11828943E-02  8.94646335E-04
5.47958524E-02  4.05734107E-02  8.81822372E-04
5.50944674E-02  4.25818861E-02  9.17491445E-04
5.53930824E-02  4.04343233E-02  8.74268415E-04
5.56916974E-02  4.17543277E-02  8.83602945E-04
5.59903124E-02  4.13382500E-02  8.97597754E-04
5.62889274E-02  4.26860191E-02  8.92201148E-04
5.65875424E-02  4.32719588E-02  9.14491131E-04
5.68861574E-02  4.28912379E-02  8.94344121E-04
5.71847724E-02  4.31113616E-02  8.90646945E-04
5.74833874E-02  4.32038568E-02  9.01254592E-04
5.77820024E-02  4.36759405E-02  8.95269448E-04
5.80806174E-02  4.37296554E-02  9.18034057E-04
5.83792324E-02  4.43052538E-02  8.91109346E-04
5.86778474E-02  4.35274206E-02  8.97329533E-04
5.89764624E-02  4.56900187E-02  9.29357891E-04
5.92750774E-02  4.47449572E-02  8.82455963E-04
5.95736924E-02  4.61728796E-02  9.24197200E-04
5.98723074E-02  4.62274961E-02  9.05551540E-04
6.01709224E-02  4.72769365E-02  9.14599746E-04
6.04695374E-02  4.60559465E-02  9.16910823E-04
6.07681524E-02  4.83920015E-02  9.30099573E-04
6.10667674E-02  4.82297614E-02  9.33382136E-04
6.13653824E-02  4.74940762E-02  9.05182911E-04
6.16639974E-02  5.02850935E-02  9.43250896E-04
6.19626124E-02  4.85339165E-02  9.27870336E-04
6.22612274E-02  5.15169315E-02  9.38067969E-04
6.25598424E-02  5.00683226E-02  9.44853586E-04
6.28584574E-02  5.25146239E-02  9.51826805E-04
6.31570724E-02  5.14120534E-02  9.50122077E-04
6.34556874E-02  5.28638288E-02  9.37590841E-04
6.37543024E-02  5.24225272E-02  9.46279673E-04
6.40529174E-02  5.45903742E-02  9.79051925E-04
6.43515324E-02  5.42447343E-02  9.57276556E-04
6.46501474E-02  5.66677526E-02  9.99414129E-04
6.49487624E-02  5.58150262E-02  9.55395051E-04
6.52473774E-02  5.79527207E-02  9.81685589E-04
6.55459924E-02  5.98817766E-02  1.00887730E-03
6.58446074E-02  5.89506067E-02  9.90102533E-04
6.61432224E-02  6.14626743E-02  1.02210906E-03
6.64418374E-02  6.21770583E-02  1.00246468E-03
6.67404524E-02  6.40183389E-02  1.03054510E-03
6.70390674E-02  6.45051897E-02  1.03946030E-03
6.73376824E-02  6.64422363E-02  1.02730712E-03
6.76362974E-02  6.79280609E-02  1.06410729E-03
6.79349124E-02  6.90471902E-02  1.04906352E-03
6.82335274E-02  6.97415993E-02  1.06169924E-03
6.85321424E-02  7.28850663E-02  1.09828461E-03
6.88307574E-02  7.51381144E-02  1.09309866E-03
6.91293724E-02  7.63081387E-02  1.11843576E-03
6.94279874E-02  8.01350772E-02  1.11861166E-03
6.97266024E-02  8.34803060E-02  1.16157939E-03
7.00252174E-02  8.48547965E-02  1.16163178E-03
7.03238324E-02  8.72812271E-02  1.16874708E-03
7.06224474E-02  8.98325592E-02  1.20355852E-03
7.09210624E-02  9.45174694E-02  1.21899694E-03
7.12196774E-02  9.73916277E-02  1.23458705E-03
7.15182924E-02  1.00178011E-01  1.22469210E-03
7.18169074E-02  1.04899749E-01  1.28713774E-03
7.21155224E-02  1.08436339E-01  1.30419212E-03
7.24141374E-02  1.13066658E-01  1.32425246E-03
7.27127524E-02  1.20822594E-01  1.36281492E-03
7.30113674E-02  1.27749011E-01  1.39054901E-03
7.33099824E-02  1.32071614E-01  1.42168731E-03
7.36085974E-02  1.41798347E-01  1.47802860E-03
7.39072124E-02  1.50320664E-01  1.49375119E-03
7.42058274E-02  1.58636421E-01  1.56682241E-03
7.45044424E-02  1.64473087E-01  1.56754814E-03
7.48030574E-02  1.75217301E-01  1.62853743E-03
7.51016724E-02  1.92475080E-01  1.70498912E-03
7.54002874E-02  2.08256751E-01  1.74513424E-03
7.56989024E-02  2.26893395E-01  1.85319467E-03
7.59975174E-02  2.43929133E-01  1.89069635E-03
7.62961324E-02  2.68027395E-01  1.98822655E-03
7.65947474E-02  2.97332019E-01  2.08742730E-03
7.68933624E-02  3.32711488E-01  2.21047574E-03
7.71919774E-02  3.68131220E-01  2.35027377E-03
7.74905924E-02  4.07167852E-01  2.41724611E-03
7.77892074E-02  4.62018937E-01  2.59111798E-03
7.80878224E-02  5.19642949E-01  2.72512948E-03
7.83864374E-02  5.95526218E-01  2.91281380E-03
7.86850524E-02  6.68479383E-01  3.13660386E-03
7.89836674E-02  7.64774263E-01  3.31285363E-03
7.92822824E-02  8.68240416E-01  3.50088393E-03
7.95808974E-02  9.87505913E-01  3.69974389E-03
7.98795124E-02  1.10926700E+00  3.99814406E-03
8.01781274E-02  1.23366487E+00  4.25199512E-03
8.04767424E-02  1.36373079E+00  4.35652304E-03
8.07753574E-02  1.49480903E+00  4.60773008E-03
8.10739724E-02  1.61887527E+00  4.74183075E-03
8.13725874E-02  1.72005117E+00  4.86823404E-03
8.16712024E-02  1.83088005E+00  5.10471920E-03
8.19698174E-02  1.92335188E+00  5.09733800E-03
8.22684324E-02  2.00682712E+00  5.31707332E-03
8.25670474E-02  2.07367277E+00  5.33997919E-03
8.28656624E-02  2.12683153E+00  5.44606149E-03
8.31642774E-02  2.15732145E+00  5.40908054E-03
8.34628924E-02  2.20146441E+00  5.46951452E-03
8.37615074E-02  2.20967102E+00  5.56235900E-03
8.40601224E-02  2.23776627E+00  5.48218563E-03
8.43587374E-02  2.24317551E+00  5.51027339E-03
8.46573524E-02  2.24954414E+00  5.49126836E-03
8.49559674E-02  2.25674748E+00  5.53778466E-03
8.52545824E-02  2.25139165E+00  5.54212322E-03
8.55531974E-02  2.25011683E+00  5.44985430E-03
8.58518124E-02  2.24727011E+00  5.47260744E-03
8.61504274E-02  2.21560884E+00  5.37718460E-03
8.64490424E-02  2.19848585E+00  5.44448243E-03
8.67476574E-02  2.16555285E+00  5.39304130E-03
8.70462724E-02  2.09313869E+00  5.21417428E-03
8.73448874E-02  2.02873921E+00  5.17237699E-03
8.76435024E-02  1.91734397E+00  4.97873733E-03
8.79421174E-02  1.80623674E+00  4.91106324E-03
8.82407324E-02  1.67233562E+00  4.70736949E-03
8.85393474E-02  1.52766693E+00  4.43581585E-03
8.88379624E-02  1.38254404E+00  4.25168779E-03
8.91365774E-02  1.22245884E+00  3.94604448E-03
8.94351924E-02  1.08503592E+00  3.74535751E-03
8.97338074E-02  9.37882721E-01  3.46275559E-03
9.00324224E-02  8.13917756E-01  3.21689039E-03
9.03310374E-02  7.06156135E-01  3.03001539E-03
9.06296524E-02  6.02009118E-01  2.76407017E-03
9.09282674E-02  5.22138536E-01  2.57183029E-03
9.12268824E-02  4.50561494E-01  2.38469103E-03
9.15254974E-02  3.96184623E-01  2.22804304E-03
9.18241124E-02  3.47707808E-01  2.11824081E-03
9.21227274E-02  3.10070068E-01  1.98189542E-03
9.24213424E-02  2.77856618E-01  1.84428052E-03
9.27199574E-02  2.51488119E-01  1.77034072E-03
9.30185724E-02  2.31799230E-01  1.70270388E-03
9.33171874E-02  2.12988973E-01  1.64865190E-03
9.36158024E-02  1.96346760E-01  1.52883551E-03
9.39144174E-02  1.82739258E-01  1.51319022E-03
9.42130324E-02  1.72951430E-01  1.46416610E-03
9.45116474E-02  1.61831960E-01  1.41000922E-03
9.48102624E-02  1.53119475E-01  1.37766683E-03
9.51088774E-02  1.46412373E-01  1.32133812E-03
9.54074924E-02  1.38257325E-01  1.30096101E-03
9.57061074E-02  1.34336323E-01  1.27898762E-03
9.60047224E-02  1.27669334E-01  1.24794734E-03
9.63033374E-02  1.23466767E-01  1.21549261E-03
9.66019524E-02  1.19164713E-01  1.20038167E-03
9.69005674E-02  1.15595616E-01  1.17917883E-03
9.71991824E-02  1.12745672E-01  1.16152433E-03
9.74977974E-02  1.06254146E-01  1.12370634E-03
9.77964124E-02  1.07050985E-01  1.12405361E-03
9.80950274E-02  1.04405761E-01  1.11774250E-03
9.83936424E-02  1.01023182E-01  1.09996414E-03
9.86922574E-02  9.70346257E-02  1.07709924E-03
9.89908724E-02  9.51211452E-02  1.05507963E-03
9.92894874E-02  9.38860625E-02  1.04511564E-03
9.95881024E-02  9.35204923E-02  1.05152244E-03
9.98867174E-02  9.02008489E-02  1.03624386E-03
1.00185332E-01  8.81259069E-02  1.00123684E-03
1.00483947E-01  8.72957706E-02  1.01246941E-03
1.00782562E-01  8.64344984E-02  9.95276729E-04
1.01081177E-01  8.42023045E-02  9.92264831E-04
1.01379792E-01  8.29395056E-02  9.81069054E-04
1.01678407E-01  8.08610991E-02  9.58295888E-04
1.01977022E-01  7.98645243E-02  9.62712395E-04
1.02275637E-01  8.04565176E-02  9.66274703E-04
1.02574252E-01  8.02010447E-02  9.60715464E-04
1.02872867E-01  7.81525373E-02  9.38265875E-04
1.03171482E-01  7.61473998E-02  9.25398199E-04
1.03470097E-01  7.80321956E-02  9.38309997E-04
1.03768712E-01  7.67019540E-02  9.38746380E-04
1.04067327E-01  7.45720491E-02  9.09144816E-04
1.04365942E-01  7.53213093E-02  9.24135733E-04
1.04664557E-01  7.39755258E-02  9.15093056E-04
1.04963172E-01  7.38491714E-02  9.07646259E-04
1.05261787E-01  7.23366365E-02  9.00487066E-04
1.05560402E-01  7.22920597E-02  8.90866679E-04
1.05859017E-01  7.26117864E-02  9.04402928E-04
1.06157632E-01  7.25890622E-02  8.98423546E-04
1.06456247E-01  7.11992383E-02  8.89781979E-04
1.06754862E-01  7.19752908E-02  8.84014531E-04
1.07053477E-01  6.99117035E-02  8.76777922E-04
1.07352092E-01  7.07915053E-02  8.82278429E-04
1.07650707E-01  6.83162957E-02  8.67408060E-04
1.07949322E-01  6.97241947E-02  8.74908059E-04
1.08247937E-01  6.88903034E-02  8.68971401E-04
1.08546552E-01  6.78501055E-02  8.65826732E-04
1.08845167E-01  6.71642423E-02  8.47333926E-04
1.09143782E-01  6.68773949E-02  8.55506281E-04
1.09442397E-01  6.81387857E-02  8.52801430E-04
1.09741012E-01  6.65219203E-02  8.45238275E-04
1.10039627E-01  6.50520697E-02  8.42420151E-04
1.10338242E-01  6.69881254E-02  8.49517819E-04
1.10636857E-01  6.81330636E-02  8.46259180E-04
1.10935472E-01  6.69277385E-02  8.38104053E-04
1.11234087E-01  6.65773377E-02  8.43630231E-04
1.11532702E-01  6.58982769E-02  8.38669308E-04
1.11831317E-01  6.56371042E-02  8.32518563E-04
1.12129932E-01  6.57299161E-02  8.34703445E-04
1.12428547E-01  6.60715699E-02  8.36550083E-04
1.12727162E-01  6.68638498E-02  8.38027103E-04
1.13025777E-01  6.81475848E-02  8.45071743E-04
1.13324392E-01  6.64163083E-02  8.33006983E-04
1.13623007E-01  6.61837608E-02  8.33440223E-04
1.13921622E-01  6.70834109E-02  8.39724380E-04
1.14220237E-01  6.59581274E-02  8.24541028E-04
1.14518852E-01  6.62322789E-02  8.19558336E-04
1.14817467E-01  6.72973469E-02  8.37884960E-04
1.15116082E-01  6.70293868E-02  8.35585699E-04
1.15414697E-01  6.61913827E-02  8.26617703E-04
1.15713312E-01  6.47788346E-02  8.09925259E-04
1.16011927E-01  6.71340600E-02  8.27555195E-04
1.16310542E-01  6.68388829E-02  8.33146099E-04
1.16609157E-01  6.55282140E-02  8.15795211E-04
1.16907772E-01  6.77424967E-02  8.32529098E-04
1.17206387E-01  6.62719831E-02  8.20112356E-04
1.17505002E-01  6.73897117E-02  8.21886933E-04
1.17803617E-01  6.61321580E-02  8.23186419E-04
1.18102232E-01  6.75156713E-02  8.23852024E-04
1.18400847E-01  6.65634051E-02  8.19214794E-04
1.18699462E-01  6.82611093E-02  8.27787560E-04
1.18998077E-01  6.80406094E-02  8.18756816E-04
1.19296692E-01  6.86235502E-02  8.37932457E-04
1.19595307E-01  6.83649629E-02  8.21293273E-04
1.19893922E-01  6.94686398E-02  8.26129981E-04
1.20192537E-01  6.95071816E-02  8.35920509E-04
1.20491152E-01  6.89784884E-02  8.20881687E-04
1.20789767E-01  7.02897161E-02  8.36367602E-04
1.21088382E-01  6.88079298E-02  8.26316769E-04
1.21386997E-01  6.96823001E-02  8.25061579E-04
1.21685612E-01  7.17829466E-02  8.45207484E-04
1.21984227E-01  7.00689778E-02  8.29698110E-04
1.22282842E-01  7.08985329E-02  8.28726799E-04
1.22581457E-01  7.17051700E-02  8.27648968E-04
1.22880072E-01  7.13626072E-02  8.40316352E-04
1.23178687E-01  7.37017021E-02  8.46140436E-04
1.23477302E-01  7.15297237E-02  8.35933373E-04
1.23775917E-01  7.40108863E-02  8.40273569E-04
1.24074532E-01  7.29984939E-02  8.42689304E-04
1.24373147E-01  7.53062144E-02  8.54704587E-04
1.24671762E-01  7.56597519E-02  8.51939956E-04
1.24970377E-01  7.50800148E-02  8.46324663E-04
1.25268992E-01  7.47212693E-02  8.43138318E-04
1.25567607E-01  7.70614073E-02  8.52144789E-04
1.25866222E-01  7.79510513E-02  8.70811986E-04
1.26164837E-01  7.88412690E-02  8.66073824E-04
1.26463452E-01  7.91067258E-02  8.63382185E-04
1.26762067E-01  7.92177841E-02  8.67544499E-04
1.27060682E-01  8.15344080E-02  8.77729501E-04
1.27359297E-01  8.19495022E-02  8.93185905E-04
1.27657912E-01  8.20421204E-02  8.72739125E-04
1.27956527E-01  8.46380442E-02  8.90335068E-04
1.28255142E-01  8.41971561E-02  8.94399534E-04
1.28553757E-01  8.70894715E-02  8.93801393E-04
1.28852372E-01  8.63647163E-02  8.93640623E-04
1.29150987E-01  8.79091248E-02  9.01596504E-04
1.29449602E-01  8.96264687E-02  9.15891898E-04
1.29748217E-01  9.07953382E-02  9.21222440E-04
1.30046832E-01  9.40457061E-02  9.30052192E-04
1.30345447E-01  9.58992764E-02  9.36684315E-04
1.30644062E-01  9.84749943E-02  9.47927183E-04
1.30942677E-01  9.91670340E-02  9.58236225E-04
1.31241292E-01  9.99699011E-02  9.58902529E-04
1.31539907E-01  1.03331037E-01  9.69742250E-04
1.31838522E-01  1.04935482E-01  9.81777906E-04
1.32137137E-01  1.08826242E-01  1.00890535E-03
1.32435752E-01  1.12821534E-01  1.04072527E-03
1.32734367E-01  1.15103722E-01  1.04974292E-03
1.33032982E-01  1.16675951E-01  1.06804201E-03
1.33331597E-01  1.22219667E-01  1.09312229E-03
1.33630212E-01  1.25839651E-01  1.11393060E-03
1.33928827E-01  1.31342426E-01  1.15546549E-03
1.34227442E-01  1.36221483E-01  1.14837335E-03
1.34526057E-01  1.41650885E-01  1.19469641E-03
1.34824672E-01  1.46742657E-01  1.22494134E-03
1.35123287E-01  1.54303730E-01  1.24873745E-03
1.35421902E-01  1.60597980E-01  1.28527742E-03
1.35720517E-01  1.68565959E-01  1.30327151E-03
1.36019132E-01  1.77361026E-01  1.36085751E-03
1.36317747E-01  1.85742691E-01  1.37916754E-03
1.36616362E-01  1.97017908E-01  1.41622266E-03
1.36914977E-01  2.07631961E-01  1.47020258E-03
1.37213592E-01  2.18106270E-01  1.50910590E-03
1.37512207E-01  2.30527714E-01  1.56694732E-03
1.37810822E-01  2.45360300E-01  1.60062220E-03
1.38109437E-01  2.61858910E-01  1.65356358E-03
1.38408052E-01  2.75678307E-01  1.70308119E-03
1.38706667E-01  2.91772634E-01  1.75610592E-03
1.39005282E-01  3.04463565E-01  1.81340787E-03
1.39303897E-01  3.18505466E-01  1.81819173E-03
1.39602512E-01  3.40547830E-01  1.91636814E-03
1.39901127E-01  3.57281476E-01  1.95983355E-03
1.40199742E-01  3.71574908E-01  1.98939396E-03
1.40498357E-01  3.84994984E-01  2.04639882E-03
1.40796972E-01  4.03050214E-01  2.06638081E-03
1.41095587E-01  4.15760756E-01  2.12911284E-03
1.41394202E-01  4.29477662E-01  2.15042802E-03
1.41692817E-01  4.43980426E-01  2.20018881E-03
1.41991432E-01  4.55506325E-01  2.22856738E-03
1.42290047E-01  4.68633533E-01  2.24457914E-03
1.42588662E-01  4.72968787E-01  2.28535337E-03
1.42887277E-01  4.82952029E-01  2.29654508E-03
1.43185892E-01  4.88428593E-01  2.30226968E-03
1.43484507E-01  4.93165791E-01  2.33178586E-03
1.43783122E-01  5.01016915E-01  2.33084057E-03
1.44081737E-01  5.07313430E-01  2.35283747E-03
1.44380352E-01  5.02081096E-01  2.32151547E-03
1.44678967E-01  5.06888866E-01  2.30678264E-03
1.44977582E-01  5.10459185E-01  2.36106175E-03
1.45276197E-01  5.05350053E-01  2.31473683E-03
1.45574812E-01  5.06203711E-01  2.34381203E-03
1.45873427E-01  5.08872867E-01  2.29566963E-03
1.46172042E-01  5.04244387E-01  2.30164593E-03
1.46470657E-01  5.07598341E-01  2.33698031E-03
1.46769272E-01  5.02828658E-01  2.29841867E-03
1.47067887E-01  5.01509964E-01  2.29019090E-03
1.47366502E-01  4.98429716E-01  2.27200636E-03
1.47665117E-01  4.98900563E-01  2.27649510E-03
1.47963732E-01  4.95729864E-01  2.29526707E-03
1.48262347E-01  4.94441837E-01  2.26801028E-03
1.48560962E-01  4.92325336E-01  2.26656720E-03
1.48859577E-01  4.88447011E-01  2.22756667E-03
1.49158192E-01  4.83112842E-01  2.26154015E-03
1.49456807E-01  4.86721188E-01  2.24350276E-03
1.49755422E-01  4.82448876E-01  2.22781324E-03
1.50054037E-01  4.70001161E-01  2.21292838E-03
1.50352652E-01  4.68653619E-01  2.18198029E-03
1.50651267E-01  4.59834754E-01  2.19217618E-03
1.50949882E-01  4.50751811E-01  2.13676854E-03
1.51248497E-01  4.37967747E-01  2.11635418E-03
1.51547112E-01  4.28441703E-01  2.12975917E-03
1.51845727E-01  4.14846212E-01  2.03505182E-03
1.52144342E-01  4.02564168E-01  2.05424638E-03
1.52442957E-01  3.88556570E-01  1.95824052E-03
1.52741572E-01  3.79029155E-01  1.96230179E-03
1.53040187E-01  3.59452188E-01  1.93820545E-03
1.53338802E-01  3.41313511E-01  1.85059709E-03
1.53637417E-01  3.27041596E-01  1.83358346E-03
1.53936032E-01  3.07384342E-01  1.75176922E-03
1.54234647E-01  2.93331623E-01  1.71497907E-03
1.54533262E-01  2.80726016E-01  1.70387502E-03
1.54831877E-01  2.64782965E-01  1.63176027E-03
1.55130492E-01  2.50579536E-01  1.58970803E-03
1.55429107E-01  2.36395702E-01  1.53568469E-03
1.55727722E-01  2.22402573E-01  1.50426605E-03
1.56026337E-01  2.13349178E-01  1.46473560E-03
1.56324952E-01  2.06227720E-01  1.43539417E-03
1.56623567E-01  1.95940778E-01  1.41507608E-03
1.56922182E-01  1.90940216E-01  1.37670222E-03
1.57220797E-01  1.80671632E-01  1.35732116E-03
1.57519412E-01  1.80032924E-01  1.33824814E-03
1.57818027E-01  1.75006732E-01  1.31848885E-03
1.58116642E-01  1.73612192E-01  1.33103586E-03
1.58415257E-01  1.71193257E-01  1.30404811E-03
1.58713872E-01  1.69532627E-01  1.31000159E-03
1.59012487E-01  1.69814125E-01  1.29230611E-03
1.59311102E-01  1.71617046E-01  1.31899992E-03
1.59609717E-01  1.72605038E-01  1.32522418E-03
1.59908332E-01  1.75194547E-01  1.30430225E-03
1.60206947E-01  1.77758098E-01  1.32692244E-03
1.60505562E-01  1.79115608E-01  1.33198150E-03
1.60804177E-01  1.82685614E-01  1.34374888E-03
1.61102792E-01  1.90789029E-01  1.37372094E-03
1.61401407E-01  1.93480805E-01  1.37796917E-03
1.61700022E-01  1.97934344E-01  1.39176578E-03
1.61998637E-01  2.02140138E-01  1.40947220E-03
1.62297252E-01  2.06773534E-01  1.43216806E-03
1.62595867E-01  2.11906046E-01  1.44879683E-03
1.62894482E-01  2.17354715E-01  1.45077333E-03
1.63193097E-01  2.22753525E-01  1.49023184E-03
1.63491712E-01  2.24006623E-01  1.46972563E-03
1.63790327E-01  2.29516387E-01  1.51105574E-03
1.64088942E-01  2.34001130E-01  1.50006881E-03
1.64387557E-01  2.33096406E-01  1.50875410E-03
1.64686172E-01  2.38379076E-01  1.54385285E-03
1.64984787E-01  2.42987543E-01  1.53073843E-03
1.65283402E-01  2.43577063E-01  1.54230674E-03
1.65582017E-01  2.46633977E-01  1.53896958E-03
1.65880632E-01  2.46605903E-01  1.54533656E-03
1.66179247E-01  2.48350337E-01  1.56343682E-03
1.66477862E-01  2.47677580E-01  1.53955841E-03
1.66776477E-01  2.52292037E-01  1.56745466E-03
1.67075092E-01  2.49695927E-01  1.56267639E-03
1.67373707E-01  2.50235915E-01  1.55941257E-03
1.67672322E-01  2.53252834E-01  1.56768586E-03
1.67970937E-01  2.54458636E-01  1.55673700E-03
1.68269552E-01  2.53803492E-01  1.56719587E-03
1.68568167E-01  2.55338401E-01  1.55621849E-03
1.68866782E-01  2.55949587E-01  1.58102042E-03
1.69165397E-01  2.57285267E-01  1.57297042E-03
1.69464012E-01  2.52300709E-01  1.54800282E-03
1.69762627E-01  2.50825673E-01  1.55364373E-03
1.70061242E-01  2.54234642E-01  1.55875401E-03
1.70359857E-01  2.48413146E-01  1.55868276E-03
1.70658472E-01  2.52092004E-01  1.54208508E-03
1.70957087E-01  2.50168324E-01  1.54198834E-03
1.71255702E-01  2.51222312E-01  1.56416313E-03
1.71554317E-01  2.47258902E-01  1.51692575E-03
1.71852932E-01  2.50433445E-01  1.54600316E-03
1.72151547E-01  2.47248530E-01  1.53086998E-03
1.72450162E-01  2.45926842E-01  1.53045100E-03
1.72748777E-01  2.45807782E-01  1.53378432E-03
1.73047392E-01  2.46007085E-01  1.52755238E-03
1.73346007E-01  2.41514891E-01  1.51614554E-03
1.73644622E-01  2.41595820E-01  1.50914874E-03
1.73943237E-01  2.40893483E-01  1.50746980E-03
1.74241852E-01  2.35474527E-01  1.49965519E-03
1.74540467E-01  2.31964335E-01  1.46977813E-03
1.74839082E-01  2.26914525E-01  1.47164147E-03
1.75137697E-01  2.22313881E-01  1.44277560E-03
1.75436312E-01  2.19852433E-01  1.44408678E-03
1.75734927E-01  2.11482182E-01  1.39916420E-03
1.76033542E-01  2.05612183E-01  1.38378609E-03
1.76332157E-01  1.97878882E-01  1.37808558E-03
1.76630772E-01  1.91311717E-01  1.33122050E-03
1.76929387E-01  1.85280785E-01  1.33027276E-03
1.77228002E-01  1.78374335E-01  1.28029019E-03
1.77526617E-01  1.69009566E-01  1.25544076E-03
1.77825232E-01  1.64355054E-01  1.24222995E-03
1.78123847E-01  1.59087971E-01  1.21721684E-03
1.78422462E-01  1.50706559E-01  1.18472101E-03
1.78721077E-01  1.45071745E-01  1.16550748E-03
1.79019692E-01  1.36868611E-01  1.13246113E-03
1.79318307E-01  1.29404411E-01  1.10152352E-03
1.79616922E-01  1.24563783E-01  1.06460880E-03
1.79915537E-01  1.18380360E-01  1.05178170E-03
1.80214152E-01  1.13196209E-01  1.01957878E-03
1.80512767E-01  1.08141690E-01  1.00663363E-03
1.80811382E-01  1.04213275E-01  9.85515071E-04
1.81109997E-01  9.96950716E-02  9.54949413E-04
1.81408612E-01  9.39209908E-02  9.36218770E-04
1.81707227E-01  9.15736482E-02  9.19189886E-04
1.82005842E-01  8.91012102E-02  9.06697649E-04
1.82304457E-01  8.61408636E-02  8.86496913E-04
1.82603072E-01  8.13005343E-02  8.64948262E-04
1.82901687E-01  8.09876248E-02  8.69378389E-04
1.83200302E-01  7.74582177E-02  8.42584413E-04
1.83498917E-01  7.61289820E-02  8.32023215E-04
1.83797532E-01  7.46834129E-02  8.22736067E-04
1.84096147E-01  7.14261979E-02  8.12080863E-04
1.84394762E-01  7.16193095E-02  8.14539788E-04
1.84693377E-01  6.83422834E-02  7.90150138E-04
1.84991992E-01  6.83245882E-02  7.94257154E-04
1.85290607E-01  6.71760514E-02  7.77498528E-04
1.85589222E-01  6.51481599E-02  7.71213730E-04
1.85887837E-01  6.50086850E-02  7.68110855E-04
1.86186452E-01  6.37685955E-02  7.59257528E-04
1.86485067E-01  6.15649931E-02  7.49956525E-04
1.86783682E-01  6.18280172E-02  7.49334169E-04
1.87082297E-01  6.15086481E-02  7.50607986E-04
1.87380912E-01  6.06234521E-02  7.40301912E-04
1.87679527E-01  5.89973107E-02  7.24179612E-04
1.87978142E-01  5.95632195E-02  7.36696995E-04
1.88276757E-01  5.81109188E-02  7.25989579E-04
1.88575372E-01  5.76258339E-02  7.25097081E-04
1.88873987E-01  5.76426201E-02  7.20701704E-04
1.89172602E-01  5.59419543E-02  7.06092454E-04
1.89471217E-01  5.77787422E-02  7.22968951E-04
1.89769832E-01  5.57275116E-02  7.11885688E-04
1.90068447E-01  5.38427345E-02  6.89838082E-04
1.90367062E-01  5.54268099E-02  7.06489722E-04
1.90665677E-01  5.58120124E-02  7.07331696E-04
1.90964292E-01  5.48995025E-02  7.00166740E-04
1.91262907E-01  5.53733371E-02  7.06152408E-04
1.91561522E-01  5.32997884E-02  6.84174534E-04
1.91860137E-01  5.23420945E-02  6.87226129E-04
1.92158752E-01  5.25517166E-02  6.85036415E-04
1.92457367E-01  5.13808243E-02  6.78239274E-04
1.92755982E-01  5.17069250E-02  6.77544798E-04
1.93054597E-01  5.10446094E-02  6.73625153E-04
1.93353212E-01  5.06220348E-02  6.67409564E-04
1.93651827E-01  5.07729277E-02  6.75532792E-04
1.93950442E-01  5.10184616E-02  6.73456059E-04
1.94249057E-01  4.97288033E-02  6.60239661E-04
1.94547672E-01  4.96602692E-02  6.64861058E-04
1.94846287E-01  4.95669767E-02  6.62958773E-04
1.95144902E-01  5.07407896E-02  6.74448791E-04
1.95443517E-01  4.88699526E-02  6.47980778E-04
1.95742132E-01  4.88829166E-02  6.57109194E-04
1.96040747E-01  4.99666855E-02  6.65631087E-04
1.96339362E-01  4.94795032E-02  6.63870363E-04
1.96637977E-01  4.91138920E-02  6.54910109E-04
1.96936592E-01  4.84592617E-02  6.51767594E-04
1.97235207E-01  4.88437414E-02  6.56641903E-04
1.97533822E-01  4.96904403E-02  6.59788493E-04
1.97832437E-01  4.83057275E-02  6.52601360E-04
1.98131052E-01  4.82329428E-02  6.48606336E-04
1.98429667E-01  4.82808277E-02  6.49543945E-04
1.98728282E-01  4.79283668E-02  6.49223744E-04
1.99026897E-01  4.83341180E-02  6.47861569E-04
1.99325512E-01  4.75035906E-02  6.44297921E-04
1.99624127E-01  4.73864377E-02  6.43300882E-04
1.99922742E-01  4.68423739E-02  6.38390426E-04
2.00221357E-01  4.72733043E-02  6.44982560E-04
2.00519972E-01  4.76757698E-02  6.41229795E-04
2.00818587E-01  4.70446125E-02  6.36377488E-04
2.01117202E-01  4.77682650E-02  6.47530425E-04
2.01415817E-01  4.70070839E-02  6.35928067E-04
2.01714432E-01  4.76756692E-02  6.43443782E-04
2.02013047E-01  4.72382382E-02  6.37888792E-04
2.02311662E-01  4.59912829E-02  6.31977397E-04
2.02610277E-01  4.74018641E-02  6.43214036E-04
2.02908892E-01  4.70610708E-02  6.33937772E-04
2.03207507E-01  4.48593721E-02  6.21430634E-04
2.03506122E-01  4.64539379E-02  6.31398463E-04
2.03804737E-01  4.71511744E-02  6.36713114E-04
2.04103352E-01  4.75154407E-02  6.41164545E-04
2.04401967E-01  4.64563519E-02  6.33188349E-04
2.04700582E-01  4.71179001E-02  6.32184558E-04
2.04999197E-01  4.70554084E-02  6.33516640E-04
2.05297812E-01  4.71811555E-02  6.40514074E-04
2.05596427E-01  4.82364781E-02  6.42411120E-04
2.05895042E-01  4.80293818E-02  6.42623403E-04
2.06193657E-01  4.79964018E-02  6.38252299E-04
2.06492272E-01  4.75996844E-02  6.34831784E-04
2.06790887E-01  4.73908931E-02  6.40534447E-04
2.07089502E-01  4.77848426E-02  6.32592884E-04
2.07388117E-01  4.81465086E-02  6.43212523E-04
2.07686732E-01  4.85537834E-02  6.43336389E-04
2.07985347E-01  4.80662324E-02  6.37941179E-04
2.08283962E-01  4.85921875E-02  6.42999075E-04
2.08582577E-01  4.82669845E-02  6.36360142E-04
2.08881192E-01  4.83800396E-02  6.40023791E-04
2.09179807E-01  4.85037342E-02  6.43804495E-04
2.09478422E-01  4.87398207E-02  6.37735124E-04
2.09777037E-01  4.93600219E-02  6.48464309E-04
2.10075652E-01  5.07094488E-02  6.51084993E-04
2.10374267E-01  5.07034250E-02  6.59264857E-04
2.10672882E-01  5.17118834E-02  6.63736952E-04
2.10971497E-01  5.23565561E-02  6.57028519E-04
2.11270112E-01  5.24672791E-02  6.67953107E-04
2.11568727E-01  5.18016368E-02  6.56875724E-04
2.11867342E-01  5.38395345E-02  6.76011259E-04
2.12165957E-01  5.16476408E-02  6.56296324E-04
2.12464572E-01  5.31695932E-02  6.65295927E-04
2.12763187E-01  5.40816970E-02  6.74232666E-04
2.13061802E-01  5.46211749E-02  6.76971744E-04
2.13360417E-01  5.55035360E-02  6.84915751E-04
2.13659032E-01  5.48549369E-02  6.73739007E-04
2.13957647E-01  5.54263182E-02  6.78051671E-04
2.14256262E-01  5.66325858E-02  6.88494416E-04
2.14554877E-01  5.68903051E-02  6.85923384E-04
2.14853492E-01  5.61569072E-02  6.82509737E-04
2.15152107E-01  5.59069216E-02  6.80175144E-04
2.15450722E-01  5.66106923E-02  6.91300200E-04
2.15749337E-01  5.67682087E-02  6.87455875E-04
2.16047952E-01  5.77680394E-02  6.91201130E-04
2.16346567E-01  5.69596998E-02  6.86760060E-04
2.16645182E-01  5.79733476E-02  6.88939472E-04
2.16943797E-01  5.78280799E-02  6.91770983E-04
2.17242412E-01  5.72660193E-02  6.92976348E-04
2.17541027E-01  5.80758229E-02  6.86915184E-04
2.17839642E-01  5.85824847E-02  7.01750221E-04
2.18138257E-01  5.87062947E-02  6.89422886E-04
2.18436872E-01  5.68922125E-02  6.85747014E-04
2.18735487E-01  5.82842939E-02  6.90589659E-04
2.19034102E-01  5.71902320E-02  6.84483617E-04
2.19332717E-01  5.71815781E-02  6.88934699E-04
2.19631332E-01  5.73229156E-02  6.86908490E-04
2.19929947E-01  5.74386679E-02  6.84959581E-04
2.20228562E-01  5.63622713E-02  6.76320167E-04
2.20527177E-01  5.63323013E-02  6.79739285E-04
2.20825792E-01  5.56442402E-02  6.76378899E-04
2.21124407E-01  5.65989651E-02  6.80140452E-04
2.21423022E-01  5.57396188E-02  6.73765840E-04
2.21721637E-01  5.61356694E-02  6.74768002E-04
2.22020252E-01  5.57139069E-02  6.72032766E-04
2.22318867E-01  5.45938350E-02  6.69573259E-04
2.22617482E-01  5.50046302E-02  6.64250983E-04
2.22916097E-01  5.35613820E-02  6.64398249E-04
2.23214712E-01  5.34689389E-02  6.57013326E-04
2.23513327E-01  5.20442612E-02  6.52595831E-04
2.23811942E-01  5.33597618E-02  6.57111988E-04
2.24110557E-01  5.28784953E-02  6.51481852E-04
2.24409172E-01  5.06079122E-02  6.42203435E-04
2.24707787E-01  5.12741059E-02  6.40226470E-04
2.25006402E-01  5.06868772E-02  6.44035696E-04
2.25305017E-01  5.07336445E-02  6.32837065E-04
2.25603632E-01  5.05307987E-02  6.40400394E-04
2.25902247E-01  4.96980064E-02  6.35848846E-04
2.26200862E-01  5.01307473E-02  6.35075383E-04
2.26499477E-01  4.88088802E-02  6.24473148E-04
2.26798092E-01  4.92858216E-02  6.30988565E-04
2.27096707E-01  4.90781404E-02  6.28742040E-04
2.27395322E-01  4.80971225E-02  6.24796026E-04
2.27693937E-01  4.64549772E-02  6.06439076E-04
2.27992552E-01  4.82828803E-02  6.20389415E-04
2.28291167E-01  4.76940423E-02  6.16241188E-04
2.28589782E-01  4.70589697E-02  6.17117097E-04
2.28888397E-01  4.61043902E-02  6.08695147E-04
2.29187012E-01  4.66766432E-02  6.07369409E-04
2.29485627E-01  4.52025793E-02  5.99934428E-04
2.29784242E-01  4.40636985E-02  5.95075137E-04
2.30082857E-01  4.55529615E-02  6.01048348E-04
2.30381472E-01  4.51104790E-02  5.96927188E-04
2.30680087E-01  4.45655026E-02  5.94841549E-04
2.30978702E-01  4.45101075E-02  5.94472920E-04
2.31277317E-01  4.32279743E-02  5.86522918E-04
2.31575932E-01  4.30521891E-02  5.85162139E-04
2.31874547E-01  4.21830565E-02  5.74784237E-04
2.32173162E-01  4.23715822E-02  5.78859705E-04
2.32471777E-01  4.12080251E-02  5.72002726E-04
2.32770392E-01  4.17465307E-02  5.73757570E-04
2.33069007E-01  4.06988449E-02  5.66190865E-04
2.33367622E-01  4.01655287E-02  5.60400716E-04
2.33666237E-01  4.01821397E-02  5.65329159E-04
2.33964852E-01  3.97797860E-02  5.58178755E-04
2.34263467E-01  3.92395258E-02  5.54376573E-04
2.34562082E-01  3.82518470E-02  5.48755575E-04
2.34860697E-01  3.78943719E-02  5.45256888E-04
2.35159312E-01  3.85940038E-02  5.50893426E-04
2.35457927E-01  3.82286496E-02  5.45345072E-04
2.35756542E-01  3.80306616E-02  5.41804475E-04
2.36055157E-01  3.67311165E-02  5.36979409E-04
2.36353772E-01  3.78287360E-02  5.44481562E-04
2.36652387E-01  3.62043120E-02  5.35552681E-04
2.36951002E-01  3.74797508E-02  5.35043015E-04
2.37249617E-01  3.62476259E-02  5.34500170E-04
2.37548232E-01  3.62172835E-02  5.31859987E-04
2.37846847E-01  3.66022177E-02  5.32878796E-04
2.38145462E-01  3.80976684E-02  5.43200294E-04
2.38444077E-01  3.66682149E-02  5.29370387E-04
2.38742692E-01  3.62758487E-02  5.35323925E-04
2.39041307E-01  3.63312997E-02  5.30907477E-04
2.39339922E-01  3.78895774E-02  5.41114074E-04
2.39638537E-01  3.54917273E-02  5.24152245E-04
2.39937152E-01  3.76731046E-02  5.38517023E-04
2.40235767E-01  3.76892500E-02  5.42417751E-04
2.40534382E-01  3.70526239E-02  5.34363440E-04
2.40832997E-01  3.80162969E-02  5.40067384E-04
2.41131612E-01  3.71106863E-02  5.36429521E-04
2.41430227E-01  3.78319733E-02  5.37123764E-04
2.41728842E-01  3.73217501E-02  5.38861495E-04
2.42027457E-01  3.84019986E-02  5.39377332E-04
2.42326072E-01  3.79963443E-02  5.38589607E-04
2.42624687E-01  3.84970605E-02  5.47283969E-04
2.42923302E-01  3.89170125E-02  5.47042815E-04
2.43221917E-01  3.92824858E-02  5.44488372E-04
2.43520532E-01  3.86097692E-02  5.42028283E-04
2.43819147E-01  3.91920097E-02  5.46552008E-04
2.44117762E-01  3.84622924E-02  5.43993374E-04
2.44416377E-01  4.02642488E-02  5.57989231E-04
2.44714992E-01  3.99509221E-02  5.48509415E-04
2.45013607E-01  3.93180624E-02  5.49862627E-04
2.45312222E-01  3.94816250E-02  5.47669653E-04
2.45610837E-01  3.96681055E-02  5.50627359E-04
2.45909452E-01  4.02747206E-02  5.49240445E-04
2.46208067E-01  4.02237996E-02  5.53404621E-04
2.46506682E-01  4.03661281E-02  5.53168298E-04
2.46805297E-01  4.15954478E-02  5.66042378E-04
2.47103912E-01  4.08428349E-02  5.53855265E-04
2.47402527E-01  4.11434434E-02  5.55890962E-04
2.47701142E-01  4.06068936E-02  5.55581588E-04
2.47999757E-01  4.04719822E-02  5.54202765E-04
2.48298372E-01  4.13734801E-02  5.63596084E-04
2.48596987E-01  4.02486548E-02  5.45396761E-04
2.48895602E-01  4.03432548E-02  5.49868389E-04
2.49194217E-01  4.12496775E-02  5.56615531E-04
2.49492832E-01  4.06004004E-02  5.53270453E-04
2.49791447E-01  3.96640748E-02  5.48199983E-04
2.50090062E-01  3.93904336E-02  5.42607042E-04
2.50388677E-01  4.02774587E-02  5.52576210E-04
2.50687292E-01  4.01961505E-02  5.50064782E-04
2.50985907E-01  4.02113721E-02  5.47055562E-04
2.51284522E-01  4.01272364E-02  5.49894583E-04
2.51583137E-01  4.01551463E-02  5.46088500E-04
2.51881752E-01  4.15517092E-02  5.57904423E-04
2.52180367E-01  4.07803319E-02  5.52702870E-04
2.52478982E-01  4.08155024E-02  5.51007688E-04
2.52777597E-01  3.93196493E-02  5.41837653E-04
2.53076212E-01  3.93186286E-02  5.41978050E-04
2.53374827E-01  3.96437943E-02  5.45838266E-04
2.53673442E-01  4.01753001E-02  5.42463909E-04
2.53972057E-01  3.96400765E-02  5.43167698E-04
2.54270672E-01  3.83766778E-02  5.34299295E-04
2.54569287E-01  3.88507694E-02  5.40063018E-04
2.54867902E-01  3.90937701E-02  5.38980938E-04
2.55166517E-01  3.88608389E-02  5.33945800E-04
2.55465132E-01  3.86454836E-02  5.35453262E-04
2.55763747E-01  3.87450457E-02  5.36575273E-04
2.56062362E-01  3.94819900E-02  5.41510060E-04
2.56360977E-01  3.82560790E-02  5.29499084E-04
2.56659592E-01  3.85505334E-02  5.30132791E-04
2.56958207E-01  3.80936116E-02  5.31337631E-04
2.57256822E-01  3.84372324E-02  5.32874838E-04
2.57555437E-01  3.79473306E-02  5.26944583E-04
2.57854052E-01  3.77171487E-02  5.26599179E-04
2.58152667E-01  3.76537777E-02  5.27983531E-04
2.58451282E-01  3.80963162E-02  5.31220401E-04
2.58749897E-01  3.69017422E-02  5.17998880E-04
2.59048512E-01  3.76125649E-02  5.24067436E-04
2.59347127E-01  3.82514782E-02  5.28222474E-04
2.59645742E-01  3.71942930E-02  5.23499912E-04
2.59944357E-01  3.53252292E-02  5.10994752E-04
2.60242972E-01  3.75561826E-02  5.20260539E-04
2.60541587E-01  3.60951014E-02  5.14752115E-04
2.60840202E-01  3.61750722E-02  5.13962470E-04
2.61138817E-01  3.57767195E-02  5.12615137E-04
2.61437432E-01  3.52838188E-02  5.07326506E-04
2.61736047E-01  3.51225846E-02  5.03915478E-04
2.62034662E-01  3.53903286E-02  5.08227909E-04
2.62333277E-01  3.49813886E-02  5.05018048E-04
2.62631892E-01  3.47466990E-02  5.00431866E-04
2.62930507E-01  3.40615846E-02  4.95732995E-04
2.63229122E-01  3.47802378E-02  5.01852657E-04
2.63527737E-01  3.48045155E-02  5.05209726E-04
2.63826352E-01  3.40842567E-02  4.95643180E-04
2.64124967E-01  3.30465287E-02  4.88040881E-04
2.64423582E-01  3.35170664E-02  4.91888495E-04
2.64722197E-01  3.28846648E-02  4.85332916E-04
2.65020812E-01  3.29158865E-02  4.90408740E-04
2.65319427E-01  3.28289345E-02  4.83301323E-04
2.65618042E-01  3.19198780E-02  4.81538707E-04
2.65916657E-01  3.18798088E-02  4.79354960E-04
2.66215272E-01  3.15455794E-02  4.76217305E-04
2.66513887E-01  3.06733008E-02  4.69954393E-04
2.66812502E-01  2.98757609E-02  4.60938143E-04
2.67111117E-01  3.01072728E-02  4.65842575E-04
2.67409732E-01  3.02168094E-02  4.65480349E-04
2.67708347E-01  2.99658719E-02  4.64266457E-04
2.68006962E-01  3.05756275E-02  4.68238140E-04
2.68305577E-01  2.96875220E-02  4.59843548E-04
2.68604192E-01  2.89748572E-02  4.55464673E-04
2.68902807E-01  2.87288912E-02  4.52943321E-04
2.69201422E-01  2.85143144E-02  4.49169660E-04
2.69500037E-01  2.80717835E-02  4.47504717E-04
2.69798652E-01  2.74871495E-02  4.42593358E-04
2.70097267E-01  2.74773668E-02  4.45390266E-04
2.70395882E-01  2.85131447E-02  4.46774036E-04
2.70694497E-01  2.73952037E-02  4.41628421E-04
2.70993112E-01  2.76943482E-02  4.44835343E-04
2.71291727E-01  2.74233855E-02  4.42312681E-04
2.71590342E-01  2.74866521E-02  4.43968776E-04
2.71888957E-01  2.70167068E-02  4.34567919E-04
2.72187572E-01  2.69876570E-02  4.36878821E-04
2.72486187E-01  2.70359460E-02  4.37717885E-04
2.72784802E-01  2.65565999E-02  4.34712012E-04
2.73083417E-01  2.71304976E-02  4.34937800E-04
2.73382032E-01  2.66866423E-02  4.33886104E-04
2.73680647E-01  2.61719376E-02  4.31666267E-04
2.73979262E-01  2.67085657E-02  4.33955865E-04
2.74277877E-01  2.62970384E-02  4.28857398E-04
2.74576492E-01  2.60333531E-02  4.27350897E-04
2.74875107E-01  2.58962642E-02  4.27526713E-04
2.75173722E-01  2.54731588E-02  4.24670638E-04
2.75472337E-01  2.59237885E-02  4.23672755E-04
2.75770952E-01  2.62424946E-02  4.30378364E-04
2.76069567E-01  2.54197177E-02  4.19430726E-04
2.76368182E-01  2.53294557E-02  4.24343889E-04
2.76666797E-01  2.57387422E-02  4.26556915E-04
2.76965412E-01  2.61007193E-02  4.24696802E-04
2.77264027E-01  2.57879850E-02  4.25449311E-04
2.77562642E-01  2.49799881E-02  4.15066810E-04
2.77861257E-01  2.56381761E-02  4.25944454E-04
2.78159872E-01  2.57349182E-02  4.20979777E-04
2.78458487E-01  2.66777817E-02  4.30230837E-04
2.78757102E-01  2.60221772E-02  4.28033411E-04
2.79055717E-01  2.58616544E-02  4.24132537E-04
2.79354332E-01  2.57097520E-02  4.22779995E-04
2.79652947E-01  2.52080578E-02  4.18740819E-04
2.79951562E-01  2.57824976E-02  4.20019584E-04
2.80250177E-01  2.64701378E-02  4.31050285E-04
2.80548792E-01  2.64163241E-02  4.27910447E-04
2.80847407E-01  2.54146531E-02  4.18153504E-04
2.81146022E-01  2.58463342E-02  4.23482852E-04
2.81444637E-01  2.63671260E-02  4.28804633E-04
2.81743252E-01  2.59498674E-02  4.23590158E-04
2.82041867E-01  2.58237384E-02  4.18916374E-04
2.82340482E-01  2.65597422E-02  4.28327243E-04
2.82639097E-01  2.57635657E-02  4.22070036E-04
2.82937712E-01  2.47368626E-02  4.12854861E-04
2.83236327E-01  2.61028986E-02  4.23891383E-04
2.83534942E-01  2.63845716E-02  4.24070895E-04
2.83833557E-01  2.60318369E-02  4.23632067E-04
2.84132172E-01  2.61957720E-02  4.24226513E-04
2.84430787E-01  2.61036996E-02  4.25704406E-04
2.84729402E-01  2.56552324E-02  4.16841503E-04
2.85028017E-01  2.57603228E-02  4.20272263E-04
2.85326632E-01  2.57698819E-02  4.23082907E-04
2.85625247E-01  2.57166158E-02  4.15921764E-04
2.85923862E-01  2.58886218E-02  4.20800236E-04
2.86222477E-01  2.62677744E-02  4.23453515E-04
2.86521092E-01  2.64584329E-02  4.25093371E-04
2.86819707E-01  2.61502974E-02  4.25559847E-04
2.87118322E-01  2.63637062E-02  4.21025150E-04
2.87416937E-01  2.63853166E-02  4.23154735E-04
2.87715552E-01  2.61524841E-02  4.20666765E-04
2.88014167E-01  2.64124032E-02  4.25674400E-04
2.88312782E-01  2.61025038E-02  4.22439189E-04
2.88611397E-01  2.73751859E-02  4.27580730E-04
2.88910012E-01  2.65037734E-02  4.26096871E-04
2.89208627E-01  2.62924936E-02  4.22209385E-04
2.89507242E-01  2.70190872E-02  4.27690713E-04
2.89805857E-01  2.73736827E-02  4.28919739E-04
2.90104472E-01  2.71067284E-02  4.26204293E-04
2.90403087E-01  2.64502689E-02  4.25566803E-04
2.90701702E-01  2.63890307E-02  4.21752397E-04
2.91000317E-01  2.71392874E-02  4.26980230E-04
2.91298932E-01  2.57807802E-02  4.17068630E-04
2.91597547E-01  2.73925755E-02  4.30539105E-04
2.91896162E-01  2.72783022E-02  4.29326756E-04
2.92194777E-01  2.68459283E-02  4.24259313E-04
2.92493392E-01  2.69989129E-02  4.25880018E-04
2.92792007E-01  2.71252878E-02  4.27395164E-04
2.93090622E-01  2.72538159E-02  4.28199535E-04
2.93389237E-01  2.76711080E-02  4.31256951E-04
2.93687852E-01  2.69492697E-02  4.22632933E-04
2.93986467E-01  2.70930715E-02  4.26834595E-04
2.94285082E-01  2.62207035E-02  4.17783565E-04
2.94583697E-01  2.70092785E-02  4.27214429E-04
2.94882312E-01  2.80055646E-02  4.32186702E-04
2.95180927E-01  2.70735119E-02  4.22199839E-04
2.95479542E-01  2.71961316E-02  4.27029794E-04
2.95778157E-01  2.74064541E-02  4.27028601E-04
2.96076772E-01  2.79458929E-02  4.31522843E-04
2.96375387E-01  2.73604970E-02  4.26467857E-04
2.96674002E-01  2.76598185E-02  4.28589788E-04
2.96972617E-01  2.81706918E-02  4.35357477E-04
2.97271232E-01  2.73900628E-02  4.29492851E-04
2.97569847E-01  2.83876117E-02  4.37457871E-04
2.97868462E-01  2.79306564E-02  4.35196358E-04
2.98167077E-01  2.77892090E-02  4.36234637E-04
2.98465692E-01  2.73396913E-02  4.35391761E-04
2.98764307E-01  2.76051089E-02  4.33718902E-04
2.99062922E-01  2.75418889E-02  4.35911643E-04
2.99361537E-01  2.79159471E-02  4.40290518E-04
2.99660152E-01  2.74429526E-02  4.37313603E-04
2.99958767E-01  2.73660980E-02  4.36921808E-04
3.00257382E-01  2.80237198E-02  4.43371100E-04
3.00555997E-01  2.75680535E-02  4.39530413E-04
3.00854612E-01  2.86934469E-02  4.47734288E-04
3.01153227E-01  2.79279612E-02  4.44647361E-04
3.01451842E-01  2.80453619E-02  4.43547004E-04
3.01750457E-01  2.84338184E-02  4.51786007E-04
3.02049072E-01  2.87703183E-02  4.51191561E-04
3.02347687E-01  2.86734607E-02  4.59437433E-04
3.02646302E-01  2.73996796E-02  4.54833062E-04
3.02944917E-01  2.76641119E-02  4.56899317E-04
3.03243532E-01  2.85793785E-02  4.73243766E-04
3.03542147E-01  2.80949790E-02  4.70015540E-04
3.03840762E-01  2.82831956E-02  4.71321138E-04
3.04139377E-01  2.80646197E-02  4.75603214E-04
3.04437992E-01  2.83039212E-02  4.73378575E-04
3.04736607E-01  2.82991659E-02  4.81100258E-04
3.05035222E-01  2.75897402E-02  4.71155072E-04
3.05333837E-01  2.84119081E-02  4.81350406E-04
3.05632452E-01  2.71638073E-02  4.74445318E-04
3.05931067E-01  2.72925105E-02  4.73169872E-04
3.06229682E-01  2.75936816E-02  4.80927643E-04
3.06528297E-01  2.82374453E-02  4.81864874E-04
3.06826912E-01  2.77281869E-02  4.83418786E-04
3.07125527E-01  2.75844410E-02  4.83342883E-04
3.07424142E-01  2.88944449E-02  4.94084554E-04
3.07722757E-01  2.79779118E-02  4.90086910E-04
3.08021372E-01  2.70955488E-02  4.78314003E-04
3.08319987E-01  2.76289154E-02  4.79362468E-04
3.08618602E-01  2.84299161E-02  4.81517287E-04
3.08917217E-01  2.68656649E-02  4.61081509E-04
3.09215832E-01  2.72777695E-02  4.68637620E-04
3.09514447E-01  2.76736803E-02  4.64661105E-04
3.09813062E-01  2.75560953E-02  4.64722019E-04
3.10111677E-01  2.70294882E-02  4.58192750E-04
3.10410292E-01  2.76070815E-02  4.57331713E-04
3.10708907E-01  2.80917697E-02  4.65808524E-04
3.11007522E-01  2.73229089E-02  4.52997279E-04
3.11306137E-01  2.72514522E-02  4.58153227E-04
3.11604752E-01  2.70141400E-02  4.50799533E-04
3.11903367E-01  2.72259861E-02  4.52074339E-04
3.12201982E-01  2.79241297E-02  4.57711110E-04
3.12500597E-01  2.67786197E-02  4.44156467E-04
3.12799212E-01  2.70102732E-02  4.49796556E-04
3.13097827E-01  2.65769847E-02  4.43072844E-04
3.13396442E-01  2.69853417E-02  4.45871236E-04
3.13695057E-01  2.73203906E-02  4.50915046E-04
3.13993672E-01  2.67376639E-02  4.41598153E-04
3.14292287E-01  2.73778625E-02  4.48035455E-04
3.14590902E-01  2.74893120E-02  4.47646918E-04
3.14889517E-01  2.78102122E-02  4.50253428E-04
3.15188132E-01  2.66683362E-02  4.43487836E-04
3.15486747E-01  2.58417092E-02  4.30754968E-04
3.15785362E-01  2.69225687E-02  4.42664139E-04
3.16083977E-01  2.68199146E-02  4.38493880E-04
3.16382592E-01  2.75930036E-02  4.47205908E-04
3.16681207E-01  2.71272752E-02  4.41458804E-04
3.16979822E-01  2.78454423E-02  4.46571503E-04
3.17278437E-01  2.57770922E-02  4.31117747E-04
3.17577052E-01  2.68856194E-02  4.38923307E-04
3.17875667E-01  2.64497623E-02  4.41442913E-04
3.18174282E-01  2.73494888E-02  4.53002343E-04
3.18472897E-01  2.65823640E-02  4.53028042E-04
3.18771512E-01  2.61469595E-02  4.47561848E-04
3.19070127E-01  2.65270527E-02  4.54334280E-04
3.19368742E-01  2.62991488E-02  4.52761160E-04
3.19667357E-01  2.58596595E-02  4.49342653E-04
3.19965972E-01  2.62513999E-02  4.53758315E-04
3.20264587E-01  2.54545640E-02  4.48856619E-04
3.20563202E-01  2.69756634E-02  4.61679272E-04
3.20861817E-01  2.54417341E-02  4.49259474E-04
3.21160432E-01  2.59685591E-02  4.52466105E-04
3.21459047E-01  2.59191561E-02  4.56340145E-04
3.21757662E-01  2.52993684E-02  4.48004546E-04
3.22056277E-01  2.60788612E-02  4.54595021E-04
3.22354892E-01  2.53328085E-02  4.51939442E-04
3.22653507E-01  2.54522748E-02  4.51562635E-04
3.22952122E-01  2.61217058E-02  4.61482559E-04
3.23250737E-01  2.65504420E-02  4.56478941E-04
3.23549352E-01  2.56446041E-02  4.54189227E-04
3.23847967E-01  2.61936653E-02  4.61173244E-04
3.24146582E-01  2.60331873E-02  4.58418857E-04
3.24445197E-01  2.57485081E-02  4.56172565E-04
3.24743812E-01  2.63192840E-02  4.60397598E-04
3.25042427E-01  2.57219188E-02  4.59980511E-04
3.25341042E-01  2.57029664E-02  4.54581692E-04
3.25639657E-01  2.50384081E-02  4.51160799E-04
3.25938272E-01  2.47546230E-02  4.49786778E-04
3.26236887E-01  2.55413502E-02  4.53285669E-04
3.26535502E-01  2.59392373E-02  4.63718490E-04
3.26834117E-01  2.48603988E-02  4.48901643E-04
3.27132732E-01  2.54049152E-02  4.56065114E-04
3.27431347E-01  2.49712002E-02  4.52825858E-04
3.27729962E-01  2.51110569E-02  4.51956555E-04
3.28028577E-01  2.52693668E-02  4.60739480E-04
3.28327192E-01  2.43352950E-02  4.41439566E-04
3.28625807E-01  2.50249095E-02  4.55073576E-04
3.28924422E-01  2.57473793E-02  4.61321819E-04
3.29223037E-01  2.44359337E-02  4.47556580E-04
3.29521652E-01  2.48833671E-02  4.52574517E-04
3.29820267E-01  2.55819783E-02  4.57258691E-04
3.30118882E-01  2.52753496E-02  4.59551811E-04
3.30417497E-01  2.48554163E-02  4.53267246E-04
3.30716112E-01  2.51589268E-02  4.53332381E-04
3.31014727E-01  2.56992076E-02  4.58987604E-04
3.31313342E-01  2.49566250E-02  4.50712658E-04
3.31611957E-01  2.48637404E-02  4.54706198E-04
3.31910572E-01  2.53225658E-02  4.55615780E-04
3.32209187E-01  2.43525077E-02  4.44836391E-04
3.32507802E-01  2.53562294E-02  4.59053786E-04
3.32806417E-01  2.45446097E-02  4.45676676E-04
3.33105032E-01  2.48075649E-02  4.52169101E-04
3.33403647E-01  2.41945498E-02  4.43656725E-04
3.33702262E-01  2.53552739E-02  4.54442314E-04
3.34000877E-01  2.48538088E-02  4.49663203E-04
3.34299492E-01  2.49417443E-02  4.51920321E-04
3.34598107E-01  2.49123406E-02  4.52055887E-04
3.34896722E-01  2.48295963E-02  4.46963124E-04
3.35195337E-01  2.48664021E-02  4.48207022E-04
3.35493952E-01  2.44976878E-02  4.47488332E-04
3.35792567E-01  2.42770165E-02  4.43902012E-04
3.36091182E-01  2.45682336E-02  4.47212893E-04
3.36389797E-01  2.44862325E-02  4.43739729E-04
3.36688412E-01  2.43874714E-02  4.45698184E-04
3.36987027E-01  2.46133823E-02  4.45022102E-04
3.37285642E-01  2.46285815E-02  4.46980441E-04
3.37584257E-01  2.42779218E-02  4.44438949E-04
3.37882872E-01  2.36411430E-02  4.36528353E-04
3.38181487E-01  2.42761523E-02  4.44034667E-04
3.38480102E-01  2.53478009E-02  4.46973980E-04
3.38778717E-01  2.41812486E-02  4.42520948E-04
3.39077332E-01  2.43467186E-02  4.42229270E-04
3.39375947E-01  2.47181095E-02  4.45461745E-04
3.39674562E-01  2.47769915E-02  4.48861480E-04
3.39973177E-01  2.47665048E-02  4.44103847E-04
3.40271792E-01  2.46606469E-02  4.46241465E-04
3.40570407E-01  2.48243678E-02  4.46941442E-04
3.40869022E-01  2.40623988E-02  4.37498151E-04
3.41167637E-01  2.53120624E-02  4.50138963E-04
3.41466252E-01  2.47242562E-02  4.42210207E-04
3.41764867E-01  2.44237334E-02  4.44877485E-04
3.42063482E-01  2.47544590E-02  4.44388221E-04
3.42362097E-01  2.46999823E-02  4.41493670E-04
3.42660712E-01  2.47725230E-02  4.46225022E-04
3.42959327E-01  2.50693485E-02  4.44279722E-04
3.43257942E-01  2.43226998E-02  4.42157849E-04
3.43556557E-01  2.44684760E-02  4.40177362E-04
3.43855172E-01  2.45776866E-02  4.41285927E-04
3.44153787E-01  2.49692295E-02  4.44534497E-04
3.44452402E-01  2.43360810E-02  4.38363466E-04
3.44751017E-01  2.48538069E-02  4.43888741E-04
3.45049632E-01  2.51576900E-02  4.42317018E-04
3.45348247E-01  2.46162713E-02  4.41765180E-04
3.45646862E-01  2.46586371E-02  4.40262607E-04
3.45945477E-01  2.46159509E-02  4.40132280E-04
3.46244092E-01  2.48346962E-02  4.36908391E-04
3.46542707E-01  2.51995865E-02  4.40474134E-04
3.46841322E-01  2.50845160E-02  4.42675606E-04
3.47139937E-01  2.45825574E-02  4.36751579E-04
3.47438552E-01  2.47977730E-02  4.35383787E-04
3.47737167E-01  2.44472660E-02  4.35794704E-04
3.48035782E-01  2.51616128E-02  4.38206684E-04
3.48334397E-01  2.43619010E-02  4.34549205E-04
3.48633012E-01  2.45233346E-02  4.29903273E-04
3.48931627E-01  2.52238568E-02  4.39357362E-04
3.49230242E-01  2.54101623E-02  4.42200195E-04
3.49528857E-01  2.49272510E-02  4.36648756E-04
3.49827472E-01  2.59003807E-02  4.45829966E-04
3.50126087E-01  2.55439151E-02  4.38526185E-04
3.50424702E-01  2.50379853E-02  4.37984127E-04
3.50723317E-01  2.49235313E-02  4.35183727E-04
3.51021932E-01  2.49570869E-02  4.37037292E-04
3.51320547E-01  2.50012185E-02  4.35149414E-04
3.51619162E-01  2.53676921E-02  4.37373994E-04
3.51917777E-01  2.55600680E-02  4.40953067E-04
3.52216392E-01  2.46440191E-02  4.32151748E-04
3.52515007E-01  2.46501062E-02  4.30212822E-04
3.52813622E-01  2.51308028E-02  4.34388698E-04
3.53112237E-01  2.50118859E-02  4.38131276E-04
3.53410852E-01  2.48680692E-02  4.36147704E-04
3.53709467E-01  2.55357753E-02  4.33557696E-04
3.54008082E-01  2.50294209E-02  4.33869514E-04
3.54306697E-01  2.57946048E-02  4.40692005E-04
3.54605312E-01  2.57821269E-02  4.42876830E-04
3.54903927E-01  2.55484562E-02  4.42202814E-04
3.55202542E-01  2.59040948E-02  4.35871101E-04
3.55501157E-01  2.54313573E-02  4.38536867E-04
3.55799772E-01  2.47558802E-02  4.30683605E-04
3.56098387E-01  2.49673445E-02  4.33575857E-04
3.56397002E-01  2.57162061E-02  4.39673575E-04
3.56695617E-01  2.53191013E-02  4.31498978E-04
3.56994232E-01  2.64195986E-02  4.48822480E-04
3.57292847E-01  2.55687516E-02  4.34430782E-04
3.57591462E-01  2.66031586E-02  4.45869955E-04
3.57890077E-01  2.51260865E-02  4.32501838E-04
3.58188692E-01  2.51028053E-02  4.30572894E-04
3.58487307E-01  2.52888203E-02  4.38037096E-04
3.58785922E-01  2.61652712E-02  4.37732437E-04
3.59084537E-01  2.54543871E-02  4.36026457E-04
3.59383152E-01  2.58274823E-02  4.37565439E-04
3.59681767E-01  2.56092455E-02  4.36063972E-04
3.59980382E-01  2.57049222E-02  4.41030395E-04
3.60278997E-01  2.50129756E-02  4.25972656E-04
3.60577612E-01  2.52073463E-02  4.34029207E-04
3.60876227E-01  2.54626106E-02  4.34702932E-04
3.61174842E-01  2.59669963E-02  4.36312286E-04
3.61473457E-01  2.55346224E-02  4.32665925E-04
3.61772072E-01  2.60528196E-02  4.38311545E-04
3.62070687E-01  2.49570534E-02  4.31643421E-04
3.62369302E-01  2.54165381E-02  4.32469242E-04
3.62667917E-01  2.52487753E-02  4.30926710E-04
3.62966532E-01  2.59662960E-02  4.35624592E-04
3.63265147E-01  2.61888709E-02  4.39111522E-04
3.63563762E-01  2.58272495E-02  4.36186499E-04
3.63862377E-01  2.58781128E-02  4.35003079E-04
3.64160992E-01  2.56995521E-02  4.33844281E-04
3.64459607E-01  2.59248409E-02  4.35973372E-04
3.64758222E-01  2.49425545E-02  4.27635532E-04
3.65056837E-01  2.50735525E-02  4.29439882E-04
3.65355452E-01  2.61758305E-02  4.34876885E-04
3.65654067E-01  2.58702263E-02  4.35980648E-04
3.65952682E-01  2.55140495E-02  4.29795095E-04
3.66251297E-01  2.61855964E-02  4.39799100E-04
3.66549912E-01  2.55265441E-02  4.30127635E-04
3.66848527E-01  2.68551037E-02  4.38893243E-04
3.67147142E-01  2.59875990E-02  4.38020885E-04
3.67445757E-01  2.66605448E-02  4.39009134E-04
3.67744372E-01  2.62916926E-02  4.37103474E-04
3.68042987E-01  2.61025392E-02  4.34619986E-04
3.68341602E-01  2.63835192E-02  4.37182491E-04
3.68640217E-01  2.63268892E-02  4.38781513E-04
3.68938832E-01  2.55287010E-02  4.26605606E-04
3.69237447E-01  2.63702665E-02  4.36962873E-04
3.69536062E-01  2.56361328E-02  4.28940257E-04
3.69834677E-01  2.55309939E-02  4.30630782E-04
3.70133292E-01  2.52114944E-02  4.29166772E-04
3.70431907E-01  2.55543031E-02  4.26497805E-04
3.70730522E-01  2.59910300E-02  4.33364447E-04
3.71029137E-01  2.57396232E-02  4.28815081E-04
3.71327752E-01  2.55635083E-02  4.29229782E-04
3.71626367E-01  2.61795390E-02  4.33921639E-04
3.71924982E-01  2.57943682E-02  4.30384622E-04
3.72223597E-01  2.58766711E-02  4.33207519E-04
3.72522212E-01  2.64073964E-02  4.32791858E-04
3.72820827E-01  2.61087622E-02  4.32333007E-04
3.73119442E-01  2.60221343E-02  4.31727996E-04
3.73418057E-01  2.53084768E-02  4.23695252E-04
3.73716672E-01  2.55247485E-02  4.30709246E-04
3.74015287E-01  2.48175766E-02  4.18181386E-04
3.74313902E-01  2.58635692E-02  4.28979198E-04
3.74612517E-01  2.64690816E-02  4.35090216E-04
3.74911132E-01  2.60596704E-02  4.31047607E-04
3.75209747E-01  2.60331612E-02  4.31495457E-04
3.75508362E-01  2.66276859E-02  4.33500943E-04
3.75806977E-01  2.55464930E-02  4.26130166E-04
3.76105592E-01  2.56117322E-02  4.26566083E-04
3.76404207E-01  2.57163886E-02  4.27657156E-04
3.76702822E-01  2.61501055E-02  4.29383188E-04
3.77001437E-01  2.66844928E-02  4.34080721E-04
3.77300052E-01  2.58545894E-02  4.30133892E-04
3.77598667E-01  2.60629654E-02  4.30866407E-04
3.77897282E-01  2.58282162E-02  4.25765553E-04
3.78195897E-01  2.67438646E-02  4.32592351E-04
3.78494512E-01  2.65758708E-02  4.33866458E-04
3.78793127E-01  2.56627016E-02  4.25589038E-04
3.79091742E-01  2.59033106E-02  4.26713639E-04
3.79390357E-01  2.57869717E-02  4.25432576E-04
3.79688972E-01  2.60661915E-02  4.27947612E-04
3.79987587E-01  2.59042941E-02  4.25863982E-04
3.80286202E-01  2.68520880E-02  4.34684247E-04
3.80584817E-01  2.63245124E-02  4.30394255E-04
3.80883432E-01  2.58894544E-02  4.25103324E-04
3.81182047E-01  2.68193409E-02  4.33983543E-04
3.81480662E-01  2.66925767E-02  4.33067762E-04
3.81779277E-01  2.68894434E-02  4.31184220E-04
3.82077892E-01  2.54000984E-02  4.22455749E-04
3.82376507E-01  2.58096326E-02  4.24882281E-04
3.82675122E-01  2.69751437E-02  4.35139547E-04
3.82973737E-01  2.57143155E-02  4.23141202E-04
3.83272352E-01  2.60500666E-02  4.23145015E-04
3.83570967E-01  2.66991872E-02  4.32039262E-04
3.83869582E-01  2.51629930E-02  4.18165349E-04
3.84168197E-01  2.65411977E-02  4.30328655E-04
3.84466812E-01  2.62188315E-02  4.25998762E-04
3.84765427E-01  2.62090228E-02  4.25390463E-04
3.85064042E-01  2.60797869E-02  4.27652441E-04
3.85362657E-01  2.55133528E-02  4.20232740E-04
3.85661272E-01  2.69096978E-02  4.28598374E-04
3.85959887E-01  2.70945001E-02  4.34472400E-04
3.86258502E-01  2.56905966E-02  4.19917778E-04
3.86557117E-01  2.58053150E-02  4.26373997E-04
3.86855732E-01  2.64149569E-02  4.25273960E-04
3.87154347E-01  2.57461313E-02  4.19649936E-04
3.87452962E-01  2.64550988E-02  4.29214851E-04
3.87751577E-01  2.62600388E-02  4.22779820E-04
3.88050192E-01  2.59401407E-02  4.25019825E-04
3.88348807E-01  2.65392438E-02  4.23882506E-04
3.88647422E-01  2.53772382E-02  4.17877396E-04
3.88946037E-01  2.50235628E-02  4.14136215E-04
3.89244652E-01  2.62721330E-02  4.25184437E-04
3.89543267E-01  2.58585010E-02  4.21930134E-04
3.89841882E-01  2.62475535E-02  4.21759702E-04
3.90140497E-01  2.61485074E-02  4.25136852E-04
3.90439112E-01  2.61085238E-02  4.23759251E-04
3.90737727E-01  2.60227658E-02  4.18526091E-04
3.91036342E-01  2.60893349E-02  4.24343074E-04
3.91334957E-01  2.63961107E-02  4.22135199E-04
3.91633572E-01  2.65494455E-02  4.27328428E-04
3.91932187E-01  2.59652846E-02  4.18577169E-04
3.92230802E-01  2.67694183E-02  4.26255981E-04
3.92529417E-01  2.68663969E-02  4.29876090E-04
3.92828032E-01  2.60290820E-02  4.18790180E-04
3.93126647E-01  2.61483677E-02  4.21802746E-04
3.93425262E-01  2.65582539E-02  4.23646125E-04
3.93723877E-01  2.63896510E-02  4.24371829E-04
3.94022492E-01  2.62146816E-02  4.22652549E-04
3.94321107E-01  2.59086974E-02  4.17827861E-04
3.94619722E-01  2.63050254E-02  4.21217526E-04
3.94918337E-01  2.59032249E-02  4.17685311E-04
3.95216952E-01  2.63674222E-02  4.22541809E-04
3.95515567E-01  2.69958451E-02  4.27966675E-04
3.95814182E-01  2.67502367E-02  4.22115001E-04
3.96112797E-01  2.61198375E-02  4.20250377E-04
3.96411412E-01  2.60792505E-02  4.19109419E-04
3.96710027E-01  2.59065442E-02  4.18228447E-04
3.97008642E-01  2.60115415E-02  4.17053030E-04
3.97307257E-01  2.68650409E-02  4.24455357E-04
3.97605872E-01  2.65233256E-02  4.22873796E-04
3.97904487E-01  2.58060768E-02  4.18134994E-04
3.98203102E-01  2.57820431E-02  4.13426518E-04
3.98501717E-01  2.67319456E-02  4.21984005E-04
3.98800332E-01  2.68222298E-02  4.23409190E-04
3.99098947E-01  2.66598780E-02  4.22534387E-04
3.99397562E-01  2.68215686E-02  4.25150443E-04
3.99696177E-01  2.62078699E-02  4.18536481E-04
3.99994792E-01  2.54594013E-02  4.11331624E-04
4.00293407E-01  2.47964729E-02  4.07211512E-04
4.00592022E-01  2.67219488E-02  4.21511213E-04
4.00890637E-01  2.57390644E-02  4.13589034E-04
4.01189252E-01  2.55905595E-02  4.12001391E-04
4.01487867E-01  2.59264745E-02  4.16492927E-04
4.01786482E-01  2.56851185E-02  4.13953181E-04
4.02085097E-01  2.56223287E-02  4.09917906E-04
4.02383712E-01  2.57288795E-02  4.16011317E-04
4.02682327E-01  2.65098251E-02  4.16664610E-04
4.02980942E-01  2.52534021E-02  4.10366833E-04
4.03279557E-01  2.60478370E-02  4.15081915E-04
4.03578172E-01  2.61844359E-02  4.13908827E-04
4.03876787E-01  2.55039427E-02  4.12105059E-04
4.04175402E-01  2.60228459E-02  4.13217233E-04
4.04474017E-01  2.58835461E-02  4.14468435E-04
4.04772632E-01  2.51414832E-02  4.06354346E-04
4.05071247E-01  2.54119374E-02  4.09019616E-04
4.05369862E-01  2.61130445E-02  4.18411655E-04
4.05668477E-01  2.61539537E-02  4.11071233E-04
4.05967092E-01  2.50463877E-02  4.05879051E-04
4.06265707E-01  2.51211245E-02  4.05813335E-04
4.06564322E-01  2.54872553E-02  4.08279768E-04
4.06862937E-01  2.59017572E-02  4.15720511E-04
4.07161552E-01  2.57374346E-02  4.08839842E-04
4.07460167E-01  2.54199822E-02  4.09096101E-04
4.07758782E-01  2.52471697E-02  4.04174643E-04
4.08057397E-01  2.51766760E-02  4.05600877E-04
4.08356012E-01  2.55917162E-02  4.10480134E-04
4.08654627E-01  2.49694884E-02  4.01950208E-04
4.08953242E-01  2.55650096E-02  4.10951412E-04
4.09251857E-01  2.54648775E-02  4.06774721E-04
4.09550472E-01  2.52742879E-02  4.05440864E-04
4.09849087E-01  2.53632702E-02  4.06345789E-04
4.10147702E-01  2.46426668E-02  3.98761185E-04
4.10446317E-01  2.49187127E-02  4.05249302E-04
4.10744932E-01  2.48964336E-02  4.02498874E-04
4.11043547E-01  2.48880684E-02  3.98988661E-04
4.11342162E-01  2.46574897E-02  4.00471821E-04
4.11640777E-01  2.47177668E-02  4.01715806E-04
4.11939392E-01  2.46009901E-02  4.01144556E-04
4.12238007E-01  2.45068837E-02  3.96201038E-04
4.12536622E-01  2.45771110E-02  3.98798351E-04
4.12835237E-01  2.45495625E-02  3.97098658E-04
4.13133852E-01  2.50939149E-02  4.03066340E-04
4.13432467E-01  2.47242805E-02  3.99715675E-04
4.13731082E-01  2.44617071E-02  3.96300165E-04
4.14029697E-01  2.44713910E-02  3.98132543E-04
4.14328312E-01  2.41326205E-02  3.94084054E-04
4.14626927E-01  2.41059586E-02  3.94967414E-04
4.14925542E-01  2.46278159E-02  3.95732874E-04
4.15224157E-01  2.40103342E-02  3.93453462E-04
4.15522772E-01  2.47097705E-02  3.99794721E-04
4.15821387E-01  2.40058117E-02  3.91335518E-04
4.16120002E-01  2.34734379E-02  3.87686334E-04
4.16418617E-01  2.41372343E-02  3.93949362E-04
4.16717232E-01  2.36063264E-02  3.88874672E-04
4.17015847E-01  2.38677282E-02  3.92383052E-04
4.17314462E-01  2.33528577E-02  3.83091217E-04
4.17613077E-01  2.35792901E-02  3.88745917E-04
4.17911692E-01  2.42814273E-02  3.93224705E-04
4.18210307E-01  2.36950219E-02  3.91239271E-04
4.18508922E-01  2.39226744E-02  3.89153807E-04
4.18807537E-01  2.33700927E-02  3.84722196E-04
4.19106152E-01  2.25674789E-02  3.80320736E-04
4.19404767E-01  2.39893775E-02  3.91849375E-04
4.19703382E-01  2.34575924E-02  3.84395767E-04
4.20001997E-01  2.33101491E-02  3.84936953E-04
4.20300612E-01  2.35573687E-02  3.85565159E-04
4.20599227E-01  2.26749238E-02  3.81320104E-04
4.20897842E-01  2.33206376E-02  3.84324900E-04
4.21196457E-01  2.36033481E-02  3.85595311E-04
4.21495072E-01  2.41581518E-02  3.91793874E-04
4.21793687E-01  2.37962455E-02  3.87610344E-04
4.22092302E-01  2.37269476E-02  3.89175606E-04
4.22390917E-01  2.38863472E-02  3.84863379E-04
4.22689532E-01  2.33289935E-02  3.85458407E-04
4.22988147E-01  2.31277812E-02  3.81353835E-04
4.23286762E-01  2.28730291E-02  3.81588325E-04
4.23585377E-01  2.31344383E-02  3.81152815E-04
4.23883992E-01  2.33973619E-02  3.82536615E-04
4.24182607E-01  2.29992066E-02  3.79440142E-04
4.24481222E-01  2.27549411E-02  3.79565463E-04
4.24779837E-01  2.30932944E-02  3.80733429E-04
4.25078452E-01  2.31416728E-02  3.79677920E-04
4.25377067E-01  2.33164746E-02  3.83787527E-04
4.25675682E-01  2.24615652E-02  3.73892341E-04
4.25974297E-01  2.25943029E-02  3.77886114E-04
4.26272912E-01  2.22934112E-02  3.71247617E-04
4.26571527E-01  2.25820038E-02  3.77786113E-04
4.26870142E-01  2.26699244E-02  3.75544041E-04
4.27168757E-01  2.23107729E-02  3.73144110E-04
4.27467372E-01  2.25521456E-02  3.73900897E-04
4.27765987E-01  2.26328280E-02  3.76847602E-04
4.28064602E-01  2.27763746E-02  3.76430427E-04
4.28363217E-01  2.31310427E-02  3.80374811E-04
4.28661832E-01  2.19922885E-02  3.70311929E-04
4.28960447E-01  2.25700308E-02  3.74557974E-04
4.29259062E-01  2.17410568E-02  3.67123983E-04
4.29557677E-01  2.26201024E-02  3.74976080E-04
4.29856292E-01  2.16221586E-02  3.65064188E-04
4.30154907E-01  2.21396796E-02  3.70230817E-04
4.30453522E-01  2.22614277E-02  3.72579438E-04
4.30752137E-01  2.27293018E-02  3.75549891E-04
4.31050752E-01  2.25297362E-02  3.72405048E-04
4.31349367E-01  2.25420967E-02  3.73170566E-04
4.31647982E-01  2.24420037E-02  3.72177135E-04
4.31946597E-01  2.20102463E-02  3.70561786E-04
4.32245212E-01  2.26080474E-02  3.72480252E-04
4.32543827E-01  2.27038581E-02  3.75180709E-04
4.32842442E-01  2.25777086E-02  3.76242882E-04
4.33141057E-01  2.23348122E-02  3.70145048E-04
4.33439672E-01  2.25625206E-02  3.74433323E-04
4.33738287E-01  2.12349091E-02  3.61317681E-04
4.34036902E-01  2.19751410E-02  3.69447545E-04
4.34335517E-01  2.20874343E-02  3.69978428E-04
4.34634132E-01  2.15655360E-02  3.65990971E-04
4.34932747E-01  2.22315546E-02  3.69705260E-04
4.35231362E-01  2.13747658E-02  3.62753432E-04
4.35529977E-01  2.28469614E-02  3.77133751E-04
4.35828592E-01  2.21364982E-02  3.70644324E-04
4.36127207E-01  2.20175255E-02  3.67520668E-04
4.36425822E-01  2.20033899E-02  3.68054665E-04
4.36724437E-01  2.23139953E-02  3.70973634E-04
4.37023052E-01  2.14635972E-02  3.63998988E-04
4.37321667E-01  2.17618104E-02  3.64421780E-04
4.37620282E-01  2.23544724E-02  3.72058130E-04
4.37918897E-01  2.15313900E-02  3.64415755E-04
4.38217512E-01  2.15525758E-02  3.65245447E-04
4.38516127E-01  2.22226121E-02  3.68589448E-04
4.38814742E-01  2.26175077E-02  3.69984220E-04
4.39113357E-01  2.20059548E-02  3.68252164E-04
4.39411972E-01  2.21159216E-02  3.69008951E-04
4.39710587E-01  2.17945091E-02  3.64867068E-04
4.40009202E-01  2.20756996E-02  3.68594425E-04
4.40307817E-01  2.14315765E-02  3.60003934E-04
4.40606432E-01  2.20760442E-02  3.68600187E-04
4.40905047E-01  2.17295494E-02  3.64649284E-04
4.41203662E-01  2.18882039E-02  3.63744039E-04
4.41502277E-01  2.18871590E-02  3.65650340E-04
4.41800892E-01  2.23743729E-02  3.69131682E-04
4.42099507E-01  2.19344571E-02  3.65726708E-04
4.42398122E-01  2.20684484E-02  3.65881482E-04
4.42696737E-01  2.23695599E-02  3.68451030E-04
4.42995352E-01  2.09196024E-02  3.57091718E-04
4.43293967E-01  2.22903416E-02  3.69661982E-04
4.43592582E-01  2.20488906E-02  3.67736997E-04
4.43891197E-01  2.25134976E-02  3.68036679E-04
4.44189812E-01  2.16797702E-02  3.64327308E-04
4.44488427E-01  2.18356699E-02  3.63877305E-04
4.44787042E-01  2.18768287E-02  3.65579821E-04
4.45085657E-01  2.20543146E-02  3.65697430E-04
4.45384272E-01  2.20551435E-02  3.66265478E-04
4.45682887E-01  2.20169462E-02  3.68539302E-04
4.45981502E-01  2.14804057E-02  3.60519130E-04
4.46280117E-01  2.17082016E-02  3.63218656E-04
4.46578732E-01  2.13900227E-02  3.60785081E-04
4.46877347E-01  2.17497386E-02  3.64526466E-04
4.47175962E-01  2.19083317E-02  3.69527406E-04
4.47474577E-01  2.12045386E-02  3.57504003E-04
4.47773192E-01  2.13452745E-02  3.60492122E-04
4.48071807E-01  2.22465061E-02  3.68025212E-04
4.48370422E-01  2.20556818E-02  3.67492641E-04
4.48669037E-01  2.17754170E-02  3.64190375E-04
4.48967652E-01  2.11323630E-02  3.58381629E-04
4.49266267E-01  2.14444008E-02  3.62528313E-04
4.49564882E-01  2.08378118E-02  3.57523269E-04
4.49863497E-01  2.18022689E-02  3.64181353E-04
4.50162112E-01  2.21889783E-02  3.68691486E-04
4.50460727E-01  2.14083083E-02  3.62228864E-04
4.50759342E-01  2.19084565E-02  3.66517954E-04
4.51057957E-01  2.18385682E-02  3.65451066E-04
4.51356572E-01  2.11136397E-02  3.56987643E-04
4.51655187E-01  2.12600920E-02  3.61536921E-04
4.51953802E-01  2.16508061E-02  3.63481464E-04
4.52252417E-01  2.12655570E-02  3.63846193E-04
4.52551032E-01  2.17179060E-02  3.63330153E-04
4.52849647E-01  2.13555805E-02  3.61078361E-04
4.53148262E-01  2.18075309E-02  3.64880601E-04
4.53446877E-01  2.14553345E-02  3.61526909E-04
4.53745492E-01  2.12623645E-02  3.60690057E-04
4.54044107E-01  2.12426651E-02  3.61240556E-04
4.54342722E-01  2.13549286E-02  3.61636427E-04
4.54641337E-01  2.10005473E-02  3.59417201E-04
4.54939952E-01  2.09569223E-02  3.57780897E-04
4.55238567E-01  2.18750220E-02  3.65294691E-04
4.55537182E-01  2.13729013E-02  3.63560423E-04
4.55835797E-01  2.20777355E-02  3.68525711E-04
4.56134412E-01  2.13249233E-02  3.61231883E-04
4.56433027E-01  2.15193126E-02  3.63275991E-04
4.56731642E-01  2.10739952E-02  3.58787540E-04
4.57030257E-01  2.18517203E-02  3.66802793E-04
4.57328872E-01  2.20278185E-02  3.67385510E-04
4.57627487E-01  2.21616477E-02  3.68339039E-04
4.57926102E-01  2.15290859E-02  3.63285712E-04
4.58224717E-01  2.16945689E-02  3.65973916E-04
4.58523332E-01  2.16861218E-02  3.64691601E-04
4.58821947E-01  2.21765358E-02  3.66616907E-04
4.59120562E-01  2.17665024E-02  3.66666063E-04
4.59419177E-01  2.13955976E-02  3.63368687E-04
4.59717792E-01  2.15158165E-02  3.64308740E-04
4.60016407E-01  2.14901809E-02  3.62887658E-04
4.60315022E-01  2.12715380E-02  3.60482751E-04
4.60613637E-01  2.15213317E-02  3.64037027E-04
4.60912252E-01  2.13087890E-02  3.63364641E-04
4.61210867E-01  2.12551299E-02  3.60983075E-04
4.61509482E-01  2.18365695E-02  3.69739806E-04
4.61808097E-01  2.17669308E-02  3.77486460E-04
4.62106712E-01  2.14183535E-02  3.76050069E-04
4.62405327E-01  2.10993737E-02  3.76654440E-04
4.62703942E-01  2.14645322E-02  3.79442907E-04
4.63002557E-01  2.12228522E-02  3.84222367E-04
4.63301172E-01  2.11905744E-02  3.85283172E-04
4.63599787E-01  2.07093190E-02  3.82915430E-04
4.63898402E-01  2.11868715E-02  3.89093970E-04
4.64197017E-01  2.17001271E-02  3.94287170E-04
4.64495632E-01  2.21697465E-02  4.03553509E-04
4.64794247E-01  2.08476316E-02  3.91958631E-04
4.65092862E-01  2.12747212E-02  3.93976341E-04
4.65391477E-01  2.18662769E-02  4.05417959E-04
4.65690092E-01  2.09681373E-02  3.96898948E-04
4.65988707E-01  2.11078376E-02  4.01708035E-04
4.66287322E-01  2.11964846E-02  4.02884703E-04
4.66585937E-01  2.14890409E-02  4.06104693E-04
4.66884552E-01  2.09700111E-02  4.06133273E-04
4.67183167E-01  2.11258195E-02  4.09381290E-04
4.67481782E-01  2.13903505E-02  4.06863634E-04
4.67780397E-01  2.22813524E-02  4.21153207E-04
4.68079012E-01  2.17302740E-02  4.17350006E-04
4.68377627E-01  2.18297970E-02  4.20738390E-04
4.68676242E-01  2.12805085E-02  4.16385330E-04
4.68974857E-01  2.10199729E-02  4.13830305E-04
4.69273472E-01  2.13054828E-02  4.20594006E-04
4.69572087E-01  2.12122314E-02  4.18427109E-04
4.69870702E-01  2.10655350E-02  4.18722600E-04
4.70169317E-01  2.14251727E-02  4.24448110E-04
4.70467932E-01  2.10604127E-02  4.21714620E-04
4.70766547E-01  2.05991548E-02  4.21445409E-04
4.71065162E-01  2.15344578E-02  4.30775312E-04
4.71363777E-01  2.17126310E-02  4.29637323E-04
4.71662392E-01  2.21804436E-02  4.39238240E-04
4.71961007E-01  2.13486310E-02  4.32278990E-04
4.72259622E-01  2.11294610E-02  4.33202746E-04
4.72558237E-01  2.18554158E-02  4.38073155E-04
4.72856852E-01  2.05862094E-02  4.18993935E-04
4.73155467E-01  2.12498996E-02  4.22470708E-04
4.73454082E-01  2.23809220E-02  4.28426400E-04
4.73752697E-01  2.18460448E-02  4.16815135E-04
4.74051312E-01  2.12024413E-02  4.10866080E-04
4.74349927E-01  2.16745753E-02  4.12942696E-04
4.74648542E-01  2.09470671E-02  4.06069885E-04
4.74947157E-01  2.11270358E-02  4.03832411E-04
4.75245772E-01  2.18110643E-02  4.09638073E-04
4.75544387E-01  2.06618458E-02  3.97932308E-04
4.75843002E-01  2.06688195E-02  3.98881151E-04
4.76141617E-01  2.18750834E-02  4.06771578E-04
4.76440232E-01  2.17812154E-02  4.06009989E-04
4.76738847E-01  2.13388372E-02  4.00345685E-04
4.77037462E-01  2.12568175E-02  3.99793149E-04
4.77336077E-01  2.28597056E-02  4.15493676E-04
4.77634692E-01  2.05879547E-02  3.90824425E-04
4.77933307E-01  2.11787838E-02  3.96923948E-04
4.78231922E-01  2.10539158E-02  3.93342198E-04
4.78530537E-01  2.05633081E-02  3.92483838E-04
4.78829152E-01  2.13611126E-02  3.94025265E-04
4.79127767E-01  2.11707503E-02  3.93606286E-04
4.79426382E-01  2.15628073E-02  3.99448239E-04
4.79724997E-01  2.21030992E-02  4.02607227E-04
4.80023612E-01  2.08237935E-02  3.89860244E-04
4.80322227E-01  2.13454869E-02  3.93068884E-04
4.80620842E-01  2.12663673E-02  3.94295144E-04
4.80919457E-01  2.11114902E-02  3.91625596E-04
4.81218072E-01  2.17491370E-02  3.97083117E-04
4.81516687E-01  2.20326856E-02  4.00395773E-04
4.81815302E-01  2.17390712E-02  3.93826369E-04
4.82113917E-01  2.19376255E-02  4.00057936E-04
4.82412532E-01  2.12426968E-02  3.90712608E-04
4.82711147E-01  2.08119918E-02  3.85738123E-04
4.83009762E-01  2.17501577E-02  3.95457435E-04
4.83308377E-01  2.14796383E-02  3.93807044E-04
4.83606992E-01  2.09696125E-02  3.86803702E-04
4.83905607E-01  2.20257509E-02  3.97651893E-04
4.84204222E-01  2.17338912E-02  3.93087976E-04
4.84502837E-01  2.14895979E-02  3.93395050E-04
4.84801452E-01  2.06741188E-02  3.84173793E-04
4.85100067E-01  2.07896009E-02  3.82702739E-04
4.85398682E-01  2.12305784E-02  3.88914108E-04
4.85697297E-01  2.14083213E-02  3.90340574E-04
4.85995912E-01  2.18445715E-02  3.95413284E-04
4.86294527E-01  2.12130267E-02  3.86587024E-04
4.86593142E-01  2.11050734E-02  3.86485364E-04
4.86891757E-01  2.14828532E-02  3.90726520E-04
4.87190372E-01  2.14558039E-02  3.90881585E-04
4.87488987E-01  2.15185210E-02  3.87799781E-04
4.87787602E-01  2.12731492E-02  3.88522312E-04
4.88086217E-01  2.20741630E-02  3.93867609E-04
4.88384832E-01  2.21469104E-02  3.95417504E-04
4.88683447E-01  2.17704177E-02  3.93042108E-04
4.88982062E-01  2.08764598E-02  3.82363010E-04
4.89280677E-01  2.19370089E-02  3.94445931E-04
4.89579292E-01  2.17417218E-02  3.90997709E-04
4.89877907E-01  2.18203831E-02  3.91212176E-04
4.90176522E-01  2.16622911E-02  3.88815446E-04
4.90475137E-01  2.21095849E-02  3.93998227E-04
4.90773752E-01  2.15435568E-02  3.88629851E-04
4.91072367E-01  2.14537736E-02  3.88212211E-04
4.91370982E-01  2.03783978E-02  3.77313030E-04
4.91669597E-01  2.14950442E-02  3.88197077E-04
4.91968212E-01  2.12724861E-02  3.86964413E-04
4.92266827E-01  2.12049633E-02  3.85863823E-04
4.92565442E-01  2.08056904E-02  3.80111684E-04
4.92864057E-01  2.15148926E-02  3.87797394E-04
4.93162672E-01  2.13945806E-02  3.87394888E-04
4.93461287E-01  2.11843271E-02  3.85488296E-04
4.93759902E-01  2.12969705E-02  3.83433682E-04
4.94058517E-01  2.13464648E-02  3.85702500E-04
4.94357132E-01  2.11990047E-02  3.83602106E-04
4.94655747E-01  2.14898027E-02  3.89246707E-04
4.94954362E-01  2.12341659E-02  3.82117170E-04
4.95252977E-01  2.13885177E-02  3.85895808E-04
4.95551592E-01  2.11186185E-02  3.84611136E-04
4.95850207E-01  2.22913027E-02  3.94551753E-04
4.96148822E-01  2.14078743E-02  3.84063402E-04
4.96447437E-01  2.24840119E-02  3.95859999E-04
4.96746052E-01  2.12458000E-02  3.84134502E-04
4.97044667E-01  2.17363555E-02  3.91090958E-04
4.97343282E-01  2.15200949E-02  3.84409999E-04
4.97641897E-01  2.08885185E-02  3.78169527E-04
4.97940512E-01  2.16051247E-02  3.88541172E-04
4.98239127E-01  2.17043236E-02  3.88072513E-04
4.98537742E-01  2.13594921E-02  3.85749037E-04
4.98836357E-01  2.20658761E-02  3.89647321E-04
4.99134972E-01  2.11636648E-02  3.83213628E-04
4.99433587E-01  2.07048357E-02  3.80177313E-04
4.99732202E-01  2.17801426E-02  3.87696782E-04
5.00030817E-01  2.20500343E-02  3.89610621E-04
5.00329432E-01  2.14195475E-02  3.84954881E-04
5.00628047E-01  2.06932928E-02  3.78374098E-04
5.00926662E-01  2.13209670E-02  3.86188563E-04
5.01225277E-01  2.17995998E-02  3.85969644E-04
5.01523892E-01  2.13460326E-02  3.82216560E-04
5.01822507E-01  2.17340309E-02  3.87490378E-04
5.02121122E-01  2.13529076E-02  3.84940213E-04
5.02419737E-01  2.17490960E-02  3.87820590E-04
5.02718352E-01  2.07259469E-02  3.78402299E-04
5.03016967E-01  2.10403986E-02  3.81169142E-04
5.03315582E-01  2.15101242E-02  3.86457919E-04
5.03614197E-01  2.15687882E-02  3.83934588E-04
5.03912812E-01  2.22204700E-02  3.91523528E-04
5.04211427E-01  2.11467426E-02  3.81099730E-04
5.04510042E-01  2.13405509E-02  3.84842511E-04
5.04808657E-01  2.17289217E-02  3.85080610E-04
5.05107272E-01  2.10865010E-02  3.81503836E-04
5.05405887E-01  2.15028170E-02  3.83734237E-04
5.05704502E-01  2.17733849E-02  3.89120774E-04
5.06003117E-01  2.14199740E-02  3.83848324E-04
5.06301732E-01  2.11928654E-02  3.81621183E-04
5.06600347E-01  2.11669076E-02  3.79985082E-04
5.06898962E-01  2.12780442E-02  3.83528270E-04
5.07197577E-01  2.05612946E-02  3.77860299E-04
5.07496192E-01  2.15690024E-02  3.82366619E-04
5.07794807E-01  2.13611946E-02  3.85528372E-04
5.08093422E-01  2.11352222E-02  3.80830257E-04
5.08392037E-01  2.19768994E-02  3.89108813E-04
5.08690652E-01  2.20880117E-02  3.87986947E-04
5.08989267E-01  2.18220204E-02  3.86973668E-04
5.09287882E-01  2.12966539E-02  3.83614533E-04
5.09586497E-01  2.14924198E-02  3.83854436E-04
5.09885112E-01  2.09269598E-02  3.78493482E-04
5.10183727E-01  2.14522313E-02  3.83687817E-04
5.10482342E-01  2.09306944E-02  3.78251862E-04
5.10780957E-01  2.17769202E-02  3.86965665E-04
5.11079572E-01  2.22873036E-02  3.90704809E-04
5.11378187E-01  2.14555990E-02  3.83441511E-04
5.11676802E-01  2.13669408E-02  3.85506515E-04
5.11975417E-01  2.10541952E-02  3.78817203E-04
5.12274032E-01  2.12873034E-02  3.81470833E-04
5.12572647E-01  2.05932036E-02  3.75478441E-04
5.12871262E-01  2.20658518E-02  3.88197048E-04
5.13169877E-01  2.18509603E-02  3.89080698E-04
5.13468492E-01  2.14971416E-02  3.81392456E-04
5.13767107E-01  2.12939139E-02  3.80978076E-04
5.14065722E-01  2.09402684E-02  3.80041805E-04
5.14364337E-01  2.13836227E-02  3.83381615E-04
5.14662952E-01  2.15013865E-02  3.83586535E-04
5.14961567E-01  2.09265258E-02  3.77314922E-04
5.15260182E-01  2.13539656E-02  3.83404869E-04
5.15558797E-01  2.13099457E-02  3.81692778E-04
5.15857412E-01  2.16747504E-02  3.84664629E-04
5.16156027E-01  2.04407386E-02  3.74382536E-04
5.16454642E-01  2.13465076E-02  3.82777682E-04
5.16753257E-01  2.12351792E-02  3.80842655E-04
5.17051872E-01  2.12449860E-02  3.82435770E-04
5.17350487E-01  2.11249050E-02  3.78743105E-04
5.17649102E-01  2.09864061E-02  3.78517667E-04
5.17947717E-01  2.17359271E-02  3.84842337E-04
5.18246332E-01  2.15974804E-02  3.83898354E-04
5.18544947E-01  2.10287571E-02  3.80023994E-04
5.18843562E-01  2.16447245E-02  3.85836815E-04
5.19142177E-01  2.14945320E-02  3.82612809E-04
5.19440792E-01  2.09600534E-02  3.77735269E-04
5.19739407E-01  2.17993408E-02  3.85602616E-04
5.20038022E-01  2.11747866E-02  3.81915335E-04
5.20336637E-01  2.18367949E-02  3.85842810E-04
5.20635252E-01  2.16763970E-02  3.84330866E-04
5.20933867E-01  2.14286577E-02  3.82410799E-04
5.21232482E-01  2.12199092E-02  3.80080106E-04
5.21531097E-01  2.12638509E-02  3.81971651E-04
5.21829712E-01  2.07051057E-02  3.76643264E-04
5.22128327E-01  2.15119515E-02  3.83348233E-04
5.22426942E-01  2.16181204E-02  3.82516766E-04
5.22725557E-01  2.08872594E-02  3.78022873E-04
5.23024172E-01  2.11737026E-02  3.79862293E-04
5.23322787E-01  2.13565286E-02  3.82343191E-04
5.23621402E-01  2.10514255E-02  3.78767378E-04
5.23920017E-01  2.15493478E-02  3.85301537E-04
5.24218632E-01  2.10948437E-02  3.77961260E-04
5.24517247E-01  2.18144096E-02  3.85387160E-04
5.24815862E-01  2.04631370E-02  3.74729949E-04
5.25114477E-01  2.15245262E-02  3.82541155E-04
5.25413092E-01  2.16439571E-02  3.84542247E-04
5.25711707E-01  2.11116746E-02  3.80159210E-04
5.26010322E-01  2.12246962E-02  3.79133358E-04
5.26308937E-01  2.06339043E-02  3.75099917E-04
5.26607552E-01  2.09988598E-02  3.78311786E-04
5.26906167E-01  2.12301370E-02  3.80019512E-04
5.27204782E-01  2.08040476E-02  3.78505763E-04
5.27503397E-01  2.06654724E-02  3.75301897E-04
5.27802012E-01  2.16918401E-02  3.84604675E-04
5.28100627E-01  2.11030822E-02  3.80189449E-04
5.28399242E-01  2.11801995E-02  3.77376418E-04
5.28697857E-01  2.16127168E-02  3.84472980E-04
5.28996472E-01  2.12185457E-02  3.80299753E-04
5.29295087E-01  2.09258366E-02  3.78969387E-04
5.29593702E-01  2.07494982E-02  3.74977331E-04
5.29892317E-01  2.10723374E-02  3.78714758E-04
5.30190932E-01  2.18431503E-02  3.87287466E-04
5.30489547E-01  2.07526870E-02  3.76018637E-04
5.30788162E-01  2.11945828E-02  3.79261590E-04
5.31086777E-01  2.08859146E-02  3.77504242E-04
5.31385392E-01  2.06294749E-02  3.73357383E-04
5.31684007E-01  2.11969186E-02  3.80401238E-04
5.31982622E-01  2.14255564E-02  3.82355443E-04
5.32281237E-01  2.12856885E-02  3.81013902E-04
5.32579852E-01  2.13727579E-02  3.82449944E-04
5.32878467E-01  2.19164677E-02  3.86527186E-04
5.33177082E-01  2.12431289E-02  3.81291960E-04
5.33475697E-01  2.13026293E-02  3.79136764E-04
5.33774312E-01  2.06667185E-02  3.74891999E-04
5.34072927E-01  2.17905194E-02  3.87513341E-04
5.34371542E-01  2.14018039E-02  3.80300015E-04
5.34670157E-01  2.16491483E-02  3.81753314E-04
5.34968772E-01  2.13378035E-02  3.82621627E-04
5.35267387E-01  2.13953853E-02  3.81452759E-04
5.35566002E-01  2.12248396E-02  3.81517166E-04
5.35864617E-01  2.18990557E-02  3.84608487E-04
5.36163232E-01  2.12106183E-02  3.80831130E-04
5.36461847E-01  2.08962951E-02  3.77630175E-04
5.36760462E-01  2.12703999E-02  3.80253216E-04
5.37059077E-01  2.16724519E-02  3.83178325E-04
5.37357692E-01  2.12812871E-02  3.82223196E-04
5.37656307E-01  2.09309217E-02  3.75930453E-04
5.37954922E-01  2.12704875E-02  3.83454375E-04
5.38253537E-01  2.08776407E-02  3.73112591E-04
5.38552152E-01  2.12272722E-02  3.79785750E-04
5.38850767E-01  2.05969904E-02  3.75298026E-04
5.39149382E-01  2.09459830E-02  3.78651806E-04
5.39447997E-01  2.15676334E-02  3.82823899E-04
5.39746612E-01  2.14439668E-02  3.82379687E-04
5.40045227E-01  2.15796642E-02  3.82375409E-04
5.40343842E-01  2.09467839E-02  3.78666271E-04
5.40642457E-01  2.15061307E-02  3.81912745E-04
5.40941072E-01  2.15931684E-02  3.82314727E-04
5.41239687E-01  2.09408458E-02  3.80302867E-04
5.41538302E-01  2.14410052E-02  3.82083963E-04
5.41836917E-01  2.08081752E-02  3.76037729E-04
5.42135532E-01  2.10510530E-02  3.75672156E-04
5.42434147E-01  2.13394891E-02  3.81183898E-04
5.42732762E-01  2.15545706E-02  3.84229759E-04
5.43031377E-01  2.13624761E-02  3.83743318E-04
5.43329992E-01  2.17029564E-02  3.81635589E-04
5.43628607E-01  2.10679378E-02  3.78758064E-04
5.43927222E-01  2.17272434E-02  3.85111343E-04
5.44225837E-01  2.10894793E-02  3.79697973E-04
5.44524452E-01  2.07569394E-02  3.73953371E-04
5.44823067E-01  2.08882671E-02  3.77423479E-04
5.45121682E-01  2.11164188E-02  3.79017612E-04
5.45420297E-01  2.11508740E-02  3.79513804E-04
5.45718912E-01  2.14241073E-02  3.80936981E-04
5.46017527E-01  2.14707963E-02  3.82190279E-04
5.46316142E-01  2.10284460E-02  3.77682038E-04
5.46614757E-01  2.19301879E-02  3.88160115E-04
5.46913372E-01  2.10885163E-02  3.76760901E-04
5.47211987E-01  2.17067357E-02  3.84385727E-04
5.47510602E-01  2.20819209E-02  3.88359564E-04
5.47809217E-01  2.16023512E-02  3.82717320E-04
5.48107832E-01  2.09828820E-02  3.79133038E-04
5.48406447E-01  2.17731204E-02  3.84417828E-04
5.48705062E-01  2.10869722E-02  3.77396413E-04
5.49003677E-01  2.06470322E-02  3.76647775E-04
5.49302292E-01  2.13383995E-02  3.78635741E-04
5.49600907E-01  2.19751745E-02  3.87622888E-04
5.49899522E-01  2.12043189E-02  3.79557372E-04
5.50198137E-01  2.09738836E-02  3.78599827E-04
5.50496752E-01  2.14895271E-02  3.81919119E-04
5.50795367E-01  2.17841510E-02  3.83597508E-04
5.51093982E-01  2.13958584E-02  3.81461199E-04
5.51392597E-01  2.07388308E-02  3.76572047E-04
5.51691212E-01  2.11952310E-02  3.79394711E-04
5.51989827E-01  2.14665476E-02  3.81631282E-04
5.52288442E-01  2.05440670E-02  3.71629139E-04
5.52587057E-01  2.16487274E-02  3.82878585E-04
5.52885672E-01  2.16496550E-02  3.83074745E-04
5.53184287E-01  2.15732493E-02  3.80829617E-04
5.53482902E-01  2.06584185E-02  3.73209507E-04
5.53781517E-01  2.06947476E-02  3.74354830E-04
5.54080132E-01  2.22065877E-02  3.87507636E-04
5.54378747E-01  2.14407835E-02  3.77668272E-04
5.54677362E-01  2.08751485E-02  3.74445895E-04
5.54975977E-01  2.14633960E-02  3.80973681E-04
5.55274592E-01  2.16113720E-02  3.81087186E-04
5.55573207E-01  2.09653713E-02  3.71257571E-04
5.55871822E-01  2.11097561E-02  3.75288277E-04
5.56170437E-01  2.14698240E-02  3.79477162E-04
5.56469052E-01  2.13066433E-02  3.78489582E-04
5.56767667E-01  2.15156544E-02  3.78341996E-04
5.57066282E-01  2.11773086E-02  3.75895645E-04
5.57364897E-01  2.12461911E-02  3.73834890E-04
5.57663512E-01  2.06511300E-02  3.70845431E-04
5.57962127E-01  2.10301783E-02  3.72990413E-04
5.58260742E-01  2.05709301E-02  3.66987137E-04
5.58559357E-01  2.11523399E-02  3.76223732E-04
5.58857972E-01  2.11652201E-02  3.75799515E-04
5.59156587E-01  2.03489326E-02  3.65006941E-04
5.59455202E-01  2.12003198E-02  3.74772237E-04
5.59753817E-01  2.12766342E-02  3.73677030E-04
5.60052432E-01  2.15897188E-02  3.77664313E-04
5.60351047E-01  2.10080594E-02  3.71489645E-04
5.60649662E-01  2.10368894E-02  3.70266789E-04
5.60948277E-01  2.11945362E-02  3.72350041E-04
5.61246892E-01  2.09462661E-02  3.70861089E-04
5.61545507E-01  2.16601081E-02  3.76597891E-04
5.61844122E-01  2.11436972E-02  3.69918766E-04
5.62142737E-01  2.14210879E-02  3.75577423E-04
5.62441352E-01  2.12195162E-02  3.71188449E-04
5.62739967E-01  2.10667998E-02  3.69422458E-04
5.63038582E-01  2.18467396E-02  3.77341552E-04
5.63337197E-01  2.13941522E-02  3.72198876E-04
5.63635812E-01  2.20823400E-02  3.81069985E-04
5.63934427E-01  2.16063578E-02  3.73524061E-04
5.64233042E-01  2.10699234E-02  3.68009030E-04
5.64531657E-01  2.11592019E-02  3.70587251E-04
5.64830272E-01  2.09905300E-02  3.68766021E-04
5.65128887E-01  2.18513142E-02  3.76690819E-04
5.65427502E-01  2.14969013E-02  3.71299073E-04
5.65726117E-01  2.12783106E-02  3.70688795E-04
5.66024732E-01  2.11553965E-02  3.69276677E-04
5.66323347E-01  2.13562325E-02  3.71370610E-04
5.66621962E-01  2.15012785E-02  3.69396352E-04
5.66920577E-01  2.09755916E-02  3.67879635E-04
5.67219192E-01  2.15812009E-02  3.73760005E-04
5.67517807E-01  2.13415232E-02  3.71508242E-04
5.67816422E-01  2.10350174E-02  3.64300737E-04
5.68115037E-01  2.11326908E-02  3.67650180E-04
5.68413652E-01  2.08993852E-02  3.66036751E-04
5.68712267E-01  2.10791007E-02  3.67609027E-04
5.69010882E-01  2.12378651E-02  3.67979403E-04
5.69309497E-01  2.05904655E-02  3.62577906E-04
5.69608112E-01  2.10027341E-02  3.66779539E-04
5.69906727E-01  2.09006015E-02  3.64884705E-04
5.70205342E-01  2.09452491E-02  3.63784144E-04
5.70503957E-01  2.17386577E-02  3.73584830E-04
5.70802572E-01  2.10225359E-02  3.66455439E-04
5.71101187E-01  2.14373413E-02  3.70990456E-04
5.71399802E-01  2.04726867E-02  3.60727689E-04
5.71698417E-01  2.16160044E-02  3.71257804E-04
5.71997032E-01  2.07152013E-02  3.65114131E-04
5.72295647E-01  2.13033780E-02  3.69836926E-04
5.72594262E-01  2.10457928E-02  3.66083026E-04
5.72892877E-01  2.10475046E-02  3.63536994E-04
5.73191492E-01  2.13866569E-02  3.70224181E-04
5.73490107E-01  2.19427049E-02  3.75872361E-04
5.73788722E-01  2.04255283E-02  3.60737729E-04
5.74087337E-01  2.10379586E-02  3.67114902E-04
5.74385952E-01  2.12866180E-02  3.70216061E-04
5.74684567E-01  2.10193302E-02  3.67293484E-04
5.74983182E-01  2.20543277E-02  3.74340249E-04
5.75281797E-01  2.13975422E-02  3.67722678E-04
5.75580412E-01  2.13995203E-02  3.70947440E-04
5.75879027E-01  2.12689489E-02  3.68628709E-04
5.76177642E-01  2.05427650E-02  3.62864841E-04
5.76476257E-01  2.11468041E-02  3.66566761E-04
5.76774872E-01  2.10978575E-02  3.67992121E-04
5.77073487E-01  2.11395063E-02  3.68103152E-04
5.77372102E-01  2.15235576E-02  3.72203882E-04
5.77670717E-01  2.10554712E-02  3.65698535E-04
5.77969332E-01  2.11876426E-02  3.68105189E-04
5.78267947E-01  2.16773227E-02  3.73192684E-04
5.78566562E-01  2.11369134E-02  3.67667992E-04
5.78865177E-01  2.18676683E-02  3.72353883E-04
5.79163792E-01  2.13141013E-02  3.69633373E-04
5.79462407E-01  2.13072207E-02  3.69236572E-04
5.79761022E-01  2.14683786E-02  3.72085138E-04
5.80059637E-01  2.14233920E-02  3.68058216E-04
5.80358252E-01  2.10937411E-02  3.67640780E-04
5.80656867E-01  2.19765920E-02  3.76121869E-04
5.80955482E-01  2.09211055E-02  3.66980472E-04


### HEADER:
#
#{
#    "analysis": {},
#    "calibration_params": {
#        "Beam_Center_X": 1061.0,
#        "Beam_Center_Y": 2093.0,
#        "Detector Tilt": 0.0,
#        "Detector Tilt Plane Rotation": 0.0,
#        "Detector_X_Pixel_Size": 75.0,
#        "Detector_Y_Pixel_Size": 75.0,
#        "Integration Method": "nosplit_csr",
#        "Radial_Average_Method": "pyFAI",
#        "Sample-to-detector distance (mm)": 1782.0,
#        "Wavelength (A)": 0.8823505857220345
#    },
#    "config_file": "/Users/jwinnikoff/Documents/MBARI/SAXS/HPSAXS_7A_Feb2023/HPSAXS_02_19_23.cfg",
#    "counters": {
#        "Epoch": "78.466",
#        "I1": "0",
#        "I2": "0",
#        "I3": "0",
#        "Seconds": "1",
#        "Time": "1.81198e-05",
#        "date": "Sun Feb 19 20:22:30 2023",
#        "diode": "56177"
#    },
#    "filename": "JWL0322_35C_090MPa_up_1_data_000001_00001.h5",
#    "history": {},
#    "imageHeader": {},
#    "load_path": "/Users/jwinnikoff/Documents/MBARI/SAXS/HPSAXS_7A_Feb2023/JWL0322_DOPE_TS+/JWL0322_35C_090MPa_up_1_data_000001.h5",
#    "normalizations": {
#        "Absolute_scale": {
#            "Absolute_scale_factor": 0.005174693841759343,
#            "Method": "Water"
#        },
#        "Counter_norms": [
#            [
#                "/",
#                "diode/150000"
#            ]
#        ],
#        "Polarization": {
#            "Used": false
#        },
#        "Solid_Angle_Correction": "On"
#    },
#    "raw_version": "2.1.4"
#}

