### DATA:
#
# 1908
#      Q             I(Q)           Error     
1.14966775E-02  0.00000000E+00  0.00000000E+00
1.17952925E-02  3.67288560E-01  2.14572269E-02
1.20939075E-02  3.75436634E-01  1.53399250E-02
1.23925225E-02  3.63528043E-01  1.23247551E-02
1.26911375E-02  3.47674459E-01  1.13218380E-02
1.29897525E-02  3.08511496E-01  1.03646461E-02
1.32883675E-02  2.76101500E-01  9.42046195E-03
1.35869825E-02  3.05515438E-01  9.43740364E-03
1.38855975E-02  2.67082155E-01  8.26598518E-03
1.41842125E-02  2.73113161E-01  8.53478629E-03
1.44828275E-02  2.30600432E-01  7.76032265E-03
1.47814425E-02  2.15806797E-01  7.28312647E-03
1.50800575E-02  1.92134678E-01  6.61746971E-03
1.53786725E-02  2.04004839E-01  6.42236369E-03
1.56772875E-02  1.83922276E-01  6.14784332E-03
1.59759025E-02  1.91434801E-01  5.85506950E-03
1.62745175E-02  1.82983354E-01  5.64430188E-03
1.65731325E-02  1.73347995E-01  5.57161542E-03
1.68717475E-02  1.63263544E-01  4.96565318E-03
1.71703625E-02  1.56443074E-01  5.11350157E-03
1.74689775E-02  1.64101169E-01  4.83487733E-03
1.77675925E-02  1.48635328E-01  4.52492433E-03
1.80662075E-02  1.43859953E-01  4.63341689E-03
1.83648225E-02  1.40180841E-01  4.11053933E-03
1.86634375E-02  1.25619128E-01  4.07133950E-03
1.89620525E-02  1.25472426E-01  3.83401266E-03
1.92606675E-02  1.20051816E-01  3.80398729E-03
1.95592825E-02  1.23020299E-01  3.88829969E-03
1.98578975E-02  1.17876202E-01  3.52379889E-03
2.01565125E-02  1.13271624E-01  3.57660255E-03
2.04551275E-02  1.10034257E-01  3.30864638E-03
2.07537425E-02  1.07406899E-01  3.19374958E-03
2.10523575E-02  1.06298141E-01  3.00057023E-03
2.13509725E-02  1.07746139E-01  2.83542485E-03
2.16495875E-02  1.00062013E-01  2.72435229E-03
2.19482025E-02  9.83756036E-02  2.50197318E-03
2.22468175E-02  9.35989767E-02  2.55312142E-03
2.25454325E-02  9.33725089E-02  2.33870186E-03
2.28440475E-02  9.01456177E-02  2.35358323E-03
2.31426625E-02  8.54595378E-02  2.21172255E-03
2.34412775E-02  8.13491493E-02  2.07431568E-03
2.37398925E-02  7.72079155E-02  2.09745276E-03
2.40385075E-02  8.09528381E-02  2.01878021E-03
2.43371225E-02  7.90901482E-02  1.99541985E-03
2.46357375E-02  8.02067071E-02  2.06405949E-03
2.49343525E-02  7.24280477E-02  1.86511711E-03
2.52329675E-02  7.90749639E-02  2.04511802E-03
2.55315825E-02  7.45173842E-02  1.86003058E-03
2.58301975E-02  7.19273463E-02  1.83765788E-03
2.61288125E-02  6.68400675E-02  1.83071941E-03
2.64274275E-02  6.67688400E-02  1.71371247E-03
2.67260425E-02  6.65804371E-02  1.80210604E-03
2.70246575E-02  6.55020550E-02  1.67404569E-03
2.73232725E-02  6.65985942E-02  1.74236833E-03
2.76218875E-02  6.51667342E-02  1.74916687E-03
2.79205025E-02  6.23301975E-02  1.64712663E-03
2.82191175E-02  6.16842322E-02  1.63290976E-03
2.85177325E-02  5.97116910E-02  1.57958595E-03
2.88163475E-02  5.76997884E-02  1.60153664E-03
2.91149625E-02  5.93245029E-02  1.57708779E-03
2.94135775E-02  5.67794107E-02  1.52513839E-03
2.97121925E-02  6.04713149E-02  1.58696040E-03
3.00108075E-02  5.60214631E-02  1.47680810E-03
3.03094225E-02  5.51147349E-02  1.53037452E-03
3.06080375E-02  5.53960353E-02  1.48476951E-03
3.09066525E-02  5.28513305E-02  1.42998202E-03
3.12052675E-02  5.25679663E-02  1.46989361E-03
3.15038825E-02  5.48863038E-02  1.43742515E-03
3.18024975E-02  5.21612130E-02  1.42281374E-03
3.21011125E-02  5.10514900E-02  1.36197859E-03
3.23997275E-02  5.10729812E-02  1.32623548E-03
3.26983425E-02  4.91977222E-02  1.31252268E-03
3.29969575E-02  5.21126539E-02  1.27636641E-03
3.32955725E-02  4.88614999E-02  1.23591139E-03
3.35941875E-02  5.19340783E-02  1.21501926E-03
3.38928025E-02  4.89379093E-02  1.21437386E-03
3.41914175E-02  4.86117788E-02  1.17418391E-03
3.44900325E-02  4.88002114E-02  1.16855314E-03
3.47886474E-02  4.82521839E-02  1.14176376E-03
3.50872624E-02  4.84268703E-02  1.12226803E-03
3.53858774E-02  4.73484583E-02  1.14467146E-03
3.56844924E-02  4.79177050E-02  1.10720261E-03
3.59831074E-02  4.56681624E-02  1.06262509E-03
3.62817224E-02  4.53679524E-02  1.08512165E-03
3.65803374E-02  4.50462773E-02  1.04815490E-03
3.68789524E-02  4.60518301E-02  1.09554094E-03
3.71775674E-02  4.33035940E-02  1.03782606E-03
3.74761824E-02  4.38285694E-02  1.01625058E-03
3.77747974E-02  4.45536673E-02  1.02947198E-03
3.80734124E-02  4.51431759E-02  1.01994060E-03
3.83720274E-02  4.38266248E-02  1.03791640E-03
3.86706424E-02  4.42327112E-02  9.93304071E-04
3.89692574E-02  4.30716537E-02  1.00933784E-03
3.92678724E-02  4.30353433E-02  1.01661438E-03
3.95664874E-02  4.24260162E-02  9.72807698E-04
3.98651024E-02  4.28815484E-02  9.78888012E-04
4.01637174E-02  4.08068113E-02  9.39142890E-04
4.04623324E-02  4.23350669E-02  9.90446424E-04
4.07609474E-02  4.19665016E-02  9.51574882E-04
4.10595624E-02  4.26853672E-02  9.79269505E-04
4.13581774E-02  4.11588736E-02  9.44000902E-04
4.16567924E-02  4.25559953E-02  9.40593251E-04
4.19554074E-02  4.12369929E-02  9.52327508E-04
4.22540224E-02  4.18734550E-02  9.52161383E-04
4.25526374E-02  4.19905484E-02  9.40584636E-04
4.28512524E-02  4.25081067E-02  9.49561072E-04
4.31498674E-02  4.18352932E-02  9.31053539E-04
4.34484824E-02  4.25434001E-02  9.68146487E-04
4.37470974E-02  4.08987813E-02  9.08637478E-04
4.40457124E-02  3.97282653E-02  8.99898820E-04
4.43443274E-02  4.15259041E-02  9.37735371E-04
4.46429424E-02  4.06462289E-02  9.07290960E-04
4.49415574E-02  3.95503417E-02  9.23780899E-04
4.52401724E-02  4.01117429E-02  8.89179239E-04
4.55387874E-02  4.20449823E-02  9.25015542E-04
4.58374024E-02  4.06815074E-02  9.09893657E-04
4.61360174E-02  4.01395112E-02  8.90889962E-04
4.64346324E-02  4.15543951E-02  9.24115768E-04
4.67332474E-02  4.08101603E-02  8.87177419E-04
4.70318624E-02  4.23736274E-02  9.30895156E-04
4.73304774E-02  4.19356897E-02  9.20829887E-04
4.76290924E-02  4.13870104E-02  8.95495526E-04
4.79277074E-02  4.11877818E-02  8.87865725E-04
4.82263224E-02  4.03463505E-02  8.72774399E-04
4.85249374E-02  4.21820283E-02  9.19830520E-04
4.88235524E-02  4.02420200E-02  8.76277161E-04
4.91221674E-02  4.19447236E-02  8.89226329E-04
4.94207824E-02  4.17298898E-02  8.96432903E-04
4.97193974E-02  4.21405733E-02  8.84673849E-04
5.00180124E-02  4.05713804E-02  8.92163604E-04
5.03166274E-02  4.26457487E-02  8.88645940E-04
5.06152424E-02  4.00864929E-02  8.64125730E-04
5.09138574E-02  4.02613506E-02  8.76490260E-04
5.12124724E-02  4.09376547E-02  8.60559056E-04
5.15110874E-02  4.14880998E-02  8.81728192E-04
5.18097024E-02  4.05203737E-02  8.58644373E-04
5.21083174E-02  4.04757001E-02  8.56928469E-04
5.24069324E-02  4.03345414E-02  8.56052968E-04
5.27055474E-02  4.10168804E-02  8.57688428E-04
5.30041624E-02  4.10926826E-02  8.74906662E-04
5.33027774E-02  4.12369072E-02  8.56319268E-04
5.36013924E-02  4.24476899E-02  8.73771904E-04
5.39000074E-02  4.12608087E-02  8.47010640E-04
5.41986224E-02  4.42666262E-02  8.94868921E-04
5.44972374E-02  4.42039259E-02  8.82843393E-04
5.47958524E-02  4.12087664E-02  8.46477516E-04
5.50944674E-02  4.20574173E-02  8.68502713E-04
5.53930824E-02  4.26001921E-02  8.54743470E-04
5.56916974E-02  4.28515673E-02  8.52609228E-04
5.59903124E-02  4.28965911E-02  8.70918273E-04
5.62889274E-02  4.26344797E-02  8.49299191E-04
5.65875424E-02  4.23087664E-02  8.61294568E-04
5.68861574E-02  4.23977077E-02  8.46938463E-04
5.71847724E-02  4.44039553E-02  8.60955799E-04
5.74833874E-02  4.23857085E-02  8.50268814E-04
5.77820024E-02  4.26878110E-02  8.43033602E-04
5.80806174E-02  4.43940572E-02  8.81035638E-04
5.83792324E-02  4.29921150E-02  8.36099731E-04
5.86778474E-02  4.19399440E-02  8.38966691E-04
5.89764624E-02  4.34410609E-02  8.63143185E-04
5.92750774E-02  4.37521189E-02  8.31152720E-04
5.95736924E-02  4.54476699E-02  8.73347919E-04
5.98723074E-02  4.45464030E-02  8.46700044E-04
6.01709224E-02  4.26666364E-02  8.27581796E-04
6.04695374E-02  4.42346856E-02  8.55905877E-04
6.07681524E-02  4.50382791E-02  8.54660932E-04
6.10667674E-02  4.39688489E-02  8.48857453E-04
6.13653824E-02  4.41370122E-02  8.31148005E-04
6.16639974E-02  4.50586490E-02  8.50466022E-04
6.19626124E-02  4.54640649E-02  8.55379913E-04
6.22612274E-02  4.43670526E-02  8.29182100E-04
6.25598424E-02  4.60385270E-02  8.62986431E-04
6.28584574E-02  4.54363301E-02  8.43295362E-04
6.31570724E-02  4.46197949E-02  8.43084301E-04
6.34556874E-02  4.54103835E-02  8.27697979E-04
6.37543024E-02  4.58859876E-02  8.43258749E-04
6.40529174E-02  4.56235372E-02  8.52515805E-04
6.43515324E-02  4.69291881E-02  8.48087075E-04
6.46501474E-02  4.56063263E-02  8.53985199E-04
6.49487624E-02  4.68837693E-02  8.34024802E-04
6.52473774E-02  4.58934642E-02  8.32091784E-04
6.55459924E-02  4.74801734E-02  8.55672231E-04
6.58446074E-02  4.73871492E-02  8.45525297E-04
6.61432224E-02  4.60924208E-02  8.43075686E-04
6.64418374E-02  4.78606634E-02  8.37729138E-04
6.67404524E-02  4.78454567E-02  8.48585158E-04
6.70390674E-02  4.86285947E-02  8.59640248E-04
6.73376824E-02  4.90098745E-02  8.40388821E-04
6.76362974E-02  4.86057959E-02  8.57363804E-04
6.79349124E-02  4.76323217E-02  8.29927099E-04
6.82335274E-02  4.81835976E-02  8.40553665E-04
6.85321424E-02  4.86771166E-02  8.54905928E-04
6.88307574E-02  4.91964109E-02  8.42473470E-04
6.91293724E-02  4.82004173E-02  8.46664363E-04
6.94279874E-02  4.90862504E-02  8.33889004E-04
6.97266024E-02  5.04567139E-02  8.60154862E-04
7.00252174E-02  5.04373908E-02  8.53035075E-04
7.03238324E-02  5.18811196E-02  8.58272251E-04
7.06224474E-02  4.98417579E-02  8.53900507E-04
7.09210624E-02  5.03772423E-02  8.47664603E-04
7.12196774E-02  5.00781015E-02  8.43228248E-04
7.15182924E-02  4.97416630E-02  8.21979775E-04
7.18169074E-02  5.00632524E-02  8.46949697E-04
7.21155224E-02  5.16435206E-02  8.57279345E-04
7.24141374E-02  5.07403351E-02  8.44968425E-04
7.27127524E-02  5.15997857E-02  8.48295284E-04
7.30113674E-02  5.31705320E-02  8.54482816E-04
7.33099824E-02  5.25098518E-02  8.53846897E-04
7.36085974E-02  5.23859374E-02  8.55686958E-04
7.39072124E-02  5.20350002E-02  8.37099389E-04
7.42058274E-02  5.29717170E-02  8.62383924E-04
7.45044424E-02  5.35111986E-02  8.51640129E-04
7.48030574E-02  5.34867868E-02  8.57023639E-04
7.51016724E-02  5.49182929E-02  8.67467432E-04
7.54002874E-02  5.48731275E-02  8.53236532E-04
7.56989024E-02  5.57116233E-02  8.74668127E-04
7.59975174E-02  5.60931712E-02  8.63585272E-04
7.62961324E-02  5.60108759E-02  8.65710666E-04
7.65947474E-02  5.66916168E-02  8.68180941E-04
7.68933624E-02  5.68788014E-02  8.70537246E-04
7.71919774E-02  5.67391180E-02  8.78858031E-04
7.74905924E-02  5.71939386E-02  8.62917746E-04
7.77892074E-02  5.86803593E-02  8.79556988E-04
7.80878224E-02  5.95376529E-02  8.78599123E-04
7.83864374E-02  5.95862567E-02  8.77598010E-04
7.86850524E-02  5.85359223E-02  8.84071051E-04
7.89836674E-02  6.05924055E-02  8.88188195E-04
7.92822824E-02  6.03706129E-02  8.79287312E-04
7.95808974E-02  6.26132563E-02  8.87350587E-04
7.98795124E-02  6.35385960E-02  9.11421957E-04
8.01781274E-02  6.41514063E-02  9.23543819E-04
8.04767424E-02  6.46586567E-02  9.03543958E-04
8.07753574E-02  6.65547848E-02  9.26070614E-04
8.10739724E-02  6.71876520E-02  9.20119812E-04
8.13725874E-02  6.81893975E-02  9.23250336E-04
8.16712024E-02  6.92229718E-02  9.45425534E-04
8.19698174E-02  7.19304457E-02  9.38924553E-04
8.22684324E-02  7.23517537E-02  9.61617799E-04
8.25670474E-02  7.30318353E-02  9.54521762E-04
8.28656624E-02  7.41648898E-02  9.68669076E-04
8.31642774E-02  7.57814348E-02  9.65623301E-04
8.34628924E-02  7.58196265E-02  9.66816559E-04
8.37615074E-02  7.93437883E-02  1.00394967E-03
8.40601224E-02  8.11132714E-02  9.94151691E-04
8.43587374E-02  8.43646228E-02  1.01784582E-03
8.46573524E-02  8.47382545E-02  1.01513881E-03
8.49559674E-02  8.69528130E-02  1.03537261E-03
8.52545824E-02  9.05514881E-02  1.05866545E-03
8.55531974E-02  9.10120532E-02  1.04397978E-03
8.58518124E-02  9.27845538E-02  1.05916790E-03
8.61504274E-02  9.77359712E-02  1.07571168E-03
8.64490424E-02  1.01186052E-01  1.11253932E-03
8.67476574E-02  1.03802517E-01  1.12464011E-03
8.70462724E-02  1.08024165E-01  1.12825504E-03
8.73448874E-02  1.14100218E-01  1.16837048E-03
8.76435024E-02  1.18884586E-01  1.18084322E-03
8.79421174E-02  1.20900340E-01  1.21021422E-03
8.82407324E-02  1.27666861E-01  1.23884203E-03
8.85393474E-02  1.37185127E-01  1.26611453E-03
8.88379624E-02  1.43318817E-01  1.30386848E-03
8.91365774E-02  1.53684229E-01  1.33266137E-03
8.94351924E-02  1.60054684E-01  1.37014245E-03
8.97338074E-02  1.66768566E-01  1.39080093E-03
9.00324224E-02  1.82504654E-01  1.45091931E-03
9.03310374E-02  1.93289816E-01  1.50993851E-03
9.06296524E-02  2.08329216E-01  1.54875568E-03
9.09282674E-02  2.22796127E-01  1.60016050E-03
9.12268824E-02  2.41460204E-01  1.66279287E-03
9.15254974E-02  2.61989862E-01  1.72574760E-03
9.18241124E-02  2.83070862E-01  1.82043843E-03
9.21227274E-02  3.11728120E-01  1.89277553E-03
9.24213424E-02  3.39629531E-01  1.94213586E-03
9.27199574E-02  3.78633499E-01  2.06903554E-03
9.30185724E-02  4.18755263E-01  2.17983476E-03
9.33171874E-02  4.71026152E-01  2.33524898E-03
9.36158024E-02  5.23350656E-01  2.37741810E-03
9.39144174E-02  5.85315764E-01  2.57948507E-03
9.42130324E-02  6.59681022E-01  2.72367662E-03
9.45116474E-02  7.47774959E-01  2.88692536E-03
9.48102624E-02  8.47865343E-01  3.08782537E-03
9.51088774E-02  9.67344403E-01  3.23501229E-03
9.54074924E-02  1.10456669E+00  3.50248651E-03
9.57061074E-02  1.25119448E+00  3.71785369E-03
9.60047224E-02  1.42924750E+00  3.97710409E-03
9.63033374E-02  1.62567329E+00  4.20101453E-03
9.66019524E-02  1.84072137E+00  4.49365610E-03
9.69005674E-02  2.05205417E+00  4.73220646E-03
9.71991824E-02  2.27538109E+00  4.97010723E-03
9.74977974E-02  2.47978425E+00  5.17067360E-03
9.77964124E-02  2.64392829E+00  5.32079861E-03
9.80950274E-02  2.75813746E+00  5.47202118E-03
9.83936424E-02  2.80457091E+00  5.52028464E-03
9.86922574E-02  2.78931046E+00  5.50048612E-03
9.89908724E-02  2.68926573E+00  5.34347584E-03
9.92894874E-02  2.52108788E+00  5.15843648E-03
9.95881024E-02  2.31722903E+00  4.98551363E-03
9.98867174E-02  2.07307625E+00  4.73178038E-03
1.00185332E-01  1.83374512E+00  4.35025571E-03
1.00483947E-01  1.60837615E+00  4.13941965E-03
1.00782562E-01  1.40124595E+00  3.81696131E-03
1.01081177E-01  1.23295605E+00  3.61659331E-03
1.01379792E-01  1.08851039E+00  3.38528655E-03
1.01678407E-01  9.62810755E-01  3.14963749E-03
1.01977022E-01  8.50437045E-01  2.99227145E-03
1.02275637E-01  7.63284802E-01  2.83480762E-03
1.02574252E-01  6.86904907E-01  2.67801713E-03
1.02872867E-01  6.13639712E-01  2.50421371E-03
1.03171482E-01  5.56434512E-01  2.38269498E-03
1.03470097E-01  5.01226544E-01  2.26509664E-03
1.03768712E-01  4.55858320E-01  2.17981823E-03
1.04067327E-01  4.16696578E-01  2.04698788E-03
1.04365942E-01  3.83116215E-01  1.98519137E-03
1.04664557E-01  3.47818434E-01  1.88998273E-03
1.04963172E-01  3.21674585E-01  1.80431549E-03
1.05261787E-01  2.95690209E-01  1.73411181E-03
1.05560402E-01  2.72951335E-01  1.64880883E-03
1.05859017E-01  2.54214585E-01  1.61182880E-03
1.06157632E-01  2.37011045E-01  1.54628698E-03
1.06456247E-01  2.22938493E-01  1.49968045E-03
1.06754862E-01  2.10523769E-01  1.44005334E-03
1.07053477E-01  1.96205035E-01  1.39903964E-03
1.07352092E-01  1.88813284E-01  1.37243455E-03
1.07650707E-01  1.77584022E-01  1.33205915E-03
1.07949322E-01  1.71203464E-01  1.30583183E-03
1.08247937E-01  1.63911596E-01  1.27670786E-03
1.08546552E-01  1.56411245E-01  1.25213165E-03
1.08845167E-01  1.49624005E-01  1.20460999E-03
1.09143782E-01  1.48432449E-01  1.21397083E-03
1.09442397E-01  1.40542999E-01  1.16658292E-03
1.09741012E-01  1.37217447E-01  1.15627656E-03
1.10039627E-01  1.32109210E-01  1.14347064E-03
1.10338242E-01  1.28272608E-01  1.11969782E-03
1.10636857E-01  1.25914276E-01  1.09577714E-03
1.10935472E-01  1.23619035E-01  1.08492025E-03
1.11234087E-01  1.21025868E-01  1.08339870E-03
1.11532702E-01  1.18960612E-01  1.07328629E-03
1.11831317E-01  1.14469707E-01  1.04718830E-03
1.12129932E-01  1.14206836E-01  1.04798970E-03
1.12428547E-01  1.11342475E-01  1.03436864E-03
1.12727162E-01  1.09497234E-01  1.02146680E-03
1.13025777E-01  1.07518077E-01  1.01104251E-03
1.13324392E-01  1.06453888E-01  1.00450555E-03
1.13623007E-01  1.04777649E-01  9.98834032E-04
1.13921622E-01  1.03268363E-01  9.92368790E-04
1.14220237E-01  1.02828033E-01  9.80605138E-04
1.14518852E-01  1.01840138E-01  9.67976463E-04
1.14817467E-01  1.01779774E-01  9.81468707E-04
1.15116082E-01  9.98405144E-02  9.71341738E-04
1.15414697E-01  9.86837149E-02  9.61362151E-04
1.15713312E-01  1.00368813E-01  9.60258301E-04
1.16011927E-01  9.88052785E-02  9.56259726E-04
1.16310542E-01  9.66864750E-02  9.54442366E-04
1.16609157E-01  9.56519246E-02  9.38802259E-04
1.16907772E-01  9.59145799E-02  9.43564111E-04
1.17206387E-01  9.71473530E-02  9.45766980E-04
1.17505002E-01  9.38310549E-02  9.23738116E-04
1.17803617E-01  9.67731848E-02  9.48483241E-04
1.18102232E-01  9.27819535E-02  9.19896527E-04
1.18400847E-01  9.42968428E-02  9.28728725E-04
1.18699462E-01  9.32304412E-02  9.21449158E-04
1.18998077E-01  9.32012200E-02  9.12729127E-04
1.19296692E-01  9.37812030E-02  9.33019328E-04
1.19595307E-01  9.44535658E-02  9.19498387E-04
1.19893922E-01  9.28566232E-02  9.09747207E-04
1.20192537E-01  9.42517295E-02  9.27160843E-04
1.20491152E-01  9.46186185E-02  9.15740326E-04
1.20789767E-01  9.63447988E-02  9.32665076E-04
1.21088382E-01  9.87781808E-02  9.43013933E-04
1.21386997E-01  9.88822281E-02  9.36148048E-04
1.21685612E-01  1.00715317E-01  9.53587936E-04
1.21984227E-01  1.01762325E-01  9.52381641E-04
1.22282842E-01  1.02348827E-01  9.48406407E-04
1.22581457E-01  1.02381781E-01  9.41981969E-04
1.22880072E-01  1.01378269E-01  9.53982060E-04
1.23178687E-01  9.92353484E-02  9.35184245E-04
1.23477302E-01  9.67388973E-02  9.25953675E-04
1.23775917E-01  9.48413461E-02  9.06008005E-04
1.24074532E-01  9.31007043E-02  9.06457193E-04
1.24373147E-01  9.31563973E-02  9.05455789E-04
1.24671762E-01  9.07297507E-02  8.88611015E-04
1.24970377E-01  8.71045515E-02  8.68271454E-04
1.25268992E-01  8.78057554E-02  8.70559539E-04
1.25567607E-01  8.71646181E-02  8.63227644E-04
1.25866222E-01  8.64297301E-02  8.73384124E-04
1.26164837E-01  8.65202770E-02  8.64166359E-04
1.26463452E-01  8.41303170E-02  8.48072406E-04
1.26762067E-01  8.44364911E-02  8.53111502E-04
1.27060682E-01  8.37349370E-02  8.47234973E-04
1.27359297E-01  8.43188912E-02  8.62961519E-04
1.27657912E-01  8.38482231E-02  8.40375200E-04
1.27956527E-01  8.19273740E-02  8.34344653E-04
1.28255142E-01  8.19463804E-02  8.40442488E-04
1.28553757E-01  8.26059356E-02  8.29132856E-04
1.28852372E-01  8.08531567E-02  8.23575654E-04
1.29150987E-01  7.99641088E-02  8.19036155E-04
1.29449602E-01  8.18303823E-02  8.33573053E-04
1.29748217E-01  7.90318176E-02  8.18641973E-04
1.30046832E-01  8.01231340E-02  8.17668159E-04
1.30345447E-01  8.16745684E-02  8.23359122E-04
1.30644062E-01  8.09127465E-02  8.18428525E-04
1.30942677E-01  8.09459686E-02  8.24606628E-04
1.31241292E-01  8.07079896E-02  8.20650777E-04
1.31539907E-01  8.16827714E-02  8.21233145E-04
1.31838522E-01  7.98427686E-02  8.15699459E-04
1.32137137E-01  7.98504651E-02  8.23156966E-04
1.32435752E-01  7.93797672E-02  8.31486715E-04
1.32734367E-01  7.93077201E-02  8.29958299E-04
1.33032982E-01  7.83827975E-02  8.33812344E-04
1.33331597E-01  7.91990086E-02  8.38143402E-04
1.33630212E-01  7.79000595E-02  8.34792561E-04
1.33928827E-01  7.75670186E-02  8.45771981E-04
1.34227442E-01  7.79049098E-02  8.27185693E-04
1.34526057E-01  8.01433250E-02  8.55937134E-04
1.34824672E-01  7.86573738E-02  8.54214828E-04
1.35123287E-01  7.93145299E-02  8.52745783E-04
1.35421902E-01  7.96018764E-02  8.61883978E-04
1.35720517E-01  7.91293755E-02  8.50509387E-04
1.36019132E-01  7.90900961E-02  8.65575392E-04
1.36317747E-01  7.95738325E-02  8.59818130E-04
1.36616362E-01  8.05737600E-02  8.62652319E-04
1.36914977E-01  7.79835507E-02  8.58206651E-04
1.37213592E-01  7.91477039E-02  8.65894719E-04
1.37512207E-01  7.87234157E-02  8.72177887E-04
1.37810822E-01  7.83333927E-02  8.61430948E-04
1.38109437E-01  7.83714801E-02  8.61641369E-04
1.38408052E-01  7.93308318E-02  8.70192540E-04
1.38706667E-01  7.84962922E-02  8.67587456E-04
1.39005282E-01  7.96256587E-02  8.83313012E-04
1.39303897E-01  7.95494094E-02  8.65485927E-04
1.39602512E-01  8.01182017E-02  8.85351561E-04
1.39901127E-01  7.85134956E-02  8.75077210E-04
1.40199742E-01  7.94692114E-02  8.76309176E-04
1.40498357E-01  8.00227225E-02  8.88647803E-04
1.40796972E-01  7.98314586E-02  8.75947531E-04
1.41095587E-01  7.95299187E-02  8.86956870E-04
1.41394202E-01  7.83339441E-02  8.74761958E-04
1.41692817E-01  8.01930651E-02  8.90649331E-04
1.41991432E-01  7.89567828E-02  8.83758476E-04
1.42290047E-01  7.95684308E-02  8.80945357E-04
1.42588662E-01  8.01565647E-02  8.96121666E-04
1.42887277E-01  8.00629631E-02  8.90633673E-04
1.43185892E-01  8.07320103E-02  8.91535950E-04
1.43484507E-01  8.15597028E-02  9.03213222E-04
1.43783122E-01  8.10527727E-02  8.92957207E-04
1.44081737E-01  8.16538557E-02  8.99088394E-04
1.44380352E-01  8.05759504E-02  8.85824440E-04
1.44678967E-01  8.18210095E-02  8.82760680E-04
1.44977582E-01  8.15505534E-02  8.98877683E-04
1.45276197E-01  8.23197067E-02  8.89851770E-04
1.45574812E-01  8.16197619E-02  8.96433427E-04
1.45873427E-01  8.28702524E-02  8.82397697E-04
1.46172042E-01  8.16554800E-02  8.82207940E-04
1.46470657E-01  8.10974017E-02  8.89730989E-04
1.46769272E-01  8.35145339E-02  8.92196374E-04
1.47067887E-01  8.23861435E-02  8.84136418E-04
1.47366502E-01  8.37075561E-02  8.86850059E-04
1.47665117E-01  8.14054087E-02  8.75884143E-04
1.47963732E-01  8.46132860E-02  9.03213164E-04
1.48262347E-01  8.53319839E-02  8.97436286E-04
1.48560962E-01  8.35165754E-02  8.89178948E-04
1.48859577E-01  8.50219205E-02  8.85212910E-04
1.49158192E-01  8.52699056E-02  9.04978369E-04
1.49456807E-01  8.71583968E-02  9.04276792E-04
1.49755422E-01  8.50153863E-02  8.90763011E-04
1.50054037E-01  8.73903036E-02  9.08886781E-04
1.50352652E-01  8.61566812E-02  8.91106494E-04
1.50651267E-01  8.66689235E-02  9.06497415E-04
1.50949882E-01  8.81653205E-02  9.00114828E-04
1.51248497E-01  8.86143446E-02  9.06733389E-04
1.51547112E-01  8.95458609E-02  9.27401299E-04
1.51845727E-01  8.78981948E-02  8.92241020E-04
1.52144342E-01  9.02995393E-02  9.26697627E-04
1.52442957E-01  9.09866318E-02  9.02584754E-04
1.52741572E-01  9.24351662E-02  9.23014246E-04
1.53040187E-01  9.28811952E-02  9.38433339E-04
1.53338802E-01  9.15775076E-02  9.13040014E-04
1.53637417E-01  9.39179063E-02  9.35909105E-04
1.53936032E-01  9.37417373E-02  9.21430998E-04
1.54234647E-01  9.47047547E-02  9.28165799E-04
1.54533262E-01  9.64697078E-02  9.51375987E-04
1.54831877E-01  9.56285149E-02  9.34039708E-04
1.55130492E-01  9.90644544E-02  9.52058821E-04
1.55429107E-01  1.01440936E-01  9.58184595E-04
1.55727722E-01  1.02219701E-01  9.71364789E-04
1.56026337E-01  1.02289520E-01  9.66027728E-04
1.56324952E-01  1.03147358E-01  9.66912077E-04
1.56623567E-01  1.05288446E-01  9.88025218E-04
1.56922182E-01  1.07344419E-01  9.83198872E-04
1.57220797E-01  1.11550398E-01  1.01585919E-03
1.57519412E-01  1.11764245E-01  1.00432069E-03
1.57818027E-01  1.14641003E-01  1.01643440E-03
1.58116642E-01  1.17003337E-01  1.04078033E-03
1.58415257E-01  1.17660664E-01  1.02973683E-03
1.58713872E-01  1.21204577E-01  1.05503039E-03
1.59012487E-01  1.24055855E-01  1.05207670E-03
1.59311102E-01  1.26698896E-01  1.07947167E-03
1.59609717E-01  1.30848542E-01  1.09902443E-03
1.59908332E-01  1.32619813E-01  1.08089240E-03
1.60206947E-01  1.35019585E-01  1.10151281E-03
1.60505562E-01  1.39692873E-01  1.12041493E-03
1.60804177E-01  1.44298732E-01  1.13751588E-03
1.61102792E-01  1.49903148E-01  1.15981174E-03
1.61401407E-01  1.54823288E-01  1.17408345E-03
1.61700022E-01  1.60165250E-01  1.19247707E-03
1.61998637E-01  1.67214900E-01  1.22103468E-03
1.62297252E-01  1.71924561E-01  1.24387222E-03
1.62595867E-01  1.81150556E-01  1.27589796E-03
1.62894482E-01  1.89645693E-01  1.29076396E-03
1.63193097E-01  1.98743552E-01  1.34075165E-03
1.63491712E-01  2.07802474E-01  1.34831539E-03
1.63790327E-01  2.17431605E-01  1.40086166E-03
1.64088942E-01  2.28905246E-01  1.41315686E-03
1.64387557E-01  2.40533605E-01  1.45981845E-03
1.64686172E-01  2.52777785E-01  1.51426392E-03
1.64984787E-01  2.71775246E-01  1.54196389E-03
1.65283402E-01  2.86323339E-01  1.59272656E-03
1.65582017E-01  3.02565932E-01  1.62358070E-03
1.65880632E-01  3.20519060E-01  1.67806423E-03
1.66179247E-01  3.43688011E-01  1.75182382E-03
1.66477862E-01  3.67948622E-01  1.78733794E-03
1.66776477E-01  3.88201475E-01  1.85196206E-03
1.67075092E-01  4.19776887E-01  1.92989141E-03
1.67373707E-01  4.47151929E-01  1.98551896E-03
1.67672322E-01  4.74381804E-01  2.04364839E-03
1.67970937E-01  5.05117774E-01  2.08911928E-03
1.68269552E-01  5.35926700E-01  2.16913945E-03
1.68568167E-01  5.59765577E-01  2.19470356E-03
1.68866782E-01  5.85664809E-01  2.27795495E-03
1.69165397E-01  6.17232323E-01  2.32058624E-03
1.69464012E-01  6.37711465E-01  2.34414730E-03
1.69762627E-01  6.54125154E-01  2.38977047E-03
1.70061242E-01  6.62698925E-01  2.39705853E-03
1.70359857E-01  6.76188409E-01  2.44942750E-03
1.70658472E-01  6.69347405E-01  2.39339774E-03
1.70957087E-01  6.66131914E-01  2.39665410E-03
1.71255702E-01  6.56585395E-01  2.40856758E-03
1.71554317E-01  6.36189222E-01  2.31761765E-03
1.71852932E-01  6.10727608E-01  2.29957886E-03
1.72151547E-01  5.83953142E-01  2.24089110E-03
1.72450162E-01  5.54349899E-01  2.18861178E-03
1.72748777E-01  5.19493163E-01  2.12381501E-03
1.73047392E-01  4.85140085E-01  2.04322487E-03
1.73346007E-01  4.54455972E-01  1.98095734E-03
1.73644622E-01  4.17235821E-01  1.88902812E-03
1.73943237E-01  3.93147379E-01  1.83431560E-03
1.74241852E-01  3.60257179E-01  1.76679459E-03
1.74540467E-01  3.34527880E-01  1.68119324E-03
1.74839082E-01  3.13365310E-01  1.64723909E-03
1.75137697E-01  2.90342718E-01  1.57047587E-03
1.75436312E-01  2.71641076E-01  1.52892317E-03
1.75734927E-01  2.52902210E-01  1.45736523E-03
1.76033542E-01  2.42193028E-01  1.43049273E-03
1.76332157E-01  2.29344994E-01  1.41312764E-03
1.76630772E-01  2.14172482E-01  1.34159473E-03
1.76929387E-01  2.05630556E-01  1.33484136E-03
1.77228002E-01  1.91632181E-01  1.26396993E-03
1.77526617E-01  1.86311126E-01  1.25551026E-03
1.77825232E-01  1.75872728E-01  1.22396788E-03
1.78123847E-01  1.69914812E-01  1.19818875E-03
1.78422462E-01  1.61373124E-01  1.16768549E-03
1.78721077E-01  1.55511081E-01  1.14938256E-03
1.79019692E-01  1.50533408E-01  1.13122282E-03
1.79318307E-01  1.43737048E-01  1.10576767E-03
1.79616922E-01  1.39160171E-01  1.07179547E-03
1.79915537E-01  1.35223716E-01  1.07071165E-03
1.80214152E-01  1.29548609E-01  1.03891862E-03
1.80512767E-01  1.24786258E-01  1.02995569E-03
1.80811382E-01  1.22786485E-01  1.01891358E-03
1.81109997E-01  1.19807661E-01  9.97117022E-04
1.81408612E-01  1.16653770E-01  9.93815367E-04
1.81707227E-01  1.14937760E-01  9.80870449E-04
1.82005842E-01  1.11305244E-01  9.65247746E-04
1.82304457E-01  1.09933302E-01  9.53888346E-04
1.82603072E-01  1.11268543E-01  9.63806640E-04
1.82901687E-01  1.06597088E-01  9.50019399E-04
1.83200302E-01  1.05962366E-01  9.38676181E-04
1.83498917E-01  1.04953468E-01  9.30505805E-04
1.83797532E-01  1.04955286E-01  9.28989728E-04
1.84096147E-01  1.05283998E-01  9.39100340E-04
1.84394762E-01  1.04342632E-01  9.36458237E-04
1.84693377E-01  1.03973113E-01  9.28294379E-04
1.84991992E-01  1.02604523E-01  9.27077781E-04
1.85290607E-01  1.01683147E-01  9.11123178E-04
1.85589222E-01  1.05214164E-01  9.33514442E-04
1.85887837E-01  1.05424769E-01  9.31686547E-04
1.86186452E-01  1.03871681E-01  9.22984851E-04
1.86485067E-01  1.05549917E-01  9.35316144E-04
1.86783682E-01  1.06014103E-01  9.34598327E-04
1.87082297E-01  1.10234618E-01  9.57115553E-04
1.87380912E-01  1.08457737E-01  9.43146413E-04
1.87679527E-01  1.09670028E-01  9.40447324E-04
1.87978142E-01  1.11903243E-01  9.61792655E-04
1.88276757E-01  1.15751095E-01  9.75942763E-04
1.88575372E-01  1.17266394E-01  9.85223218E-04
1.88873987E-01  1.18643828E-01  9.84841958E-04
1.89172602E-01  1.24662004E-01  1.00396853E-03
1.89471217E-01  1.29344508E-01  1.03031460E-03
1.89769832E-01  1.30908027E-01  1.03924726E-03
1.90068447E-01  1.35799646E-01  1.04350189E-03
1.90367062E-01  1.39483303E-01  1.06749858E-03
1.90665677E-01  1.46975636E-01  1.09330728E-03
1.90964292E-01  1.50708631E-01  1.10496010E-03
1.91262907E-01  1.57295108E-01  1.13361608E-03
1.91561522E-01  1.63033560E-01  1.13973254E-03
1.91860137E-01  1.69874728E-01  1.17923075E-03
1.92158752E-01  1.77502051E-01  1.19917397E-03
1.92457367E-01  1.87262386E-01  1.23329787E-03
1.92755982E-01  1.95575520E-01  1.25510828E-03
1.93054597E-01  2.05021724E-01  1.28588930E-03
1.93353212E-01  2.14063987E-01  1.30723813E-03
1.93651827E-01  2.25439087E-01  1.35583000E-03
1.93950442E-01  2.37002105E-01  1.38255348E-03
1.94249057E-01  2.49222413E-01  1.40783400E-03
1.94547672E-01  2.54663169E-01  1.43406785E-03
1.94846287E-01  2.65936404E-01  1.46264688E-03
1.95144902E-01  2.81538785E-01  1.51321210E-03
1.95443517E-01  2.88195759E-01  1.49880548E-03
1.95742132E-01  2.97408193E-01  1.54381664E-03
1.96040747E-01  3.04264784E-01  1.56451401E-03
1.96339362E-01  3.09984833E-01  1.58270926E-03
1.96637977E-01  3.14480364E-01  1.57847092E-03
1.96936592E-01  3.14913750E-01  1.58256106E-03
1.97235207E-01  3.12360227E-01  1.58165686E-03
1.97533822E-01  3.11370373E-01  1.57313957E-03
1.97832437E-01  3.06405157E-01  1.56551413E-03
1.98131052E-01  3.01903307E-01  1.54562294E-03
1.98429667E-01  2.91837186E-01  1.52107910E-03
1.98728282E-01  2.81853527E-01  1.49958150E-03
1.99026897E-01  2.71942317E-01  1.46370649E-03
1.99325512E-01  2.61388540E-01  1.43955101E-03
1.99624127E-01  2.46218085E-01  1.39671366E-03
1.99922742E-01  2.34547153E-01  1.36063702E-03
2.00221357E-01  2.24715307E-01  1.33941940E-03
2.00519972E-01  2.09740490E-01  1.28105050E-03
2.00818587E-01  1.98212892E-01  1.24418829E-03
2.01117202E-01  1.89219639E-01  1.22753496E-03
2.01415817E-01  1.79686829E-01  1.18425360E-03
2.01714432E-01  1.70239210E-01  1.15811662E-03
2.02013047E-01  1.61179855E-01  1.12231250E-03
2.02311662E-01  1.55026883E-01  1.10516616E-03
2.02610277E-01  1.45531848E-01  1.07348780E-03
2.02908892E-01  1.39149770E-01  1.03828660E-03
2.03207507E-01  1.34457469E-01  1.02475216E-03
2.03506122E-01  1.28528535E-01  1.00035081E-03
2.03804737E-01  1.25687495E-01  9.90156550E-04
2.04103352E-01  1.19527452E-01  9.68603941E-04
2.04401967E-01  1.16653673E-01  9.55696218E-04
2.04700582E-01  1.12304397E-01  9.29628848E-04
2.04999197E-01  1.09260157E-01  9.19484650E-04
2.05297812E-01  1.04612999E-01  9.08442598E-04
2.05596427E-01  1.01068407E-01  8.85713496E-04
2.05895042E-01  9.87474844E-02  8.77660059E-04
2.06193657E-01  9.56507102E-02  8.58207757E-04
2.06492272E-01  9.34274569E-02  8.47137999E-04
2.06790887E-01  9.03015509E-02  8.42176145E-04
2.07089502E-01  8.75552595E-02  8.15606385E-04
2.07388117E-01  8.54661539E-02  8.16261745E-04
2.07686732E-01  8.30805302E-02  8.01560818E-04
2.07985347E-01  8.14922303E-02  7.91186700E-04
2.08283962E-01  8.15461129E-02  7.93394283E-04
2.08582577E-01  7.82320946E-02  7.71668332E-04
2.08881192E-01  7.52787963E-02  7.60430645E-04
2.09179807E-01  7.52710328E-02  7.63907214E-04
2.09478422E-01  7.30389655E-02  7.43594137E-04
2.09777037E-01  7.07734898E-02  7.39595096E-04
2.10075652E-01  7.16019869E-02  7.36912712E-04
2.10374267E-01  6.98749050E-02  7.37160677E-04
2.10672882E-01  6.76285848E-02  7.22979952E-04
2.10971497E-01  6.78611100E-02  7.12474692E-04
2.11270112E-01  6.47424981E-02  7.06735183E-04
2.11568727E-01  6.63268864E-02  7.07972737E-04
2.11867342E-01  6.54400885E-02  7.09880958E-04
2.12165957E-01  6.34187460E-02  6.92697824E-04
2.12464572E-01  6.36821315E-02  6.93509297E-04
2.12763187E-01  6.22576624E-02  6.89035049E-04
2.13061802E-01  6.20913468E-02  6.87489170E-04
2.13360417E-01  6.03537336E-02  6.80282305E-04
2.13659032E-01  5.97211905E-02  6.69589092E-04
2.13957647E-01  5.93303293E-02  6.68195367E-04
2.14256262E-01  5.81755452E-02  6.64657215E-04
2.14554877E-01  5.75853400E-02  6.57313794E-04
2.14853492E-01  5.77355996E-02  6.59157813E-04
2.15152107E-01  5.68994991E-02  6.53585594E-04
2.15450722E-01  5.64599931E-02  6.57579338E-04
2.15749337E-01  5.65247759E-02  6.53389201E-04
2.16047952E-01  5.52529655E-02  6.43870735E-04
2.16346567E-01  5.54244779E-02  6.45256310E-04
2.16645182E-01  5.43336272E-02  6.35274686E-04
2.16943797E-01  5.38601838E-02  6.35897566E-04
2.17242412E-01  5.33764921E-02  6.37243269E-04
2.17541027E-01  5.35656735E-02  6.28360664E-04
2.17839642E-01  5.24618030E-02  6.32529147E-04
2.18138257E-01  5.32605015E-02  6.25469722E-04
2.18436872E-01  5.14572226E-02  6.21185056E-04
2.18735487E-01  5.21724112E-02  6.22336171E-04
2.19034102E-01  5.23458794E-02  6.23740081E-04
2.19332717E-01  5.09133264E-02  6.19192957E-04
2.19631332E-01  5.14154956E-02  6.19643717E-04
2.19929947E-01  4.95686717E-02  6.06075453E-04
2.20228562E-01  5.05228117E-02  6.09904935E-04
2.20527177E-01  4.99830954E-02  6.09867508E-04
2.20825792E-01  4.86102849E-02  6.02149463E-04
2.21124407E-01  4.87460010E-02  6.01207197E-04
2.21423022E-01  4.96380366E-02  6.05612178E-04
2.21721637E-01  4.90151197E-02  6.00565458E-04
2.22020252E-01  4.90822047E-02  6.00801432E-04
2.22318867E-01  4.75105010E-02  5.94951271E-04
2.22617482E-01  4.76243421E-02  5.88718045E-04
2.22916097E-01  4.69404347E-02  5.92429191E-04
2.23214712E-01  4.77545746E-02  5.91413409E-04
2.23513327E-01  4.78549227E-02  5.96048310E-04
2.23811942E-01  4.75289486E-02  5.90706652E-04
2.24110557E-01  4.69101481E-02  5.84462250E-04
2.24409172E-01  4.70667295E-02  5.89903153E-04
2.24707787E-01  4.74750847E-02  5.86783281E-04
2.25006402E-01  4.60518077E-02  5.84717141E-04
2.25305017E-01  4.54330109E-02  5.70413657E-04
2.25603632E-01  4.47241813E-02  5.73858735E-04
2.25902247E-01  4.50509489E-02  5.76629245E-04
2.26200862E-01  4.50498052E-02  5.73429395E-04
2.26499477E-01  4.51727733E-02  5.72220015E-04
2.26798092E-01  4.53295372E-02  5.76383318E-04
2.27096707E-01  4.42989506E-02  5.68964868E-04
2.27395322E-01  4.48577926E-02  5.74722188E-04
2.27693937E-01  4.38622236E-02  5.61276276E-04
2.27992552E-01  4.43608612E-02  5.66406292E-04
2.28291167E-01  4.39632535E-02  5.63538866E-04
2.28589782E-01  4.28918563E-02  5.61169523E-04
2.28888397E-01  4.34169956E-02  5.62624831E-04
2.29187012E-01  4.37879562E-02  5.60325920E-04
2.29485627E-01  4.38989513E-02  5.63131121E-04
2.29784242E-01  4.25936468E-02  5.57267922E-04
2.30082857E-01  4.31907848E-02  5.57451276E-04
2.30381472E-01  4.30685580E-02  5.55549923E-04
2.30680087E-01  4.29957882E-02  5.56512794E-04
2.30978702E-01  4.18506525E-02  5.49052900E-04
2.31277317E-01  4.26040925E-02  5.54611033E-04
2.31575932E-01  4.24066037E-02  5.53166203E-04
2.31874547E-01  4.13253643E-02  5.41881716E-04
2.32173162E-01  4.20139618E-02  5.49026241E-04
2.32471777E-01  4.24998142E-02  5.53300430E-04
2.32770392E-01  4.22236957E-02  5.49612567E-04
2.33069007E-01  4.19542827E-02  5.47545555E-04
2.33367622E-01  4.16675955E-02  5.43665141E-04
2.33666237E-01  4.16718014E-02  5.48360695E-04
2.33964852E-01  4.24279310E-02  5.49070770E-04
2.34263467E-01  4.20159772E-02  5.46399795E-04
2.34562082E-01  4.08885367E-02  5.40398119E-04
2.34860697E-01  4.08706330E-02  5.39361266E-04
2.35159312E-01  4.06141207E-02  5.38277789E-04
2.35457927E-01  4.05334160E-02  5.34864550E-04
2.35756542E-01  4.12535109E-02  5.37485059E-04
2.36055157E-01  4.09657173E-02  5.40145964E-04
2.36353772E-01  4.07185480E-02  5.38057531E-04
2.36652387E-01  3.95013019E-02  5.32829261E-04
2.36951002E-01  4.06414568E-02  5.30683086E-04
2.37249617E-01  4.12298143E-02  5.42967755E-04
2.37548232E-01  4.00711633E-02  5.32863080E-04
2.37846847E-01  4.01044413E-02  5.31289552E-04
2.38145462E-01  3.97210903E-02  5.28301287E-04
2.38444077E-01  4.03458141E-02  5.28900884E-04
2.38742692E-01  3.99344228E-02  5.34985273E-04
2.39041307E-01  3.94294262E-02  5.26803837E-04
2.39339922E-01  4.03902307E-02  5.32141828E-04
2.39638537E-01  3.98682579E-02  5.29136625E-04
2.39937152E-01  4.05615605E-02  5.32232458E-04
2.40235767E-01  3.87398712E-02  5.23798808E-04
2.40534382E-01  3.98310088E-02  5.27713448E-04
2.40832997E-01  3.94596457E-02  5.24082861E-04
2.41131612E-01  3.95280980E-02  5.27322642E-04
2.41430227E-01  3.90271135E-02  5.19623049E-04
2.41728842E-01  3.90617810E-02  5.25088399E-04
2.42027457E-01  3.95202748E-02  5.21177950E-04
2.42326072E-01  4.03520167E-02  5.28664328E-04
2.42624687E-01  3.93799208E-02  5.27225784E-04
2.42923302E-01  3.95275876E-02  5.25124196E-04
2.43221917E-01  3.82951349E-02  5.12060418E-04
2.43520532E-01  4.03300598E-02  5.27652621E-04
2.43819147E-01  3.91383469E-02  5.20228641E-04
2.44117762E-01  3.85381058E-02  5.18658489E-04
2.44416377E-01  4.00649644E-02  5.30162069E-04
2.44714992E-01  3.89300026E-02  5.15730993E-04
2.45013607E-01  3.80079076E-02  5.14938554E-04
2.45312222E-01  4.02922668E-02  5.26977761E-04
2.45610837E-01  3.88105698E-02  5.18766989E-04
2.45909452E-01  3.86520624E-02  5.12498838E-04
2.46208067E-01  3.94282080E-02  5.21873240E-04
2.46506682E-01  3.95995006E-02  5.21859853E-04
2.46805297E-01  3.89528833E-02  5.21742390E-04
2.47103912E-01  3.84714119E-02  5.11997321E-04
2.47402527E-01  3.95822562E-02  5.19337715E-04
2.47701142E-01  3.96330655E-02  5.22801769E-04
2.47999757E-01  3.77779528E-02  5.10000915E-04
2.48298372E-01  3.93673889E-02  5.23643277E-04
2.48596987E-01  3.90696339E-02  5.11819497E-04
2.48895602E-01  3.98781635E-02  5.20716305E-04
2.49194217E-01  3.92153375E-02  5.16931876E-04
2.49492832E-01  3.98917161E-02  5.22364862E-04
2.49791447E-01  3.99990417E-02  5.24354982E-04
2.50090062E-01  4.04086262E-02  5.23464696E-04
2.50388677E-01  4.03032862E-02  5.26491844E-04
2.50687292E-01  3.98956314E-02  5.21968817E-04
2.50985907E-01  4.03433926E-02  5.21919457E-04
2.51284522E-01  4.16143909E-02  5.33386308E-04
2.51583137E-01  4.09174636E-02  5.25057723E-04
2.51881752E-01  4.10816222E-02  5.28383709E-04
2.52180367E-01  4.14284021E-02  5.30610327E-04
2.52478982E-01  4.18545343E-02  5.31467376E-04
2.52777597E-01  4.19111401E-02  5.32830891E-04
2.53076212E-01  4.20017205E-02  5.33551502E-04
2.53374827E-01  4.26413752E-02  5.39202942E-04
2.53673442E-01  4.32597585E-02  5.36158972E-04
2.53972057E-01  4.21278104E-02  5.33348881E-04
2.54270672E-01  4.41434830E-02  5.45813818E-04
2.54569287E-01  4.39308435E-02  5.47003001E-04
2.54867902E-01  4.39683981E-02  5.44440292E-04
2.55166517E-01  4.43012603E-02  5.43011993E-04
2.55465132E-01  4.44365665E-02  5.46893454E-04
2.55763747E-01  4.36925851E-02  5.42733644E-04
2.56062362E-01  4.60613519E-02  5.57103194E-04
2.56360977E-01  4.63695079E-02  5.55253762E-04
2.56659592E-01  4.63173464E-02  5.53479593E-04
2.56958207E-01  4.64003906E-02  5.58554602E-04
2.57256822E-01  4.78873812E-02  5.66526141E-04
2.57555437E-01  4.74519245E-02  5.61256718E-04
2.57854052E-01  4.67317700E-02  5.58312226E-04
2.58152667E-01  4.72382046E-02  5.63278387E-04
2.58451282E-01  4.68873605E-02  5.61334076E-04
2.58749897E-01  4.91195545E-02  5.69236698E-04
2.59048512E-01  4.80021089E-02  5.63911803E-04
2.59347127E-01  4.86399904E-02  5.67348325E-04
2.59645742E-01  4.76547442E-02  5.64406277E-04
2.59944357E-01  4.75192592E-02  5.64506685E-04
2.60242972E-01  4.72409688E-02  5.55776118E-04
2.60541587E-01  4.69390750E-02  5.59115550E-04
2.60840202E-01  4.65923473E-02  5.55577048E-04
2.61138817E-01  4.63447012E-02  5.55714243E-04
2.61437432E-01  4.56701182E-02  5.49763732E-04
2.61736047E-01  4.57109250E-02  5.47563832E-04
2.62034662E-01  4.50457148E-02  5.46139025E-04
2.62333277E-01  4.42841128E-02  5.41218556E-04
2.62631892E-01  4.32409793E-02  5.31736237E-04
2.62930507E-01  4.33320664E-02  5.32574544E-04
2.63229122E-01  4.13492136E-02  5.21199370E-04
2.63527737E-01  4.24738191E-02  5.31587633E-04
2.63826352E-01  4.19013090E-02  5.23439317E-04
2.64124967E-01  3.98744345E-02  5.10623504E-04
2.64423582E-01  3.89611609E-02  5.05137839E-04
2.64722197E-01  3.86785008E-02  5.01346716E-04
2.65020812E-01  3.79959717E-02  5.01862145E-04
2.65319427E-01  3.70971859E-02  4.89350874E-04
2.65618042E-01  3.66171040E-02  4.91250365E-04
2.65916657E-01  3.52197029E-02  4.79901937E-04
2.66215272E-01  3.57349962E-02  4.82773146E-04
2.66513887E-01  3.47196050E-02  4.76236979E-04
2.66812502E-01  3.49111706E-02  4.74597706E-04
2.67111117E-01  3.37032601E-02  4.69461229E-04
2.67409732E-01  3.47779207E-02  4.75651788E-04
2.67708347E-01  3.42861190E-02  4.73013235E-04
2.68006962E-01  3.31844091E-02  4.64629120E-04
2.68305577E-01  3.28721851E-02  4.60890442E-04
2.68604192E-01  3.25681455E-02  4.59939649E-04
2.68902807E-01  3.20372842E-02  4.55588306E-04
2.69201422E-01  3.21664289E-02  4.54402470E-04
2.69500037E-01  3.17845270E-02  4.53555898E-04
2.69798652E-01  3.16743776E-02  4.52537264E-04
2.70097267E-01  3.15830521E-02  4.54820984E-04
2.70395882E-01  3.11777182E-02  4.44987498E-04
2.70694497E-01  3.11126299E-02  4.48278995E-04
2.70993112E-01  3.12575661E-02  4.50133753E-04
2.71291727E-01  3.16365771E-02  4.52505512E-04
2.71590342E-01  3.13906930E-02  4.51910339E-04
2.71888957E-01  3.12390570E-02  4.45092941E-04
2.72187572E-01  3.05282436E-02  4.42577788E-04
2.72486187E-01  3.05330213E-02  4.43066267E-04
2.72784802E-01  3.03617213E-02  4.42729943E-04
2.73083417E-01  3.07751335E-02  4.41223383E-04
2.73382032E-01  3.00798751E-02  4.38760064E-04
2.73680647E-01  2.94153467E-02  4.35890572E-04
2.73979262E-01  2.98025813E-02  4.36623930E-04
2.74277877E-01  2.92827096E-02  4.31047782E-04
2.74576492E-01  2.97791827E-02  4.35347698E-04
2.74875107E-01  2.97309421E-02  4.36324219E-04
2.75173722E-01  2.97516305E-02  4.37145995E-04
2.75472337E-01  2.88208388E-02  4.25495440E-04
2.75770952E-01  2.98594460E-02  4.37269337E-04
2.76069567E-01  2.97045726E-02  4.31863824E-04
2.76368182E-01  2.99130958E-02  4.39234049E-04
2.76666797E-01  2.94694994E-02  4.34740388E-04
2.76965412E-01  2.93219909E-02  4.28755564E-04
2.77264027E-01  2.92670447E-02  4.31706751E-04
2.77562642E-01  3.00585032E-02  4.33676469E-04
2.77861257E-01  2.94167344E-02  4.34577174E-04
2.78159872E-01  2.85832342E-02  4.22586687E-04
2.78458487E-01  2.93080490E-02  4.29517066E-04
2.78757102E-01  2.95231156E-02  4.34257410E-04
2.79055717E-01  2.90033054E-02  4.27816471E-04
2.79354332E-01  2.94934828E-02  4.31309280E-04
2.79652947E-01  2.96977609E-02  4.32910107E-04
2.79951562E-01  2.83818636E-02  4.19747201E-04
2.80250177E-01  2.89946534E-02  4.29703679E-04
2.80548792E-01  2.88898312E-02  4.26235376E-04
2.80847407E-01  2.96109635E-02  4.29912645E-04
2.81146022E-01  3.04550380E-02  4.37850860E-04
2.81444637E-01  3.00264824E-02  4.35853552E-04
2.81743252E-01  2.83352640E-02  4.21601551E-04
2.82041867E-01  2.96983793E-02  4.27902123E-04
2.82340482E-01  2.96107847E-02  4.30773507E-04
2.82639097E-01  2.91261021E-02  4.27447754E-04
2.82937712E-01  2.92936191E-02  4.27929161E-04
2.83236327E-01  3.03200725E-02  4.35146620E-04
2.83534942E-01  2.90633254E-02  4.23932186E-04
2.83833557E-01  2.89708972E-02  4.25674545E-04
2.84132172E-01  2.96059232E-02  4.29567881E-04
2.84430787E-01  3.03900987E-02  4.37505427E-04
2.84729402E-01  2.99482942E-02  4.28972358E-04
2.85028017E-01  2.97841243E-02  4.30435204E-04
2.85326632E-01  3.04814186E-02  4.38275427E-04
2.85625247E-01  3.09351608E-02  4.34501446E-04
2.85923862E-01  3.11258454E-02  4.39483323E-04
2.86222477E-01  3.12937871E-02  4.40233853E-04
2.86521092E-01  3.08756400E-02  4.37391689E-04
2.86819707E-01  3.09750605E-02  4.41152457E-04
2.87118322E-01  3.08538266E-02  4.33830050E-04
2.87416937E-01  3.13505419E-02  4.39340103E-04
2.87715552E-01  3.09764240E-02  4.36071452E-04
2.88014167E-01  3.13003659E-02  4.41375858E-04
2.88312782E-01  3.05038989E-02  4.34971793E-04
2.88611397E-01  3.14885341E-02  4.36793431E-04
2.88910012E-01  3.20561156E-02  4.46344551E-04
2.89208627E-01  3.19420584E-02  4.43255092E-04
2.89507242E-01  3.14593017E-02  4.39571275E-04
2.89805857E-01  3.21451016E-02  4.42717923E-04
2.90104472E-01  3.25808860E-02  4.45062527E-04
2.90403087E-01  3.21839675E-02  4.47128928E-04
2.90701702E-01  3.31200436E-02  4.50040476E-04
2.91000317E-01  3.22947241E-02  4.43644007E-04
2.91298932E-01  3.29996198E-02  4.49442625E-04
2.91597547E-01  3.32438573E-02  4.51764558E-04
2.91896162E-01  3.32505517E-02  4.51480504E-04
2.92194777E-01  3.38691399E-02  4.53894114E-04
2.92493392E-01  3.36851366E-02  4.53099492E-04
2.92792007E-01  3.41459773E-02  4.56743641E-04
2.93090622E-01  3.34171765E-02  4.51624714E-04
2.93389237E-01  3.40617672E-02  4.55739559E-04
2.93687852E-01  3.50264534E-02  4.58931841E-04
2.93986467E-01  3.44263986E-02  4.58285969E-04
2.94285082E-01  3.39402668E-02  4.52738168E-04
2.94583697E-01  3.49441320E-02  4.62846365E-04
2.94882312E-01  3.43085304E-02  4.55628178E-04
2.95180927E-01  3.49495970E-02  4.56906273E-04
2.95479542E-01  3.38345766E-02  4.53675457E-04
2.95778157E-01  3.49269025E-02  4.59167204E-04
2.96076772E-01  3.43608744E-02  4.55761037E-04
2.96375387E-01  3.45198438E-02  4.56266949E-04
2.96674002E-01  3.42037566E-02  4.53956600E-04
2.96972617E-01  3.40054296E-02  4.55597881E-04
2.97271232E-01  3.36537436E-02  4.53457294E-04
2.97569847E-01  3.33319493E-02  4.51504864E-04
2.97868462E-01  3.33064385E-02  4.52656823E-04
2.98167077E-01  3.34805734E-02  4.56077658E-04
2.98465692E-01  3.30190025E-02  4.55748959E-04
2.98764307E-01  3.23518068E-02  4.47222003E-04
2.99062922E-01  3.25607285E-02  4.51449276E-04
2.99361537E-01  3.17524634E-02  4.47262166E-04
2.99660152E-01  3.10994368E-02  4.43418801E-04
2.99958767E-01  3.21624987E-02  4.51161963E-04
3.00257382E-01  3.15717608E-02  4.48243693E-04
3.00555997E-01  3.12538967E-02  4.45757090E-04
3.00854612E-01  3.03291716E-02  4.38449497E-04
3.01153227E-01  3.03661861E-02  4.41622833E-04
3.01451842E-01  2.97522936E-02  4.35140653E-04
3.01750457E-01  2.97037307E-02  4.39826079E-04
3.02049072E-01  2.95808278E-02  4.35766764E-04
3.02347687E-01  2.91659702E-02  4.41351731E-04
3.02646302E-01  2.90226843E-02  4.45870101E-04
3.02944917E-01  2.95615699E-02  4.49869112E-04
3.03243532E-01  2.92839333E-02  4.56282170E-04
3.03542147E-01  2.80355345E-02  4.47211089E-04
3.03840762E-01  2.91582569E-02  4.55820409E-04
3.04139377E-01  2.85616443E-02  4.57000948E-04
3.04437992E-01  2.92984638E-02  4.58741473E-04
3.04736607E-01  2.85085738E-02  4.59935371E-04
3.05035222E-01  2.85050459E-02  4.56153735E-04
3.05333837E-01  2.81216446E-02  4.56133304E-04
3.05632452E-01  2.91923918E-02  4.68474522E-04
3.05931067E-01  2.79163290E-02  4.55810979E-04
3.06229682E-01  2.78096385E-02  4.59867675E-04
3.06528297E-01  2.81544849E-02  4.58296621E-04
3.06826912E-01  2.77480930E-02  4.60616662E-04
3.07125527E-01  2.66084466E-02  4.52161185E-04
3.07424142E-01  2.73791701E-02  4.58104507E-04
3.07722757E-01  2.71895081E-02  4.60178620E-04
3.08021372E-01  2.74700280E-02  4.58726630E-04
3.08319987E-01  2.69523263E-02  4.50962601E-04
3.08618602E-01  2.80715320E-02  4.55740315E-04
3.08917217E-01  2.75108423E-02  4.44417499E-04
3.09215832E-01  2.76326407E-02  4.49266663E-04
3.09514447E-01  2.72796005E-02  4.39422380E-04
3.09813062E-01  2.64859572E-02  4.33962821E-04
3.10111677E-01  2.73901056E-02  4.39325522E-04
3.10410292E-01  2.68538222E-02  4.29619919E-04
3.10708907E-01  2.71606483E-02  4.36262868E-04
3.11007522E-01  2.72004046E-02  4.30506887E-04
3.11306137E-01  2.68478654E-02  4.33142792E-04
3.11604752E-01  2.67331358E-02  4.27142833E-04
3.11903367E-01  2.69545726E-02  4.28444473E-04
3.12201982E-01  2.61573792E-02  4.21948120E-04
3.12500597E-01  2.60857251E-02  4.17545351E-04
3.12799212E-01  2.71753557E-02  4.29733831E-04
3.13097827E-01  2.62225531E-02  4.19198826E-04
3.13396442E-01  2.66810004E-02  4.22286161E-04
3.13695057E-01  2.62984745E-02  4.21382836E-04
3.13993672E-01  2.65269689E-02  4.18957148E-04
3.14292287E-01  2.58758962E-02  4.14878188E-04
3.14590902E-01  2.63215210E-02  4.17224161E-04
3.14889517E-01  2.71681938E-02  4.23882564E-04
3.15188132E-01  2.70916745E-02  4.25757171E-04
3.15486747E-01  2.66364943E-02  4.16551309E-04
3.15785362E-01  2.65579671E-02  4.18768293E-04
3.16083977E-01  2.60425992E-02  4.11563931E-04
3.16382592E-01  2.59934235E-02  4.13428177E-04
3.16681207E-01  2.62011774E-02  4.13245172E-04
3.16979822E-01  2.62175426E-02  4.12733963E-04
3.17278437E-01  2.66697649E-02  4.17684962E-04
3.17577052E-01  2.66149491E-02  4.15960152E-04
3.17875667E-01  2.68236008E-02  4.23430844E-04
3.18174282E-01  2.64257789E-02  4.24130994E-04
3.18472897E-01  2.60287225E-02  4.26987332E-04
3.18771512E-01  2.62305494E-02  4.26978921E-04
3.19070127E-01  2.64948308E-02  4.32485831E-04
3.19368742E-01  2.63841096E-02  4.31946362E-04
3.19667357E-01  2.65421905E-02  4.33605630E-04
3.19965972E-01  2.61644106E-02  4.31483437E-04
3.20264587E-01  2.61594951E-02  4.33410838E-04
3.20563202E-01  2.66023595E-02  4.36691422E-04
3.20861817E-01  2.65867487E-02  4.37438284E-04
3.21160432E-01  2.66994815E-02  4.36992355E-04
3.21459047E-01  2.61461921E-02  4.36558825E-04
3.21757662E-01  2.69182827E-02  4.40160977E-04
3.22056277E-01  2.63628419E-02  4.35348222E-04
3.22354892E-01  2.59892009E-02  4.36008879E-04
3.22653507E-01  2.71178484E-02  4.43958706E-04
3.22952122E-01  2.61690188E-02  4.39955271E-04
3.23250737E-01  2.64514294E-02  4.33980022E-04
3.23549352E-01  2.61046086E-02  4.36473347E-04
3.23847967E-01  2.60032248E-02  4.37663024E-04
3.24146582E-01  2.56175753E-02  4.33139823E-04
3.24445197E-01  2.61608418E-02  4.37964889E-04
3.24743812E-01  2.60113329E-02  4.35950933E-04
3.25042427E-01  2.65746806E-02  4.45330108E-04
3.25341042E-01  2.67978758E-02  4.42110439E-04
3.25639657E-01  2.70007811E-02  4.46248188E-04
3.25938272E-01  2.68253982E-02  4.45976417E-04
3.26236887E-01  2.66971197E-02  4.41410404E-04
3.26535502E-01  2.62104813E-02  4.43990430E-04
3.26834117E-01  2.60473434E-02  4.37662326E-04
3.27132732E-01  2.63684690E-02  4.42558550E-04
3.27431347E-01  2.67074686E-02  4.46054735E-04
3.27729962E-01  2.72760149E-02  4.48657491E-04
3.28028577E-01  2.69113090E-02  4.52882930E-04
3.28327192E-01  2.68363468E-02  4.41544980E-04
3.28625807E-01  2.64724176E-02  4.45812708E-04
3.28924422E-01  2.65609808E-02  4.46292746E-04
3.29223037E-01  2.68766843E-02  4.47076251E-04
3.29521652E-01  2.75859851E-02  4.53878951E-04
3.29820267E-01  2.75244303E-02  4.51766857E-04
3.30118882E-01  2.77366992E-02  4.58536146E-04
3.30417497E-01  2.70341970E-02  4.50257387E-04
3.30716112E-01  2.74716374E-02  4.51204338E-04
3.31014727E-01  2.73238514E-02  4.50787978E-04
3.31313342E-01  2.69394740E-02  4.46027552E-04
3.31611957E-01  2.71064769E-02  4.52214474E-04
3.31910572E-01  2.75995079E-02  4.53060144E-04
3.32209187E-01  2.78287996E-02  4.52935143E-04
3.32507802E-01  2.80708838E-02  4.60054813E-04
3.32806417E-01  2.74878088E-02  4.49233572E-04
3.33105032E-01  2.78001800E-02  4.55924484E-04
3.33403647E-01  2.77661700E-02  4.52695909E-04
3.33702262E-01  2.75772791E-02  4.51419794E-04
3.34000877E-01  2.81945840E-02  4.56177659E-04
3.34299492E-01  2.74419151E-02  4.51508531E-04
3.34598107E-01  2.78777741E-02  4.55485133E-04
3.34896722E-01  2.75921877E-02  4.48786945E-04
3.35195337E-01  2.77268961E-02  4.50799154E-04
3.35493952E-01  2.82913372E-02  4.58042952E-04
3.35792567E-01  2.89616585E-02  4.61807998E-04
3.36091182E-01  2.77617984E-02  4.52805223E-04
3.36389797E-01  2.78396402E-02  4.50670806E-04
3.36688412E-01  2.86800023E-02  4.60370356E-04
3.36987027E-01  3.03088706E-02  4.70371597E-04
3.37285642E-01  2.92031616E-02  4.63600649E-04
3.37584257E-01  2.88313851E-02  4.61316929E-04
3.37882872E-01  2.89289895E-02  4.59944189E-04
3.38181487E-01  2.89873742E-02  4.62159282E-04
3.38480102E-01  2.93462202E-02  4.58087539E-04
3.38778717E-01  2.87193879E-02  4.59348550E-04
3.39077332E-01  2.95724384E-02  4.64227749E-04
3.39375947E-01  2.96356082E-02  4.64590150E-04
3.39674562E-01  2.91845482E-02  4.64007317E-04
3.39973177E-01  2.87185200E-02  4.55505331E-04
3.40271792E-01  3.07391230E-02  4.74540982E-04
3.40570407E-01  2.96686180E-02  4.65393678E-04
3.40869022E-01  2.91407313E-02  4.58582304E-04
3.41167637E-01  3.02192699E-02  4.68473590E-04
3.41466252E-01  3.06826271E-02  4.69216960E-04
3.41764867E-01  2.97303852E-02  4.67514357E-04
3.42063482E-01  3.05931699E-02  4.70552797E-04
3.42362097E-01  3.08352709E-02  4.69851191E-04
3.42660712E-01  3.02188490E-02  4.69427003E-04
3.42959327E-01  3.01155746E-02  4.63810808E-04
3.43257942E-01  3.05400770E-02  4.71918262E-04
3.43556557E-01  2.97275782E-02  4.62130120E-04
3.43855172E-01  3.02047897E-02  4.65959107E-04
3.44153787E-01  3.10392771E-02  4.72083688E-04
3.44452402E-01  2.99371853E-02  4.63100005E-04
3.44751017E-01  2.95968708E-02  4.61382238E-04
3.45049632E-01  3.09093818E-02  4.66985832E-04
3.45348247E-01  3.10717002E-02  4.72740852E-04
3.45646862E-01  3.03655248E-02  4.65348101E-04
3.45945477E-01  3.05501074E-02  4.67026577E-04
3.46244092E-01  3.07525452E-02  4.63086122E-04
3.46542707E-01  3.05105913E-02  4.61646239E-04
3.46841322E-01  2.91858502E-02  4.54809138E-04
3.47139937E-01  2.92012356E-02  4.53400338E-04
3.47438552E-01  3.03063653E-02  4.58451221E-04
3.47737167E-01  2.98051853E-02  4.58324415E-04
3.48035782E-01  2.99451314E-02  4.55337227E-04
3.48334397E-01  3.02100629E-02  4.60913579E-04
3.48633012E-01  3.07608657E-02  4.58606868E-04
3.48931627E-01  2.90493593E-02  4.49097599E-04
3.49230242E-01  3.04813851E-02  4.61309974E-04
3.49528857E-01  3.03590856E-02  4.58986207E-04
3.49827472E-01  2.95967516E-02  4.53940040E-04
3.50126087E-01  2.93760635E-02  4.47928702E-04
3.50424702E-01  3.00415736E-02  4.56962211E-04
3.50723317E-01  3.02015729E-02  4.56292095E-04
3.51021932E-01  3.04114968E-02  4.59516101E-04
3.51320547E-01  3.07832323E-02  4.59912495E-04
3.51619162E-01  3.03211231E-02  4.55454952E-04
3.51917777E-01  3.05184200E-02  4.58936585E-04
3.52216392E-01  2.96593569E-02  4.51566448E-04
3.52515007E-01  3.09805386E-02  4.59387025E-04
3.52813622E-01  3.16551141E-02  4.64362965E-04
3.53112237E-01  3.08033377E-02  4.63116477E-04
3.53410852E-01  3.04656345E-02  4.59809526E-04
3.53709467E-01  3.04663628E-02  4.51069005E-04
3.54008082E-01  3.07589825E-02  4.58120805E-04
3.54306697E-01  3.13868411E-02  4.63025441E-04
3.54605312E-01  3.01336311E-02  4.56047012E-04
3.54903927E-01  3.09903007E-02  4.63887176E-04
3.55202542E-01  3.03878039E-02  4.49659536E-04
3.55501157E-01  3.02347448E-02  4.55443806E-04
3.55799772E-01  3.02495491E-02  4.53459914E-04
3.56098387E-01  3.10806297E-02  4.60769923E-04
3.56397002E-01  3.06824762E-02  4.57438175E-04
3.56695617E-01  3.14100273E-02  4.57772898E-04
3.56994232E-01  3.04850303E-02  4.59213974E-04
3.57292847E-01  3.14068981E-02  4.58604860E-04
3.57591462E-01  3.15115601E-02  4.62207361E-04
3.57890077E-01  3.10353879E-02  4.57840710E-04
3.58188692E-01  3.02650761E-02  4.50315332E-04
3.58487307E-01  3.04598045E-02  4.57899820E-04
3.58785922E-01  3.06874458E-02  4.51530155E-04
3.59084537E-01  3.00997011E-02  4.51619737E-04
3.59383152E-01  2.97872350E-02  4.47586877E-04
3.59681767E-01  2.97678988E-02  4.47802158E-04
3.59980382E-01  3.03845443E-02  4.56716865E-04
3.60278997E-01  2.97150481E-02  4.42229328E-04
3.60577612E-01  2.96219345E-02  4.48148960E-04
3.60876227E-01  2.97661945E-02  4.47675237E-04
3.61174842E-01  2.97836438E-02  4.45077661E-04
3.61473457E-01  2.97838356E-02  4.45080514E-04
3.61772072E-01  2.98846122E-02  4.47136001E-04
3.62070687E-01  3.04240678E-02  4.53938905E-04
3.62369302E-01  2.98015475E-02  4.46043006E-04
3.62667917E-01  3.02196499E-02  4.49043349E-04
3.62966532E-01  2.95315050E-02  4.42497141E-04
3.63265147E-01  2.91766953E-02  4.41463490E-04
3.63563762E-01  2.94463411E-02  4.43617930E-04
3.63862377E-01  2.96405181E-02  4.43434226E-04
3.64160992E-01  3.00265290E-02  4.46667080E-04
3.64459607E-01  2.85751615E-02  4.35969967E-04
3.64758222E-01  2.90875193E-02  4.39862517E-04
3.65056837E-01  2.89733876E-02  4.39697877E-04
3.65355452E-01  2.84801647E-02  4.32063534E-04
3.65654067E-01  2.93830149E-02  4.42563469E-04
3.65952682E-01  2.88355742E-02  4.35207476E-04
3.66251297E-01  2.95331553E-02  4.44875332E-04
3.66549912E-01  2.90304627E-02  4.36906616E-04
3.66848527E-01  2.94072162E-02  4.37454350E-04
3.67147142E-01  2.90156640E-02  4.40847420E-04
3.67445757E-01  2.87783109E-02  4.34442190E-04
3.67744372E-01  2.89951786E-02  4.37218143E-04
3.68042987E-01  2.85329670E-02  4.32814762E-04
3.68341602E-01  2.88652759E-02  4.35556547E-04
3.68640217E-01  2.83896420E-02  4.33999056E-04
3.68938832E-01  2.91884020E-02  4.34487854E-04
3.69237447E-01  2.82332953E-02  4.30653890E-04
3.69536062E-01  2.85646748E-02  4.31266264E-04
3.69834677E-01  2.82894094E-02  4.31761000E-04
3.70133292E-01  2.91758981E-02  4.39743279E-04
3.70431907E-01  2.81305388E-02  4.26220271E-04
3.70730522E-01  2.86146142E-02  4.33107547E-04
3.71029137E-01  2.88545061E-02  4.32450179E-04
3.71327752E-01  2.85210498E-02  4.31839813E-04
3.71626367E-01  2.86382698E-02  4.32278845E-04
3.71924982E-01  2.91933604E-02  4.36110597E-04
3.72223597E-01  2.85162926E-02  4.33160254E-04
3.72522212E-01  2.86939684E-02  4.29706444E-04
3.72820827E-01  2.84540672E-02  4.29890380E-04
3.73119442E-01  2.88913324E-02  4.33294161E-04
3.73418057E-01  2.88682878E-02  4.31014021E-04
3.73716672E-01  2.85901744E-02  4.34182351E-04
3.74015287E-01  2.84415334E-02  4.26404527E-04
3.74313902E-01  2.90738791E-02  4.33215318E-04
3.74612517E-01  2.81857885E-02  4.27646853E-04
3.74911132E-01  2.85777375E-02  4.29947075E-04
3.75209747E-01  2.86273807E-02  4.30986693E-04
3.75508362E-01  2.84090452E-02  4.26493003E-04
3.75806977E-01  2.82260664E-02  4.26640501E-04
3.76105592E-01  2.82633640E-02  4.26814397E-04
3.76404207E-01  2.86538452E-02  4.29974316E-04
3.76702822E-01  2.81762443E-02  4.24531725E-04
3.77001437E-01  2.87639797E-02  4.29265318E-04
3.77300052E-01  2.86824331E-02  4.31522174E-04
3.77598667E-01  2.87375096E-02  4.30938759E-04
3.77897282E-01  2.92967483E-02  4.31910041E-04
3.78195897E-01  2.86306106E-02  4.26326500E-04
3.78494512E-01  2.79019829E-02  4.23438323E-04
3.78793127E-01  2.86608562E-02  4.28394735E-04
3.79091742E-01  2.92910412E-02  4.32201807E-04
3.79390357E-01  2.78140604E-02  4.20845870E-04
3.79688972E-01  2.92192362E-02  4.31565335E-04
3.79987587E-01  2.89701466E-02  4.28963802E-04
3.80286202E-01  2.87725162E-02  4.28582134E-04
3.80584817E-01  2.89003886E-02  4.29534877E-04
3.80883432E-01  2.94342358E-02  4.31737455E-04
3.81182047E-01  2.87339650E-02  4.27865511E-04
3.81480662E-01  2.82387529E-02  4.24271304E-04
3.81779277E-01  2.94509996E-02  4.29815671E-04
3.82077892E-01  2.83921231E-02  4.25424776E-04
3.82376507E-01  2.95643769E-02  4.33134119E-04
3.82675122E-01  2.87395045E-02  4.27805760E-04
3.82973737E-01  2.87363883E-02  4.26063401E-04
3.83272352E-01  2.91958824E-02  4.26683546E-04
3.83570967E-01  2.94170901E-02  4.31950844E-04
3.83869582E-01  2.86541972E-02  4.25031671E-04
3.84168197E-01  2.84151658E-02  4.24106955E-04
3.84466812E-01  2.90928483E-02  4.27420251E-04
3.84765427E-01  2.98976228E-02  4.32753848E-04
3.85064042E-01  2.88965218E-02  4.28767642E-04
3.85362657E-01  2.82394141E-02  4.21108736E-04
3.85661272E-01  2.83770896E-02  4.19218384E-04
3.85959887E-01  2.90624853E-02  4.28596162E-04
3.86258502E-01  2.94908062E-02  4.28529573E-04
3.86557117E-01  2.91381795E-02  4.31546505E-04
3.86855732E-01  2.92072631E-02  4.25941107E-04
3.87154347E-01  2.87380777E-02  4.22299287E-04
3.87452962E-01  2.99270600E-02  4.34822839E-04
3.87751577E-01  2.91903503E-02  4.24567290E-04
3.88050192E-01  2.94789057E-02  4.31557826E-04
3.88348807E-01  2.96237692E-02  4.26561513E-04
3.88647422E-01  2.93033384E-02  4.27706196E-04
3.88946037E-01  2.92996988E-02  4.26835497E-04
3.89244652E-01  2.92974990E-02  4.27666528E-04
3.89543267E-01  2.97182184E-02  4.30834596E-04
3.89841882E-01  2.98320241E-02  4.28274594E-04
3.90140497E-01  2.93917954E-02  4.29317530E-04
3.90439112E-01  2.96768993E-02  4.30326007E-04
3.90737727E-01  2.90316269E-02  4.21057863E-04
3.91036342E-01  3.05007081E-02  4.37019538E-04
3.91334957E-01  2.92147473E-02  4.23002522E-04
3.91633572E-01  2.99086049E-02  4.32008645E-04
3.91932187E-01  3.01069748E-02  4.29311825E-04
3.92230802E-01  2.93848198E-02  4.25375853E-04
3.92529417E-01  2.99029872E-02  4.31972556E-04
3.92828032E-01  2.96969749E-02  4.26072453E-04
3.93126647E-01  2.92660929E-02  4.25039965E-04
3.93425262E-01  2.99864598E-02  4.28771949E-04
3.93723877E-01  2.94890404E-02  4.27287654E-04
3.94022492E-01  2.96683740E-02  4.28270694E-04
3.94321107E-01  3.02909911E-02  4.30320128E-04
3.94619722E-01  3.03145219E-02  4.30697866E-04
3.94918337E-01  3.00323032E-02  4.28377738E-04
3.95216952E-01  2.94810571E-02  4.25566745E-04
3.95515567E-01  2.97174007E-02  4.27688123E-04
3.95814182E-01  2.94899698E-02  4.22147714E-04
3.96112797E-01  2.92913727E-02  4.23889869E-04
3.96411412E-01  3.04122102E-02  4.31086228E-04
3.96710027E-01  2.94756833E-02  4.24914033E-04
3.97008642E-01  2.97500379E-02  4.24827187E-04
3.97307257E-01  2.95018554E-02  4.23665624E-04
3.97605872E-01  3.07545550E-02  4.33722365E-04
3.97904487E-01  2.95895040E-02  4.26466228E-04
3.98203102E-01  3.04093417E-02  4.27664781E-04
3.98501717E-01  2.99088322E-02  4.25148581E-04
3.98800332E-01  3.02220788E-02  4.28090221E-04
3.99098947E-01  3.02502289E-02  4.28704079E-04
3.99397562E-01  3.04046590E-02  4.31152497E-04
3.99696177E-01  3.01681403E-02  4.27712570E-04
3.99994792E-01  3.04170977E-02  4.28239960E-04
4.00293407E-01  3.07169929E-02  4.31692722E-04
4.00592022E-01  2.97926906E-02  4.23926162E-04
4.00890637E-01  3.04237735E-02  4.28291503E-04
4.01189252E-01  3.10097504E-02  4.31984547E-04
4.01487867E-01  2.94276066E-02  4.22642974E-04
4.01786482E-01  2.97363866E-02  4.24243131E-04
4.02085097E-01  2.93439664E-02  4.17837378E-04
4.02383712E-01  2.99878381E-02  4.27786988E-04
4.02682327E-01  2.97365803E-02  4.20328637E-04
4.02980942E-01  2.96564028E-02  4.23576479E-04
4.03279557E-01  2.99204979E-02  4.23733378E-04
4.03578172E-01  2.97329333E-02  4.20109252E-04
4.03876787E-01  3.01520415E-02  4.26798535E-04
4.04175402E-01  2.98712440E-02  4.21684817E-04
4.04474017E-01  3.00997496E-02  4.25717299E-04
4.04772632E-01  2.94589996E-02  4.18965996E-04
4.05071247E-01  3.01621594E-02  4.24440426E-04
4.05369862E-01  2.95601673E-02  4.24022350E-04
4.05668477E-01  3.08379661E-02  4.25159204E-04
4.05967092E-01  2.97045950E-02  4.21013683E-04
4.06265707E-01  2.95709502E-02  4.19372285E-04
4.06564322E-01  2.96735913E-02  4.19605989E-04
4.06862937E-01  2.95341909E-02  4.22824058E-04
4.07161552E-01  2.88471673E-02  4.12270689E-04
4.07460167E-01  2.98234299E-02  4.22062527E-04
4.07758782E-01  2.95735989E-02  4.16653551E-04
4.08057397E-01  2.95222402E-02  4.18345036E-04
4.08356012E-01  2.95732040E-02  4.20292752E-04
4.08654627E-01  2.95859817E-02  4.16745286E-04
4.08953242E-01  2.95282789E-02  4.20675147E-04
4.09251857E-01  2.93160435E-02  4.15715418E-04
4.09550472E-01  3.00871953E-02  4.21346311E-04
4.09849087E-01  2.92119794E-02  4.15368850E-04
4.10147702E-01  2.91240457E-02  4.12909780E-04
4.10446317E-01  2.89570279E-02  4.16099065E-04
4.10744932E-01  2.95708496E-02  4.17819101E-04
4.11043547E-01  2.93456335E-02  4.12664405E-04
4.11342162E-01  2.94866208E-02  4.17128933E-04
4.11640777E-01  2.95207389E-02  4.18155862E-04
4.11939392E-01  2.94756908E-02  4.18231648E-04
4.12238007E-01  2.87769213E-02  4.08934749E-04
4.12536622E-01  2.87551228E-02  4.10871318E-04
4.12835237E-01  2.87231766E-02  4.09122207E-04
4.13133852E-01  2.82931868E-02  4.07655723E-04
4.13432467E-01  2.93839611E-02  4.15054208E-04
4.13731082E-01  2.80057248E-02  4.03891376E-04
4.14029697E-01  2.91649718E-02  4.13989590E-04
4.14328312E-01  2.89759766E-02  4.11306828E-04
4.14626927E-01  2.82399394E-02  4.07184503E-04
4.14925542E-01  2.90295035E-02  4.09231725E-04
4.15224157E-01  2.91825086E-02  4.13157715E-04
4.15522772E-01  2.87262294E-02  4.10584267E-04
4.15821387E-01  2.85273585E-02  4.06333071E-04
4.16120002E-01  2.89058145E-02  4.09774599E-04
4.16418617E-01  2.88748033E-02  4.10408567E-04
4.16717232E-01  2.82454025E-02  4.05162864E-04
4.17015847E-01  2.89925188E-02  4.11915331E-04
4.17314462E-01  2.86269542E-02  4.03998769E-04
4.17613077E-01  2.84218732E-02  4.06524865E-04
4.17911692E-01  2.77427901E-02  4.00349265E-04
4.18210307E-01  2.86939126E-02  4.10080451E-04
4.18508922E-01  2.90835295E-02  4.08695894E-04
4.18807537E-01  2.83500478E-02  4.03602840E-04
4.19106152E-01  2.89985947E-02  4.10636247E-04
4.19404767E-01  2.85754669E-02  4.07348998E-04
4.19703382E-01  2.79620849E-02  3.99743993E-04
4.20001997E-01  2.80336943E-02  4.02084697E-04
4.20300612E-01  2.84312572E-02  4.03452781E-04
4.20599227E-01  2.80764047E-02  4.04154882E-04
4.20897842E-01  2.78573520E-02  4.00090765E-04
4.21196457E-01  2.80431341E-02  4.00330347E-04
4.21495072E-01  2.79008560E-02  4.01046622E-04
4.21793687E-01  2.82619447E-02  4.02348553E-04
4.22092302E-01  2.75372416E-02  3.99342156E-04
4.22390917E-01  2.77014226E-02  3.94769013E-04
4.22689532E-01  2.82314457E-02  4.03883751E-04
4.22988147E-01  2.88094003E-02  4.05404455E-04
4.23286762E-01  2.86347624E-02  4.06668289E-04
4.23585377E-01  2.77908426E-02  3.97906289E-04
4.23883992E-01  2.72415280E-02  3.93156632E-04
4.24182607E-01  2.74082683E-02  3.94537172E-04
4.24481222E-01  2.81860530E-02  4.02370613E-04
4.24779837E-01  2.71868631E-02  3.93475668E-04
4.25078452E-01  2.73132455E-02  3.92884511E-04
4.25377067E-01  2.76641101E-02  3.98178730E-04
4.25675682E-01  2.76279673E-02  3.94967472E-04
4.25974297E-01  2.74305586E-02  3.96587537E-04
4.26272912E-01  2.66306698E-02  3.86479747E-04
4.26571527E-01  2.74997801E-02  3.97090625E-04
4.26870142E-01  2.69278511E-02  3.89849505E-04
4.27168757E-01  2.81507690E-02  3.99231416E-04
4.27467372E-01  2.73776595E-02  3.92392802E-04
4.27765987E-01  2.72734091E-02  3.94027331E-04
4.28064602E-01  2.72221677E-02  3.91980138E-04
4.28363217E-01  2.70289686E-02  3.91641923E-04
4.28661832E-01  2.67745424E-02  3.89182940E-04
4.28960447E-01  2.69615743E-02  3.89929308E-04
4.29259062E-01  2.75870003E-02  3.93899099E-04
4.29557677E-01  2.68209986E-02  3.88914399E-04
4.29856292E-01  2.70424671E-02  3.88868881E-04
4.30154907E-01  2.70171463E-02  3.89553345E-04
4.30453522E-01  2.63175275E-02  3.85855965E-04
4.30752137E-01  2.64586452E-02  3.85939027E-04
4.31050752E-01  2.63427738E-02  3.83555802E-04
4.31349367E-01  2.70587858E-02  3.89425753E-04
4.31647982E-01  2.74717212E-02  3.92213085E-04
4.31946597E-01  2.73831096E-02  3.93685885E-04
4.32245212E-01  2.66685579E-02  3.85329069E-04
4.32543827E-01  2.67906040E-02  3.88188084E-04
4.32842442E-01  2.66379919E-02  3.89259658E-04
4.33141057E-01  2.66852211E-02  3.85368767E-04
4.33439672E-01  2.62648333E-02  3.84793995E-04
4.33738287E-01  2.68506445E-02  3.86991742E-04
4.34036902E-01  2.73579583E-02  3.92635033E-04
4.34335517E-01  2.67911311E-02  3.88114247E-04
4.34634132E-01  2.68343147E-02  3.88862274E-04
4.34932747E-01  2.62100250E-02  3.82353202E-04
4.35231362E-01  2.66248640E-02  3.85624677E-04
4.35529977E-01  2.66126562E-02  3.87690903E-04
4.35828592E-01  2.57920977E-02  3.81071557E-04
4.36127207E-01  2.64702141E-02  3.83827894E-04
4.36425822E-01  2.63743419E-02  3.83812061E-04
4.36724437E-01  2.60632671E-02  3.81881924E-04
4.37023052E-01  2.60362215E-02  3.81854741E-04
4.37321667E-01  2.62540188E-02  3.81254533E-04
4.37620282E-01  2.66122241E-02  3.86660220E-04
4.37918897E-01  2.65620779E-02  3.85524880E-04
4.38217512E-01  2.67636310E-02  3.87675187E-04
4.38516127E-01  2.62954868E-02  3.81897000E-04
4.38814742E-01  2.70041656E-02  3.85067164E-04
4.39113357E-01  2.67573837E-02  3.86774016E-04
4.39411972E-01  2.63875574E-02  3.83923092E-04
4.39710587E-01  2.68606078E-02  3.85815190E-04
4.40009202E-01  2.63706967E-02  3.83718405E-04
4.40307817E-01  2.64605116E-02  3.81012826E-04
4.40606432E-01  2.58518383E-02  3.79927689E-04
4.40905047E-01  2.60093939E-02  3.79992853E-04
4.41203662E-01  2.59725079E-02  3.77405318E-04
4.41502277E-01  2.60638241E-02  3.80058686E-04
4.41800892E-01  2.62106024E-02  3.80543788E-04
4.42099507E-01  2.59465650E-02  3.78872821E-04
4.42398122E-01  2.62071062E-02  3.79773235E-04
4.42696737E-01  2.60095336E-02  3.78423079E-04
4.42995352E-01  2.64279675E-02  3.82292026E-04
4.43293967E-01  2.60902885E-02  3.80930869E-04
4.43592582E-01  2.62967553E-02  3.82521015E-04
4.43891197E-01  2.64183171E-02  3.79736623E-04
4.44189812E-01  2.61675119E-02  3.81246529E-04
4.44488427E-01  2.65601948E-02  3.82250117E-04
4.44787042E-01  2.60217339E-02  3.79768055E-04
4.45085657E-01  2.58564372E-02  3.77154909E-04
4.45384272E-01  2.57758237E-02  3.77144344E-04
4.45682887E-01  2.62316763E-02  3.83158593E-04
4.45981502E-01  2.65967455E-02  3.82104015E-04
4.46280117E-01  2.59358399E-02  3.78152210E-04
4.46578732E-01  2.62019876E-02  3.80338577E-04
4.46877347E-01  2.59344876E-02  3.79141362E-04
4.47175962E-01  2.60169748E-02  3.83557694E-04
4.47474577E-01  2.57667024E-02  3.75367090E-04
4.47773192E-01  2.66451221E-02  3.83631326E-04
4.48071807E-01  2.63194479E-02  3.81281134E-04
4.48370422E-01  2.61981823E-02  3.81490972E-04
4.48669037E-01  2.62761395E-02  3.81053804E-04
4.48967652E-01  2.60093696E-02  3.78701399E-04
4.49266267E-01  2.64832396E-02  3.83734470E-04
4.49564882E-01  2.61562206E-02  3.81527672E-04
4.49863497E-01  2.63528544E-02  3.81365127E-04
4.50162112E-01  2.56274026E-02  3.77404445E-04
4.50460727E-01  2.57612336E-02  3.78473516E-04
4.50759342E-01  2.62957122E-02  3.82465398E-04
4.51057957E-01  2.59047113E-02  3.79111385E-04
4.51356572E-01  2.60329302E-02  3.77566495E-04
4.51655187E-01  2.57191043E-02  3.78754921E-04
4.51953802E-01  2.61197481E-02  3.80268204E-04
4.52252417E-01  2.61549726E-02  3.84341140E-04
4.52551032E-01  2.58464236E-02  3.77531309E-04
4.52849647E-01  2.59269103E-02  3.78949597E-04
4.53148262E-01  2.54950933E-02  3.75782140E-04
4.53446877E-01  2.62573902E-02  3.80942161E-04
4.53745492E-01  2.60012485E-02  3.79914418E-04
4.54044107E-01  2.62999292E-02  3.82850820E-04
4.54342722E-01  2.58690063E-02  3.79117002E-04
4.54641337E-01  2.56711617E-02  3.78500612E-04
4.54939952E-01  2.54410282E-02  3.75474978E-04
4.55238567E-01  2.55959071E-02  3.76369717E-04
4.55537182E-01  2.55843960E-02  3.78872181E-04
4.55835797E-01  2.60626487E-02  3.81381920E-04
4.56134412E-01  2.55921166E-02  3.76925687E-04
4.56433027E-01  2.66724937E-02  3.85225139E-04
4.56731642E-01  2.55364683E-02  3.76187701E-04
4.57030257E-01  2.55223922E-02  3.77581571E-04
4.57328872E-01  2.49541495E-02  3.72449984E-04
4.57627487E-01  2.59654392E-02  3.79756180E-04
4.57926102E-01  2.48543266E-02  3.71789240E-04
4.58224717E-01  2.51319334E-02  3.75187083E-04
4.58523332E-01  2.55166851E-02  3.76796845E-04
4.58821947E-01  2.57169362E-02  3.76041309E-04
4.59120562E-01  2.60963384E-02  3.82407539E-04
4.59419177E-01  2.62189507E-02  3.83136241E-04
4.59717792E-01  2.52169836E-02  3.75662232E-04
4.60016407E-01  2.47669537E-02  3.71063943E-04
4.60315022E-01  2.50179805E-02  3.72367242E-04
4.60613637E-01  2.62623020E-02  3.83034319E-04
4.60912252E-01  2.50940844E-02  3.75585892E-04
4.61210867E-01  2.49622278E-02  3.72612092E-04
4.61509482E-01  2.49567814E-02  3.76494427E-04
4.61808097E-01  2.50455011E-02  3.85680731E-04
4.62106712E-01  2.60025300E-02  3.94657807E-04
4.62405327E-01  2.57729366E-02  3.96506744E-04
4.62703942E-01  2.54675690E-02  3.93676746E-04
4.63002557E-01  2.55270507E-02  4.01366735E-04
4.63301172E-01  2.51925178E-02  4.00133344E-04
4.63599787E-01  2.52693966E-02  4.02881851E-04
4.63898402E-01  2.55292729E-02  4.06818377E-04
4.64197017E-01  2.51857750E-02  4.04594000E-04
4.64495632E-01  2.51448415E-02  4.09360073E-04
4.64794247E-01  2.51848847E-02  4.10338398E-04
4.65092862E-01  2.50068456E-02  4.06844018E-04
4.65391477E-01  2.55594384E-02  4.17495234E-04
4.65690092E-01  2.46052518E-02  4.09519125E-04
4.65988707E-01  2.58498061E-02  4.23426070E-04
4.66287322E-01  2.49270424E-02  4.16144874E-04
4.66585937E-01  2.46480647E-02  4.14267823E-04
4.66884552E-01  2.44053584E-02  4.17322823E-04
4.67183167E-01  2.48087142E-02  4.22555371E-04
4.67481782E-01  2.53669582E-02  4.22021345E-04
4.67780397E-01  2.50459965E-02  4.25303326E-04
4.68079012E-01  2.55248602E-02  4.30833839E-04
4.68377627E-01  2.49399114E-02  4.28346335E-04
4.68676242E-01  2.44952515E-02  4.25505976E-04
4.68974857E-01  2.54859179E-02  4.34026879E-04
4.69273472E-01  2.48807743E-02  4.32921952E-04
4.69572087E-01  2.44188178E-02  4.27611347E-04
4.69870702E-01  2.50842161E-02  4.35211870E-04
4.70169317E-01  2.51286458E-02  4.37831768E-04
4.70467932E-01  2.54578274E-02  4.41627577E-04
4.70766547E-01  2.49151364E-02  4.41477488E-04
4.71065162E-01  2.41572093E-02  4.34577785E-04
4.71363777E-01  2.48352196E-02  4.37663257E-04
4.71662392E-01  2.56941952E-02  4.50290536E-04
4.71961007E-01  2.42837798E-02  4.39134485E-04
4.72259622E-01  2.39960216E-02  4.39720694E-04
4.72558237E-01  2.49105114E-02  4.45470272E-04
4.72856852E-01  2.42392998E-02  4.33051842E-04
4.73155467E-01  2.44907904E-02  4.31996159E-04
4.73454082E-01  2.45234873E-02  4.27158084E-04
4.73752697E-01  2.48627979E-02  4.23537975E-04
4.74051312E-01  2.46242099E-02  4.21743869E-04
4.74349927E-01  2.45603323E-02  4.18689364E-04
4.74648542E-01  2.50243619E-02  4.22747427E-04
4.74947157E-01  2.41323505E-02  4.11094807E-04
4.75245772E-01  2.44363584E-02  4.12990834E-04
4.75544387E-01  2.48916019E-02  4.16017254E-04
4.75843002E-01  2.48204339E-02  4.16342402E-04
4.76141617E-01  2.49857679E-02  4.14078182E-04
4.76440232E-01  2.44777463E-02  4.09960194E-04
4.76738847E-01  2.44087577E-02  4.07833490E-04
4.77037462E-01  2.50220187E-02  4.13149945E-04
4.77336077E-01  2.47335229E-02  4.11654037E-04
4.77634692E-01  2.53753550E-02  4.13277216E-04
4.77933307E-01  2.43028533E-02  4.04991297E-04
4.78231922E-01  2.48344820E-02  4.06904001E-04
4.78530537E-01  2.43306793E-02  4.06642444E-04
4.78829152E-01  2.42590979E-02  3.99953715E-04
4.79127767E-01  2.53878701E-02  4.10551205E-04
4.79426382E-01  2.51144711E-02  4.10610635E-04
4.79724997E-01  2.49029249E-02  4.07043117E-04
4.80023612E-01  2.46133767E-02  4.03715036E-04
4.80322227E-01  2.48552281E-02  4.04003193E-04
4.80620842E-01  2.47653499E-02  4.05281986E-04
4.80919457E-01  2.42544636E-02  3.99822980E-04
4.81218072E-01  2.49078739E-02  4.04752005E-04
4.81516687E-01  2.44645681E-02  4.01869300E-04
4.81815302E-01  2.45964676E-02  3.99007375E-04
4.82113917E-01  2.40856744E-02  3.99271026E-04
4.82412532E-01  2.46834811E-02  4.01158584E-04
4.82711147E-01  2.50173714E-02  4.02825419E-04
4.83009762E-01  2.43574567E-02  3.98606877E-04
4.83308377E-01  2.43998338E-02  3.99782439E-04
4.83606992E-01  2.42222901E-02  3.95970914E-04
4.83905607E-01  2.49977503E-02  4.03504557E-04
4.84204222E-01  2.48520169E-02  4.00370569E-04
4.84502837E-01  2.38736384E-02  3.94942908E-04
4.84801452E-01  2.41707806E-02  3.95657931E-04
4.85100067E-01  2.48115025E-02  3.98222037E-04
4.85398682E-01  2.43866947E-02  3.97017400E-04
4.85697297E-01  2.48074830E-02  4.00224846E-04
4.85995912E-01  2.48052124E-02  4.01338912E-04
4.86294527E-01  2.46525649E-02  3.96951364E-04
4.86593142E-01  2.49775257E-02  4.00474266E-04
4.86891757E-01  2.44221762E-02  3.96807038E-04
4.87190372E-01  2.43754722E-02  3.96834686E-04
4.87488987E-01  2.52034757E-02  3.99753131E-04
4.87787602E-01  2.48360746E-02  3.99854354E-04
4.88086217E-01  2.53311805E-02  4.01879777E-04
4.88384832E-01  2.42493339E-02  3.94102797E-04
4.88683447E-01  2.49204077E-02  4.00537858E-04
4.88982062E-01  2.49757487E-02  3.98351985E-04
4.89280677E-01  2.45928448E-02  3.97798751E-04
4.89579292E-01  2.41776593E-02  3.92730522E-04
4.89877907E-01  2.52177902E-02  4.00585268E-04
4.90176522E-01  2.46420074E-02  3.94993229E-04
4.90475137E-01  2.48041563E-02  3.97490279E-04
4.90773752E-01  2.52439044E-02  4.00696910E-04
4.91072367E-01  2.46641543E-02  3.96470365E-04
4.91370982E-01  2.44647898E-02  3.93774710E-04
4.91669597E-01  2.49901470E-02  3.98683071E-04
4.91968212E-01  2.48424243E-02  3.98308155E-04
4.92266827E-01  2.46461965E-02  3.96232906E-04
4.92565442E-01  2.49113664E-02  3.96167859E-04
4.92864057E-01  2.50552185E-02  3.98606760E-04
4.93162672E-01  2.48383693E-02  3.97579337E-04
4.93461287E-01  2.48449501E-02  3.97633732E-04
4.93759902E-01  2.44194847E-02  3.91074835E-04
4.94058517E-01  2.46520340E-02  3.94799106E-04
4.94357132E-01  2.44531278E-02  3.92419635E-04
4.94655747E-01  2.50868220E-02  4.00582387E-04
4.94954362E-01  2.49913353E-02  3.94851668E-04
4.95252977E-01  2.53230557E-02  3.99942975E-04
4.95551592E-01  2.47454140E-02  3.96548887E-04
4.95850207E-01  2.50892863E-02  3.98694945E-04
4.96148822E-01  2.41603032E-02  3.88622226E-04
4.96447437E-01  2.50774119E-02  3.98204691E-04
4.96746052E-01  2.55193263E-02  4.00997524E-04
4.97044667E-01  2.48080250E-02  3.97961267E-04
4.97343282E-01  2.42396854E-02  3.88594257E-04
4.97641897E-01  2.46963277E-02  3.91659967E-04
4.97940512E-01  2.41271853E-02  3.91086010E-04
4.98239127E-01  2.54257601E-02  4.00070974E-04
4.98537742E-01  2.49842424E-02  3.97377036E-04
4.98836357E-01  2.42262650E-02  3.88879125E-04
4.99134972E-01  2.50361301E-02  3.96998978E-04
4.99433587E-01  2.42117122E-02  3.91582580E-04
4.99732202E-01  2.41612326E-02  3.88939166E-04
5.00030817E-01  2.47574858E-02  3.93223745E-04
5.00329432E-01  2.43723448E-02  3.91123234E-04
5.00628047E-01  2.40901075E-02  3.88853718E-04
5.00926662E-01  2.50103027E-02  3.98396689E-04
5.01225277E-01  2.47868411E-02  3.92012385E-04
5.01523892E-01  2.46311445E-02  3.91069072E-04
5.01822507E-01  2.53023524E-02  3.98227741E-04
5.02121122E-01  2.42639687E-02  3.90846282E-04
5.02419737E-01  2.56353635E-02  4.01042402E-04
5.02718352E-01  2.47827992E-02  3.94123228E-04
5.03016967E-01  2.43321974E-02  3.90428671E-04
5.03315582E-01  2.47493684E-02  3.94841802E-04
5.03614197E-01  2.40507759E-02  3.86161730E-04
5.03912812E-01  2.38330718E-02  3.86217143E-04
5.04211427E-01  2.47368775E-02  3.92599410E-04
5.04510042E-01  2.45049540E-02  3.92796384E-04
5.04808657E-01  2.38429084E-02  3.84213374E-04
5.05107272E-01  2.48852354E-02  3.94755160E-04
5.05405887E-01  2.49319039E-02  3.93568975E-04
5.05704502E-01  2.38418728E-02  3.87839391E-04
5.06003117E-01  2.42506675E-02  3.89020337E-04
5.06301732E-01  2.41833050E-02  3.88289598E-04
5.06600347E-01  2.47112960E-02  3.91062233E-04
5.06898962E-01  2.47919392E-02  3.94318427E-04
5.07197577E-01  2.53255386E-02  3.99434590E-04
5.07496192E-01  2.44264137E-02  3.87574401E-04
5.07794807E-01  2.40762271E-02  3.89850495E-04
5.08093422E-01  2.43916456E-02  3.89680674E-04
5.08392037E-01  2.47071777E-02  3.92970280E-04
5.08690652E-01  2.40394454E-02  3.85532767E-04
5.08989267E-01  2.42117606E-02  3.88246350E-04
5.09287882E-01  2.44115461E-02  3.91198613E-04
5.09586497E-01  2.40390804E-02  3.86672356E-04
5.09885112E-01  2.43330020E-02  3.88743792E-04
5.10183727E-01  2.47480646E-02  3.92529822E-04
5.10482342E-01  2.46386901E-02  3.90893401E-04
5.10780957E-01  2.42796149E-02  3.89184366E-04
5.11079572E-01  2.48553883E-02  3.92998190E-04
5.11378187E-01  2.46875528E-02  3.91767244E-04
5.11676802E-01  2.45655291E-02  3.93716764E-04
5.11975417E-01  2.51548812E-02  3.94395378E-04
5.12274032E-01  2.44787801E-02  3.89633409E-04
5.12572647E-01  2.36331336E-02  3.83128092E-04
5.12871262E-01  2.46844608E-02  3.91078560E-04
5.13169877E-01  2.40728892E-02  3.88981396E-04
5.13468492E-01  2.44877059E-02  3.87718115E-04
5.13767107E-01  2.45811492E-02  3.89882392E-04
5.14065722E-01  2.40037814E-02  3.87561246E-04
5.14364337E-01  2.47005541E-02  3.92468035E-04
5.14662952E-01  2.44177021E-02  3.89352383E-04
5.14961567E-01  2.47315150E-02  3.90697882E-04
5.15260182E-01  2.43319143E-02  3.89822409E-04
5.15558797E-01  2.42083222E-02  3.87494365E-04
5.15857412E-01  2.45817080E-02  3.90185858E-04
5.16156027E-01  2.46535372E-02  3.91622103E-04
5.16454642E-01  2.50205547E-02  3.94722592E-04
5.16753257E-01  2.47369613E-02  3.91517387E-04
5.17051872E-01  2.48453934E-02  3.93924973E-04
5.17350487E-01  2.48206183E-02  3.91033478E-04
5.17649102E-01  2.40565874E-02  3.86006315E-04
5.17947717E-01  2.51286197E-02  3.94128961E-04
5.18246332E-01  2.41752509E-02  3.86865926E-04
5.18544947E-01  2.37696916E-02  3.84836516E-04
5.18843562E-01  2.44353507E-02  3.90478584E-04
5.19142177E-01  2.38567553E-02  3.83938343E-04
5.19440792E-01  2.50434484E-02  3.93277151E-04
5.19739407E-01  2.39726920E-02  3.85156280E-04
5.20038022E-01  2.39225626E-02  3.86653293E-04
5.20336637E-01  2.43386943E-02  3.87993903E-04
5.20635252E-01  2.46113930E-02  3.90067813E-04
5.20933867E-01  2.46849451E-02  3.90939036E-04
5.21232482E-01  2.41183918E-02  3.85956024E-04
5.21531097E-01  2.45265868E-02  3.90741043E-04
5.21829712E-01  2.39622686E-02  3.85936408E-04
5.22128327E-01  2.43444070E-02  3.88430635E-04
5.22426942E-01  2.44207624E-02  3.87241074E-04
5.22725557E-01  2.52869390E-02  3.96173797E-04
5.23024172E-01  2.52314806E-02  3.94965755E-04
5.23322787E-01  2.46539861E-02  3.91283829E-04
5.23621402E-01  2.41314117E-02  3.86263331E-04
5.23920017E-01  2.40941904E-02  3.88061133E-04
5.24218632E-01  2.44278479E-02  3.87402135E-04
5.24517247E-01  2.44358722E-02  3.88507760E-04
5.24815862E-01  2.44730562E-02  3.90334288E-04
5.25114477E-01  2.37960853E-02  3.83110804E-04
5.25413092E-01  2.41051596E-02  3.86536965E-04
5.25711707E-01  2.46061329E-02  3.90918431E-04
5.26010322E-01  2.46258248E-02  3.88979708E-04
5.26308937E-01  2.49989592E-02  3.93257942E-04
5.26607552E-01  2.46097762E-02  3.90091183E-04
5.26906167E-01  2.50741616E-02  3.93371593E-04
5.27204782E-01  2.44033784E-02  3.90466535E-04
5.27503397E-01  2.53586713E-02  3.95987619E-04
5.27802012E-01  2.49691904E-02  3.93032882E-04
5.28100627E-01  2.47008521E-02  3.91780981E-04
5.28399242E-01  2.43029725E-02  3.85034567E-04
5.28697857E-01  2.46835519E-02  3.91358946E-04
5.28996472E-01  2.44137347E-02  3.88548855E-04
5.29295087E-01  2.44017653E-02  3.89792636E-04
5.29593702E-01  2.39827484E-02  3.83982086E-04
5.29892317E-01  2.36623492E-02  3.82247876E-04
5.30190932E-01  2.45141555E-02  3.90791014E-04
5.30489547E-01  2.46501826E-02  3.90339555E-04
5.30788162E-01  2.55210176E-02  3.96401912E-04
5.31086777E-01  2.38635540E-02  3.84346524E-04
5.31385392E-01  2.46744696E-02  3.88924120E-04
5.31684007E-01  2.45136227E-02  3.89645429E-04
5.31982622E-01  2.49661319E-02  3.93130875E-04
5.32281237E-01  2.44529601E-02  3.88976157E-04
5.32579852E-01  2.40095127E-02  3.86096857E-04
5.32878467E-01  2.43177656E-02  3.87808133E-04
5.33177082E-01  2.38609500E-02  3.84904124E-04
5.33475697E-01  2.44933255E-02  3.87225067E-04
5.33774312E-01  2.47465167E-02  3.90739879E-04
5.34072927E-01  2.38830429E-02  3.86418571E-04
5.34371542E-01  2.41495408E-02  3.84783023E-04
5.34670157E-01  2.47770939E-02  3.88998451E-04
5.34968772E-01  2.35600267E-02  3.82950675E-04
5.35267387E-01  2.49574669E-02  3.92411079E-04
5.35566002E-01  2.42083725E-02  3.88092245E-04
5.35864617E-01  2.52788253E-02  3.93590773E-04
5.36163232E-01  2.42616273E-02  3.87950247E-04
5.36461847E-01  2.48520393E-02  3.92259390E-04
5.36760462E-01  2.41509024E-02  3.85933090E-04
5.37059077E-01  2.45975293E-02  3.88823886E-04
5.37357692E-01  2.48813275E-02  3.93654453E-04
5.37656307E-01  2.51087546E-02  3.92180693E-04
5.37954922E-01  2.38880944E-02  3.87057982E-04
5.38253537E-01  2.44278498E-02  3.84416577E-04
5.38552152E-01  2.45042201E-02  3.88662214E-04
5.38850767E-01  2.45366823E-02  3.90159868E-04
5.39149382E-01  2.46231202E-02  3.91040288E-04
5.39447997E-01  2.47638393E-02  3.90721281E-04
5.39746612E-01  2.47127935E-02  3.90988018E-04
5.40045227E-01  2.51162145E-02  3.92920803E-04
5.40343842E-01  2.43259650E-02  3.88680986E-04
5.40642457E-01  2.45750640E-02  3.88857647E-04
5.40941072E-01  2.41406690E-02  3.85032850E-04
5.41239687E-01  2.45687142E-02  3.92359361E-04
5.41538302E-01  2.46100426E-02  3.89899535E-04
5.41836917E-01  2.44389791E-02  3.88164859E-04
5.42135532E-01  2.39397641E-02  3.81585909E-04
5.42434147E-01  2.44872086E-02  3.88930901E-04
5.42732762E-01  2.33704206E-02  3.81078862E-04
5.43031377E-01  2.35959478E-02  3.84143961E-04
5.43329992E-01  2.38663238E-02  3.81190854E-04
5.43628607E-01  2.43954845E-02  3.88209242E-04
5.43927222E-01  2.44926102E-02  3.89459077E-04
5.44225837E-01  2.51366775E-02  3.94838571E-04
5.44524452E-01  2.49252450E-02  3.90315516E-04
5.44823067E-01  2.44631656E-02  3.89040069E-04
5.45121682E-01  2.43111271E-02  3.87357635E-04
5.45420297E-01  2.41250638E-02  3.86062806E-04
5.45718912E-01  2.46292856E-02  3.89034365E-04
5.46017527E-01  2.45710611E-02  3.89428576E-04
5.46316142E-01  2.45118663E-02  3.88392858E-04
5.46614757E-01  2.43774261E-02  3.89801891E-04
5.46913372E-01  2.52511818E-02  3.92684684E-04
5.47211987E-01  2.49545313E-02  3.92559043E-04
5.47510602E-01  2.44764723E-02  3.89448716E-04
5.47809217E-01  2.46733706E-02  3.89584922E-04
5.48107832E-01  2.46485528E-02  3.91394831E-04
5.48406447E-01  2.48825997E-02  3.91427515E-04
5.48705062E-01  2.45233029E-02  3.87650565E-04
5.49003677E-01  2.43606195E-02  3.89682624E-04
5.49302292E-01  2.38329992E-02  3.81145073E-04
5.49600907E-01  2.40493231E-02  3.86237953E-04
5.49899522E-01  2.38170661E-02  3.83150764E-04
5.50198137E-01  2.39511989E-02  3.85358464E-04
5.50496752E-01  2.40960773E-02  3.85204563E-04
5.50795367E-01  2.45617460E-02  3.87967506E-04
5.51093982E-01  2.37240009E-02  3.82595405E-04
5.51392597E-01  2.47517191E-02  3.91849142E-04
5.51691212E-01  2.45338790E-02  3.88790446E-04
5.51989827E-01  2.42640302E-02  3.86460073E-04
5.52288442E-01  2.45542936E-02  3.86981817E-04
5.52587057E-01  2.42726598E-02  3.86156928E-04
5.52885672E-01  2.40689665E-02  3.84722021E-04
5.53184287E-01  2.42256634E-02  3.84389074E-04
5.53482902E-01  2.50852648E-02  3.91718233E-04
5.53781517E-01  2.43719090E-02  3.86953208E-04
5.54080132E-01  2.42814757E-02  3.85955442E-04
5.54378747E-01  2.53121685E-02  3.90854519E-04
5.54677362E-01  2.45995913E-02  3.87167151E-04
5.54975977E-01  2.40797363E-02  3.84354440E-04
5.55274592E-01  2.42827125E-02  3.84761894E-04
5.55573207E-01  2.44362522E-02  3.81769845E-04
5.55871822E-01  2.44176146E-02  3.84445942E-04
5.56170437E-01  2.42549665E-02  3.84177605E-04
5.56469052E-01  2.42099836E-02  3.84285435E-04
5.56767667E-01  2.48735491E-02  3.87468521E-04
5.57066282E-01  2.45396383E-02  3.85412917E-04
5.57364897E-01  2.47595403E-02  3.84388928E-04
5.57663512E-01  2.41005346E-02  3.81587946E-04
5.57962127E-01  2.49910038E-02  3.87282926E-04
5.58260742E-01  2.45192964E-02  3.81626189E-04
5.58559357E-01  2.46054400E-02  3.86494066E-04
5.58857972E-01  2.41536684E-02  3.82381317E-04
5.59156587E-01  2.40804683E-02  3.78201337E-04
5.59455202E-01  2.42705345E-02  3.81940888E-04
5.59753817E-01  2.49830801E-02  3.85680993E-04
5.60052432E-01  2.47414522E-02  3.85083898E-04
5.60351047E-01  2.46256869E-02  3.83096514E-04
5.60649662E-01  2.44539566E-02  3.80240934E-04
5.60948277E-01  2.40889881E-02  3.78102035E-04
5.61246892E-01  2.46803574E-02  3.83436942E-04
5.61545507E-01  2.43378207E-02  3.80232028E-04
5.61844122E-01  2.47720480E-02  3.81379330E-04
5.62142737E-01  2.38548853E-02  3.77509306E-04
5.62441352E-01  2.46529840E-02  3.81084916E-04
5.62739967E-01  2.42433473E-02  3.77468386E-04
5.63038582E-01  2.40893029E-02  3.77410266E-04
5.63337197E-01  2.43089441E-02  3.77894758E-04
5.63635812E-01  2.42996141E-02  3.80751997E-04
5.63934427E-01  2.48218793E-02  3.81333928E-04
5.64233042E-01  2.44045071E-02  3.77243996E-04
5.64531657E-01  2.44135857E-02  3.79155099E-04
5.64830272E-01  2.49268413E-02  3.82765807E-04
5.65128887E-01  2.43135039E-02  3.78469005E-04
5.65427502E-01  2.36919168E-02  3.71275528E-04
5.65726117E-01  2.48468071E-02  3.81536811E-04
5.66024732E-01  2.36315392E-02  3.71747097E-04
5.66323347E-01  2.41032336E-02  3.75788222E-04
5.66621962E-01  2.41934340E-02  3.73223942E-04
5.66920577E-01  2.46843360E-02  3.80119047E-04
5.67219192E-01  2.46296953E-02  3.80316196E-04
5.67517807E-01  2.39030365E-02  3.74492025E-04
5.67816422E-01  2.47447509E-02  3.76348733E-04
5.68115037E-01  2.45573204E-02  3.77492368E-04
5.68413652E-01  2.40847263E-02  3.74273513E-04
5.68712267E-01  2.49108709E-02  3.80640413E-04
5.69010882E-01  2.48323418E-02  3.78998287E-04
5.69309497E-01  2.46349927E-02  3.77750228E-04
5.69608112E-01  2.43831873E-02  3.76420037E-04
5.69906727E-01  2.44232025E-02  3.75697127E-04
5.70205342E-01  2.42300797E-02  3.72682262E-04
5.70503957E-01  2.42478233E-02  3.75811040E-04
5.70802572E-01  2.45547928E-02  3.77230695E-04
5.71101187E-01  2.44754758E-02  3.77574906E-04
5.71399802E-01  2.50146389E-02  3.79795209E-04
5.71698417E-01  2.41751224E-02  3.73966323E-04
5.71997032E-01  2.44042259E-02  3.77465156E-04
5.72295647E-01  2.44473424E-02  3.77365475E-04
5.72594262E-01  2.45991498E-02  3.76979093E-04
5.72892877E-01  2.39371937E-02  3.69271031E-04
5.73191492E-01  2.45252717E-02  3.77624849E-04
5.73490107E-01  2.46795863E-02  3.79685953E-04
5.73788722E-01  2.43339427E-02  3.75034666E-04
5.74087337E-01  2.45380048E-02  3.77641874E-04
5.74385952E-01  2.40845047E-02  3.75086180E-04
5.74684567E-01  2.48747896E-02  3.80578102E-04
5.74983182E-01  2.40378622E-02  3.72244103E-04
5.75281797E-01  2.47330498E-02  3.76562966E-04
5.75580412E-01  2.42972039E-02  3.76485987E-04
5.75879027E-01  2.42344402E-02  3.74794239E-04
5.76177642E-01  2.41207164E-02  3.74516385E-04
5.76476257E-01  2.42350940E-02  3.73777671E-04
5.76774872E-01  2.45155320E-02  3.77833348E-04
5.77073487E-01  2.40284130E-02  3.73804854E-04
5.77372102E-01  2.48057786E-02  3.80592828E-04
5.77670717E-01  2.47667171E-02  3.77776742E-04
5.77969332E-01  2.49778442E-02  3.80687270E-04
5.78267947E-01  2.43936405E-02  3.77076009E-04
5.78566562E-01  2.45257858E-02  3.77230492E-04
5.78865177E-01  2.46306863E-02  3.76403099E-04
5.79163792E-01  2.46524084E-02  3.78641009E-04
5.79462407E-01  2.50370186E-02  3.81235121E-04
5.79761022E-01  2.45552845E-02  3.79031670E-04
5.80059637E-01  2.48687826E-02  3.77711287E-04
5.80358252E-01  2.48281248E-02  3.79908626E-04
5.80656867E-01  2.44348161E-02  3.77757620E-04
5.80955482E-01  2.47913133E-02  3.80505284E-04


### HEADER:
#
#{
#    "analysis": {},
#    "calibration_params": {
#        "Beam_Center_X": 1061.0,
#        "Beam_Center_Y": 2093.0,
#        "Detector Tilt": 0.0,
#        "Detector Tilt Plane Rotation": 0.0,
#        "Detector_X_Pixel_Size": 75.0,
#        "Detector_Y_Pixel_Size": 75.0,
#        "Integration Method": "nosplit_csr",
#        "Radial_Average_Method": "pyFAI",
#        "Sample-to-detector distance (mm)": 1782.0,
#        "Wavelength (A)": 0.8823505857220345
#    },
#    "config_file": "/Users/jwinnikoff/Documents/MBARI/SAXS/HPSAXS_7A_Feb2023/HPSAXS_02_19_23.cfg",
#    "counters": {
#        "Epoch": "448.795",
#        "I1": "0",
#        "I2": "0",
#        "I3": "0",
#        "Seconds": "1",
#        "Time": "2.00272e-05",
#        "date": "Sun Feb 19 18:21:44 2023",
#        "diode": "61921"
#    },
#    "filename": "JWL0318_35C_000MPa_dn_7_data_000001_00001.h5",
#    "history": {},
#    "imageHeader": {},
#    "load_path": "/Users/jwinnikoff/Documents/MBARI/SAXS/HPSAXS_7A_Feb2023/JWL0318_SOPPE_DOPE_TS-/JWL0318_35C_000MPa_dn_7_data_000001.h5",
#    "normalizations": {
#        "Absolute_scale": {
#            "Absolute_scale_factor": 0.005174693841759343,
#            "Method": "Water"
#        },
#        "Counter_norms": [
#            [
#                "/",
#                "diode/150000"
#            ]
#        ],
#        "Polarization": {
#            "Used": false
#        },
#        "Solid_Angle_Correction": "On"
#    },
#    "raw_version": "2.1.4"
#}

