### DATA:
#
# 1908
#      Q             I(Q)           Error     
1.14966775E-02  0.00000000E+00  0.00000000E+00
1.17952925E-02  6.71894312E-01  3.07962261E-02
1.20939075E-02  6.44369304E-01  2.13255119E-02
1.23925225E-02  5.88613510E-01  1.66418497E-02
1.26911375E-02  5.43444276E-01  1.50205269E-02
1.29897525E-02  5.16781867E-01  1.42347403E-02
1.32883675E-02  4.85715955E-01  1.32588577E-02
1.35869825E-02  4.74016309E-01  1.24741141E-02
1.38855975E-02  4.36138541E-01  1.12088621E-02
1.41842125E-02  3.95833313E-01  1.09032160E-02
1.44828275E-02  3.97585332E-01  1.08128954E-02
1.47814425E-02  3.62573564E-01  1.00175263E-02
1.50800575E-02  3.35691363E-01  9.28188767E-03
1.53786725E-02  3.22834373E-01  8.57317448E-03
1.56772875E-02  3.14242780E-01  8.52737576E-03
1.59759025E-02  3.04692596E-01  7.83844013E-03
1.62745175E-02  2.85250306E-01  7.47815752E-03
1.65731325E-02  2.66782612E-01  7.33461976E-03
1.68717475E-02  2.67513990E-01  6.74500270E-03
1.71703625E-02  2.43915677E-01  6.77543553E-03
1.74689775E-02  2.42048666E-01  6.23100437E-03
1.77675925E-02  2.29725868E-01  5.96942334E-03
1.80662075E-02  2.21983105E-01  6.10757107E-03
1.83648225E-02  2.11461172E-01  5.35731157E-03
1.86634375E-02  2.11138368E-01  5.60105825E-03
1.89620525E-02  1.93659633E-01  5.05447527E-03
1.92606675E-02  1.93545535E-01  5.12534846E-03
1.95592825E-02  1.81841210E-01  5.01642842E-03
1.98578975E-02  1.83976397E-01  4.67149820E-03
2.01565125E-02  1.66461602E-01  4.60091559E-03
2.04551275E-02  1.70506790E-01  4.37053246E-03
2.07537425E-02  1.64039776E-01  4.18828754E-03
2.10523575E-02  1.66143864E-01  3.98070738E-03
2.13509725E-02  1.48213357E-01  3.52888950E-03
2.16495875E-02  1.51679665E-01  3.55933956E-03
2.19482025E-02  1.48965821E-01  3.26707726E-03
2.22468175E-02  1.42096788E-01  3.33814463E-03
2.25454325E-02  1.40100434E-01  3.03992047E-03
2.28440475E-02  1.32852569E-01  3.03193112E-03
2.31426625E-02  1.24268770E-01  2.83014355E-03
2.34412775E-02  1.31328657E-01  2.79676006E-03
2.37398925E-02  1.23447366E-01  2.81435763E-03
2.40385075E-02  1.17119871E-01  2.57670926E-03
2.43371225E-02  1.21201545E-01  2.62122508E-03
2.46357375E-02  1.12924971E-01  2.59889639E-03
2.49343525E-02  1.16332240E-01  2.50830222E-03
2.52329675E-02  1.11436076E-01  2.57625547E-03
2.55315825E-02  1.09422348E-01  2.39178096E-03
2.58301975E-02  1.06792532E-01  2.37610261E-03
2.61288125E-02  1.05980322E-01  2.44620629E-03
2.64274275E-02  1.01583220E-01  2.24305107E-03
2.67260425E-02  9.97983068E-02  2.34123878E-03
2.70246575E-02  9.80870649E-02  2.17381632E-03
2.73232725E-02  9.37281102E-02  2.19340832E-03
2.76218875E-02  9.41045731E-02  2.23049242E-03
2.79205025E-02  8.98895189E-02  2.09898525E-03
2.82191175E-02  9.13139805E-02  2.10824376E-03
2.85177325E-02  9.65043828E-02  2.13090563E-03
2.88163475E-02  9.14017558E-02  2.13896716E-03
2.91149625E-02  8.58745724E-02  2.01348425E-03
2.94135775E-02  9.01838243E-02  2.03964813E-03
2.97121925E-02  8.59137177E-02  2.00724206E-03
3.00108075E-02  8.12751204E-02  1.88756862E-03
3.03094225E-02  8.21106061E-02  1.98216876E-03
3.06080375E-02  8.35294425E-02  1.93471333E-03
3.09066525E-02  8.51738378E-02  1.92633958E-03
3.12052675E-02  8.12235549E-02  1.93884654E-03
3.15038825E-02  7.64710829E-02  1.80044130E-03
3.18024975E-02  7.63039291E-02  1.82610098E-03
3.21011125E-02  7.85574839E-02  1.79282110E-03
3.23997275E-02  7.64347613E-02  1.72166096E-03
3.26983425E-02  7.87804350E-02  1.76246557E-03
3.29969575E-02  7.75138214E-02  1.65184948E-03
3.32955725E-02  7.63522089E-02  1.63942610E-03
3.35941875E-02  7.52524659E-02  1.55200961E-03
3.38928025E-02  7.30562955E-02  1.57447450E-03
3.41914175E-02  7.74455890E-02  1.57268159E-03
3.44900325E-02  7.21547529E-02  1.50781206E-03
3.47886474E-02  7.17658252E-02  1.47758925E-03
3.50872624E-02  7.32444376E-02  1.46459590E-03
3.53858774E-02  7.11715072E-02  1.48921751E-03
3.56844924E-02  7.08099604E-02  1.42824731E-03
3.59831074E-02  7.13591203E-02  1.40953274E-03
3.62817224E-02  7.06672668E-02  1.43711036E-03
3.65803374E-02  6.93438053E-02  1.37999328E-03
3.68789524E-02  6.83199540E-02  1.41597656E-03
3.71775674E-02  6.88432381E-02  1.38857821E-03
3.74761824E-02  6.64670393E-02  1.32801337E-03
3.77747974E-02  6.55709282E-02  1.32527377E-03
3.80734124E-02  6.48971498E-02  1.29768346E-03
3.83720274E-02  6.94450960E-02  1.38640869E-03
3.86706424E-02  6.67872280E-02  1.29519228E-03
3.89692574E-02  6.57592639E-02  1.32341601E-03
3.92678724E-02  6.59558475E-02  1.33551075E-03
3.95664874E-02  6.52803183E-02  1.28049857E-03
3.98651024E-02  6.71832487E-02  1.30018569E-03
4.01637174E-02  6.99230805E-02  1.30452600E-03
4.04623324E-02  6.60401583E-02  1.31268951E-03
4.07609474E-02  6.51136711E-02  1.25778036E-03
4.10595624E-02  6.40788674E-02  1.27320178E-03
4.13581774E-02  6.48510829E-02  1.25740853E-03
4.16567924E-02  6.55239522E-02  1.23850745E-03
4.19554074E-02  6.70143366E-02  1.28826092E-03
4.22540224E-02  6.46074265E-02  1.25504553E-03
4.25526374E-02  6.71405494E-02  1.26209401E-03
4.28512524E-02  6.41555563E-02  1.23788789E-03
4.31498674E-02  6.50509298E-02  1.23198982E-03
4.34484824E-02  6.65369555E-02  1.28479418E-03
4.37470974E-02  6.49661869E-02  1.21522381E-03
4.40457124E-02  6.63116053E-02  1.23371766E-03
4.43443274E-02  6.60742521E-02  1.25520315E-03
4.46429424E-02  6.64989278E-02  1.23146165E-03
4.49415574E-02  6.72767386E-02  1.27850811E-03
4.52401724E-02  6.52098432E-02  1.20305992E-03
4.55387874E-02  6.66167066E-02  1.23555085E-03
4.58374024E-02  6.81521297E-02  1.24970917E-03
4.61360174E-02  6.71969429E-02  1.22317858E-03
4.64346324E-02  6.66010156E-02  1.24146778E-03
4.67332474E-02  7.00601786E-02  1.23349973E-03
4.70318624E-02  6.52158856E-02  1.22548151E-03
4.73304774E-02  6.89421967E-02  1.25287345E-03
4.76290924E-02  6.79633990E-02  1.21771614E-03
4.79277074E-02  7.23704174E-02  1.24888006E-03
4.82263224E-02  7.08368048E-02  1.22717500E-03
4.85249374E-02  6.86393455E-02  1.24511018E-03
4.88235524E-02  7.19784126E-02  1.24359748E-03
4.91221674E-02  7.22588599E-02  1.23850082E-03
4.94207824E-02  7.23817199E-02  1.25281152E-03
4.97193974E-02  7.29033574E-02  1.23476377E-03
5.00180124E-02  7.43376017E-02  1.28149230E-03
5.03166274E-02  7.39183500E-02  1.24149269E-03
5.06152424E-02  7.58679807E-02  1.26149133E-03
5.09138574E-02  7.38266706E-02  1.25946675E-03
5.12124724E-02  7.59600103E-02  1.24390959E-03
5.15110874E-02  7.56254792E-02  1.26323500E-03
5.18097024E-02  7.59299025E-02  1.24726910E-03
5.21083174E-02  7.79982656E-02  1.26231275E-03
5.24069324E-02  8.00140426E-02  1.27944699E-03
5.27055474E-02  7.75500238E-02  1.25145807E-03
5.30041624E-02  8.21821764E-02  1.31294166E-03
5.33027774E-02  8.18159431E-02  1.27993745E-03
5.36013924E-02  8.31398964E-02  1.29763607E-03
5.39000074E-02  8.31135735E-02  1.27565453E-03
5.41986224E-02  8.38643834E-02  1.30703475E-03
5.44972374E-02  8.61490294E-02  1.30784290E-03
5.47958524E-02  9.04168636E-02  1.33052317E-03
5.50944674E-02  8.82340148E-02  1.33488863E-03
5.53930824E-02  9.21734124E-02  1.33416627E-03
5.56916974E-02  9.46332142E-02  1.34451478E-03
5.59903124E-02  9.41974595E-02  1.36950205E-03
5.62889274E-02  9.86834764E-02  1.37113291E-03
5.65875424E-02  1.00593857E-01  1.40928675E-03
5.68861574E-02  1.01198390E-01  1.38849579E-03
5.71847724E-02  1.04042768E-01  1.39846979E-03
5.74833874E-02  1.05673939E-01  1.42464810E-03
5.77820024E-02  1.08078524E-01  1.42344192E-03
5.80806174E-02  1.09016165E-01  1.46505400E-03
5.83792324E-02  1.13080800E-01  1.43891526E-03
5.86778474E-02  1.18377067E-01  1.49569032E-03
5.89764624E-02  1.16603769E-01  1.50060374E-03
5.92750774E-02  1.23122267E-01  1.47954002E-03
5.95736924E-02  1.23687789E-01  1.52887509E-03
5.98723074E-02  1.29099533E-01  1.52954669E-03
6.01709224E-02  1.32040724E-01  1.54489081E-03
6.04695374E-02  1.34772524E-01  1.58533966E-03
6.07681524E-02  1.37315705E-01  1.58358063E-03
6.10667674E-02  1.46336228E-01  1.64329389E-03
6.13653824E-02  1.45399198E-01  1.60079240E-03
6.16639974E-02  1.54509261E-01  1.67117629E-03
6.19626124E-02  1.54906124E-01  1.67546864E-03
6.22612274E-02  1.66053444E-01  1.70223962E-03
6.25598424E-02  1.65068731E-01  1.73401483E-03
6.28584574E-02  1.74427122E-01  1.75332418E-03
6.31570724E-02  1.84238940E-01  1.81792129E-03
6.34556874E-02  1.91896737E-01  1.80553226E-03
6.37543024E-02  1.97604015E-01  1.85693125E-03
6.40529174E-02  2.08796471E-01  1.93529273E-03
6.43515324E-02  2.16260806E-01  1.93190132E-03
6.46501474E-02  2.23803043E-01  2.00746465E-03
6.49487624E-02  2.35597342E-01  1.98394689E-03
6.52473774E-02  2.49776646E-01  2.05991277E-03
6.55459924E-02  2.62547940E-01  2.13517132E-03
6.58446074E-02  2.74512023E-01  2.15950445E-03
6.61432224E-02  2.88091481E-01  2.23662984E-03
6.64418374E-02  3.01299244E-01  2.23043934E-03
6.67404524E-02  3.21374536E-01  2.33376934E-03
6.70390674E-02  3.45812589E-01  2.43258709E-03
6.73376824E-02  3.72062862E-01  2.45710509E-03
6.76362974E-02  3.93461645E-01  2.58850749E-03
6.79349124E-02  4.13830519E-01  2.59583723E-03
6.82335274E-02  4.50730264E-01  2.72804359E-03
6.85321424E-02  4.74917084E-01  2.83362204E-03
6.88307574E-02  5.07525921E-01  2.87141348E-03
6.91293724E-02  5.49790084E-01  3.03432043E-03
6.94279874E-02  5.92228115E-01  3.07361828E-03
6.97266024E-02  6.34985685E-01  3.23799555E-03
7.00252174E-02  6.87594473E-01  3.34221125E-03
7.03238324E-02  7.45505989E-01  3.45241558E-03
7.06224474E-02  8.00675213E-01  3.63174989E-03
7.09210624E-02  8.60330343E-01  3.71720572E-03
7.12196774E-02  9.28812206E-01  3.85356136E-03
7.15182924E-02  1.01130581E+00  3.93295847E-03
7.18169074E-02  1.09359968E+00  4.20053303E-03
7.21155224E-02  1.16467297E+00  4.32009762E-03
7.24141374E-02  1.24762130E+00  4.44613164E-03
7.27127524E-02  1.34110689E+00  4.58914647E-03
7.30113674E-02  1.42202675E+00  4.68920078E-03
7.33099824E-02  1.52184105E+00  4.87777079E-03
7.36085974E-02  1.60501873E+00  5.02602616E-03
7.39072124E-02  1.67733133E+00  5.04331104E-03
7.42058274E-02  1.74704945E+00  5.25543094E-03
7.45044424E-02  1.81295502E+00  5.26022585E-03
7.48030574E-02  1.86234629E+00  5.36632398E-03
7.51016724E-02  1.89032447E+00  5.40057430E-03
7.54002874E-02  1.90762806E+00  5.33842994E-03
7.56989024E-02  1.91452610E+00  5.44099277E-03
7.59975174E-02  1.88655746E+00  5.31449961E-03
7.62961324E-02  1.85224915E+00  5.28279040E-03
7.65947474E-02  1.78913021E+00  5.17545966E-03
7.68933624E-02  1.71671999E+00  5.07503422E-03
7.71919774E-02  1.64334297E+00  5.01901703E-03
7.74905924E-02  1.54585600E+00  4.76053776E-03
7.77892074E-02  1.43950570E+00  4.62276069E-03
7.80878224E-02  1.33961046E+00  4.42243321E-03
7.83864374E-02  1.22677565E+00  4.22554044E-03
7.86850524E-02  1.13656294E+00  4.13380330E-03
7.89836674E-02  1.02715218E+00  3.88052431E-03
7.92822824E-02  9.30085838E-01  3.66232311E-03
7.95808974E-02  8.42351139E-01  3.45370942E-03
7.98795124E-02  7.80437171E-01  3.38958693E-03
8.01781274E-02  7.03641951E-01  3.24569270E-03
8.04767424E-02  6.38028800E-01  3.01184924E-03
8.07753574E-02  5.86546540E-01  2.91731162E-03
8.10739724E-02  5.38503110E-01  2.76420917E-03
8.13725874E-02  4.93304163E-01  2.63509061E-03
8.16712024E-02  4.57887620E-01  2.58023222E-03
8.19698174E-02  4.24538851E-01  2.42052833E-03
8.22684324E-02  3.98777843E-01  2.39563454E-03
8.25670474E-02  3.71821791E-01  2.28546350E-03
8.28656624E-02  3.53041351E-01  2.24267412E-03
8.31642774E-02  3.29195052E-01  2.13565002E-03
8.34628924E-02  3.13114792E-01  2.08488526E-03
8.37615074E-02  2.94181257E-01  2.05135159E-03
8.40601224E-02  2.87141085E-01  1.98486727E-03
8.43587374E-02  2.80334085E-01  1.96886924E-03
8.46573524E-02  2.64537811E-01  1.90329761E-03
8.49559674E-02  2.60988772E-01  1.90345629E-03
8.52545824E-02  2.54605114E-01  1.88374287E-03
8.55531974E-02  2.48036578E-01  1.82884815E-03
8.58518124E-02  2.42967963E-01  1.81877334E-03
8.61504274E-02  2.38680750E-01  1.78383430E-03
8.64490424E-02  2.35110715E-01  1.79956853E-03
8.67476574E-02  2.34361783E-01  1.79320585E-03
8.70462724E-02  2.32902706E-01  1.75796903E-03
8.73448874E-02  2.30665922E-01  1.76281272E-03
8.76435024E-02  2.32936695E-01  1.75398367E-03
8.79421174E-02  2.34014049E-01  1.78667915E-03
8.82407324E-02  2.32016429E-01  1.77220243E-03
8.85393474E-02  2.36569479E-01  1.76431425E-03
8.88379624E-02  2.37319112E-01  1.78043311E-03
8.91365774E-02  2.41774365E-01  1.77372945E-03
8.94351924E-02  2.46925503E-01  1.80589128E-03
8.97338074E-02  2.58303553E-01  1.83675042E-03
9.00324224E-02  2.61645049E-01  1.84348517E-03
9.03310374E-02  2.71935850E-01  1.90048793E-03
9.06296524E-02  2.84359604E-01  1.92007795E-03
9.09282674E-02  3.01956415E-01  1.97678292E-03
9.12268824E-02  3.15772116E-01  2.01780605E-03
9.15254974E-02  3.36535901E-01  2.07552454E-03
9.18241124E-02  3.58759522E-01  2.17473949E-03
9.21227274E-02  3.91382426E-01  2.25055125E-03
9.24213424E-02  4.30496216E-01  2.32027075E-03
9.27199574E-02  4.69172090E-01  2.44400254E-03
9.30185724E-02  5.24433911E-01  2.58860574E-03
9.33171874E-02  5.83350837E-01  2.75773625E-03
9.36158024E-02  6.66318357E-01  2.84660491E-03
9.39144174E-02  7.59331048E-01  3.11767310E-03
9.42130324E-02  8.79371405E-01  3.33696650E-03
9.45116474E-02  1.00396204E+00  3.54965264E-03
9.48102624E-02  1.16047788E+00  3.83340614E-03
9.51088774E-02  1.33210909E+00  4.02839808E-03
9.54074924E-02  1.51090121E+00  4.34685964E-03
9.57061074E-02  1.68385375E+00  4.57677105E-03
9.60047224E-02  1.84867036E+00  4.79976600E-03
9.63033374E-02  1.97693825E+00  4.91599273E-03
9.66019524E-02  2.06146216E+00  5.04627125E-03
9.69005674E-02  2.08088088E+00  5.05673280E-03
9.71991824E-02  2.05730009E+00  5.01492713E-03
9.74977974E-02  1.97969389E+00  4.90248576E-03
9.77964124E-02  1.83789241E+00  4.70748730E-03
9.80950274E-02  1.68744397E+00  4.54183761E-03
9.83936424E-02  1.51456988E+00  4.30477085E-03
9.86922574E-02  1.32533371E+00  4.02339222E-03
9.89908724E-02  1.14953446E+00  3.70719214E-03
9.92894874E-02  9.93973732E-01  3.43707227E-03
9.95881024E-02  8.41179788E-01  3.18747619E-03
9.98867174E-02  7.18515277E-01  2.95605208E-03
1.00185332E-01  6.17193282E-01  2.67813844E-03
1.00483947E-01  5.29850304E-01  2.52115377E-03
1.00782562E-01  4.63008463E-01  2.32826360E-03
1.01081177E-01  4.03532475E-01  2.19554454E-03
1.01379792E-01  3.59986126E-01  2.06585159E-03
1.01678407E-01  3.23557764E-01  1.93750637E-03
1.01977022E-01  2.91546553E-01  1.85913523E-03
1.02275637E-01  2.66674519E-01  1.77806721E-03
1.02574252E-01  2.44809151E-01  1.69650838E-03
1.02872867E-01  2.31221586E-01  1.63119542E-03
1.03171482E-01  2.17771411E-01  1.58175407E-03
1.03470097E-01  2.04812586E-01  1.53647375E-03
1.03768712E-01  1.97642908E-01  1.52308121E-03
1.04067327E-01  1.89593792E-01  1.46519183E-03
1.04365942E-01  1.80443048E-01  1.44572032E-03
1.04664557E-01  1.74330994E-01  1.41986134E-03
1.04963172E-01  1.69416845E-01  1.38950301E-03
1.05261787E-01  1.66370884E-01  1.38030283E-03
1.05560402E-01  1.61668077E-01  1.34653284E-03
1.05859017E-01  1.59405798E-01  1.35440286E-03
1.06157632E-01  1.56025112E-01  1.33131305E-03
1.06456247E-01  1.53810278E-01  1.32183125E-03
1.06754862E-01  1.50119245E-01  1.29039690E-03
1.07053477E-01  1.49514124E-01  1.29596482E-03
1.07352092E-01  1.48829177E-01  1.29299413E-03
1.07650707E-01  1.47153944E-01  1.28672179E-03
1.07949322E-01  1.45251125E-01  1.27634429E-03
1.08247937E-01  1.42479151E-01  1.26310508E-03
1.08546552E-01  1.44803509E-01  1.27844675E-03
1.08845167E-01  1.42863080E-01  1.24905899E-03
1.09143782E-01  1.44233212E-01  1.26985332E-03
1.09442397E-01  1.45259902E-01  1.25852262E-03
1.09741012E-01  1.42707080E-01  1.25128706E-03
1.10039627E-01  1.41627744E-01  1.25634740E-03
1.10338242E-01  1.43240601E-01  1.25557894E-03
1.10636857E-01  1.44189969E-01  1.24431227E-03
1.10935472E-01  1.44443035E-01  1.24445895E-03
1.11234087E-01  1.45114988E-01  1.25887454E-03
1.11532702E-01  1.46461323E-01  1.26372511E-03
1.11831317E-01  1.45229578E-01  1.25165365E-03
1.12129932E-01  1.49425164E-01  1.27203763E-03
1.12428547E-01  1.45642847E-01  1.25535519E-03
1.12727162E-01  1.46893650E-01  1.25545543E-03
1.13025777E-01  1.48722380E-01  1.26180984E-03
1.13324392E-01  1.49425730E-01  1.26287795E-03
1.13623007E-01  1.51983127E-01  1.27653824E-03
1.13921622E-01  1.52010545E-01  1.27762521E-03
1.14220237E-01  1.53970599E-01  1.27331074E-03
1.14518852E-01  1.55557215E-01  1.26948475E-03
1.14817467E-01  1.57610267E-01  1.29603012E-03
1.15116082E-01  1.60842076E-01  1.30826468E-03
1.15414697E-01  1.60033703E-01  1.29911350E-03
1.15713312E-01  1.64651424E-01  1.30511425E-03
1.16011927E-01  1.66783988E-01  1.31837849E-03
1.16310542E-01  1.69632569E-01  1.34152442E-03
1.16609157E-01  1.72793478E-01  1.33896142E-03
1.16907772E-01  1.73560664E-01  1.34688918E-03
1.17206387E-01  1.77913487E-01  1.35815772E-03
1.17505002E-01  1.80072621E-01  1.35792722E-03
1.17803617E-01  1.82455063E-01  1.38199748E-03
1.18102232E-01  1.86512724E-01  1.38400786E-03
1.18400847E-01  1.92691341E-01  1.40879734E-03
1.18699462E-01  1.96302846E-01  1.41883839E-03
1.18998077E-01  2.01069742E-01  1.42259605E-03
1.19296692E-01  2.06697956E-01  1.46986661E-03
1.19595307E-01  2.09401041E-01  1.45280838E-03
1.19893922E-01  2.13055059E-01  1.46230287E-03
1.20192537E-01  2.17397690E-01  1.49422162E-03
1.20491152E-01  2.21302286E-01  1.48612075E-03
1.20789767E-01  2.31372371E-01  1.53371424E-03
1.21088382E-01  2.32198685E-01  1.53424463E-03
1.21386997E-01  2.43259430E-01  1.55810732E-03
1.21685612E-01  2.45891914E-01  1.58111041E-03
1.21984227E-01  2.55392879E-01  1.60102837E-03
1.22282842E-01  2.64708489E-01  1.61850522E-03
1.22581457E-01  2.67335296E-01  1.61523803E-03
1.22880072E-01  2.76540190E-01  1.67195278E-03
1.23178687E-01  2.86602139E-01  1.68647862E-03
1.23477302E-01  2.99360842E-01  1.72847579E-03
1.23775917E-01  3.03720295E-01  1.72047049E-03
1.24074532E-01  3.15946639E-01  1.77196367E-03
1.24373147E-01  3.26972336E-01  1.80008716E-03
1.24671762E-01  3.37023407E-01  1.81737263E-03
1.24970377E-01  3.47989112E-01  1.84159889E-03
1.25268992E-01  3.59812558E-01  1.87004579E-03
1.25567607E-01  3.70203108E-01  1.88778422E-03
1.25866222E-01  3.83489877E-01  1.95221556E-03
1.26164837E-01  3.95571947E-01  1.96077721E-03
1.26463452E-01  4.05149698E-01  1.97488372E-03
1.26762067E-01  4.17547643E-01  2.01312546E-03
1.27060682E-01  4.29705977E-01  2.03663553E-03
1.27359297E-01  4.45016533E-01  2.10375013E-03
1.27657912E-01  4.48760748E-01  2.06305506E-03
1.27956527E-01  4.64224428E-01  2.10752175E-03
1.28255142E-01  4.79039878E-01  2.15628464E-03
1.28553757E-01  4.84186739E-01  2.13011005E-03
1.28852372E-01  4.97945756E-01  2.16881814E-03
1.29150987E-01  5.06033003E-01  2.18636193E-03
1.29449602E-01  5.14467180E-01  2.21790187E-03
1.29748217E-01  5.21650255E-01  2.23182351E-03
1.30046832E-01  5.21627903E-01  2.21388787E-03
1.30345447E-01  5.25643528E-01  2.21650465E-03
1.30644062E-01  5.27146637E-01  2.21674191E-03
1.30942677E-01  5.30535996E-01  2.24018446E-03
1.31241292E-01  5.25024772E-01  2.22109514E-03
1.31539907E-01  5.20165145E-01  2.19912035E-03
1.31838522E-01  5.15067697E-01  2.19847565E-03
1.32137137E-01  5.15276432E-01  2.21891748E-03
1.32435752E-01  5.03454387E-01  2.22206907E-03
1.32734367E-01  4.97278392E-01  2.20533949E-03
1.33032982E-01  4.89362597E-01  2.21080519E-03
1.33331597E-01  4.73842651E-01  2.17546779E-03
1.33630212E-01  4.62910384E-01  2.15941062E-03
1.33928827E-01  4.46490020E-01  2.15326622E-03
1.34227442E-01  4.30768013E-01  2.06404645E-03
1.34526057E-01  4.14310247E-01  2.06513354E-03
1.34824672E-01  3.98900509E-01  2.04129983E-03
1.35123287E-01  3.84283751E-01  1.99180283E-03
1.35421902E-01  3.70319635E-01  1.97266182E-03
1.35720517E-01  3.53230923E-01  1.90685084E-03
1.36019132E-01  3.37802231E-01  1.89824472E-03
1.36317747E-01  3.25919956E-01  1.84652023E-03
1.36616362E-01  3.08234394E-01  1.79042714E-03
1.36914977E-01  2.98426986E-01  1.78150286E-03
1.37213592E-01  2.82443315E-01  1.73575606E-03
1.37512207E-01  2.72944629E-01  1.72332616E-03
1.37810822E-01  2.61793077E-01  1.67110283E-03
1.38109437E-01  2.53601342E-01  1.64475187E-03
1.38408052E-01  2.39796326E-01  1.60543504E-03
1.38706667E-01  2.34429076E-01  1.59100501E-03
1.39005282E-01  2.29516909E-01  1.59137521E-03
1.39303897E-01  2.20324054E-01  1.52844423E-03
1.39602512E-01  2.17008471E-01  1.54619990E-03
1.39901127E-01  2.09854320E-01  1.51813461E-03
1.40199742E-01  2.07272753E-01  1.50177930E-03
1.40498357E-01  2.02819973E-01  1.50125846E-03
1.40796972E-01  1.96042731E-01  1.45661086E-03
1.41095587E-01  1.94245204E-01  1.47092156E-03
1.41394202E-01  1.92155167E-01  1.45384483E-03
1.41692817E-01  1.90202847E-01  1.45553937E-03
1.41991432E-01  1.90114215E-01  1.45520200E-03
1.42290047E-01  1.88035771E-01  1.43706333E-03
1.42588662E-01  1.86509401E-01  1.45052397E-03
1.42887277E-01  1.91096529E-01  1.46011414E-03
1.43185892E-01  1.87846065E-01  1.44309236E-03
1.43484507E-01  1.87531143E-01  1.45333679E-03
1.43783122E-01  1.89139783E-01  1.44748890E-03
1.44081737E-01  1.91226333E-01  1.46004080E-03
1.44380352E-01  1.93504214E-01  1.45669049E-03
1.44678967E-01  1.94423705E-01  1.44398364E-03
1.44977582E-01  1.96689352E-01  1.48133980E-03
1.45276197E-01  2.01486245E-01  1.47728936E-03
1.45574812E-01  1.98681429E-01  1.48414436E-03
1.45873427E-01  2.03103632E-01  1.46588869E-03
1.46172042E-01  2.06272632E-01  1.48790842E-03
1.46470657E-01  2.09292874E-01  1.51673448E-03
1.46769272E-01  2.12928027E-01  1.51172548E-03
1.47067887E-01  2.11353198E-01  1.50270492E-03
1.47366502E-01  2.16775760E-01  1.51443388E-03
1.47665117E-01  2.18711838E-01  1.52346783E-03
1.47963732E-01  2.24559128E-01  1.56139734E-03
1.48262347E-01  2.29213059E-01  1.56079012E-03
1.48560962E-01  2.30694473E-01  1.56818947E-03
1.48859577E-01  2.34171942E-01  1.55893073E-03
1.49158192E-01  2.38215759E-01  1.60510221E-03
1.49456807E-01  2.40067050E-01  1.59253937E-03
1.49755422E-01  2.41602346E-01  1.59345975E-03
1.50054037E-01  2.41792277E-01  1.60426635E-03
1.50352652E-01  2.46296838E-01  1.59879099E-03
1.50651267E-01  2.46474862E-01  1.62217719E-03
1.50949882E-01  2.45731622E-01  1.59461808E-03
1.51248497E-01  2.44710118E-01  1.59893453E-03
1.51547112E-01  2.46851534E-01  1.63395447E-03
1.51845727E-01  2.42858186E-01  1.57378614E-03
1.52144342E-01  2.48157293E-01  1.63018133E-03
1.52442957E-01  2.42293939E-01  1.56295905E-03
1.52741572E-01  2.44319841E-01  1.59237836E-03
1.53040187E-01  2.40437195E-01  1.60220277E-03
1.53338802E-01  2.35894769E-01  1.55500462E-03
1.53637417E-01  2.32178837E-01  1.56152132E-03
1.53936032E-01  2.31022045E-01  1.53497094E-03
1.54234647E-01  2.23853827E-01  1.51425507E-03
1.54533262E-01  2.17437327E-01  1.51565671E-03
1.54831877E-01  2.16102928E-01  1.48997537E-03
1.55130492E-01  2.13406160E-01  1.48280978E-03
1.55429107E-01  2.05124915E-01  1.44586875E-03
1.55727722E-01  1.95771724E-01  1.42648479E-03
1.56026337E-01  1.91984028E-01  1.40437693E-03
1.56324952E-01  1.87204719E-01  1.38227176E-03
1.56623567E-01  1.86044693E-01  1.39368116E-03
1.56922182E-01  1.75683394E-01  1.33473205E-03
1.57220797E-01  1.71675101E-01  1.33729947E-03
1.57519412E-01  1.68553531E-01  1.30878109E-03
1.57818027E-01  1.60021052E-01  1.27430982E-03
1.58116642E-01  1.55383930E-01  1.27274124E-03
1.58415257E-01  1.50756925E-01  1.23687647E-03
1.58713872E-01  1.48208097E-01  1.23799406E-03
1.59012487E-01  1.41641095E-01  1.19291781E-03
1.59311102E-01  1.38018191E-01  1.19555648E-03
1.59609717E-01  1.34108737E-01  1.18067011E-03
1.59908332E-01  1.32332519E-01  1.14574679E-03
1.60206947E-01  1.29087776E-01  1.14290684E-03
1.60505562E-01  1.25485778E-01  1.12685002E-03
1.60804177E-01  1.24055840E-01  1.11921097E-03
1.61102792E-01  1.21426798E-01  1.10768562E-03
1.61401407E-01  1.17200755E-01  1.08398474E-03
1.61700022E-01  1.11950606E-01  1.05792831E-03
1.61998637E-01  1.11143209E-01  1.05635310E-03
1.62297252E-01  1.08714290E-01  1.04960823E-03
1.62595867E-01  1.07627884E-01  1.04360376E-03
1.62894482E-01  1.04454629E-01  1.01652090E-03
1.63193097E-01  1.03499226E-01  1.02670933E-03
1.63491712E-01  1.02668576E-01  1.00568507E-03
1.63790327E-01  9.92214084E-02  1.00418495E-03
1.64088942E-01  9.81298834E-02  9.81839024E-04
1.64387557E-01  9.79488119E-02  9.88524989E-04
1.64686172E-01  9.43720639E-02  9.81817953E-04
1.64984787E-01  9.39221233E-02  9.61900922E-04
1.65283402E-01  9.38592851E-02  9.67672910E-04
1.65582017E-01  9.22265649E-02  9.51193797E-04
1.65880632E-01  9.27644223E-02  9.57964687E-04
1.66179247E-01  9.11160260E-02  9.57156008E-04
1.66477862E-01  8.95619094E-02  9.35732853E-04
1.66776477E-01  8.73087645E-02  9.31986317E-04
1.67075092E-01  8.84787664E-02  9.40200000E-04
1.67373707E-01  8.73734057E-02  9.31350689E-04
1.67672322E-01  8.48717317E-02  9.17277648E-04
1.67970937E-01  8.47823843E-02  9.08232119E-04
1.68269552E-01  8.58605355E-02  9.21316154E-04
1.68568167E-01  8.50250497E-02  9.07660287E-04
1.68866782E-01  8.37360695E-02  9.14016331E-04
1.69165397E-01  8.32313523E-02  9.04261367E-04
1.69464012E-01  8.21929350E-02  8.93032295E-04
1.69762627E-01  8.15103278E-02  8.95177538E-04
1.70061242E-01  8.16892758E-02  8.93059012E-04
1.70359857E-01  8.04887414E-02  8.96758342E-04
1.70658472E-01  7.99468160E-02  8.77741841E-04
1.70957087E-01  7.99786001E-02  8.81229993E-04
1.71255702E-01  7.93832988E-02  8.88699433E-04
1.71554317E-01  7.88715333E-02  8.65936221E-04
1.71852932E-01  7.77170137E-02  8.70481774E-04
1.72151547E-01  7.86854699E-02  8.72883131E-04
1.72450162E-01  7.90455863E-02  8.76986014E-04
1.72748777E-01  7.71115869E-02  8.68287811E-04
1.73047392E-01  7.66180679E-02  8.61638924E-04
1.73346007E-01  7.67458305E-02  8.63840804E-04
1.73644622E-01  7.51757994E-02  8.50871089E-04
1.73943237E-01  7.57862628E-02  8.54611513E-04
1.74241852E-01  7.68456757E-02  8.65897688E-04
1.74540467E-01  7.63392895E-02  8.52221798E-04
1.74839082E-01  7.45603070E-02  8.52632977E-04
1.75137697E-01  7.62749687E-02  8.54169251E-04
1.75436312E-01  7.32284039E-02  8.42373760E-04
1.75734927E-01  7.50765353E-02  8.42599722E-04
1.76033542E-01  7.36099482E-02  8.36854975E-04
1.76332157E-01  7.27399662E-02  8.44501483E-04
1.76630772E-01  7.31024221E-02  8.31730256E-04
1.76929387E-01  7.29156658E-02  8.43477203E-04
1.77228002E-01  7.20412210E-02  8.22375529E-04
1.77526617E-01  7.28815198E-02  8.33271886E-04
1.77825232E-01  7.18322694E-02  8.30056553E-04
1.78123847E-01  7.22890794E-02  8.29321798E-04
1.78422462E-01  7.24700838E-02  8.30360688E-04
1.78721077E-01  7.26428255E-02  8.33599479E-04
1.79019692E-01  7.08735213E-02  8.23665410E-04
1.79318307E-01  7.23107308E-02  8.32258142E-04
1.79616922E-01  7.19548762E-02  8.17827473E-04
1.79915537E-01  7.20859915E-02  8.29561614E-04
1.80214152E-01  7.17048272E-02  8.20193789E-04
1.80512767E-01  7.26838484E-02  8.34125152E-04
1.80811382E-01  7.20732734E-02  8.28373712E-04
1.81109997E-01  7.22526386E-02  8.21689609E-04
1.81408612E-01  7.25142211E-02  8.31466983E-04
1.81707227E-01  7.20596761E-02  8.24144867E-04
1.82005842E-01  7.14378059E-02  8.20582325E-04
1.82304457E-01  7.13918805E-02  8.15707434E-04
1.82603072E-01  7.11635426E-02  8.17917695E-04
1.82901687E-01  7.17812702E-02  8.27260897E-04
1.83200302E-01  7.31188953E-02  8.27431213E-04
1.83498917E-01  7.24029094E-02  8.20117071E-04
1.83797532E-01  7.15085194E-02  8.13700841E-04
1.84096147E-01  7.32981116E-02  8.31484853E-04
1.84394762E-01  7.24649355E-02  8.28130171E-04
1.84693377E-01  7.28319436E-02  8.24447954E-04
1.84991992E-01  7.28649348E-02  8.29028257E-04
1.85290607E-01  7.34616369E-02  8.21788446E-04
1.85589222E-01  7.39783868E-02  8.30641249E-04
1.85887837E-01  7.20119476E-02  8.17105058E-04
1.86186452E-01  7.21268952E-02  8.16153246E-04
1.86485067E-01  7.35426694E-02  8.28469056E-04
1.86783682E-01  7.40360916E-02  8.28785298E-04
1.87082297E-01  7.38128349E-02  8.31090729E-04
1.87380912E-01  7.41780847E-02  8.27682496E-04
1.87679527E-01  7.45280311E-02  8.22673377E-04
1.87978142E-01  7.53420964E-02  8.37444619E-04
1.88276757E-01  7.51540288E-02  8.34478298E-04
1.88575372E-01  7.65231922E-02  8.44542461E-04
1.88873987E-01  7.55946636E-02  8.34193197E-04
1.89172602E-01  7.50400126E-02  8.26564268E-04
1.89471217E-01  7.68899024E-02  8.42961366E-04
1.89769832E-01  7.79263154E-02  8.50853743E-04
1.90068447E-01  7.68552721E-02  8.33024620E-04
1.90367062E-01  7.82421827E-02  8.48406111E-04
1.90665677E-01  7.88032711E-02  8.49510659E-04
1.90964292E-01  8.05873275E-02  8.57409032E-04
1.91262907E-01  7.79761821E-02  8.46967043E-04
1.91561522E-01  7.90152922E-02  8.41971079E-04
1.91860137E-01  8.07102695E-02  8.62533401E-04
1.92158752E-01  8.04971978E-02  8.56935221E-04
1.92457367E-01  8.20229277E-02  8.66138726E-04
1.92755982E-01  7.97152892E-02  8.50299431E-04
1.93054597E-01  8.06353688E-02  8.55743361E-04
1.93353212E-01  8.16756859E-02  8.56853148E-04
1.93651827E-01  8.15541819E-02  8.65348091E-04
1.93950442E-01  8.18803832E-02  8.62328801E-04
1.94249057E-01  8.28793719E-02  8.61505920E-04
1.94547672E-01  8.32412168E-02  8.70027521E-04
1.94846287E-01  8.33108574E-02  8.68717441E-04
1.95144902E-01  8.45312476E-02  8.79865780E-04
1.95443517E-01  8.34626183E-02  8.55903025E-04
1.95742132E-01  8.24510902E-02  8.62570480E-04
1.96040747E-01  8.11107755E-02  8.57175968E-04
1.96339362E-01  8.12582672E-02  8.59887863E-04
1.96637977E-01  8.45036656E-02  8.68269824E-04
1.96936592E-01  8.28013569E-02  8.61113716E-04
1.97235207E-01  8.12004730E-02  8.55738006E-04
1.97533822E-01  8.25615451E-02  8.59596475E-04
1.97832437E-01  8.25836584E-02  8.62448418E-04
1.98131052E-01  8.22155476E-02  8.55901337E-04
1.98429667E-01  8.35857540E-02  8.63822934E-04
1.98728282E-01  8.32280070E-02  8.64709495E-04
1.99026897E-01  8.34963173E-02  8.60649627E-04
1.99325512E-01  8.20600614E-02  8.55907449E-04
1.99624127E-01  7.98673257E-02  8.44129594E-04
1.99922742E-01  8.03928152E-02  8.45304050E-04
2.00221357E-01  8.14484805E-02  8.55694758E-04
2.00519972E-01  8.08194503E-02  8.43840127E-04
2.00818587E-01  7.86110237E-02  8.31455458E-04
2.01117202E-01  7.96912983E-02  8.45343689E-04
2.01415817E-01  7.89493993E-02  8.32986843E-04
2.01714432E-01  7.90720806E-02  8.37550906E-04
2.02013047E-01  7.71475360E-02  8.23941838E-04
2.02311662E-01  7.80524090E-02  8.32136080E-04
2.02610277E-01  7.50049055E-02  8.17786728E-04
2.02908892E-01  7.56877810E-02  8.12579761E-04
2.03207507E-01  7.37411678E-02  8.05301417E-04
2.03506122E-01  7.23905042E-02  7.96655368E-04
2.03804737E-01  7.19021112E-02  7.94704654E-04
2.04103352E-01  7.12737441E-02  7.93696207E-04
2.04401967E-01  6.94121942E-02  7.82286166E-04
2.04700582E-01  6.88187107E-02  7.72221014E-04
2.04999197E-01  6.67436793E-02  7.62598182E-04
2.05297812E-01  6.73159808E-02  7.73287320E-04
2.05596427E-01  6.64173812E-02  7.61909760E-04
2.05895042E-01  6.44816458E-02  7.52590073E-04
2.06193657E-01  6.34256974E-02  7.41580094E-04
2.06492272E-01  6.06498830E-02  7.24284211E-04
2.06790887E-01  6.13619573E-02  7.36685412E-04
2.07089502E-01  5.97841591E-02  7.15170638E-04
2.07388117E-01  5.94653785E-02  7.22506200E-04
2.07686732E-01  5.83884194E-02  7.13062065E-04
2.07985347E-01  5.79004176E-02  7.07683153E-04
2.08283962E-01  5.67252189E-02  7.02186779E-04
2.08582577E-01  5.61913587E-02  6.93984970E-04
2.08881192E-01  5.49601652E-02  6.89484354E-04
2.09179807E-01  5.52338660E-02  6.94394927E-04
2.09478422E-01  5.34659885E-02  6.75110030E-04
2.09777037E-01  5.32975011E-02  6.81066071E-04
2.10075652E-01  5.22395931E-02  6.67929358E-04
2.10374267E-01  5.21656908E-02  6.75882446E-04
2.10672882E-01  5.19142896E-02  6.72173977E-04
2.10971497E-01  5.01680076E-02  6.50054135E-04
2.11270112E-01  4.97687832E-02  6.57533063E-04
2.11568727E-01  5.06392978E-02  6.56436488E-04
2.11867342E-01  4.94781174E-02  6.55009004E-04
2.12165957E-01  4.86048795E-02  6.43505191E-04
2.12464572E-01  4.89595570E-02  6.45266846E-04
2.12763187E-01  4.84481454E-02  6.45001302E-04
2.13061802E-01  4.76144664E-02  6.38847065E-04
2.13360417E-01  4.69189286E-02  6.36485172E-04
2.13659032E-01  4.77967449E-02  6.35653443E-04
2.13957647E-01  4.73861620E-02  6.33677060E-04
2.14256262E-01  4.66448814E-02  6.31548348E-04
2.14554877E-01  4.66957390E-02  6.28105365E-04
2.14853492E-01  4.66325171E-02  6.28621317E-04
2.15152107E-01  4.61407118E-02  6.24550448E-04
2.15450722E-01  4.69922833E-02  6.36602170E-04
2.15749337E-01  4.49218564E-02  6.18099642E-04
2.16047952E-01  4.53701615E-02  6.19131897E-04
2.16346567E-01  4.71333489E-02  6.31426403E-04
2.16645182E-01  4.58759665E-02  6.19436672E-04
2.16943797E-01  4.67927232E-02  6.28954906E-04
2.17242412E-01  4.67229038E-02  6.32662734E-04
2.17541027E-01  4.60160002E-02  6.18012506E-04
2.17839642E-01  4.63644862E-02  6.30999217E-04
2.18138257E-01  4.63676043E-02  6.19281549E-04
2.18436872E-01  4.53360081E-02  6.18723454E-04
2.18735487E-01  4.64435741E-02  6.23080996E-04
2.19034102E-01  4.58459593E-02  6.19426894E-04
2.19332717E-01  4.62731123E-02  6.26399997E-04
2.19631332E-01  4.61149514E-02  6.22720341E-04
2.19929947E-01  4.56277244E-02  6.17041776E-04
2.20228562E-01  4.65605557E-02  6.21304614E-04
2.20527177E-01  4.72251140E-02  6.29053451E-04
2.20825792E-01  4.70771641E-02  6.28814450E-04
2.21124407E-01  4.65320908E-02  6.23315689E-04
2.21423022E-01  4.67839502E-02  6.23896951E-04
2.21721637E-01  4.72716242E-02  6.25853543E-04
2.22020252E-01  4.73352112E-02  6.26092078E-04
2.22318867E-01  4.60993834E-02  6.21886691E-04
2.22617482E-01  4.65712175E-02  6.17772748E-04
2.22916097E-01  4.64328714E-02  6.25248707E-04
2.23214712E-01  4.70931493E-02  6.23217551E-04
2.23513327E-01  4.88875099E-02  6.39284553E-04
2.23811942E-01  4.68151383E-02  6.22104038E-04
2.24110557E-01  4.79275063E-02  6.26891793E-04
2.24409172E-01  4.68133502E-02  6.24288979E-04
2.24707787E-01  4.78729047E-02  6.25268964E-04
2.25006402E-01  4.78602163E-02  6.32538402E-04
2.25305017E-01  4.80789021E-02  6.22670865E-04
2.25603632E-01  4.80728708E-02  6.31336588E-04
2.25902247E-01  4.74963114E-02  6.28277892E-04
2.26200862E-01  4.77608554E-02  6.26536901E-04
2.26499477E-01  4.70873304E-02  6.19945931E-04
2.26798092E-01  4.80884537E-02  6.29967719E-04
2.27096707E-01  4.72327918E-02  6.23430009E-04
2.27395322E-01  4.68883403E-02  6.23517379E-04
2.27693937E-01  4.70938012E-02  6.17149461E-04
2.27992552E-01  4.62550074E-02  6.13740238E-04
2.28291167E-01  4.51282598E-02  6.05871261E-04
2.28589782E-01  4.52473313E-02  6.11617987E-04
2.28888397E-01  4.57367599E-02  6.12771837E-04
2.29187012E-01  4.52862568E-02  6.04677363E-04
2.29485627E-01  4.47710790E-02  6.03473687E-04
2.29784242E-01  4.53021899E-02  6.09857496E-04
2.30082857E-01  4.57260832E-02  6.08653994E-04
2.30381472E-01  4.42282632E-02  5.97406586E-04
2.30680087E-01  4.39701527E-02  5.97197912E-04
2.30978702E-01  4.38000001E-02  5.96042490E-04
2.31277317E-01  4.32668030E-02  5.93085599E-04
2.31575932E-01  4.28602286E-02  5.90123993E-04
2.31874547E-01  4.39817235E-02  5.93211269E-04
2.32173162E-01  4.20178324E-02  5.82626497E-04
2.32471777E-01  4.17974107E-02  5.82263165E-04
2.32770392E-01  4.16890159E-02  5.79517393E-04
2.33069007E-01  4.05634716E-02  5.71316516E-04
2.33367622E-01  4.13360596E-02  5.74610953E-04
2.33666237E-01  4.02450860E-02  5.71845507E-04
2.33964852E-01  3.97743210E-02  5.64132235E-04
2.34263467E-01  3.89823578E-02  5.58488828E-04
2.34562082E-01  3.96163724E-02  5.64452668E-04
2.34860697E-01  3.86482291E-02  5.56565123E-04
2.35159312E-01  3.70653160E-02  5.45668532E-04
2.35457927E-01  3.75676677E-02  5.46413532E-04
2.35756542E-01  3.69590744E-02  5.39850618E-04
2.36055157E-01  3.75400260E-02  5.48687705E-04
2.36353772E-01  3.64916623E-02  5.40513429E-04
2.36652387E-01  3.61279324E-02  5.40730718E-04
2.36951002E-01  3.50427777E-02  5.22910035E-04
2.37249617E-01  3.54358070E-02  5.34154242E-04
2.37548232E-01  3.54670733E-02  5.31972852E-04
2.37846847E-01  3.50780673E-02  5.27266238E-04
2.38145462E-01  3.46316323E-02  5.23461436E-04
2.38444077E-01  3.39698344E-02  5.14990126E-04
2.38742692E-01  3.32335606E-02  5.17885434E-04
2.39041307E-01  3.37709375E-02  5.17353474E-04
2.39339922E-01  3.30075175E-02  5.10472979E-04
2.39638537E-01  3.39408182E-02  5.18074783E-04
2.39937152E-01  3.26433703E-02  5.06662356E-04
2.40235767E-01  3.26253027E-02  5.10081765E-04
2.40534382E-01  3.17116454E-02  4.99659393E-04
2.40832997E-01  3.25430557E-02  5.05044474E-04
2.41131612E-01  3.26123424E-02  5.08266559E-04
2.41430227E-01  3.11541539E-02  4.92652005E-04
2.41728842E-01  3.06560881E-02  4.93619067E-04
2.42027457E-01  3.15147676E-02  4.93867265E-04
2.42326072E-01  3.15086916E-02  4.95723682E-04
2.42624687E-01  3.04816216E-02  4.92215622E-04
2.42923302E-01  3.10373772E-02  4.93777741E-04
2.43221917E-01  3.04698255E-02  4.84687160E-04
2.43520532E-01  3.04569211E-02  4.86579462E-04
2.43819147E-01  2.94172615E-02  4.78598435E-04
2.44117762E-01  3.07407640E-02  4.91553452E-04
2.44416377E-01  3.08006629E-02  4.93268599E-04
2.44714992E-01  2.96425279E-02  4.77546564E-04
2.45013607E-01  2.95692794E-02  4.81965457E-04
2.45312222E-01  3.00815962E-02  4.83180076E-04
2.45610837E-01  2.94680111E-02  4.79678070E-04
2.45909452E-01  2.90541314E-02  4.71506413E-04
2.46208067E-01  2.94403639E-02  4.78531176E-04
2.46506682E-01  2.88546048E-02  4.72708838E-04
2.46805297E-01  2.86515113E-02  4.74828965E-04
2.47103912E-01  2.94940826E-02  4.75710985E-04
2.47402527E-01  2.88496967E-02  4.70486673E-04
2.47701142E-01  2.76452620E-02  4.63335629E-04
2.47999757E-01  2.86620446E-02  4.71392239E-04
2.48298372E-01  2.86665931E-02  4.74168162E-04
2.48596987E-01  2.77614538E-02  4.57820657E-04
2.48895602E-01  2.84586269E-02  4.66785830E-04
2.49194217E-01  2.82826554E-02  4.65846184E-04
2.49492832E-01  2.82827802E-02  4.66735422E-04
2.49791447E-01  2.69980226E-02  4.57134185E-04
2.50090062E-01  2.80844979E-02  4.63085104E-04
2.50388677E-01  2.72298940E-02  4.59220755E-04
2.50687292E-01  2.75835022E-02  4.60557349E-04
2.50985907E-01  2.72189751E-02  4.54915018E-04
2.51284522E-01  2.80756764E-02  4.64902987E-04
2.51583137E-01  2.68345736E-02  4.51208412E-04
2.51881752E-01  2.83143930E-02  4.65485733E-04
2.52180367E-01  2.73732524E-02  4.57685266E-04
2.52478982E-01  2.76761018E-02  4.58600960E-04
2.52777597E-01  2.81239767E-02  4.63169708E-04
2.53076212E-01  2.72921231E-02  4.56392590E-04
2.53374827E-01  2.67719198E-02  4.53370769E-04
2.53673442E-01  2.75512375E-02  4.54045337E-04
2.53972057E-01  2.69996934E-02  4.53088956E-04
2.54270672E-01  2.76616476E-02  4.58487368E-04
2.54569287E-01  2.66666692E-02  4.52237349E-04
2.54867902E-01  2.79965810E-02  4.61009127E-04
2.55166517E-01  2.63440367E-02  4.44344361E-04
2.55465132E-01  2.64890511E-02  4.48066858E-04
2.55763747E-01  2.70024911E-02  4.52753593E-04
2.56062362E-01  2.66618710E-02  4.49769228E-04
2.56360977E-01  2.66086124E-02  4.46337624E-04
2.56659592E-01  2.63047665E-02  4.42612945E-04
2.56958207E-01  2.74228305E-02  4.55657020E-04
2.57256822E-01  2.72521377E-02  4.53509972E-04
2.57555437E-01  2.63351724E-02  4.43690224E-04
2.57854052E-01  2.63785440E-02  4.45116370E-04
2.58152667E-01  2.62519531E-02  4.45588841E-04
2.58451282E-01  2.60315314E-02  4.43833938E-04
2.58749897E-01  2.61548143E-02  4.40776726E-04
2.59048512E-01  2.67128702E-02  4.46394057E-04
2.59347127E-01  2.71394048E-02  4.49707703E-04
2.59645742E-01  2.60816477E-02  4.43081284E-04
2.59944357E-01  2.65428834E-02  4.47698287E-04
2.60242972E-01  2.66454928E-02  4.42924269E-04
2.60541587E-01  2.63301712E-02  4.44363395E-04
2.60840202E-01  2.67359857E-02  4.46593302E-04
2.61138817E-01  2.64794435E-02  4.45741432E-04
2.61437432E-01  2.67229639E-02  4.46251273E-04
2.61736047E-01  2.67443657E-02  4.44445002E-04
2.62034662E-01  2.57307347E-02  4.38005634E-04
2.62333277E-01  2.68060882E-02  4.46830207E-04
2.62631892E-01  2.68968176E-02  4.45016456E-04
2.62930507E-01  2.78389361E-02  4.52980108E-04
2.63229122E-01  2.66094077E-02  4.43675031E-04
2.63527737E-01  2.62360722E-02  4.43343888E-04
2.63826352E-01  2.60726530E-02  4.38149465E-04
2.64124967E-01  2.58224308E-02  4.36042901E-04
2.64423582E-01  2.67184023E-02  4.43890982E-04
2.64722197E-01  2.56770011E-02  4.33463574E-04
2.65020812E-01  2.63860896E-02  4.43792873E-04
2.65319427E-01  2.64433641E-02  4.38414951E-04
2.65618042E-01  2.60707866E-02  4.39860596E-04
2.65916657E-01  2.71191001E-02  4.46863036E-04
2.66215272E-01  2.61381399E-02  4.38137766E-04
2.66513887E-01  2.56494284E-02  4.34361864E-04
2.66812502E-01  2.60090288E-02  4.34692978E-04
2.67111117E-01  2.58899145E-02  4.36622562E-04
2.67409732E-01  2.64884960E-02  4.40497155E-04
2.67708347E-01  2.64830049E-02  4.41138400E-04
2.68006962E-01  2.66792085E-02  4.42082150E-04
2.68305577E-01  2.63408404E-02  4.37799579E-04
2.68604192E-01  2.69745272E-02  4.44179372E-04
2.68902807E-01  2.68613249E-02  4.42675548E-04
2.69201422E-01  2.57469993E-02  4.31399530E-04
2.69500037E-01  2.64840871E-02  4.39331692E-04
2.69798652E-01  2.56051458E-02  4.31758672E-04
2.70097267E-01  2.54817456E-02  4.33516019E-04
2.70395882E-01  2.61678435E-02  4.32600209E-04
2.70694497E-01  2.62846649E-02  4.37228417E-04
2.70993112E-01  2.65257172E-02  4.40022297E-04
2.71291727E-01  2.62662023E-02  4.37527051E-04
2.71590342E-01  2.62045544E-02  4.38144460E-04
2.71888957E-01  2.52576414E-02  4.24693164E-04
2.72187572E-01  2.63275225E-02  4.36134869E-04
2.72486187E-01  2.67724898E-02  4.40256001E-04
2.72784802E-01  2.69481055E-02  4.42605640E-04
2.73083417E-01  2.59139761E-02  4.29638021E-04
2.73382032E-01  2.61889044E-02  4.34435060E-04
2.73680647E-01  2.66205035E-02  4.40023345E-04
2.73979262E-01  2.69321408E-02  4.40446456E-04
2.74277877E-01  2.67503615E-02  4.37181443E-04
2.74576492E-01  2.59861387E-02  4.31546767E-04
2.74875107E-01  2.49194205E-02  4.23887948E-04
2.75173722E-01  2.56830826E-02  4.30994580E-04
2.75472337E-01  2.61296947E-02  4.29918262E-04
2.75770952E-01  2.60951109E-02  4.33775334E-04
2.76069567E-01  2.53957435E-02  4.23733465E-04
2.76368182E-01  2.61158720E-02  4.35506547E-04
2.76666797E-01  2.63015535E-02  4.35824302E-04
2.76965412E-01  2.56545991E-02  4.25571721E-04
2.77264027E-01  2.58928929E-02  4.30890417E-04
2.77562642E-01  2.59630736E-02  4.27698134E-04
2.77861257E-01  2.64157020E-02  4.36996430E-04
2.78159872E-01  2.56572589E-02  4.24856611E-04
2.78458487E-01  2.63180155E-02  4.31907421E-04
2.78757102E-01  2.59149726E-02  4.31736349E-04
2.79055717E-01  2.69031003E-02  4.37232084E-04
2.79354332E-01  2.54408363E-02  4.25077946E-04
2.79652947E-01  2.60080080E-02  4.29899112E-04
2.79951562E-01  2.58007869E-02  4.24679165E-04
2.80250177E-01  2.56647002E-02  4.28998086E-04
2.80548792E-01  2.65404228E-02  4.33518901E-04
2.80847407E-01  2.58859340E-02  4.26543149E-04
2.81146022E-01  2.65460145E-02  4.33783891E-04
2.81444637E-01  2.69006602E-02  4.37770941E-04
2.81743252E-01  2.68420074E-02  4.35434864E-04
2.82041867E-01  2.56036129E-02  4.21605044E-04
2.82340482E-01  2.62509640E-02  4.30401531E-04
2.82639097E-01  2.65739858E-02  4.33258712E-04
2.82937712E-01  2.57354137E-02  4.25625913E-04
2.83236327E-01  2.64835097E-02  4.31554246E-04
2.83534942E-01  2.60349736E-02  4.25774284E-04
2.83833557E-01  2.52626557E-02  4.21806559E-04
2.84132172E-01  2.62137912E-02  4.28928121E-04
2.84430787E-01  2.65607815E-02  4.34025191E-04
2.84729402E-01  2.67625358E-02  4.30312561E-04
2.85028017E-01  2.63654105E-02  4.29743930E-04
2.85326632E-01  2.71137990E-02  4.38633549E-04
2.85625247E-01  2.64916327E-02  4.26674320E-04
2.85923862E-01  2.70204153E-02  4.34515183E-04
2.86222477E-01  2.73368899E-02  4.36622446E-04
2.86521092E-01  2.77202986E-02  4.39783180E-04
2.86819707E-01  2.75071580E-02  4.41146258E-04
2.87118322E-01  2.74067372E-02  4.33881272E-04
2.87416937E-01  2.74401624E-02  4.36162954E-04
2.87715552E-01  2.81617269E-02  4.41213488E-04
2.88014167E-01  2.81739701E-02  4.44360048E-04
2.88312782E-01  2.90126614E-02  4.50146967E-04
2.88611397E-01  2.84914449E-02  4.40894044E-04
2.88910012E-01  2.91683264E-02  4.51801490E-04
2.89208627E-01  2.99976319E-02  4.55819478E-04
2.89507242E-01  2.99814660E-02  4.55363595E-04
2.89805857E-01  2.92347427E-02  4.48019040E-04
2.90104472E-01  3.03823017E-02  4.56065318E-04
2.90403087E-01  3.05046681E-02  4.61926888E-04
2.90701702E-01  3.06151174E-02  4.59146424E-04
2.91000317E-01  3.05525195E-02  4.57898772E-04
2.91298932E-01  3.02248001E-02  4.56434675E-04
2.91597547E-01  3.02444175E-02  4.57252609E-04
2.91896162E-01  2.95721460E-02  4.51812375E-04
2.92194777E-01  2.99254861E-02  4.52741398E-04
2.92493392E-01  3.03817373E-02  4.56623064E-04
2.92792007E-01  2.94306912E-02  4.49966406E-04
2.93090622E-01  2.97871381E-02  4.52464330E-04
2.93389237E-01  2.85842568E-02  4.43020370E-04
2.93687852E-01  2.87836287E-02  4.41468786E-04
2.93986467E-01  2.77191121E-02  4.36372677E-04
2.94285082E-01  2.75891423E-02  4.33147361E-04
2.94583697E-01  2.69088726E-02  4.30997316E-04
2.94882312E-01  2.66000889E-02  4.25724051E-04
2.95180927E-01  2.65682787E-02  4.22731740E-04
2.95479542E-01  2.64269020E-02  4.25466249E-04
2.95778157E-01  2.59792469E-02  4.20224358E-04
2.96076772E-01  2.68745702E-02  4.27713501E-04
2.96375387E-01  2.63280831E-02  4.22835408E-04
2.96674002E-01  2.62351353E-02  4.21887060E-04
2.96972617E-01  2.56582685E-02  4.19950753E-04
2.97271232E-01  2.60479935E-02  4.23334801E-04
2.97569847E-01  2.60665957E-02  4.23693069E-04
2.97868462E-01  2.56102383E-02  4.21200530E-04
2.98167077E-01  2.64162365E-02  4.29887616E-04
2.98465692E-01  2.55143996E-02  4.25121922E-04
2.98764307E-01  2.56182738E-02  4.22304729E-04
2.99062922E-01  2.54087485E-02  4.23185382E-04
2.99361537E-01  2.57305261E-02  4.27242951E-04
2.99660152E-01  2.51876563E-02  4.23456542E-04
2.99958767E-01  2.61538383E-02  4.31720226E-04
3.00257382E-01  2.61993185E-02  4.33298235E-04
3.00555997E-01  2.61443183E-02  4.32625326E-04
3.00854612E-01  2.57655866E-02  4.28831263E-04
3.01153227E-01  2.52691098E-02  4.27492487E-04
3.01451842E-01  2.60493867E-02  4.32061206E-04
3.01750457E-01  2.58428901E-02  4.35334543E-04
3.02049072E-01  2.54879203E-02  4.29233158E-04
3.02347687E-01  2.57502366E-02  4.40062489E-04
3.02646302E-01  2.62016654E-02  4.49553219E-04
3.02944917E-01  2.60950271E-02  4.48516512E-04
3.03243532E-01  2.57939212E-02  4.54417052E-04
3.03542147E-01  2.58015655E-02  4.55258734E-04
3.03840762E-01  2.49700714E-02  4.47610189E-04
3.04139377E-01  2.54591964E-02  4.57851827E-04
3.04437992E-01  2.56634746E-02  4.55596542E-04
3.04736607E-01  2.60273777E-02  4.66338621E-04
3.05035222E-01  2.57769190E-02  4.60302137E-04
3.05333837E-01  2.60010473E-02  4.65418852E-04
3.05632452E-01  2.50411741E-02  4.60421521E-04
3.05931067E-01  2.58787200E-02  4.65697754E-04
3.06229682E-01  2.55947299E-02  4.68152750E-04
3.06528297E-01  2.57808268E-02  4.65369987E-04
3.06826912E-01  2.59417649E-02  4.72606800E-04
3.07125527E-01  2.58784145E-02  4.73183347E-04
3.07424142E-01  2.59276405E-02  4.73056512E-04
3.07722757E-01  2.57490836E-02  4.75208013E-04
3.08021372E-01  2.50667874E-02  4.64997749E-04
3.08319987E-01  2.62796115E-02  4.72529588E-04
3.08618602E-01  2.57026665E-02  4.62754455E-04
3.08917217E-01  2.56509054E-02  4.55373403E-04
3.09215832E-01  2.54401807E-02  4.57435875E-04
3.09514447E-01  2.54893638E-02  4.50733438E-04
3.09813062E-01  2.48922613E-02  4.46430640E-04
3.10111677E-01  2.60021854E-02  4.54225607E-04
3.10410292E-01  2.57263370E-02  4.46218386E-04
3.10708907E-01  2.56129205E-02  4.49557090E-04
3.11007522E-01  2.57490389E-02  4.44477773E-04
3.11306137E-01  2.49203835E-02  4.42823512E-04
3.11604752E-01  2.62062531E-02  4.48774081E-04
3.11903367E-01  2.60729287E-02  4.47147031E-04
3.12201982E-01  2.55607702E-02  4.42614866E-04
3.12500597E-01  2.59116832E-02  4.41598007E-04
3.12799212E-01  2.56496873E-02  4.43026889E-04
3.13097827E-01  2.57093739E-02  4.40458942E-04
3.13396442E-01  2.50616726E-02  4.34298097E-04
3.13695057E-01  2.55152192E-02  4.40441596E-04
3.13993672E-01  2.58693509E-02  4.39031486E-04
3.14292287E-01  2.53846757E-02  4.36049537E-04
3.14590902E-01  2.52677165E-02  4.33784531E-04
3.14889517E-01  2.55582929E-02  4.36272880E-04
3.15188132E-01  2.60309707E-02  4.42859862E-04
3.15486747E-01  2.53872573E-02  4.31533961E-04
3.15785362E-01  2.55928040E-02  4.36226866E-04
3.16083977E-01  2.56777182E-02  4.33661102E-04
3.16382592E-01  2.56340932E-02  4.35666763E-04
3.16681207E-01  2.60541756E-02  4.37283568E-04
3.16979822E-01  2.58052554E-02  4.34515649E-04
3.17278437E-01  2.53317319E-02  4.31965222E-04
3.17577052E-01  2.61922237E-02  4.37877083E-04
3.17875667E-01  2.56583747E-02  4.39456257E-04
3.18174282E-01  2.52646748E-02  4.40068310E-04
3.18472897E-01  2.53893957E-02  4.47498809E-04
3.18771512E-01  2.61869952E-02  4.52712731E-04
3.19070127E-01  2.66783386E-02  4.60519252E-04
3.19368742E-01  2.61581372E-02  4.56393172E-04
3.19667357E-01  2.52692569E-02  4.48951963E-04
3.19965972E-01  2.60889120E-02  4.57207934E-04
3.20264587E-01  2.59635895E-02  4.58188908E-04
3.20563202E-01  2.57013831E-02  4.55480680E-04
3.20861817E-01  2.55208556E-02  4.54787922E-04
3.21160432E-01  2.56190337E-02  4.54235327E-04
3.21459047E-01  2.57317219E-02  4.59568313E-04
3.21757662E-01  2.58373693E-02  4.57603281E-04
3.22056277E-01  2.60832123E-02  4.59513540E-04
3.22354892E-01  2.59455275E-02  4.62282274E-04
3.22653507E-01  2.60016806E-02  4.61309945E-04
3.22952122E-01  2.59442963E-02  4.64850047E-04
3.23250737E-01  2.53436435E-02  4.50771884E-04
3.23549352E-01  2.56557893E-02  4.59165167E-04
3.23847967E-01  2.64355764E-02  4.68271552E-04
3.24146582E-01  2.62322836E-02  4.65108489E-04
3.24445197E-01  2.55117100E-02  4.58944676E-04
3.24743812E-01  2.59083360E-02  4.61692893E-04
3.25042427E-01  2.64452118E-02  4.71409876E-04
3.25341042E-01  2.59621069E-02  4.61772113E-04
3.25639657E-01  2.57781968E-02  4.62691678E-04
3.25938272E-01  2.59151403E-02  4.65149671E-04
3.26236887E-01  2.67747864E-02  4.69083869E-04
3.26535502E-01  2.62874328E-02  4.71831911E-04
3.26834117E-01  2.60594878E-02  4.64533980E-04
3.27132732E-01  2.51001772E-02  4.58188064E-04
3.27431347E-01  2.59799920E-02  4.66840371E-04
3.27729962E-01  2.63179000E-02  4.67656762E-04
3.28028577E-01  2.57118382E-02  4.69745079E-04
3.28327192E-01  2.51796301E-02  4.53852816E-04
3.28625807E-01  2.61653271E-02  4.70322615E-04
3.28924422E-01  2.65986957E-02  4.73920023E-04
3.29223037E-01  2.62362752E-02  4.68729151E-04
3.29521652E-01  2.61016246E-02  4.68496874E-04
3.29820267E-01  2.59170961E-02  4.65184741E-04
3.30118882E-01  2.59660445E-02  4.70788887E-04
3.30417497E-01  2.55354922E-02  4.64358425E-04
3.30716112E-01  2.61776540E-02  4.67383594E-04
3.31014727E-01  2.66475435E-02  4.72396932E-04
3.31313342E-01  2.62187794E-02  4.66928614E-04
3.31611957E-01  2.59101503E-02  4.69158957E-04
3.31910572E-01  2.56849304E-02  4.63790144E-04
3.32209187E-01  2.56003644E-02  4.60987299E-04
3.32507802E-01  2.61667594E-02  4.71339241E-04
3.32806417E-01  2.57275309E-02  4.61188349E-04
3.33105032E-01  2.67743897E-02  4.74794884E-04
3.33403647E-01  2.58138552E-02  4.63182485E-04
3.33702262E-01  2.64767203E-02  4.69368679E-04
3.34000877E-01  2.60967370E-02  4.65716235E-04
3.34299492E-01  2.62413565E-02  4.68520942E-04
3.34598107E-01  2.56428327E-02  4.63559263E-04
3.34896722E-01  2.52093896E-02  4.55203350E-04
3.35195337E-01  2.71858387E-02  4.73675522E-04
3.35493952E-01  2.60870028E-02  4.66733181E-04
3.35792567E-01  2.58955825E-02  4.63382574E-04
3.36091182E-01  2.60133483E-02  4.65117715E-04
3.36389797E-01  2.64195558E-02  4.65872959E-04
3.36688412E-01  2.65115760E-02  4.69691469E-04
3.36987027E-01  2.54570376E-02  4.57443268E-04
3.37285642E-01  2.63370015E-02  4.67185542E-04
3.37584257E-01  2.60570385E-02  4.65378456E-04
3.37882872E-01  2.67205834E-02  4.69071005E-04
3.38181487E-01  2.55220216E-02  4.60173818E-04
3.38480102E-01  2.61043012E-02  4.58464347E-04
3.38778717E-01  2.51665078E-02  4.56292531E-04
3.39077332E-01  2.61688009E-02  4.63400589E-04
3.39375947E-01  2.51040459E-02  4.53745190E-04
3.39674562E-01  2.63335966E-02  4.67714213E-04
3.39973177E-01  2.58299094E-02  4.58406750E-04
3.40271792E-01  2.56796647E-02  4.60256357E-04
3.40570407E-01  2.56150551E-02  4.58877301E-04
3.40869022E-01  2.63614450E-02  4.62837750E-04
3.41167637E-01  2.54250150E-02  4.55985311E-04
3.41466252E-01  2.58235447E-02  4.56785667E-04
3.41764867E-01  2.58449987E-02  4.62551485E-04
3.42063482E-01  2.48242635E-02  4.49791696E-04
3.42362097E-01  2.59183943E-02  4.57106711E-04
3.42660712E-01  2.56028622E-02  4.58511757E-04
3.42959327E-01  2.58598365E-02  4.56073962E-04
3.43257942E-01  2.53650416E-02  4.56380047E-04
3.43556557E-01  2.53525861E-02  4.52869193E-04
3.43855172E-01  2.55291108E-02  4.54574270E-04
3.44153787E-01  2.66320258E-02  4.64026089E-04
3.44452402E-01  2.48049274E-02  4.47316997E-04
3.44751017E-01  2.55198777E-02  4.54626133E-04
3.45049632E-01  2.56689601E-02  4.51585278E-04
3.45348247E-01  2.56983694E-02  4.56216017E-04
3.45646862E-01  2.53193956E-02  4.50911524E-04
3.45945477E-01  2.51955409E-02  4.50063904E-04
3.46244092E-01  2.54178848E-02  4.46753606E-04
3.46542707E-01  2.47131679E-02  4.40884993E-04
3.46841322E-01  2.50513740E-02  4.47132159E-04
3.47139937E-01  2.48040315E-02  4.43424302E-04
3.47438552E-01  2.47239321E-02  4.39402065E-04
3.47737167E-01  2.56812945E-02  4.51453088E-04
3.48035782E-01  2.48081572E-02  4.39789059E-04
3.48334397E-01  2.51886714E-02  4.46604856E-04
3.48633012E-01  2.39594243E-02  4.29493492E-04
3.48931627E-01  2.58152410E-02  4.49249550E-04
3.49230242E-01  2.51725111E-02  4.44852310E-04
3.49528857E-01  2.62935925E-02  4.53270419E-04
3.49827472E-01  2.51031667E-02  4.43626865E-04
3.50126087E-01  2.57876609E-02  4.45343554E-04
3.50424702E-01  2.52105817E-02  4.44209174E-04
3.50723317E-01  2.53761336E-02  4.43831377E-04
3.51021932E-01  2.54098009E-02  4.45717393E-04
3.51320547E-01  2.44653989E-02  4.35082271E-04
3.51619162E-01  2.45363079E-02  4.34764923E-04
3.51917777E-01  2.49305516E-02  4.40164207E-04
3.52216392E-01  2.50985622E-02  4.40800766E-04
3.52515007E-01  2.49750931E-02  4.37688286E-04
3.52813622E-01  2.46760994E-02  4.35061840E-04
3.53112237E-01  2.49402374E-02  4.42199991E-04
3.53410852E-01  2.44593136E-02  4.37191891E-04
3.53709467E-01  2.53951419E-02  4.37003677E-04
3.54008082E-01  2.48782113E-02  4.37200564E-04
3.54306697E-01  2.50284448E-02  4.38758056E-04
3.54605312E-01  2.41003726E-02  4.32785659E-04
3.54903927E-01  2.41686366E-02  4.34713031E-04
3.55202542E-01  2.43129265E-02  4.26805404E-04
3.55501157E-01  2.49682926E-02  4.39190742E-04
3.55799772E-01  2.46166624E-02  4.34081390E-04
3.56098387E-01  2.44986471E-02  4.34097601E-04
3.56397002E-01  2.49274094E-02  4.37525014E-04
3.56695617E-01  2.53472682E-02  4.36373753E-04
3.56994232E-01  2.43648961E-02  4.35643451E-04
3.57292847E-01  2.44692788E-02  4.29550098E-04
3.57591462E-01  2.46657878E-02  4.33936832E-04
3.57890077E-01  2.41853856E-02  4.28883621E-04
3.58188692E-01  2.54409593E-02  4.38116607E-04
3.58487307E-01  2.41836943E-02  4.32957604E-04
3.58785922E-01  2.44932100E-02  4.28061699E-04
3.59084537E-01  2.41267998E-02  4.29060776E-04
3.59383152E-01  2.47718990E-02  4.33130743E-04
3.59681767E-01  2.44401544E-02  4.30567452E-04
3.59980382E-01  2.42344476E-02  4.32826986E-04
3.60278997E-01  2.45376006E-02  4.26434650E-04
3.60577612E-01  2.50872560E-02  4.37642389E-04
3.60876227E-01  2.46324018E-02  4.32147383E-04
3.61174842E-01  2.54640169E-02  4.36704286E-04
3.61473457E-01  2.41460353E-02  4.25253907E-04
3.61772072E-01  2.41894629E-02  4.26880229E-04
3.62070687E-01  2.48475075E-02  4.35318681E-04
3.62369302E-01  2.38678120E-02  4.23585181E-04
3.62667917E-01  2.42084432E-02  4.26485320E-04
3.62966532E-01  2.43019201E-02  4.25956358E-04
3.63265147E-01  2.48963516E-02  4.32734698E-04
3.63563762E-01  2.49097329E-02  4.32967267E-04
3.63862377E-01  2.38371138E-02  4.21978446E-04
3.64160992E-01  2.46830788E-02  4.29742358E-04
3.64459607E-01  2.42674239E-02  4.26335173E-04
3.64758222E-01  2.53161788E-02  4.35451511E-04
3.65056837E-01  2.42021754E-02  4.26441111E-04
3.65355452E-01  2.40468420E-02  4.21291305E-04
3.65654067E-01  2.47097779E-02  4.30664368E-04
3.65952682E-01  2.37497278E-02  4.19120071E-04
3.66251297E-01  2.49850489E-02  4.34210815E-04
3.66549912E-01  2.43153572E-02  4.24305908E-04
3.66848527E-01  2.45623440E-02  4.24246042E-04
3.67147142E-01  2.49269865E-02  4.33594774E-04
3.67445757E-01  2.44740266E-02  4.25137259E-04
3.67744372E-01  2.36224514E-02  4.18769341E-04
3.68042987E-01  2.46329512E-02  4.26740589E-04
3.68341602E-01  2.51398776E-02  4.31335677E-04
3.68640217E-01  2.45866720E-02  4.28583851E-04
3.68938832E-01  2.36691441E-02  4.15184273E-04
3.69237447E-01  2.46908329E-02  4.27358696E-04
3.69536062E-01  2.55736299E-02  4.33016190E-04
3.69834677E-01  2.49022823E-02  4.29861131E-04
3.70133292E-01  2.52034217E-02  4.33704525E-04
3.70431907E-01  2.51169410E-02  4.27371502E-04
3.70730522E-01  2.44187471E-02  4.24561527E-04
3.71029137E-01  2.47115325E-02  4.24674537E-04
3.71327752E-01  2.51360834E-02  4.30195476E-04
3.71626367E-01  2.46432796E-02  4.25517064E-04
3.71924982E-01  2.49279626E-02  4.27636813E-04
3.72223597E-01  2.53090747E-02  4.33029345E-04
3.72522212E-01  2.52890661E-02  4.28075204E-04
3.72820827E-01  2.53778491E-02  4.30814252E-04
3.73119442E-01  2.56545413E-02  4.33269684E-04
3.73418057E-01  2.51591355E-02  4.26978339E-04
3.73716672E-01  2.47541126E-02  4.28710948E-04
3.74015287E-01  2.56052315E-02  4.29325592E-04
3.74313902E-01  2.49899123E-02  4.26198356E-04
3.74612517E-01  2.56522484E-02  4.32922359E-04
3.74911132E-01  2.55223382E-02  4.31159948E-04
3.75209747E-01  2.52580456E-02  4.29585925E-04
3.75508362E-01  2.51765195E-02  4.26048035E-04
3.75806977E-01  2.46311054E-02  4.22917801E-04
3.76105592E-01  2.52210591E-02  4.27844439E-04
3.76404207E-01  2.60099415E-02  4.34708229E-04
3.76702822E-01  2.57134084E-02  4.30353713E-04
3.77001437E-01  2.63010766E-02  4.35577269E-04
3.77300052E-01  2.47678272E-02  4.25516308E-04
3.77598667E-01  2.61161830E-02  4.35936236E-04
3.77897282E-01  2.59196851E-02  4.31097578E-04
3.78195897E-01  2.59486604E-02  4.30686865E-04
3.78494512E-01  2.62522642E-02  4.35846072E-04
3.78793127E-01  2.69953627E-02  4.41185519E-04
3.79091742E-01  2.61464827E-02  4.33314213E-04
3.79390357E-01  2.55190190E-02  4.27759805E-04
3.79688972E-01  2.58823801E-02  4.31013963E-04
3.79987587E-01  2.60986909E-02  4.32047789E-04
3.80286202E-01  2.62959115E-02  4.34776797E-04
3.80584817E-01  2.62745209E-02  4.34601388E-04
3.80883432E-01  2.69831102E-02  4.38648305E-04
3.81182047E-01  2.71902047E-02  4.41664888E-04
3.81480662E-01  2.67447699E-02  4.38144576E-04
3.81779277E-01  2.78866179E-02  4.43820405E-04
3.82077892E-01  2.89344136E-02  4.55730711E-04
3.82376507E-01  2.86675896E-02  4.52596025E-04
3.82675122E-01  2.89915837E-02  4.55952977E-04
3.82973737E-01  2.89368629E-02  4.53691842E-04
3.83272352E-01  2.98634395E-02  4.57922637E-04
3.83570967E-01  2.99537797E-02  4.62527329E-04
3.83869582E-01  3.09311561E-02  4.68600105E-04
3.84168197E-01  3.06780022E-02  4.67617705E-04
3.84466812E-01  3.12677696E-02  4.70205327E-04
3.84765427E-01  3.34825628E-02  4.85969562E-04
3.85064042E-01  3.38998213E-02  4.92804917E-04
3.85362657E-01  3.45211141E-02  4.94067091E-04
3.85661272E-01  3.62635516E-02  5.02885028E-04
3.85959887E-01  3.69888432E-02  5.13090985E-04
3.86258502E-01  3.72536629E-02  5.11092017E-04
3.86557117E-01  3.83164361E-02  5.25129086E-04
3.86855732E-01  3.96243744E-02  5.26456453E-04
3.87154347E-01  3.99838910E-02  5.28580451E-04
3.87452962E-01  4.12826426E-02  5.41927526E-04
3.87751577E-01  4.20482494E-02  5.40726876E-04
3.88050192E-01  4.26277742E-02  5.50689467E-04
3.88348807E-01  4.23903391E-02  5.41467103E-04
3.88647422E-01  4.30982448E-02  5.50419616E-04
3.88946037E-01  4.33063731E-02  5.50658035E-04
3.89244652E-01  4.26137894E-02  5.47321106E-04
3.89543267E-01  4.22554277E-02  5.45151881E-04
3.89841882E-01  4.11385335E-02  5.33681887E-04
3.90140497E-01  4.13581021E-02  5.40409528E-04
3.90439112E-01  3.98254544E-02  5.28988021E-04
3.90737727E-01  3.91271934E-02  5.18707559E-04
3.91036342E-01  3.93723585E-02  5.26888529E-04
3.91334957E-01  3.75039652E-02  5.08578029E-04
3.91633572E-01  3.60603221E-02  5.03368792E-04
3.91932187E-01  3.50597799E-02  4.91610321E-04
3.92230802E-01  3.50369364E-02  4.92891704E-04
3.92529417E-01  3.31520140E-02  4.82648495E-04
3.92828032E-01  3.21114995E-02  4.70148196E-04
3.93126647E-01  3.13282833E-02  4.66651662E-04
3.93425262E-01  3.03762704E-02  4.57939517E-04
3.93723877E-01  3.04451045E-02  4.60708136E-04
3.94022492E-01  3.03308647E-02  4.59505798E-04
3.94321107E-01  2.89667509E-02  4.46541584E-04
3.94619722E-01  2.80028768E-02  4.39264200E-04
3.94918337E-01  2.81480849E-02  4.40082513E-04
3.95216952E-01  2.86175236E-02  4.44927544E-04
3.95515567E-01  2.73983628E-02  4.35773894E-04
3.95814182E-01  2.78107934E-02  4.35021851E-04
3.96112797E-01  2.76852399E-02  4.37304989E-04
3.96411412E-01  2.64495295E-02  4.26605315E-04
3.96710027E-01  2.69899666E-02  4.31466848E-04
3.97008642E-01  2.66959798E-02  4.27040039E-04
3.97307257E-01  2.68694609E-02  4.29047301E-04
3.97605872E-01  2.65723914E-02  4.27808613E-04
3.97904487E-01  2.64046490E-02  4.27497056E-04
3.98203102E-01  2.55664922E-02  4.16114315E-04
3.98501717E-01  2.61521023E-02  4.21862991E-04
3.98800332E-01  2.59399898E-02  4.20857599E-04
3.99098947E-01  2.58397181E-02  4.20449913E-04
3.99397562E-01  2.59960815E-02  4.23050195E-04
3.99696177E-01  2.59815082E-02  4.21198696E-04
3.99994792E-01  2.67421808E-02  4.26092447E-04
4.00293407E-01  2.62813214E-02  4.23726946E-04
4.00592022E-01  2.60081999E-02  4.20307973E-04
4.00890637E-01  2.54527964E-02  4.15697868E-04
4.01189252E-01  2.56753862E-02  4.17113915E-04
4.01487867E-01  2.59598121E-02  4.21234610E-04
4.01786482E-01  2.58033611E-02  4.19359014E-04
4.02085097E-01  2.58605219E-02  4.16239840E-04
4.02383712E-01  2.57963650E-02  4.21028381E-04
4.02682327E-01  2.56503485E-02  4.14254493E-04
4.02980942E-01  2.58121397E-02  4.19335585E-04
4.03279557E-01  2.57789567E-02  4.17366944E-04
4.03578172E-01  2.59275045E-02  4.16294672E-04
4.03876787E-01  2.50816736E-02  4.13066475E-04
4.04175402E-01  2.51769125E-02  4.10808745E-04
4.04474017E-01  2.55201720E-02  4.15966904E-04
4.04772632E-01  2.50669010E-02  4.10107023E-04
4.05071247E-01  2.56107468E-02  4.15024522E-04
4.05369862E-01  2.49302275E-02  4.13214497E-04
4.05668477E-01  2.45601684E-02  4.02625708E-04
4.05967092E-01  2.50158943E-02  4.09986445E-04
4.06265707E-01  2.49869730E-02  4.09073196E-04
4.06564322E-01  2.52490118E-02  4.10729524E-04
4.06862937E-01  2.51248702E-02  4.13834001E-04
4.07161552E-01  2.44950131E-02  4.03131591E-04
4.07460167E-01  2.55449582E-02  4.14503040E-04
4.07758782E-01  2.53096204E-02  4.09018481E-04
4.08057397E-01  2.46587507E-02  4.05716477E-04
4.08356012E-01  2.48661824E-02  4.08963358E-04
4.08654627E-01  2.50854250E-02  4.07207321E-04
4.08953242E-01  2.45646853E-02  4.07155690E-04
4.09251857E-01  2.42886599E-02  4.01534024E-04
4.09550472E-01  2.48564240E-02  4.06391657E-04
4.09849087E-01  2.43279114E-02  4.02237871E-04
4.10147702E-01  2.49241032E-02  4.05336963E-04
4.10446317E-01  2.44332198E-02  4.05589992E-04
4.10744932E-01  2.45696492E-02  4.04141058E-04
4.11043547E-01  2.52554007E-02  4.06237028E-04
4.11342162E-01  2.54953913E-02  4.11590911E-04
4.11640777E-01  2.49245036E-02  4.07722779E-04
4.11939392E-01  2.47578118E-02  4.06741194E-04
4.12238007E-01  2.51667555E-02  4.05809842E-04
4.12536622E-01  2.46118195E-02  4.03364073E-04
4.12835237E-01  2.39049066E-02  3.96056799E-04
4.13133852E-01  2.35389695E-02  3.94569448E-04
4.13432467E-01  2.43139341E-02  4.00640070E-04
4.13731082E-01  2.41305027E-02  3.97833617E-04
4.14029697E-01  2.47547887E-02  4.04729974E-04
4.14328312E-01  2.39895377E-02  3.97132069E-04
4.14626927E-01  2.41899714E-02  3.99902521E-04
4.14925542E-01  2.41200477E-02  3.95836367E-04
4.15224157E-01  2.36525927E-02  3.94703558E-04
4.15522772E-01  2.32210550E-02  3.91724781E-04
4.15821387E-01  2.35724915E-02  3.91950511E-04
4.16120002E-01  2.50528902E-02  4.04816732E-04
4.16418617E-01  2.39160117E-02  3.96349584E-04
4.16717232E-01  2.36250609E-02  3.93205264E-04
4.17015847E-01  2.38491427E-02  3.96440912E-04
4.17314462E-01  2.38248464E-02  3.91097128E-04
4.17613077E-01  2.31847111E-02  3.89617722E-04
4.17911692E-01  2.25481428E-02  3.82997969E-04
4.18210307E-01  2.42658909E-02  4.00174526E-04
4.18508922E-01  2.38828938E-02  3.93004302E-04
4.18807537E-01  2.32793074E-02  3.88096261E-04
4.19106152E-01  2.38337945E-02  3.95041308E-04
4.19404767E-01  2.36637071E-02  3.93358467E-04
4.19703382E-01  2.38223709E-02  3.91531561E-04
4.20001997E-01  2.36444734E-02  3.91849491E-04
4.20300612E-01  2.35630218E-02  3.89751047E-04
4.20599227E-01  2.33674608E-02  3.91255046E-04
4.20897842E-01  2.32611056E-02  3.87954584E-04
4.21196457E-01  2.27421373E-02  3.82558617E-04
4.21495072E-01  2.31022555E-02  3.87249078E-04
4.21793687E-01  2.32972614E-02  3.87642154E-04
4.22092302E-01  2.29609665E-02  3.86952044E-04
4.22390917E-01  2.37304531E-02  3.87723529E-04
4.22689532E-01  2.21474357E-02  3.79602134E-04
4.22988147E-01  2.25221049E-02  3.80367186E-04
4.23286762E-01  2.30220798E-02  3.86939355E-04
4.23585377E-01  2.31205914E-02  3.85129271E-04
4.23883992E-01  2.36340594E-02  3.88594053E-04
4.24182607E-01  2.33613644E-02  3.86521220E-04
4.24481222E-01  2.27480847E-02  3.83582374E-04
4.24779837E-01  2.28671618E-02  3.82931932E-04
4.25078452E-01  2.29602847E-02  3.82246944E-04
4.25377067E-01  2.26646047E-02  3.82446684E-04
4.25675682E-01  2.32070964E-02  3.84126615E-04
4.25974297E-01  2.28689536E-02  3.84257204E-04
4.26272912E-01  2.21683178E-02  3.74178810E-04
4.26571527E-01  2.27789059E-02  3.83502833E-04
4.26870142E-01  2.21169777E-02  3.74917872E-04
4.27168757E-01  2.18997989E-02  3.73660121E-04
4.27467372E-01  2.23613326E-02  3.76312673E-04
4.27765987E-01  2.25060005E-02  3.79824458E-04
4.28064602E-01  2.23909393E-02  3.77238495E-04
4.28363217E-01  2.28763185E-02  3.82335507E-04
4.28661832E-01  2.23141275E-02  3.77016055E-04
4.28960447E-01  2.18570530E-02  3.72551382E-04
4.29259062E-01  2.16720365E-02  3.70475696E-04
4.29557677E-01  2.19081864E-02  3.72989743E-04
4.29856292E-01  2.23848335E-02  3.75434407E-04
4.30154907E-01  2.17447542E-02  3.70852824E-04
4.30453522E-01  2.17864122E-02  3.72539798E-04
4.30752137E-01  2.23071072E-02  3.76039650E-04
4.31050752E-01  2.31732707E-02  3.81740800E-04
4.31349367E-01  2.14509461E-02  3.67934786E-04
4.31647982E-01  2.28696819E-02  3.79739999E-04
4.31946597E-01  2.21284423E-02  3.75544158E-04
4.32245212E-01  2.24315152E-02  3.75006173E-04
4.32543827E-01  2.22882219E-02  3.75721283E-04
4.32842442E-01  2.20594518E-02  3.75892036E-04
4.33141057E-01  2.21338589E-02  3.72431823E-04
4.33439672E-01  2.24084016E-02  3.77158169E-04
4.33738287E-01  2.25097612E-02  3.75999167E-04
4.34036902E-01  2.12185122E-02  3.66928813E-04
4.34335517E-01  2.09940821E-02  3.64577310E-04
4.34634132E-01  2.20500790E-02  3.74052674E-04
4.34932747E-01  2.20519528E-02  3.72161681E-04
4.35231362E-01  2.14839596E-02  3.67582979E-04
4.35529977E-01  2.16102879E-02  3.70722439E-04
4.35828592E-01  2.12766174E-02  3.67275177E-04
4.36127207E-01  2.22295690E-02  3.73250543E-04
4.36425822E-01  2.13399660E-02  3.66354740E-04
4.36724437E-01  2.21907999E-02  3.73919640E-04
4.37023052E-01  2.17755549E-02  3.70570575E-04
4.37321667E-01  2.20881645E-02  3.71085567E-04
4.37620282E-01  2.15022136E-02  3.68814188E-04
4.37918897E-01  2.24750228E-02  3.76312440E-04
4.38217512E-01  2.16447283E-02  3.69954796E-04
4.38516127E-01  2.17155181E-02  3.68271285E-04
4.38814742E-01  2.16589104E-02  3.65945598E-04
4.39113357E-01  2.15807240E-02  3.68591747E-04
4.39411972E-01  2.17567533E-02  3.69929388E-04
4.39710587E-01  2.19404697E-02  3.70016845E-04
4.40009202E-01  2.15714145E-02  3.68271634E-04
4.40307817E-01  2.24749073E-02  3.72620329E-04
4.40606432E-01  2.11127773E-02  3.64338484E-04
4.40905047E-01  2.12046299E-02  3.64084990E-04
4.41203662E-01  2.11503226E-02  3.61398794E-04
4.41502277E-01  2.19040550E-02  3.69718298E-04
4.41800892E-01  2.11589038E-02  3.62818857E-04
4.42099507E-01  2.17600483E-02  3.68180306E-04
4.42398122E-01  2.15532854E-02  3.65467451E-04
4.42696737E-01  2.14884691E-02  3.64998588E-04
4.42995352E-01  2.18195133E-02  3.68606532E-04
4.43293967E-01  2.13561058E-02  3.65716754E-04
4.43592582E-01  2.12717131E-02  3.65075393E-04
4.43891197E-01  2.12846491E-02  3.61693150E-04
4.44189812E-01  2.11157259E-02  3.63416621E-04
4.44488427E-01  2.17804629E-02  3.67318367E-04
4.44787042E-01  2.12131925E-02  3.63856758E-04
4.45085657E-01  2.11799126E-02  3.62221821E-04
4.45384272E-01  2.16550753E-02  3.66824475E-04
4.45682887E-01  2.17485502E-02  3.70218244E-04
4.45981502E-01  2.14248355E-02  3.63917759E-04
4.46280117E-01  2.12889723E-02  3.63555708E-04
4.46578732E-01  2.15533394E-02  3.66047694E-04
4.46877347E-01  2.13329513E-02  3.64892476E-04
4.47175962E-01  2.11205035E-02  3.66717431E-04
4.47474577E-01  2.12928001E-02  3.62093124E-04
4.47773192E-01  2.13022381E-02  3.63994593E-04
4.48071807E-01  2.18372997E-02  3.68539040E-04
4.48370422E-01  2.16309987E-02  3.67844361E-04
4.48669037E-01  2.07396094E-02  3.59238533E-04
4.48967652E-01  2.09303722E-02  3.60493606E-04
4.49266267E-01  2.14565005E-02  3.66523513E-04
4.49564882E-01  2.20709331E-02  3.71899892E-04
4.49863497E-01  2.10921261E-02  3.62046558E-04
4.50162112E-01  2.09218487E-02  3.61852755E-04
4.50460727E-01  2.16262359E-02  3.67976230E-04
4.50759342E-01  2.11097691E-02  3.63637373E-04
4.51057957E-01  2.05856487E-02  3.58621910E-04
4.51356572E-01  2.16680523E-02  3.65526590E-04
4.51655187E-01  2.09025033E-02  3.62331950E-04
4.51953802E-01  2.19373684E-02  3.69806803E-04
4.52252417E-01  2.16737129E-02  3.71264585E-04
4.52551032E-01  2.13670433E-02  3.64252104E-04
4.52849647E-01  2.22094785E-02  3.72179435E-04
4.53148262E-01  2.17793100E-02  3.68558976E-04
4.53446877E-01  2.16135215E-02  3.66752560E-04
4.53745492E-01  2.15088036E-02  3.66668741E-04
4.54044107E-01  2.19208505E-02  3.70901107E-04
4.54342722E-01  2.11464614E-02  3.63730185E-04
4.54641337E-01  2.15167012E-02  3.67712841E-04
4.54939952E-01  2.10348945E-02  3.62293853E-04
4.55238567E-01  2.11133156E-02  3.62731051E-04
4.55537182E-01  2.08107699E-02  3.62598774E-04
4.55835797E-01  2.20327042E-02  3.72101873E-04
4.56134412E-01  2.12663934E-02  3.64608393E-04
4.56433027E-01  2.13573240E-02  3.65791260E-04
4.56731642E-01  2.22902056E-02  3.72956623E-04
4.57030257E-01  2.14490872E-02  3.67309054E-04
4.57328872E-01  2.09759586E-02  3.62355291E-04
4.57627487E-01  2.15080213E-02  3.66762019E-04
4.57926102E-01  2.19186563E-02  3.70492926E-04
4.58224717E-01  2.10275985E-02  3.64172272E-04
4.58523332E-01  2.15026382E-02  3.67043976E-04
4.58821947E-01  2.11940035E-02  3.62250983E-04
4.59120562E-01  2.16621403E-02  3.69712798E-04
4.59419177E-01  2.20150463E-02  3.72548238E-04
4.59717792E-01  2.13248767E-02  3.66582186E-04
4.60016407E-01  2.14282162E-02  3.66254186E-04
4.60315022E-01  2.07820870E-02  3.60136415E-04
4.60613637E-01  2.07843687E-02  3.61590326E-04
4.60912252E-01  2.16168351E-02  3.69910587E-04
4.61210867E-01  2.07744818E-02  3.60709411E-04
4.61509482E-01  2.13805642E-02  3.69786430E-04
4.61808097E-01  2.14610063E-02  3.78848199E-04
4.62106712E-01  2.15569250E-02  3.81314603E-04
4.62405327E-01  2.12319773E-02  3.81892343E-04
4.62703942E-01  2.10575964E-02  3.79863486E-04
4.63002557E-01  2.16596443E-02  3.92323040E-04
4.63301172E-01  2.11541988E-02  3.89084918E-04
4.63599787E-01  2.16988139E-02  3.96164338E-04
4.63898402E-01  2.11551134E-02  3.92976101E-04
4.64197017E-01  2.09389888E-02  3.91468435E-04
4.64495632E-01  2.09598057E-02  3.96599149E-04
4.64794247E-01  2.11169627E-02  3.98717239E-04
4.65092862E-01  2.10780576E-02  3.96360992E-04
4.65391477E-01  2.06028186E-02  3.97755590E-04
4.65690092E-01  2.18658969E-02  4.09657630E-04
4.65988707E-01  2.14150734E-02  4.08964726E-04
4.66287322E-01  2.11690012E-02  4.06945706E-04
4.66585937E-01  2.08317321E-02  4.04137914E-04
4.66884552E-01  2.11092792E-02  4.11854067E-04
4.67183167E-01  2.14440618E-02  4.16881026E-04
4.67481782E-01  2.09587030E-02  4.07061045E-04
4.67780397E-01  2.09813379E-02  4.13069676E-04
4.68079012E-01  2.13804767E-02  4.18421434E-04
4.68377627E-01  2.13317592E-02  4.20376135E-04
4.68676242E-01  2.17398629E-02  4.25373291E-04
4.68974857E-01  2.06164196E-02  4.14238311E-04
4.69273472E-01  2.07390282E-02  4.19419870E-04
4.69572087E-01  2.12316532E-02  4.23112564E-04
4.69870702E-01  2.12821756E-02  4.25388338E-04
4.70169317E-01  2.14753244E-02  4.29506472E-04
4.70467932E-01  2.09542811E-02  4.25166450E-04
4.70766547E-01  2.11495068E-02  4.31622582E-04
4.71065162E-01  2.14094780E-02  4.34134476E-04
4.71363777E-01  2.07396150E-02  4.24407976E-04
4.71662392E-01  2.09442321E-02  4.31404478E-04
4.71961007E-01  2.10672729E-02  4.34030953E-04
4.72259622E-01  2.21118126E-02  4.47915983E-04
4.72558237E-01  2.15916131E-02  4.40095639E-04
4.72856852E-01  2.11699679E-02  4.29454405E-04
4.73155467E-01  2.07475815E-02  4.21928940E-04
4.73454082E-01  2.12302878E-02  4.21747565E-04
4.73752697E-01  2.15782896E-02  4.18700045E-04
4.74051312E-01  2.15950422E-02  4.19103977E-04
4.74349927E-01  2.17164662E-02  4.17778880E-04
4.74648542E-01  2.12866403E-02  4.13742498E-04
4.74947157E-01  2.17486769E-02  4.14129056E-04
4.75245772E-01  2.09693238E-02  4.05967730E-04
4.75544387E-01  2.09825784E-02  4.05313855E-04
4.75843002E-01  2.13508923E-02  4.09761444E-04
4.76141617E-01  2.08404548E-02  4.01297759E-04
4.76440232E-01  2.10297946E-02  4.03227925E-04
4.76738847E-01  2.07712483E-02  3.99225682E-04
4.77037462E-01  2.17694324E-02  4.08928317E-04
4.77336077E-01  2.11698171E-02  4.04133694E-04
4.77634692E-01  2.13279501E-02  4.02056496E-04
4.77933307E-01  2.10203789E-02  3.99681885E-04
4.78231922E-01  2.12080870E-02  3.99017823E-04
4.78530537E-01  2.12826859E-02  4.03576560E-04
4.78829152E-01  2.08124015E-02  3.93106864E-04
4.79127767E-01  2.10595690E-02  3.96785734E-04
4.79426382E-01  2.14915350E-02  4.03068610E-04
4.79724997E-01  2.19808687E-02  4.05802595E-04
4.80023612E-01  2.12136377E-02  3.97716882E-04
4.80322227E-01  2.12146882E-02  3.96069459E-04
4.80620842E-01  2.08068099E-02  3.94198491E-04
4.80919457E-01  2.15597749E-02  4.00010293E-04
4.81218072E-01  2.15002056E-02  3.99042474E-04
4.81516687E-01  2.19582058E-02  4.04009537E-04
4.81815302E-01  2.15596408E-02  3.96408024E-04
4.82113917E-01  2.18149256E-02  4.03220271E-04
4.82412532E-01  2.13341638E-02  3.95756302E-04
4.82711147E-01  2.20135208E-02  4.00975550E-04
4.83009762E-01  2.20727436E-02  4.02655918E-04
4.83308377E-01  2.22383291E-02  4.05003229E-04
4.83606992E-01  2.12181658E-02  3.93266295E-04
4.83905607E-01  2.21051481E-02  4.02644539E-04
4.84204222E-01  2.12370530E-02  3.92740389E-04
4.84502837E-01  2.18725391E-02  4.01145342E-04
4.84801452E-01  2.14339830E-02  3.95369425E-04
4.85100067E-01  2.17853319E-02  3.95966083E-04
4.85398682E-01  2.18344182E-02  3.98640113E-04
4.85697297E-01  2.20740158E-02  4.00618010E-04
4.85995912E-01  2.15190984E-02  3.96669609E-04
4.86294527E-01  2.22970862E-02  4.00596735E-04
4.86593142E-01  2.19655372E-02  3.98517994E-04
4.86891757E-01  2.24983245E-02  4.04147053E-04
4.87190372E-01  2.27046199E-02  4.06412786E-04
4.87488987E-01  2.21258067E-02  3.97455326E-04
4.87787602E-01  2.11379305E-02  3.91443173E-04
4.88086217E-01  2.16460396E-02  3.94216477E-04
4.88384832E-01  2.17090063E-02  3.95691488E-04
4.88683447E-01  2.21098624E-02  4.00346587E-04
4.88982062E-01  2.13056300E-02  3.90419998E-04
4.89280677E-01  2.13671736E-02  3.93468275E-04
4.89579292E-01  2.17512976E-02  3.95282172E-04
4.89877907E-01  2.23702118E-02  4.00362711E-04
4.90176522E-01  2.11531483E-02  3.88343673E-04
4.90475137E-01  2.13029236E-02  3.90895788E-04
4.90773752E-01  2.14857701E-02  3.92274698E-04
4.91072367E-01  2.13786364E-02  3.91692040E-04
4.91370982E-01  2.13606823E-02  3.90446716E-04
4.91669597E-01  2.13788990E-02  3.91303009E-04
4.91968212E-01  2.16238014E-02  3.94335017E-04
4.92266827E-01  2.10673232E-02  3.88738350E-04
4.92565442E-01  2.14889105E-02  3.90449393E-04
4.92864057E-01  2.14937348E-02  3.91767710E-04
4.93162672E-01  2.11971235E-02  3.89742578E-04
4.93461287E-01  2.10109893E-02  3.88029322E-04
4.93759902E-01  2.13053282E-02  3.87625973E-04
4.94058517E-01  2.07606666E-02  3.84456798E-04
4.94357132E-01  2.11034864E-02  3.86845670E-04
4.94655747E-01  2.14855038E-02  3.93386028E-04
4.94954362E-01  2.15028524E-02  3.88655142E-04
4.95252977E-01  2.17577387E-02  3.93390626E-04
4.95551592E-01  2.19465755E-02  3.96287069E-04
4.95850207E-01  2.12243460E-02  3.89126537E-04
4.96148822E-01  2.10041907E-02  3.84509010E-04
4.96447437E-01  2.12890077E-02  3.89331777E-04
4.96746052E-01  2.11935472E-02  3.87780543E-04
4.97044667E-01  2.16592178E-02  3.94587376E-04
4.97343282E-01  2.09183600E-02  3.83066188E-04
4.97641897E-01  2.10736301E-02  3.83919163E-04
4.97940512E-01  2.10578553E-02  3.87706532E-04
4.98239127E-01  2.05353834E-02  3.81529913E-04
4.98537742E-01  2.08170637E-02  3.84907646E-04
4.98836357E-01  2.10028216E-02  3.84226529E-04
4.99134972E-01  2.04154197E-02  3.80418904E-04
4.99433587E-01  2.11945530E-02  3.88776360E-04
4.99732202E-01  2.09601037E-02  3.84411163E-04
5.00030817E-01  2.08732951E-02  3.83141392E-04
5.00329432E-01  2.09418871E-02  3.84724612E-04
5.00628047E-01  2.18043514E-02  3.92568618E-04
5.00926662E-01  2.06807014E-02  3.84428888E-04
5.01225277E-01  2.12997664E-02  3.85614840E-04
5.01523892E-01  2.13173907E-02  3.86060448E-04
5.01822507E-01  2.09963284E-02  3.84946063E-04
5.02121122E-01  2.09418405E-02  3.85309395E-04
5.02419737E-01  2.07420383E-02  3.82801285E-04
5.02718352E-01  2.15191618E-02  3.89714580E-04
5.03016967E-01  2.11347993E-02  3.86124389E-04
5.03315582E-01  2.16481537E-02  3.91857902E-04
5.03614197E-01  2.14269552E-02  3.86778207E-04
5.03912812E-01  2.12694649E-02  3.87165754E-04
5.04211427E-01  2.15891786E-02  3.89199588E-04
5.04510042E-01  2.10709497E-02  3.86509084E-04
5.04808657E-01  2.12010015E-02  3.84457351E-04
5.05107272E-01  2.08506417E-02  3.83436796E-04
5.05405887E-01  2.11694445E-02  3.84835381E-04
5.05704502E-01  2.12772023E-02  3.88790941E-04
5.06003117E-01  2.08985489E-02  3.83217761E-04
5.06301732E-01  2.15731058E-02  3.89162858E-04
5.06600347E-01  2.09966302E-02  3.82516359E-04
5.06898962E-01  2.12076828E-02  3.87004111E-04
5.07197577E-01  2.11115349E-02  3.86993197E-04
5.07496192E-01  2.05319133E-02  3.77065735E-04
5.07794807E-01  2.13744715E-02  3.89788212E-04
5.08093422E-01  2.12829914E-02  3.86261818E-04
5.08392037E-01  2.11914815E-02  3.86194355E-04
5.08690652E-01  2.10539792E-02  3.82862927E-04
5.08989267E-01  2.16410980E-02  3.89503140E-04
5.09287882E-01  2.13398673E-02  3.88125918E-04
5.09586497E-01  2.14170720E-02  3.87294509E-04
5.09885112E-01  2.05534678E-02  3.79127508E-04
5.10183727E-01  2.14596018E-02  3.87873413E-04
5.10482342E-01  2.11799871E-02  3.84582469E-04
5.10780957E-01  2.13548634E-02  3.87311156E-04
5.11079572E-01  2.10331231E-02  3.83627106E-04
5.11378187E-01  2.04136148E-02  3.78029916E-04
5.11676802E-01  2.13520918E-02  3.89509602E-04
5.11975417E-01  2.06382927E-02  3.79083329E-04
5.12274032E-01  2.08459273E-02  3.81547870E-04
5.12572647E-01  2.07160022E-02  3.80639132E-04
5.12871262E-01  2.12374907E-02  3.84929241E-04
5.13169877E-01  2.05178522E-02  3.81072634E-04
5.13468492E-01  2.15740688E-02  3.86175932E-04
5.13767107E-01  2.10990030E-02  3.83301580E-04
5.14065722E-01  2.08567679E-02  3.83355014E-04
5.14364337E-01  2.16064584E-02  3.89511115E-04
5.14662952E-01  2.05603316E-02  3.79125151E-04
5.14961567E-01  2.08917391E-02  3.81048361E-04
5.15260182E-01  2.13507582E-02  3.87491717E-04
5.15558797E-01  2.08619833E-02  3.81713908E-04
5.15857412E-01  2.14452110E-02  3.86729895E-04
5.16156027E-01  2.08609514E-02  3.82271362E-04
5.16454642E-01  2.14566868E-02  3.87884094E-04
5.16753257E-01  2.09469460E-02  3.82309750E-04
5.17051872E-01  2.14081928E-02  3.88023182E-04
5.17350487E-01  2.17265766E-02  3.88222252E-04
5.17649102E-01  2.10767426E-02  3.83403676E-04
5.17947717E-01  2.16273628E-02  3.88001092E-04
5.18246332E-01  2.09204089E-02  3.81889025E-04
5.18544947E-01  2.16089636E-02  3.89366498E-04
5.18843562E-01  2.03834567E-02  3.78446071E-04
5.19142177E-01  2.18471847E-02  3.89879715E-04
5.19440792E-01  2.05431953E-02  3.77974735E-04
5.19739407E-01  2.14267615E-02  3.86397209E-04
5.20038022E-01  2.03088969E-02  3.78040335E-04
5.20336637E-01  2.17788350E-02  3.89467023E-04
5.20635252E-01  2.07450520E-02  3.80019948E-04
5.20933867E-01  2.09779162E-02  3.82429367E-04
5.21232482E-01  2.02591885E-02  3.75363277E-04
5.21531097E-01  2.04681214E-02  3.78779601E-04
5.21829712E-01  2.08090711E-02  3.81641206E-04
5.22128327E-01  2.12714411E-02  3.85291525E-04
5.22426942E-01  2.06396431E-02  3.77772230E-04
5.22725557E-01  2.10655462E-02  3.83708219E-04
5.23024172E-01  2.13174652E-02  3.85241408E-04
5.23322787E-01  2.04749070E-02  3.78387194E-04
5.23621402E-01  2.03849431E-02  3.76724580E-04
5.23920017E-01  2.10362393E-02  3.84773477E-04
5.24218632E-01  2.02841610E-02  3.74606287E-04
5.24517247E-01  2.20766272E-02  3.91858484E-04
5.24815862E-01  2.12483574E-02  3.85951193E-04
5.25114477E-01  2.12946087E-02  3.84577259E-04
5.25413092E-01  2.13992447E-02  3.86466971E-04
5.25711707E-01  2.08750479E-02  3.82080878E-04
5.26010322E-01  2.16759294E-02  3.87255423E-04
5.26308937E-01  2.14833338E-02  3.86851694E-04
5.26607552E-01  2.09438577E-02  3.81871941E-04
5.26906167E-01  2.15980653E-02  3.87413136E-04
5.27204782E-01  2.07254849E-02  3.81846068E-04
5.27503397E-01  2.09374800E-02  3.81819118E-04
5.27802012E-01  2.10245531E-02  3.82707687E-04
5.28100627E-01  2.04950217E-02  3.78694240E-04
5.28399242E-01  2.03116704E-02  3.73525254E-04
5.28697857E-01  2.16460433E-02  3.88899876E-04
5.28996472E-01  2.09036432E-02  3.81519436E-04
5.29295087E-01  2.12232862E-02  3.85750434E-04
5.29593702E-01  2.05535777E-02  3.77209246E-04
5.29892317E-01  2.07971092E-02  3.80272395E-04
5.30190932E-01  2.14658398E-02  3.88049521E-04
5.30489547E-01  2.15068944E-02  3.86899774E-04
5.30788162E-01  2.15134211E-02  3.86205618E-04
5.31086777E-01  2.16852780E-02  3.88789922E-04
5.31385392E-01  2.09505223E-02  3.80290527E-04
5.31684007E-01  2.12499723E-02  3.84965795E-04
5.31982622E-01  2.08354648E-02  3.81101127E-04
5.32281237E-01  2.13062111E-02  3.85289779E-04
5.32579852E-01  2.05546804E-02  3.79085424E-04
5.32878467E-01  2.06763837E-02  3.79463047E-04
5.33177082E-01  2.12052800E-02  3.85041727E-04
5.33475697E-01  2.12454554E-02  3.82692320E-04
5.33774312E-01  2.10641939E-02  3.82542989E-04
5.34072927E-01  2.07472574E-02  3.82182334E-04
5.34371542E-01  2.04485338E-02  3.75724630E-04
5.34670157E-01  2.04384718E-02  3.74907395E-04
5.34968772E-01  2.08030995E-02  3.81852908E-04
5.35267387E-01  2.07456015E-02  3.79648001E-04
5.35566002E-01  2.10734867E-02  3.84235522E-04
5.35864617E-01  2.18542162E-02  3.88339191E-04
5.36163232E-01  2.07394175E-02  3.80619866E-04
5.36461847E-01  2.10266579E-02  3.82872851E-04
5.36760462E-01  2.09239684E-02  3.81192629E-04
5.37059077E-01  2.08598841E-02  3.79962090E-04
5.37357692E-01  2.01346558E-02  3.75774747E-04
5.37656307E-01  2.04032641E-02  3.75146221E-04
5.37954922E-01  2.10658032E-02  3.85701569E-04
5.38253537E-01  2.07356587E-02  3.75833508E-04
5.38552152E-01  2.09774375E-02  3.81597230E-04
5.38850767E-01  2.13140417E-02  3.85873282E-04
5.39149382E-01  2.07687616E-02  3.81094229E-04
5.39447997E-01  2.08808519E-02  3.80723155E-04
5.39746612E-01  2.06878688E-02  3.79609904E-04
5.40045227E-01  2.14363709E-02  3.85195017E-04
5.40343842E-01  2.10352931E-02  3.83539096E-04
5.40642457E-01  2.08410062E-02  3.79996636E-04
5.40941072E-01  2.10980680E-02  3.81963269E-04
5.41239687E-01  2.05532406E-02  3.80811514E-04
5.41538302E-01  2.07491610E-02  3.79904028E-04
5.41836917E-01  2.12920476E-02  3.84468294E-04
5.42135532E-01  2.07589287E-02  3.77061311E-04
5.42434147E-01  2.08610576E-02  3.80932557E-04
5.42732762E-01  2.15160511E-02  3.88007407E-04
5.43031377E-01  2.14433260E-02  3.88596149E-04
5.43329992E-01  2.02106908E-02  3.72235198E-04
5.43628607E-01  2.11261977E-02  3.83353065E-04
5.43927222E-01  2.05993410E-02  3.79007717E-04
5.44225837E-01  2.13421844E-02  3.86066560E-04
5.44524452E-01  2.07989253E-02  3.78349941E-04
5.44823067E-01  2.04752795E-02  3.77685268E-04
5.45121682E-01  2.09119990E-02  3.81227699E-04
5.45420297E-01  2.09535025E-02  3.81794060E-04
5.45718912E-01  2.09731795E-02  3.80952930E-04
5.46017527E-01  2.05790047E-02  3.78185767E-04
5.46316142E-01  2.10873615E-02  3.82270926E-04
5.46614757E-01  2.10700203E-02  3.84556013E-04
5.46913372E-01  2.11173911E-02  3.81066115E-04
5.47211987E-01  2.04855464E-02  3.77425458E-04
5.47510602E-01  2.07304433E-02  3.80327110E-04
5.47809217E-01  2.17223149E-02  3.87898501E-04
5.48107832E-01  2.12118682E-02  3.85288411E-04
5.48406447E-01  2.13972051E-02  3.85175896E-04
5.48705062E-01  2.08659377E-02  3.79443431E-04
5.49003677E-01  2.07487736E-02  3.81627993E-04
5.49302292E-01  2.06321813E-02  3.76314245E-04
5.49600907E-01  2.09826920E-02  3.82834667E-04
5.49899522E-01  2.08083186E-02  3.80032900E-04
5.50198137E-01  2.14685109E-02  3.87150067E-04
5.50496752E-01  2.18147114E-02  3.88928805E-04
5.50795367E-01  2.06396412E-02  3.77393095E-04
5.51093982E-01  2.09128074E-02  3.81179096E-04
5.51392597E-01  2.11655386E-02  3.84510320E-04
5.51691212E-01  2.12226044E-02  3.83715145E-04
5.51989827E-01  2.06199456E-02  3.78045486E-04
5.52288442E-01  2.09943932E-02  3.79713136E-04
5.52587057E-01  2.07532365E-02  3.78900499E-04
5.52885672E-01  2.09121071E-02  3.80534766E-04
5.53184287E-01  2.10293494E-02  3.80034704E-04
5.53482902E-01  2.08632722E-02  3.79081670E-04
5.53781517E-01  2.07263771E-02  3.78662662E-04
5.54080132E-01  2.06549764E-02  3.77736636E-04
5.54378747E-01  2.10065227E-02  3.77837161E-04
5.54677362E-01  2.07356587E-02  3.77199060E-04
5.54975977E-01  2.10769866E-02  3.81581602E-04
5.55274592E-01  2.03616172E-02  3.73875228E-04
5.55573207E-01  2.17738822E-02  3.82410100E-04
5.55871822E-01  2.15995051E-02  3.83691950E-04
5.56170437E-01  2.10767649E-02  3.80023790E-04
5.56469052E-01  2.06744578E-02  3.76834680E-04
5.56767667E-01  2.05799937E-02  3.73996299E-04
5.57066282E-01  2.11095922E-02  3.79323057E-04
5.57364897E-01  2.10664291E-02  3.76246229E-04
5.57663512E-01  2.06819009E-02  3.75105708E-04
5.57962127E-01  2.06731521E-02  3.73780786E-04
5.58260742E-01  2.11621132E-02  3.76219075E-04
5.58559357E-01  2.08364502E-02  3.77412449E-04
5.58857972E-01  2.10631303E-02  3.78916651E-04
5.59156587E-01  2.06878502E-02  3.71984963E-04
5.59455202E-01  2.07780898E-02  3.75004456E-04
5.59753817E-01  2.05961447E-02  3.71599686E-04
5.60052432E-01  2.04292387E-02  3.71317961E-04
5.60351047E-01  2.07434651E-02  3.73105606E-04
5.60649662E-01  2.10915264E-02  3.74727359E-04
5.60948277E-01  2.03489047E-02  3.68763023E-04
5.61246892E-01  2.10160520E-02  3.75466276E-04
5.61545507E-01  2.06226036E-02  3.71412665E-04
5.61844122E-01  2.11769566E-02  3.74183903E-04
5.62142737E-01  2.14394834E-02  3.79772304E-04
5.62441352E-01  2.05896981E-02  3.69563524E-04
5.62739967E-01  2.13362407E-02  3.75768490E-04
5.63038582E-01  2.12663207E-02  3.76291922E-04
5.63337197E-01  2.05263458E-02  3.68485780E-04
5.63635812E-01  2.14774068E-02  3.79848585E-04
5.63934427E-01  2.11360082E-02  3.73402057E-04
5.64233042E-01  2.09600218E-02  3.70988360E-04
5.64531657E-01  2.02433933E-02  3.66369990E-04
5.64830272E-01  2.12914031E-02  3.75386589E-04
5.65128887E-01  2.04986744E-02  3.68762325E-04
5.65427502E-01  2.05654390E-02  3.67064466E-04
5.65726117E-01  2.10910980E-02  3.73016344E-04
5.66024732E-01  2.08613575E-02  3.70638038E-04
5.66323347E-01  2.15269420E-02  3.76854587E-04
5.66621962E-01  2.13170704E-02  3.71759088E-04
5.66920577E-01  2.09142435E-02  3.71284754E-04
5.67219192E-01  2.16899570E-02  3.78723053E-04
5.67517807E-01  2.13000849E-02  3.75131756E-04
5.67816422E-01  2.08380837E-02  3.66483931E-04
5.68115037E-01  2.07263455E-02  3.68007051E-04
5.68413652E-01  2.06169989E-02  3.67458299E-04
5.68712267E-01  2.11869944E-02  3.72505106E-04
5.69010882E-01  2.09016576E-02  3.68974113E-04
5.69309497E-01  2.14784537E-02  3.74289084E-04
5.69608112E-01  2.04287656E-02  3.65616404E-04
5.69906727E-01  2.06033718E-02  3.66170047E-04
5.70205342E-01  2.14683693E-02  3.72252776E-04
5.70503957E-01  2.10666806E-02  3.71713511E-04
5.70802572E-01  2.00732816E-02  3.61930521E-04
5.71101187E-01  2.07260437E-02  3.68699781E-04
5.71399802E-01  2.08431799E-02  3.67884466E-04
5.71698417E-01  2.12097205E-02  3.71700153E-04
5.71997032E-01  2.13464312E-02  3.74614116E-04
5.72295647E-01  2.08843015E-02  3.70112219E-04
5.72594262E-01  2.08495501E-02  3.68283858E-04
5.72892877E-01  2.05011498E-02  3.62639257E-04
5.73191492E-01  2.10822709E-02  3.71526199E-04
5.73490107E-01  2.13705208E-02  3.74921423E-04
5.73788722E-01  2.11202633E-02  3.70759226E-04
5.74087337E-01  2.13219225E-02  3.73551768E-04
5.74385952E-01  2.07660180E-02  3.69586342E-04
5.74684567E-01  2.12566797E-02  3.73326562E-04
5.74983182E-01  2.07258780E-02  3.66786640E-04
5.75281797E-01  2.06780080E-02  3.65367770E-04
5.75580412E-01  2.14410331E-02  3.75293137E-04
5.75879027E-01  2.13951841E-02  3.73690040E-04
5.76177642E-01  2.08486896E-02  3.69481102E-04
5.76476257E-01  2.08372921E-02  3.67780536E-04
5.76774872E-01  2.07992010E-02  3.69300629E-04
5.77073487E-01  2.06463356E-02  3.67689296E-04
5.77372102E-01  2.14687008E-02  3.75719887E-04
5.77670717E-01  2.13153083E-02  3.71898088E-04
5.77969332E-01  2.07237918E-02  3.67961708E-04
5.78267947E-01  2.13641878E-02  3.74464697E-04
5.78566562E-01  2.05870122E-02  3.66749155E-04
5.78865177E-01  2.05520038E-02  3.64854001E-04
5.79163792E-01  2.09883451E-02  3.70735506E-04
5.79462407E-01  2.14860756E-02  3.74763476E-04
5.79761022E-01  2.15035621E-02  3.76387616E-04
5.80059637E-01  2.15240829E-02  3.72882612E-04
5.80358252E-01  2.18959972E-02  3.78587836E-04
5.80656867E-01  2.16881391E-02  3.77656514E-04
5.80955482E-01  2.11228076E-02  3.72703827E-04


### HEADER:
#
#{
#    "analysis": {},
#    "calibration_params": {
#        "Beam_Center_X": 1061.0,
#        "Beam_Center_Y": 2093.0,
#        "Detector Tilt": 0.0,
#        "Detector Tilt Plane Rotation": 0.0,
#        "Detector_X_Pixel_Size": 75.0,
#        "Detector_Y_Pixel_Size": 75.0,
#        "Integration Method": "nosplit_csr",
#        "Radial_Average_Method": "pyFAI",
#        "Sample-to-detector distance (mm)": 1782.0,
#        "Wavelength (A)": 0.8823505857220345
#    },
#    "config_file": "/Users/jwinnikoff/Documents/MBARI/SAXS/HPSAXS_7A_Feb2023/HPSAXS_02_19_23.cfg",
#    "counters": {
#        "Epoch": "151.887",
#        "I1": "0",
#        "I2": "0",
#        "I3": "0",
#        "Seconds": "1",
#        "Time": "2.00272e-05",
#        "date": "Sun Feb 19 22:54:15 2023",
#        "diode": "54990"
#    },
#    "filename": "JWL0320_35C_090MPa_dn_3_data_000001_00001.h5",
#    "history": {},
#    "imageHeader": {},
#    "load_path": "/Users/jwinnikoff/Documents/MBARI/SAXS/HPSAXS_7A_Feb2023/JWL0320_SOPE_DOPE_TS+/JWL0320_35C_090MPa_dn_3_data_000001.h5",
#    "normalizations": {
#        "Absolute_scale": {
#            "Absolute_scale_factor": 0.005174693841759343,
#            "Method": "Water"
#        },
#        "Counter_norms": [
#            [
#                "/",
#                "diode/150000"
#            ]
#        ],
#        "Polarization": {
#            "Used": false
#        },
#        "Solid_Angle_Correction": "On"
#    },
#    "raw_version": "2.1.4"
#}

