### DATA:
#
# 1908
#      Q             I(Q)           Error     
1.14966775E-02  0.00000000E+00  0.00000000E+00
1.17952925E-02  4.71270233E-01  3.14880647E-02
1.20939075E-02  4.19725120E-01  2.10125372E-02
1.23925225E-02  4.70569104E-01  1.81661192E-02
1.26911375E-02  4.16445702E-01  1.60528030E-02
1.29897525E-02  3.74608696E-01  1.47961546E-02
1.32883675E-02  3.58200282E-01  1.39008667E-02
1.35869825E-02  3.59128714E-01  1.32556837E-02
1.38855975E-02  3.34475279E-01  1.19838202E-02
1.41842125E-02  3.34831655E-01  1.22426581E-02
1.44828275E-02  3.18651557E-01  1.18181324E-02
1.47814425E-02  2.92894453E-01  1.09921331E-02
1.50800575E-02  2.88806766E-01  1.05107538E-02
1.53786725E-02  2.59932339E-01  9.39173717E-03
1.56772875E-02  2.59709895E-01  9.46435425E-03
1.59759025E-02  2.49762043E-01  8.66414979E-03
1.62745175E-02  2.41655454E-01  8.40318389E-03
1.65731325E-02  2.32029378E-01  8.35091993E-03
1.68717475E-02  2.13684648E-01  7.35969003E-03
1.71703625E-02  2.14877754E-01  7.76384911E-03
1.74689775E-02  2.23060697E-01  7.30267959E-03
1.77675925E-02  2.07384020E-01  6.92435075E-03
1.80662075E-02  2.07133621E-01  7.20274169E-03
1.83648225E-02  1.79235861E-01  6.02154620E-03
1.86634375E-02  1.83371305E-01  6.37259334E-03
1.89620525E-02  1.84631839E-01  6.02523237E-03
1.92606675E-02  1.81865916E-01  6.06556749E-03
1.95592825E-02  1.78006440E-01  6.05940958E-03
1.98578975E-02  1.72732010E-01  5.52618690E-03
2.01565125E-02  1.69828445E-01  5.67357009E-03
2.04551275E-02  1.61800101E-01  5.19776810E-03
2.07537425E-02  1.56039476E-01  4.98704333E-03
2.10523575E-02  1.56513378E-01  4.71691275E-03
2.13509725E-02  1.45394832E-01  4.26710024E-03
2.16495875E-02  1.43663123E-01  4.22904594E-03
2.19482025E-02  1.47593826E-01  3.97021603E-03
2.22468175E-02  1.37689024E-01  4.01168363E-03
2.25454325E-02  1.36557385E-01  3.66407237E-03
2.28440475E-02  1.31494299E-01  3.68257682E-03
2.31426625E-02  1.30173400E-01  3.53632844E-03
2.34412775E-02  1.25524446E-01  3.33813275E-03
2.37398925E-02  1.20401099E-01  3.39326356E-03
2.40385075E-02  1.19390674E-01  3.17613780E-03
2.43371225E-02  1.14152074E-01  3.10567580E-03
2.46357375E-02  1.16071865E-01  3.21678072E-03
2.49343525E-02  1.15594402E-01  3.05254618E-03
2.52329675E-02  1.13274112E-01  3.17106652E-03
2.55315825E-02  1.05663374E-01  2.86942325E-03
2.58301975E-02  1.03304721E-01  2.85311206E-03
2.61288125E-02  1.00651465E-01  2.91041238E-03
2.64274275E-02  9.44180042E-02  2.64009507E-03
2.67260425E-02  9.82375368E-02  2.83587351E-03
2.70246575E-02  9.09784511E-02  2.55593751E-03
2.73232725E-02  9.04304236E-02  2.63030315E-03
2.76218875E-02  8.87272656E-02  2.64416100E-03
2.79205025E-02  9.43113416E-02  2.62482790E-03
2.82191175E-02  9.41688120E-02  2.61378428E-03
2.85177325E-02  8.69623050E-02  2.46956362E-03
2.88163475E-02  8.80366936E-02  2.56284722E-03
2.91149625E-02  8.25387463E-02  2.40995479E-03
2.94135775E-02  8.22320357E-02  2.37780064E-03
2.97121925E-02  7.92643800E-02  2.35381071E-03
3.00108075E-02  7.87994489E-02  2.26907851E-03
3.03094225E-02  7.93789104E-02  2.37934571E-03
3.06080375E-02  7.70774707E-02  2.26894813E-03
3.09066525E-02  7.44169801E-02  2.19826354E-03
3.12052675E-02  7.28444979E-02  2.24163453E-03
3.15038825E-02  7.51225874E-02  2.17861054E-03
3.18024975E-02  7.39961267E-02  2.19543115E-03
3.21011125E-02  7.23267570E-02  2.10018060E-03
3.23997275E-02  7.12103322E-02  2.02879263E-03
3.26983425E-02  6.96416795E-02  2.02306616E-03
3.29969575E-02  7.00964853E-02  1.91775453E-03
3.32955725E-02  6.87323734E-02  1.89900317E-03
3.35941875E-02  6.77461177E-02  1.79779541E-03
3.38928025E-02  6.60518184E-02  1.82773487E-03
3.41914175E-02  6.81641400E-02  1.80129334E-03
3.44900325E-02  6.64528906E-02  1.76658959E-03
3.47886474E-02  6.81063607E-02  1.75732747E-03
3.50872624E-02  6.89677447E-02  1.73507200E-03
3.53858774E-02  6.58124238E-02  1.74832821E-03
3.56844924E-02  6.41062334E-02  1.65909156E-03
3.59831074E-02  6.46126345E-02  1.63746928E-03
3.62817224E-02  6.33801073E-02  1.66158075E-03
3.65803374E-02  6.69255555E-02  1.65513391E-03
3.68789524E-02  6.29876032E-02  1.65986898E-03
3.71775674E-02  6.24926835E-02  1.61517016E-03
3.74761824E-02  6.33957461E-02  1.58340984E-03
3.77747974E-02  6.25600219E-02  1.58038316E-03
3.80734124E-02  6.44339696E-02  1.57861924E-03
3.83720274E-02  6.34490699E-02  1.61788287E-03
3.86706424E-02  6.07230961E-02  1.50774710E-03
3.89692574E-02  6.27221465E-02  1.57794682E-03
3.92678724E-02  6.29176348E-02  1.59246870E-03
3.95664874E-02  6.38679489E-02  1.54629897E-03
3.98651024E-02  6.17691055E-02  1.52203452E-03
4.01637174E-02  6.26477152E-02  1.50750601E-03
4.04623324E-02  6.16026111E-02  1.54782378E-03
4.07609474E-02  5.88462427E-02  1.45979563E-03
4.10595624E-02  6.34210780E-02  1.54639559E-03
4.13581774E-02  6.23563752E-02  1.50529703E-03
4.16567924E-02  6.14796020E-02  1.46463059E-03
4.19554074E-02  6.31195679E-02  1.52639160E-03
4.22540224E-02  6.60266802E-02  1.54896639E-03
4.25526374E-02  6.44987524E-02  1.51021534E-03
4.28512524E-02  6.33333176E-02  1.50156533E-03
4.31498674E-02  6.95882291E-02  1.55565131E-03
4.34484824E-02  6.63368106E-02  1.56618608E-03
4.37470974E-02  6.62368834E-02  1.49805075E-03
4.40457124E-02  6.94147944E-02  1.54102966E-03
4.43443274E-02  7.40308911E-02  1.62206544E-03
4.46429424E-02  7.30111822E-02  1.57533260E-03
4.49415574E-02  7.23182708E-02  1.61829987E-03
4.52401724E-02  7.63197467E-02  1.58896064E-03
4.55387874E-02  7.96857774E-02  1.64977019E-03
4.58374024E-02  8.11545476E-02  1.66490581E-03
4.61360174E-02  8.21359828E-02  1.65099534E-03
4.64346324E-02  8.59884843E-02  1.72218250E-03
4.67332474E-02  8.94043297E-02  1.70116604E-03
4.70318624E-02  8.95492956E-02  1.75317447E-03
4.73304774E-02  9.34250727E-02  1.78057537E-03
4.76290924E-02  1.01265997E-01  1.81469787E-03
4.79277074E-02  1.05329439E-01  1.83941226E-03
4.82263224E-02  1.10366039E-01  1.87007361E-03
4.85249374E-02  1.18734211E-01  1.99927762E-03
4.88235524E-02  1.27202213E-01  2.01832014E-03
4.91221674E-02  1.36397853E-01  2.07739230E-03
4.94207824E-02  1.45633653E-01  2.16953247E-03
4.97193974E-02  1.59002319E-01  2.22625956E-03
5.00180124E-02  1.70396939E-01  2.36868137E-03
5.03166274E-02  1.88648224E-01  2.42135441E-03
5.06152424E-02  2.06589401E-01  2.54140003E-03
5.09138574E-02  2.18634143E-01  2.64608045E-03
5.12124724E-02  2.37182617E-01  2.68350076E-03
5.15110874E-02  2.52736539E-01  2.81934417E-03
5.18097024E-02  2.63295501E-01  2.83556385E-03
5.21083174E-02  2.75535524E-01  2.89652520E-03
5.24069324E-02  2.87705570E-01  2.96194712E-03
5.27055474E-02  2.94476569E-01  2.97724595E-03
5.30041624E-02  2.91940987E-01  3.02112103E-03
5.33027774E-02  3.06624681E-01  3.02508310E-03
5.36013924E-02  3.11472565E-01  3.06635234E-03
5.39000074E-02  3.12486023E-01  3.01978760E-03
5.41986224E-02  3.12967390E-01  3.08256247E-03
5.44972374E-02  3.27564716E-01  3.11345723E-03
5.47958524E-02  3.24276686E-01  3.07623553E-03
5.50944674E-02  3.30750585E-01  3.15530482E-03
5.53930824E-02  3.34549546E-01  3.10313958E-03
5.56916974E-02  3.41662109E-01  3.11893411E-03
5.59903124E-02  3.49531054E-01  3.22069786E-03
5.62889274E-02  3.58231962E-01  3.18935979E-03
5.65875424E-02  3.67433369E-01  3.28826578E-03
5.68861574E-02  3.67319137E-01  3.22956126E-03
5.71847724E-02  3.75764549E-01  3.24465870E-03
5.74833874E-02  3.82456243E-01  3.30886082E-03
5.77820024E-02  3.84044230E-01  3.27585498E-03
5.80806174E-02  3.87744635E-01  3.37322312E-03
5.83792324E-02  3.82420093E-01  3.23054008E-03
5.86778474E-02  3.82707864E-01  3.28326225E-03
5.89764624E-02  3.77412617E-01  3.29596014E-03
5.92750774E-02  3.65964085E-01  3.11416504E-03
5.95736924E-02  3.58147174E-01  3.17616714E-03
5.98723074E-02  3.50377083E-01  3.07632517E-03
6.01709224E-02  3.43930334E-01  3.04398895E-03
6.04695374E-02  3.41548562E-01  3.08114314E-03
6.07681524E-02  3.29606980E-01  2.99531338E-03
6.10667674E-02  3.25022846E-01  2.98992475E-03
6.13653824E-02  3.14539582E-01  2.87445588E-03
6.16639974E-02  3.04813474E-01  2.86566932E-03
6.19626124E-02  2.98870772E-01  2.84123886E-03
6.22612274E-02  2.92001575E-01  2.75583565E-03
6.25598424E-02  2.83635348E-01  2.77500995E-03
6.28584574E-02  2.77870208E-01  2.70171906E-03
6.31570724E-02  2.73910463E-01  2.70615495E-03
6.34556874E-02  2.71055073E-01  2.61977641E-03
6.37543024E-02  2.70181626E-01  2.65087862E-03
6.40529174E-02  2.64740914E-01  2.66047777E-03
6.43515324E-02  2.64663011E-01  2.60919565E-03
6.46501474E-02  2.75362730E-01  2.71851337E-03
6.49487624E-02  2.69877583E-01  2.59234151E-03
6.52473774E-02  2.72550851E-01  2.62700371E-03
6.55459924E-02  2.80630112E-01  2.69500492E-03
6.58446074E-02  2.80223638E-01  2.66372762E-03
6.61432224E-02  2.88990408E-01  2.73485715E-03
6.64418374E-02  2.95368642E-01  2.69610994E-03
6.67404524E-02  3.02336276E-01  2.76351185E-03
6.70390674E-02  3.03942114E-01  2.78424495E-03
6.73376824E-02  3.15986544E-01  2.76448275E-03
6.76362974E-02  3.31665516E-01  2.90143187E-03
6.79349124E-02  3.41787010E-01  2.88010272E-03
6.82335274E-02  3.63466978E-01  2.99081416E-03
6.85321424E-02  3.86159033E-01  3.11946496E-03
6.88307574E-02  4.10737097E-01  3.15364357E-03
6.91293724E-02  4.44297642E-01  3.33015155E-03
6.94279874E-02  4.64083791E-01  3.32175521E-03
6.97266024E-02  4.86594409E-01  3.46052367E-03
7.00252174E-02  4.91177440E-01  3.44866421E-03
7.03238324E-02  4.81293350E-01  3.38661973E-03
7.06224474E-02  4.77922887E-01  3.42555251E-03
7.09210624E-02  4.58708435E-01  3.31372395E-03
7.12196774E-02  4.41522837E-01  3.24368663E-03
7.15182924E-02  4.15185153E-01  3.07654310E-03
7.18169074E-02  4.02322501E-01  3.11047235E-03
7.21155224E-02  3.88142467E-01  3.04474635E-03
7.24141374E-02  3.72876018E-01  2.96747545E-03
7.27127524E-02  3.55608344E-01  2.88502895E-03
7.30113674E-02  3.39508086E-01  2.79726740E-03
7.33099824E-02  3.22599024E-01  2.74177780E-03
7.36085974E-02  3.04888099E-01  2.67435401E-03
7.39072124E-02  2.82181948E-01  2.52542761E-03
7.42058274E-02  2.56323546E-01  2.45761569E-03
7.45044424E-02  2.44317189E-01  2.35750107E-03
7.48030574E-02  2.28929475E-01  2.29700259E-03
7.51016724E-02  2.16746897E-01  2.23260676E-03
7.54002874E-02  2.06860289E-01  2.14619539E-03
7.56989024E-02  2.02932864E-01  2.16265721E-03
7.59975174E-02  1.97302774E-01  2.09825346E-03
7.62961324E-02  1.95512280E-01  2.09538918E-03
7.65947474E-02  1.91144556E-01  2.06525112E-03
7.68933624E-02  1.90455347E-01  2.06371560E-03
7.71919774E-02  1.89656407E-01  2.08162400E-03
7.74905924E-02  1.88770667E-01  2.03096657E-03
7.77892074E-02  1.85134411E-01  2.02396163E-03
7.80878224E-02  1.87990338E-01  2.02257093E-03
7.83864374E-02  1.85521856E-01  2.00614007E-03
7.86850524E-02  1.85865238E-01  2.04087375E-03
7.89836674E-02  1.83571398E-01  2.00280896E-03
7.92822824E-02  1.86697304E-01  2.00321758E-03
7.95808974E-02  1.85627460E-01  1.97935780E-03
7.98795124E-02  1.84447572E-01  2.01176968E-03
8.01781274E-02  1.84118599E-01  2.02695630E-03
8.04767424E-02  1.85019761E-01  1.98009540E-03
8.07753574E-02  1.84346378E-01  1.99670019E-03
8.10739724E-02  1.86636358E-01  1.98673015E-03
8.13725874E-02  1.88294992E-01  1.98756601E-03
8.16712024E-02  1.85312003E-01  2.00398802E-03
8.19698174E-02  1.86115891E-01  1.95662305E-03
8.22684324E-02  1.87198818E-01  2.00387486E-03
8.25670474E-02  1.89449862E-01  1.99167291E-03
8.28656624E-02  1.85013086E-01  1.98206818E-03
8.31642774E-02  1.87694237E-01  1.96876051E-03
8.34628924E-02  1.90360367E-01  1.98464422E-03
8.37615074E-02  1.88386112E-01  2.00410746E-03
8.40601224E-02  1.87138930E-01  1.95627473E-03
8.43587374E-02  1.89429939E-01  1.97591051E-03
8.46573524E-02  1.90838158E-01  1.97360129E-03
8.49559674E-02  1.90527320E-01  1.98552152E-03
8.52545824E-02  1.92069322E-01  1.99747365E-03
8.55531974E-02  1.91560507E-01  1.96217047E-03
8.58518124E-02  1.90790325E-01  1.96764269E-03
8.61504274E-02  1.92907602E-01  1.95787265E-03
8.64490424E-02  1.92100704E-01  1.98591501E-03
8.67476574E-02  1.94953516E-01  1.99671602E-03
8.70462724E-02  1.97697937E-01  1.97737501E-03
8.73448874E-02  1.94973752E-01  1.97863881E-03
8.76435024E-02  2.01084942E-01  1.98957510E-03
8.79421174E-02  1.97260648E-01  2.00267206E-03
8.82407324E-02  1.98612928E-01  2.00180477E-03
8.85393474E-02  1.99002638E-01  1.97555893E-03
8.88379624E-02  2.02473193E-01  2.00773799E-03
8.91365774E-02  2.01903224E-01  1.97887281E-03
8.94351924E-02  2.04649881E-01  2.00714334E-03
8.97338074E-02  2.05259532E-01  1.99894398E-03
9.00324224E-02  2.03275055E-01  1.98376132E-03
9.03310374E-02  2.06122741E-01  2.02003471E-03
9.06296524E-02  2.07501486E-01  2.00243993E-03
9.09282674E-02  2.10439086E-01  2.01471685E-03
9.12268824E-02  2.10131928E-01  2.00956711E-03
9.15254974E-02  2.13530540E-01  2.01839488E-03
9.18241124E-02  2.13662535E-01  2.04896112E-03
9.21227274E-02  2.14259610E-01  2.03292980E-03
9.24213424E-02  2.20114723E-01  2.02554790E-03
9.27199574E-02  2.16816992E-01  2.02836539E-03
9.30185724E-02  2.17716470E-01  2.03624577E-03
9.33171874E-02  2.20759884E-01  2.07115151E-03
9.36158024E-02  2.22967193E-01  2.01034569E-03
9.39144174E-02  2.27575555E-01  2.08373182E-03
9.42130324E-02  2.29354411E-01  2.08057417E-03
9.45116474E-02  2.33077556E-01  2.08805269E-03
9.48102624E-02  2.32242882E-01  2.09363806E-03
9.51088774E-02  2.36572385E-01  2.07256665E-03
9.54074924E-02  2.38199070E-01  2.10713153E-03
9.57061074E-02  2.32175127E-01  2.07481254E-03
9.60047224E-02  2.41983876E-01  2.12005712E-03
9.63033374E-02  2.41146684E-01  2.09613540E-03
9.66019524E-02  2.49202326E-01  2.14201724E-03
9.69005674E-02  2.47058913E-01  2.12721154E-03
9.71991824E-02  2.49529332E-01  2.13226210E-03
9.74977974E-02  2.49966636E-01  2.12677871E-03
9.77964124E-02  2.57335007E-01  2.15051509E-03
9.80950274E-02  2.60481179E-01  2.17855792E-03
9.83936424E-02  2.60889739E-01  2.18121195E-03
9.86922574E-02  2.66646653E-01  2.20324006E-03
9.89908724E-02  2.68558085E-01  2.18759640E-03
9.92894874E-02  2.69066483E-01  2.18320731E-03
9.95881024E-02  2.73926198E-01  2.22066650E-03
9.98867174E-02  2.74962276E-01  2.23251618E-03
1.00185332E-01  2.81726003E-01  2.20902124E-03
1.00483947E-01  2.83848882E-01  2.25283974E-03
1.00782562E-01  2.87284613E-01  2.23901938E-03
1.01081177E-01  2.91284442E-01  2.27732817E-03
1.01379792E-01  2.95621753E-01  2.28553801E-03
1.01678407E-01  2.98229635E-01  2.27094512E-03
1.01977022E-01  3.05871576E-01  2.32482655E-03
1.02275637E-01  3.06154817E-01  2.32590502E-03
1.02574252E-01  3.08425069E-01  2.32477556E-03
1.02872867E-01  3.15405816E-01  2.32589780E-03
1.03171482E-01  3.16348642E-01  2.32747756E-03
1.03470097E-01  3.21471035E-01  2.35007517E-03
1.03768712E-01  3.24831426E-01  2.38383096E-03
1.04067327E-01  3.30196708E-01  2.36065639E-03
1.04365942E-01  3.34726006E-01  2.40393612E-03
1.04664557E-01  3.41038376E-01  2.42451159E-03
1.04963172E-01  3.37969899E-01  2.39598565E-03
1.05261787E-01  3.42704564E-01  2.41857558E-03
1.05560402E-01  3.49301755E-01  2.41640210E-03
1.05859017E-01  3.51654202E-01  2.45593977E-03
1.06157632E-01  3.57575029E-01  2.46054051E-03
1.06456247E-01  3.63467842E-01  2.48073484E-03
1.06754862E-01  3.60606611E-01  2.44166423E-03
1.07053477E-01  3.65180641E-01  2.47269147E-03
1.07352092E-01  3.66420299E-01  2.47688731E-03
1.07650707E-01  3.74802828E-01  2.50705634E-03
1.07949322E-01  3.75284404E-01  2.50468054E-03
1.08247937E-01  3.76909673E-01  2.50810920E-03
1.08546552E-01  3.82850528E-01  2.53788382E-03
1.08845167E-01  3.86415541E-01  2.50792317E-03
1.09143782E-01  3.85946572E-01  2.53599579E-03
1.09442397E-01  3.91670913E-01  2.52297428E-03
1.09741012E-01  3.98636103E-01  2.55320966E-03
1.10039627E-01  3.97520900E-01  2.56968313E-03
1.10338242E-01  3.99421155E-01  2.55970843E-03
1.10636857E-01  4.01113629E-01  2.53372546E-03
1.10935472E-01  4.07424867E-01  2.55164364E-03
1.11234087E-01  4.05889124E-01  2.57036043E-03
1.11532702E-01  4.09651130E-01  2.58025248E-03
1.11831317E-01  4.12521958E-01  2.57539679E-03
1.12129932E-01  4.15169805E-01  2.58859992E-03
1.12428547E-01  4.20271367E-01  2.60346010E-03
1.12727162E-01  4.22324836E-01  2.59888521E-03
1.13025777E-01  4.25593615E-01  2.60595744E-03
1.13324392E-01  4.30273324E-01  2.61628395E-03
1.13623007E-01  4.31259602E-01  2.62524304E-03
1.13921622E-01  4.25738364E-01  2.61036935E-03
1.14220237E-01  4.35596704E-01  2.61469954E-03
1.14518852E-01  4.32442516E-01  2.58410769E-03
1.14817467E-01  4.27976221E-01  2.60733394E-03
1.15116082E-01  4.36689794E-01  2.63175997E-03
1.15414697E-01  4.39347416E-01  2.62790360E-03
1.15713312E-01  4.38550562E-01  2.60039675E-03
1.16011927E-01  4.37702864E-01  2.60745361E-03
1.16310542E-01  4.45026964E-01  2.65277922E-03
1.16609157E-01  4.41404104E-01  2.61268206E-03
1.16907772E-01  4.49049979E-01  2.64495052E-03
1.17206387E-01  4.45006967E-01  2.62236525E-03
1.17505002E-01  4.40193504E-01  2.59202067E-03
1.17803617E-01  4.48501557E-01  2.64530187E-03
1.18102232E-01  4.41276908E-01  2.59898603E-03
1.18400847E-01  4.45604950E-01  2.61551025E-03
1.18699462E-01  4.45406765E-01  2.60922802E-03
1.18998077E-01  4.42749202E-01  2.57721776E-03
1.19296692E-01  4.44679677E-01  2.63207033E-03
1.19595307E-01  4.39371884E-01  2.56920652E-03
1.19893922E-01  4.37798351E-01  2.55913055E-03
1.20192537E-01  4.46426719E-01  2.61412677E-03
1.20491152E-01  4.41379070E-01  2.56230589E-03
1.20789767E-01  4.34625119E-01  2.56631570E-03
1.21088382E-01  4.36082661E-01  2.56692478E-03
1.21386997E-01  4.35982287E-01  2.54660123E-03
1.21685612E-01  4.35415864E-01  2.56865751E-03
1.21984227E-01  4.34768111E-01  2.55027763E-03
1.22282842E-01  4.35283512E-01  2.53384630E-03
1.22581457E-01  4.32730079E-01  2.50888569E-03
1.22880072E-01  4.31675643E-01  2.55027879E-03
1.23178687E-01  4.31377321E-01  2.52600247E-03
1.23477302E-01  4.26141590E-01  2.51771626E-03
1.23775917E-01  4.28868175E-01  2.49595195E-03
1.24074532E-01  4.24270064E-01  2.50687753E-03
1.24373147E-01  4.22400594E-01  2.49783811E-03
1.24671762E-01  4.27600235E-01  2.49917642E-03
1.24970377E-01  4.18834329E-01  2.46659224E-03
1.25268992E-01  4.15045738E-01  2.45203148E-03
1.25567607E-01  4.16595399E-01  2.44485750E-03
1.25866222E-01  4.18321043E-01  2.48925667E-03
1.26164837E-01  4.12832081E-01  2.44549196E-03
1.26463452E-01  4.09524530E-01  2.42402847E-03
1.26762067E-01  4.10168797E-01  2.43592053E-03
1.27060682E-01  4.09164160E-01  2.42627715E-03
1.27359297E-01  4.10467565E-01  2.46666116E-03
1.27657912E-01  4.05442327E-01  2.39404314E-03
1.27956527E-01  4.05420512E-01  2.40450073E-03
1.28255142E-01  4.06122744E-01  2.42388994E-03
1.28553757E-01  4.03759003E-01  2.37476546E-03
1.28852372E-01  4.02368605E-01  2.38017109E-03
1.29150987E-01  4.02144253E-01  2.37951032E-03
1.29449602E-01  4.00590211E-01  2.38933833E-03
1.29748217E-01  3.99181277E-01  2.38352222E-03
1.30046832E-01  4.01785135E-01  2.37211725E-03
1.30345447E-01  3.99380177E-01  2.35874089E-03
1.30644062E-01  4.05607104E-01  2.37392052E-03
1.30942677E-01  3.98078233E-01  2.36905157E-03
1.31241292E-01  3.98777783E-01  2.36323383E-03
1.31539907E-01  3.99469972E-01  2.35279673E-03
1.31838522E-01  3.98823142E-01  2.36180285E-03
1.32137137E-01  4.01751727E-01  2.39201495E-03
1.32435752E-01  4.00207043E-01  2.41871038E-03
1.32734367E-01  4.01008993E-01  2.41777976E-03
1.33032982E-01  4.00258422E-01  2.44100858E-03
1.33331597E-01  3.98666471E-01  2.43615219E-03
1.33630212E-01  4.08580840E-01  2.47679348E-03
1.33928827E-01  4.07037497E-01  2.50999606E-03
1.34227442E-01  4.01010931E-01  2.43130699E-03
1.34526057E-01  4.06747311E-01  2.49811029E-03
1.34824672E-01  4.02349204E-01  2.50288029E-03
1.35123287E-01  4.01137263E-01  2.48445314E-03
1.35421902E-01  4.09883291E-01  2.53371848E-03
1.35720517E-01  4.12535399E-01  2.51583382E-03
1.36019132E-01  4.14789081E-01  2.56802118E-03
1.36317747E-01  4.13709164E-01  2.53986195E-03
1.36616362E-01  4.17411387E-01  2.54367874E-03
1.36914977E-01  4.17093396E-01  2.57127266E-03
1.37213592E-01  4.20373708E-01  2.58526346E-03
1.37512207E-01  4.25421894E-01  2.62666168E-03
1.37810822E-01  4.24906999E-01  2.59917206E-03
1.38109437E-01  4.32778180E-01  2.62313895E-03
1.38408052E-01  4.34615016E-01  2.63868668E-03
1.38706667E-01  4.38637555E-01  2.65694596E-03
1.39005282E-01  4.49977100E-01  2.72034784E-03
1.39303897E-01  4.45038855E-01  2.65204930E-03
1.39602512E-01  4.48177159E-01  2.71278969E-03
1.39901127E-01  4.56540376E-01  2.73372559E-03
1.40199742E-01  4.45525408E-01  2.68803700E-03
1.40498357E-01  4.55404967E-01  2.74639484E-03
1.40796972E-01  4.49251533E-01  2.69201165E-03
1.41095587E-01  4.57547218E-01  2.75610853E-03
1.41394202E-01  4.44091976E-01  2.69831391E-03
1.41692817E-01  4.38872308E-01  2.69928365E-03
1.41991432E-01  4.40052152E-01  2.70291278E-03
1.42290047E-01  4.34139431E-01  2.66584125E-03
1.42588662E-01  4.35320497E-01  2.70547229E-03
1.42887277E-01  4.27348226E-01  2.66572484E-03
1.43185892E-01  4.19906884E-01  2.63410807E-03
1.43484507E-01  4.18446302E-01  2.65041227E-03
1.43783122E-01  4.10036266E-01  2.60194996E-03
1.44081737E-01  4.05780792E-01  2.59657507E-03
1.44380352E-01  4.02418375E-01  2.56463140E-03
1.44678967E-01  3.96963000E-01  2.51899124E-03
1.44977582E-01  3.94414514E-01  2.56097130E-03
1.45276197E-01  3.87603611E-01  2.50150147E-03
1.45574812E-01  3.84735227E-01  2.52140430E-03
1.45873427E-01  3.76539230E-01  2.43675173E-03
1.46172042E-01  3.75577778E-01  2.45114695E-03
1.46470657E-01  3.71778786E-01  2.46796291E-03
1.46769272E-01  3.68604988E-01  2.42829323E-03
1.47067887E-01  3.63748103E-01  2.40676478E-03
1.47366502E-01  3.54167193E-01  2.36326875E-03
1.47665117E-01  3.50582331E-01  2.35481141E-03
1.47963732E-01  3.41207355E-01  2.34974781E-03
1.48262347E-01  3.35128337E-01  2.30406318E-03
1.48560962E-01  3.34488511E-01  2.30533746E-03
1.48859577E-01  3.22594494E-01  2.23383890E-03
1.49158192E-01  3.22124332E-01  2.27873167E-03
1.49456807E-01  3.14703554E-01  2.22606934E-03
1.49755422E-01  3.13315928E-01  2.21536728E-03
1.50054037E-01  3.11524034E-01  2.22313101E-03
1.50352652E-01  3.08460414E-01  2.18436867E-03
1.50651267E-01  3.04622471E-01  2.20169383E-03
1.50949882E-01  3.01435024E-01  2.15618988E-03
1.51248497E-01  2.96486109E-01  2.14867573E-03
1.51547112E-01  2.93856233E-01  2.17647408E-03
1.51845727E-01  2.90381014E-01  2.10095826E-03
1.52144342E-01  2.94058084E-01  2.16647144E-03
1.52442957E-01  2.87456989E-01  2.07838858E-03
1.52741572E-01  2.86114335E-01  2.10378203E-03
1.53040187E-01  2.81681985E-01  2.11719144E-03
1.53338802E-01  2.82784760E-01  2.07856926E-03
1.53637417E-01  2.76872545E-01  2.08180724E-03
1.53936032E-01  2.80171365E-01  2.06371304E-03
1.54234647E-01  2.78826267E-01  2.06322991E-03
1.54533262E-01  2.73775935E-01  2.07632547E-03
1.54831877E-01  2.77066529E-01  2.05970393E-03
1.55130492E-01  2.71717697E-01  2.04270170E-03
1.55429107E-01  2.69522101E-01  2.02339585E-03
1.55727722E-01  2.68153995E-01  2.03820714E-03
1.56026337E-01  2.66657472E-01  2.02065427E-03
1.56324952E-01  2.67905772E-01  2.01878510E-03
1.56623567E-01  2.64521480E-01  2.02884688E-03
1.56922182E-01  2.66463518E-01  2.00683461E-03
1.57220797E-01  2.60910004E-01  2.01272476E-03
1.57519412E-01  2.57346064E-01  1.97433494E-03
1.57818027E-01  2.57022411E-01  1.97167788E-03
1.58116642E-01  2.58028179E-01  2.00232514E-03
1.58415257E-01  2.54679441E-01  1.96267595E-03
1.58713872E-01  2.54965335E-01  1.98238110E-03
1.59012487E-01  2.53507644E-01  1.94838771E-03
1.59311102E-01  2.50694424E-01  1.96715374E-03
1.59609717E-01  2.48751312E-01  1.96311926E-03
1.59908332E-01  2.47910023E-01  1.91454857E-03
1.60206947E-01  2.48192579E-01  1.93475804E-03
1.60505562E-01  2.48329028E-01  1.93529250E-03
1.60804177E-01  2.47902572E-01  1.93155848E-03
1.61102792E-01  2.42342457E-01  1.91046018E-03
1.61401407E-01  2.44829550E-01  1.91273086E-03
1.61700022E-01  2.40009606E-01  1.89112965E-03
1.61998637E-01  2.44400814E-01  1.91241864E-03
1.62297252E-01  2.40367189E-01  1.90539716E-03
1.62595867E-01  2.38334268E-01  1.89596566E-03
1.62894482E-01  2.37756625E-01  1.87233160E-03
1.63193097E-01  2.36390650E-01  1.89434073E-03
1.63491712E-01  2.38216802E-01  1.87022309E-03
1.63790327E-01  2.35306203E-01  1.88795535E-03
1.64088942E-01  2.33367875E-01  1.84852001E-03
1.64387557E-01  2.33187675E-01  1.86210801E-03
1.64686172E-01  2.30774790E-01  1.87442219E-03
1.64984787E-01  2.29351595E-01  1.83510641E-03
1.65283402E-01  2.31881157E-01  1.85689214E-03
1.65582017E-01  2.28587404E-01  1.82823127E-03
1.65880632E-01  2.25466177E-01  1.82332238E-03
1.66179247E-01  2.25680903E-01  1.83906360E-03
1.66477862E-01  2.23426953E-01  1.80435507E-03
1.66776477E-01  2.19798803E-01  1.80533284E-03
1.67075092E-01  2.25512192E-01  1.83252420E-03
1.67373707E-01  2.24767223E-01  1.82370294E-03
1.67672322E-01  2.22827032E-01  1.81454269E-03
1.67970937E-01  2.23252207E-01  1.79930963E-03
1.68269552E-01  2.19095528E-01  1.79677061E-03
1.68568167E-01  2.16875717E-01  1.76978030E-03
1.68866782E-01  2.19100818E-01  1.80502678E-03
1.69165397E-01  2.20142320E-01  1.79542077E-03
1.69464012E-01  2.15671524E-01  1.76607969E-03
1.69762627E-01  2.17747167E-01  1.78625353E-03
1.70061242E-01  2.14685932E-01  1.76751625E-03
1.70359857E-01  2.10032240E-01  1.76853966E-03
1.70658472E-01  2.13427305E-01  1.75087526E-03
1.70957087E-01  2.12841734E-01  1.75507122E-03
1.71255702E-01  2.07797244E-01  1.75539241E-03
1.71554317E-01  2.11591154E-01  1.73156383E-03
1.71852932E-01  2.08231851E-01  1.73955923E-03
1.72151547E-01  2.12462842E-01  1.75111368E-03
1.72450162E-01  2.07918897E-01  1.73646014E-03
1.72748777E-01  2.07702667E-01  1.73975830E-03
1.73047392E-01  2.02226236E-01  1.70900149E-03
1.73346007E-01  2.03096658E-01  1.71562238E-03
1.73644622E-01  2.01517910E-01  1.70076999E-03
1.73943237E-01  2.00851619E-01  1.69853750E-03
1.74241852E-01  2.00978577E-01  1.70960487E-03
1.74540467E-01  2.01275051E-01  1.68941973E-03
1.74839082E-01  1.98675752E-01  1.69920083E-03
1.75137697E-01  1.97062820E-01  1.67617458E-03
1.75436312E-01  1.97363913E-01  1.68835174E-03
1.75734927E-01  1.95977479E-01  1.66202011E-03
1.76033542E-01  1.96073934E-01  1.66746171E-03
1.76332157E-01  1.90224573E-01  1.66729011E-03
1.76630772E-01  1.91385522E-01  1.64299086E-03
1.76929387E-01  1.94294408E-01  1.68095878E-03
1.77228002E-01  1.91623732E-01  1.63745089E-03
1.77526617E-01  1.90704077E-01  1.64559134E-03
1.77825232E-01  1.87610388E-01  1.63772248E-03
1.78123847E-01  1.84435770E-01  1.61723560E-03
1.78422462E-01  1.85854435E-01  1.62344601E-03
1.78721077E-01  1.84680253E-01  1.62268896E-03
1.79019692E-01  1.84263796E-01  1.62140990E-03
1.79318307E-01  1.85574308E-01  1.62771950E-03
1.79616922E-01  1.83073476E-01  1.59260572E-03
1.79915537E-01  1.81633189E-01  1.60762516E-03
1.80214152E-01  1.80217952E-01  1.58746913E-03
1.80512767E-01  1.80157647E-01  1.60325505E-03
1.80811382E-01  1.80677041E-01  1.60123350E-03
1.81109997E-01  1.75618589E-01  1.56397629E-03
1.81408612E-01  1.74541727E-01  1.57487846E-03
1.81707227E-01  1.75513089E-01  1.57027657E-03
1.82005842E-01  1.73659191E-01  1.56196393E-03
1.82304457E-01  1.76463261E-01  1.56567339E-03
1.82603072E-01  1.70690060E-01  1.54649653E-03
1.82901687E-01  1.72341958E-01  1.56493543E-03
1.83200302E-01  1.70570701E-01  1.54288416E-03
1.83498917E-01  1.70277834E-01  1.53546827E-03
1.83797532E-01  1.65097237E-01  1.50945364E-03
1.84096147E-01  1.63403779E-01  1.51566416E-03
1.84394762E-01  1.65686548E-01  1.52877043E-03
1.84693377E-01  1.63611487E-01  1.50859682E-03
1.84991992E-01  1.65795356E-01  1.52672292E-03
1.85290607E-01  1.64726764E-01  1.50236627E-03
1.85589222E-01  1.60766572E-01  1.49493711E-03
1.85887837E-01  1.63396835E-01  1.50266243E-03
1.86186452E-01  1.60774440E-01  1.48763228E-03
1.86485067E-01  1.57062888E-01  1.47811207E-03
1.86783682E-01  1.56978786E-01  1.47334603E-03
1.87082297E-01  1.55499458E-01  1.47268851E-03
1.87380912E-01  1.56082660E-01  1.46577496E-03
1.87679527E-01  1.53610453E-01  1.44192274E-03
1.87978142E-01  1.52725264E-01  1.45564904E-03
1.88276757E-01  1.52328566E-01  1.45041931E-03
1.88575372E-01  1.50468796E-01  1.44581322E-03
1.88873987E-01  1.52064383E-01  1.44443777E-03
1.89172602E-01  1.48702949E-01  1.42054155E-03
1.89471217E-01  1.50237828E-01  1.43855554E-03
1.89769832E-01  1.46514431E-01  1.42435113E-03
1.90068447E-01  1.44710377E-01  1.39551610E-03
1.90367062E-01  1.41697794E-01  1.39389106E-03
1.90665677E-01  1.43498719E-01  1.39953801E-03
1.90964292E-01  1.40999019E-01  1.38460763E-03
1.91262907E-01  1.41219303E-01  1.39154273E-03
1.91561522E-01  1.40531123E-01  1.37085596E-03
1.91860137E-01  1.39243454E-01  1.38312962E-03
1.92158752E-01  1.37846425E-01  1.36905024E-03
1.92457367E-01  1.35995358E-01  1.36158848E-03
1.92755982E-01  1.37497187E-01  1.36336440E-03
1.93054597E-01  1.35468021E-01  1.35413860E-03
1.93353212E-01  1.36072606E-01  1.35023508E-03
1.93651827E-01  1.33010224E-01  1.34919339E-03
1.93950442E-01  1.31395042E-01  1.33363332E-03
1.94249057E-01  1.31392211E-01  1.32429227E-03
1.94547672E-01  1.34668827E-01  1.35101855E-03
1.94846287E-01  1.28116146E-01  1.31520559E-03
1.95144902E-01  1.28968447E-01  1.32682465E-03
1.95443517E-01  1.28834799E-01  1.29825249E-03
1.95742132E-01  1.26994461E-01  1.30693137E-03
1.96040747E-01  1.26376197E-01  1.30625314E-03
1.96339362E-01  1.23094469E-01  1.29208562E-03
1.96637977E-01  1.22467674E-01  1.27612043E-03
1.96936592E-01  1.25149503E-01  1.29246956E-03
1.97235207E-01  1.20302342E-01  1.27163529E-03
1.97533822E-01  1.21936336E-01  1.27537025E-03
1.97832437E-01  1.20270655E-01  1.27066160E-03
1.98131052E-01  1.19579546E-01  1.26019912E-03
1.98429667E-01  1.18183263E-01  1.25400885E-03
1.98728282E-01  1.18118182E-01  1.25764427E-03
1.99026897E-01  1.18367769E-01  1.25104643E-03
1.99325512E-01  1.18849814E-01  1.25754683E-03
1.99624127E-01  1.15597047E-01  1.23982935E-03
1.99922742E-01  1.16380014E-01  1.24167383E-03
2.00221357E-01  1.13827221E-01  1.23499287E-03
2.00519972E-01  1.12108298E-01  1.21334731E-03
2.00818587E-01  1.11558609E-01  1.20924087E-03
2.01117202E-01  1.10211536E-01  1.21368328E-03
2.01415817E-01  1.08516432E-01  1.19227229E-03
2.01714432E-01  1.09551862E-01  1.20357599E-03
2.02013047E-01  1.07406333E-01  1.18690089E-03
2.02311662E-01  1.07436962E-01  1.19190605E-03
2.02610277E-01  1.07634075E-01  1.19600806E-03
2.02908892E-01  1.05621092E-01  1.17190508E-03
2.03207507E-01  1.06633209E-01  1.18226185E-03
2.03506122E-01  1.02343433E-01  1.15644140E-03
2.03804737E-01  1.04917325E-01  1.17198634E-03
2.04103352E-01  1.03321150E-01  1.16667023E-03
2.04401967E-01  1.02393515E-01  1.15997333E-03
2.04700582E-01  1.01669274E-01  1.14590127E-03
2.04999197E-01  9.91168991E-02  1.13456277E-03
2.05297812E-01  9.93537828E-02  1.14693283E-03
2.05596427E-01  9.88378748E-02  1.13471900E-03
2.05895042E-01  9.72480178E-02  1.12835248E-03
2.06193657E-01  9.89807993E-02  1.13100605E-03
2.06492272E-01  9.65343490E-02  1.11557543E-03
2.06790887E-01  9.67320949E-02  1.12922827E-03
2.07089502E-01  9.41953138E-02  1.09596143E-03
2.07388117E-01  9.43108648E-02  1.11084722E-03
2.07686732E-01  9.19333622E-02  1.09235686E-03
2.07985347E-01  9.45249423E-02  1.10391388E-03
2.08283962E-01  9.42259803E-02  1.10487686E-03
2.08582577E-01  9.26310271E-02  1.08782121E-03
2.08881192E-01  9.21409279E-02  1.08991016E-03
2.09179807E-01  8.93906951E-02  1.07848458E-03
2.09478422E-01  9.21165198E-02  1.08185364E-03
2.09777037E-01  8.82081166E-02  1.06968055E-03
2.10075652E-01  8.71417299E-02  1.05319242E-03
2.10374267E-01  8.71368125E-02  1.06645736E-03
2.10672882E-01  8.78977701E-02  1.06780301E-03
2.10971497E-01  8.64002109E-02  1.04149571E-03
2.11270112E-01  8.31656680E-02  1.03770790E-03
2.11568727E-01  8.40255991E-02  1.03233021E-03
2.11867342E-01  8.43056589E-02  1.04383787E-03
2.12165957E-01  8.30481499E-02  1.02693064E-03
2.12464572E-01  8.29492584E-02  1.02539419E-03
2.12763187E-01  8.21176246E-02  1.02518965E-03
2.13061802E-01  8.16491470E-02  1.02133269E-03
2.13360417E-01  8.09867904E-02  1.02090498E-03
2.13659032E-01  7.82207921E-02  9.92764719E-04
2.13957647E-01  7.75624365E-02  9.89764580E-04
2.14256262E-01  7.79224560E-02  9.96551942E-04
2.14554877E-01  7.69030675E-02  9.84078506E-04
2.14853492E-01  7.59718940E-02  9.79569275E-04
2.15152107E-01  7.60172382E-02  9.78690572E-04
2.15450722E-01  7.36533180E-02  9.73004906E-04
2.15749337E-01  7.54737854E-02  9.78118973E-04
2.16047952E-01  7.44111463E-02  9.68012610E-04
2.16346567E-01  7.37440139E-02  9.64241859E-04
2.16645182E-01  7.11948797E-02  9.42090584E-04
2.16943797E-01  6.94414973E-02  9.35414049E-04
2.17242412E-01  7.07890168E-02  9.50723595E-04
2.17541027E-01  6.91181794E-02  9.24704480E-04
2.17839642E-01  6.89008385E-02  9.39101039E-04
2.18138257E-01  6.83336183E-02  9.17829457E-04
2.18436872E-01  6.75349385E-02  9.21941129E-04
2.18735487E-01  6.66569099E-02  9.11314506E-04
2.19034102E-01  6.71602115E-02  9.15291777E-04
2.19332717E-01  6.67450279E-02  9.18461243E-04
2.19631332E-01  6.47104532E-02  9.00582236E-04
2.19929947E-01  6.30698651E-02  8.85676476E-04
2.20228562E-01  6.35776371E-02  8.86363210E-04
2.20527177E-01  6.31697029E-02  8.88217706E-04
2.20825792E-01  6.15048595E-02  8.77477636E-04
2.21124407E-01  6.28965423E-02  8.84726702E-04
2.21423022E-01  6.07773140E-02  8.68158764E-04
2.21721637E-01  5.98859638E-02  8.60000961E-04
2.22020252E-01  5.95795698E-02  8.57548555E-04
2.22318867E-01  5.95574342E-02  8.62969959E-04
2.22617482E-01  5.83720505E-02  8.44377035E-04
2.22916097E-01  5.81268221E-02  8.54067679E-04
2.23214712E-01  5.85258566E-02  8.48200812E-04
2.23513327E-01  5.90355471E-02  8.57661769E-04
2.23811942E-01  5.60633615E-02  8.31138575E-04
2.24110557E-01  5.50950021E-02  8.20578716E-04
2.24409172E-01  5.46235144E-02  8.23293405E-04
2.24707787E-01  5.45683317E-02  8.14997591E-04
2.25006402E-01  5.42519763E-02  8.22188391E-04
2.25305017E-01  5.32589145E-02  8.00094800E-04
2.25603632E-01  5.43136150E-02  8.19274166E-04
2.25902247E-01  5.32895476E-02  8.12469050E-04
2.26200862E-01  5.22355810E-02  7.99940724E-04
2.26499477E-01  5.19347042E-02  7.94867228E-04
2.26798092E-01  5.04444689E-02  7.87714205E-04
2.27096707E-01  5.06167412E-02  7.87910598E-04
2.27395322E-01  4.98411953E-02  7.84827746E-04
2.27693937E-01  5.13998829E-02  7.87142781E-04
2.27992552E-01  4.98376265E-02  7.77764071E-04
2.28291167E-01  4.78406623E-02  7.61585485E-04
2.28589782E-01  4.66403067E-02  7.58103386E-04
2.28888397E-01  4.73678187E-02  7.61327974E-04
2.29187012E-01  4.63909581E-02  7.47172977E-04
2.29485627E-01  4.47498076E-02  7.36578659E-04
2.29784242E-01  4.73806299E-02  7.61435600E-04
2.30082857E-01  4.60559390E-02  7.45753525E-04
2.30381472E-01  4.45611402E-02  7.32086133E-04
2.30680087E-01  4.50815596E-02  7.38248811E-04
2.30978702E-01  4.48036864E-02  7.35971553E-04
2.31277317E-01  4.43495251E-02  7.33075081E-04
2.31575932E-01  4.50387374E-02  7.38538452E-04
2.31874547E-01  4.35517132E-02  7.20675685E-04
2.32173162E-01  4.38786373E-02  7.26882077E-04
2.32471777E-01  4.20481414E-02  7.12987676E-04
2.32770392E-01  4.27213758E-02  7.16213079E-04
2.33069007E-01  4.20492589E-02  7.10153719E-04
2.33367622E-01  4.19072695E-02  7.06346880E-04
2.33666237E-01  4.25209887E-02  7.17609073E-04
2.33964852E-01  4.26704623E-02  7.13357411E-04
2.34263467E-01  4.22532335E-02  7.09862739E-04
2.34562082E-01  3.98565717E-02  6.91200607E-04
2.34860697E-01  4.09157909E-02  6.99134369E-04
2.35159312E-01  4.23499756E-02  7.12091220E-04
2.35457927E-01  3.88890654E-02  6.78722223E-04
2.35756542E-01  3.95375825E-02  6.81682432E-04
2.36055157E-01  3.79155241E-02  6.73209899E-04
2.36353772E-01  3.86388488E-02  6.79024961E-04
2.36652387E-01  3.90712991E-02  6.86518732E-04
2.36951002E-01  3.91934365E-02  6.75147108E-04
2.37249617E-01  3.91714014E-02  6.85636653E-04
2.37548232E-01  3.87465134E-02  6.78823853E-04
2.37846847E-01  3.83915454E-02  6.73432311E-04
2.38145462E-01  3.76196764E-02  6.66069798E-04
2.38444077E-01  3.70049179E-02  6.56214601E-04
2.38742692E-01  3.69160660E-02  6.66372303E-04
2.39041307E-01  3.64076123E-02  6.55806740E-04
2.39339922E-01  3.64419743E-02  6.54834090E-04
2.39638537E-01  3.61614600E-02  6.52857299E-04
2.39937152E-01  3.54916453E-02  6.44982909E-04
2.40235767E-01  3.63369510E-02  6.57204888E-04
2.40534382E-01  3.53085175E-02  6.43677602E-04
2.40832997E-01  3.48249823E-02  6.37837336E-04
2.41131612E-01  3.55972461E-02  6.48295158E-04
2.41430227E-01  3.56244296E-02  6.43161766E-04
2.41728842E-01  3.43433991E-02  6.37850899E-04
2.42027457E-01  3.47793661E-02  6.33399934E-04
2.42326072E-01  3.44203562E-02  6.32551906E-04
2.42624687E-01  3.46992463E-02  6.41151040E-04
2.42923302E-01  3.37091349E-02  6.28241745E-04
2.43221917E-01  3.40611413E-02  6.25633693E-04
2.43520532E-01  3.48403864E-02  6.35354721E-04
2.43819147E-01  3.25653628E-02  6.14769175E-04
2.44117762E-01  3.29318158E-02  6.21133891E-04
2.44416377E-01  3.34507637E-02  6.27581903E-04
2.44714992E-01  3.24053243E-02  6.09579438E-04
2.45013607E-01  3.29373628E-02  6.21017651E-04
2.45312222E-01  3.28868255E-02  6.16784615E-04
2.45610837E-01  3.19112912E-02  6.09411509E-04
2.45909452E-01  3.14663947E-02  5.99061139E-04
2.46208067E-01  3.22292410E-02  6.11262396E-04
2.46506682E-01  3.26075926E-02  6.13492855E-04
2.46805297E-01  3.10462248E-02  6.03436842E-04
2.47103912E-01  3.13121527E-02  5.98406361E-04
2.47402527E-01  3.20327692E-02  6.05254376E-04
2.47701142E-01  3.05564292E-02  5.94703713E-04
2.47999757E-01  3.07374131E-02  5.95972873E-04
2.48298372E-01  3.05227432E-02  5.97337959E-04
2.48596987E-01  3.09350826E-02  5.90016192E-04
2.48895602E-01  3.02409362E-02  5.87451854E-04
2.49194217E-01  3.08556557E-02  5.94037410E-04
2.49492832E-01  2.94006541E-02  5.80967986E-04
2.49791447E-01  2.98455711E-02  5.86788577E-04
2.50090062E-01  3.05353999E-02  5.89512871E-04
2.50388677E-01  2.94927973E-02  5.83472662E-04
2.50687292E-01  2.98919063E-02  5.85328671E-04
2.50985907E-01  3.00078392E-02  5.83143905E-04
2.51284522E-01  2.97526028E-02  5.84283611E-04
2.51583137E-01  3.01246382E-02  5.83653047E-04
2.51881752E-01  3.03171575E-02  5.88045572E-04
2.52180367E-01  3.03629171E-02  5.88490511E-04
2.52478982E-01  2.92221848E-02  5.75311191E-04
2.52777597E-01  2.92644314E-02  5.76814055E-04
2.53076212E-01  2.87115835E-02  5.71495038E-04
2.53374827E-01  2.96155494E-02  5.82153734E-04
2.53673442E-01  2.92204302E-02  5.70868317E-04
2.53972057E-01  2.88079046E-02  5.71378507E-04
2.54270672E-01  2.94948127E-02  5.77996427E-04
2.54569287E-01  3.00983656E-02  5.86566806E-04
2.54867902E-01  2.83545740E-02  5.66412171E-04
2.55166517E-01  2.90552974E-02  5.69711730E-04
2.55465132E-01  2.87385136E-02  5.69778087E-04
2.55763747E-01  2.87962370E-02  5.70810342E-04
2.56062362E-01  2.86904462E-02  5.69609285E-04
2.56360977E-01  2.82327570E-02  5.61297406E-04
2.56659592E-01  2.92830653E-02  5.70136879E-04
2.56958207E-01  2.87422501E-02  5.69516502E-04
2.57256822E-01  2.80654244E-02  5.61870635E-04
2.57555437E-01  2.76091360E-02  5.54628496E-04
2.57854052E-01  2.87039932E-02  5.66869800E-04
2.58152667E-01  2.78778393E-02  5.60592220E-04
2.58451282E-01  2.89643835E-02  5.71566517E-04
2.58749897E-01  2.84542236E-02  5.61280758E-04
2.59048512E-01  2.74736881E-02  5.52688725E-04
2.59347127E-01  2.79002432E-02  5.56670420E-04
2.59645742E-01  2.76551917E-02  5.57016698E-04
2.59944357E-01  2.85205152E-02  5.66570612E-04
2.60242972E-01  2.79396884E-02  5.53722726E-04
2.60541587E-01  2.86706947E-02  5.66101808E-04
2.60840202E-01  2.76078712E-02  5.54044382E-04
2.61138817E-01  2.86302492E-02  5.65855007E-04
2.61437432E-01  2.76234616E-02  5.53911261E-04
2.61736047E-01  2.73563489E-02  5.48775773E-04
2.62034662E-01  2.79161073E-02  5.56986954E-04
2.62333277E-01  2.88637616E-02  5.66064962E-04
2.62631892E-01  2.81053353E-02  5.55372040E-04
2.62930507E-01  2.77612414E-02  5.52250654E-04
2.63229122E-01  2.86238082E-02  5.61791414E-04
2.63527737E-01  2.76478454E-02  5.55630366E-04
2.63826352E-01  2.83363257E-02  5.57654770E-04
2.64124967E-01  2.83254832E-02  5.57549356E-04
2.64423582E-01  2.74795834E-02  5.49591670E-04
2.64722197E-01  2.81171836E-02  5.53771213E-04
2.65020812E-01  2.73461044E-02  5.51574922E-04
2.65319427E-01  2.76262648E-02  5.47081581E-04
2.65618042E-01  2.76641715E-02  5.53172780E-04
2.65916657E-01  2.82055549E-02  5.56375657E-04
2.66215272E-01  2.80339457E-02  5.53961319E-04
2.66513887E-01  2.83957589E-02  5.57960651E-04
2.66812502E-01  2.77859811E-02  5.48526237E-04
2.67111117E-01  2.84694918E-02  5.58978005E-04
2.67409732E-01  2.76015792E-02  5.48965938E-04
2.67708347E-01  2.83777453E-02  5.57499123E-04
2.68006962E-01  2.86609307E-02  5.59404085E-04
2.68305577E-01  2.76126098E-02  5.47240546E-04
2.68604192E-01  2.90637091E-02  5.62886707E-04
2.68902807E-01  2.72273868E-02  5.44112583E-04
2.69201422E-01  2.81945001E-02  5.51140809E-04
2.69500037E-01  2.77644396E-02  5.49172109E-04
2.69798652E-01  2.88536791E-02  5.59554028E-04
2.70097267E-01  2.86472887E-02  5.61172434E-04
2.70395882E-01  2.88870241E-02  5.54904400E-04
2.70694497E-01  2.84233317E-02  5.55083912E-04
2.70993112E-01  2.87546013E-02  5.59317996E-04
2.71291727E-01  2.76131555E-02  5.47681761E-04
2.71590342E-01  2.78218016E-02  5.51169971E-04
2.71888957E-01  2.87162457E-02  5.52849204E-04
2.72187572E-01  2.85368133E-02  5.54348051E-04
2.72486187E-01  2.77860649E-02  5.47568488E-04
2.72784802E-01  2.89839394E-02  5.60396642E-04
2.73083417E-01  2.91753486E-02  5.56554471E-04
2.73382032E-01  2.92487983E-02  5.60511078E-04
2.73680647E-01  2.88258083E-02  5.59013570E-04
2.73979262E-01  2.83538327E-02  5.51731267E-04
2.74277877E-01  2.81780940E-02  5.47793286E-04
2.74576492E-01  2.88620573E-02  5.55244973E-04
2.74875107E-01  2.93611381E-02  5.61736349E-04
2.75173722E-01  2.88153179E-02  5.57344756E-04
2.75472337E-01  2.90882178E-02  5.53785125E-04
2.75770952E-01  3.01138777E-02  5.68895659E-04
2.76069567E-01  2.90212762E-02  5.53012011E-04
2.76368182E-01  2.99950335E-02  5.69811324E-04
2.76666797E-01  2.91593913E-02  5.60239772E-04
2.76965412E-01  2.90624332E-02  5.52993617E-04
2.77264027E-01  2.90703308E-02  5.57398133E-04
2.77562642E-01  3.03490032E-02  5.64541027E-04
2.77861257E-01  2.90281381E-02  5.59268519E-04
2.78159872E-01  2.92764157E-02  5.54064347E-04
2.78458487E-01  3.02044079E-02  5.64889167E-04
2.78757102E-01  2.87523437E-02  5.55192819E-04
2.79055717E-01  2.95709390E-02  5.59638254E-04
2.79354332E-01  2.95033101E-02  5.58859028E-04
2.79652947E-01  2.85862293E-02  5.50244178E-04
2.79951562E-01  2.96622682E-02  5.55917853E-04
2.80250177E-01  2.98947506E-02  5.65260591E-04
2.80548792E-01  2.84759458E-02  5.48222917E-04
2.80847407E-01  2.90810149E-02  5.51950128E-04
2.81146022E-01  3.09347473E-02  5.71690558E-04
2.81444637E-01  2.99014039E-02  5.63475769E-04
2.81743252E-01  3.01215444E-02  5.63142530E-04
2.82041867E-01  3.02045532E-02  5.59056061E-04
2.82340482E-01  2.95027960E-02  5.57053310E-04
2.82639097E-01  3.09432186E-02  5.70775999E-04
2.82937712E-01  3.00172437E-02  5.61192515E-04
2.83236327E-01  3.10042612E-02  5.70062257E-04
2.83534942E-01  3.03567685E-02  5.61296823E-04
2.83833557E-01  3.18591595E-02  5.78302366E-04
2.84132172E-01  3.03678643E-02  5.63625596E-04
2.84430787E-01  3.09096705E-02  5.71617740E-04
2.84729402E-01  3.14431600E-02  5.69439377E-04
2.85028017E-01  3.05169933E-02  5.64452377E-04
2.85326632E-01  3.11583206E-02  5.74060541E-04
2.85625247E-01  3.13015357E-02  5.66224917E-04
2.85923862E-01  3.11398860E-02  5.69483906E-04
2.86222477E-01  3.08915582E-02  5.66650706E-04
2.86521092E-01  3.03661805E-02  5.61951369E-04
2.86819707E-01  3.15190665E-02  5.76514751E-04
2.87118322E-01  3.11745163E-02  5.64944872E-04
2.87416937E-01  3.06278896E-02  5.62571804E-04
2.87715552E-01  3.22794877E-02  5.76695311E-04
2.88014167E-01  3.19752023E-02  5.77938510E-04
2.88312782E-01  3.23437452E-02  5.80256048E-04
2.88611397E-01  3.14733237E-02  5.65733993E-04
2.88910012E-01  3.20116952E-02  5.77843515E-04
2.89208627E-01  3.16002220E-02  5.71160868E-04
2.89507242E-01  3.25848870E-02  5.79567451E-04
2.89805857E-01  3.32382098E-02  5.83216257E-04
2.90104472E-01  3.16725522E-02  5.68489195E-04
2.90403087E-01  3.12564634E-02  5.70852601E-04
2.90701702E-01  3.27610150E-02  5.79863670E-04
2.91000317E-01  3.15861851E-02  5.68405841E-04
2.91298932E-01  3.22693139E-02  5.75778948E-04
2.91597547E-01  3.18488814E-02  5.72854944E-04
2.91896162E-01  3.23374495E-02  5.76811028E-04
2.92194777E-01  3.23015712E-02  5.74255828E-04
2.92493392E-01  3.32338586E-02  5.83050132E-04
2.92792007E-01  3.23304422E-02  5.75770857E-04
2.93090622E-01  3.24528627E-02  5.76581166E-04
2.93389237E-01  3.26876268E-02  5.78383566E-04
2.93687852E-01  3.27590220E-02  5.74985228E-04
2.93986467E-01  3.35332043E-02  5.85961971E-04
2.94285082E-01  3.25868316E-02  5.74713864E-04
2.94583697E-01  3.28431278E-02  5.81317057E-04
2.94882312E-01  3.24163511E-02  5.73763216E-04
2.95180927E-01  3.29027995E-02  5.74332778E-04
2.95479542E-01  3.22523676E-02  5.73834695E-04
2.95778157E-01  3.26632112E-02  5.75256301E-04
2.96076772E-01  3.30960639E-02  5.79474494E-04
2.96375387E-01  3.43528874E-02  5.89667703E-04
2.96674002E-01  3.41077782E-02  5.87280083E-04
2.96972617E-01  3.27521637E-02  5.79253479E-04
2.97271232E-01  3.28764692E-02  5.80635271E-04
2.97569847E-01  3.32063138E-02  5.83826157E-04
2.97868462E-01  3.40623409E-02  5.93039091E-04
2.98167077E-01  3.30124572E-02  5.86708484E-04
2.98465692E-01  3.50621454E-02  6.08420814E-04
2.98764307E-01  3.41266692E-02  5.95061632E-04
2.99062922E-01  3.29549387E-02  5.88387251E-04
2.99361537E-01  3.38254310E-02  5.98048267E-04
2.99660152E-01  3.41463238E-02  6.01936830E-04
2.99958767E-01  3.38728614E-02  5.99825056E-04
3.00257382E-01  3.39548886E-02  6.02222630E-04
3.00555997E-01  3.50624360E-02  6.11657510E-04
3.00854612E-01  3.49458978E-02  6.09717274E-04
3.01153227E-01  3.45587917E-02  6.10346964E-04
3.01451842E-01  3.26631851E-02  5.90663054E-04
3.01750457E-01  3.38402912E-02  6.08182105E-04
3.02049072E-01  3.34427357E-02  6.00262138E-04
3.02347687E-01  3.43562625E-02  6.20569859E-04
3.02646302E-01  3.40637900E-02  6.25787885E-04
3.02944917E-01  3.38615775E-02  6.23759464E-04
3.03243532E-01  3.46868485E-02  6.43342675E-04
3.03542147E-01  3.39550786E-02  6.37604855E-04
3.03840762E-01  3.48974317E-02  6.46027212E-04
3.04139377E-01  3.41543779E-02  6.47425477E-04
3.04437992E-01  3.41884643E-02  6.41987368E-04
3.04736607E-01  3.37123163E-02  6.47954410E-04
3.05035222E-01  3.53450626E-02  6.58045406E-04
3.05333837E-01  3.40729058E-02  6.50454778E-04
3.05632452E-01  3.48882861E-02  6.63486484E-04
3.05931067E-01  3.50494459E-02  6.61663711E-04
3.06229682E-01  3.32093127E-02  6.51037903E-04
3.06528297E-01  3.44193503E-02  6.56470598E-04
3.06826912E-01  3.40587944E-02  6.61117781E-04
3.07125527E-01  3.50250676E-02  6.72069378E-04
3.07424142E-01  3.39621343E-02  6.60987163E-04
3.07722757E-01  3.45617048E-02  6.72147260E-04
3.08021372E-01  3.43660787E-02  6.64707390E-04
3.08319987E-01  3.41924950E-02  6.58034871E-04
3.08618602E-01  3.48821096E-02  6.58152974E-04
3.08917217E-01  3.43283601E-02  6.43141917E-04
3.09215832E-01  3.42649482E-02  6.48125599E-04
3.09514447E-01  3.47008482E-02  6.42058090E-04
3.09813062E-01  3.30680162E-02  6.28188311E-04
3.10111677E-01  3.46993618E-02  6.40606624E-04
3.10410292E-01  3.48609649E-02  6.34150230E-04
3.10708907E-01  3.48473899E-02  6.40183396E-04
3.11007522E-01  3.41930799E-02  6.25320477E-04
3.11306137E-01  3.48095596E-02  6.38949568E-04
3.11604752E-01  3.43636908E-02  6.27392263E-04
3.11903367E-01  3.49752083E-02  6.32265641E-04
3.12201982E-01  3.63273062E-02  6.44198386E-04
3.12500597E-01  3.47174034E-02  6.24046428E-04
3.12799212E-01  3.57669666E-02  6.38695841E-04
3.13097827E-01  3.55638862E-02  6.32453070E-04
3.13396442E-01  3.46282423E-02  6.23249740E-04
3.13695057E-01  3.55823785E-02  6.34994765E-04
3.13993672E-01  3.42712328E-02  6.16924139E-04
3.14292287E-01  3.42517979E-02  6.18380378E-04
3.14590902E-01  3.52636576E-02  6.25631656E-04
3.14889517E-01  3.51306573E-02  6.24452485E-04
3.15188132E-01  3.43855098E-02  6.21402345E-04
3.15486747E-01  3.42314467E-02  6.11763680E-04
3.15785362E-01  3.40673886E-02  6.14450488E-04
3.16083977E-01  3.48009244E-02  6.16356032E-04
3.16382592E-01  3.50950621E-02  6.22346764E-04
3.16681207E-01  3.58251706E-02  6.26011926E-04
3.16979822E-01  3.54634672E-02  6.21879066E-04
3.17278437E-01  3.57474498E-02  6.26473746E-04
3.17577052E-01  3.53403613E-02  6.20962703E-04
3.17875667E-01  3.49228159E-02  6.25921239E-04
3.18174282E-01  3.43434140E-02  6.26395980E-04
3.18472897E-01  3.44097950E-02  6.36019919E-04
3.18771512E-01  3.46686170E-02  6.35934121E-04
3.19070127E-01  3.43252197E-02  6.37733261E-04
3.19368742E-01  3.51903923E-02  6.46266679E-04
3.19667357E-01  3.50717381E-02  6.45723019E-04
3.19965972E-01  3.55770588E-02  6.51830691E-04
3.20264587E-01  3.54202799E-02  6.53359457E-04
3.20563202E-01  3.47823985E-02  6.46897475E-04
3.20861817E-01  3.46803740E-02  6.47242705E-04
3.21160432E-01  3.43675390E-02  6.42299710E-04
3.21459047E-01  3.49762663E-02  6.54133502E-04
3.21757662E-01  3.37870605E-02  6.38857775E-04
3.22056277E-01  3.48345600E-02  6.48316287E-04
3.22354892E-01  3.51480544E-02  6.56886899E-04
3.22653507E-01  3.38512845E-02  6.42604369E-04
3.22952122E-01  3.46474797E-02  6.55830721E-04
3.23250737E-01  3.66271399E-02  6.61588216E-04
3.23549352E-01  3.42098698E-02  6.47315406E-04
3.23847967E-01  3.42463665E-02  6.50690694E-04
3.24146582E-01  3.50181237E-02  6.56064658E-04
3.24445197E-01  3.49730216E-02  6.56026124E-04
3.24743812E-01  3.52191813E-02  6.57184108E-04
3.25042427E-01  3.53831686E-02  6.65713742E-04
3.25341042E-01  3.43870707E-02  6.48812624E-04
3.25639657E-01  3.56864594E-02  6.64631836E-04
3.25938272E-01  3.52911726E-02  6.62693870E-04
3.26236887E-01  3.45913582E-02  6.50931499E-04
3.26535502E-01  3.49902995E-02  6.64585794E-04
3.26834117E-01  3.55212204E-02  6.62128848E-04
3.27132732E-01  3.41203585E-02  6.52193034E-04
3.27431347E-01  3.50093320E-02  6.61614176E-04
3.27729962E-01  3.41358222E-02  6.50235626E-04
3.28028577E-01  3.41659263E-02  6.61083381E-04
3.28327192E-01  3.50913033E-02  6.54114992E-04
3.28625807E-01  3.47274356E-02  6.61504979E-04
3.28924422E-01  3.51896510E-02  6.65497384E-04
3.29223037E-01  3.39873582E-02  6.51318755E-04
3.29521652E-01  3.35021578E-02  6.47997425E-04
3.29820267E-01  3.44102420E-02  6.54395262E-04
3.30118882E-01  3.27097066E-02  6.45097869E-04
3.30417497E-01  3.37306894E-02  6.51565089E-04
3.30716112E-01  3.51617113E-02  6.61313068E-04
3.31014727E-01  3.40384766E-02  6.51819806E-04
3.31313342E-01  3.35633382E-02  6.44971966E-04
3.31611957E-01  3.30095142E-02  6.46500092E-04
3.31910572E-01  3.40890028E-02  6.52309100E-04
3.32209187E-01  3.46926711E-02  6.55162090E-04
3.32507802E-01  3.46227363E-02  6.61916682E-04
3.32806417E-01  3.38859148E-02  6.46179018E-04
3.33105032E-01  3.40463258E-02  6.53650088E-04
3.33403647E-01  3.45112346E-02  6.53837691E-04
3.33702262E-01  3.31629701E-02  6.41316932E-04
3.34000877E-01  3.42019573E-02  6.50905189E-04
3.34299492E-01  3.42872329E-02  6.53831870E-04
3.34598107E-01  3.36363539E-02  6.48172689E-04
3.34896722E-01  3.40704247E-02  6.46066212E-04
3.35195337E-01  3.37544642E-02  6.44375745E-04
3.35493952E-01  3.48123722E-02  6.58244709E-04
3.35792567E-01  3.34062502E-02  6.42546744E-04
3.36091182E-01  3.39631587E-02  6.48832764E-04
3.36389797E-01  3.45904268E-02  6.50798727E-04
3.36688412E-01  3.36734466E-02  6.46253175E-04
3.36987027E-01  3.48804519E-02  6.53714873E-04
3.37285642E-01  3.36841494E-02  6.45034597E-04
3.37584257E-01  3.35354209E-02  6.44554442E-04
3.37882872E-01  3.46105359E-02  6.51754090E-04
3.38181487E-01  3.36252823E-02  6.44853921E-04
3.38480102E-01  3.25834341E-02  6.25333865E-04
3.38778717E-01  3.47605646E-02  6.54695381E-04
3.39077332E-01  3.30233462E-02  6.35534583E-04
3.39375947E-01  3.40067782E-02  6.44743443E-04
3.39674562E-01  3.44086364E-02  6.52714400E-04
3.39973177E-01  3.32486928E-02  6.34951924E-04
3.40271792E-01  3.27669047E-02  6.34726777E-04
3.40570407E-01  3.35596837E-02  6.41241844E-04
3.40869022E-01  3.30657959E-02  6.32845447E-04
3.41167637E-01  3.43486331E-02  6.47051667E-04
3.41466252E-01  3.42023075E-02  6.41794875E-04
3.41764867E-01  3.43017578E-02  6.50569971E-04
3.42063482E-01  3.19713019E-02  6.23185595E-04
3.42362097E-01  3.32238711E-02  6.31833507E-04
3.42660712E-01  3.37669700E-02  6.42859784E-04
3.42959327E-01  3.38081867E-02  6.36645011E-04
3.43257942E-01  3.31064761E-02  6.36545301E-04
3.43556557E-01  3.29406336E-02  6.30219176E-04
3.43855172E-01  3.37800309E-02  6.38382568E-04
3.44153787E-01  3.32114473E-02  6.32627693E-04
3.44452402E-01  3.29195783E-02  6.29125861E-04
3.44751017E-01  3.25928181E-02  6.27249130E-04
3.45049632E-01  3.21136005E-02  6.16657664E-04
3.45348247E-01  3.34985852E-02  6.35908975E-04
3.45646862E-01  3.27351764E-02  6.25944755E-04
3.45945477E-01  3.21374498E-02  6.20557519E-04
3.46244092E-01  3.38121057E-02  6.29069284E-04
3.46542707E-01  3.36693414E-02  6.28264330E-04
3.46841322E-01  3.21167782E-02  6.18087710E-04
3.47139937E-01  3.22675779E-02  6.17455342E-04
3.47438552E-01  3.28234136E-02  6.18100632E-04
3.47737167E-01  3.22213285E-02  6.17362035E-04
3.48035782E-01  3.26069370E-02  6.15553989E-04
3.48334397E-01  3.22322994E-02  6.16780191E-04
3.48633012E-01  3.15341763E-02  6.01551961E-04
3.48931627E-01  3.20915766E-02  6.11517753E-04
3.49230242E-01  3.26331034E-02  6.18366234E-04
3.49528857E-01  3.23421359E-02  6.13734825E-04
3.49827472E-01  3.25782634E-02  6.16994861E-04
3.50126087E-01  3.16270068E-02  6.02118846E-04
3.50424702E-01  3.15797292E-02  6.06965856E-04
3.50723317E-01  3.20145711E-02  6.08615635E-04
3.51021932E-01  3.27688493E-02  6.17950282E-04
3.51320547E-01  3.15410234E-02  6.03110762E-04
3.51619162E-01  3.22536975E-02  6.08560338E-04
3.51917777E-01  3.22474018E-02  6.11167343E-04
3.52216392E-01  3.30819786E-02  6.17842306E-04
3.52515007E-01  3.24347131E-02  6.08948234E-04
3.52813622E-01  3.35553326E-02  6.19380444E-04
3.53112237E-01  3.32699642E-02  6.23531814E-04
3.53410852E-01  3.15177850E-02  6.05887268E-04
3.53709467E-01  3.20899412E-02  5.99733379E-04
3.54008082E-01  3.09310649E-02  5.95158432E-04
3.54306697E-01  3.08387373E-02  5.94593876E-04
3.54605312E-01  3.13572697E-02  6.02690154E-04
3.54903927E-01  3.17459442E-02  6.08253584E-04
3.55202542E-01  3.14361192E-02  5.92501892E-04
3.55501157E-01  3.04789096E-02  5.92410099E-04
3.55799772E-01  3.18762735E-02  6.03051390E-04
3.56098387E-01  3.15507054E-02  6.01429667E-04
3.56397002E-01  3.22550423E-02  6.07613067E-04
3.56695617E-01  3.21139097E-02  5.99658000E-04
3.56994232E-01  3.16948295E-02  6.06606598E-04
3.57292847E-01  3.16045620E-02  5.95994294E-04
3.57591462E-01  3.19509022E-02  6.02954533E-04
3.57890077E-01  3.24545242E-02  6.06547110E-04
3.58188692E-01  3.17681804E-02  5.97699836E-04
3.58487307E-01  3.15975472E-02  6.04191620E-04
3.58785922E-01  3.24368551E-02  6.01404754E-04
3.59084537E-01  3.11841071E-02  5.95524441E-04
3.59383152E-01  3.14137600E-02  5.95474732E-04
3.59681767E-01  3.13287415E-02  5.95147547E-04
3.59980382E-01  3.10169160E-02  5.97807113E-04
3.60278997E-01  3.16023044E-02  5.90826327E-04
3.60577612E-01  3.09743155E-02  5.93687175E-04
3.60876227E-01  3.14709768E-02  5.96345053E-04
3.61174842E-01  3.01732440E-02  5.80362044E-04
3.61473457E-01  3.08543779E-02  5.86877926E-04
3.61772072E-01  3.05409674E-02  5.85596310E-04
3.62070687E-01  3.07941865E-02  5.91649150E-04
3.62369302E-01  3.05437744E-02  5.85005269E-04
3.62667917E-01  3.04045901E-02  5.83517947E-04
3.62966532E-01  3.16258110E-02  5.93238918E-04
3.63265147E-01  2.94955522E-02  5.75037440E-04
3.63563762E-01  3.05994358E-02  5.85856498E-04
3.63862377E-01  3.13313380E-02  5.90631855E-04
3.64160992E-01  3.20948809E-02  5.98260609E-04
3.64459607E-01  3.02423574E-02  5.81046857E-04
3.64758222E-01  2.99746227E-02  5.78470994E-04
3.65056837E-01  3.03725582E-02  5.83225512E-04
3.65355452E-01  3.01209316E-02  5.75640937E-04
3.65654067E-01  3.08218431E-02  5.87215880E-04
3.65952682E-01  3.11874058E-02  5.86357899E-04
3.66251297E-01  3.04577406E-02  5.85293048E-04
3.66549912E-01  3.00395619E-02  5.75770682E-04
3.66848527E-01  3.06465402E-02  5.78545616E-04
3.67147142E-01  2.98800468E-02  5.79567160E-04
3.67445757E-01  3.09415273E-02  5.83594665E-04
3.67744372E-01  3.07054706E-02  5.82886860E-04
3.68042987E-01  2.97180545E-02  5.72242192E-04
3.68341602E-01  2.99478341E-02  5.74751990E-04
3.68640217E-01  3.14125307E-02  5.91427321E-04
3.68938832E-01  3.05132195E-02  5.75516257E-04
3.69237447E-01  2.99438164E-02  5.74569101E-04
3.69536062E-01  3.08608990E-02  5.80732594E-04
3.69834677E-01  3.14096808E-02  5.89392148E-04
3.70133292E-01  2.98787504E-02  5.76513412E-04
3.70431907E-01  2.96760313E-02  5.67138486E-04
3.70730522E-01  2.98934132E-02  5.73496392E-04
3.71029137E-01  3.06101032E-02  5.77035826E-04
3.71327752E-01  3.03319339E-02  5.76940598E-04
3.71626367E-01  3.05430163E-02  5.78345906E-04
3.71924982E-01  3.04739214E-02  5.77244558E-04
3.72223597E-01  3.05228028E-02  5.80571068E-04
3.72522212E-01  3.04784141E-02  5.73738304E-04
3.72820827E-01  2.98896451E-02  5.70804055E-04
3.73119442E-01  2.98834611E-02  5.70894161E-04
3.73418057E-01  2.92261597E-02  5.61833789E-04
3.73716672E-01  3.10193617E-02  5.85897011E-04
3.74015287E-01  3.02030798E-02  5.69261785E-04
3.74313902E-01  2.92083286E-02  5.62531408E-04
3.74612517E-01  3.02411616E-02  5.73866011E-04
3.74911132E-01  3.02024018E-02  5.72615245E-04
3.75209747E-01  2.91961208E-02  5.63867099E-04
3.75508362E-01  2.89606433E-02  5.57864609E-04
3.75806977E-01  2.96447687E-02  5.66437549E-04
3.76105592E-01  2.99326833E-02  5.69037744E-04
3.76404207E-01  2.93896347E-02  5.64143062E-04
3.76702822E-01  3.07570044E-02  5.74621314E-04
3.77001437E-01  3.05246189E-02  5.72885154E-04
3.77300052E-01  2.98880991E-02  5.70670469E-04
3.77598667E-01  2.99020521E-02  5.69485419E-04
3.77897282E-01  2.99338456E-02  5.65595517E-04
3.78195897E-01  3.04507855E-02  5.69596596E-04
3.78494512E-01  2.98318136E-02  5.67222654E-04
3.78793127E-01  2.99514793E-02  5.67348325E-04
3.79091742E-01  3.06116398E-02  5.72405232E-04
3.79390357E-01  3.03516500E-02  5.69538563E-04
3.79688972E-01  2.91202161E-02  5.58149477E-04
3.79987587E-01  2.92947348E-02  5.58831904E-04
3.80286202E-01  3.14363874E-02  5.80366817E-04
3.80584817E-01  2.93472521E-02  5.60752756E-04
3.80883432E-01  2.94301063E-02  5.59281383E-04
3.81182047E-01  3.00260596E-02  5.66630275E-04
3.81480662E-01  3.02126408E-02  5.68533898E-04
3.81779277E-01  2.96047907E-02  5.58282889E-04
3.82077892E-01  3.00418716E-02  5.66928706E-04
3.82376507E-01  3.07471622E-02  5.72244520E-04
3.82675122E-01  2.89430860E-02  5.56186540E-04
3.82973737E-01  3.09798047E-02  5.73110767E-04
3.83272352E-01  3.04659419E-02  5.64668444E-04
3.83570967E-01  3.05621829E-02  5.70384553E-04
3.83869582E-01  3.07702459E-02  5.70602657E-04
3.84168197E-01  2.99274456E-02  5.63866401E-04
3.84466812E-01  3.00471559E-02  5.62736066E-04
3.84765427E-01  2.99305636E-02  5.60946180E-04
3.85064042E-01  3.01113166E-02  5.67028939E-04
3.85362657E-01  3.00266910E-02  5.62550151E-04
3.85661272E-01  2.96341311E-02  5.55000792E-04
3.85959887E-01  2.96289977E-02  5.60636632E-04
3.86258502E-01  3.12797949E-02  5.71755692E-04
3.86557117E-01  3.00031956E-02  5.67311072E-04
3.86855732E-01  3.12656127E-02  5.70924545E-04
3.87154347E-01  2.90686581E-02  5.50231023E-04
3.87452962E-01  3.08345258E-02  5.71794633E-04
3.87751577E-01  2.95172520E-02  5.53102873E-04
3.88050192E-01  2.97427904E-02  5.61584719E-04
3.88348807E-01  3.23281847E-02  5.77289029E-04
3.88647422E-01  2.97874343E-02  5.58656233E-04
3.88946037E-01  3.09640411E-02  5.68458636E-04
3.89244652E-01  3.07727382E-02  5.67824580E-04
3.89543267E-01  3.02955192E-02  5.63546142E-04
3.89841882E-01  3.01319323E-02  5.57616411E-04
3.90140497E-01  3.00693195E-02  5.62559522E-04
3.90439112E-01  3.00880838E-02  5.61340945E-04
3.90737727E-01  3.03686894E-02  5.57904947E-04
3.91036342E-01  2.99199931E-02  5.60748042E-04
3.91334957E-01  3.03035453E-02  5.58122760E-04
3.91633572E-01  2.96595246E-02  5.57336607E-04
3.91932187E-01  3.07515860E-02  5.62100729E-04
3.92230802E-01  2.92166639E-02  5.49500051E-04
3.92529417E-01  2.91050617E-02  5.52108278E-04
3.92828032E-01  3.08613386E-02  5.62698639E-04
3.93126647E-01  3.02938428E-02  5.60229120E-04
3.93425262E-01  3.05814855E-02  5.60962944E-04
3.93723877E-01  3.09239663E-02  5.66863804E-04
3.94022492E-01  3.09408922E-02  5.66603208E-04
3.94321107E-01  3.04827876E-02  5.59246633E-04
3.94619722E-01  3.01223602E-02  5.56202547E-04
3.94918337E-01  3.07760835E-02  5.61798224E-04
3.95216952E-01  3.05393338E-02  5.61134599E-04
3.95515567E-01  3.11571062E-02  5.67337440E-04
3.95814182E-01  3.04167774E-02  5.55424427E-04
3.96112797E-01  3.11233774E-02  5.66066708E-04
3.96411412E-01  3.03464234E-02  5.57872583E-04
3.96710027E-01  3.06774527E-02  5.61590656E-04
3.97008642E-01  3.08199339E-02  5.60177315E-04
3.97307257E-01  3.06337811E-02  5.59293781E-04
3.97605872E-01  3.01509053E-02  5.56350395E-04
3.97904487E-01  3.04942708E-02  5.60874934E-04
3.98203102E-01  3.10706813E-02  5.60036686E-04
3.98501717E-01  3.09055634E-02  5.59887092E-04
3.98800332E-01  3.02466527E-02  5.54821047E-04
3.99098947E-01  3.04173958E-02  5.56923333E-04
3.99397562E-01  3.13586406E-02  5.67257928E-04
3.99696177E-01  3.01048066E-02  5.53524413E-04
3.99994792E-01  3.02558951E-02  5.53317484E-04
4.00293407E-01  3.09139676E-02  5.61052992E-04
4.00592022E-01  2.88939476E-02  5.40853827E-04
4.00890637E-01  3.05196382E-02  5.55729843E-04
4.01189252E-01  2.93404311E-02  5.44369046E-04
4.01487867E-01  3.06852404E-02  5.59116132E-04
4.01786482E-01  3.10033187E-02  5.61197754E-04
4.02085097E-01  3.00369486E-02  5.47667383E-04
4.02383712E-01  3.01836915E-02  5.56009589E-04
4.02682327E-01  2.94563975E-02  5.41968911E-04
4.02980942E-01  3.08268499E-02  5.59471897E-04
4.03279557E-01  2.94896644E-02  5.44984709E-04
4.03578172E-01  3.03258915E-02  5.49656339E-04
4.03876787E-01  2.98300534E-02  5.49962046E-04
4.04175402E-01  3.02824359E-02  5.50044526E-04
4.04474017E-01  3.06098517E-02  5.56175131E-04
4.04772632E-01  3.05315293E-02  5.52567246E-04
4.05071247E-01  2.97520682E-02  5.46116382E-04
4.05369862E-01  2.88792420E-02  5.42961876E-04
4.05668477E-01  3.03300526E-02  5.46243682E-04
4.05967092E-01  3.06058414E-02  5.53640246E-04
4.06265707E-01  3.09041869E-02  5.55414008E-04
4.06564322E-01  2.97162682E-02  5.43994945E-04
4.06862937E-01  3.00419293E-02  5.52461657E-04
4.07161552E-01  3.07541955E-02  5.51472884E-04
4.07460167E-01  2.94329841E-02  5.43195638E-04
4.07758782E-01  3.03050186E-02  5.46413474E-04
4.08057397E-01  3.09629086E-02  5.55037055E-04
4.08356012E-01  2.99649518E-02  5.48088399E-04
4.08654627E-01  3.03549375E-02  5.46869240E-04
4.08953242E-01  2.97734737E-02  5.47247357E-04
4.09251857E-01  2.99093705E-02  5.43986564E-04
4.09550472E-01  3.10170632E-02  5.54229715E-04
4.09849087E-01  3.04119624E-02  5.49056160E-04
4.10147702E-01  3.03794798E-02  5.46336989E-04
4.10446317E-01  2.94329505E-02  5.43472706E-04
4.10744932E-01  3.06857098E-02  5.51398494E-04
4.11043547E-01  2.97246855E-02  5.38052933E-04
4.11342162E-01  3.01766004E-02  5.46681171E-04
4.11640777E-01  2.92266291E-02  5.39020228E-04
4.11939392E-01  2.95309033E-02  5.42330963E-04
4.12238007E-01  2.79038269E-02  5.21680806E-04
4.12536622E-01  2.85349563E-02  5.30246645E-04
4.12835237E-01  2.97421459E-02  5.39341825E-04
4.13133852E-01  2.97217760E-02  5.41291374E-04
4.13432467E-01  2.88007781E-02  5.32344624E-04
4.13731082E-01  2.92011388E-02  5.34296327E-04
4.14029697E-01  2.90458966E-02  5.35232073E-04
4.14328312E-01  3.01315263E-02  5.43373637E-04
4.14626927E-01  3.00834551E-02  5.44457929E-04
4.14925542E-01  2.92988196E-02  5.32617792E-04
4.15224157E-01  2.94223987E-02  5.37445827E-04
4.15522772E-01  2.96268854E-02  5.40190667E-04
4.15821387E-01  2.93645337E-02  5.34077175E-04
4.16120002E-01  2.96875499E-02  5.37998043E-04
4.16418617E-01  3.00953854E-02  5.42810187E-04
4.16717232E-01  2.96334010E-02  5.37635060E-04
4.17015847E-01  2.92900298E-02  5.36371837E-04
4.17314462E-01  2.85252277E-02  5.22454095E-04
4.17613077E-01  2.90817134E-02  5.32735779E-04
4.17911692E-01  2.92249266E-02  5.32331062E-04
4.18210307E-01  2.93120947E-02  5.36956009E-04
4.18508922E-01  2.82135904E-02  5.21491223E-04
4.18807537E-01  2.95960493E-02  5.34238643E-04
4.19106152E-01  2.89461594E-02  5.31502592E-04
4.19404767E-01  2.87504196E-02  5.29338140E-04
4.19703382E-01  2.88409777E-02  5.25948533E-04
4.20001997E-01  2.80888751E-02  5.21417533E-04
4.20300612E-01  2.91340444E-02  5.29098092E-04
4.20599227E-01  2.84333322E-02  5.26904711E-04
4.20897842E-01  2.93275546E-02  5.31823665E-04
4.21196457E-01  2.92832665E-02  5.29975863E-04
4.21495072E-01  2.90445779E-02  5.30102348E-04
4.21793687E-01  2.93406434E-02  5.31101308E-04
4.22092302E-01  2.88674608E-02  5.29700483E-04
4.22390917E-01  2.88643446E-02  5.22052229E-04
4.22689532E-01  2.85495762E-02  5.26175660E-04
4.22988147E-01  2.86091957E-02  5.23377850E-04
4.23286762E-01  2.87501700E-02  5.27903845E-04
4.23585377E-01  2.77485009E-02  5.15099149E-04
4.23883992E-01  2.88552344E-02  5.24207542E-04
4.24182607E-01  2.82428265E-02  5.18850575E-04
4.24481222E-01  2.86227018E-02  5.25297713E-04
4.24779837E-01  2.91895848E-02  5.28193952E-04
4.25078452E-01  2.77721696E-02  5.13244420E-04
4.25377067E-01  2.88468301E-02  5.26756456E-04
4.25675682E-01  2.78140381E-02  5.13404899E-04
4.25974297E-01  2.78114453E-02  5.17338281E-04
4.26272912E-01  2.77605690E-02  5.11200167E-04
4.26571527E-01  2.75809020E-02  5.15193504E-04
4.26870142E-01  2.77171656E-02  5.12402970E-04
4.27168757E-01  2.80135944E-02  5.15947002E-04
4.27467372E-01  2.72505172E-02  5.07167424E-04
4.27765987E-01  2.86626760E-02  5.23306488E-04
4.28064602E-01  2.83337515E-02  5.18078858E-04
4.28363217E-01  2.80394126E-02  5.16773260E-04
4.28661832E-01  2.92902403E-02  5.27345634E-04
4.28960447E-01  2.78925896E-02  5.13805542E-04
4.29259062E-01  2.80635487E-02  5.14689309E-04
4.29557677E-01  2.77699716E-02  5.12678816E-04
4.29856292E-01  2.74610147E-02  5.07667544E-04
4.30154907E-01  2.80172452E-02  5.13926498E-04
4.30453522E-01  2.82566398E-02  5.17969311E-04
4.30752137E-01  2.79574096E-02  5.13954263E-04
4.31050752E-01  2.73316186E-02  5.06141107E-04
4.31349367E-01  2.84449421E-02  5.17266279E-04
4.31647982E-01  2.84950696E-02  5.17493754E-04
4.31946597E-01  2.82514077E-02  5.18047542E-04
4.32245212E-01  2.78553236E-02  5.10184444E-04
4.32543827E-01  2.78676599E-02  5.12911356E-04
4.32842442E-01  2.78863125E-02  5.15971042E-04
4.33141057E-01  2.80117914E-02  5.11508260E-04
4.33439672E-01  2.90470831E-02  5.24243864E-04
4.33738287E-01  2.76997481E-02  5.09217498E-04
4.34036902E-01  2.73038223E-02  5.08159515E-04
4.34335517E-01  2.85170656E-02  5.18749410E-04
4.34634132E-01  2.84202434E-02  5.18448418E-04
4.34932747E-01  2.78784689E-02  5.10865473E-04
4.35231362E-01  2.77657565E-02  5.10172453E-04
4.35529977E-01  2.70153154E-02  5.06043201E-04
4.35828592E-01  2.79894043E-02  5.14281739E-04
4.36127207E-01  2.75095273E-02  5.06921264E-04
4.36425822E-01  2.78978534E-02  5.11392427E-04
4.36724437E-01  2.74498761E-02  5.07722027E-04
4.37023052E-01  2.73898821E-02  5.07394085E-04
4.37321667E-01  2.76720393E-02  5.07082732E-04
4.37620282E-01  2.72871722E-02  5.07235061E-04
4.37918897E-01  2.78733335E-02  5.11631137E-04
4.38217512E-01  2.77655292E-02  5.11551742E-04
4.38516127E-01  2.76843570E-02  5.07649500E-04
4.38814742E-01  2.75546964E-02  5.03918214E-04
4.39113357E-01  2.69580688E-02  5.02945564E-04
4.39411972E-01  2.79468913E-02  5.11861523E-04
4.39710587E-01  2.76980847E-02  5.07559977E-04
4.40009202E-01  2.73633171E-02  5.06380922E-04
4.40307817E-01  2.80105993E-02  5.07858582E-04
4.40606432E-01  2.80853212E-02  5.13022067E-04
4.40905047E-01  2.81483904E-02  5.12127648E-04
4.41203662E-01  2.75204536E-02  5.03291958E-04
4.41502277E-01  2.82295570E-02  5.12418395E-04
4.41800892E-01  2.68727988E-02  4.99187503E-04
4.42099507E-01  2.72983611E-02  5.03457617E-04
4.42398122E-01  2.74234489E-02  5.03288466E-04
4.42696737E-01  2.79716011E-02  5.08406491E-04
4.42995352E-01  2.75005009E-02  5.05213276E-04
4.43293967E-01  2.79851276E-02  5.11106569E-04
4.43592582E-01  2.90716570E-02  5.21050999E-04
4.43891197E-01  2.84540076E-02  5.10555226E-04
4.44189812E-01  2.79488005E-02  5.10443118E-04
4.44488427E-01  2.92596035E-02  5.19765366E-04
4.44787042E-01  2.80273464E-02  5.10601851E-04
4.45085657E-01  2.84290761E-02  5.12339582E-04
4.45384272E-01  2.84793470E-02  5.13579231E-04
4.45682887E-01  2.86774226E-02  5.19011170E-04
4.45981502E-01  2.83125825E-02  5.10738057E-04
4.46280117E-01  2.70763133E-02  5.00555674E-04
4.46578732E-01  2.79182289E-02  5.08614001E-04
4.46877347E-01  2.79544741E-02  5.09951729E-04
4.47175962E-01  2.80537698E-02  5.15987282E-04
4.47474577E-01  2.78911535E-02  5.05942444E-04
4.47773192E-01  2.85431780E-02  5.14395884E-04
4.48071807E-01  2.80149952E-02  5.09616279E-04
4.48370422E-01  2.80451272E-02  5.11350285E-04
4.48669037E-01  2.81668343E-02  5.11111517E-04
4.48967652E-01  2.88550798E-02  5.16754459E-04
4.49266267E-01  2.89197359E-02  5.19497611E-04
4.49564882E-01  2.92256996E-02  5.22470917E-04
4.49863497E-01  2.76954025E-02  5.06491400E-04
4.50162112E-01  2.94860210E-02  5.24449802E-04
4.50460727E-01  2.80714203E-02  5.11829683E-04
4.50759342E-01  2.73651220E-02  5.05463104E-04
4.51057957E-01  2.82987859E-02  5.13336854E-04
4.51356572E-01  2.83715278E-02  5.10639511E-04
4.51655187E-01  2.84775198E-02  5.16324304E-04
4.51953802E-01  2.85532679E-02  5.15079824E-04
4.52252417E-01  2.79440396E-02  5.14665968E-04
4.52551032E-01  2.82469951E-02  5.11304941E-04
4.52849647E-01  2.84828283E-02  5.14563231E-04
4.53148262E-01  2.82413606E-02  5.12379513E-04
4.53446877E-01  2.77159214E-02  5.07036282E-04
4.53745492E-01  2.78847180E-02  5.09697944E-04
4.54044107E-01  2.88096201E-02  5.19113324E-04
4.54342722E-01  2.88142599E-02  5.18356101E-04
4.54641337E-01  2.80147213E-02  5.12245460E-04
4.54939952E-01  2.81807277E-02  5.11953956E-04
4.55238567E-01  2.87011638E-02  5.16321568E-04
4.55537182E-01  2.85133608E-02  5.18167857E-04
4.55835797E-01  2.82685235E-02  5.14568877E-04
4.56134412E-01  2.79890019E-02  5.10666636E-04
4.56433027E-01  2.86392458E-02  5.17135893E-04
4.56731642E-01  2.89447755E-02  5.18860237E-04
4.57030257E-01  2.76944619E-02  5.09551028E-04
4.57328872E-01  2.82415021E-02  5.13312174E-04
4.57627487E-01  2.84965113E-02  5.15399501E-04
4.57926102E-01  2.84784324E-02  5.15578722E-04
4.58224717E-01  2.87750028E-02  5.20096219E-04
4.58523332E-01  2.83607189E-02  5.14629704E-04
4.58821947E-01  2.87562031E-02  5.15148917E-04
4.59120562E-01  2.77727563E-02  5.11078106E-04
4.59419177E-01  2.84060929E-02  5.16645261E-04
4.59717792E-01  2.84688622E-02  5.17103064E-04
4.60016407E-01  2.80196331E-02  5.11310587E-04
4.60315022E-01  2.81290263E-02  5.11521415E-04
4.60613637E-01  2.82784831E-02  5.14920801E-04
4.60912252E-01  2.80211419E-02  5.14171028E-04
4.61210867E-01  2.92371120E-02  5.22424583E-04
4.61509482E-01  2.83117816E-02  5.19504072E-04
4.61808097E-01  2.81097796E-02  5.29337791E-04
4.62106712E-01  2.84306929E-02  5.34623105E-04
4.62405327E-01  2.87178736E-02  5.42232883E-04
4.62703942E-01  2.85875630E-02  5.40350680E-04
4.63002557E-01  2.94236504E-02  5.58252214E-04
4.63301172E-01  2.89700944E-02  5.55885083E-04
4.63599787E-01  2.80295480E-02  5.49704651E-04
4.63898402E-01  2.86807399E-02  5.58621483E-04
4.64197017E-01  2.85257790E-02  5.57829742E-04
4.64495632E-01  2.81419996E-02  5.61047462E-04
4.64794247E-01  2.86581051E-02  5.67070441E-04
4.65092862E-01  2.78616417E-02  5.56343410E-04
4.65391477E-01  2.79384125E-02  5.65480732E-04
4.65690092E-01  2.95936987E-02  5.81836619E-04
4.65988707E-01  2.71694567E-02  5.62380883E-04
4.66287322E-01  2.90918332E-02  5.82419394E-04
4.66585937E-01  2.82097384E-02  5.74156700E-04
4.66884552E-01  2.94869170E-02  5.94272104E-04
4.67183167E-01  2.89301518E-02  5.91150369E-04
4.67481782E-01  3.02134752E-02  5.96680271E-04
4.67780397E-01  2.92724166E-02  5.95662161E-04
4.68079012E-01  2.80959550E-02  5.85586589E-04
4.68377627E-01  2.85226200E-02  5.93449047E-04
4.68676242E-01  2.88053956E-02  5.97781851E-04
4.68974857E-01  2.90537439E-02  6.00355736E-04
4.69273472E-01  2.96975449E-02  6.12743956E-04
4.69572087E-01  2.89559979E-02  6.03249937E-04
4.69870702E-01  2.83877626E-02  5.99800958E-04
4.70169317E-01  2.82956697E-02  6.01899286E-04
4.70467932E-01  3.02677173E-02  6.23844622E-04
4.70766547E-01  2.75580510E-02  6.01509179E-04
4.71065162E-01  2.97980346E-02  6.25286484E-04
4.71363777E-01  2.88668387E-02  6.11289288E-04
4.71662392E-01  2.82106083E-02  6.11255295E-04
4.71961007E-01  3.00010554E-02  6.32337236E-04
4.72259622E-01  2.94547044E-02  6.31140021E-04
4.72558237E-01  2.92271953E-02  6.25118089E-04
4.72856852E-01  2.91513205E-02  6.15247816E-04
4.73155467E-01  2.83278022E-02  6.01902313E-04
4.73454082E-01  2.86214650E-02  5.97839418E-04
4.73752697E-01  2.92680375E-02  5.95326594E-04
4.74051312E-01  2.85501517E-02  5.88319090E-04
4.74349927E-01  2.91576404E-02  5.91006246E-04
4.74648542E-01  2.88028140E-02  5.87567862E-04
4.74947157E-01  2.88312919E-02  5.82123757E-04
4.75245772E-01  2.84078475E-02  5.76875987E-04
4.75544387E-01  2.81468201E-02  5.73113561E-04
4.75843002E-01  2.95961723E-02  5.88985858E-04
4.76141617E-01  2.85746548E-02  5.73677244E-04
4.76440232E-01  2.90513933E-02  5.78602834E-04
4.76738847E-01  2.79285237E-02  5.65164839E-04
4.77037462E-01  2.81764884E-02  5.67977375E-04
4.77336077E-01  2.98629664E-02  5.85999107E-04
4.77634692E-01  2.92698443E-02  5.75024984E-04
4.77933307E-01  2.89179273E-02  5.72323741E-04
4.78231922E-01  2.80744787E-02  5.60481625E-04
4.78530537E-01  2.94174310E-02  5.79267391E-04
4.78829152E-01  2.78333221E-02  5.55003935E-04
4.79127767E-01  2.93387398E-02  5.71762968E-04
4.79426382E-01  2.94300988E-02  5.75844373E-04
4.79724997E-01  2.87646167E-02  5.66742325E-04
4.80023612E-01  2.86846049E-02  5.64618153E-04
4.80322227E-01  2.91955080E-02  5.67250710E-04
4.80620842E-01  2.80179009E-02  5.58462460E-04
4.80919457E-01  2.80527417E-02  5.57058374E-04
4.81218072E-01  2.95068286E-02  5.70719945E-04
4.81516687E-01  2.94599961E-02  5.71312208E-04
4.81815302E-01  2.88209710E-02  5.59551409E-04
4.82113917E-01  2.87823584E-02  5.65448019E-04
4.82412532E-01  2.81763822E-02  5.55260282E-04
4.82711147E-01  2.88482942E-02  5.60398796E-04
4.83009762E-01  2.91986559E-02  5.65394177E-04
4.83308377E-01  2.86605041E-02  5.61323599E-04
4.83606992E-01  2.83770207E-02  5.55239327E-04
4.83905607E-01  2.93072443E-02  5.66013216E-04
4.84204222E-01  2.87090205E-02  5.57482999E-04
4.84502837E-01  3.00128385E-02  5.73679979E-04
4.84801452E-01  2.91099753E-02  5.62518195E-04
4.85100067E-01  2.97997072E-02  5.65387076E-04
4.85398682E-01  2.86603291E-02  5.57589752E-04
4.85697297E-01  2.98449937E-02  5.68708288E-04
4.85995912E-01  2.86845267E-02  5.59119624E-04
4.86294527E-01  2.96183657E-02  5.63673850E-04
4.86593142E-01  2.89675184E-02  5.58723172E-04
4.86891757E-01  2.95297746E-02  5.65273163E-04
4.87190372E-01  2.91676018E-02  5.62373200E-04
4.87488987E-01  2.87747923E-02  5.53361373E-04
4.87787602E-01  2.89019216E-02  5.58810832E-04
4.88086217E-01  2.86034252E-02  5.53246355E-04
4.88384832E-01  2.84010395E-02  5.52545243E-04
4.88683447E-01  2.90215239E-02  5.59973123E-04
4.88982062E-01  2.88446285E-02  5.54601836E-04
4.89280677E-01  2.90828291E-02  5.60426270E-04
4.89579292E-01  2.86405291E-02  5.53756894E-04
4.89877907E-01  2.91559920E-02  5.58015774E-04
4.90176522E-01  2.88187508E-02  5.53388731E-04
4.90475137E-01  2.85551623E-02  5.52519574E-04
4.90773752E-01  2.94729806E-02  5.60907007E-04
4.91072367E-01  2.88909655E-02  5.55903942E-04
4.91370982E-01  2.93911975E-02  5.59148088E-04
4.91669597E-01  2.82461215E-02  5.49115764E-04
4.91968212E-01  2.88858637E-02  5.56424144E-04
4.92266827E-01  2.83214413E-02  5.50268160E-04
4.92565442E-01  2.88461242E-02  5.52287616E-04
4.92864057E-01  2.89495811E-02  5.55082865E-04
4.93162672E-01  2.92762723E-02  5.59192384E-04
4.93461287E-01  2.91803982E-02  5.58278465E-04
4.93759902E-01  2.93061156E-02  5.55024133E-04
4.94058517E-01  2.91289017E-02  5.55971987E-04
4.94357132E-01  2.90552080E-02  5.54161845E-04
4.94655747E-01  2.86099762E-02  5.54202998E-04
4.94954362E-01  2.83222646E-02  5.44558279E-04
4.95252977E-01  2.86131147E-02  5.50761644E-04
4.95551592E-01  2.82208975E-02  5.48625365E-04
4.95850207E-01  2.83488538E-02  5.49041783E-04
4.96148822E-01  2.89144088E-02  5.50775614E-04
4.96447437E-01  2.78043989E-02  5.43203903E-04
4.96746052E-01  2.80565098E-02  5.44709561E-04
4.97044667E-01  2.83505470E-02  5.51145815E-04
4.97343282E-01  2.84182560E-02  5.45095652E-04
4.97641897E-01  2.88871527E-02  5.48765063E-04
4.97940512E-01  2.85776239E-02  5.51408040E-04
4.98239127E-01  2.90440414E-02  5.53948863E-04
4.98537742E-01  2.99455617E-02  5.63607842E-04
4.98836357E-01  2.88423896E-02  5.49703022E-04
4.99134972E-01  2.82312613E-02  5.46150142E-04
4.99433587E-01  2.87521742E-02  5.52824233E-04
4.99732202E-01  2.81828735E-02  5.44196693E-04
5.00030817E-01  2.82497033E-02  5.44169859E-04
5.00329432E-01  2.92225834E-02  5.54836937E-04
5.00628047E-01  2.97811721E-02  5.60117187E-04
5.00926662E-01  2.87260339E-02  5.53140184E-04
5.01225277E-01  2.84588896E-02  5.44175855E-04
5.01523892E-01  2.85219606E-02  5.45182615E-04
5.01822507E-01  2.93171220E-02  5.55332168E-04
5.02121122E-01  2.86986921E-02  5.50677360E-04
5.02419737E-01  2.86412686E-02  5.49171236E-04
5.02718352E-01  2.80240010E-02  5.42954018E-04
5.03016967E-01  2.90828180E-02  5.52981219E-04
5.03315582E-01  2.90100463E-02  5.53804333E-04
5.03614197E-01  2.96055954E-02  5.55050734E-04
5.03912812E-01  2.94539332E-02  5.56229847E-04
5.04211427E-01  2.84031406E-02  5.45006245E-04
5.04510042E-01  2.83837188E-02  5.47666627E-04
5.04808657E-01  2.82745995E-02  5.42041089E-04
5.05107272E-01  2.93434728E-02  5.55333390E-04
5.05405887E-01  2.83828918E-02  5.44017123E-04
5.05704502E-01  2.89602969E-02  5.53763530E-04
5.06003117E-01  2.96093542E-02  5.56885672E-04
5.06301732E-01  3.01035661E-02  5.61239256E-04
5.06600347E-01  2.89789494E-02  5.48631244E-04
5.06898962E-01  2.89887730E-02  5.52392623E-04
5.07197577E-01  2.88231000E-02  5.52049198E-04
5.07496192E-01  2.93743052E-02  5.50617697E-04
5.07794807E-01  2.90931333E-02  5.55188220E-04
5.08093422E-01  2.93919649E-02  5.54170925E-04
5.08392037E-01  2.82078069E-02  5.43968694E-04
5.08690652E-01  2.88797617E-02  5.47440606E-04
5.08989267E-01  2.88285203E-02  5.48840908E-04
5.09287882E-01  2.77244002E-02  5.40097128E-04
5.09586497E-01  2.86127515E-02  5.46518771E-04
5.09885112E-01  2.77473517E-02  5.37795946E-04
5.10183727E-01  2.96864007E-02  5.56957326E-04
5.10482342E-01  2.74884123E-02  5.34891209E-04
5.10780957E-01  2.87718587E-02  5.48857439E-04
5.11079572E-01  2.83981748E-02  5.44210081E-04
5.11378187E-01  2.84437090E-02  5.44782728E-04
5.11676802E-01  2.86372043E-02  5.50715486E-04
5.11975417E-01  2.94741914E-02  5.53073362E-04
5.12274032E-01  2.72400919E-02  5.32484206E-04
5.12572647E-01  2.78434325E-02  5.38748165E-04
5.12871262E-01  2.89400816E-02  5.48584037E-04
5.13169877E-01  2.74379719E-02  5.37999440E-04
5.13468492E-01  2.78491750E-02  5.35660132E-04
5.13767107E-01  2.85832230E-02  5.44664741E-04
5.14065722E-01  2.90492848E-02  5.52343612E-04
5.14364337E-01  2.83944774E-02  5.45141171E-04
5.14662952E-01  2.78627817E-02  5.38820052E-04
5.14961567E-01  2.83419490E-02  5.41840738E-04
5.15260182E-01  2.87308563E-02  5.48774668E-04
5.15558797E-01  2.73781493E-02  5.33858547E-04
5.15857412E-01  2.82320846E-02  5.41723974E-04
5.16156027E-01  2.90465467E-02  5.50701108E-04
5.16454642E-01  2.85006240E-02  5.45772666E-04
5.16753257E-01  2.76330970E-02  5.36085165E-04
5.17051872E-01  2.85542291E-02  5.47100208E-04
5.17350487E-01  2.84541734E-02  5.42402558E-04
5.17649102E-01  2.85974704E-02  5.45233255E-04
5.17947717E-01  2.89463960E-02  5.48014941E-04
5.18246332E-01  2.85320319E-02  5.44480630E-04
5.18544947E-01  2.85269655E-02  5.46176976E-04
5.18843562E-01  2.86113787E-02  5.47392003E-04
5.19142177E-01  2.80207116E-02  5.39059227E-04
5.19440792E-01  2.75615621E-02  5.34496270E-04
5.19739407E-01  2.78650653E-02  5.37959684E-04
5.20038022E-01  2.84346230E-02  5.46113297E-04
5.20336637E-01  2.83917449E-02  5.42891969E-04
5.20635252E-01  2.78696958E-02  5.37748565E-04
5.20933867E-01  2.77862232E-02  5.37339598E-04
5.21232482E-01  2.91594453E-02  5.49786899E-04
5.21531097E-01  2.84179039E-02  5.44888433E-04
5.21829712E-01  2.83762291E-02  5.44089358E-04
5.22128327E-01  2.87090633E-02  5.46467665E-04
5.22426942E-01  2.89286543E-02  5.46018069E-04
5.22725557E-01  2.83456221E-02  5.43402624E-04
5.23024172E-01  2.78717577E-02  5.37788321E-04
5.23322787E-01  2.92251576E-02  5.51909499E-04
5.23621402E-01  2.78618988E-02  5.37698157E-04
5.23920017E-01  2.87212674E-02  5.48891956E-04
5.24218632E-01  2.70779487E-02  5.28406817E-04
5.24517247E-01  2.84574591E-02  5.43156464E-04
5.24815862E-01  2.86402255E-02  5.47043572E-04
5.25114477E-01  2.79504806E-02  5.37907239E-04
5.25413092E-01  2.81606410E-02  5.41250629E-04
5.25711707E-01  2.72677224E-02  5.33126178E-04
5.26010322E-01  2.80900430E-02  5.38206368E-04
5.26308937E-01  2.78467201E-02  5.37705724E-04
5.26607552E-01  2.77607124E-02  5.36745880E-04
5.26906167E-01  2.76653208E-02  5.35301864E-04
5.27204782E-01  2.78921220E-02  5.40805049E-04
5.27503397E-01  2.78964043E-02  5.38063585E-04
5.27802012E-01  2.85333171E-02  5.44306997E-04
5.28100627E-01  2.82113757E-02  5.42426191E-04
5.28399242E-01  2.80935355E-02  5.36308100E-04
5.28697857E-01  2.83161569E-02  5.43037371E-04
5.28996472E-01  2.78043021E-02  5.37187210E-04
5.29295087E-01  2.75992081E-02  5.37047163E-04
5.29593702E-01  2.74671279E-02  5.32364647E-04
5.29892317E-01  2.82410644E-02  5.41000685E-04
5.30190932E-01  2.83977669E-02  5.44903101E-04
5.30489547E-01  2.84144506E-02  5.42929221E-04
5.30788162E-01  2.79526468E-02  5.37451531E-04
5.31086777E-01  2.82904990E-02  5.42146678E-04
5.31385392E-01  2.86954250E-02  5.43360948E-04
5.31684007E-01  2.63402890E-02  5.23259630E-04
5.31982622E-01  2.63380259E-02  5.23111492E-04
5.32281237E-01  2.78000198E-02  5.37305023E-04
5.32579852E-01  2.74998788E-02  5.35317056E-04
5.32878467E-01  2.84408741E-02  5.43334987E-04
5.33177082E-01  2.81881671E-02  5.41979913E-04
5.33475697E-01  2.81932745E-02  5.38212131E-04
5.33774312E-01  2.89935675E-02  5.47926931E-04
5.34072927E-01  2.81008258E-02  5.43017464E-04
5.34371542E-01  2.84100194E-02  5.40677516E-04
5.34670157E-01  2.73574851E-02  5.29543788E-04
5.34968772E-01  2.79770996E-02  5.40626585E-04
5.35267387E-01  2.76280362E-02  5.34880906E-04
5.35566002E-01  2.73686629E-02  5.34589053E-04
5.35864617E-01  2.72147916E-02  5.29066252E-04
5.36163232E-01  2.72781942E-02  5.32923616E-04
5.36461847E-01  2.72977576E-02  5.32594800E-04
5.36760462E-01  2.78125349E-02  5.36545704E-04
5.37059077E-01  2.80792005E-02  5.38196240E-04
5.37357692E-01  2.76167020E-02  5.37285814E-04
5.37656307E-01  2.72956844E-02  5.29738725E-04
5.37954922E-01  2.77563836E-02  5.40515117E-04
5.38253537E-01  2.80125625E-02  5.33306680E-04
5.38552152E-01  2.77074482E-02  5.35415893E-04
5.38850767E-01  2.68119760E-02  5.28372475E-04
5.39149382E-01  2.72346325E-02  5.32784790E-04
5.39447997E-01  2.67253108E-02  5.25848416E-04
5.39746612E-01  2.83951797E-02  5.42957627E-04
5.40045227E-01  2.75350977E-02  5.32981765E-04
5.40343842E-01  2.65790168E-02  5.26342948E-04
5.40642457E-01  2.69531365E-02  5.27580909E-04
5.40941072E-01  2.77771223E-02  5.35066647E-04
5.41239687E-01  2.70797741E-02  5.33649873E-04
5.41538302E-01  2.76605673E-02  5.35510713E-04
5.41836917E-01  2.72240341E-02  5.30752470E-04
5.42135532E-01  2.72047166E-02  5.26981778E-04
5.42434147E-01  2.79724039E-02  5.38528664E-04
5.42732762E-01  2.81063337E-02  5.41408197E-04
5.43031377E-01  2.82033365E-02  5.44084876E-04
5.43329992E-01  2.73443609E-02  5.28597040E-04
5.43628607E-01  2.72269659E-02  5.31314756E-04
5.43927222E-01  2.70860214E-02  5.30588732E-04
5.44225837E-01  2.80421358E-02  5.40271751E-04
5.44524452E-01  2.80256122E-02  5.36185107E-04
5.44823067E-01  2.66864821E-02  5.26410760E-04
5.45121682E-01  2.72327773E-02  5.31124882E-04
5.45420297E-01  2.86179632E-02  5.44733659E-04
5.45718912E-01  2.77948994E-02  5.35409083E-04
5.46017527E-01  2.79172547E-02  5.37765969E-04
5.46316142E-01  2.68341247E-02  5.26463031E-04
5.46614757E-01  2.70945542E-02  5.32392762E-04
5.46913372E-01  2.73037702E-02  5.28999837E-04
5.47211987E-01  2.77765039E-02  5.36549953E-04
5.47510602E-01  2.81216390E-02  5.40800742E-04
5.47809217E-01  2.85155475E-02  5.42587601E-04
5.48107832E-01  2.81738061E-02  5.42104768E-04
5.48406447E-01  2.69316863E-02  5.27565426E-04
5.48705062E-01  2.88789384E-02  5.44982613E-04
5.49003677E-01  2.72117406E-02  5.33563551E-04
5.49302292E-01  2.73146350E-02  5.28615376E-04
5.49600907E-01  2.78492216E-02  5.38457185E-04
5.49899522E-01  2.74247751E-02  5.32645441E-04
5.50198137E-01  2.77840812E-02  5.37700427E-04
5.50496752E-01  2.73882691E-02  5.32036764E-04
5.50795367E-01  2.81609409E-02  5.38183609E-04
5.51093982E-01  2.74940263E-02  5.33587998E-04
5.51392597E-01  2.80486699E-02  5.40397654E-04
5.51691212E-01  2.75681317E-02  5.33921295E-04
5.51989827E-01  2.67564394E-02  5.25748939E-04
5.52288442E-01  2.72178743E-02  5.27831202E-04
5.52587057E-01  2.68493351E-02  5.26154181E-04
5.52885672E-01  2.66486425E-02  5.24441421E-04
5.53184287E-01  2.70037092E-02  5.25758194E-04
5.53482902E-01  2.73800436E-02  5.30179124E-04
5.53781517E-01  2.76443493E-02  5.33897604E-04
5.54080132E-01  2.72852145E-02  5.30034828E-04
5.54378747E-01  2.70961095E-02  5.23895957E-04
5.54677362E-01  2.65903901E-02  5.21480455E-04
5.54975977E-01  2.69256383E-02  5.26538526E-04
5.55274592E-01  2.78520547E-02  5.33842540E-04
5.55573207E-01  2.58267969E-02  5.08464582E-04
5.55871822E-01  2.67587192E-02  5.21383656E-04
5.56170437E-01  2.80341860E-02  5.35077648E-04
5.56469052E-01  2.70782933E-02  5.26512216E-04
5.56767667E-01  2.74730604E-02  5.27548254E-04
5.57066282E-01  2.72372607E-02  5.26035496E-04
5.57364897E-01  2.74229888E-02  5.24080591E-04
5.57663512E-01  2.68105846E-02  5.21405484E-04
5.57962127E-01  2.81034354E-02  5.32055972E-04
5.58260742E-01  2.75044050E-02  5.23632276E-04
5.58559357E-01  2.64102016E-02  5.18745393E-04
5.58857972E-01  2.73303185E-02  5.26948948E-04
5.59156587E-01  2.74354350E-02  5.22983086E-04
5.59455202E-01  2.72874217E-02  5.24661096E-04
5.59753817E-01  2.80101746E-02  5.29059209E-04
5.60052432E-01  2.73914710E-02  5.24918083E-04
5.60351047E-01  2.67267842E-02  5.17045206E-04
5.60649662E-01  2.73681264E-02  5.21132257E-04
5.60948277E-01  2.75208969E-02  5.23566850E-04
5.61246892E-01  2.76248287E-02  5.25544106E-04
5.61545507E-01  2.79361177E-02  5.27754542E-04
5.61844122E-01  2.71590017E-02  5.17337816E-04
5.62142737E-01  2.72326563E-02  5.22546703E-04
5.62441352E-01  2.80488823E-02  5.26606105E-04
5.62739967E-01  2.66721193E-02  5.12925384E-04
5.63038582E-01  2.69733500E-02  5.17380598E-04
5.63337197E-01  2.73602977E-02  5.19384921E-04
5.63635812E-01  2.69852187E-02  5.19812340E-04
5.63934427E-01  2.65375804E-02  5.10810583E-04
5.64233042E-01  2.67776772E-02  5.11935039E-04
5.64531657E-01  2.69210245E-02  5.15807944E-04
5.64830272E-01  2.64175031E-02  5.10489102E-04
5.65128887E-01  2.74976939E-02  5.21429756E-04
5.65427502E-01  2.78206393E-02  5.21219801E-04
5.65726117E-01  2.75618043E-02  5.20590344E-04
5.66024732E-01  2.65689045E-02  5.10657264E-04
5.66323347E-01  2.74050254E-02  5.19112800E-04
5.66621962E-01  2.75209658E-02  5.15695894E-04
5.66920577E-01  2.73212809E-02  5.18084446E-04
5.67219192E-01  2.79228278E-02  5.24609466E-04
5.67517807E-01  2.73063816E-02  5.18548302E-04
5.67816422E-01  2.80039068E-02  5.18679793E-04
5.68115037E-01  2.71233134E-02  5.13960957E-04
5.68413652E-01  2.65904572E-02  5.09474252E-04
5.68712267E-01  2.68542878E-02  5.11998078E-04
5.69010882E-01  2.75227651E-02  5.16910746E-04
5.69309497E-01  2.75219455E-02  5.17260341E-04
5.69608112E-01  2.67719217E-02  5.10985265E-04
5.69906727E-01  2.73432676E-02  5.14994841E-04
5.70205342E-01  2.77363583E-02  5.16567554E-04
5.70503957E-01  2.69027688E-02  5.12829225E-04
5.70802572E-01  2.75553931E-02  5.17706154E-04
5.71101187E-01  2.75582988E-02  5.19044814E-04
5.71399802E-01  2.73985006E-02  5.14940242E-04
5.71698417E-01  2.76029427E-02  5.17686654E-04
5.71997032E-01  2.78186686E-02  5.22099959E-04
5.72295647E-01  2.75789648E-02  5.19249937E-04
5.72594262E-01  2.69939154E-02  5.11600869E-04
5.72892877E-01  2.79561132E-02  5.16997068E-04
5.73191492E-01  2.78706867E-02  5.21517126E-04
5.73490107E-01  2.64898036E-02  5.09607780E-04
5.73788722E-01  2.77058072E-02  5.18431887E-04
5.74087337E-01  2.72051897E-02  5.15142630E-04
5.74385952E-01  2.69612055E-02  5.14129992E-04
5.74684567E-01  2.74903402E-02  5.18316752E-04
5.74983182E-01  2.70507429E-02  5.11576538E-04
5.75281797E-01  2.71734279E-02  5.11342718E-04
5.75580412E-01  2.69152410E-02  5.13346866E-04
5.75879027E-01  2.73364019E-02  5.15689375E-04
5.76177642E-01  2.68097240E-02  5.11520484E-04
5.76476257E-01  2.74681617E-02  5.15521679E-04
5.76774872E-01  2.66615767E-02  5.10462269E-04
5.77073487E-01  2.75815800E-02  5.18839573E-04
5.77372102E-01  2.62556802E-02  5.07267367E-04
5.77670717E-01  2.69828886E-02  5.10841666E-04
5.77969332E-01  2.71004941E-02  5.13713050E-04
5.78267947E-01  2.70592365E-02  5.14504849E-04
5.78566562E-01  2.72763334E-02  5.15382213E-04
5.78865177E-01  2.70314980E-02  5.10847254E-04
5.79163792E-01  2.73102615E-02  5.16299857E-04
5.79462407E-01  2.80106533E-02  5.22401358E-04
5.79761022E-01  2.79658623E-02  5.24032512E-04
5.80059637E-01  2.73153614E-02  5.12834580E-04
5.80358252E-01  2.64792945E-02  5.08278201E-04
5.80656867E-01  2.75720693E-02  5.19857684E-04
5.80955482E-01  2.73959190E-02  5.18197077E-04


### HEADER:
#
#{
#    "analysis": {},
#    "calibration_params": {
#        "Beam_Center_X": 1061.0,
#        "Beam_Center_Y": 2093.0,
#        "Detector Tilt": 0.0,
#        "Detector Tilt Plane Rotation": 0.0,
#        "Detector_X_Pixel_Size": 75.0,
#        "Detector_Y_Pixel_Size": 75.0,
#        "Integration Method": "nosplit_csr",
#        "Radial_Average_Method": "pyFAI",
#        "Sample-to-detector distance (mm)": 1782.0,
#        "Wavelength (A)": 0.8823505857220345
#    },
#    "config_file": "/Users/jwinnikoff/Library/Application Support/RAW/backup.cfg",
#    "counters": {
#        "Epoch": "1328.151",
#        "I1": "0",
#        "I2": "0",
#        "I3": "0",
#        "Seconds": "1",
#        "Time": "2.40803e-05",
#        "date": "Mon Feb 20 22:29:01 2023",
#        "diode": "36894"
#    },
#    "filename": "JWL0315A__04-80C_lh_34_data_000001_00001.h5",
#    "history": {},
#    "imageHeader": {},
#    "load_path": "/Users/jwinnikoff/Documents/MBARI/SAXS/HPSAXS_7A_Feb2023/JWL0315A_AAL9256/JWL0315A__04-80C_lh_34_data_000001.h5",
#    "normalizations": {
#        "Absolute_scale": {
#            "Absolute_scale_factor": 0.005174693841759343,
#            "Method": "Water"
#        },
#        "Counter_norms": [
#            [
#                "/",
#                "diode/150000"
#            ]
#        ],
#        "Polarization": {
#            "Used": false
#        },
#        "Solid_Angle_Correction": "On"
#    },
#    "raw_version": "2.1.4"
#}

