### DATA:
#
# 1908
#      Q             I(Q)           Error     
1.14966775E-02  0.00000000E+00  0.00000000E+00
1.17952925E-02  5.62215686E-01  2.80407704E-02
1.20939075E-02  5.48929572E-01  1.95921380E-02
1.23925225E-02  4.68979448E-01  1.47861401E-02
1.26911375E-02  4.42187756E-01  1.34866005E-02
1.29897525E-02  4.12571549E-01  1.26600964E-02
1.32883675E-02  4.17054176E-01  1.22293290E-02
1.35869825E-02  3.87365341E-01  1.12244450E-02
1.38855975E-02  3.56487215E-01  1.00870160E-02
1.41842125E-02  3.30890745E-01  9.92275402E-03
1.44828275E-02  2.98065841E-01  9.31910891E-03
1.47814425E-02  2.84920216E-01  8.83925147E-03
1.50800575E-02  2.68267334E-01  8.25926848E-03
1.53786725E-02  2.57152826E-01  7.61620933E-03
1.56772875E-02  2.42568329E-01  7.45746586E-03
1.59759025E-02  2.38153294E-01  6.89792493E-03
1.62745175E-02  2.21825838E-01  6.56415848E-03
1.65731325E-02  2.06785917E-01  6.42762845E-03
1.68717475E-02  2.04896361E-01  5.87580632E-03
1.71703625E-02  1.93746194E-01  6.01070467E-03
1.74689775E-02  1.80063739E-01  5.34947682E-03
1.77675925E-02  1.79199308E-01  5.24791796E-03
1.80662075E-02  1.72321856E-01  5.35636535E-03
1.83648225E-02  1.59220070E-01  4.62723896E-03
1.86634375E-02  1.65323928E-01  4.93339449E-03
1.89620525E-02  1.50965571E-01  4.44208598E-03
1.92606675E-02  1.41603798E-01  4.36375849E-03
1.95592825E-02  1.54252559E-01  4.59892256E-03
1.98578975E-02  1.41266003E-01  4.07460425E-03
2.01565125E-02  1.33933932E-01  4.10793908E-03
2.04551275E-02  1.35304943E-01  3.87535756E-03
2.07537425E-02  1.28201202E-01  3.68552539E-03
2.10523575E-02  1.24452852E-01  3.42935114E-03
2.13509725E-02  1.19377047E-01  3.15243588E-03
2.16495875E-02  1.11967564E-01  3.04399058E-03
2.19482025E-02  1.13801658E-01  2.84237787E-03
2.22468175E-02  1.09165467E-01  2.91237375E-03
2.25454325E-02  1.05414957E-01  2.62473244E-03
2.28440475E-02  1.00093186E-01  2.61955825E-03
2.31426625E-02  1.02497414E-01  2.55844090E-03
2.34412775E-02  9.70142707E-02  2.39268062E-03
2.37398925E-02  9.94887576E-02  2.51487759E-03
2.40385075E-02  9.58213285E-02  2.31991825E-03
2.43371225E-02  9.18896645E-02  2.27182568E-03
2.46357375E-02  8.91882032E-02  2.29900097E-03
2.49343525E-02  8.64860564E-02  2.15275376E-03
2.52329675E-02  8.43861103E-02  2.23153108E-03
2.55315825E-02  8.23082924E-02  2.06481735E-03
2.58301975E-02  7.98807740E-02  2.04553688E-03
2.61288125E-02  7.92708844E-02  2.10585655E-03
2.64274275E-02  7.72893727E-02  1.94750912E-03
2.67260425E-02  7.73295015E-02  2.05138978E-03
2.70246575E-02  7.15514570E-02  1.84806681E-03
2.73232725E-02  7.20645785E-02  1.91441865E-03
2.76218875E-02  7.39095658E-02  1.96760148E-03
2.79205025E-02  6.80833086E-02  1.81830465E-03
2.82191175E-02  6.69868514E-02  1.79737399E-03
2.85177325E-02  6.75511360E-02  1.77459186E-03
2.88163475E-02  6.64571077E-02  1.81546994E-03
2.91149625E-02  6.42222241E-02  1.73320551E-03
2.94135775E-02  6.67294636E-02  1.74638990E-03
2.97121925E-02  6.64904937E-02  1.75767974E-03
3.00108075E-02  5.96350171E-02  1.60940771E-03
3.03094225E-02  6.14426434E-02  1.70674012E-03
3.06080375E-02  6.04275092E-02  1.63796882E-03
3.09066525E-02  5.86195029E-02  1.59071456E-03
3.12052675E-02  5.67227751E-02  1.61277060E-03
3.15038825E-02  5.65312617E-02  1.54087052E-03
3.18024975E-02  5.80649897E-02  1.58562313E-03
3.21011125E-02  5.76054156E-02  1.52815098E-03
3.23997275E-02  5.33690490E-02  1.43198459E-03
3.26983425E-02  5.14898039E-02  1.41828507E-03
3.29969575E-02  5.19674011E-02  1.34628767E-03
3.32955725E-02  5.05025759E-02  1.32717821E-03
3.35941875E-02  5.25183827E-02  1.29056885E-03
3.38928025E-02  5.41952923E-02  1.34982995E-03
3.41914175E-02  5.16085699E-02  1.27789401E-03
3.44900325E-02  4.94189225E-02  1.24208932E-03
3.47886474E-02  4.98549379E-02  1.22585869E-03
3.50872624E-02  4.97051328E-02  1.20094349E-03
3.53858774E-02  4.87809293E-02  1.22721749E-03
3.56844924E-02  4.94074486E-02  1.18752813E-03
3.59831074E-02  4.81370203E-02  1.15234230E-03
3.62817224E-02  4.70252261E-02  1.16691145E-03
3.65803374E-02  4.59305458E-02  1.11793203E-03
3.68789524E-02  4.56797443E-02  1.15248584E-03
3.71775674E-02  4.68696766E-02  1.14045234E-03
3.74761824E-02  4.58225124E-02  1.09756482E-03
3.77747974E-02  4.60184403E-02  1.10511470E-03
3.80734124E-02  4.44775559E-02  1.06934505E-03
3.83720274E-02  4.63183932E-02  1.12703827E-03
3.86706424E-02  4.61389534E-02  1.07155100E-03
3.89692574E-02  4.67344671E-02  1.11052417E-03
3.92678724E-02  4.36996892E-02  1.08206004E-03
3.95664874E-02  4.31527011E-02  1.03629509E-03
3.98651024E-02  4.45260443E-02  1.05359417E-03
4.01637174E-02  4.19341065E-02  1.00558228E-03
4.04623324E-02  4.53190468E-02  1.08240510E-03
4.07609474E-02  4.35470641E-02  1.02385762E-03
4.10595624E-02  4.28105108E-02  1.03587296E-03
4.13581774E-02  4.21274304E-02  1.00876903E-03
4.16567924E-02  4.30948883E-02  9.99776530E-04
4.19554074E-02  4.24982198E-02  1.02116703E-03
4.22540224E-02  4.27555740E-02  1.01626292E-03
4.25526374E-02  4.29457240E-02  1.00473303E-03
4.28512524E-02  4.50113155E-02  1.03208737E-03
4.31498674E-02  4.22128253E-02  9.87856882E-04
4.34484824E-02  4.06558067E-02  9.99665819E-04
4.37470974E-02  4.04721387E-02  9.54733405E-04
4.40457124E-02  4.13673408E-02  9.69931949E-04
4.43443274E-02  4.10845205E-02  9.85209132E-04
4.46429424E-02  4.38114740E-02  9.94944712E-04
4.49415574E-02  3.93588729E-02  9.73383081E-04
4.52401724E-02  3.90999317E-02  9.27278365E-04
4.55387874E-02  3.90979648E-02  9.42188024E-04
4.58374024E-02  4.10960354E-02  9.65963351E-04
4.61360174E-02  3.90248299E-02  9.27848567E-04
4.64346324E-02  3.97348441E-02  9.54491843E-04
4.67332474E-02  4.21741046E-02  9.52615927E-04
4.70318624E-02  4.02705669E-02  9.58551362E-04
4.73304774E-02  4.06505987E-02  9.57611948E-04
4.76290924E-02  4.22616750E-02  9.55813855E-04
4.79277074E-02  4.11262959E-02  9.37111850E-04
4.82263224E-02  4.05267663E-02  9.23930784E-04
4.85249374E-02  3.86471674E-02  9.29975475E-04
4.88235524E-02  3.93194333E-02  9.14900331E-04
4.91221674E-02  4.14123759E-02  9.33269970E-04
4.94207824E-02  3.96818928E-02  9.23334213E-04
4.97193974E-02  4.20007296E-02  9.32888943E-04
5.00180124E-02  4.06022668E-02  9.42710496E-04
5.03166274E-02  4.12362814E-02  9.22994688E-04
5.06152424E-02  4.08371575E-02  9.21243045E-04
5.09138574E-02  4.04266715E-02  9.27695597E-04
5.12124724E-02  4.08494361E-02  9.07989452E-04
5.15110874E-02  4.05378640E-02  9.20602120E-04
5.18097024E-02  4.01934721E-02  9.03281150E-04
5.21083174E-02  3.97533216E-02  8.97021149E-04
5.24069324E-02  4.14528698E-02  9.16659308E-04
5.27055474E-02  4.13193665E-02  9.09271592E-04
5.30041624E-02  4.11699750E-02  9.24992841E-04
5.33027774E-02  4.24953997E-02  9.18189238E-04
5.36013924E-02  4.18594517E-02  9.16508201E-04
5.39000074E-02  4.43070941E-02  9.27097048E-04
5.41986224E-02  4.08901833E-02  9.08446440E-04
5.44972374E-02  4.12910655E-02  9.01259540E-04
5.47958524E-02  4.23673242E-02  9.06577043E-04
5.50944674E-02  4.14997675E-02  9.11257870E-04
5.53930824E-02  4.29167077E-02  9.06174362E-04
5.56916974E-02  4.29063961E-02  9.01148305E-04
5.59903124E-02  4.24138382E-02  9.14720411E-04
5.62889274E-02  4.10918817E-02  8.80697567E-04
5.65875424E-02  4.59703766E-02  9.48296452E-04
5.68861574E-02  4.28285077E-02  8.99115927E-04
5.71847724E-02  4.34502140E-02  8.99569131E-04
5.74833874E-02  4.46815565E-02  9.22102598E-04
5.77820024E-02  4.39664386E-02  9.03695531E-04
5.80806174E-02  4.45743985E-02  9.32486088E-04
5.83792324E-02  4.68948372E-02  9.22347943E-04
5.86778474E-02  4.74840738E-02  9.42916726E-04
5.89764624E-02  4.53854948E-02  9.31879447E-04
5.92750774E-02  4.68225107E-02  9.08191025E-04
5.95736924E-02  4.74842228E-02  9.42919694E-04
5.98723074E-02  4.82808053E-02  9.31063027E-04
6.01709224E-02  4.72438596E-02  9.19830869E-04
6.04695374E-02  4.79472354E-02  9.41228063E-04
6.07681524E-02  4.95966189E-02  9.47321882E-04
6.10667674E-02  4.87989113E-02  9.44573723E-04
6.13653824E-02  5.06219864E-02  9.40188766E-04
6.16639974E-02  5.11124730E-02  9.56753152E-04
6.19626124E-02  5.14053479E-02  9.60721809E-04
6.22612274E-02  5.18331975E-02  9.46655986E-04
6.25598424E-02  5.02991490E-02  9.52778966E-04
6.28584574E-02  5.09540401E-02  9.43269930E-04
6.31570724E-02  5.47574610E-02  9.86500876E-04
6.34556874E-02  5.61166070E-02  9.71870963E-04
6.37543024E-02  5.43231554E-02  9.69129673E-04
6.40529174E-02  5.58062345E-02  9.95905022E-04
6.43515324E-02  5.68718351E-02  9.86134401E-04
6.46501474E-02  5.87673783E-02  1.02394004E-03
6.49487624E-02  5.91598600E-02  9.89577617E-04
6.52473774E-02  5.97021468E-02  1.00244221E-03
6.55459924E-02  6.16778061E-02  1.03011169E-03
6.58446074E-02  6.45498335E-02  1.04234728E-03
6.61432224E-02  6.38113022E-02  1.04777771E-03
6.64418374E-02  6.50447235E-02  1.03154662E-03
6.67404524E-02  6.62925094E-02  1.05505693E-03
6.70390674E-02  7.05805942E-02  1.09391124E-03
6.73376824E-02  6.95827082E-02  1.05768838E-03
6.76362974E-02  7.11513162E-02  1.09567342E-03
6.79349124E-02  7.34051764E-02  1.08823075E-03
6.82335274E-02  7.72984177E-02  1.12452661E-03
6.85321424E-02  8.14281553E-02  1.16791646E-03
6.88307574E-02  8.08176845E-02  1.14054210E-03
6.91293724E-02  8.41400027E-02  1.18155987E-03
6.94279874E-02  8.60422701E-02  1.16614567E-03
6.97266024E-02  9.13353860E-02  1.22237729E-03
7.00252174E-02  9.37753692E-02  1.22858037E-03
7.03238324E-02  9.72943753E-02  1.24146033E-03
7.06224474E-02  1.00180969E-01  1.27870915E-03
7.09210624E-02  1.04707241E-01  1.29081437E-03
7.12196774E-02  1.09001160E-01  1.31403015E-03
7.15182924E-02  1.15279615E-01  1.32173940E-03
7.18169074E-02  1.18582375E-01  1.37681863E-03
7.21155224E-02  1.23697013E-01  1.40140159E-03
7.24141374E-02  1.32921219E-01  1.44453987E-03
7.27127524E-02  1.37277573E-01  1.46147527E-03
7.30113674E-02  1.44472271E-01  1.48774555E-03
7.33099824E-02  1.57240793E-01  1.56066904E-03
7.36085974E-02  1.66089684E-01  1.60933868E-03
7.39072124E-02  1.79646119E-01  1.64288329E-03
7.42058274E-02  1.91786349E-01  1.73322938E-03
7.45044424E-02  2.06534117E-01  1.76725094E-03
7.48030574E-02  2.26867676E-01  1.86433690E-03
7.51016724E-02  2.45542169E-01  1.93743117E-03
7.54002874E-02  2.69260645E-01  1.99638633E-03
7.56989024E-02  2.93084532E-01  2.11902172E-03
7.59975174E-02  3.29744130E-01  2.21160380E-03
7.62961324E-02  3.61832082E-01  2.32412061E-03
7.65947474E-02  4.12663370E-01  2.47410056E-03
7.68933624E-02  4.61703211E-01  2.61976384E-03
7.71919774E-02  5.22198677E-01  2.81620258E-03
7.74905924E-02  5.90686977E-01  2.92915036E-03
7.77892074E-02  6.71110809E-01  3.14183440E-03
7.80878224E-02  7.66038060E-01  3.32880719E-03
7.83864374E-02  8.61715376E-01  3.52511322E-03
7.86850524E-02  9.75284696E-01  3.81162553E-03
7.89836674E-02  1.09029317E+00  3.97956977E-03
7.92822824E-02  1.21431339E+00  4.16535465E-03
7.95808974E-02  1.34105480E+00  4.33764420E-03
7.98795124E-02  1.45796585E+00  4.61150752E-03
8.01781274E-02  1.57192934E+00  4.82880324E-03
8.04767424E-02  1.67937326E+00  4.86382749E-03
8.07753574E-02  1.78202438E+00  5.06150723E-03
8.10739724E-02  1.86327469E+00  5.11807529E-03
8.13725874E-02  1.93948507E+00  5.20083215E-03
8.16712024E-02  2.00321794E+00  5.37198596E-03
8.19698174E-02  2.04410768E+00  5.28682303E-03
8.22684324E-02  2.08448529E+00  5.45187574E-03
8.25670474E-02  2.11332202E+00  5.42351883E-03
8.28656624E-02  2.12658072E+00  5.47880400E-03
8.31642774E-02  2.13692427E+00  5.41613437E-03
8.34628924E-02  2.13058019E+00  5.41340793E-03
8.37615074E-02  2.13175035E+00  5.49657596E-03
8.40601224E-02  2.12746334E+00  5.37782023E-03
8.43587374E-02  2.11913252E+00  5.38827106E-03
8.46573524E-02  2.10019612E+00  5.33806905E-03
8.49559674E-02  2.09178066E+00  5.36391046E-03
8.52545824E-02  2.07968903E+00  5.35893813E-03
8.55531974E-02  2.04245853E+00  5.22381580E-03
8.58518124E-02  2.00056505E+00  5.19483630E-03
8.61504274E-02  1.95674896E+00  5.08399121E-03
8.64490424E-02  1.90101659E+00  5.09350328E-03
8.67476574E-02  1.81514990E+00  4.96746087E-03
8.70462724E-02  1.72584951E+00  4.76339785E-03
8.73448874E-02  1.60936558E+00  4.63482412E-03
8.76435024E-02  1.48820758E+00  4.41295793E-03
8.79421174E-02  1.35201573E+00  4.27472265E-03
8.82407324E-02  1.22159755E+00  4.04771091E-03
8.85393474E-02  1.08450496E+00  3.76013829E-03
8.88379624E-02  9.55477953E-01  3.55599448E-03
8.91365774E-02  8.36253166E-01  3.28354235E-03
8.94351924E-02  7.21877933E-01  3.07349116E-03
8.97338074E-02  6.24019384E-01  2.84168194E-03
9.00324224E-02  5.38239121E-01  2.63185822E-03
9.03310374E-02  4.68038619E-01  2.48178514E-03
9.06296524E-02  4.07550812E-01  2.28805910E-03
9.09282674E-02  3.60452741E-01  2.14982172E-03
9.12268824E-02  3.22561175E-01  2.02997169E-03
9.15254974E-02  2.86106050E-01  1.90487783E-03
9.18241124E-02  2.55339801E-01  1.82623323E-03
9.21227274E-02  2.36901239E-01  1.74286345E-03
9.24213424E-02  2.16686100E-01  1.63855485E-03
9.27199574E-02  1.98544905E-01  1.58254616E-03
9.30185724E-02  1.87363803E-01  1.54012104E-03
9.33171874E-02  1.73319057E-01  1.49624399E-03
9.36158024E-02  1.62880063E-01  1.40091474E-03
9.39144174E-02  1.53828889E-01  1.39677164E-03
9.42130324E-02  1.44997120E-01  1.34876673E-03
9.45116474E-02  1.36943996E-01  1.30493881E-03
9.48102624E-02  1.32150188E-01  1.28763204E-03
9.51088774E-02  1.27000719E-01  1.23810372E-03
9.54074924E-02  1.23424411E-01  1.23665796E-03
9.57061074E-02  1.19136192E-01  1.21177034E-03
9.60047224E-02  1.12765715E-01  1.17996824E-03
9.63033374E-02  1.11405253E-01  1.16160640E-03
9.66019524E-02  1.08866617E-01  1.15430809E-03
9.69005674E-02  1.03367351E-01  1.12183648E-03
9.71991824E-02  1.02588318E-01  1.11469545E-03
9.74977974E-02  9.88034755E-02  1.09017163E-03
9.77964124E-02  9.79972333E-02  1.08200044E-03
9.80950274E-02  9.53095257E-02  1.07442599E-03
9.83936424E-02  9.10160393E-02  1.05040264E-03
9.86922574E-02  9.21415016E-02  1.05596334E-03
9.89908724E-02  8.99305567E-02  1.03211764E-03
9.92894874E-02  8.67159739E-02  1.01051375E-03
9.95881024E-02  8.56603235E-02  1.01247395E-03
9.98867174E-02  8.46240371E-02  1.00979314E-03
1.00185332E-01  8.50772485E-02  9.89738852E-04
1.00483947E-01  8.45317990E-02  1.00236118E-03
1.00782562E-01  8.19772556E-02  9.75159928E-04
1.01081177E-01  8.11919570E-02  9.80281853E-04
1.01379792E-01  7.91690275E-02  9.64329287E-04
1.01678407E-01  7.95009509E-02  9.55971307E-04
1.01977022E-01  7.75600821E-02  9.54481715E-04
1.02275637E-01  7.66910017E-02  9.49119858E-04
1.02574252E-01  7.54352137E-02  9.37390781E-04
1.02872867E-01  7.56953433E-02  9.29004513E-04
1.03171482E-01  7.43656978E-02  9.20060324E-04
1.03470097E-01  7.50883073E-02  9.26028704E-04
1.03768712E-01  7.27868229E-02  9.20026447E-04
1.04067327E-01  7.37414062E-02  9.09556344E-04
1.04365942E-01  7.35417306E-02  9.18697624E-04
1.04664557E-01  7.12673441E-02  9.03639884E-04
1.04963172E-01  7.06950575E-02  8.93443706E-04
1.05261787E-01  7.27524981E-02  9.08554823E-04
1.05560402E-01  6.86388761E-02  8.73335986E-04
1.05859017E-01  7.09877908E-02  8.99661391E-04
1.06157632E-01  7.14922994E-02  8.97023885E-04
1.06456247E-01  6.98154196E-02  8.86442314E-04
1.06754862E-01  6.87307343E-02  8.69104639E-04
1.07053477E-01  6.80364221E-02  8.70190386E-04
1.07352092E-01  6.88824207E-02  8.75584665E-04
1.07650707E-01  6.78441226E-02  8.69653479E-04
1.07949322E-01  6.75953627E-02  8.66678485E-04
1.08247937E-01  6.82427138E-02  8.70128570E-04
1.08546552E-01  6.76252916E-02  8.69639276E-04
1.08845167E-01  6.69652149E-02  8.51214514E-04
1.09143782E-01  6.69719502E-02  8.61308770E-04
1.09442397E-01  6.67756274E-02  8.49353732E-04
1.09741012E-01  6.68973252E-02  8.52766330E-04
1.10039627E-01  6.52370825E-02  8.48739292E-04
1.10338242E-01  6.78912774E-02  8.60417844E-04
1.10636857E-01  6.70372322E-02  8.44522729E-04
1.10935472E-01  6.74454719E-02  8.46447656E-04
1.11234087E-01  6.58842400E-02  8.44322843E-04
1.11532702E-01  6.68413565E-02  8.49777483E-04
1.11831317E-01  6.58380315E-02  8.38854234E-04
1.12129932E-01  6.61871731E-02  8.42687266E-04
1.12428547E-01  6.46463931E-02  8.32502672E-04
1.12727162E-01  6.47759289E-02  8.29847064E-04
1.13025777E-01  6.60076439E-02  8.36747349E-04
1.13324392E-01  6.71829581E-02  8.42887617E-04
1.13623007E-01  6.65330738E-02  8.40710360E-04
1.13921622E-01  6.48150668E-02  8.30416626E-04
1.14220237E-01  6.57703504E-02  8.28365562E-04
1.14518852E-01  6.56943023E-02  8.21178779E-04
1.14817467E-01  6.69132769E-02  8.40563385E-04
1.15116082E-01  6.68969080E-02  8.39827815E-04
1.15414697E-01  6.59004673E-02  8.29806959E-04
1.15713312E-01  6.69003054E-02  8.28078075E-04
1.16011927E-01  6.53084368E-02  8.21181224E-04
1.16310542E-01  6.65807873E-02  8.36584659E-04
1.16609157E-01  6.75085336E-02  8.33057915E-04
1.16907772E-01  6.79980144E-02  8.39161978E-04
1.17206387E-01  6.69148117E-02  8.29083670E-04
1.17505002E-01  6.75003082E-02  8.27555254E-04
1.17803617E-01  6.77569881E-02  8.38296721E-04
1.18102232E-01  6.80530965E-02  8.32146383E-04
1.18400847E-01  6.84048608E-02  8.35511368E-04
1.18699462E-01  6.86352998E-02  8.35093029E-04
1.18998077E-01  6.72538131E-02  8.18951405E-04
1.19296692E-01  6.85687438E-02  8.42683308E-04
1.19595307E-01  6.86383843E-02  8.27930518E-04
1.19893922E-01  7.02551007E-02  8.35837331E-04
1.20192537E-01  7.07607940E-02  8.48545926E-04
1.20491152E-01  7.00361803E-02  8.32173333E-04
1.20789767E-01  6.86477274E-02  8.31559300E-04
1.21088382E-01  7.18958899E-02  8.49783362E-04
1.21386997E-01  7.10649788E-02  8.38265871E-04
1.21685612E-01  7.45107085E-02  8.66345072E-04
1.21984227E-01  7.13599622E-02  8.42390349E-04
1.22282842E-01  7.37524703E-02  8.50373821E-04
1.22581457E-01  7.49765486E-02  8.51456600E-04
1.22880072E-01  7.54067078E-02  8.69043171E-04
1.23178687E-01  7.40290955E-02  8.53166508E-04
1.23477302E-01  7.51992911E-02  8.62311455E-04
1.23775917E-01  7.58200064E-02  8.55645165E-04
1.24074532E-01  7.58864358E-02  8.64413392E-04
1.24373147E-01  7.77355358E-02  8.73653626E-04
1.24671762E-01  7.91932195E-02  8.76898644E-04
1.24970377E-01  7.90555105E-02  8.73714918E-04
1.25268992E-01  7.79328644E-02  8.66295071E-04
1.25567607E-01  8.18437412E-02  8.83520232E-04
1.25866222E-01  8.20021555E-02  8.98576225E-04
1.26164837E-01  8.30660239E-02  8.94373050E-04
1.26463452E-01  8.50585401E-02  9.00708314E-04
1.26762067E-01  8.50101560E-02  9.04158689E-04
1.27060682E-01  8.63148272E-02  9.08577116E-04
1.27359297E-01  8.80518109E-02  9.31465358E-04
1.27657912E-01  8.76929089E-02  9.07772686E-04
1.27956527E-01  9.06647816E-02  9.27083485E-04
1.28255142E-01  9.13196206E-02  9.37116856E-04
1.28553757E-01  9.40460786E-02  9.34452924E-04
1.28852372E-01  9.36312601E-02  9.36125405E-04
1.29150987E-01  9.81614292E-02  9.58505319E-04
1.29449602E-01  9.86284763E-02  9.66620748E-04
1.29748217E-01  1.01182170E-01  9.78393597E-04
1.30046832E-01  1.04128443E-01  9.84580838E-04
1.30345447E-01  1.06605515E-01  9.93583351E-04
1.30644062E-01  1.09298274E-01  1.00472569E-03
1.30942677E-01  1.13870658E-01  1.03305560E-03
1.31241292E-01  1.16837196E-01  1.04293984E-03
1.31539907E-01  1.20756127E-01  1.05468894E-03
1.31838522E-01  1.22976817E-01  1.06928276E-03
1.32137137E-01  1.29427105E-01  1.10694265E-03
1.32435752E-01  1.33192673E-01  1.13765127E-03
1.32734367E-01  1.38066456E-01  1.15667458E-03
1.33032982E-01  1.44123137E-01  1.19424483E-03
1.33331597E-01  1.50100589E-01  1.21876015E-03
1.33630212E-01  1.57344103E-01  1.25315122E-03
1.33928827E-01  1.64755270E-01  1.30197592E-03
1.34227442E-01  1.74028873E-01  1.30586966E-03
1.34526057E-01  1.81815863E-01  1.36173505E-03
1.34824672E-01  1.92092285E-01  1.41000585E-03
1.35123287E-01  2.02345595E-01  1.43866159E-03
1.35421902E-01  2.10956901E-01  1.48201501E-03
1.35720517E-01  2.25153148E-01  1.51536695E-03
1.36019132E-01  2.38801554E-01  1.58866006E-03
1.36317747E-01  2.52103776E-01  1.61651487E-03
1.36616362E-01  2.65282154E-01  1.65333773E-03
1.36914977E-01  2.78914958E-01  1.71433168E-03
1.37213592E-01  2.98613161E-01  1.77651539E-03
1.37512207E-01  3.11290115E-01  1.83191092E-03
1.37810822E-01  3.25808465E-01  1.85565290E-03
1.38109437E-01  3.45636636E-01  1.91128731E-03
1.38408052E-01  3.60610574E-01  1.95966638E-03
1.38706667E-01  3.74557972E-01  2.00178218E-03
1.39005282E-01  3.92963171E-01  2.07268167E-03
1.39303897E-01  4.04254854E-01  2.06080894E-03
1.39602512E-01  4.13855314E-01  2.12541129E-03
1.39901127E-01  4.29282904E-01  2.16129771E-03
1.40199742E-01  4.45992917E-01  2.19275663E-03
1.40498357E-01  4.49710160E-01  2.22514290E-03
1.40796972E-01  4.60427314E-01  2.22198013E-03
1.41095587E-01  4.70519781E-01  2.27873982E-03
1.41394202E-01  4.77975726E-01  2.28237174E-03
1.41692817E-01  4.84537929E-01  2.31244159E-03
1.41991432E-01  4.91845012E-01  2.32981564E-03
1.42290047E-01  4.98270184E-01  2.32851785E-03
1.42588662E-01  4.95741159E-01  2.35392968E-03
1.42887277E-01  5.01103878E-01  2.35350826E-03
1.43185892E-01  4.99770850E-01  2.34298757E-03
1.43484507E-01  5.00243843E-01  2.36271811E-03
1.43783122E-01  5.03168046E-01  2.35002115E-03
1.44081737E-01  4.97963220E-01  2.34520738E-03
1.44380352E-01  4.97418374E-01  2.32474017E-03
1.44678967E-01  4.97092307E-01  2.29825196E-03
1.44977582E-01  4.90976453E-01  2.32962519E-03
1.45276197E-01  4.87036884E-01  2.28620553E-03
1.45574812E-01  4.92212772E-01  2.32522725E-03
1.45873427E-01  4.85153675E-01  2.25513871E-03
1.46172042E-01  4.83758658E-01  2.26809504E-03
1.46470657E-01  4.81490552E-01  2.28990614E-03
1.46769272E-01  4.75838840E-01  2.24945811E-03
1.47067887E-01  4.72886503E-01  2.23737722E-03
1.47366502E-01  4.71081734E-01  2.22220714E-03
1.47665117E-01  4.69039500E-01  2.22071749E-03
1.47963732E-01  4.60784793E-01  2.22632522E-03
1.48262347E-01  4.58975494E-01  2.19842186E-03
1.48560962E-01  4.53011215E-01  2.18738825E-03
1.48859577E-01  4.45955068E-01  2.14139302E-03
1.49158192E-01  4.40316021E-01  2.17215647E-03
1.49456807E-01  4.29888070E-01  2.12125573E-03
1.49755422E-01  4.28056300E-01  2.11121491E-03
1.50054037E-01  4.17331785E-01  2.09791283E-03
1.50352652E-01  4.06886667E-01  2.04545748E-03
1.50651267E-01  3.96223158E-01  2.04726169E-03
1.50949882E-01  3.82084697E-01  1.97923533E-03
1.51248497E-01  3.70274156E-01  1.95775297E-03
1.51547112E-01  3.59517068E-01  1.96278747E-03
1.51845727E-01  3.39577079E-01  1.85237953E-03
1.52144342E-01  3.24399322E-01  1.85525592E-03
1.52442957E-01  3.12365741E-01  1.76644232E-03
1.52741572E-01  2.99222887E-01  1.75410567E-03
1.53040187E-01  2.82980293E-01  1.73015974E-03
1.53338802E-01  2.69076347E-01  1.65310991E-03
1.53637417E-01  2.52974510E-01  1.62243168E-03
1.53936032E-01  2.40838945E-01  1.56001316E-03
1.54234647E-01  2.31373295E-01  1.53237430E-03
1.54533262E-01  2.18659416E-01  1.51289697E-03
1.54831877E-01  2.09655121E-01  1.46080728E-03
1.55130492E-01  2.04356864E-01  1.44433533E-03
1.55429107E-01  1.98025912E-01  1.41407398E-03
1.55727722E-01  1.88995138E-01  1.39511155E-03
1.56026337E-01  1.83345914E-01  1.36608654E-03
1.56324952E-01  1.82356387E-01  1.35796005E-03
1.56623567E-01  1.77587420E-01  1.35535270E-03
1.56922182E-01  1.77823469E-01  1.33664079E-03
1.57220797E-01  1.76565900E-01  1.34995696E-03
1.57519412E-01  1.78137779E-01  1.33926817E-03
1.57818027E-01  1.78616300E-01  1.34010392E-03
1.58116642E-01  1.78040460E-01  1.35608797E-03
1.58415257E-01  1.80598021E-01  1.34752132E-03
1.58713872E-01  1.85060561E-01  1.37699058E-03
1.59012487E-01  1.86764270E-01  1.36349711E-03
1.59311102E-01  1.87651932E-01  1.38761802E-03
1.59609717E-01  1.95830017E-01  1.42013980E-03
1.59908332E-01  1.98617250E-01  1.39718945E-03
1.60206947E-01  2.00786889E-01  1.41882035E-03
1.60505562E-01  2.08627656E-01  1.44625967E-03
1.60804177E-01  2.07300484E-01  1.44010771E-03
1.61102792E-01  2.11303815E-01  1.45446870E-03
1.61401407E-01  2.16687635E-01  1.46712281E-03
1.61700022E-01  2.22404346E-01  1.48424669E-03
1.61998637E-01  2.24089533E-01  1.49303465E-03
1.62297252E-01  2.29433045E-01  1.51776092E-03
1.62595867E-01  2.31160343E-01  1.52237399E-03
1.62894482E-01  2.34547347E-01  1.51620933E-03
1.63193097E-01  2.37162292E-01  1.54701038E-03
1.63491712E-01  2.38740355E-01  1.52650278E-03
1.63790327E-01  2.39823669E-01  1.55399111E-03
1.64088942E-01  2.40978181E-01  1.53151038E-03
1.64387557E-01  2.44070530E-01  1.55323511E-03
1.64686172E-01  2.43245900E-01  1.56900182E-03
1.64984787E-01  2.47216001E-01  1.55337434E-03
1.65283402E-01  2.46405438E-01  1.56065379E-03
1.65582017E-01  2.45895773E-01  1.54599466E-03
1.65880632E-01  2.46982694E-01  1.55590649E-03
1.66179247E-01  2.46135131E-01  1.56589854E-03
1.66477862E-01  2.44030014E-01  1.53745816E-03
1.66776477E-01  2.46907651E-01  1.56005297E-03
1.67075092E-01  2.43838146E-01  1.55361358E-03
1.67373707E-01  2.45650828E-01  1.55444082E-03
1.67672322E-01  2.44854957E-01  1.55083346E-03
1.67970937E-01  2.42596865E-01  1.52924855E-03
1.68269552E-01  2.42270783E-01  1.54047215E-03
1.68568167E-01  2.40409538E-01  1.51920784E-03
1.68866782E-01  2.39356264E-01  1.53819541E-03
1.69165397E-01  2.40026593E-01  1.52852177E-03
1.69464012E-01  2.41289899E-01  1.52303861E-03
1.69762627E-01  2.35616967E-01  1.51494751E-03
1.70061242E-01  2.34763220E-01  1.50696828E-03
1.70359857E-01  2.35263571E-01  1.52607763E-03
1.70658472E-01  2.34930128E-01  1.49770756E-03
1.70957087E-01  2.33291745E-01  1.49810931E-03
1.71255702E-01  2.32576147E-01  1.51413423E-03
1.71554317E-01  2.29349464E-01  1.46982656E-03
1.71852932E-01  2.26299882E-01  1.47854746E-03
1.72151547E-01  2.24432901E-01  1.46738335E-03
1.72450162E-01  2.20599011E-01  1.45830074E-03
1.72748777E-01  2.21552089E-01  1.46498531E-03
1.73047392E-01  2.17061952E-01  1.44358724E-03
1.73346007E-01  2.14649692E-01  1.43801339E-03
1.73644622E-01  2.07783237E-01  1.40806101E-03
1.73943237E-01  2.03886658E-01  1.39527349E-03
1.74241852E-01  2.00147837E-01  1.39098917E-03
1.74540467E-01  1.93804204E-01  1.35161076E-03
1.74839082E-01  1.88022256E-01  1.34773459E-03
1.75137697E-01  1.82799891E-01  1.31623168E-03
1.75436312E-01  1.79191649E-01  1.31164223E-03
1.75734927E-01  1.68596685E-01  1.25685497E-03
1.76033542E-01  1.64010301E-01  1.24339457E-03
1.76332157E-01  1.58857629E-01  1.24225102E-03
1.76630772E-01  1.50999978E-01  1.18986180E-03
1.76929387E-01  1.45213708E-01  1.18483580E-03
1.77228002E-01  1.38402879E-01  1.13460224E-03
1.77526617E-01  1.33858442E-01  1.12406735E-03
1.77825232E-01  1.27450004E-01  1.10054866E-03
1.78123847E-01  1.19586192E-01  1.06174126E-03
1.78422462E-01  1.15985587E-01  1.04563683E-03
1.78721077E-01  1.10927530E-01  1.02535007E-03
1.79019692E-01  1.04354613E-01  9.94846574E-04
1.79318307E-01  1.00971088E-01  9.78918746E-04
1.79616922E-01  9.66927707E-02  9.43669700E-04
1.79915537E-01  9.63742211E-02  9.54761927E-04
1.80214152E-01  9.06857923E-02  9.18128237E-04
1.80512767E-01  8.78724754E-02  9.12914576E-04
1.80811382E-01  8.47483054E-02  8.94120662E-04
1.81109997E-01  7.91516677E-02  8.56056518E-04
1.81408612E-01  7.90727958E-02  8.64248083E-04
1.81707227E-01  7.71676823E-02  8.48919677E-04
1.82005842E-01  7.76161999E-02  8.51384539E-04
1.82304457E-01  7.43544102E-02  8.28618882E-04
1.82603072E-01  7.15235770E-02  8.16200569E-04
1.82901687E-01  7.12904036E-02  8.20623420E-04
1.83200302E-01  6.78070858E-02  7.93133106E-04
1.83498917E-01  6.72171116E-02  7.86555174E-04
1.83797532E-01  6.73181787E-02  7.85856973E-04
1.84096147E-01  6.62403330E-02  7.86793244E-04
1.84394762E-01  6.40900657E-02  7.75213703E-04
1.84693377E-01  6.34047315E-02  7.65692850E-04
1.84991992E-01  6.32691011E-02  7.68948637E-04
1.85290607E-01  6.15910403E-02  7.48996797E-04
1.85589222E-01  5.99998906E-02  7.44608056E-04
1.85887837E-01  6.05735555E-02  7.45948113E-04
1.86186452E-01  5.95676005E-02  7.38277449E-04
1.86485067E-01  5.90969287E-02  7.39231589E-04
1.86783682E-01  5.86467795E-02  7.34232890E-04
1.87082297E-01  5.84750660E-02  7.36307644E-04
1.87380912E-01  5.65853901E-02  7.19564268E-04
1.87679527E-01  5.66297770E-02  7.13808113E-04
1.87978142E-01  5.63874990E-02  7.21140881E-04
1.88276757E-01  5.65419719E-02  7.20469921E-04
1.88575372E-01  5.54833598E-02  7.15810049E-04
1.88873987E-01  5.59915826E-02  7.14617956E-04
1.89172602E-01  5.47830872E-02  7.02983059E-04
1.89471217E-01  5.45909777E-02  7.07008934E-04
1.89769832E-01  5.45101054E-02  7.08341715E-04
1.90068447E-01  5.29061630E-02  6.87963853E-04
1.90367062E-01  5.43336235E-02  7.03734928E-04
1.90665677E-01  5.31436652E-02  6.94406684E-04
1.90964292E-01  5.23324236E-02  6.87751512E-04
1.91262907E-01  5.20918965E-02  6.89067936E-04
1.91561522E-01  5.15933186E-02  6.77219999E-04
1.91860137E-01  5.19658700E-02  6.88909378E-04
1.92158752E-01  5.18812053E-02  6.84784784E-04
1.92457367E-01  5.21063209E-02  6.87157793E-04
1.92755982E-01  5.08899018E-02  6.76251657E-04
1.93054597E-01  4.94528264E-02  6.67064392E-04
1.93353212E-01  5.14256433E-02  6.76770404E-04
1.93651827E-01  5.16187735E-02  6.85272040E-04
1.93950442E-01  5.06320819E-02  6.74974406E-04
1.94249057E-01  5.03433682E-02  6.68340246E-04
1.94547672E-01  4.97155376E-02  6.69269881E-04
1.94846287E-01  4.90129143E-02  6.63245679E-04
1.95144902E-01  5.05149253E-02  6.77031872E-04
1.95443517E-01  4.86390255E-02  6.50372938E-04
1.95742132E-01  4.90133874E-02  6.61980535E-04
1.96040747E-01  4.86994609E-02  6.61125989E-04
1.96339362E-01  4.91084643E-02  6.65392145E-04
1.96637977E-01  4.93673645E-02  6.60584483E-04
1.96936592E-01  4.88986522E-02  6.58690929E-04
1.97235207E-01  4.80715632E-02  6.55385957E-04
1.97533822E-01  4.72098254E-02  6.47013541E-04
1.97832437E-01  4.76625897E-02  6.52178307E-04
1.98131052E-01  4.86261919E-02  6.55199110E-04
1.98429667E-01  4.83381823E-02  6.53875759E-04
1.98728282E-01  4.82806973E-02  6.55561860E-04
1.99026897E-01  4.86503467E-02  6.53923780E-04
1.99325512E-01  4.80821803E-02  6.52145420E-04
1.99624127E-01  4.86000516E-02  6.55442127E-04
1.99922742E-01  4.75714244E-02  6.47245208E-04
2.00221357E-01  4.76976708E-02  6.51804614E-04
2.00519972E-01  4.71478142E-02  6.41541090E-04
2.00818587E-01  4.63106334E-02  6.35227188E-04
2.01117202E-01  4.73372303E-02  6.48516056E-04
2.01415817E-01  4.82675470E-02  6.48310117E-04
2.01714432E-01  4.81860377E-02  6.50806178E-04
2.02013047E-01  4.84587811E-02  6.49999827E-04
2.02311662E-01  4.76150364E-02  6.46941015E-04
2.02610277E-01  4.84739356E-02  6.54396252E-04
2.02908892E-01  4.76774909E-02  6.41950057E-04
2.03207507E-01  4.83596139E-02  6.49136957E-04
2.03506122E-01  4.82792780E-02  6.47592067E-04
2.03804737E-01  4.83172536E-02  6.48451562E-04
2.04103352E-01  4.76913452E-02  6.46250322E-04
2.04401967E-01  4.86120135E-02  6.51644950E-04
2.04700582E-01  4.87993062E-02  6.47271692E-04
2.04999197E-01  5.00026271E-02  6.57019962E-04
2.05297812E-01  4.95072752E-02  6.60096994E-04
2.05596427E-01  4.88932729E-02  6.50696806E-04
2.05895042E-01  4.96500209E-02  6.57342316E-04
2.06193657E-01  5.00500239E-02  6.55720942E-04
2.06492272E-01  4.97820005E-02  6.53163122E-04
2.06790887E-01  5.10964654E-02  6.69143628E-04
2.07089502E-01  5.15116379E-02  6.60785881E-04
2.07388117E-01  5.20206392E-02  6.72649476E-04
2.07686732E-01  5.25704883E-02  6.73482660E-04
2.07985347E-01  5.22767678E-02  6.69335423E-04
2.08283962E-01  5.36451340E-02  6.79706107E-04
2.08582577E-01  5.29990010E-02  6.70873444E-04
2.08881192E-01  5.21745086E-02  6.68684137E-04
2.09179807E-01  5.34192510E-02  6.79742079E-04
2.09478422E-01  5.44855669E-02  6.78372104E-04
2.09777037E-01  5.60576282E-02  6.95255818E-04
2.10075652E-01  5.69793284E-02  6.94353716E-04
2.10374267E-01  5.53381704E-02  6.92919071E-04
2.10672882E-01  5.61444797E-02  6.95798080E-04
2.10971497E-01  5.74674718E-02  6.92529953E-04
2.11270112E-01  5.76767400E-02  7.04580976E-04
2.11568727E-01  5.85872270E-02  7.02816236E-04
2.11867342E-01  5.84129766E-02  7.08413485E-04
2.12165957E-01  5.80842905E-02  7.00217439E-04
2.12464572E-01  5.91340326E-02  7.05879938E-04
2.12763187E-01  6.05598725E-02  7.17804127E-04
2.13061802E-01  5.94053417E-02  7.10283348E-04
2.13360417E-01  5.90454340E-02  7.10720487E-04
2.13659032E-01  5.99203520E-02  7.08434789E-04
2.13957647E-01  6.09542392E-02  7.15378032E-04
2.14256262E-01  6.02876097E-02  7.14677502E-04
2.14554877E-01  5.95754944E-02  7.06186111E-04
2.14853492E-01  6.14251085E-02  7.18139927E-04
2.15152107E-01  5.99633716E-02  7.08695792E-04
2.15450722E-01  6.19655661E-02  7.27648323E-04
2.15749337E-01  5.97684756E-02  7.09671236E-04
2.16047952E-01  6.08322807E-02  7.13602756E-04
2.16346567E-01  6.10645637E-02  7.15392991E-04
2.16645182E-01  6.13726974E-02  7.13154091E-04
2.16943797E-01  6.00233749E-02  7.09058426E-04
2.17242412E-01  6.00515231E-02  7.13938498E-04
2.17541027E-01  5.90052232E-02  6.96593663E-04
2.17839642E-01  5.93385585E-02  7.10552267E-04
2.18138257E-01  5.97819090E-02  6.99934084E-04
2.18436872E-01  5.85389137E-02  6.99823839E-04
2.18735487E-01  5.85800819E-02  6.96543313E-04
2.19034102E-01  5.81272766E-02  6.94258080E-04
2.19332717E-01  5.82645163E-02  6.99650089E-04
2.19631332E-01  5.71879484E-02  6.90265035E-04
2.19929947E-01  5.61705604E-02  6.81468809E-04
2.20228562E-01  5.59316054E-02  6.77821925E-04
2.20527177E-01  5.80146722E-02  6.94003073E-04
2.20825792E-01  5.65882809E-02  6.86233747E-04
2.21124407E-01  5.60308881E-02  6.80827361E-04
2.21423022E-01  5.53303808E-02  6.75363699E-04
2.21721637E-01  5.43646961E-02  6.68070628E-04
2.22020252E-01  5.45217730E-02  6.68840366E-04
2.22318867E-01  5.33719398E-02  6.66057400E-04
2.22617482E-01  5.43673635E-02  6.64401450E-04
2.22916097E-01  5.40052094E-02  6.71195914E-04
2.23214712E-01  5.32131456E-02  6.59419398E-04
2.23513327E-01  5.20238206E-02  6.56429154E-04
2.23811942E-01  5.18063717E-02  6.51407754E-04
2.24110557E-01  5.13371304E-02  6.45813940E-04
2.24409172E-01  5.10758348E-02  6.49082649E-04
2.24707787E-01  5.08629158E-02  6.41525723E-04
2.25006402E-01  4.98298854E-02  6.42445055E-04
2.25305017E-01  4.92901616E-02  6.27556525E-04
2.25603632E-01  4.90925238E-02  6.35053148E-04
2.25902247E-01  4.90599424E-02  6.35589648E-04
2.26200862E-01  4.79563028E-02  6.24920707E-04
2.26499477E-01  4.84491065E-02  6.25944929E-04
2.26798092E-01  4.83407229E-02  6.28703565E-04
2.27096707E-01  4.70751189E-02  6.19516708E-04
2.27395322E-01  4.69166860E-02  6.20827894E-04
2.27693937E-01  4.58749235E-02  6.06300018E-04
2.27992552E-01  4.62083556E-02  6.10600167E-04
2.28291167E-01  4.56637517E-02  6.06643152E-04
2.28589782E-01  4.51747701E-02  6.08307542E-04
2.28888397E-01  4.51041684E-02  6.05711655E-04
2.29187012E-01  4.50452939E-02  6.00283849E-04
2.29485627E-01  4.37705331E-02  5.93939156E-04
2.29784242E-01  4.34778556E-02  5.94694982E-04
2.30082857E-01  4.26802114E-02  5.85319824E-04
2.30381472E-01  4.17663157E-02  5.77862607E-04
2.30680087E-01  4.26813141E-02  5.85665519E-04
2.30978702E-01  4.27457802E-02  5.86108828E-04
2.31277317E-01  4.11446840E-02  5.75689483E-04
2.31575932E-01  4.16283756E-02  5.78898238E-04
2.31874547E-01  4.05564532E-02  5.67015202E-04
2.32173162E-01  4.05984037E-02  5.70058357E-04
2.32471777E-01  4.05848101E-02  5.71107492E-04
2.32770392E-01  4.14169282E-02  5.74957870E-04
2.33069007E-01  3.97036746E-02  5.62621106E-04
2.33367622E-01  4.01403233E-02  5.63626294E-04
2.33666237E-01  3.87394167E-02  5.58457687E-04
2.33964852E-01  3.88611145E-02  5.55045495E-04
2.34263467E-01  3.91545966E-02  5.57138585E-04
2.34562082E-01  3.85663547E-02  5.54352358E-04
2.34860697E-01  3.79985683E-02  5.49321063E-04
2.35159312E-01  3.90959159E-02  5.57830441E-04
2.35457927E-01  3.80249582E-02  5.47192525E-04
2.35756542E-01  3.77750918E-02  5.43259433E-04
2.36055157E-01  3.77188176E-02  5.47455042E-04
2.36353772E-01  3.81942987E-02  5.50427823E-04
2.36652387E-01  3.76636498E-02  5.49556222E-04
2.36951002E-01  3.76270115E-02  5.39347995E-04
2.37249617E-01  3.74948606E-02  5.46918774E-04
2.37548232E-01  3.74884978E-02  5.44398907E-04
2.37846847E-01  3.70323248E-02  5.39254863E-04
2.38145462E-01  3.79423872E-02  5.45383489E-04
2.38444077E-01  3.85923088E-02  5.46379015E-04
2.38742692E-01  3.87086943E-02  5.56340907E-04
2.39041307E-01  3.82972211E-02  5.48391719E-04
2.39339922E-01  3.89377177E-02  5.51877951E-04
2.39638537E-01  3.95046622E-02  5.56348532E-04
2.39937152E-01  3.87085378E-02  5.49181597E-04
2.40235767E-01  3.90648730E-02  5.55580773E-04
2.40534382E-01  3.99376191E-02  5.58145228E-04
2.40832997E-01  4.00014222E-02  5.57352090E-04
2.41131612E-01  3.90774459E-02  5.53802704E-04
2.41430227E-01  4.04848903E-02  5.59010834E-04
2.41728842E-01  3.89890745E-02  5.54110622E-04
2.42027457E-01  3.94831821E-02  5.50238183E-04
2.42326072E-01  3.98577899E-02  5.54973900E-04
2.42624687E-01  3.99424620E-02  5.60848042E-04
2.42923302E-01  4.06674743E-02  5.62605564E-04
2.43221917E-01  4.07922082E-02  5.58221538E-04
2.43520532E-01  4.01968248E-02  5.56414074E-04
2.43819147E-01  4.05488499E-02  5.59307809E-04
2.44117762E-01  4.01067026E-02  5.58873289E-04
2.44416377E-01  4.05824706E-02  5.63591078E-04
2.44714992E-01  4.15351652E-02  5.62674890E-04
2.45013607E-01  4.00226749E-02  5.58136031E-04
2.45312222E-01  4.03777435E-02  5.57212741E-04
2.45610837E-01  4.10718769E-02  5.63687237E-04
2.45909452E-01  4.12883796E-02  5.59485750E-04
2.46208067E-01  4.10913453E-02  5.62736765E-04
2.46506682E-01  4.05355245E-02  5.57693420E-04
2.46805297E-01  4.04881649E-02  5.61848108E-04
2.47103912E-01  4.15607616E-02  5.62093977E-04
2.47402527E-01  4.08539437E-02  5.57294989E-04
2.47701142E-01  4.08860520E-02  5.60872839E-04
2.47999757E-01  4.14411761E-02  5.64204238E-04
2.48298372E-01  4.03465405E-02  5.59936743E-04
2.48596987E-01  4.07987274E-02  5.52445010E-04
2.48895602E-01  4.01822515E-02  5.52101934E-04
2.49194217E-01  4.03608680E-02  5.53929014E-04
2.49492832E-01  3.98586318E-02  5.51521371E-04
2.49791447E-01  3.95029858E-02  5.50407276E-04
2.50090062E-01  3.98323797E-02  5.48955402E-04
2.50388677E-01  3.89111079E-02  5.46420284E-04
2.50687292E-01  4.07847874E-02  5.57441846E-04
2.50985907E-01  4.04676199E-02  5.52127836E-04
2.51284522E-01  3.88235413E-02  5.44172071E-04
2.51583137E-01  3.96670252E-02  5.46054624E-04
2.51881752E-01  3.98438387E-02  5.49635501E-04
2.52180367E-01  4.00790609E-02  5.51256759E-04
2.52478982E-01  3.90463471E-02  5.42205817E-04
2.52777597E-01  3.88765261E-02  5.42047026E-04
2.53076212E-01  3.87766920E-02  5.41497837E-04
2.53374827E-01  3.91681753E-02  5.45848219E-04
2.53673442E-01  3.86703238E-02  5.35437779E-04
2.53972057E-01  3.77348028E-02  5.33171056E-04
2.54270672E-01  3.79706956E-02  5.34692488E-04
2.54569287E-01  3.78953852E-02  5.36619744E-04
2.54867902E-01  3.76745462E-02  5.32319653E-04
2.55166517E-01  3.73589136E-02  5.26704534E-04
2.55465132E-01  3.85680012E-02  5.38163993E-04
2.55763747E-01  3.72989811E-02  5.29663346E-04
2.56062362E-01  3.78354341E-02  5.33316750E-04
2.56360977E-01  3.75574082E-02  5.27827069E-04
2.56659592E-01  3.74262147E-02  5.25516458E-04
2.56958207E-01  3.67347300E-02  5.24942589E-04
2.57256822E-01  3.61162908E-02  5.19672292E-04
2.57555437E-01  3.62987071E-02  5.18500048E-04
2.57854052E-01  3.69709693E-02  5.24529605E-04
2.58152667E-01  3.51374410E-02  5.13133127E-04
2.58451282E-01  3.61910760E-02  5.20910195E-04
2.58749897E-01  3.50034125E-02  5.07562421E-04
2.59048512E-01  3.58607955E-02  5.14824875E-04
2.59347127E-01  3.67903709E-02  5.21181151E-04
2.59645742E-01  3.48282419E-02  5.09651261E-04
2.59944357E-01  3.40122283E-02  5.04452619E-04
2.60242972E-01  3.40014286E-02  4.98032430E-04
2.60541587E-01  3.52047123E-02  5.11450111E-04
2.60840202E-01  3.38957421E-02  5.00527734E-04
2.61138817E-01  3.39301452E-02  5.02241834E-04
2.61437432E-01  3.38012688E-02  4.99568589E-04
2.61736047E-01  3.36843096E-02  4.96486202E-04
2.62034662E-01  3.28738168E-02  4.92799387E-04
2.62333277E-01  3.27729322E-02  4.91784594E-04
2.62631892E-01  3.19600441E-02  4.82859468E-04
2.62930507E-01  3.23221311E-02  4.85841098E-04
2.63229122E-01  3.09087373E-02  4.75969864E-04
2.63527737E-01  3.18065397E-02  4.85893397E-04
2.63826352E-01  3.12529989E-02  4.77492926E-04
2.64124967E-01  3.04068867E-02  4.70986124E-04
2.64423582E-01  3.04034427E-02  4.71328734E-04
2.64722197E-01  3.07404120E-02  4.72092128E-04
2.65020812E-01  3.06987893E-02  4.76480229E-04
2.65319427E-01  3.05425432E-02  4.68998071E-04
2.65618042E-01  2.92277932E-02  4.63582954E-04
2.65916657E-01  2.96271220E-02  4.64914367E-04
2.66215272E-01  2.90045999E-02  4.59407660E-04
2.66513887E-01  2.90499851E-02  4.60126525E-04
2.66812502E-01  2.88935825E-02  4.56050242E-04
2.67111117E-01  2.78621297E-02  4.50857711E-04
2.67409732E-01  2.83421539E-02  4.53547022E-04
2.67708347E-01  2.78263390E-02  4.50101768E-04
2.68006962E-01  2.72174329E-02  4.44458827E-04
2.68305577E-01  2.73888167E-02  4.44363744E-04
2.68604192E-01  2.76247729E-02  4.47427097E-04
2.68902807E-01  2.69681904E-02  4.41508600E-04
2.69201422E-01  2.77515557E-02  4.45811718E-04
2.69500037E-01  2.63846610E-02  4.36482922E-04
2.69798652E-01  2.71150321E-02  4.42256220E-04
2.70097267E-01  2.56344285E-02  4.32806555E-04
2.70395882E-01  2.71385852E-02  4.38518415E-04
2.70694497E-01  2.63453145E-02  4.35712776E-04
2.70993112E-01  2.59126555E-02  4.32900939E-04
2.71291727E-01  2.57355291E-02  4.31086344E-04
2.71590342E-01  2.57310197E-02  4.32164292E-04
2.71888957E-01  2.56406385E-02  4.25926555E-04
2.72187572E-01  2.56842542E-02  4.28786152E-04
2.72486187E-01  2.56078411E-02  4.28586878E-04
2.72784802E-01  2.63470653E-02  4.35622613E-04
2.73083417E-01  2.56471541E-02  4.25448234E-04
2.73382032E-01  2.55122241E-02  4.26807266E-04
2.73680647E-01  2.53953375E-02  4.27795341E-04
2.73979262E-01  2.58206315E-02  4.29272040E-04
2.74277877E-01  2.50103828E-02  4.20773635E-04
2.74576492E-01  2.55267639E-02  4.25741833E-04
2.74875107E-01  2.53400989E-02  4.25478589E-04
2.75173722E-01  2.54322849E-02  4.26906103E-04
2.75472337E-01  2.60362942E-02  4.27169027E-04
2.75770952E-01  2.53833346E-02  4.25844541E-04
2.76069567E-01  2.55121738E-02  4.22744022E-04
2.76368182E-01  2.46593636E-02  4.21235338E-04
2.76666797E-01  2.56515462E-02  4.28419240E-04
2.76965412E-01  2.56702024E-02  4.23736870E-04
2.77264027E-01  2.57468540E-02  4.27690975E-04
2.77562642E-01  2.48863399E-02  4.16803407E-04
2.77861257E-01  2.51267366E-02  4.24234808E-04
2.78159872E-01  2.59089600E-02  4.24965518E-04
2.78458487E-01  2.54155602E-02  4.22479236E-04
2.78757102E-01  2.50278711E-02  4.22324869E-04
2.79055717E-01  2.50220019E-02  4.19723539E-04
2.79354332E-01  2.58680806E-02  4.26654617E-04
2.79652947E-01  2.54869275E-02  4.23607067E-04
2.79951562E-01  2.62765996E-02  4.26599639E-04
2.80250177E-01  2.55420823E-02  4.25997307E-04
2.80548792E-01  2.58470364E-02  4.25844424E-04
2.80847407E-01  2.58077662E-02  4.23933496E-04
2.81146022E-01  2.59293783E-02  4.26737941E-04
2.81444637E-01  2.54389178E-02  4.23746620E-04
2.81743252E-01  2.46632434E-02  4.15462913E-04
2.82041867E-01  2.56086271E-02  4.19700780E-04
2.82340482E-01  2.58554518E-02  4.25175938E-04
2.82639097E-01  2.48525813E-02  4.17057716E-04
2.82937712E-01  2.64469869E-02  4.29479114E-04
2.83236327E-01  2.52711903E-02  4.19615884E-04
2.83534942E-01  2.56434921E-02  4.20611235E-04
2.83833557E-01  2.61046737E-02  4.26799990E-04
2.84132172E-01  2.64174826E-02  4.28604544E-04
2.84430787E-01  2.50794776E-02  4.19802673E-04
2.84729402E-01  2.53850147E-02  4.17157979E-04
2.85028017E-01  2.60116216E-02  4.24881320E-04
2.85326632E-01  2.55845804E-02  4.24118538E-04
2.85625247E-01  2.62953825E-02  4.23129561E-04
2.85923862E-01  2.53039394E-02  4.18547221E-04
2.86222477E-01  2.58276705E-02  4.22440527E-04
2.86521092E-01  2.50801146E-02  4.16385767E-04
2.86819707E-01  2.53822953E-02  4.21809760E-04
2.87118322E-01  2.63309237E-02  4.23317979E-04
2.87416937E-01  2.61296928E-02  4.23656660E-04
2.87715552E-01  2.61559691E-02  4.23249061E-04
2.88014167E-01  2.65743937E-02  4.29570180E-04
2.88312782E-01  2.56246347E-02  4.21095727E-04
2.88611397E-01  2.65932400E-02  4.23988473E-04
2.88910012E-01  2.66532451E-02  4.29891050E-04
2.89208627E-01  2.62696110E-02  4.24587954E-04
2.89507242E-01  2.71083415E-02  4.30997548E-04
2.89805857E-01  2.64145937E-02  4.23896883E-04
2.90104472E-01  2.58496851E-02  4.18731623E-04
2.90403087E-01  2.56081112E-02  4.21279517E-04
2.90701702E-01  2.58303322E-02  4.19797347E-04
2.91000317E-01  2.57971734E-02  4.18816198E-04
2.91298932E-01  2.65455227E-02  4.25778795E-04
2.91597547E-01  2.62125060E-02  4.23720339E-04
2.91896162E-01  2.62905508E-02  4.24041122E-04
2.92194777E-01  2.65078396E-02  4.24138998E-04
2.92493392E-01  2.71509662E-02  4.29670588E-04
2.92792007E-01  2.67331526E-02  4.26870742E-04
2.93090622E-01  2.58425027E-02  4.19496821E-04
2.93389237E-01  2.62597576E-02  4.22665733E-04
2.93687852E-01  2.66871471E-02  4.23126039E-04
2.93986467E-01  2.71439999E-02  4.29829553E-04
2.94285082E-01  2.66680885E-02  4.23890800E-04
2.94583697E-01  2.67431978E-02  4.27685911E-04
2.94882312E-01  2.64699440E-02  4.22721758E-04
2.95180927E-01  2.71233693E-02  4.25154169E-04
2.95479542E-01  2.65975837E-02  4.24868515E-04
2.95778157E-01  2.64337305E-02  4.21928271E-04
2.96076772E-01  2.64180563E-02  4.22108482E-04
2.96375387E-01  2.74447985E-02  4.29717649E-04
2.96674002E-01  2.63364036E-02  4.20750119E-04
2.96972617E-01  2.66206060E-02  4.25779843E-04
2.97271232E-01  2.68783960E-02  4.28045547E-04
2.97569847E-01  2.69729309E-02  4.29007370E-04
2.97868462E-01  2.69873720E-02  4.30381740E-04
2.98167077E-01  2.66374256E-02  4.29691776E-04
2.98465692E-01  2.72726491E-02  4.37497860E-04
2.98764307E-01  2.63066553E-02  4.25966340E-04
2.99062922E-01  2.78913137E-02  4.41331533E-04
2.99361537E-01  2.77920570E-02  4.41979733E-04
2.99660152E-01  2.70083603E-02  4.36471135E-04
2.99958767E-01  2.66402978E-02  4.33706242E-04
3.00257382E-01  2.74065286E-02  4.41123673E-04
3.00555997E-01  2.70668566E-02  4.38160932E-04
3.00854612E-01  2.65042372E-02  4.32927860E-04
3.01153227E-01  2.73007713E-02  4.42295393E-04
3.01451842E-01  2.74284128E-02  4.41304466E-04
3.01750457E-01  2.73487624E-02  4.45772108E-04
3.02049072E-01  2.60697212E-02  4.32101428E-04
3.02347687E-01  2.73759719E-02  4.51647851E-04
3.02646302E-01  2.70074010E-02  4.54307097E-04
3.02944917E-01  2.72525307E-02  4.56241105E-04
3.03243532E-01  2.71110795E-02  4.63725301E-04
3.03542147E-01  2.69329417E-02  4.62986791E-04
3.03840762E-01  2.69184504E-02  4.62600990E-04
3.04139377E-01  2.70277299E-02  4.69568360E-04
3.04437992E-01  2.73103882E-02  4.67819249E-04
3.04736607E-01  2.66238768E-02  4.69475868E-04
3.05035222E-01  2.73068380E-02  4.71579202E-04
3.05333837E-01  2.70328168E-02  4.72373620E-04
3.05632452E-01  2.71256063E-02  4.76990186E-04
3.05931067E-01  2.73094065E-02  4.76190064E-04
3.06229682E-01  2.66147293E-02  4.75187262E-04
3.06528297E-01  2.78489478E-02  4.81444033E-04
3.06826912E-01  2.67777834E-02  4.77946131E-04
3.07125527E-01  2.61116344E-02  4.73117601E-04
3.07424142E-01  2.65953895E-02  4.76898742E-04
3.07722757E-01  2.62419190E-02  4.77520603E-04
3.08021372E-01  2.64769141E-02  4.75692912E-04
3.08319987E-01  2.73677390E-02  4.79988055E-04
3.08618602E-01  2.64648497E-02  4.67398902E-04
3.08917217E-01  2.61836667E-02  4.57955204E-04
3.09215832E-01  2.68032253E-02  4.67363861E-04
3.09514447E-01  2.69525424E-02  4.61351126E-04
3.09813062E-01  2.68049333E-02  4.61127085E-04
3.10111677E-01  2.70206537E-02  4.60899319E-04
3.10410292E-01  2.68160924E-02  4.53469052E-04
3.10708907E-01  2.60416288E-02  4.51212196E-04
3.11007522E-01  2.67966855E-02  4.51337604E-04
3.11306137E-01  2.63515562E-02  4.53260523E-04
3.11604752E-01  2.60944162E-02  4.45749145E-04
3.11903367E-01  2.62507573E-02  4.46599093E-04
3.12201982E-01  2.50976160E-02  4.36562812E-04
3.12500597E-01  2.60459427E-02  4.40697710E-04
3.12799212E-01  2.71269716E-02  4.53504035E-04
3.13097827E-01  2.67436840E-02  4.47158760E-04
3.13396442E-01  2.56809965E-02  4.37603012E-04
3.13695057E-01  2.63650306E-02  4.45650367E-04
3.13993672E-01  2.63177194E-02  4.40776552E-04
3.14292287E-01  2.62790024E-02  4.41617129E-04
3.14590902E-01  2.63041686E-02  4.40549600E-04
3.14889517E-01  2.62010172E-02  4.39686177E-04
3.15188132E-01  2.52314322E-02  4.33993846E-04
3.15486747E-01  2.56404523E-02  4.31679451E-04
3.15785362E-01  2.59538945E-02  4.37266513E-04
3.16083977E-01  2.58984622E-02  4.33511566E-04
3.16382592E-01  2.60289963E-02  4.36984090E-04
3.16681207E-01  2.60033570E-02  4.34841175E-04
3.16979822E-01  2.67057773E-02  4.39992640E-04
3.17278437E-01  2.54853051E-02  4.31273453E-04
3.17577052E-01  2.56319419E-02  4.31169698E-04
3.17875667E-01  2.48702914E-02  4.30658431E-04
3.18174282E-01  2.57307719E-02  4.42059885E-04
3.18472897E-01  2.53666323E-02  4.45234240E-04
3.18771512E-01  2.67911088E-02  4.55791946E-04
3.19070127E-01  2.54087970E-02  4.47354600E-04
3.19368742E-01  2.51835659E-02  4.45744285E-04
3.19667357E-01  2.52894964E-02  4.47059370E-04
3.19965972E-01  2.54994035E-02  4.49927204E-04
3.20264587E-01  2.51637455E-02  4.48994804E-04
3.20563202E-01  2.55927127E-02  4.52419510E-04
3.20861817E-01  2.57997923E-02  4.55156609E-04
3.21160432E-01  2.48405449E-02  4.45216807E-04
3.21459047E-01  2.49418113E-02  4.50371706E-04
3.21757662E-01  2.55272128E-02  4.52749664E-04
3.22056277E-01  2.45998371E-02  4.44196718E-04
3.22354892E-01  2.48007923E-02  4.49883664E-04
3.22653507E-01  2.47648750E-02  4.48127539E-04
3.22952122E-01  2.50947680E-02  4.55066591E-04
3.23250737E-01  2.61112209E-02  4.55435948E-04
3.23549352E-01  2.48007774E-02  4.49366140E-04
3.23847967E-01  2.44827475E-02  4.48564475E-04
3.24146582E-01  2.51491871E-02  4.53304092E-04
3.24445197E-01  2.53749844E-02  4.55601257E-04
3.24743812E-01  2.55475193E-02  4.56351263E-04
3.25042427E-01  2.44283043E-02  4.50986205E-04
3.25341042E-01  2.54463926E-02  4.55053319E-04
3.25639657E-01  2.39198674E-02  4.43645666E-04
3.25938272E-01  2.49403231E-02  4.54211811E-04
3.26236887E-01  2.45740693E-02  4.47319122E-04
3.26535502E-01  2.44679097E-02  4.53109446E-04
3.26834117E-01  2.48842426E-02  4.51843691E-04
3.27132732E-01  2.53497194E-02  4.58335417E-04
3.27431347E-01  2.47267876E-02  4.53340181E-04
3.27729962E-01  2.47582253E-02  4.51494852E-04
3.28028577E-01  2.41826456E-02  4.53460059E-04
3.28327192E-01  2.46154871E-02  4.46669233E-04
3.28625807E-01  2.48355120E-02  4.56100737E-04
3.28924422E-01  2.52745487E-02  4.59841394E-04
3.29223037E-01  2.45593227E-02  4.51409345E-04
3.29521652E-01  2.42116470E-02  4.49134619E-04
3.29820267E-01  2.48760227E-02  4.53643035E-04
3.30118882E-01  2.53041126E-02  4.62604978E-04
3.30417497E-01  2.57856436E-02  4.64474288E-04
3.30716112E-01  2.47543138E-02  4.52402513E-04
3.31014727E-01  2.43527498E-02  4.49514744E-04
3.31313342E-01  2.43707895E-02  4.48095409E-04
3.31611957E-01  2.44427249E-02  4.53577290E-04
3.31910572E-01  2.47929450E-02  4.53563232E-04
3.32209187E-01  2.37690881E-02  4.42143850E-04
3.32507802E-01  2.47902181E-02  4.56657144E-04
3.32806417E-01  2.47370768E-02  4.50137188E-04
3.33105032E-01  2.45257728E-02  4.52323380E-04
3.33403647E-01  2.40281094E-02  4.44812467E-04
3.33702262E-01  2.46665552E-02  4.50949301E-04
3.34000877E-01  2.42177881E-02  4.46567370E-04
3.34299492E-01  2.41763704E-02  4.47633793E-04
3.34598107E-01  2.44436059E-02  4.50501626E-04
3.34896722E-01  2.44072136E-02  4.45835700E-04
3.35195337E-01  2.46050488E-02  4.48552368E-04
3.35493952E-01  2.43823864E-02  4.49144543E-04
3.35792567E-01  2.47370191E-02  4.50808409E-04
3.36091182E-01  2.43401304E-02  4.47834609E-04
3.36389797E-01  2.47926116E-02  4.49218205E-04
3.36688412E-01  2.40991376E-02  4.45745623E-04
3.36987027E-01  2.47584321E-02  4.49041370E-04
3.37285642E-01  2.45180074E-02  4.48683655E-04
3.37584257E-01  2.41701044E-02  4.46143385E-04
3.37882872E-01  2.44186055E-02  4.46341728E-04
3.38181487E-01  2.49828715E-02  4.53186542E-04
3.38480102E-01  2.44120006E-02  4.41308890E-04
3.38778717E-01  2.43118387E-02  4.46408259E-04
3.39077332E-01  2.44562607E-02  4.45914047E-04
3.39375947E-01  2.49947980E-02  4.50667721E-04
3.39674562E-01  2.52763089E-02  4.56114358E-04
3.39973177E-01  2.43910775E-02  4.43400844E-04
3.40271792E-01  2.44052317E-02  4.46619873E-04
3.40570407E-01  2.43936945E-02  4.45737503E-04
3.40869022E-01  2.40334217E-02  4.39889322E-04
3.41167637E-01  2.48344112E-02  4.48578678E-04
3.41466252E-01  2.52335407E-02  4.49453859E-04
3.41764867E-01  2.46719997E-02  4.49847634E-04
3.42063482E-01  2.39174254E-02  4.39462572E-04
3.42362097E-01  2.45295651E-02  4.42639255E-04
3.42660712E-01  2.38376223E-02  4.40381555E-04
3.42959327E-01  2.45538391E-02  4.42357647E-04
3.43257942E-01  2.49525178E-02  4.50565014E-04
3.43556557E-01  2.42455229E-02  4.40827687E-04
3.43855172E-01  2.45161541E-02  4.43409139E-04
3.44153787E-01  2.48808358E-02  4.46441176E-04
3.44452402E-01  2.47683637E-02  4.44924721E-04
3.44751017E-01  2.53571346E-02  4.51083179E-04
3.45049632E-01  2.42440365E-02  4.36847215E-04
3.45348247E-01  2.47074589E-02  4.45269805E-04
3.45646862E-01  2.55397893E-02  4.50780150E-04
3.45945477E-01  2.45254654E-02  4.41989978E-04
3.46244092E-01  2.43747421E-02  4.35471593E-04
3.46542707E-01  2.50545219E-02  4.41871118E-04
3.46841322E-01  2.50737555E-02  4.45267797E-04
3.47139937E-01  2.45756600E-02  4.39341675E-04
3.47438552E-01  2.48754267E-02  4.38712537E-04
3.47737167E-01  2.50438284E-02  4.43757803E-04
3.48035782E-01  2.54294556E-02  4.43207566E-04
3.48334397E-01  2.50901338E-02  4.43673751E-04
3.48633012E-01  2.50432435E-02  4.37074166E-04
3.48931627E-01  2.51747631E-02  4.41594544E-04
3.49230242E-01  2.53847260E-02  4.44662292E-04
3.49528857E-01  2.53624767E-02  4.43118333E-04
3.49827472E-01  2.49885563E-02  4.40570700E-04
3.50126087E-01  2.52225678E-02  4.38404793E-04
3.50424702E-01  2.46139877E-02  4.36896458E-04
3.50723317E-01  2.46810243E-02  4.35690716E-04
3.51021932E-01  2.47420520E-02  4.37792449E-04
3.51320547E-01  2.54897159E-02  4.42047749E-04
3.51619162E-01  2.51423735E-02  4.38070972E-04
3.51917777E-01  2.44931206E-02  4.34272457E-04
3.52216392E-01  2.56575309E-02  4.43625788E-04
3.52515007E-01  2.47755460E-02  4.33924753E-04
3.52813622E-01  2.49808989E-02  4.35720722E-04
3.53112237E-01  2.49514244E-02  4.40258329E-04
3.53410852E-01  2.49851402E-02  4.39827447E-04
3.53709467E-01  2.54668090E-02  4.35600639E-04
3.54008082E-01  2.48090178E-02  4.34577640E-04
3.54306697E-01  2.49656644E-02  4.36185452E-04
3.54605312E-01  2.58343425E-02  4.46016726E-04
3.54903927E-01  2.60300692E-02  4.49061365E-04
3.55202542E-01  2.60637123E-02  4.39866475E-04
3.55501157E-01  2.53430903E-02  4.40433156E-04
3.55799772E-01  2.56110337E-02  4.40718810E-04
3.56098387E-01  2.46465188E-02  4.33396664E-04
3.56397002E-01  2.48957295E-02  4.35229362E-04
3.56695617E-01  2.44588777E-02  4.26680461E-04
3.56994232E-01  2.48351488E-02  4.37797949E-04
3.57292847E-01  2.48865094E-02  4.31197957E-04
3.57591462E-01  2.55883876E-02  4.39938449E-04
3.57890077E-01  2.48066783E-02  4.32353234E-04
3.58188692E-01  2.60663833E-02  4.41422831E-04
3.58487307E-01  2.57350728E-02  4.44567995E-04
3.58785922E-01  2.53869481E-02  4.33790672E-04
3.59084537E-01  2.48496626E-02  4.33431647E-04
3.59383152E-01  2.54217274E-02  4.36750444E-04
3.59681767E-01  2.56055109E-02  4.38679563E-04
3.59980382E-01  2.56656874E-02  4.43369383E-04
3.60278997E-01  2.49137823E-02  4.27708379E-04
3.60577612E-01  2.57110428E-02  4.41005599E-04
3.60876227E-01  2.60957479E-02  4.42746212E-04
3.61174842E-01  2.54596025E-02  4.34651563E-04
3.61473457E-01  2.58827358E-02  4.38249990E-04
3.61772072E-01  2.60118712E-02  4.40626085E-04
3.62070687E-01  2.62735859E-02  4.45571088E-04
3.62369302E-01  2.56143864E-02  4.36785165E-04
3.62667917E-01  2.49309819E-02  4.30806074E-04
3.62966532E-01  2.65784543E-02  4.43405559E-04
3.63265147E-01  2.52707656E-02  4.33964800E-04
3.63563762E-01  2.54036505E-02  4.35221213E-04
3.63862377E-01  2.52385344E-02  4.32202185E-04
3.64160992E-01  2.63016820E-02  4.41562035E-04
3.64459607E-01  2.61070263E-02  4.40158910E-04
3.64758222E-01  2.54912488E-02  4.34938382E-04
3.65056837E-01  2.51407176E-02  4.32625529E-04
3.65355452E-01  2.56902315E-02  4.33439971E-04
3.65654067E-01  2.52557117E-02  4.33386886E-04
3.65952682E-01  2.53411438E-02  4.30936925E-04
3.66251297E-01  2.56522018E-02  4.37939685E-04
3.66549912E-01  2.54926626E-02  4.32451896E-04
3.66848527E-01  2.57301554E-02  4.32210742E-04
3.67147142E-01  2.62219254E-02  4.42662684E-04
3.67445757E-01  2.60779541E-02  4.36822185E-04
3.67744372E-01  2.54203454E-02  4.32408851E-04
3.68042987E-01  2.54609212E-02  4.31851309E-04
3.68341602E-01  2.53556948E-02  4.31184366E-04
3.68640217E-01  2.55964529E-02  4.35278547E-04
3.68938832E-01  2.55293604E-02  4.29201289E-04
3.69237447E-01  2.53356285E-02  4.30905464E-04
3.69536062E-01  2.51638256E-02  4.27550811E-04
3.69834677E-01  2.48715077E-02  4.27613209E-04
3.70133292E-01  2.53410991E-02  4.32880857E-04
3.70431907E-01  2.62618214E-02  4.34986810E-04
3.70730522E-01  2.58980282E-02  4.35214897E-04
3.71029137E-01  2.48527918E-02  4.23921476E-04
3.71327752E-01  2.50286665E-02  4.27294552E-04
3.71626367E-01  2.55156346E-02  4.30985208E-04
3.71924982E-01  2.58977544E-02  4.33864596E-04
3.72223597E-01  2.54577715E-02  4.32295637E-04
3.72522212E-01  2.62982715E-02  4.34518966E-04
3.72820827E-01  2.54412852E-02  4.29362030E-04
3.73119442E-01  2.56430879E-02  4.31174209E-04
3.73418057E-01  2.52864715E-02  4.26082377E-04
3.73716672E-01  2.60563288E-02  4.37813316E-04
3.74015287E-01  2.54764669E-02  4.26268729E-04
3.74313902E-01  2.56168433E-02  4.29520296E-04
3.74612517E-01  2.60530971E-02  4.34278598E-04
3.74911132E-01  2.56554056E-02  4.30287851E-04
3.75209747E-01  2.60679200E-02  4.34404996E-04
3.75508362E-01  2.56804861E-02  4.28305648E-04
3.75806977E-01  2.53899954E-02  4.27402236E-04
3.76105592E-01  2.59380639E-02  4.31881374E-04
3.76404207E-01  2.52881702E-02  4.26656479E-04
3.76702822E-01  2.63044778E-02  4.33263398E-04
3.77001437E-01  2.54442580E-02  4.26446728E-04
3.77300052E-01  2.61912271E-02  4.35553608E-04
3.77598667E-01  2.63299420E-02  4.35696973E-04
3.77897282E-01  2.61499062E-02  4.31009888E-04
3.78195897E-01  2.56672539E-02  4.26368701E-04
3.78494512E-01  2.55230404E-02  4.27767111E-04
3.78793127E-01  2.53394637E-02  4.25467908E-04
3.79091742E-01  2.59911306E-02  4.30031563E-04
3.79390357E-01  2.59021353E-02  4.28970321E-04
3.79688972E-01  2.56725252E-02  4.27282386E-04
3.79987587E-01  2.59434357E-02  4.28773201E-04
3.80286202E-01  2.53130719E-02  4.24605998E-04
3.80584817E-01  2.47291997E-02  4.19681863E-04
3.80883432E-01  2.59787012E-02  4.28420870E-04
3.81182047E-01  2.56532878E-02  4.27021354E-04
3.81480662E-01  2.53606439E-02  4.24687605E-04
3.81779277E-01  2.57752761E-02  4.24719736E-04
3.82077892E-01  2.48133708E-02  4.20083175E-04
3.82376507E-01  2.62726638E-02  4.31279332E-04
3.82675122E-01  2.62948181E-02  4.32225759E-04
3.82973737E-01  2.51042545E-02  4.20630095E-04
3.83272352E-01  2.45445985E-02  4.13229805E-04
3.83570967E-01  2.56869607E-02  4.26343264E-04
3.83869582E-01  2.58282013E-02  4.26228828E-04
3.84168197E-01  2.62571219E-02  4.30618238E-04
3.84466812E-01  2.52490975E-02  4.20584693E-04
3.84765427E-01  2.60320660E-02  4.26526007E-04
3.85064042E-01  2.55882647E-02  4.26175247E-04
3.85362657E-01  2.54387744E-02  4.22165816E-04
3.85661272E-01  2.56551690E-02  4.21029370E-04
3.85959887E-01  2.50268932E-02  4.20101220E-04
3.86258502E-01  2.57117227E-02  4.22640995E-04
3.86557117E-01  2.57916115E-02  4.28848813E-04
3.86855732E-01  2.64248308E-02  4.27935971E-04
3.87154347E-01  2.53673773E-02  4.19080869E-04
3.87452962E-01  2.62909718E-02  4.30479267E-04
3.87751577E-01  2.50159558E-02  4.15148999E-04
3.88050192E-01  2.57485900E-02  4.26018640E-04
3.88348807E-01  2.56701242E-02  4.19415126E-04
3.88647422E-01  2.59161703E-02  4.24855243E-04
3.88946037E-01  2.67921332E-02  4.31122957E-04
3.89244652E-01  2.63622832E-02  4.28499246E-04
3.89543267E-01  2.59295609E-02  4.25074744E-04
3.89841882E-01  2.68690698E-02  4.29314794E-04
3.90140497E-01  2.53265984E-02  4.20942320E-04
3.90439112E-01  2.51803827E-02  4.18685639E-04
3.90737727E-01  2.52700541E-02  4.14932787E-04
3.91036342E-01  2.54639909E-02  4.21771954E-04
3.91334957E-01  2.49341615E-02  4.12769732E-04
3.91633572E-01  2.56336015E-02  4.22442652E-04
3.91932187E-01  2.58922335E-02  4.20525786E-04
3.92230802E-01  2.58245096E-02  4.21207311E-04
3.92529417E-01  2.59961616E-02  4.25424078E-04
3.92828032E-01  2.55276989E-02  4.17255214E-04
3.93126647E-01  2.61500515E-02  4.24377387E-04
3.93425262E-01  2.63413601E-02  4.24474332E-04
3.93723877E-01  2.56473292E-02  4.20900731E-04
3.94022492E-01  2.46510077E-02  4.12341848E-04
3.94321107E-01  2.50579827E-02  4.13405767E-04
3.94619722E-01  2.54648253E-02  4.16952214E-04
3.94918337E-01  2.52438728E-02  4.14838578E-04
3.95216952E-01  2.53178217E-02  4.16560302E-04
3.95515567E-01  2.47975159E-02  4.12661961E-04
3.95814182E-01  2.59501319E-02  4.18278563E-04
3.96112797E-01  2.61300001E-02  4.22884186E-04
3.96411412E-01  2.63968930E-02  4.24214144E-04
3.96710027E-01  2.58940514E-02  4.20666271E-04
3.97008642E-01  2.56786123E-02  4.16891358E-04
3.97307257E-01  2.58686189E-02  4.19038319E-04
3.97605872E-01  2.53791753E-02  4.16163908E-04
3.97904487E-01  2.61821114E-02  4.23727557E-04
3.98203102E-01  2.54183337E-02  4.12992405E-04
3.98501717E-01  2.50145700E-02  4.10682405E-04
3.98800332E-01  2.54914369E-02  4.15277958E-04
3.99098947E-01  2.54391301E-02  4.15253191E-04
3.99397562E-01  2.55520996E-02  4.17486764E-04
3.99696177E-01  2.57761218E-02  4.17594798E-04
3.99994792E-01  2.56147832E-02  4.15089948E-04
4.00293407E-01  2.56332234E-02  4.16538911E-04
4.00592022E-01  2.61186957E-02  4.19256365E-04
4.00890637E-01  2.51511838E-02  4.11320827E-04
4.01189252E-01  2.58015431E-02  4.16208059E-04
4.01487867E-01  2.55650375E-02  4.16090654E-04
4.01786482E-01  2.52484102E-02  4.12910857E-04
4.02085097E-01  2.49320790E-02  4.06813808E-04
4.02383712E-01  2.55860910E-02  4.17374133E-04
4.02682327E-01  2.55401284E-02  4.11456160E-04
4.02980942E-01  2.45755352E-02  4.07279585E-04
4.03279557E-01  2.53608413E-02  4.12058318E-04
4.03578172E-01  2.54702456E-02  4.10703593E-04
4.03876787E-01  2.56865174E-02  4.16088558E-04
4.04175402E-01  2.57619992E-02  4.13637288E-04
4.04474017E-01  2.52516177E-02  4.11863235E-04
4.04772632E-01  2.57468540E-02  4.13714210E-04
4.05071247E-01  2.48418599E-02  4.06861072E-04
4.05369862E-01  2.50807051E-02  4.12547291E-04
4.05668477E-01  2.53803860E-02  4.07405023E-04
4.05967092E-01  2.54979152E-02  4.12007648E-04
4.06265707E-01  2.52081286E-02  4.08983644E-04
4.06564322E-01  2.42089164E-02  4.00325138E-04
4.06862937E-01  2.46774312E-02  4.08240128E-04
4.07161552E-01  2.51043253E-02  4.06231615E-04
4.07460167E-01  2.44034659E-02  4.03266662E-04
4.07758782E-01  2.51813792E-02  4.06098465E-04
4.08057397E-01  2.47624107E-02  4.04692371E-04
4.08356012E-01  2.52236817E-02  4.09992121E-04
4.08654627E-01  2.42519286E-02  3.98537726E-04
4.08953242E-01  2.46327184E-02  4.05837840E-04
4.09251857E-01  2.50449982E-02  4.05856525E-04
4.09550472E-01  2.56808735E-02  4.11170389E-04
4.09849087E-01  2.48682890E-02  4.04804159E-04
4.10147702E-01  2.47403439E-02  4.01976577E-04
4.10446317E-01  2.43817028E-02  4.03292681E-04
4.10744932E-01  2.50350107E-02  4.06068080E-04
4.11043547E-01  2.37992443E-02  3.92532325E-04
4.11342162E-01  2.35884618E-02  3.94072558E-04
4.11640777E-01  2.35187542E-02  3.94230592E-04
4.11939392E-01  2.41127592E-02  3.99555342E-04
4.12238007E-01  2.41635218E-02  3.95804323E-04
4.12536622E-01  2.41494216E-02  3.97713331E-04
4.12835237E-01  2.42634434E-02  3.97174736E-04
4.13133852E-01  2.34074350E-02  3.91649955E-04
4.13432467E-01  2.36976221E-02  3.93704686E-04
4.13731082E-01  2.44152229E-02  3.98327335E-04
4.14029697E-01  2.41531655E-02  3.97936907E-04
4.14328312E-01  2.38598585E-02  3.94229748E-04
4.14626927E-01  2.33711824E-02  3.91262525E-04
4.14925542E-01  2.37692464E-02  3.91134177E-04
4.15224157E-01  2.34348215E-02  3.91069509E-04
4.15522772E-01  2.45196857E-02  4.00671997E-04
4.15821387E-01  2.39043143E-02  3.92878341E-04
4.16120002E-01  2.36880518E-02  3.91819165E-04
4.16418617E-01  2.36958154E-02  3.92700371E-04
4.16717232E-01  2.30379514E-02  3.86497122E-04
4.17015847E-01  2.36295629E-02  3.92790855E-04
4.17314462E-01  2.30457261E-02  3.82874307E-04
4.17613077E-01  2.27636565E-02  3.84282263E-04
4.17911692E-01  2.37005670E-02  3.90851637E-04
4.18210307E-01  2.38920860E-02  3.95248091E-04
4.18508922E-01  2.35412605E-02  3.88382934E-04
4.18807537E-01  2.35585812E-02  3.88615794E-04
4.19106152E-01  2.24985126E-02  3.82044789E-04
4.19404767E-01  2.37697605E-02  3.92419839E-04
4.19703382E-01  2.29590870E-02  3.82598315E-04
4.20001997E-01  2.26804148E-02  3.82007100E-04
4.20300612E-01  2.22091116E-02  3.76642100E-04
4.20599227E-01  2.35352665E-02  3.90845584E-04
4.20897842E-01  2.28546131E-02  3.82775499E-04
4.21196457E-01  2.35018991E-02  3.87101900E-04
4.21495072E-01  2.25872733E-02  3.81141785E-04
4.21793687E-01  2.27632336E-02  3.81405524E-04
4.22092302E-01  2.28464808E-02  3.84205137E-04
4.22390917E-01  2.29596291E-02  3.79614707E-04
4.22689532E-01  2.35099960E-02  3.89300229E-04
4.22988147E-01  2.32949108E-02  3.85053019E-04
4.23286762E-01  2.23719534E-02  3.79676785E-04
4.23585377E-01  2.22403184E-02  3.75983713E-04
4.23883992E-01  2.21566930E-02  3.74516472E-04
4.24182607E-01  2.22908817E-02  3.75819538E-04
4.24481222E-01  2.27437131E-02  3.81775782E-04
4.24779837E-01  2.21674014E-02  3.75287695E-04
4.25078452E-01  2.26795319E-02  3.78149794E-04
4.25377067E-01  2.29802430E-02  3.83323641E-04
4.25675682E-01  2.32580099E-02  3.82773374E-04
4.25974297E-01  2.29398683E-02  3.83076724E-04
4.26272912E-01  2.27777027E-02  3.77536751E-04
4.26571527E-01  2.21405700E-02  3.76346608E-04
4.26870142E-01  2.31979210E-02  3.82198719E-04
4.27168757E-01  2.18181852E-02  3.71242291E-04
4.27467372E-01  2.17852518E-02  3.69719812E-04
4.27765987E-01  2.19621770E-02  3.73476185E-04
4.28064602E-01  2.29530353E-02  3.80181824E-04
4.28363217E-01  2.25770585E-02  3.78073892E-04
4.28661832E-01  2.24242490E-02  3.76201293E-04
4.28960447E-01  2.20899358E-02  3.72802693E-04
4.29259062E-01  2.20058616E-02  3.71595554E-04
4.29557677E-01  2.23419424E-02  3.74926021E-04
4.29856292E-01  2.14488022E-02  3.65805405E-04
4.30154907E-01  2.18202788E-02  3.69782152E-04
4.30453522E-01  2.16110703E-02  3.69325571E-04
4.30752137E-01  2.20891628E-02  3.72471521E-04
4.31050752E-01  2.24240776E-02  3.73786548E-04
4.31349367E-01  2.19975356E-02  3.70873749E-04
4.31647982E-01  2.21468359E-02  3.71966278E-04
4.31946597E-01  2.29729488E-02  3.80877580E-04
4.32245212E-01  2.20883321E-02  3.70409427E-04
4.32543827E-01  2.26791725E-02  3.77253367E-04
4.32842442E-01  2.21990440E-02  3.75339587E-04
4.33141057E-01  2.20107865E-02  3.69681278E-04
4.33439672E-01  2.19127666E-02  3.71242902E-04
4.33738287E-01  2.16055587E-02  3.66670225E-04
4.34036902E-01  2.11426020E-02  3.64581821E-04
4.34335517E-01  2.12398898E-02  3.65013373E-04
4.34634132E-01  2.20293831E-02  3.72151961E-04
4.34932747E-01  2.21600700E-02  3.71351460E-04
4.35231362E-01  2.13796254E-02  3.64997366E-04
4.35529977E-01  2.23375913E-02  3.75170086E-04
4.35828592E-01  2.15895232E-02  3.68258945E-04
4.36127207E-01  2.16026586E-02  3.66251974E-04
4.36425822E-01  2.16046199E-02  3.66918568E-04
4.36724437E-01  2.16369014E-02  3.67519824E-04
4.37023052E-01  2.21811421E-02  3.72280017E-04
4.37321667E-01  2.15821285E-02  3.65117652E-04
4.37620282E-01  2.22506803E-02  3.73447110E-04
4.37918897E-01  2.16875132E-02  3.67955130E-04
4.38217512E-01  2.16709878E-02  3.68471083E-04
4.38516127E-01  2.19734926E-02  3.68742971E-04
4.38814742E-01  2.15942673E-02  3.63713101E-04
4.39113357E-01  2.07582824E-02  3.59831960E-04
4.39411972E-01  2.22544204E-02  3.72410024E-04
4.39710587E-01  2.17446461E-02  3.66662221E-04
4.40009202E-01  2.12606769E-02  3.63922532E-04
4.40307817E-01  2.17966661E-02  3.65261658E-04
4.40606432E-01  2.15475634E-02  3.66372493E-04
4.40905047E-01  2.15172898E-02  3.65067070E-04
4.41203662E-01  2.21548006E-02  3.68174398E-04
4.41502277E-01  2.19806191E-02  3.68654990E-04
4.41800892E-01  2.19873339E-02  3.68146779E-04
4.42099507E-01  2.09733378E-02  3.59795609E-04
4.42398122E-01  2.14592237E-02  3.62986437E-04
4.42696737E-01  2.18066107E-02  3.65994027E-04
4.42995352E-01  2.14828867E-02  3.64064443E-04
4.43293967E-01  2.08926573E-02  3.60057718E-04
4.43592582E-01  2.11627744E-02  3.62459163E-04
4.43891197E-01  2.11373996E-02  3.58776713E-04
4.44189812E-01  2.13241223E-02  3.63520434E-04
4.44488427E-01  2.15185527E-02  3.63418541E-04
4.44787042E-01  2.07148865E-02  3.57898738E-04
4.45085657E-01  2.11690404E-02  3.60457925E-04
4.45384272E-01  2.08646636E-02  3.58406280E-04
4.45682887E-01  2.09863428E-02  3.61994928E-04
4.45981502E-01  2.17910316E-02  3.65321175E-04
4.46280117E-01  2.10806616E-02  3.60103382E-04
4.46578732E-01  2.13918537E-02  3.62991152E-04
4.46877347E-01  2.12416630E-02  3.62430845E-04
4.47175962E-01  2.16010809E-02  3.69154877E-04
4.47474577E-01  2.12248750E-02  3.59847036E-04
4.47773192E-01  2.10876204E-02  3.60485312E-04
4.48071807E-01  2.09522136E-02  3.59327503E-04
4.48370422E-01  2.13202816E-02  3.63507803E-04
4.48669037E-01  2.17632055E-02  3.66298831E-04
4.48967652E-01  2.12913267E-02  3.61911108E-04
4.49266267E-01  2.13519987E-02  3.63942789E-04
4.49564882E-01  2.12157927E-02  3.62941617E-04
4.49863497E-01  2.13535707E-02  3.62602645E-04
4.50162112E-01  2.10392606E-02  3.61192331E-04
4.50460727E-01  2.17372999E-02  3.67217639E-04
4.50759342E-01  2.13995054E-02  3.64435022E-04
4.51057957E-01  2.10646372E-02  3.61096259E-04
4.51356572E-01  2.09370311E-02  3.57649871E-04
4.51655187E-01  2.15812679E-02  3.66469147E-04
4.51953802E-01  2.09633186E-02  3.59835569E-04
4.52252417E-01  2.12977305E-02  3.66332097E-04
4.52551032E-01  2.12872103E-02  3.61893442E-04
4.52849647E-01  2.08926946E-02  3.59312107E-04
4.53148262E-01  2.09114011E-02  3.59474390E-04
4.53446877E-01  2.11370550E-02  3.61014012E-04
4.53745492E-01  2.11373605E-02  3.61811719E-04
4.54044107E-01  2.07676906E-02  3.59347789E-04
4.54342722E-01  2.13546827E-02  3.63830011E-04
4.54641337E-01  2.07333304E-02  3.59291502E-04
4.54939952E-01  2.13420074E-02  3.63245199E-04
4.55238567E-01  2.11473778E-02  3.61348473E-04
4.55537182E-01  2.08257306E-02  3.61055398E-04
4.55835797E-01  2.13939976E-02  3.64976906E-04
4.56134412E-01  2.14298200E-02  3.64317879E-04
4.56433027E-01  2.11110283E-02  3.61997896E-04
4.56731642E-01  2.11328268E-02  3.61469400E-04
4.57030257E-01  2.16940865E-02  3.67696397E-04
4.57328872E-01  2.16014944E-02  3.66021879E-04
4.57627487E-01  2.09691841E-02  3.60467704E-04
4.57926102E-01  2.10653450E-02  3.61533632E-04
4.58224717E-01  2.11027004E-02  3.63138679E-04
4.58523332E-01  2.13915687E-02  3.64405569E-04
4.58821947E-01  2.12013125E-02  3.60641658E-04
4.59120562E-01  2.14814525E-02  3.66468827E-04
4.59419177E-01  2.14812960E-02  3.66306282E-04
4.59717792E-01  2.04354916E-02  3.57200537E-04
4.60016407E-01  2.11006757E-02  3.61767219E-04
4.60315022E-01  2.13451199E-02  3.63298168E-04
4.60613637E-01  2.09233407E-02  3.61123180E-04
4.60912252E-01  2.13739052E-02  3.66128981E-04
4.61210867E-01  2.12285686E-02  3.62947816E-04
4.61509482E-01  2.10506395E-02  3.65229207E-04
4.61808097E-01  2.13495549E-02  3.76119657E-04
4.62106712E-01  2.03292873E-02  3.68589157E-04
4.62405327E-01  2.10773274E-02  3.78743280E-04
4.62703942E-01  2.11692397E-02  3.79111734E-04
4.63002557E-01  2.12771632E-02  3.87049484E-04
4.63301172E-01  2.17464734E-02  3.92673828E-04
4.63599787E-01  2.13342067E-02  3.91009293E-04
4.63898402E-01  2.21031010E-02  3.99831071E-04
4.64197017E-01  2.10145023E-02  3.90364148E-04
4.64495632E-01  2.09675822E-02  3.94842413E-04
4.64794247E-01  2.08404884E-02  3.94270872E-04
4.65092862E-01  2.17553880E-02  4.00821009E-04
4.65391477E-01  2.09381003E-02  3.99128796E-04
4.65690092E-01  2.10258178E-02  3.99857556E-04
4.65988707E-01  2.17595734E-02  4.10338922E-04
4.66287322E-01  2.02300046E-02  3.95982264E-04
4.66585937E-01  2.12924555E-02  4.06697247E-04
4.66884552E-01  2.05566566E-02  4.04552004E-04
4.67183167E-01  2.12305672E-02  4.12886671E-04
4.67481782E-01  2.12592240E-02  4.08077351E-04
4.67780397E-01  2.10218262E-02  4.11560235E-04
4.68079012E-01  2.07536239E-02  4.10339824E-04
4.68377627E-01  2.11928114E-02  4.17071453E-04
4.68676242E-01  2.21746787E-02  4.27623891E-04
4.68974857E-01  2.03029066E-02  4.09179804E-04
4.69273472E-01  2.12372225E-02  4.22469224E-04
4.69572087E-01  2.13954076E-02  4.22781304E-04
4.69870702E-01  2.09851358E-02  4.20460245E-04
4.70169317E-01  2.09797136E-02  4.22562618E-04
4.70467932E-01  1.99750029E-02  4.13197326E-04
4.70766547E-01  2.05096789E-02  4.23082354E-04
4.71065162E-01  2.08373051E-02  4.26317827E-04
4.71363777E-01  2.13403217E-02  4.28523985E-04
4.71662392E-01  2.16582250E-02  4.36671980E-04
4.71961007E-01  2.11833939E-02  4.33217239E-04
4.72259622E-01  2.10272241E-02  4.34777263E-04
4.72558237E-01  2.05218196E-02  4.27074730E-04
4.72856852E-01  2.16310639E-02  4.32103086E-04
4.73155467E-01  2.17042547E-02  4.29555686E-04
4.73454082E-01  2.10265182E-02  4.17782052E-04
4.73752697E-01  2.15325598E-02  4.16326220E-04
4.74051312E-01  2.14365087E-02  4.15636081E-04
4.74349927E-01  2.09750254E-02  4.08690568E-04
4.74648542E-01  2.16802657E-02  4.15623741E-04
4.74947157E-01  2.10093334E-02  4.05150960E-04
4.75245772E-01  2.08619181E-02  4.03058308E-04
4.75544387E-01  2.11384669E-02  4.04939579E-04
4.75843002E-01  2.08504386E-02  4.03062266E-04
4.76141617E-01  2.02121772E-02  3.93378956E-04
4.76440232E-01  2.11808886E-02  4.02806647E-04
4.76738847E-01  2.08384916E-02  3.98026285E-04
4.77037462E-01  2.11732388E-02  4.01428988E-04
4.77336077E-01  2.07379442E-02  3.98144592E-04
4.77634692E-01  2.16722637E-02  4.03418759E-04
4.77933307E-01  2.05783676E-02  3.93632625E-04
4.78231922E-01  2.10500136E-02  3.95693729E-04
4.78530537E-01  2.07606908E-02  3.96757416E-04
4.78829152E-01  2.11946014E-02  3.94869538E-04
4.79127767E-01  2.07397509E-02  3.91944457E-04
4.79426382E-01  2.08367798E-02  3.95049981E-04
4.79724997E-01  2.10733246E-02  3.95503535E-04
4.80023612E-01  2.13507749E-02  3.97159281E-04
4.80322227E-01  2.05797814E-02  3.88297747E-04
4.80620842E-01  2.14883909E-02  3.98754491E-04
4.80919457E-01  2.14568656E-02  3.97213182E-04
4.81218072E-01  2.07225494E-02  3.89951718E-04
4.81516687E-01  2.04377118E-02  3.87972337E-04
4.81815302E-01  2.08195299E-02  3.87747132E-04
4.82113917E-01  2.09051725E-02  3.92901624E-04
4.82412532E-01  2.15014312E-02  3.95471463E-04
4.82711147E-01  2.08845679E-02  3.88756220E-04
4.83009762E-01  2.07996964E-02  3.89068329E-04
4.83308377E-01  2.06962172E-02  3.88905726E-04
4.83606992E-01  2.10878067E-02  3.90247355E-04
4.83905607E-01  2.08043642E-02  3.88815679E-04
4.84204222E-01  2.15524472E-02  3.93820374E-04
4.84502837E-01  2.08693314E-02  3.90029862E-04
4.84801452E-01  2.08247676E-02  3.87911976E-04
4.85100067E-01  2.12995242E-02  3.89719644E-04
4.85398682E-01  2.11502425E-02  3.90534406E-04
4.85697297E-01  2.08910611E-02  3.87937267E-04
4.85995912E-01  2.16976926E-02  3.96474381E-04
4.86294527E-01  2.12646015E-02  3.89406719E-04
4.86593142E-01  2.14409325E-02  3.91913578E-04
4.86891757E-01  2.11546849E-02  3.90084810E-04
4.87190372E-01  2.13855747E-02  3.92610731E-04
4.87488987E-01  2.02243514E-02  3.78240045E-04
4.87787602E-01  2.06488427E-02  3.85102903E-04
4.88086217E-01  2.09772624E-02  3.86288157E-04
4.88384832E-01  2.19593216E-02  3.96129908E-04
4.88683447E-01  2.15184465E-02  3.93133465E-04
4.88982062E-01  2.09676996E-02  3.85524239E-04
4.89280677E-01  2.11345516E-02  3.89514957E-04
4.89579292E-01  2.18357220E-02  3.94221104E-04
4.89877907E-01  2.13265214E-02  3.89107910E-04
4.90176522E-01  2.17283480E-02  3.91772133E-04
4.90475137E-01  2.11849604E-02  3.88013344E-04
4.90773752E-01  2.11389344E-02  3.87300301E-04
4.91072367E-01  2.08902769E-02  3.85405845E-04
4.91370982E-01  2.06690319E-02  3.82301252E-04
4.91669597E-01  2.07633898E-02  3.83849576E-04
4.91968212E-01  2.13107113E-02  3.89663503E-04
4.92266827E-01  2.10297108E-02  3.86599073E-04
4.92565442E-01  2.13894676E-02  3.87747510E-04
4.92864057E-01  2.10835896E-02  3.86221480E-04
4.93162672E-01  2.07818598E-02  3.84125422E-04
4.93461287E-01  2.13784501E-02  3.89601686E-04
4.93759902E-01  2.12209690E-02  3.85072752E-04
4.94058517E-01  2.13595722E-02  3.88163433E-04
4.94357132E-01  2.15485450E-02  3.89099849E-04
4.94655747E-01  2.14875024E-02  3.91589070E-04
4.94954362E-01  2.11030319E-02  3.83248291E-04
4.95252977E-01  2.16067452E-02  3.90214380E-04
4.95551592E-01  2.05605105E-02  3.81799095E-04
4.95850207E-01  2.11137552E-02  3.86320608E-04
4.96148822E-01  2.13617589E-02  3.85978870E-04
4.96447437E-01  2.13822350E-02  3.88382934E-04
4.96746052E-01  2.11319849E-02  3.85430263E-04
4.97044667E-01  2.08401512E-02  3.85268679E-04
4.97343282E-01  2.17613559E-02  3.88905813E-04
4.97641897E-01  2.15517990E-02  3.86458909E-04
4.97940512E-01  2.06730161E-02  3.82374943E-04
4.98239127E-01  2.09292416E-02  3.83394043E-04
4.98537742E-01  2.03927029E-02  3.79206409E-04
4.98836357E-01  2.07398031E-02  3.80051351E-04
4.99134972E-01  2.13301312E-02  3.87053646E-04
4.99433587E-01  2.10842025E-02  3.85973748E-04
4.99732202E-01  2.04108767E-02  3.77590914E-04
5.00030817E-01  2.15033423E-02  3.87086475E-04
5.00329432E-01  2.14213356E-02  3.87308304E-04
5.00628047E-01  2.13585012E-02  3.86741565E-04
5.00926662E-01  2.06035767E-02  3.81940888E-04
5.01225277E-01  2.11244095E-02  3.82252270E-04
5.01523892E-01  2.11003385E-02  3.82317754E-04
5.01822507E-01  2.16001719E-02  3.88640678E-04
5.02121122E-01  2.09105816E-02  3.83245177E-04
5.02419737E-01  2.13770270E-02  3.86823434E-04
5.02718352E-01  2.06077695E-02  3.79612873E-04
5.03016967E-01  2.03111656E-02  3.76779295E-04
5.03315582E-01  2.09147260E-02  3.83385515E-04
5.03614197E-01  2.09391415E-02  3.80585872E-04
5.03912812E-01  2.10247561E-02  3.83155973E-04
5.04211427E-01  2.10011099E-02  3.82091064E-04
5.04510042E-01  2.09612437E-02  3.83722800E-04
5.04808657E-01  2.14893296E-02  3.85276799E-04
5.05107272E-01  2.09101792E-02  3.82212049E-04
5.05405887E-01  2.06487589E-02  3.78319470E-04
5.05704502E-01  2.05533896E-02  3.80357553E-04
5.06003117E-01  2.12352760E-02  3.84510291E-04
5.06301732E-01  2.09641028E-02  3.81860416E-04
5.06600347E-01  2.11071111E-02  3.81751801E-04
5.06898962E-01  2.18100976E-02  3.90651257E-04
5.07197577E-01  2.08679587E-02  3.82978935E-04
5.07496192E-01  2.14269124E-02  3.83418985E-04
5.07794807E-01  2.19946411E-02  3.93578055E-04
5.08093422E-01  2.16287989E-02  3.87590495E-04
5.08392037E-01  2.13938430E-02  3.86243453E-04
5.08690652E-01  2.14395821E-02  3.84570361E-04
5.08989267E-01  2.10320409E-02  3.82211292E-04
5.09287882E-01  2.15280689E-02  3.88034881E-04
5.09586497E-01  2.12615188E-02  3.84104933E-04
5.09885112E-01  2.15144381E-02  3.86099477E-04
5.10183727E-01  2.12203451E-02  3.83925391E-04
5.10482342E-01  2.12478992E-02  3.83421167E-04
5.10780957E-01  2.06153728E-02  3.78790137E-04
5.11079572E-01  2.14218106E-02  3.85369145E-04
5.11378187E-01  2.08915323E-02  3.80664860E-04
5.11676802E-01  2.11132616E-02  3.85537918E-04
5.11975417E-01  2.08553094E-02  3.79312842E-04
5.12274032E-01  2.09653638E-02  3.80873797E-04
5.12572647E-01  2.18210910E-02  3.88857181E-04
5.12871262E-01  2.13806741E-02  3.84442537E-04
5.13169877E-01  2.13737898E-02  3.87145352E-04
5.13468492E-01  2.08823141E-02  3.78181197E-04
5.13767107E-01  2.14566831E-02  3.84753337E-04
5.14065722E-01  2.10277680E-02  3.83147213E-04
5.14364337E-01  2.12057661E-02  3.84101935E-04
5.14662952E-01  2.13061180E-02  3.84159124E-04
5.14961567E-01  2.10850053E-02  3.81040474E-04
5.15260182E-01  2.10287608E-02  3.82784259E-04
5.15558797E-01  2.18808968E-02  3.89120571E-04
5.15857412E-01  2.14274190E-02  3.84785759E-04
5.16156027E-01  2.14462224E-02  3.85808293E-04
5.16454642E-01  2.01405976E-02  3.74066032E-04
5.16753257E-01  2.13486403E-02  3.84177198E-04
5.17051872E-01  2.10786909E-02  3.83248931E-04
5.17350487E-01  2.21519899E-02  3.90195812E-04
5.17649102E-01  2.04818957E-02  3.76210606E-04
5.17947717E-01  2.03799307E-02  3.74907366E-04
5.18246332E-01  2.11974680E-02  3.82635742E-04
5.18544947E-01  2.10902486E-02  3.82889906E-04
5.18843562E-01  2.14628093E-02  3.86544765E-04
5.19142177E-01  2.10256092E-02  3.80713842E-04
5.19440792E-01  2.13944949E-02  3.83946957E-04
5.19739407E-01  2.08773855E-02  3.79651581E-04
5.20038022E-01  2.13908609E-02  3.86189611E-04
5.20336637E-01  2.12194826E-02  3.82659258E-04
5.20635252E-01  2.10023765E-02  3.80605285E-04
5.20933867E-01  2.00663880E-02  3.72302660E-04
5.21232482E-01  2.05550101E-02  3.76349257E-04
5.21531097E-01  2.10853014E-02  3.82673985E-04
5.21829712E-01  2.12901682E-02  3.84246465E-04
5.22128327E-01  2.09165588E-02  3.80301091E-04
5.22426942E-01  2.11689454E-02  3.80820216E-04
5.22725557E-01  2.15571579E-02  3.86368716E-04
5.23024172E-01  2.12246627E-02  3.82628263E-04
5.23322787E-01  2.12286580E-02  3.83511302E-04
5.23621402E-01  2.11629737E-02  3.82075348E-04
5.23920017E-01  2.02010330E-02  3.75317963E-04
5.24218632E-01  2.17219200E-02  3.85866530E-04
5.24517247E-01  2.12117899E-02  3.82334081E-04
5.24815862E-01  2.14972533E-02  3.86413798E-04
5.25114477E-01  2.04035211E-02  3.74707830E-04
5.25413092E-01  2.06904914E-02  3.78259632E-04
5.25711707E-01  2.06135605E-02  3.77928402E-04
5.26010322E-01  2.04275604E-02  3.74203955E-04
5.26308937E-01  2.10577715E-02  3.81233724E-04
5.26607552E-01  2.03233119E-02  3.74436437E-04
5.26906167E-01  2.12477352E-02  3.82485247E-04
5.27204782E-01  2.05486044E-02  3.78458790E-04
5.27503397E-01  2.12483201E-02  3.82868137E-04
5.27802012E-01  2.10035350E-02  3.80751328E-04
5.28100627E-01  2.13670507E-02  3.84882587E-04
5.28399242E-01  2.07303725E-02  3.75614327E-04
5.28697857E-01  2.08444670E-02  3.79870355E-04
5.28996472E-01  2.11389288E-02  3.81890277E-04
5.29295087E-01  2.07708515E-02  3.79855774E-04
5.29593702E-01  2.12765858E-02  3.82015540E-04
5.29892317E-01  2.08674204E-02  3.79157049E-04
5.30190932E-01  2.14002598E-02  3.85668507E-04
5.30489547E-01  2.08123624E-02  3.78845172E-04
5.30788162E-01  2.13016067E-02  3.82526458E-04
5.31086777E-01  2.10021771E-02  3.80851881E-04
5.31385392E-01  2.10448857E-02  3.79387347E-04
5.31684007E-01  2.09783148E-02  3.80732294E-04
5.31982622E-01  2.16519851E-02  3.86704254E-04
5.32281237E-01  2.13792697E-02  3.84168932E-04
5.32579852E-01  2.08018348E-02  3.79598059E-04
5.32878467E-01  2.08655130E-02  3.79435689E-04
5.33177082E-01  2.07883734E-02  3.79478792E-04
5.33475697E-01  2.11796165E-02  3.80335812E-04
5.33774312E-01  2.07394715E-02  3.77831457E-04
5.34072927E-01  2.12886427E-02  3.85350315E-04
5.34371542E-01  2.09442694E-02  3.78497178E-04
5.34670157E-01  2.12042108E-02  3.80103884E-04
5.34968772E-01  2.08893474E-02  3.80878075E-04
5.35267387E-01  2.07679886E-02  3.78100085E-04
5.35566002E-01  2.10738201E-02  3.82465601E-04
5.35864617E-01  2.14342177E-02  3.82814935E-04
5.36163232E-01  2.12751739E-02  3.83725972E-04
5.36461847E-01  2.10471973E-02  3.81292310E-04
5.36760462E-01  2.04079300E-02  3.74725641E-04
5.37059077E-01  2.08186861E-02  3.77835211E-04
5.37357692E-01  2.13528816E-02  3.85190157E-04
5.37656307E-01  2.12952066E-02  3.81489954E-04
5.37954922E-01  2.11027488E-02  3.84258397E-04
5.38253537E-01  2.12736633E-02  3.78921453E-04
5.38552152E-01  2.08393186E-02  3.78583965E-04
5.38850767E-01  2.13046856E-02  3.84008483E-04
5.39149382E-01  2.11318191E-02  3.82636994E-04
5.39447997E-01  2.09774710E-02  3.79842211E-04
5.39746612E-01  2.12358534E-02  3.82830010E-04
5.40045227E-01  2.05326397E-02  3.75248404E-04
5.40343842E-01  2.09732652E-02  3.81206104E-04
5.40642457E-01  2.10541412E-02  3.80172452E-04
5.40941072E-01  2.11025104E-02  3.80240846E-04
5.41239687E-01  2.14755330E-02  3.87465756E-04
5.41538302E-01  2.10956801E-02  3.81295657E-04
5.41836917E-01  2.10134685E-02  3.80182522E-04
5.42135532E-01  2.01877952E-02  3.70122434E-04
5.42434147E-01  2.11721025E-02  3.81991209E-04
5.42732762E-01  2.12347601E-02  3.83684150E-04
5.43031377E-01  2.12807823E-02  3.85334308E-04
5.43329992E-01  2.08193455E-02  3.76055395E-04
5.43628607E-01  2.07731668E-02  3.78382538E-04
5.43927222E-01  2.04096809E-02  3.75518197E-04
5.44225837E-01  2.07720380E-02  3.79117439E-04
5.44524452E-01  2.05801520E-02  3.74618277E-04
5.44823067E-01  2.06871126E-02  3.77882272E-04
5.45121682E-01  2.04509143E-02  3.75261909E-04
5.45420297E-01  2.09535770E-02  3.80033045E-04
5.45718912E-01  2.20415555E-02  3.88733286E-04
5.46017527E-01  2.14706399E-02  3.84509360E-04
5.46316142E-01  2.09206734E-02  3.79000208E-04
5.46614757E-01  2.19399966E-02  3.90604167E-04
5.46913372E-01  2.14135032E-02  3.81957914E-04
5.47211987E-01  2.10203491E-02  3.80556216E-04
5.47510602E-01  2.13899203E-02  3.84546642E-04
5.47809217E-01  2.09458265E-02  3.79144913E-04
5.48107832E-01  2.17376910E-02  3.88234970E-04
5.48406447E-01  2.07811426E-02  3.77838966E-04
5.48705062E-01  2.12686062E-02  3.81319522E-04
5.49003677E-01  2.11210586E-02  3.83259816E-04
5.49302292E-01  2.11970713E-02  3.79671052E-04
5.49600907E-01  2.13154703E-02  3.84078099E-04
5.49899522E-01  2.04929523E-02  3.75401869E-04
5.50198137E-01  2.06344519E-02  3.77803808E-04
5.50496752E-01  2.11054627E-02  3.80788872E-04
5.50795367E-01  2.12905686E-02  3.81529360E-04
5.51093982E-01  2.16564592E-02  3.86107364E-04
5.51392597E-01  2.08391678E-02  3.79773788E-04
5.51691212E-01  2.10478287E-02  3.80368641E-04
5.51989827E-01  2.11099554E-02  3.80746031E-04
5.52288442E-01  2.11072955E-02  3.78975994E-04
5.52587057E-01  2.11927332E-02  3.81124788E-04
5.52885672E-01  2.17829905E-02  3.86585569E-04
5.53184287E-01  2.07268577E-02  3.75550648E-04
5.53482902E-01  2.08554417E-02  3.77261720E-04
5.53781517E-01  2.11730003E-02  3.80954792E-04
5.54080132E-01  2.16420442E-02  3.84872925E-04
5.54378747E-01  2.12103892E-02  3.77914315E-04
5.54677362E-01  2.06399225E-02  3.74590862E-04
5.54975977E-01  2.15126351E-02  3.83726176E-04
5.55274592E-01  2.02557687E-02  3.71181552E-04
5.55573207E-01  2.08015051E-02  3.72049108E-04
5.55871822E-01  2.12250557E-02  3.78596567E-04
5.56170437E-01  2.04074867E-02  3.72215989E-04
5.56469052E-01  2.11442262E-02  3.79333476E-04
5.56767667E-01  2.08012853E-02  3.74266732E-04
5.57066282E-01  2.09827684E-02  3.76436888E-04
5.57364897E-01  2.08991002E-02  3.73019837E-04
5.57663512E-01  2.13677622E-02  3.79515404E-04
5.57962127E-01  2.07305625E-02  3.72572336E-04
5.58260742E-01  2.13781353E-02  3.76389624E-04
5.58559357E-01  2.06242874E-02  3.73753544E-04
5.58857972E-01  2.17134245E-02  3.82946251E-04
5.59156587E-01  2.12661102E-02  3.75407719E-04
5.59455202E-01  2.08483115E-02  3.73904360E-04
5.59753817E-01  2.15889234E-02  3.78694764E-04
5.60052432E-01  2.08429620E-02  3.73328425E-04
5.60351047E-01  2.11575497E-02  3.75072559E-04
5.60649662E-01  2.06664614E-02  3.69220594E-04
5.60948277E-01  2.05654446E-02  3.69009358E-04
5.61246892E-01  2.04636604E-02  3.68789450E-04
5.61545507E-01  2.03929637E-02  3.67634784E-04
5.61844122E-01  2.11391971E-02  3.72125127E-04
5.62142737E-01  2.12420896E-02  3.76275711E-04
5.62441352E-01  2.08930429E-02  3.70558206E-04
5.62739967E-01  2.17364840E-02  3.77526565E-04
5.63038582E-01  2.11826675E-02  3.73818242E-04
5.63337197E-01  2.09337808E-02  3.70407884E-04
5.63635812E-01  2.10600104E-02  3.74403899E-04
5.63934427E-01  2.09479425E-02  3.70021851E-04
5.64233042E-01  2.08451133E-02  3.68262903E-04
5.64531657E-01  2.07993761E-02  3.69653542E-04
5.64830272E-01  2.13117693E-02  3.73833143E-04
5.65128887E-01  2.11972706E-02  3.73263116E-04
5.65427502E-01  2.03890745E-02  3.63800733E-04
5.65726117E-01  2.05504820E-02  3.66505701E-04
5.66024732E-01  2.09955070E-02  3.70112131E-04
5.66323347E-01  2.06097215E-02  3.67037253E-04
5.66621962E-01  2.14933716E-02  3.71570786E-04
5.66920577E-01  2.05192361E-02  3.66064894E-04
5.67219192E-01  2.10250709E-02  3.71152681E-04
5.67517807E-01  2.07177661E-02  3.68261273E-04
5.67816422E-01  2.13423111E-02  3.69180052E-04
5.68115037E-01  2.02700831E-02  3.62254679E-04
5.68413652E-01  2.04466432E-02  3.64248554E-04
5.68712267E-01  2.08621453E-02  3.67932778E-04
5.69010882E-01  2.06317734E-02  3.64892767E-04
5.69309497E-01  2.10932903E-02  3.69206449E-04
5.69608112E-01  2.12001968E-02  3.70737078E-04
5.69906727E-01  2.05619726E-02  3.64114123E-04
5.70205342E-01  2.12579183E-02  3.68714536E-04
5.70503957E-01  2.09312029E-02  3.68806737E-04
5.70802572E-01  2.10070293E-02  3.68544395E-04
5.71101187E-01  2.07951572E-02  3.67609930E-04
5.71399802E-01  2.09729467E-02  3.67325119E-04
5.71698417E-01  2.07885485E-02  3.66293156E-04
5.71997032E-01  2.16058493E-02  3.75144533E-04
5.72295647E-01  2.12899037E-02  3.71964736E-04
5.72594262E-01  2.11603306E-02  3.69306537E-04
5.72892877E-01  2.08843946E-02  3.64324282E-04
5.73191492E-01  2.08881646E-02  3.68105539E-04
5.73490107E-01  2.16234364E-02  3.75393283E-04
5.73788722E-01  2.08097324E-02  3.66325374E-04
5.74087337E-01  2.12682635E-02  3.71359987E-04
5.74385952E-01  2.11744066E-02  3.71480826E-04
5.74684567E-01  2.08271015E-02  3.67829925E-04
5.74983182E-01  2.09273621E-02  3.66864522E-04
5.75281797E-01  2.10441109E-02  3.66887252E-04
5.75580412E-01  2.11655218E-02  3.71153641E-04
5.75879027E-01  2.10041925E-02  3.68551322E-04
5.76177642E-01  2.06372719E-02  3.65906773E-04
5.76476257E-01  2.07933690E-02  3.65697488E-04
5.76774872E-01  2.14003064E-02  3.72870622E-04
5.77073487E-01  2.07352228E-02  3.66779714E-04
5.77372102E-01  2.10365020E-02  3.70202644E-04
5.77670717E-01  2.00904272E-02  3.59388505E-04
5.77969332E-01  2.15945914E-02  3.73879768E-04
5.78267947E-01  2.06992663E-02  3.66890628E-04
5.78566562E-01  2.11548451E-02  3.70057183E-04
5.78865177E-01  2.08954345E-02  3.66192282E-04
5.79163792E-01  2.04122942E-02  3.63925472E-04
5.79462407E-01  2.08737571E-02  3.67680390E-04
5.79761022E-01  2.14100163E-02  3.73835093E-04
5.80059637E-01  2.14283131E-02  3.70335445E-04
5.80358252E-01  2.13376898E-02  3.72005568E-04
5.80656867E-01  2.17621103E-02  3.76554439E-04
5.80955482E-01  2.11172830E-02  3.70935595E-04


### HEADER:
#
#{
#    "analysis": {},
#    "calibration_params": {
#        "Beam_Center_X": 1061.0,
#        "Beam_Center_Y": 2093.0,
#        "Detector Tilt": 0.0,
#        "Detector Tilt Plane Rotation": 0.0,
#        "Detector_X_Pixel_Size": 75.0,
#        "Detector_Y_Pixel_Size": 75.0,
#        "Integration Method": "nosplit_csr",
#        "Radial_Average_Method": "pyFAI",
#        "Sample-to-detector distance (mm)": 1782.0,
#        "Wavelength (A)": 0.8823505857220345
#    },
#    "config_file": "/Users/jwinnikoff/Documents/MBARI/SAXS/HPSAXS_7A_Feb2023/HPSAXS_02_19_23.cfg",
#    "counters": {
#        "Epoch": "88.391",
#        "I1": "0",
#        "I2": "0",
#        "I3": "0",
#        "Seconds": "1",
#        "Time": "1.71661e-05",
#        "date": "Sun Feb 19 20:24:27 2023",
#        "diode": "55501"
#    },
#    "filename": "JWL0322_35C_100MPa_up_3_data_000001_00001.h5",
#    "history": {},
#    "imageHeader": {},
#    "load_path": "/Users/jwinnikoff/Documents/MBARI/SAXS/HPSAXS_7A_Feb2023/JWL0322_DOPE_TS+/JWL0322_35C_100MPa_up_3_data_000001.h5",
#    "normalizations": {
#        "Absolute_scale": {
#            "Absolute_scale_factor": 0.005174693841759343,
#            "Method": "Water"
#        },
#        "Counter_norms": [
#            [
#                "/",
#                "diode/150000"
#            ]
#        ],
#        "Polarization": {
#            "Used": false
#        },
#        "Solid_Angle_Correction": "On"
#    },
#    "raw_version": "2.1.4"
#}

