### DATA:
#
# 1908
#      Q             I(Q)           Error     
1.14966775E-02  0.00000000E+00  0.00000000E+00
1.17952925E-02  5.75326085E-01  2.85881832E-02
1.20939075E-02  5.78877628E-01  2.02771984E-02
1.23925225E-02  5.29868484E-01  1.58399213E-02
1.26911375E-02  5.24771273E-01  1.48072783E-02
1.29897525E-02  4.96801227E-01  1.40013462E-02
1.32883675E-02  4.30903137E-01  1.25281606E-02
1.35869825E-02  4.26168054E-01  1.18654994E-02
1.38855975E-02  4.13702011E-01  1.09515516E-02
1.41842125E-02  3.74484032E-01  1.06389225E-02
1.44828275E-02  3.66090477E-01  1.04088699E-02
1.47814425E-02  3.57925802E-01  9.98484809E-03
1.50800575E-02  3.36544067E-01  9.32330079E-03
1.53786725E-02  3.05420905E-01  8.36534146E-03
1.56772875E-02  3.05537432E-01  8.43524188E-03
1.59759025E-02  2.94665396E-01  7.73296086E-03
1.62745175E-02  2.76418000E-01  7.38494471E-03
1.65731325E-02  2.62398452E-01  7.29729701E-03
1.68717475E-02  2.50567019E-01  6.54867431E-03
1.71703625E-02  2.36760795E-01  6.69660652E-03
1.74689775E-02  2.25676164E-01  6.03576191E-03
1.77675925E-02  2.16987506E-01  5.82005829E-03
1.80662075E-02  2.05643862E-01  5.89724211E-03
1.83648225E-02  2.01201409E-01  5.24239382E-03
1.86634375E-02  2.01122388E-01  5.48402313E-03
1.89620525E-02  1.97817355E-01  5.12473285E-03
1.92606675E-02  1.83854282E-01  5.01130940E-03
1.95592825E-02  1.74785629E-01  4.93382663E-03
1.98578975E-02  1.66409507E-01  4.45704209E-03
2.01565125E-02  1.68420672E-01  4.64266632E-03
2.04551275E-02  1.60208732E-01  4.25000209E-03
2.07537425E-02  1.55617043E-01  4.09235246E-03
2.10523575E-02  1.51847526E-01  3.81772360E-03
2.13509725E-02  1.42818183E-01  3.47511098E-03
2.16495875E-02  1.47100672E-01  3.51637858E-03
2.19482025E-02  1.37442216E-01  3.14817368E-03
2.22468175E-02  1.39610782E-01  3.31936521E-03
2.25454325E-02  1.30772442E-01  2.94634188E-03
2.28440475E-02  1.29871145E-01  3.00727552E-03
2.31426625E-02  1.21884033E-01  2.81179347E-03
2.34412775E-02  1.17961712E-01  2.65906239E-03
2.37398925E-02  1.18230678E-01  2.76303268E-03
2.40385075E-02  1.09424345E-01  2.49855919E-03
2.43371225E-02  1.09880805E-01  2.50376575E-03
2.46357375E-02  1.10275373E-01  2.57641496E-03
2.49343525E-02  1.07550316E-01  2.41945870E-03
2.52329675E-02  1.08371608E-01  2.54868600E-03
2.55315825E-02  1.03649713E-01  2.33525876E-03
2.58301975E-02  1.04601547E-01  2.35909992E-03
2.61288125E-02  9.77359787E-02  2.35662377E-03
2.64274275E-02  9.71976966E-02  2.20109452E-03
2.67260425E-02  9.26418751E-02  2.26292596E-03
2.70246575E-02  8.79500955E-02  2.06498872E-03
2.73232725E-02  9.22088027E-02  2.18249508E-03
2.76218875E-02  8.78421366E-02  2.16186885E-03
2.79205025E-02  8.42485949E-02  2.03853752E-03
2.82191175E-02  8.56760219E-02  2.04863423E-03
2.85177325E-02  8.68925452E-02  2.02845084E-03
2.88163475E-02  8.29179659E-02  2.04377808E-03
2.91149625E-02  8.19094926E-02  1.97272073E-03
2.94135775E-02  8.19856152E-02  1.95093278E-03
2.97121925E-02  7.99022615E-02  1.94191665E-03
3.00108075E-02  8.29412937E-02  1.91289838E-03
3.03094225E-02  7.85418302E-02  1.94479595E-03
3.06080375E-02  7.55394027E-02  1.84572139E-03
3.09066525E-02  7.96233341E-02  1.86845416E-03
3.12052675E-02  7.69449249E-02  1.89310615E-03
3.15038825E-02  7.16269538E-02  1.74803904E-03
3.18024975E-02  7.18214065E-02  1.77730038E-03
3.21011125E-02  7.18533173E-02  1.72008190E-03
3.23997275E-02  7.13810772E-02  1.66907650E-03
3.26983425E-02  7.06330538E-02  1.67416397E-03
3.29969575E-02  6.83375075E-02  1.55594060E-03
3.32955725E-02  6.74518868E-02  1.54582597E-03
3.35941875E-02  6.86784312E-02  1.48739654E-03
3.38928025E-02  6.91176876E-02  1.53632800E-03
3.41914175E-02  6.88766763E-02  1.48785673E-03
3.44900325E-02  6.51320815E-02  1.43712573E-03
3.47886474E-02  6.43863976E-02  1.40402385E-03
3.50872624E-02  6.49292767E-02  1.38335384E-03
3.53858774E-02  6.33470714E-02  1.40945381E-03
3.56844924E-02  6.08251281E-02  1.32794562E-03
3.59831074E-02  6.40814155E-02  1.33998215E-03
3.62817224E-02  6.22655600E-02  1.35327945E-03
3.65803374E-02  6.03620484E-02  1.29162858E-03
3.68789524E-02  6.02503866E-02  1.33396592E-03
3.71775674E-02  6.10524267E-02  1.31181837E-03
3.74761824E-02  6.02691732E-02  1.26861385E-03
3.77747974E-02  5.83879761E-02  1.25456799E-03
3.80734124E-02  5.98276705E-02  1.24994107E-03
3.83720274E-02  5.58217876E-02  1.24696677E-03
3.86706424E-02  6.03382327E-02  1.23499834E-03
3.89692574E-02  5.79504222E-02  1.24631764E-03
3.92678724E-02  5.96278198E-02  1.27387780E-03
3.95664874E-02  5.77094555E-02  1.20779721E-03
3.98651024E-02  5.86733446E-02  1.21892733E-03
4.01637174E-02  5.62859513E-02  1.17415388E-03
4.04623324E-02  5.90568781E-02  1.24530506E-03
4.07609474E-02  5.50154895E-02  1.15982839E-03
4.10595624E-02  5.71558997E-02  1.20629324E-03
4.13581774E-02  5.67513630E-02  1.18001760E-03
4.16567924E-02  5.62831499E-02  1.15151692E-03
4.19554074E-02  5.48561178E-02  1.16927060E-03
4.22540224E-02  5.44941872E-02  1.15631428E-03
4.25526374E-02  5.39838821E-02  1.13530841E-03
4.28512524E-02  5.64646162E-02  1.16502400E-03
4.31498674E-02  5.36787063E-02  1.12270052E-03
4.34484824E-02  5.54271080E-02  1.17637485E-03
4.37470974E-02  5.31421900E-02  1.10259198E-03
4.40457124E-02  5.38916886E-02  1.11574365E-03
4.43443274E-02  5.57215288E-02  1.15635700E-03
4.46429424E-02  5.45762964E-02  1.11917534E-03
4.49415574E-02  5.57985231E-02  1.16805930E-03
4.52401724E-02  5.54406345E-02  1.11282617E-03
4.55387874E-02  5.56494035E-02  1.13287463E-03
4.58374024E-02  5.55571988E-02  1.13193621E-03
4.61360174E-02  5.66015989E-02  1.12619088E-03
4.64346324E-02  5.37049621E-02  1.11836812E-03
4.67332474E-02  5.47275841E-02  1.09367713E-03
4.70318624E-02  5.39520793E-02  1.11819280E-03
4.73304774E-02  5.62988445E-02  1.13578711E-03
4.76290924E-02  5.41910119E-02  1.09082402E-03
4.79277074E-02  5.51992580E-02  1.09418144E-03
4.82263224E-02  5.39162420E-02  1.07403717E-03
4.85249374E-02  5.22572398E-02  1.08987570E-03
4.88235524E-02  5.49664982E-02  1.09021028E-03
4.91221674E-02  5.46898320E-02  1.08090276E-03
4.94207824E-02  5.57787158E-02  1.10328593E-03
4.97193974E-02  5.51004186E-02  1.07688690E-03
5.00180124E-02  5.54701202E-02  1.11051346E-03
5.03166274E-02  5.67843840E-02  1.09160377E-03
5.06152424E-02  5.59609197E-02  1.08687591E-03
5.09138574E-02  5.65885939E-02  1.10618316E-03
5.12124724E-02  5.76055124E-02  1.08670304E-03
5.15110874E-02  5.61894849E-02  1.09234580E-03
5.18097024E-02  5.73214702E-02  1.08716369E-03
5.21083174E-02  5.72584122E-02  1.08499243E-03
5.24069324E-02  5.51383831E-02  1.06548844E-03
5.27055474E-02  5.64406030E-02  1.07103516E-03
5.30041624E-02  5.70801310E-02  1.09769485E-03
5.33027774E-02  5.90435229E-02  1.09078328E-03
5.36013924E-02  5.85390702E-02  1.09232939E-03
5.39000074E-02  6.03146292E-02  1.09016185E-03
5.41986224E-02  5.96560836E-02  1.10588060E-03
5.44972374E-02  5.84056191E-02  1.08028960E-03
5.47958524E-02  6.14773519E-02  1.10062119E-03
5.50944674E-02  6.03433289E-02  1.10745011E-03
5.53930824E-02  6.12389445E-02  1.09094661E-03
5.56916974E-02  6.21909164E-02  1.09342707E-03
5.59903124E-02  6.36602789E-02  1.12943153E-03
5.62889274E-02  6.19848371E-02  1.09014090E-03
5.65875424E-02  6.66828752E-02  1.15107419E-03
5.68861574E-02  6.42856732E-02  1.11019018E-03
5.71847724E-02  6.67402595E-02  1.12363079E-03
5.74833874E-02  6.52551502E-02  1.12308748E-03
5.77820024E-02  6.59027845E-02  1.11507601E-03
5.80806174E-02  6.84390217E-02  1.16450840E-03
5.83792324E-02  6.80680871E-02  1.11994089E-03
5.86778474E-02  6.81820512E-02  1.13874231E-03
5.89764624E-02  7.15402365E-02  1.17914565E-03
5.92750774E-02  7.15539008E-02  1.13150792E-03
5.95736924E-02  7.45915845E-02  1.19106658E-03
5.98723074E-02  7.50109330E-02  1.16962113E-03
6.01709224E-02  7.74020255E-02  1.18659507E-03
6.04695374E-02  7.67969564E-02  1.20053871E-03
6.07681524E-02  7.73761868E-02  1.19252165E-03
6.10667674E-02  8.00611377E-02  1.21936225E-03
6.13653824E-02  7.91766867E-02  1.18504604E-03
6.16639974E-02  8.29142928E-02  1.22812402E-03
6.19626124E-02  8.37473348E-02  1.23586226E-03
6.22612274E-02  8.56643915E-02  1.22653355E-03
6.25598424E-02  8.70945305E-02  1.26356725E-03
6.28584574E-02  9.04577300E-02  1.26666157E-03
6.31570724E-02  9.30057168E-02  1.29575143E-03
6.34556874E-02  9.38941464E-02  1.26699021E-03
6.37543024E-02  1.01277024E-01  1.33363181E-03
6.40529174E-02  1.02627963E-01  1.36113272E-03
6.43515324E-02  1.08534470E-01  1.37297437E-03
6.46501474E-02  1.10106423E-01  1.41254987E-03
6.49487624E-02  1.12700015E-01  1.37654168E-03
6.52473774E-02  1.18137829E-01  1.42118288E-03
6.55459924E-02  1.20910846E-01  1.45359559E-03
6.58446074E-02  1.27130955E-01  1.47428561E-03
6.61432224E-02  1.31396264E-01  1.51531515E-03
6.64418374E-02  1.39946848E-01  1.52494956E-03
6.67404524E-02  1.45365715E-01  1.57458370E-03
6.70390674E-02  1.56574309E-01  1.64206664E-03
6.73376824E-02  1.65083796E-01  1.64191390E-03
6.76362974E-02  1.74602494E-01  1.72984018E-03
6.79349124E-02  1.86794564E-01  1.74956804E-03
6.82335274E-02  1.96910709E-01  1.80888164E-03
6.85321424E-02  2.11325899E-01  1.89623400E-03
6.88307574E-02  2.27908820E-01  1.93032192E-03
6.91293724E-02  2.46196479E-01  2.03697849E-03
6.94279874E-02  2.65930027E-01  2.06619664E-03
6.97266024E-02  2.96963096E-01  2.22140644E-03
7.00252174E-02  3.23455542E-01  2.29962775E-03
7.03238324E-02  3.63122523E-01  2.41716695E-03
7.06224474E-02  4.00797457E-01  2.57770228E-03
7.09210624E-02  4.60301608E-01  2.72764429E-03
7.12196774E-02  5.15272915E-01  2.87938351E-03
7.15182924E-02  5.94274819E-01  3.02450499E-03
7.18169074E-02  6.86629355E-01  3.33901937E-03
7.21155224E-02  8.03308129E-01  3.59927607E-03
7.24141374E-02  9.34776008E-01  3.86079936E-03
7.27127524E-02  1.09083569E+00  4.15204838E-03
7.30113674E-02  1.28272927E+00  4.46781283E-03
7.33099824E-02  1.49619126E+00  4.85191122E-03
7.36085974E-02  1.72197914E+00  5.22253243E-03
7.39072124E-02  1.99379516E+00  5.51606202E-03
7.42058274E-02  2.24329519E+00  5.97422384E-03
7.45044424E-02  2.51188779E+00  6.21145777E-03
7.48030574E-02  2.77181172E+00  6.56766584E-03
7.51016724E-02  2.98836279E+00  6.81194244E-03
7.54002874E-02  3.17267966E+00  6.90656900E-03
7.56989024E-02  3.34029579E+00  7.20978854E-03
7.59975174E-02  3.43919802E+00  7.19844131E-03
7.62961324E-02  3.49220395E+00  7.27689359E-03
7.65947474E-02  3.51207042E+00  7.27431476E-03
7.68933624E-02  3.47537565E+00  7.24390382E-03
7.71919774E-02  3.39982224E+00  7.24211149E-03
7.74905924E-02  3.32016850E+00  6.99896971E-03
7.77892074E-02  3.19644165E+00  6.91051828E-03
7.80878224E-02  3.04658413E+00  6.69053989E-03
7.83864374E-02  2.89284372E+00  6.50945632E-03
7.86850524E-02  2.72349668E+00  6.41946774E-03
7.89836674E-02  2.55199265E+00  6.13613985E-03
7.92822824E-02  2.37174773E+00  5.86694386E-03
7.95808974E-02  2.20282459E+00  5.60288504E-03
7.98795124E-02  2.02067661E+00  5.47152944E-03
8.01781274E-02  1.86454713E+00  5.30030392E-03
8.04767424E-02  1.70247126E+00  4.93554957E-03
8.07753574E-02  1.54405749E+00  4.74838400E-03
8.10739724E-02  1.39081275E+00  4.45649726E-03
8.13725874E-02  1.24983525E+00  4.20772238E-03
8.16712024E-02  1.11522937E+00  4.03965218E-03
8.19698174E-02  9.80751038E-01  3.69073940E-03
8.22684324E-02  8.74328852E-01  3.55856586E-03
8.25670474E-02  7.77191818E-01  3.31477099E-03
8.28656624E-02  6.86462641E-01  3.13721574E-03
8.31642774E-02  6.11729443E-01  2.92055681E-03
8.34628924E-02  5.36372542E-01  2.73744995E-03
8.37615074E-02  4.85045880E-01  2.64244853E-03
8.40601224E-02  4.32620347E-01  2.44410476E-03
8.43587374E-02  3.83240253E-01  2.30938871E-03
8.46573524E-02  3.45277101E-01  2.18136935E-03
8.49559674E-02  3.15368503E-01  2.09905440E-03
8.52545824E-02  2.85868764E-01  2.00241432E-03
8.55531974E-02  2.61929512E-01  1.88536104E-03
8.58518124E-02  2.43944362E-01  1.82823488E-03
8.61504274E-02  2.25741670E-01  1.74034038E-03
8.64490424E-02  2.12353706E-01  1.71571295E-03
8.67476574E-02  1.99570611E-01  1.66003627E-03
8.70462724E-02  1.89761043E-01  1.59187894E-03
8.73448874E-02  1.80564776E-01  1.56463671E-03
8.76435024E-02  1.72963992E-01  1.51623657E-03
8.79421174E-02  1.66757479E-01  1.51304144E-03
8.82407324E-02  1.61800459E-01  1.48465787E-03
8.85393474E-02  1.58097938E-01  1.44691241E-03
8.88379624E-02  1.52452663E-01  1.43155933E-03
8.91365774E-02  1.49317473E-01  1.39836362E-03
8.94351924E-02  1.44255415E-01  1.38470496E-03
8.97338074E-02  1.42246813E-01  1.36737863E-03
9.00324224E-02  1.41474947E-01  1.35989604E-03
9.03310374E-02  1.40686020E-01  1.37132348E-03
9.06296524E-02  1.37405634E-01  1.33896654E-03
9.09282674E-02  1.37088835E-01  1.33619679E-03
9.12268824E-02  1.38132453E-01  1.33882219E-03
9.15254974E-02  1.36138886E-01  1.32429821E-03
9.18241124E-02  1.37022644E-01  1.34829292E-03
9.21227274E-02  1.39941961E-01  1.35003414E-03
9.24213424E-02  1.38214782E-01  1.31890585E-03
9.27199574E-02  1.41604498E-01  1.34696590E-03
9.30185724E-02  1.50539950E-01  1.39132619E-03
9.33171874E-02  1.53375223E-01  1.41856074E-03
9.36158024E-02  1.62910223E-01  1.41202693E-03
9.39144174E-02  1.73924595E-01  1.49684923E-03
9.42130324E-02  1.86415225E-01  1.54130615E-03
9.45116474E-02  2.09387928E-01  1.62624347E-03
9.48102624E-02  2.32344389E-01  1.72073918E-03
9.51088774E-02  2.59825915E-01  1.78478647E-03
9.54074924E-02  2.94595450E-01  1.92554272E-03
9.57061074E-02  3.25901687E-01  2.01991387E-03
9.60047224E-02  3.53642195E-01  2.10598344E-03
9.63033374E-02  3.72188449E-01  2.13982700E-03
9.66019524E-02  3.77787292E-01  2.16715084E-03
9.69005674E-02  3.73774618E-01  2.14997726E-03
9.71991824E-02  3.57267320E-01  2.09650048E-03
9.74977974E-02  3.28737170E-01  2.00412236E-03
9.77964124E-02  2.97939330E-01  1.90140901E-03
9.80950274E-02  2.66549379E-01  1.81087421E-03
9.83936424E-02  2.38903418E-01  1.71513809E-03
9.86922574E-02  2.13082805E-01  1.61840231E-03
9.89908724E-02  1.90103605E-01  1.51238311E-03
9.92894874E-02  1.73721567E-01  1.44148665E-03
9.95881024E-02  1.57874674E-01  1.38529204E-03
9.98867174E-02  1.48437083E-01  1.34786940E-03
1.00185332E-01  1.38542071E-01  1.27290445E-03
1.00483947E-01  1.30157620E-01  1.25354540E-03
1.00782562E-01  1.23151548E-01  1.20459253E-03
1.01081177E-01  1.20975815E-01  1.20596529E-03
1.01379792E-01  1.15289442E-01  1.17282593E-03
1.01678407E-01  1.13153532E-01  1.14943343E-03
1.01977022E-01  1.08560741E-01  1.13808829E-03
1.02275637E-01  1.05279885E-01  1.12076011E-03
1.02574252E-01  1.02557719E-01  1.10156182E-03
1.02872867E-01  1.01647049E-01  1.08497997E-03
1.03171482E-01  1.00290909E-01  1.07684173E-03
1.03470097E-01  9.97253731E-02  1.07555394E-03
1.03768712E-01  9.92104858E-02  1.08253956E-03
1.04067327E-01  9.73395929E-02  1.05319731E-03
1.04365942E-01  9.42249894E-02  1.04804465E-03
1.04664557E-01  9.39427987E-02  1.04561774E-03
1.04963172E-01  9.33810174E-02  1.03488727E-03
1.05261787E-01  9.18994248E-02  1.02914055E-03
1.05560402E-01  9.16383490E-02  1.01701182E-03
1.05859017E-01  9.19438079E-02  1.03190471E-03
1.06157632E-01  8.89427438E-02  1.00837194E-03
1.06456247E-01  9.06234533E-02  1.01785560E-03
1.06754862E-01  8.88451636E-02  9.95874405E-04
1.07053477E-01  8.93544480E-02  1.00506167E-03
1.07352092E-01  8.93772244E-02  1.00519077E-03
1.07650707E-01  8.95198286E-02  1.00679451E-03
1.07949322E-01  8.91001374E-02  1.00283581E-03
1.08247937E-01  8.89589936E-02  1.00124709E-03
1.08546552E-01  8.95793885E-02  1.00874109E-03
1.08845167E-01  8.95932168E-02  9.92300105E-04
1.09143782E-01  8.80422890E-02  9.95288836E-04
1.09442397E-01  9.04208496E-02  9.96104674E-04
1.09741012E-01  9.15682912E-02  1.00551674E-03
1.10039627E-01  8.86396840E-02  9.97085124E-04
1.10338242E-01  9.06468332E-02  1.00200484E-03
1.10636857E-01  8.96298811E-02  9.84171522E-04
1.10935472E-01  9.34431553E-02  1.00412685E-03
1.11234087E-01  9.21334177E-02  1.00627681E-03
1.11532702E-01  9.15304199E-02  1.00220460E-03
1.11831317E-01  9.30377319E-02  1.00500614E-03
1.12129932E-01  9.38850641E-02  1.01150689E-03
1.12428547E-01  9.24630016E-02  1.00343348E-03
1.12727162E-01  9.31373239E-02  1.00286899E-03
1.13025777E-01  9.47249308E-02  1.01023039E-03
1.13324392E-01  9.42776054E-02  1.00631861E-03
1.13623007E-01  9.75235924E-02  1.02582562E-03
1.13921622E-01  9.61483493E-02  1.01934234E-03
1.14220237E-01  9.78344679E-02  1.01822556E-03
1.14518852E-01  9.85805988E-02  1.01381959E-03
1.14817467E-01  1.00271136E-01  1.03703490E-03
1.15116082E-01  9.98739004E-02  1.03419949E-03
1.15414697E-01  1.01165369E-01  1.03619113E-03
1.15713312E-01  1.01143844E-01  1.02616707E-03
1.16011927E-01  1.04743227E-01  1.04811380E-03
1.16310542E-01  1.04219101E-01  1.05487299E-03
1.16609157E-01  1.06046550E-01  1.05228939E-03
1.16907772E-01  1.06652893E-01  1.05919293E-03
1.17206387E-01  1.09193273E-01  1.06739777E-03
1.17505002E-01  1.11000881E-01  1.06954342E-03
1.17803617E-01  1.11573376E-01  1.08415680E-03
1.18102232E-01  1.15851231E-01  1.09425164E-03
1.18400847E-01  1.17091291E-01  1.10169721E-03
1.18699462E-01  1.21081114E-01  1.11786765E-03
1.18998077E-01  1.20387316E-01  1.10428489E-03
1.19296692E-01  1.25862822E-01  1.15064438E-03
1.19595307E-01  1.26443118E-01  1.13252818E-03
1.19893922E-01  1.28631338E-01  1.13984896E-03
1.20192537E-01  1.32028311E-01  1.16816349E-03
1.20491152E-01  1.36863485E-01  1.17243151E-03
1.20789767E-01  1.39282420E-01  1.19376660E-03
1.21088382E-01  1.43657416E-01  1.21062959E-03
1.21386997E-01  1.47842035E-01  1.21855189E-03
1.21685612E-01  1.52594686E-01  1.24951743E-03
1.21984227E-01  1.57693163E-01  1.26207049E-03
1.22282842E-01  1.62932873E-01  1.27384637E-03
1.22581457E-01  1.69117957E-01  1.28880073E-03
1.22880072E-01  1.74489632E-01  1.33233133E-03
1.23178687E-01  1.83256641E-01  1.35286199E-03
1.23477302E-01  1.93694085E-01  1.39478268E-03
1.23775917E-01  2.01909930E-01  1.40725146E-03
1.24074532E-01  2.12459832E-01  1.45770248E-03
1.24373147E-01  2.24270761E-01  1.49557053E-03
1.24671762E-01  2.36999124E-01  1.52886752E-03
1.24970377E-01  2.51394093E-01  1.57026260E-03
1.25268992E-01  2.70626932E-01  1.62697968E-03
1.25567607E-01  2.87856638E-01  1.66994811E-03
1.25866222E-01  3.03656638E-01  1.74270850E-03
1.26164837E-01  3.29639256E-01  1.79563288E-03
1.26463452E-01  3.53058547E-01  1.84943760E-03
1.26762067E-01  3.81133258E-01  1.92947325E-03
1.27060682E-01  4.08446044E-01  1.99194578E-03
1.27359297E-01  4.40382391E-01  2.09944067E-03
1.27657912E-01  4.75737482E-01  2.13093217E-03
1.27956527E-01  5.12243569E-01  2.22089933E-03
1.28255142E-01  5.44702649E-01  2.30665435E-03
1.28553757E-01  5.90105116E-01  2.35908106E-03
1.28852372E-01  6.26528919E-01  2.44053616E-03
1.29150987E-01  6.63121700E-01  2.51079816E-03
1.29449602E-01  7.04748988E-01  2.60413345E-03
1.29748217E-01  7.37671435E-01  2.66246661E-03
1.30046832E-01  7.68872201E-01  2.69640330E-03
1.30345447E-01  8.00179660E-01  2.74346420E-03
1.30644062E-01  8.31860304E-01  2.79355445E-03
1.30942677E-01  8.49127412E-01  2.84312060E-03
1.31241292E-01  8.68576705E-01  2.86591868E-03
1.31539907E-01  8.83541942E-01  2.87524238E-03
1.31838522E-01  8.93170118E-01  2.90428428E-03
1.32137137E-01  8.98074090E-01  2.93872971E-03
1.32435752E-01  9.01482582E-01  2.98290025E-03
1.32734367E-01  8.99942219E-01  2.97622336E-03
1.33032982E-01  8.97145569E-01  3.00295674E-03
1.33331597E-01  8.94112051E-01  2.99787894E-03
1.33630212E-01  8.75135422E-01  2.97856424E-03
1.33928827E-01  8.64938080E-01  3.00653931E-03
1.34227442E-01  8.45938087E-01  2.90168030E-03
1.34526057E-01  8.30597997E-01  2.93334597E-03
1.34824672E-01  8.15984964E-01  2.92885676E-03
1.35123287E-01  7.88842916E-01  2.86284694E-03
1.35421902E-01  7.66647398E-01  2.84737488E-03
1.35720517E-01  7.44549334E-01  2.77726073E-03
1.36019132E-01  7.28045225E-01  2.79564899E-03
1.36317747E-01  7.07223952E-01  2.72872392E-03
1.36616362E-01  6.77929580E-01  2.66373460E-03
1.36914977E-01  6.49342835E-01  2.63625267E-03
1.37213592E-01  6.25391304E-01  2.59108422E-03
1.37512207E-01  6.02703810E-01  2.56900373E-03
1.37810822E-01  5.78728080E-01  2.49255029E-03
1.38109437E-01  5.46791971E-01  2.42280378E-03
1.38408052E-01  5.27546525E-01  2.38882541E-03
1.38706667E-01  5.01920879E-01  2.33542547E-03
1.39005282E-01  4.83397245E-01  2.31686025E-03
1.39303897E-01  4.61677879E-01  2.21957965E-03
1.39602512E-01  4.40702826E-01  2.21046037E-03
1.39901127E-01  4.17404622E-01  2.14789226E-03
1.40199742E-01  3.99902374E-01  2.09264015E-03
1.40498357E-01  3.82274657E-01  2.06761854E-03
1.40796972E-01  3.64375770E-01  1.99216581E-03
1.41095587E-01  3.46099317E-01  1.96968718E-03
1.41394202E-01  3.26001555E-01  1.89969724E-03
1.41692817E-01  3.12908977E-01  1.87286723E-03
1.41991432E-01  2.97698081E-01  1.82678120E-03
1.42290047E-01  2.84380168E-01  1.77291478E-03
1.42588662E-01  2.75902838E-01  1.76984468E-03
1.42887277E-01  2.64353186E-01  1.72280136E-03
1.43185892E-01  2.54437625E-01  1.68486952E-03
1.43484507E-01  2.44837523E-01  1.66590838E-03
1.43783122E-01  2.41307199E-01  1.64017989E-03
1.44081737E-01  2.32050166E-01  1.61348388E-03
1.44380352E-01  2.27759674E-01  1.58541522E-03
1.44678967E-01  2.25238204E-01  1.55916205E-03
1.44977582E-01  2.24409491E-01  1.58733071E-03
1.45276197E-01  2.22383365E-01  1.55695679E-03
1.45574812E-01  2.20200971E-01  1.56743545E-03
1.45873427E-01  2.20116645E-01  1.53091527E-03
1.46172042E-01  2.21966654E-01  1.54839514E-03
1.46470657E-01  2.25662783E-01  1.57995545E-03
1.46769272E-01  2.31516182E-01  1.58135628E-03
1.47067887E-01  2.39627033E-01  1.60516531E-03
1.47366502E-01  2.45684579E-01  1.61739637E-03
1.47665117E-01  2.52211988E-01  1.64120388E-03
1.47963732E-01  2.56706417E-01  1.67474616E-03
1.48262347E-01  2.72230387E-01  1.70637958E-03
1.48560962E-01  2.81871468E-01  1.73895375E-03
1.48859577E-01  2.88579017E-01  1.73609820E-03
1.49158192E-01  3.03105593E-01  1.81633909E-03
1.49456807E-01  3.13206553E-01  1.82482763E-03
1.49755422E-01  3.22586328E-01  1.84712396E-03
1.50054037E-01  3.36210757E-01  1.89777021E-03
1.50352652E-01  3.41578454E-01  1.88881764E-03
1.50651267E-01  3.50337446E-01  1.94016099E-03
1.50949882E-01  3.61063629E-01  1.93910149E-03
1.51248497E-01  3.65955770E-01  1.96155976E-03
1.51547112E-01  3.72762054E-01  2.01428263E-03
1.51845727E-01  3.77118945E-01  1.96739263E-03
1.52144342E-01  3.84242982E-01  2.03496940E-03
1.52442957E-01  3.88236821E-01  1.98475644E-03
1.52741572E-01  3.87271196E-01  2.01120833E-03
1.53040187E-01  3.87973249E-01  2.04173825E-03
1.53338802E-01  3.84723842E-01  1.99218490E-03
1.53637417E-01  3.89101654E-01  2.02791928E-03
1.53936032E-01  3.82145107E-01  1.98047841E-03
1.54234647E-01  3.82489383E-01  1.98567891E-03
1.54533262E-01  3.78876150E-01  2.00708141E-03
1.54831877E-01  3.79510075E-01  1.98081043E-03
1.55130492E-01  3.71960402E-01  1.96387060E-03
1.55429107E-01  3.65997374E-01  1.93749776E-03
1.55727722E-01  3.59964222E-01  1.94045855E-03
1.56026337E-01  3.54370445E-01  1.91409036E-03
1.56324952E-01  3.44589323E-01  1.88134518E-03
1.56623567E-01  3.40308040E-01  1.89092115E-03
1.56922182E-01  3.28363270E-01  1.83057936E-03
1.57220797E-01  3.25162858E-01  1.84632465E-03
1.57519412E-01  3.15870345E-01  1.79735990E-03
1.57818027E-01  3.09739172E-01  1.77855417E-03
1.58116642E-01  3.01600277E-01  1.77883415E-03
1.58415257E-01  2.89754659E-01  1.72022579E-03
1.58713872E-01  2.80638188E-01  1.70898589E-03
1.59012487E-01  2.75223136E-01  1.66817219E-03
1.59311102E-01  2.69617856E-01  1.67632732E-03
1.59609717E-01  2.57524103E-01  1.64131331E-03
1.59908332E-01  2.50222415E-01  1.58052368E-03
1.60206947E-01  2.42390200E-01  1.57111639E-03
1.60505562E-01  2.32940480E-01  1.54018856E-03
1.60804177E-01  2.27523297E-01  1.52054348E-03
1.61102792E-01  2.15565100E-01  1.48057705E-03
1.61401407E-01  2.09281877E-01  1.45313609E-03
1.61700022E-01  2.03961253E-01  1.43251556E-03
1.61998637E-01  1.95596397E-01  1.40582293E-03
1.62297252E-01  1.88487217E-01  1.38646027E-03
1.62595867E-01  1.81526929E-01  1.35964737E-03
1.62894482E-01  1.74174249E-01  1.31682167E-03
1.63193097E-01  1.68325156E-01  1.31351792E-03
1.63491712E-01  1.60478890E-01  1.26134744E-03
1.63790327E-01  1.52539134E-01  1.24906271E-03
1.64088942E-01  1.51194856E-01  1.22261769E-03
1.64387557E-01  1.47118673E-01  1.21535885E-03
1.64686172E-01  1.39630169E-01  1.19806780E-03
1.64984787E-01  1.34396940E-01  1.15431310E-03
1.65283402E-01  1.28756315E-01  1.13699026E-03
1.65582017E-01  1.24961957E-01  1.11074012E-03
1.65880632E-01  1.22438245E-01  1.10407826E-03
1.66179247E-01  1.18826918E-01  1.09654211E-03
1.66477862E-01  1.13953874E-01  1.05885696E-03
1.66776477E-01  1.12456203E-01  1.06109644E-03
1.67075092E-01  1.09273829E-01  1.04819320E-03
1.67373707E-01  1.05355904E-01  1.02597219E-03
1.67672322E-01  1.02674171E-01  1.01212098E-03
1.67970937E-01  9.93258730E-02  9.86183644E-04
1.68269552E-01  9.79699269E-02  9.87281092E-04
1.68568167E-01  9.65188891E-02  9.70149296E-04
1.68866782E-01  9.34379846E-02  9.68594395E-04
1.69165397E-01  9.31457579E-02  9.59653757E-04
1.69464012E-01  8.88111666E-02  9.31249873E-04
1.69762627E-01  8.77100900E-02  9.31558607E-04
1.70061242E-01  8.68487284E-02  9.23765881E-04
1.70359857E-01  8.62314180E-02  9.31157498E-04
1.70658472E-01  8.34930316E-02  8.99857725E-04
1.70957087E-01  8.35577473E-02  9.03604203E-04
1.71255702E-01  8.14122409E-02  9.02854430E-04
1.71554317E-01  7.96718970E-02  8.73093784E-04
1.71852932E-01  7.91357532E-02  8.81191983E-04
1.72151547E-01  7.96850398E-02  8.81210726E-04
1.72450162E-01  7.69751519E-02  8.68183794E-04
1.72748777E-01  7.81747997E-02  8.77040846E-04
1.73047392E-01  7.62882829E-02  8.62523972E-04
1.73346007E-01  7.70305172E-02  8.68201023E-04
1.73644622E-01  7.53555074E-02  8.54603713E-04
1.73943237E-01  7.37292692E-02  8.45621456E-04
1.74241852E-01  7.38310218E-02  8.51449382E-04
1.74540467E-01  7.33034089E-02  8.37766915E-04
1.74839082E-01  7.16904551E-02  8.38728680E-04
1.75137697E-01  7.20836446E-02  8.33016878E-04
1.75436312E-01  7.26233944E-02  8.41561530E-04
1.75734927E-01  6.96364343E-02  8.14085477E-04
1.76033542E-01  6.89480230E-02  8.12503800E-04
1.76332157E-01  6.74914718E-02  8.16057669E-04
1.76630772E-01  6.88551813E-02  8.09780788E-04
1.76929387E-01  6.90411553E-02  8.23378447E-04
1.77228002E-01  6.89584836E-02  8.07153294E-04
1.77526617E-01  6.82175308E-02  8.08739278E-04
1.77825232E-01  6.76383451E-02  8.08028912E-04
1.78123847E-01  6.80590570E-02  8.07257718E-04
1.78422462E-01  6.69772923E-02  8.00817797E-04
1.78721077E-01  6.71766251E-02  8.04178882E-04
1.79019692E-01  6.68659061E-02  8.02589930E-04
1.79318307E-01  6.58992454E-02  7.97038723E-04
1.79616922E-01  6.66426271E-02  7.89569167E-04
1.79915537E-01  6.68971911E-02  8.01695918E-04
1.80214152E-01  6.51193187E-02  7.84114935E-04
1.80512767E-01  6.68862388E-02  8.02718336E-04
1.80811382E-01  6.55772835E-02  7.92681007E-04
1.81109997E-01  6.57549351E-02  7.86371296E-04
1.81408612E-01  6.56470135E-02  7.93639803E-04
1.81707227E-01  6.57754317E-02  7.89899437E-04
1.82005842E-01  6.53962046E-02  7.87620316E-04
1.82304457E-01  6.61263019E-02  7.87552795E-04
1.82603072E-01  6.50995970E-02  7.84788281E-04
1.82901687E-01  6.56864494E-02  7.93884567E-04
1.83200302E-01  6.56515658E-02  7.86542485E-04
1.83498917E-01  6.52273074E-02  7.80899369E-04
1.83797532E-01  6.48553893E-02  7.77394453E-04
1.84096147E-01  6.41313791E-02  7.80235627E-04
1.84394762E-01  6.33653551E-02  7.76860630E-04
1.84693377E-01  6.49004579E-02  7.80744129E-04
1.84991992E-01  6.46446049E-02  7.83355208E-04
1.85290607E-01  6.46328256E-02  7.73283653E-04
1.85589222E-01  6.52712435E-02  7.82716612E-04
1.85887837E-01  6.60710037E-02  7.85169832E-04
1.86186452E-01  6.51987046E-02  7.78439920E-04
1.86485067E-01  6.52116835E-02  7.82621617E-04
1.86783682E-01  6.51533306E-02  7.79957860E-04
1.87082297E-01  6.39251694E-02  7.75891473E-04
1.87380912E-01  6.61475807E-02  7.84089207E-04
1.87679527E-01  6.57096505E-02  7.74934015E-04
1.87978142E-01  6.58278242E-02  7.85280019E-04
1.88276757E-01  6.49477392E-02  7.78221933E-04
1.88575372E-01  6.71626776E-02  7.93727639E-04
1.88873987E-01  6.66928738E-02  7.86037650E-04
1.89172602E-01  6.63199127E-02  7.79533293E-04
1.89471217E-01  6.70015365E-02  7.89401471E-04
1.89769832E-01  6.75505102E-02  7.94711872E-04
1.90068447E-01  6.99223056E-02  7.97097455E-04
1.90367062E-01  6.87799826E-02  7.97988963E-04
1.90665677E-01  6.94359019E-02  7.99965521E-04
1.90964292E-01  7.11502060E-02  8.08211975E-04
1.91262907E-01  7.25673661E-02  8.19669396E-04
1.91561522E-01  7.25133345E-02  8.09157500E-04
1.91860137E-01  7.41106346E-02  8.29152355E-04
1.92158752E-01  7.47408569E-02  8.28360149E-04
1.92457367E-01  7.57354125E-02  8.34933482E-04
1.92755982E-01  7.67193586E-02  8.36827792E-04
1.93054597E-01  7.69827440E-02  8.38803011E-04
1.93353212E-01  7.79092684E-02  8.39531771E-04
1.93651827E-01  8.06150585E-02  8.63094523E-04
1.93950442E-01  8.05480033E-02  8.58011132E-04
1.94249057E-01  8.38142857E-02  8.69113719E-04
1.94547672E-01  8.40748921E-02  8.77161277E-04
1.94846287E-01  8.64320174E-02  8.87661881E-04
1.95144902E-01  8.61218795E-02  8.90937168E-04
1.95443517E-01  9.13891643E-02  8.98480124E-04
1.95742132E-01  9.17595327E-02  9.12860734E-04
1.96040747E-01  9.40363482E-02  9.25893721E-04
1.96339362E-01  9.59349051E-02  9.37300618E-04
1.96637977E-01  9.62664038E-02  9.29687172E-04
1.96936592E-01  1.00580275E-01  9.52095957E-04
1.97235207E-01  1.00370020E-01  9.54434392E-04
1.97533822E-01  1.02147534E-01  9.59184603E-04
1.97832437E-01  1.04466766E-01  9.73100483E-04
1.98131052E-01  1.05329134E-01  9.71859554E-04
1.98429667E-01  1.08457983E-01  9.87124513E-04
1.98728282E-01  1.08994164E-01  9.92703717E-04
1.99026897E-01  1.08965315E-01  9.86323459E-04
1.99325512E-01  1.10525534E-01  9.96494084E-04
1.99624127E-01  1.10851206E-01  9.97647876E-04
1.99922742E-01  1.14109628E-01  1.01029454E-03
2.00221357E-01  1.12566732E-01  1.00917148E-03
2.00519972E-01  1.15987316E-01  1.01412158E-03
2.00818587E-01  1.14133894E-01  1.00504875E-03
2.01117202E-01  1.14556387E-01  1.01676374E-03
2.01415817E-01  1.14638641E-01  1.00695901E-03
2.01714432E-01  1.14066795E-01  1.00916415E-03
2.02013047E-01  1.12470813E-01  9.98017145E-04
2.02311662E-01  1.13585480E-01  1.00703631E-03
2.02610277E-01  1.13836147E-01  1.01068977E-03
2.02908892E-01  1.11710750E-01  9.90337227E-04
2.03207507E-01  1.10251747E-01  9.87822074E-04
2.03506122E-01  1.09363131E-01  9.82307945E-04
2.03804737E-01  1.07702270E-01  9.75730596E-04
2.04103352E-01  1.07015289E-01  9.75652074E-04
2.04401967E-01  1.04920842E-01  9.64853039E-04
2.04700582E-01  1.06582038E-01  9.64079576E-04
2.04999197E-01  1.05437577E-01  9.61547892E-04
2.05297812E-01  1.00251116E-01  9.46692540E-04
2.05596427E-01  9.86131355E-02  9.31349292E-04
2.05895042E-01  9.92010385E-02  9.36442462E-04
2.06193657E-01  9.61170569E-02  9.15815996E-04
2.06492272E-01  9.46982801E-02  9.07920068E-04
2.06790887E-01  9.51408595E-02  9.20234481E-04
2.07089502E-01  9.18074027E-02  8.89074174E-04
2.07388117E-01  9.03773680E-02  8.93556222E-04
2.07686732E-01  8.76293480E-02  8.76337290E-04
2.07985347E-01  8.48722458E-02  8.59534601E-04
2.08283962E-01  8.35930780E-02  8.55130202E-04
2.08582577E-01  8.46615061E-02  8.54556565E-04
2.08881192E-01  8.29842091E-02  8.49925156E-04
2.09179807E-01  7.95450509E-02  8.35974293E-04
2.09478422E-01  7.86265284E-02  8.21301946E-04
2.09777037E-01  7.79431462E-02  8.26242147E-04
2.10075652E-01  7.51513019E-02  8.03676841E-04
2.10374267E-01  7.46899471E-02  8.11320206E-04
2.10672882E-01  7.21895173E-02  7.95166066E-04
2.10971497E-01  7.15111569E-02  7.78584101E-04
2.11270112E-01  7.02734515E-02  7.83821684E-04
2.11568727E-01  6.97772503E-02  7.73015723E-04
2.11867342E-01  6.80502430E-02  7.70616112E-04
2.12165957E-01  6.72810823E-02  7.59523362E-04
2.12464572E-01  6.57305866E-02  7.50044303E-04
2.12763187E-01  6.38722703E-02  7.42951990E-04
2.13061802E-01  6.31179661E-02  7.37881230E-04
2.13360417E-01  6.10870086E-02  7.28569867E-04
2.13659032E-01  6.12377785E-02  7.21794378E-04
2.13957647E-01  5.89799546E-02  7.09213433E-04
2.14256262E-01  5.97735532E-02  7.17202318E-04
2.14554877E-01  5.76392710E-02  7.00060686E-04
2.14853492E-01  5.77866882E-02  7.02006451E-04
2.15152107E-01  5.64830974E-02  6.93213777E-04
2.15450722E-01  5.63013367E-02  6.99031516E-04
2.15749337E-01  5.51714860E-02  6.87178457E-04
2.16047952E-01  5.50045036E-02  6.83879654E-04
2.16346567E-01  5.34786209E-02  6.74731855E-04
2.16645182E-01  5.33068664E-02  6.69851317E-04
2.16943797E-01  5.36001921E-02  6.75298914E-04
2.17242412E-01  5.28752878E-02  6.75174815E-04
2.17541027E-01  5.18062897E-02  6.57834462E-04
2.17839642E-01  5.19411638E-02  6.69999456E-04
2.18138257E-01  5.15665375E-02  6.55159878E-04
2.18436872E-01  5.17356135E-02  6.63059123E-04
2.18735487E-01  5.25280610E-02  6.64752384E-04
2.19034102E-01  5.22114486E-02  6.63139566E-04
2.19332717E-01  4.97773550E-02  6.51757175E-04
2.19631332E-01  5.05223721E-02  6.53877738E-04
2.19929947E-01  5.07814810E-02  6.53033378E-04
2.20228562E-01  5.19225374E-02  6.58197154E-04
2.20527177E-01  5.30839041E-02  6.69059868E-04
2.20825792E-01  5.23227341E-02  6.65035914E-04
2.21124407E-01  5.29802144E-02  6.67223241E-04
2.21423022E-01  5.24332710E-02  6.62598468E-04
2.21721637E-01  5.25018573E-02  6.61671336E-04
2.22020252E-01  5.46214990E-02  6.74699491E-04
2.22318867E-01  5.50224856E-02  6.81579229E-04
2.22617482E-01  5.39694875E-02  6.67154847E-04
2.22916097E-01  5.44145964E-02  6.79016404E-04
2.23214712E-01  5.49802892E-02  6.75533433E-04
2.23513327E-01  5.58965802E-02  6.85757259E-04
2.23811942E-01  5.50261363E-02  6.76607713E-04
2.24110557E-01  5.61309047E-02  6.80587080E-04
2.24409172E-01  5.80044128E-02  6.97130163E-04
2.24707787E-01  5.79590611E-02  6.90184475E-04
2.25006402E-01  5.78748025E-02  6.97793439E-04
2.25305017E-01  5.82141392E-02  6.87350228E-04
2.25603632E-01  5.98449074E-02  7.06654391E-04
2.25902247E-01  5.88316582E-02  7.01471290E-04
2.26200862E-01  6.01423569E-02  7.05315440E-04
2.26499477E-01  5.98080494E-02  7.00913020E-04
2.26798092E-01  5.96992597E-02  7.04149541E-04
2.27096707E-01  6.03041910E-02  7.06678955E-04
2.27395322E-01  6.00299202E-02  7.07754341E-04
2.27693937E-01  6.16300665E-02  7.08251202E-04
2.27992552E-01  6.12777583E-02  7.08662032E-04
2.28291167E-01  6.22471273E-02  7.13835703E-04
2.28589782E-01  6.20435663E-02  7.18479976E-04
2.28888397E-01  6.29334077E-02  7.21089717E-04
2.29187012E-01  6.21351227E-02  7.10545050E-04
2.29485627E-01  6.08155392E-02  7.05585058E-04
2.29784242E-01  6.20335825E-02  7.15920352E-04
2.30082857E-01  6.04905374E-02  7.02287187E-04
2.30381472E-01  6.07119910E-02  7.02166057E-04
2.30680087E-01  6.08951189E-02  7.05038896E-04
2.30978702E-01  6.12871870E-02  7.07306375E-04
2.31277317E-01  6.13384098E-02  7.08416628E-04
2.31575932E-01  5.97742982E-02  6.99126569E-04
2.31874547E-01  5.84424697E-02  6.85993582E-04
2.32173162E-01  5.83030917E-02  6.88496511E-04
2.32471777E-01  5.84966652E-02  6.91023364E-04
2.32770392E-01  5.62971085E-02  6.75586925E-04
2.33069007E-01  5.85412160E-02  6.88529632E-04
2.33367622E-01  5.67851141E-02  6.75630348E-04
2.33666237E-01  5.66768236E-02  6.80781202E-04
2.33964852E-01  5.66001572E-02  6.75104326E-04
2.34263467E-01  5.48530184E-02  6.64604420E-04
2.34562082E-01  5.49640991E-02  6.66979118E-04
2.34860697E-01  5.48741668E-02  6.65300293E-04
2.35159312E-01  5.39076962E-02  6.60165737E-04
2.35457927E-01  5.30842319E-02  6.51597802E-04
2.35756542E-01  5.35905175E-02  6.52138086E-04
2.36055157E-01  5.27351424E-02  6.52394898E-04
2.36353772E-01  5.26860617E-02  6.51538488E-04
2.36652387E-01  5.14266901E-02  6.47196721E-04
2.36951002E-01  4.92680147E-02  6.22003456E-04
2.37249617E-01  4.99804802E-02  6.36397162E-04
2.37548232E-01  5.00513464E-02  6.33967808E-04
2.37846847E-01  4.81914580E-02  6.19982893E-04
2.38145462E-01  4.95042354E-02  6.27844245E-04
2.38444077E-01  4.85026762E-02  6.17330254E-04
2.38742692E-01  4.64732945E-02  6.14369346E-04
2.39041307E-01  4.64375056E-02  6.08601142E-04
2.39339922E-01  4.61926423E-02  6.05808396E-04
2.39638537E-01  4.63897176E-02  6.07609749E-04
2.39937152E-01  4.35202196E-02  5.86879847E-04
2.40235767E-01  4.42464203E-02  5.95914782E-04
2.40534382E-01  4.36165892E-02  5.87858842E-04
2.40832997E-01  4.28317562E-02  5.81254018E-04
2.41131612E-01  4.24348488E-02  5.81626839E-04
2.41430227E-01  4.22981232E-02  5.75871207E-04
2.41728842E-01  4.14824784E-02  5.76034421E-04
2.42027457E-01  3.99566256E-02  5.57866297E-04
2.42326072E-01  3.98807451E-02  5.59485285E-04
2.42624687E-01  4.04031426E-02  5.68494725E-04
2.42923302E-01  3.95129360E-02  5.58909087E-04
2.43221917E-01  3.90754342E-02  5.50631376E-04
2.43520532E-01  3.83495204E-02  5.47738513E-04
2.43819147E-01  3.87735032E-02  5.51213976E-04
2.44117762E-01  3.74630913E-02  5.44374459E-04
2.44416377E-01  3.65068018E-02  5.38732100E-04
2.44714992E-01  3.72259468E-02  5.36863052E-04
2.45013607E-01  3.63754556E-02  5.36268519E-04
2.45312222E-01  3.62253785E-02  5.31921512E-04
2.45610837E-01  3.53297293E-02  5.26898715E-04
2.45909452E-01  3.52077782E-02  5.20697504E-04
2.46208067E-01  3.54601517E-02  5.26855467E-04
2.46506682E-01  3.40034179E-02  5.14789834E-04
2.46805297E-01  3.44176851E-02  5.22079703E-04
2.47103912E-01  3.36205661E-02  5.09519479E-04
2.47402527E-01  3.34045030E-02  5.07880759E-04
2.47701142E-01  3.31361182E-02  5.08883910E-04
2.47999757E-01  3.35811116E-02  5.11869090E-04
2.48298372E-01  3.25121395E-02  5.06581913E-04
2.48596987E-01  3.30523923E-02  5.01139089E-04
2.48895602E-01  3.10598426E-02  4.89207217E-04
2.49194217E-01  3.16447653E-02  4.94328793E-04
2.49492832E-01  3.15485150E-02  4.94517561E-04
2.49791447E-01  3.14236358E-02  4.94753069E-04
2.50090062E-01  3.24212350E-02  4.99142800E-04
2.50388677E-01  3.03733405E-02  4.86549863E-04
2.50687292E-01  3.06385793E-02  4.86940466E-04
2.50985907E-01  2.99025606E-02  4.78333852E-04
2.51284522E-01  3.00446637E-02  4.82462376E-04
2.51583137E-01  2.98462920E-02  4.77372669E-04
2.51881752E-01  2.91652642E-02  4.73934429E-04
2.52180367E-01  2.89651565E-02  4.72306798E-04
2.52478982E-01  2.89235488E-02  4.70317173E-04
2.52777597E-01  2.87795570E-02  4.70030849E-04
2.53076212E-01  2.94173583E-02  4.75339912E-04
2.53374827E-01  2.98017841E-02  4.79863200E-04
2.53673442E-01  2.89320871E-02  4.66768019E-04
2.53972057E-01  2.92458273E-02  4.73062537E-04
2.54270672E-01  2.95820460E-02  4.75647248E-04
2.54569287E-01  2.92837359E-02  4.75420384E-04
2.54867902E-01  2.83587519E-02  4.65460820E-04
2.55166517E-01  2.87449136E-02  4.65630641E-04
2.55465132E-01  2.88168322E-02  4.68829880E-04
2.55763747E-01  2.87258495E-02  4.68466955E-04
2.56062362E-01  2.82218773E-02  4.64215816E-04
2.56360977E-01  2.92273629E-02  4.69277526E-04
2.56659592E-01  2.72747576E-02  4.52136825E-04
2.56958207E-01  2.85123289E-02  4.66101832E-04
2.57256822E-01  2.93249972E-02  4.71941399E-04
2.57555437E-01  2.84142103E-02  4.62340657E-04
2.57854052E-01  2.79756691E-02  4.59855015E-04
2.58152667E-01  2.77592577E-02  4.59663454E-04
2.58451282E-01  2.80027054E-02  4.61799209E-04
2.58749897E-01  2.88636014E-02  4.64515935E-04
2.59048512E-01  2.83699259E-02  4.61497926E-04
2.59347127E-01  2.82951649E-02  4.60647629E-04
2.59645742E-01  2.81950720E-02  4.62152209E-04
2.59944357E-01  2.81563308E-02  4.62574768E-04
2.60242972E-01  2.70009227E-02  4.47290251E-04
2.60541587E-01  2.88757253E-02  4.66831785E-04
2.60840202E-01  2.79202610E-02  4.57832240E-04
2.61138817E-01  2.85515003E-02  4.64328768E-04
2.61437432E-01  2.82435790E-02  4.60234907E-04
2.61736047E-01  2.87288576E-02  4.62108117E-04
2.62034662E-01  2.81836931E-02  4.59870033E-04
2.62333277E-01  2.87313145E-02  4.64072771E-04
2.62631892E-01  2.82393862E-02  4.57441725E-04
2.62930507E-01  2.80983411E-02  4.56536713E-04
2.63229122E-01  2.81194504E-02  4.57544491E-04
2.63527737E-01  2.75044255E-02  4.55381261E-04
2.63826352E-01  2.85066757E-02  4.59605770E-04
2.64124967E-01  2.78398972E-02  4.54199879E-04
2.64423582E-01  2.89077759E-02  4.63191886E-04
2.64722197E-01  2.86762230E-02  4.59540694E-04
2.65020812E-01  2.78541818E-02  4.57425689E-04
2.65319427E-01  2.85800174E-02  4.57236398E-04
2.65618042E-01  2.80521829E-02  4.57724178E-04
2.65916657E-01  2.80629899E-02  4.56022506E-04
2.66215272E-01  2.81085260E-02  4.55800619E-04
2.66513887E-01  2.82709543E-02  4.57473187E-04
2.66812502E-01  2.78641079E-02  4.51362692E-04
2.67111117E-01  2.84785070E-02  4.59390518E-04
2.67409732E-01  2.92305611E-02  4.64211160E-04
2.67708347E-01  2.87819616E-02  4.61353658E-04
2.68006962E-01  2.76826713E-02  4.51755070E-04
2.68305577E-01  2.81860400E-02  4.54318157E-04
2.68604192E-01  2.81110872E-02  4.54886263E-04
2.68902807E-01  2.82736737E-02  4.55612346E-04
2.69201422E-01  2.79919300E-02  4.51248023E-04
2.69500037E-01  2.72253286E-02  4.46857593E-04
2.69798652E-01  2.83111222E-02  4.55447705E-04
2.70097267E-01  2.71067210E-02  4.48550767E-04
2.70395882E-01  2.82422695E-02  4.50853142E-04
2.70694497E-01  2.83629298E-02  4.55633068E-04
2.70993112E-01  2.75472701E-02  4.49845014E-04
2.71291727E-01  2.85903476E-02  4.57929389E-04
2.71590342E-01  2.76031569E-02  4.51118714E-04
2.71888957E-01  2.81426832E-02  4.49722022E-04
2.72187572E-01  2.86988057E-02  4.56804381E-04
2.72486187E-01  2.79416647E-02  4.51200525E-04
2.72784802E-01  2.81517748E-02  4.53824847E-04
2.73083417E-01  2.79648416E-02  4.47738450E-04
2.73382032E-01  2.76253913E-02  4.47613274E-04
2.73680647E-01  2.85472888E-02  4.57122456E-04
2.73979262E-01  2.71259062E-02  4.43437457E-04
2.74277877E-01  2.78272219E-02  4.47315921E-04
2.74576492E-01  2.78758761E-02  4.48387786E-04
2.74875107E-01  2.78433245E-02  4.49495332E-04
2.75173722E-01  2.86130793E-02  4.56365786E-04
2.75472337E-01  2.80833896E-02  4.47121973E-04
2.75770952E-01  2.82573588E-02  4.52828361E-04
2.76069567E-01  2.87598073E-02  4.52363776E-04
2.76368182E-01  2.82195266E-02  4.54150548E-04
2.76666797E-01  2.83301175E-02  4.53761313E-04
2.76965412E-01  2.83264164E-02  4.48609557E-04
2.77264027E-01  2.73860842E-02  4.44553501E-04
2.77562642E-01  2.74123028E-02  4.40874108E-04
2.77861257E-01  2.77775936E-02  4.49548592E-04
2.78159872E-01  2.79593263E-02  4.44921228E-04
2.78458487E-01  2.76631135E-02  4.44219040E-04
2.78757102E-01  2.86936108E-02  4.55741305E-04
2.79055717E-01  2.69033015E-02  4.38627845E-04
2.79354332E-01  2.75403764E-02  4.43680532E-04
2.79652947E-01  2.78547034E-02  4.46318416E-04
2.79951562E-01  2.80056838E-02  4.43864177E-04
2.80250177E-01  2.82245744E-02  4.51318861E-04
2.80548792E-01  2.73798257E-02  4.41725017E-04
2.80847407E-01  2.78408360E-02  4.43766708E-04
2.81146022E-01  2.65514925E-02  4.35211899E-04
2.81444637E-01  2.82267872E-02  4.49861400E-04
2.81743252E-01  2.73546744E-02  4.40975040E-04
2.82041867E-01  2.79749613E-02  4.42101969E-04
2.82340482E-01  2.71075070E-02  4.38761461E-04
2.82639097E-01  2.77105290E-02  4.43837431E-04
2.82937712E-01  2.74512265E-02  4.40987118E-04
2.83236327E-01  2.76788548E-02  4.42592660E-04
2.83534942E-01  2.82054245E-02  4.44579782E-04
2.83833557E-01  2.82945801E-02  4.47824626E-04
2.84132172E-01  2.85001956E-02  4.48669016E-04
2.84430787E-01  2.80223396E-02  4.47228260E-04
2.84729402E-01  2.76924558E-02  4.39120457E-04
2.85028017E-01  2.85569783E-02  4.48674225E-04
2.85326632E-01  2.81225126E-02  4.48142615E-04
2.85625247E-01  2.76636444E-02  4.37400624E-04
2.85923862E-01  2.76149232E-02  4.40669886E-04
2.86222477E-01  2.79606618E-02  4.42983728E-04
2.86521092E-01  2.78762858E-02  4.42424993E-04
2.86819707E-01  2.80530937E-02  4.46922961E-04
2.87118322E-01  2.81348061E-02  4.41008247E-04
2.87416937E-01  2.76712421E-02  4.39392170E-04
2.87715552E-01  2.67415587E-02  4.31315450E-04
2.88014167E-01  2.74793226E-02  4.40247124E-04
2.88312782E-01  2.85442825E-02  4.47922241E-04
2.88611397E-01  2.87008882E-02  4.43922530E-04
2.88910012E-01  2.80094426E-02  4.44146950E-04
2.89208627E-01  2.77147051E-02  4.39528521E-04
2.89507242E-01  2.81962324E-02  4.43006342E-04
2.89805857E-01  2.77562346E-02  4.37934970E-04
2.90104472E-01  2.86196917E-02  4.44049831E-04
2.90403087E-01  2.78062467E-02  4.42429242E-04
2.90701702E-01  2.88633388E-02  4.47238388E-04
2.91000317E-01  2.78124083E-02  4.38276096E-04
2.91298932E-01  2.77263727E-02  4.38556948E-04
2.91597547E-01  2.75851563E-02  4.38080431E-04
2.91896162E-01  2.73920950E-02  4.36226313E-04
2.92194777E-01  2.72972845E-02  4.33782319E-04
2.92493392E-01  2.79167239E-02  4.39102907E-04
2.92792007E-01  2.79570334E-02  4.39954660E-04
2.93090622E-01  2.77847685E-02  4.38385177E-04
2.93389237E-01  2.68941857E-02  4.31093998E-04
2.93687852E-01  2.77068336E-02  4.34513437E-04
2.93986467E-01  2.74467785E-02  4.35608265E-04
2.94285082E-01  2.71151941E-02  4.30779968E-04
2.94583697E-01  2.76782140E-02  4.38508898E-04
2.94882312E-01  2.80865449E-02  4.38852265E-04
2.95180927E-01  2.68598180E-02  4.26400016E-04
2.95479542E-01  2.67680343E-02  4.29568870E-04
2.95778157E-01  2.78690383E-02  4.36627888E-04
2.96076772E-01  2.73613501E-02  4.32945759E-04
2.96375387E-01  2.70019751E-02  4.29578009E-04
2.96674002E-01  2.66758092E-02  4.26771992E-04
2.96972617E-01  2.74684597E-02  4.35897498E-04
2.97271232E-01  2.71698814E-02  4.33733774E-04
2.97569847E-01  2.78341006E-02  4.39218216E-04
2.97868462E-01  2.85275765E-02  4.45961196E-04
2.98167077E-01  2.71341205E-02  4.37078939E-04
2.98465692E-01  2.78159548E-02  4.45297599E-04
2.98764307E-01  2.75824293E-02  4.39592026E-04
2.99062922E-01  2.71528251E-02  4.38863091E-04
2.99361537E-01  2.75369491E-02  4.43395227E-04
2.99660152E-01  2.74119526E-02  4.43167082E-04
2.99958767E-01  2.71743443E-02  4.41465498E-04
3.00257382E-01  2.79965438E-02  4.49341635E-04
3.00555997E-01  2.73487717E-02  4.43889352E-04
3.00854612E-01  2.70147678E-02  4.40503703E-04
3.01153227E-01  2.76431199E-02  4.48548672E-04
3.01451842E-01  2.73913294E-02  4.44463018E-04
3.01750457E-01  2.75282804E-02  4.50738502E-04
3.02049072E-01  2.79349815E-02  4.50798834E-04
3.02347687E-01  2.71786544E-02  4.53544868E-04
3.02646302E-01  2.72694621E-02  4.60084382E-04
3.02944917E-01  2.78288685E-02  4.64654178E-04
3.03243532E-01  2.75941808E-02  4.71505977E-04
3.03542147E-01  2.70900633E-02  4.67975158E-04
3.03840762E-01  2.78266240E-02  4.74026805E-04
3.04139377E-01  2.76519973E-02  4.78683418E-04
3.04437992E-01  2.73332428E-02  4.71683627E-04
3.04736607E-01  2.74717659E-02  4.80631250E-04
3.05035222E-01  2.76704449E-02  4.78429662E-04
3.05333837E-01  2.73241401E-02  4.78634873E-04
3.05632452E-01  2.70498786E-02  4.80057730E-04
3.05931067E-01  2.73597054E-02  4.80364601E-04
3.06229682E-01  2.74903569E-02  4.86726552E-04
3.06528297E-01  2.72643249E-02  4.80097980E-04
3.06826912E-01  2.72685606E-02  4.86086821E-04
3.07125527E-01  2.69928053E-02  4.84805088E-04
3.07424142E-01  2.72571892E-02  4.86580393E-04
3.07722757E-01  2.75287312E-02  4.92922321E-04
3.08021372E-01  2.75707524E-02  4.89224680E-04
3.08319987E-01  2.67723929E-02  4.78460017E-04
3.08618602E-01  2.67304592E-02  4.73420718E-04
3.08917217E-01  2.63435654E-02  4.62952186E-04
3.09215832E-01  2.68525910E-02  4.71461011E-04
3.09514447E-01  2.82430537E-02  4.75968962E-04
3.09813062E-01  2.68481076E-02  4.65115911E-04
3.10111677E-01  2.72303279E-02  4.66311001E-04
3.10410292E-01  2.76665483E-02  4.64214274E-04
3.10708907E-01  2.80476436E-02  4.71939158E-04
3.11007522E-01  2.66084392E-02  4.53275017E-04
3.11306137E-01  2.72652041E-02  4.64665296E-04
3.11604752E-01  2.70387791E-02  4.57300164E-04
3.11903367E-01  2.70343609E-02  4.56768379E-04
3.12201982E-01  2.67576184E-02  4.54302703E-04
3.12500597E-01  2.75692567E-02  4.56955982E-04
3.12799212E-01  2.74307113E-02  4.59610688E-04
3.13097827E-01  2.75063459E-02  4.57044691E-04
3.13396442E-01  2.76681781E-02  4.57778864E-04
3.13695057E-01  2.73308959E-02  4.57296788E-04
3.13993672E-01  2.74217930E-02  4.53454151E-04
3.14292287E-01  2.69187540E-02  4.50463936E-04
3.14590902E-01  2.74526421E-02  4.53592307E-04
3.14889517E-01  2.65159663E-02  4.45788173E-04
3.15188132E-01  2.65232772E-02  4.48453357E-04
3.15486747E-01  2.72842012E-02  4.48792154E-04
3.15785362E-01  2.72753034E-02  4.51773580E-04
3.16083977E-01  2.76180673E-02  4.51181666E-04
3.16382592E-01  2.70199031E-02  4.48714272E-04
3.16681207E-01  2.71290764E-02  4.47635510E-04
3.16979822E-01  2.70819217E-02  4.46553633E-04
3.17278437E-01  2.72652507E-02  4.49576532E-04
3.17577052E-01  2.71699000E-02  4.47396509E-04
3.17875667E-01  2.76477691E-02  4.57629125E-04
3.18174282E-01  2.70074569E-02  4.56444133E-04
3.18472897E-01  2.78773159E-02  4.70406929E-04
3.18771512E-01  2.76380982E-02  4.66569647E-04
3.19070127E-01  2.73767505E-02  4.67995735E-04
3.19368742E-01  2.69903559E-02  4.65074525E-04
3.19667357E-01  2.78468877E-02  4.72796790E-04
3.19965972E-01  2.78199110E-02  4.73637629E-04
3.20264587E-01  2.68455204E-02  4.67391335E-04
3.20563202E-01  2.85869464E-02  4.81901341E-04
3.20861817E-01  2.73803491E-02  4.72566928E-04
3.21160432E-01  2.75414959E-02  4.72471758E-04
3.21459047E-01  2.79611517E-02  4.80591116E-04
3.21757662E-01  2.71524396E-02  4.70600033E-04
3.22056277E-01  2.67712213E-02  4.67018835E-04
3.22354892E-01  2.79265996E-02  4.81135648E-04
3.22653507E-01  2.81115994E-02  4.81190917E-04
3.22952122E-01  2.87754890E-02  4.91117942E-04
3.23250737E-01  2.79019549E-02  4.74484608E-04
3.23549352E-01  2.72090547E-02  4.74368135E-04
3.23847967E-01  2.85661556E-02  4.88328224E-04
3.24146582E-01  2.80513782E-02  4.82498377E-04
3.24445197E-01  2.77934391E-02  4.80556249E-04
3.24743812E-01  2.82680243E-02  4.83797572E-04
3.25042427E-01  2.89989896E-02  4.95221058E-04
3.25341042E-01  2.88308207E-02  4.88167367E-04
3.25639657E-01  2.82830503E-02  4.86195670E-04
3.25938272E-01  2.83408761E-02  4.87983460E-04
3.26236887E-01  2.82277539E-02  4.83179116E-04
3.26535502E-01  2.79809479E-02  4.88345278E-04
3.26834117E-01  2.83093397E-02  4.85715515E-04
3.27132732E-01  2.90567242E-02  4.94551205E-04
3.27431347E-01  2.87546124E-02  4.92702995E-04
3.27729962E-01  2.85516866E-02  4.88652382E-04
3.28028577E-01  2.83548459E-02  4.94870823E-04
3.28327192E-01  2.83207167E-02  4.82864212E-04
3.28625807E-01  2.89444234E-02  4.96246852E-04
3.28924422E-01  2.86211409E-02  4.93174826E-04
3.29223037E-01  2.86708884E-02  4.91557119E-04
3.29521652E-01  2.93318499E-02  4.98224632E-04
3.29820267E-01  2.91833058E-02  4.95201675E-04
3.30118882E-01  2.85715573E-02  4.95419139E-04
3.30417497E-01  2.94632986E-02  5.00385184E-04
3.30716112E-01  2.94521526E-02  4.97335161E-04
3.31014727E-01  2.98518073E-02  5.01587056E-04
3.31313342E-01  2.97755320E-02  4.99179296E-04
3.31611957E-01  2.91448738E-02  4.99170215E-04
3.31910572E-01  2.89336685E-02  4.93817613E-04
3.32209187E-01  2.87295617E-02  4.89906175E-04
3.32507802E-01  2.87177805E-02  4.95355111E-04
3.32806417E-01  2.85209771E-02  4.87129029E-04
3.33105032E-01  2.93518454E-02  4.98708163E-04
3.33403647E-01  2.91570686E-02  4.93833097E-04
3.33702262E-01  2.93757301E-02  4.95973974E-04
3.34000877E-01  2.90737730E-02  4.93130123E-04
3.34299492E-01  2.86735501E-02  4.91313986E-04
3.34598107E-01  2.89101563E-02  4.93776053E-04
3.34896722E-01  2.90514715E-02  4.90219856E-04
3.35195337E-01  2.93778013E-02  4.93971340E-04
3.35493952E-01  2.94807013E-02  4.97746281E-04
3.35792567E-01  2.85560936E-02  4.88156191E-04
3.36091182E-01  2.91422680E-02  4.93865809E-04
3.36389797E-01  2.93661840E-02  4.92732332E-04
3.36688412E-01  2.96287052E-02  4.98119742E-04
3.36987027E-01  2.91933119E-02  4.91425337E-04
3.37285642E-01  2.88988631E-02  4.90940816E-04
3.37584257E-01  2.88332682E-02  4.91103739E-04
3.37882872E-01  2.93773450E-02  4.93406027E-04
3.38181487E-01  2.85574831E-02  4.88322636E-04
3.38480102E-01  2.91477181E-02  4.85997851E-04
3.38778717E-01  2.84744222E-02  4.86902369E-04
3.39077332E-01  2.96062604E-02  4.94468899E-04
3.39375947E-01  2.87886914E-02  4.87454061E-04
3.39674562E-01  2.79313847E-02  4.83230397E-04
3.39973177E-01  2.87704058E-02  4.85338911E-04
3.40271792E-01  2.80187707E-02  4.82294388E-04
3.40570407E-01  2.89472211E-02  4.89367230E-04
3.40869022E-01  2.83698961E-02  4.81676630E-04
3.41167637E-01  2.84761749E-02  4.84109507E-04
3.41466252E-01  2.89321095E-02  4.85039549E-04
3.41764867E-01  2.97008064E-02  4.97437431E-04
3.42063482E-01  2.88294852E-02  4.86266334E-04
3.42362097E-01  2.85422392E-02  4.81216062E-04
3.42660712E-01  2.89396737E-02  4.89030092E-04
3.42959327E-01  2.97729317E-02  4.90925682E-04
3.43257942E-01  2.87747476E-02  4.87637561E-04
3.43556557E-01  2.82418169E-02  4.79502080E-04
3.43855172E-01  2.90482808E-02  4.86440520E-04
3.44153787E-01  2.75262892E-02  4.73256601E-04
3.44452402E-01  2.89493799E-02  4.84784337E-04
3.44751017E-01  2.80302800E-02  4.77981783E-04
3.45049632E-01  2.79596690E-02  4.72807325E-04
3.45348247E-01  2.77127419E-02  4.75269597E-04
3.45646862E-01  2.88430378E-02  4.82800504E-04
3.45945477E-01  2.82205995E-02  4.77835041E-04
3.46244092E-01  2.82117482E-02  4.72167303E-04
3.46542707E-01  2.85755433E-02  4.75598965E-04
3.46841322E-01  2.94119399E-02  4.86031582E-04
3.47139937E-01  2.78344564E-02  4.71229287E-04
3.47438552E-01  2.84105744E-02  4.72526182E-04
3.47737167E-01  2.88563520E-02  4.80073184E-04
3.48035782E-01  2.79246289E-02  4.68083570E-04
3.48334397E-01  2.81785689E-02  4.73873923E-04
3.48633012E-01  2.82887463E-02  4.68174549E-04
3.48931627E-01  2.79077869E-02  4.68591927E-04
3.49230242E-01  2.89568529E-02  4.78642032E-04
3.49528857E-01  2.75545940E-02  4.65491728E-04
3.49827472E-01  2.77330466E-02  4.67772741E-04
3.50126087E-01  2.74771601E-02  4.61166404E-04
3.50424702E-01  2.70415153E-02  4.61523829E-04
3.50723317E-01  2.70381644E-02  4.59596195E-04
3.51021932E-01  2.74919719E-02  4.65097954E-04
3.51320547E-01  2.74171028E-02  4.62049531E-04
3.51619162E-01  2.78019421E-02  4.64269338E-04
3.51917777E-01  2.73891632E-02  4.62829135E-04
3.52216392E-01  2.76974961E-02  4.64537414E-04
3.52515007E-01  2.72497497E-02  4.58643422E-04
3.52813622E-01  2.76976526E-02  4.62398864E-04
3.53112237E-01  2.70405859E-02  4.61911783E-04
3.53410852E-01  2.76826508E-02  4.66590980E-04
3.53709467E-01  2.73358375E-02  4.54839872E-04
3.54008082E-01  2.71325577E-02  4.58035414E-04
3.54306697E-01  2.72473358E-02  4.59253759E-04
3.54605312E-01  2.69370601E-02  4.59006289E-04
3.54903927E-01  2.72817407E-02  4.63335047E-04
3.55202542E-01  2.77633201E-02  4.57540475E-04
3.55501157E-01  2.72969045E-02  4.60678537E-04
3.55799772E-01  2.60988642E-02  4.48383798E-04
3.56098387E-01  2.70548370E-02  4.57637216E-04
3.56397002E-01  2.67868880E-02  4.54996421E-04
3.56695617E-01  2.74144132E-02  4.55265836E-04
3.56994232E-01  2.67781615E-02  4.58164897E-04
3.57292847E-01  2.72436943E-02  4.54693509E-04
3.57591462E-01  2.71281898E-02  4.56532784E-04
3.57890077E-01  2.76770238E-02  4.60262061E-04
3.58188692E-01  2.71220468E-02  4.53802320E-04
3.58487307E-01  2.70215981E-02  4.59115632E-04
3.58785922E-01  2.65318789E-02  4.46940860E-04
3.59084537E-01  2.68149618E-02  4.53774468E-04
3.59383152E-01  2.74147484E-02  4.57102957E-04
3.59681767E-01  2.64818184E-02  4.49620013E-04
3.59980382E-01  2.75944564E-02  4.63330856E-04
3.60278997E-01  2.75210086E-02  4.53055254E-04
3.60577612E-01  2.60619279E-02  4.47485130E-04
3.60876227E-01  2.63233539E-02  4.48158535E-04
3.61174842E-01  2.63728462E-02  4.45846148E-04
3.61473457E-01  2.62524188E-02  4.44828504E-04
3.61772072E-01  2.67624389E-02  4.50441439E-04
3.62070687E-01  2.57276930E-02  4.44374193E-04
3.62369302E-01  2.56770886E-02  4.40747506E-04
3.62667917E-01  2.59358529E-02  4.42846766E-04
3.62966532E-01  2.57945824E-02  4.40242118E-04
3.63265147E-01  2.69099195E-02  4.51328320E-04
3.63563762E-01  2.56974492E-02  4.41161974E-04
3.63862377E-01  2.61996035E-02  4.43806173E-04
3.64160992E-01  2.60982048E-02  4.43298602E-04
3.64459607E-01  2.55983174E-02  4.39265976E-04
3.64758222E-01  2.60356758E-02  4.43004043E-04
3.65056837E-01  2.68975440E-02  4.50993946E-04
3.65355452E-01  2.59905811E-02  4.39383759E-04
3.65654067E-01  2.60913428E-02  4.43951227E-04
3.65952682E-01  2.65587866E-02  4.44626989E-04
3.66251297E-01  2.64052823E-02  4.47804516E-04
3.66549912E-01  2.57374141E-02  4.37929033E-04
3.66848527E-01  2.60761287E-02  4.38517571E-04
3.67147142E-01  2.60577668E-02  4.44733945E-04
3.67445757E-01  2.59384140E-02  4.39066906E-04
3.67744372E-01  2.59773340E-02  4.40546981E-04
3.68042987E-01  2.60774158E-02  4.40474250E-04
3.68341602E-01  2.60228943E-02  4.40244708E-04
3.68640217E-01  2.62699872E-02  4.44424921E-04
3.68938832E-01  2.67373957E-02  4.42681834E-04
3.69237447E-01  2.59949323E-02  4.39897587E-04
3.69536062E-01  2.62165889E-02  4.39823634E-04
3.69834677E-01  2.66146027E-02  4.45811369E-04
3.70133292E-01  2.51090266E-02  4.34271875E-04
3.70431907E-01  2.61262879E-02  4.37263865E-04
3.70730522E-01  2.54216045E-02  4.34573216E-04
3.71029137E-01  2.54936740E-02  4.32718138E-04
3.71327752E-01  2.52966303E-02  4.32943198E-04
3.71626367E-01  2.55918764E-02  4.35012073E-04
3.71924982E-01  2.58550048E-02  4.36904520E-04
3.72223597E-01  2.57018711E-02  4.37768089E-04
3.72522212E-01  2.55526844E-02  4.31672612E-04
3.72820827E-01  2.52896920E-02  4.31436580E-04
3.73119442E-01  2.58699488E-02  4.36472095E-04
3.73418057E-01  2.51156371E-02  4.27969324E-04
3.73716672E-01  2.60479897E-02  4.41174634E-04
3.74015287E-01  2.49791220E-02  4.25396138E-04
3.74313902E-01  2.57347375E-02  4.33882204E-04
3.74612517E-01  2.56028585E-02  4.33884416E-04
3.74911132E-01  2.62644459E-02  4.38777992E-04
3.75209747E-01  2.67943852E-02  4.43868776E-04
3.75508362E-01  2.59540696E-02  4.33956302E-04
3.75806977E-01  2.57311463E-02  4.33636800E-04
3.76105592E-01  2.62951758E-02  4.38252930E-04
3.76404207E-01  2.54741423E-02  4.31579188E-04
3.76702822E-01  2.54282281E-02  4.29325126E-04
3.77001437E-01  2.53946222E-02  4.29370150E-04
3.77300052E-01  2.61546671E-02  4.38661373E-04
3.77598667E-01  2.71324813E-02  4.45754180E-04
3.77897282E-01  2.56955829E-02  4.30598477E-04
3.78195897E-01  2.56467834E-02  4.29539534E-04
3.78494512E-01  2.54805330E-02  4.30761167E-04
3.78793127E-01  2.61591524E-02  4.35683411E-04
3.79091742E-01  2.52583418E-02  4.27249208E-04
3.79390357E-01  2.54871789E-02  4.28855914E-04
3.79688972E-01  2.59104483E-02  4.32622648E-04
3.79987587E-01  2.59414781E-02  4.32117959E-04
3.80286202E-01  2.52195299E-02  4.27143008E-04
3.80584817E-01  2.56175995E-02  4.30502289E-04
3.80883432E-01  2.59641744E-02  4.31658438E-04
3.81182047E-01  2.66057700E-02  4.38285468E-04
3.81480662E-01  2.65760776E-02  4.38153191E-04
3.81779277E-01  2.62307152E-02  4.31814231E-04
3.82077892E-01  2.65042000E-02  4.37563256E-04
3.82376507E-01  2.67221276E-02  4.38362302E-04
3.82675122E-01  2.66437251E-02  4.38494462E-04
3.82973737E-01  2.68595293E-02  4.38497344E-04
3.83272352E-01  2.68671513E-02  4.35728085E-04
3.83570967E-01  2.60049980E-02  4.32337140E-04
3.83869582E-01  2.72563826E-02  4.41286800E-04
3.84168197E-01  2.74164099E-02  4.43471014E-04
3.84466812E-01  2.77457517E-02  4.44344565E-04
3.84765427E-01  2.65553631E-02  4.34168585E-04
3.85064042E-01  2.76780725E-02  4.46711143E-04
3.85362657E-01  2.80380845E-02  4.46683815E-04
3.85661272E-01  2.81784851E-02  4.44707926E-04
3.85959887E-01  2.86368933E-02  4.52902284E-04
3.86258502E-01  2.87626181E-02  4.50517167E-04
3.86557117E-01  2.84790583E-02  4.54170455E-04
3.86855732E-01  2.82837823E-02  4.46203048E-04
3.87154347E-01  2.84248758E-02  4.47095605E-04
3.87452962E-01  2.81939339E-02  4.49280778E-04
3.87751577E-01  2.88946815E-02  4.49671614E-04
3.88050192E-01  2.81728432E-02  4.49115760E-04
3.88348807E-01  2.86495443E-02  4.46560240E-04
3.88647422E-01  2.79936399E-02  4.45016747E-04
3.88946037E-01  2.72631422E-02  4.38305142E-04
3.89244652E-01  2.80293990E-02  4.45303944E-04
3.89543267E-01  2.78311502E-02  4.43837926E-04
3.89841882E-01  2.71386784E-02  4.34845482E-04
3.90140497E-01  2.74947137E-02  4.42028046E-04
3.90439112E-01  2.79384963E-02  4.44477220E-04
3.90737727E-01  2.68234890E-02  4.30847314E-04
3.91036342E-01  2.65530795E-02  4.34073212E-04
3.91334957E-01  2.70825978E-02  4.33557492E-04
3.91633572E-01  2.67300531E-02  4.34764341E-04
3.91932187E-01  2.75762398E-02  4.37387615E-04
3.92230802E-01  2.69915853E-02  4.33995418E-04
3.92529417E-01  2.75509153E-02  4.41394135E-04
3.92828032E-01  2.73011196E-02  4.34887828E-04
3.93126647E-01  2.67225243E-02  4.32360277E-04
3.93425262E-01  2.60889623E-02  4.25747217E-04
3.93723877E-01  2.70964019E-02  4.36019094E-04
3.94022492E-01  2.61529256E-02  4.28046827E-04
3.94321107E-01  2.63252631E-02  4.27052175E-04
3.94619722E-01  2.72178408E-02  4.34444053E-04
3.94918337E-01  2.67560221E-02  4.30430460E-04
3.95216952E-01  2.63915807E-02  4.28635860E-04
3.95515567E-01  2.66805217E-02  4.31398454E-04
3.95814182E-01  2.60777883E-02  4.22593002E-04
3.96112797E-01  2.69792136E-02  4.33069392E-04
3.96411412E-01  2.58706007E-02  4.23255959E-04
3.96710027E-01  2.63987817E-02  4.28075844E-04
3.97008642E-01  2.62202639E-02  4.24567494E-04
3.97307257E-01  2.58620828E-02  4.22269746E-04
3.97605872E-01  2.70886924E-02  4.33322042E-04
3.97904487E-01  2.74370182E-02  4.37163515E-04
3.98203102E-01  2.66567431E-02  4.26248793E-04
3.98501717E-01  2.52096672E-02  4.15512623E-04
3.98800332E-01  2.63874140E-02  4.25825041E-04
3.99098947E-01  2.58739442E-02  4.22069774E-04
3.99397562E-01  2.64184792E-02  4.27833118E-04
3.99696177E-01  2.61680707E-02  4.24056023E-04
3.99994792E-01  2.54303459E-02  4.16834926E-04
4.00293407E-01  2.59060357E-02  4.22032143E-04
4.00592022E-01  2.58462001E-02  4.20332857E-04
4.00890637E-01  2.65787616E-02  4.26147511E-04
4.01189252E-01  2.66236290E-02  4.26100800E-04
4.01487867E-01  2.54171062E-02  4.18137264E-04
4.01786482E-01  2.51793861E-02  4.15578368E-04
4.02085097E-01  2.59245615E-02  4.18083713E-04
4.02383712E-01  2.71091182E-02  4.32984496E-04
4.02682327E-01  2.54775323E-02  4.14173031E-04
4.02980942E-01  2.55862195E-02  4.18827607E-04
4.03279557E-01  2.58348025E-02  4.19151009E-04
4.03578172E-01  2.56289616E-02  4.15210670E-04
4.03876787E-01  2.56594904E-02  4.19129530E-04
4.04175402E-01  2.54119262E-02  4.14037582E-04
4.04474017E-01  2.64951531E-02  4.25189704E-04
4.04772632E-01  2.59089991E-02  4.18268115E-04
4.05071247E-01  2.54223645E-02  4.14813752E-04
4.05369862E-01  2.54203100E-02  4.18586656E-04
4.05668477E-01  2.54676491E-02  4.11303859E-04
4.05967092E-01  2.57707480E-02  4.17452946E-04
4.06265707E-01  2.64338888E-02  4.22092126E-04
4.06564322E-01  2.62575131E-02  4.20187454E-04
4.06862937E-01  2.59576105E-02  4.21977340E-04
4.07161552E-01  2.53992900E-02  4.11814195E-04
4.07460167E-01  2.52207611E-02  4.13177593E-04
4.07758782E-01  2.55511031E-02  4.12275462E-04
4.08057397E-01  2.58508194E-02  4.16731957E-04
4.08356012E-01  2.63517313E-02  4.22344601E-04
4.08654627E-01  2.52589528E-02  4.09916160E-04
4.08953242E-01  2.56112888E-02  4.17064439E-04
4.09251857E-01  2.53924206E-02  4.11865243E-04
4.09550472E-01  2.59713922E-02  4.16730822E-04
4.09849087E-01  2.54738722E-02  4.12914931E-04
4.10147702E-01  2.52756830E-02  4.09487286E-04
4.10446317E-01  2.56124195E-02  4.16586059E-04
4.10744932E-01  2.50945333E-02  4.09737404E-04
4.11043547E-01  2.49498058E-02  4.05059196E-04
4.11342162E-01  2.44478770E-02  4.04331950E-04
4.11640777E-01  2.53857505E-02  4.12790076E-04
4.11939392E-01  2.53396165E-02  4.12804657E-04
4.12238007E-01  2.51628626E-02  4.07072279E-04
4.12536622E-01  2.49819141E-02  4.07681247E-04
4.12835237E-01  2.48500463E-02  4.05097991E-04
4.13133852E-01  2.50804555E-02  4.08582709E-04
4.13432467E-01  2.51535457E-02  4.08798136E-04
4.13731082E-01  2.49645188E-02  4.05940547E-04
4.14029697E-01  2.48529669E-02  4.06824780E-04
4.14328312E-01  2.45662034E-02  4.03158279E-04
4.14626927E-01  2.53624320E-02  4.10784880E-04
4.14925542E-01  2.51239929E-02  4.05278406E-04
4.15224157E-01  2.50100885E-02  4.07166284E-04
4.15522772E-01  2.41142102E-02  4.00460005E-04
4.15821387E-01  2.47265436E-02  4.02710313E-04
4.16120002E-01  2.49495860E-02  4.05269326E-04
4.16418617E-01  2.48289723E-02  4.05131432E-04
4.16717232E-01  2.39340253E-02  3.97029944E-04
4.17015847E-01  2.45718285E-02  4.03685699E-04
4.17314462E-01  2.44680606E-02  3.97605036E-04
4.17613077E-01  2.39324234E-02  3.97112657E-04
4.17911692E-01  2.53175367E-02  4.07131185E-04
4.18210307E-01  2.46666167E-02  4.04751656E-04
4.18508922E-01  2.40354370E-02  3.95514478E-04
4.18807537E-01  2.41051801E-02  3.96179646E-04
4.19106152E-01  2.45000105E-02  4.01801546E-04
4.19404767E-01  2.44794805E-02  4.01356898E-04
4.19703382E-01  2.40263361E-02  3.94457835E-04
4.20001997E-01  2.44098231E-02  3.99410375E-04
4.20300612E-01  2.38043536E-02  3.92990914E-04
4.20599227E-01  2.39650253E-02  3.97489523E-04
4.20897842E-01  2.30515320E-02  3.87434382E-04
4.21196457E-01  2.36321744E-02  3.91216105E-04
4.21495072E-01  2.36091111E-02  3.92722286E-04
4.21793687E-01  2.37771124E-02  3.92862567E-04
4.22092302E-01  2.36654598E-02  3.94096045E-04
4.22390917E-01  2.39712782E-02  3.90928442E-04
4.22689532E-01  2.36181077E-02  3.93252994E-04
4.22988147E-01  2.38684285E-02  3.92819464E-04
4.23286762E-01  2.34440118E-02  3.91714042E-04
4.23585377E-01  2.32037026E-02  3.87051055E-04
4.23883992E-01  2.39779167E-02  3.92658723E-04
4.24182607E-01  2.28798520E-02  3.83736740E-04
4.24481222E-01  2.32383739E-02  3.88930173E-04
4.24779837E-01  2.35101376E-02  3.89516237E-04
4.25078452E-01  2.40611844E-02  3.92551301E-04
4.25377067E-01  2.32120380E-02  3.88271932E-04
4.25675682E-01  2.35216897E-02  3.87954497E-04
4.25974297E-01  2.29565408E-02  3.86219879E-04
4.26272912E-01  2.34285835E-02  3.85894295E-04
4.26571527E-01  2.32168008E-02  3.88405955E-04
4.26870142E-01  2.31984593E-02  3.85199208E-04
4.27168757E-01  2.31111813E-02  3.85079416E-04
4.27467372E-01  2.28929296E-02  3.81973485E-04
4.27765987E-01  2.32884064E-02  3.87602136E-04
4.28064602E-01  2.31352001E-02  3.84679472E-04
4.28363217E-01  2.30610184E-02  3.85099847E-04
4.28661832E-01  2.35785227E-02  3.88786080E-04
4.28960447E-01  2.28913482E-02  3.82479891E-04
4.29259062E-01  2.27983650E-02  3.81192425E-04
4.29557677E-01  2.28213985E-02  3.81897960E-04
4.29856292E-01  2.26228628E-02  3.78628640E-04
4.30154907E-01  2.32394338E-02  3.84609157E-04
4.30453522E-01  2.34834328E-02  3.88010201E-04
4.30752137E-01  2.29663290E-02  3.82772152E-04
4.31050752E-01  2.25808229E-02  3.78030934E-04
4.31349367E-01  2.21659206E-02  3.75208852E-04
4.31647982E-01  2.34218761E-02  3.85522435E-04
4.31946597E-01  2.30523013E-02  3.84525600E-04
4.32245212E-01  2.28334703E-02  3.79557547E-04
4.32543827E-01  2.26090550E-02  3.79622390E-04
4.32842442E-01  2.22777016E-02  3.78951372E-04
4.33141057E-01  2.28617527E-02  3.79713048E-04
4.33439672E-01  2.22832095E-02  3.77302320E-04
4.33738287E-01  2.27862690E-02  3.79507692E-04
4.34036902E-01  2.21139453E-02  3.75785487E-04
4.34335517E-01  2.23005470E-02  3.76948039E-04
4.34634132E-01  2.22420022E-02  3.76874843E-04
4.34932747E-01  2.24962067E-02  3.77090240E-04
4.35231362E-01  2.31402330E-02  3.82705446E-04
4.35529977E-01  2.26187613E-02  3.80483252E-04
4.35828592E-01  2.25354582E-02  3.79189267E-04
4.36127207E-01  2.30274983E-02  3.81101680E-04
4.36425822E-01  2.25966033E-02  3.78189143E-04
4.36724437E-01  2.25100797E-02  3.77800781E-04
4.37023052E-01  2.15274990E-02  3.69628659E-04
4.37321667E-01  2.21100356E-02  3.72453040E-04
4.37620282E-01  2.30720025E-02  3.83257982E-04
4.37918897E-01  2.16864385E-02  3.70830268E-04
4.38217512E-01  2.22538896E-02  3.76320706E-04
4.38516127E-01  2.22313404E-02  3.73807590E-04
4.38814742E-01  2.27555055E-02  3.76291166E-04
4.39113357E-01  2.19086315E-02  3.72565613E-04
4.39411972E-01  2.28325669E-02  3.80173355E-04
4.39710587E-01  2.25390494E-02  3.76226060E-04
4.40009202E-01  2.25633886E-02  3.77844961E-04
4.40307817E-01  2.16236934E-02  3.66661290E-04
4.40606432E-01  2.21651103E-02  3.74498282E-04
4.40905047E-01  2.22711787E-02  3.74318741E-04
4.41203662E-01  2.21430436E-02  3.70961992E-04
4.41502277E-01  2.19183527E-02  3.71018192E-04
4.41800892E-01  2.19076388E-02  3.70359601E-04
4.42099507E-01  2.19429173E-02  3.70902999E-04
4.42398122E-01  2.24019233E-02  3.73780931E-04
4.42696737E-01  2.16881130E-02  3.67859408E-04
4.42995352E-01  2.20716801E-02  3.71912436E-04
4.43293967E-01  2.26585250E-02  3.77904624E-04
4.43592582E-01  2.21075024E-02  3.73365096E-04
4.43891197E-01  2.18474008E-02  3.67611792E-04
4.44189812E-01  2.23017931E-02  3.74674564E-04
4.44488427E-01  2.21128389E-02  3.71290545E-04
4.44787042E-01  2.16752887E-02  3.68971145E-04
4.45085657E-01  2.20009685E-02  3.70353082E-04
4.45384272E-01  2.28127073E-02  3.77702090E-04
4.45682887E-01  2.18113530E-02  3.71934526E-04
4.45981502E-01  2.23144107E-02  3.72580165E-04
4.46280117E-01  2.19497941E-02  3.70332127E-04
4.46578732E-01  2.16722339E-02  3.68226261E-04
4.46877347E-01  2.25495771E-02  3.76349344E-04
4.47175962E-01  2.17167810E-02  3.73043673E-04
4.47474577E-01  2.13606339E-02  3.63825820E-04
4.47773192E-01  2.18889713E-02  3.70149821E-04
4.48071807E-01  2.18828861E-02  3.70099820E-04
4.48370422E-01  2.19894946E-02  3.72062554E-04
4.48669037E-01  2.24188510E-02  3.74689786E-04
4.48967652E-01  2.20825803E-02  3.71463830E-04
4.49266267E-01  2.19527017E-02  3.71919479E-04
4.49564882E-01  2.21614502E-02  3.73849936E-04
4.49863497E-01  2.23901309E-02  3.74209747E-04
4.50162112E-01  2.20254306E-02  3.72457376E-04
4.50460727E-01  2.18903888E-02  3.71397153E-04
4.50759342E-01  2.17804424E-02  3.70546477E-04
4.51057957E-01  2.22072564E-02  3.73666815E-04
4.51356572E-01  2.25200914E-02  3.73832154E-04
4.51655187E-01  2.21168865E-02  3.73897026E-04
4.51953802E-01  2.23598070E-02  3.74540861E-04
4.52252417E-01  2.13513263E-02  3.69667978E-04
4.52551032E-01  2.19409615E-02  3.70288501E-04
4.52849647E-01  2.21944153E-02  3.73239483E-04
4.53148262E-01  2.17866041E-02  3.69796035E-04
4.53446877E-01  2.16576252E-02  3.68297129E-04
4.53745492E-01  2.21431442E-02  3.73222632E-04
4.54044107E-01  2.22061239E-02  3.74497002E-04
4.54342722E-01  2.18796767E-02  3.71161994E-04
4.54641337E-01  2.26533581E-02  3.78503406E-04
4.54939952E-01  2.25256868E-02  3.76107811E-04
4.55238567E-01  2.25150324E-02  3.75772797E-04
4.55537182E-01  2.22725403E-02  3.76313401E-04
4.55835797E-01  2.15346627E-02  3.69045185E-04
4.56134412E-01  2.25031618E-02  3.76256532E-04
4.56433027E-01  2.22188104E-02  3.74285359E-04
4.56731642E-01  2.21311301E-02  3.72808339E-04
4.57030257E-01  2.20228713E-02  3.73376301E-04
4.57328872E-01  2.21808665E-02  3.73805320E-04
4.57627487E-01  2.19349246E-02  3.71564965E-04
4.57926102E-01  2.21657958E-02  3.73763731E-04
4.58224717E-01  2.21647769E-02  3.75082047E-04
4.58523332E-01  2.19237190E-02  3.71802133E-04
4.58821947E-01  2.21643522E-02  3.71632021E-04
4.59120562E-01  2.22894717E-02  3.76223732E-04
4.59419177E-01  2.21429709E-02  3.74820374E-04
4.59717792E-01  2.14040037E-02  3.68432695E-04
4.60016407E-01  2.16910820E-02  3.69668734E-04
4.60315022E-01  2.22840235E-02  3.74112133E-04
4.60613637E-01  2.18224321E-02  3.71691393E-04
4.60912252E-01  2.25002412E-02  3.78596713E-04
4.61210867E-01  2.15942021E-02  3.68929585E-04
4.61509482E-01  2.22701915E-02  3.78604600E-04
4.61808097E-01  2.17596125E-02  3.82691040E-04
4.62106712E-01  2.16063671E-02  3.82968836E-04
4.62405327E-01  2.26257257E-02  3.95484560E-04
4.62703942E-01  2.22334247E-02  3.91569483E-04
4.63002557E-01  2.14547105E-02  3.91707639E-04
4.63301172E-01  2.23048050E-02  4.00800112E-04
4.63599787E-01  2.26017162E-02  4.05611849E-04
4.63898402E-01  2.18779556E-02  4.00907680E-04
4.64197017E-01  2.23027691E-02  4.05303959E-04
4.64495632E-01  2.21132450E-02  4.08664520E-04
4.64794247E-01  2.23883018E-02  4.11853165E-04
4.65092862E-01  2.13627052E-02  4.00300603E-04
4.65391477E-01  2.17931569E-02  4.10388864E-04
4.65690092E-01  2.23685820E-02  4.15660907E-04
4.65988707E-01  2.16776133E-02  4.12775902E-04
4.66287322E-01  2.20127758E-02  4.16299823E-04
4.66585937E-01  2.18406208E-02  4.15127899E-04
4.66884552E-01  2.18748804E-02  4.20592987E-04
4.67183167E-01  2.23966390E-02  4.27398074E-04
4.67481782E-01  2.16574781E-02  4.15110582E-04
4.67780397E-01  2.21793000E-02  4.26052575E-04
4.68079012E-01  2.17230581E-02  4.23105113E-04
4.68377627E-01  2.17514690E-02  4.25845006E-04
4.68676242E-01  2.22807787E-02  4.32005763E-04
4.68974857E-01  2.25071236E-02  4.34196321E-04
4.69273472E-01  2.18617134E-02  4.31995693E-04
4.69572087E-01  2.20206697E-02  4.32276691E-04
4.69870702E-01  2.16491446E-02  4.30408167E-04
4.70169317E-01  2.18545496E-02  4.34663641E-04
4.70467932E-01  2.15395726E-02  4.32437839E-04
4.70766547E-01  2.20558364E-02  4.42179240E-04
4.71065162E-01  2.16082390E-02  4.37535695E-04
4.71363777E-01  2.16150153E-02  4.34653834E-04
4.71662392E-01  2.13284027E-02  4.36731119E-04
4.71961007E-01  2.20477469E-02  4.45431739E-04
4.72259622E-01  2.10933648E-02  4.38874005E-04
4.72558237E-01  2.20996551E-02  4.46662802E-04
4.72856852E-01  2.21819393E-02  4.41000680E-04
4.73155467E-01  2.13032272E-02  4.28904721E-04
4.73454082E-01  2.19982639E-02  4.30676708E-04
4.73752697E-01  2.23375093E-02  4.27360501E-04
4.74051312E-01  2.23141555E-02  4.27383289E-04
4.74349927E-01  2.08845511E-02  4.11004905E-04
4.74648542E-01  2.18596309E-02  4.20610915E-04
4.74947157E-01  2.19431408E-02  4.17302712E-04
4.75245772E-01  2.21394375E-02  4.18470765E-04
4.75544387E-01  2.15263218E-02  4.11840912E-04
4.75843002E-01  2.20096055E-02  4.17360890E-04
4.76141617E-01  2.18212195E-02  4.11941146E-04
4.76440232E-01  2.22456641E-02  4.16043069E-04
4.76738847E-01  2.11510267E-02  4.04143357E-04
4.77037462E-01  2.19084769E-02  4.11540183E-04
4.77336077E-01  2.22367384E-02  4.15512972E-04
4.77634692E-01  2.23337263E-02  4.12739115E-04
4.77933307E-01  2.19653379E-02  4.09869564E-04
4.78231922E-01  2.11395547E-02  3.99642799E-04
4.78530537E-01  2.26123948E-02  4.17319359E-04
4.78829152E-01  2.27312520E-02  4.12139052E-04
4.79127767E-01  2.18636822E-02  4.05579049E-04
4.79426382E-01  2.17505284E-02  4.06782929E-04
4.79724997E-01  2.10657157E-02  3.98531847E-04
4.80023612E-01  2.23997049E-02  4.09987028E-04
4.80322227E-01  2.19752900E-02  4.04392311E-04
4.80620842E-01  2.19167918E-02  4.05866507E-04
4.80919457E-01  2.15256941E-02  4.00968420E-04
4.81218072E-01  2.24797782E-02  4.09332599E-04
4.81516687E-01  2.16346439E-02  4.02300531E-04
4.81815302E-01  2.23501734E-02  4.04897088E-04
4.82113917E-01  2.25918107E-02  4.11645684E-04
4.82412532E-01  2.21797060E-02  4.04809281E-04
4.82711147E-01  2.24407911E-02  4.06139035E-04
4.83009762E-01  2.23246105E-02  4.06237872E-04
4.83308377E-01  2.16603354E-02  4.00979829E-04
4.83606992E-01  2.25567147E-02  4.06774081E-04
4.83905607E-01  2.14565694E-02  3.97958502E-04
4.84204222E-01  2.24837251E-02  4.05391940E-04
4.84502837E-01  2.24416777E-02  4.07626445E-04
4.84801452E-01  2.26130970E-02  4.07393614E-04
4.85100067E-01  2.23952718E-02  4.02750971E-04
4.85398682E-01  2.15270761E-02  3.97086609E-04
4.85697297E-01  2.16881670E-02  3.98367381E-04
4.85995912E-01  2.19361726E-02  4.01772180E-04
4.86294527E-01  2.18383130E-02  3.97718191E-04
4.86593142E-01  2.20985580E-02  4.00997378E-04
4.86891757E-01  2.19625458E-02  4.00579011E-04
4.87190372E-01  2.25860719E-02  4.06642852E-04
4.87488987E-01  2.20515691E-02  3.98053147E-04
4.87787602E-01  2.13385988E-02  3.94550851E-04
4.88086217E-01  2.20733080E-02  3.99357465E-04
4.88384832E-01  2.13976465E-02  3.94096220E-04
4.88683447E-01  2.13975161E-02  3.95100273E-04
4.88982062E-01  2.26369184E-02  4.03716083E-04
4.89280677E-01  2.21744999E-02  4.02110687E-04
4.89579292E-01  2.11889856E-02  3.91383277E-04
4.89877907E-01  2.07968485E-02  3.87257547E-04
4.90176522E-01  2.13600062E-02  3.91482143E-04
4.90475137E-01  2.18360070E-02  3.97018302E-04
4.90773752E-01  2.18176097E-02  3.96552758E-04
4.91072367E-01  2.29596402E-02  4.07211308E-04
4.91370982E-01  2.18921509E-02  3.96534480E-04
4.91669597E-01  2.21569482E-02  3.99629935E-04
4.91968212E-01  2.22540367E-02  4.01315803E-04
4.92266827E-01  2.16061417E-02  3.94933391E-04
4.92565442E-01  2.22401787E-02  3.98482487E-04
4.92864057E-01  2.14801040E-02  3.92892223E-04
4.93162672E-01  2.21113879E-02  3.99328157E-04
4.93461287E-01  2.22630296E-02  4.00696852E-04
4.93759902E-01  2.13562381E-02  3.89326218E-04
4.94058517E-01  2.15596166E-02  3.93033843E-04
4.94357132E-01  2.17306968E-02  3.93803901E-04
4.94655747E-01  2.17749570E-02  3.97289725E-04
4.94954362E-01  2.20431630E-02  3.94762494E-04
4.95252977E-01  2.20685024E-02  3.97453317E-04
4.95551592E-01  2.19067167E-02  3.97189433E-04
4.95850207E-01  2.19486542E-02  3.96972260E-04
4.96148822E-01  2.19742469E-02  3.94541858E-04
4.96447437E-01  2.17474345E-02  3.94755945E-04
4.96746052E-01  2.11861003E-02  3.88948654E-04
4.97044667E-01  2.23039724E-02  4.01694124E-04
4.97343282E-01  2.15461459E-02  3.90011439E-04
4.97641897E-01  2.14475542E-02  3.88545188E-04
4.97940512E-01  2.16521211E-02  3.94392642E-04
4.98239127E-01  2.11516432E-02  3.88446992E-04
4.98537742E-01  2.16949154E-02  3.94192466E-04
4.98836357E-01  2.18443647E-02  3.93097929E-04
4.99134972E-01  2.20154133E-02  3.96304386E-04
4.99433587E-01  2.16457099E-02  3.94145143E-04
4.99732202E-01  2.14274526E-02  3.89912428E-04
5.00030817E-01  2.15869881E-02  3.90878820E-04
5.00329432E-01  2.12321300E-02  3.88616638E-04
5.00628047E-01  2.16306467E-02  3.92248505E-04
5.00926662E-01  2.20353808E-02  3.98085336E-04
5.01225277E-01  2.16887407E-02  3.90360656E-04
5.01523892E-01  2.22767889E-02  3.95910611E-04
5.01822507E-01  2.11588461E-02  3.87665117E-04
5.02121122E-01  2.17034426E-02  3.93503899E-04
5.02419737E-01  2.09171791E-02  3.85639723E-04
5.02718352E-01  2.19975449E-02  3.95278883E-04
5.03016967E-01  2.22140104E-02  3.97122232E-04
5.03315582E-01  2.16365159E-02  3.93001654E-04
5.03614197E-01  2.22102348E-02  3.95039824E-04
5.03912812E-01  2.11925395E-02  3.87697219E-04
5.04211427E-01  2.11268757E-02  3.86237545E-04
5.04510042E-01  2.14623958E-02  3.91326525E-04
5.04808657E-01  2.22836081E-02  3.95407842E-04
5.05107272E-01  2.23250221E-02  3.98027012E-04
5.05405887E-01  2.16355603E-02  3.90289526E-04
5.05704502E-01  2.22067107E-02  3.98458884E-04
5.06003117E-01  2.21564732E-02  3.95840674E-04
5.06301732E-01  2.20429525E-02  3.94632167E-04
5.06600347E-01  2.19302420E-02  3.92174610E-04
5.06898962E-01  2.15918943E-02  3.91739042E-04
5.07197577E-01  2.18246542E-02  3.94729577E-04
5.07496192E-01  2.20916960E-02  3.92373273E-04
5.07794807E-01  2.15396080E-02  3.92538641E-04
5.08093422E-01  2.21455917E-02  3.95267969E-04
5.08392037E-01  2.16314010E-02  3.91426409E-04
5.08690652E-01  2.20643003E-02  3.93191236E-04
5.08989267E-01  2.17581559E-02  3.91800451E-04
5.09287882E-01  2.15045847E-02  3.90863250E-04
5.09586497E-01  2.15327200E-02  3.89576977E-04
5.09885112E-01  2.16067247E-02  3.89959721E-04
5.10183727E-01  2.18647737E-02  3.92766291E-04
5.10482342E-01  2.21164338E-02  3.94245493E-04
5.10780957E-01  2.13074535E-02  3.88114539E-04
5.11079572E-01  2.14773007E-02  3.88892688E-04
5.11378187E-01  2.14246586E-02  3.88513115E-04
5.11676802E-01  2.19818819E-02  3.96472402E-04
5.11975417E-01  2.13517323E-02  3.86809261E-04
5.12274032E-01  2.17381138E-02  3.90869594E-04
5.12572647E-01  2.18055677E-02  3.91765934E-04
5.12871262E-01  2.13731378E-02  3.87387816E-04
5.13169877E-01  2.18027905E-02  3.94076371E-04
5.13468492E-01  2.16144715E-02  3.87769833E-04
5.13767107E-01  2.17383299E-02  3.90306028E-04
5.14065722E-01  2.14083642E-02  3.89629568E-04
5.14364337E-01  2.16313936E-02  3.90978472E-04
5.14662952E-01  2.14585308E-02  3.88552842E-04
5.14961567E-01  2.16336902E-02  3.88991990E-04
5.15260182E-01  2.14305092E-02  3.89452558E-04
5.15558797E-01  2.20425315E-02  3.93616647E-04
5.15857412E-01  2.09013801E-02  3.83012200E-04
5.16156027E-01  2.18472145E-02  3.92450835E-04
5.16454642E-01  2.16713585E-02  3.91062553E-04
5.16753257E-01  2.12633163E-02  3.86414176E-04
5.17051872E-01  2.11910382E-02  3.87281121E-04
5.17350487E-01  2.16908157E-02  3.89139430E-04
5.17649102E-01  2.13026106E-02  3.86681553E-04
5.17947717E-01  2.14572661E-02  3.87704524E-04
5.18246332E-01  2.15451289E-02  3.88784712E-04
5.18544947E-01  2.12527346E-02  3.87374981E-04
5.18843562E-01  2.11288463E-02  3.86532047E-04
5.19142177E-01  2.21057609E-02  3.93430644E-04
5.19440792E-01  2.13252939E-02  3.86330328E-04
5.19739407E-01  2.15285551E-02  3.88548884E-04
5.20038022E-01  2.15929747E-02  3.91051348E-04
5.20336637E-01  2.19319575E-02  3.92079935E-04
5.20635252E-01  2.22717244E-02  3.95010458E-04
5.20933867E-01  2.13294085E-02  3.86849482E-04
5.21232482E-01  2.19424013E-02  3.91891081E-04
5.21531097E-01  2.16076337E-02  3.90421483E-04
5.21829712E-01  2.21394710E-02  3.94907198E-04
5.22128327E-01  2.15477739E-02  3.89022491E-04
5.22426942E-01  2.20588148E-02  3.91789275E-04
5.22725557E-01  2.14040764E-02  3.88012326E-04
5.23024172E-01  2.19720975E-02  3.92358867E-04
5.23322787E-01  2.14501787E-02  3.88529006E-04
5.23621402E-01  2.13769488E-02  3.87012144E-04
5.23920017E-01  2.22188607E-02  3.96702118E-04
5.24218632E-01  2.08036117E-02  3.80582176E-04
5.24517247E-01  2.14056466E-02  3.87087901E-04
5.24815862E-01  2.20684186E-02  3.94582545E-04
5.25114477E-01  2.10741423E-02  3.83801147E-04
5.25413092E-01  2.20486857E-02  3.93538328E-04
5.25711707E-01  2.19373927E-02  3.92931281E-04
5.26010322E-01  2.19536312E-02  3.90970847E-04
5.26308937E-01  2.18308680E-02  3.91211564E-04
5.26607552E-01  2.19745487E-02  3.92402639E-04
5.26906167E-01  2.15541814E-02  3.88253364E-04
5.27204782E-01  2.19694301E-02  3.94391827E-04
5.27503397E-01  2.22414434E-02  3.94783972E-04
5.27802012E-01  2.20352001E-02  3.93047289E-04
5.28100627E-01  2.14427952E-02  3.88586544E-04
5.28399242E-01  2.19691508E-02  3.89705325E-04
5.28697857E-01  2.18546167E-02  3.92015005E-04
5.28996472E-01  2.16958839E-02  3.89921217E-04
5.29295087E-01  2.20362302E-02  3.94322269E-04
5.29593702E-01  2.18274351E-02  3.89962195E-04
5.29892317E-01  2.17136797E-02  3.89800640E-04
5.30190932E-01  2.16523632E-02  3.90974485E-04
5.30489547E-01  2.10698843E-02  3.84169805E-04
5.30788162E-01  2.18880605E-02  3.90795933E-04
5.31086777E-01  2.14660186E-02  3.88052780E-04
5.31385392E-01  2.19110381E-02  3.90150439E-04
5.31684007E-01  2.12874394E-02  3.86533560E-04
5.31982622E-01  2.14034878E-02  3.87492648E-04
5.32281237E-01  2.09865253E-02  3.83607578E-04
5.32579852E-01  2.14317869E-02  3.88323300E-04
5.32878467E-01  2.21330673E-02  3.93854250E-04
5.33177082E-01  2.19669398E-02  3.93145339E-04
5.33475697E-01  2.17835251E-02  3.88743676E-04
5.33774312E-01  2.19328590E-02  3.91595764E-04
5.34072927E-01  2.11135801E-02  3.86770873E-04
5.34371542E-01  2.18366794E-02  3.89506225E-04
5.34670157E-01  2.11019255E-02  3.82158381E-04
5.34968772E-01  2.12040190E-02  3.86744126E-04
5.35267387E-01  2.09270492E-02  3.82520433E-04
5.35566002E-01  2.18426380E-02  3.92431946E-04
5.35864617E-01  2.15632319E-02  3.86975124E-04
5.36163232E-01  2.14131884E-02  3.87986278E-04
5.36461847E-01  2.13503968E-02  3.87039210E-04
5.36760462E-01  2.13022251E-02  3.85849067E-04
5.37059077E-01  2.05612760E-02  3.78435507E-04
5.37357692E-01  2.09761076E-02  3.84769373E-04
5.37656307E-01  2.20677014E-02  3.91391892E-04
5.37954922E-01  2.16694195E-02  3.92435759E-04
5.38253537E-01  2.13137064E-02  3.82250990E-04
5.38552152E-01  2.14677043E-02  3.87261505E-04
5.38850767E-01  2.14923602E-02  3.88719549E-04
5.39149382E-01  2.13518143E-02  3.87638574E-04
5.39447997E-01  2.21878868E-02  3.93709342E-04
5.39746612E-01  2.14368943E-02  3.87652981E-04
5.40045227E-01  2.16359813E-02  3.88218177E-04
5.40343842E-01  2.14159712E-02  3.88227927E-04
5.40642457E-01  2.18805820E-02  3.90600122E-04
5.40941072E-01  2.12606620E-02  3.84654821E-04
5.41239687E-01  2.13519894E-02  3.89378198E-04
5.41538302E-01  2.17217170E-02  3.89944908E-04
5.41836917E-01  2.13302281E-02  3.86039843E-04
5.42135532E-01  2.13257540E-02  3.83393053E-04
5.42434147E-01  2.14003250E-02  3.87054984E-04
5.42732762E-01  2.18647309E-02  3.92385846E-04
5.43031377E-01  2.14385446E-02  3.89791705E-04
5.43329992E-01  2.09400374E-02  3.80100217E-04
5.43628607E-01  2.06170678E-02  3.79913108E-04
5.43927222E-01  2.13765595E-02  3.87322594E-04
5.44225837E-01  2.16963757E-02  3.90498084E-04
5.44524452E-01  2.10010353E-02  3.81395977E-04
5.44823067E-01  2.14684401E-02  3.87969776E-04
5.45121682E-01  2.13323291E-02  3.86267668E-04
5.45420297E-01  2.17944477E-02  3.90621659E-04
5.45718912E-01  2.15458553E-02  3.87350010E-04
5.46017527E-01  2.15987358E-02  3.88677756E-04
5.46316142E-01  2.13754792E-02  3.86100728E-04
5.46614757E-01  2.13388037E-02  3.88235028E-04
5.46913372E-01  2.19650622E-02  3.89878202E-04
5.47211987E-01  2.13651862E-02  3.86672502E-04
5.47510602E-01  2.14035586E-02  3.87684559E-04
5.47809217E-01  2.10036263E-02  3.82643804E-04
5.48107832E-01  2.10656300E-02  3.85182240E-04
5.48406447E-01  2.09547058E-02  3.82387690E-04
5.48705062E-01  2.12075375E-02  3.83756473E-04
5.49003677E-01  2.14676131E-02  3.89420136E-04
5.49302292E-01  2.18484402E-02  3.88481945E-04
5.49600907E-01  2.16720439E-02  3.90313100E-04
5.49899522E-01  2.15419400E-02  3.87907028E-04
5.50198137E-01  2.20131539E-02  3.93280177E-04
5.50496752E-01  2.21075695E-02  3.92779126E-04
5.50795367E-01  2.11603716E-02  3.83342558E-04
5.51093982E-01  2.12141909E-02  3.85140069E-04
5.51392597E-01  2.17154920E-02  3.90715577E-04
5.51691212E-01  2.14489233E-02  3.86985659E-04
5.51989827E-01  2.14073304E-02  3.86423984E-04
5.52288442E-01  2.13703904E-02  3.84319748E-04
5.52587057E-01  2.14009713E-02  3.85994907E-04
5.52885672E-01  2.16937717E-02  3.88817221E-04
5.53184287E-01  2.06660237E-02  3.77938675E-04
5.53482902E-01  2.11767554E-02  3.83136765E-04
5.53781517E-01  2.14575082E-02  3.86511994E-04
5.54080132E-01  2.13152654E-02  3.84950283E-04
5.54378747E-01  2.09013149E-02  3.78091499E-04
5.54677362E-01  2.12686136E-02  3.83233797E-04
5.54975977E-01  2.15175115E-02  3.86777974E-04
5.55274592E-01  2.14243662E-02  3.84730927E-04
5.55573207E-01  2.10342743E-02  3.77057644E-04
5.55871822E-01  2.12641656E-02  3.81915685E-04
5.56170437E-01  2.17147768E-02  3.86962638E-04
5.56469052E-01  2.14770157E-02  3.85303836E-04
5.56767667E-01  2.10123993E-02  3.79109842E-04
5.57066282E-01  2.19029505E-02  3.87617329E-04
5.57364897E-01  2.18772497E-02  3.84641025E-04
5.57663512E-01  2.14302018E-02  3.83048813E-04
5.57962127E-01  2.16077492E-02  3.83354811E-04
5.58260742E-01  2.15395987E-02  3.80769925E-04
5.58559357E-01  2.09076162E-02  3.79261852E-04
5.58857972E-01  2.14377660E-02  3.83490435E-04
5.59156587E-01  2.12979093E-02  3.78633238E-04
5.59455202E-01  2.16464270E-02  3.83980601E-04
5.59753817E-01  2.14294139E-02  3.80250713E-04
5.60052432E-01  2.15513706E-02  3.82595492E-04
5.60351047E-01  2.13217065E-02  3.79476289E-04
5.60649662E-01  2.09247321E-02  3.74432799E-04
5.60948277E-01  2.08353214E-02  3.74334195E-04
5.61246892E-01  2.06912290E-02  3.73741263E-04
5.61545507E-01  2.14275084E-02  3.79798585E-04
5.61844122E-01  2.10660249E-02  3.74392519E-04
5.62142737E-01  2.04864293E-02  3.72418959E-04
5.62441352E-01  2.08413675E-02  3.73000803E-04
5.62739967E-01  2.08797585E-02  3.72912298E-04
5.63038582E-01  2.18309984E-02  3.82470607E-04
5.63337197E-01  2.19023563E-02  3.81850085E-04
5.63635812E-01  2.10061055E-02  3.76855547E-04
5.63934427E-01  2.11315900E-02  3.74553492E-04
5.64233042E-01  2.12326702E-02  3.74584051E-04
5.64531657E-01  2.11000480E-02  3.75234289E-04
5.64830272E-01  2.08878797E-02  3.72997863E-04
5.65128887E-01  2.09367108E-02  3.73869814E-04
5.65427502E-01  2.08550356E-02  3.70818452E-04
5.65726117E-01  2.12457273E-02  3.75574949E-04
5.66024732E-01  2.15976667E-02  3.78324679E-04
5.66323347E-01  2.16445196E-02  3.79087200E-04
5.66621962E-01  2.15380453E-02  3.74872470E-04
5.66920577E-01  2.11340599E-02  3.74420866E-04
5.67219192E-01  2.13027466E-02  3.76524084E-04
5.67517807E-01  2.11768225E-02  3.75237374E-04
5.67816422E-01  2.09582075E-02  3.68710607E-04
5.68115037E-01  2.12467052E-02  3.73786082E-04
5.68413652E-01  2.12166477E-02  3.73952353E-04
5.68712267E-01  2.09268518E-02  3.71391536E-04
5.69010882E-01  2.11203750E-02  3.72082170E-04
5.69309497E-01  2.10183039E-02  3.71438597E-04
5.69608112E-01  2.10202169E-02  3.72053793E-04
5.69906727E-01  2.11475715E-02  3.72157228E-04
5.70205342E-01  2.10533366E-02  3.69812362E-04
5.70503957E-01  2.15906743E-02  3.77507793E-04
5.70802572E-01  2.12588515E-02  3.73652991E-04
5.71101187E-01  2.24690121E-02  3.85113904E-04
5.71399802E-01  2.15644278E-02  3.75388510E-04
5.71698417E-01  2.08797380E-02  3.69973277E-04
5.71997032E-01  2.17275731E-02  3.79148754E-04
5.72295647E-01  2.15325728E-02  3.77010962E-04
5.72594262E-01  2.10874695E-02  3.71560134E-04
5.72892877E-01  2.21297909E-02  3.77969642E-04
5.73191492E-01  2.11708006E-02  3.73492541E-04
5.73490107E-01  2.12554745E-02  3.75103089E-04
5.73788722E-01  2.11176071E-02  3.71917995E-04
5.74087337E-01  2.14054175E-02  3.75475851E-04
5.74385952E-01  2.17592251E-02  3.79527773E-04
5.74684567E-01  2.07523908E-02  3.70047783E-04
5.74983182E-01  2.20406391E-02  3.79447447E-04
5.75281797E-01  2.16352083E-02  3.74920288E-04
5.75580412E-01  2.14655939E-02  3.76705313E-04
5.75879027E-01  2.19062474E-02  3.79332516E-04
5.76177642E-01  2.06787232E-02  3.69145215E-04
5.76476257E-01  2.17085909E-02  3.76587996E-04
5.76774872E-01  2.16909330E-02  3.78336641E-04
5.77073487E-01  2.21950524E-02  3.82446015E-04
5.77372102E-01  2.21815389E-02  3.83124279E-04
5.77670717E-01  2.14057416E-02  3.73874471E-04
5.77969332E-01  2.08232813E-02  3.70019960E-04
5.78267947E-01  2.19167843E-02  3.80485988E-04
5.78566562E-01  2.14943793E-02  3.75939067E-04
5.78865177E-01  2.14263834E-02  3.73722316E-04
5.79163792E-01  2.15046480E-02  3.76464304E-04
5.79462407E-01  2.15706825E-02  3.76697892E-04
5.79761022E-01  2.14552637E-02  3.77163436E-04
5.80059637E-01  2.15445403E-02  3.74249270E-04
5.80358252E-01  2.12387368E-02  3.74051306E-04
5.80656867E-01  2.13104486E-02  3.75547301E-04
5.80955482E-01  2.04767715E-02  3.68130102E-04


### HEADER:
#
#{
#    "analysis": {},
#    "calibration_params": {
#        "Beam_Center_X": 1061.0,
#        "Beam_Center_Y": 2093.0,
#        "Detector Tilt": 0.0,
#        "Detector Tilt Plane Rotation": 0.0,
#        "Detector_X_Pixel_Size": 75.0,
#        "Detector_Y_Pixel_Size": 75.0,
#        "Integration Method": "nosplit_csr",
#        "Radial_Average_Method": "pyFAI",
#        "Sample-to-detector distance (mm)": 1782.0,
#        "Wavelength (A)": 0.8823505857220345
#    },
#    "config_file": "/Users/jwinnikoff/Documents/MBARI/SAXS/HPSAXS_7A_Feb2023/HPSAXS_02_19_23.cfg",
#    "counters": {
#        "Epoch": "131.225",
#        "I1": "0",
#        "I2": "0",
#        "I3": "0",
#        "Seconds": "1",
#        "Time": "2.28882e-05",
#        "date": "Sun Feb 19 22:17:07 2023",
#        "diode": "54641"
#    },
#    "filename": "JWL0320_35C_090MPa_up_3_data_000001_00001.h5",
#    "history": {},
#    "imageHeader": {},
#    "load_path": "/Users/jwinnikoff/Documents/MBARI/SAXS/HPSAXS_7A_Feb2023/JWL0320_SOPE_DOPE_TS+/JWL0320_35C_090MPa_up_3_data_000001.h5",
#    "normalizations": {
#        "Absolute_scale": {
#            "Absolute_scale_factor": 0.005174693841759343,
#            "Method": "Water"
#        },
#        "Counter_norms": [
#            [
#                "/",
#                "diode/150000"
#            ]
#        ],
#        "Polarization": {
#            "Used": false
#        },
#        "Solid_Angle_Correction": "On"
#    },
#    "raw_version": "2.1.4"
#}

