### DATA:
#
# 1908
#      Q             I(Q)           Error     
1.14966775E-02  0.00000000E+00  0.00000000E+00
1.17952925E-02  1.03681040E+00  5.04711419E-02
1.20939075E-02  1.00364244E+00  3.51130031E-02
1.23925225E-02  9.00862455E-01  2.71620248E-02
1.26911375E-02  8.87373805E-01  2.53225490E-02
1.29897525E-02  8.45582604E-01  2.40226202E-02
1.32883675E-02  7.89987624E-01  2.23085582E-02
1.35869825E-02  7.63924420E-01  2.08922252E-02
1.38855975E-02  7.25537717E-01  1.90732963E-02
1.41842125E-02  6.36180520E-01  1.82362311E-02
1.44828275E-02  6.66434586E-01  1.84693672E-02
1.47814425E-02  6.01700187E-01  1.70254633E-02
1.50800575E-02  5.90550125E-01  1.62420571E-02
1.53786725E-02  5.47255456E-01  1.47262868E-02
1.56772875E-02  5.11116624E-01  1.43479286E-02
1.59759025E-02  4.86818165E-01  1.30715938E-02
1.62745175E-02  4.94111031E-01  1.29849501E-02
1.65731325E-02  4.48560894E-01  1.25474650E-02
1.68717475E-02  4.46683466E-01  1.14988722E-02
1.71703625E-02  4.54036564E-01  1.21957697E-02
1.74689775E-02  3.95897299E-01  1.05134305E-02
1.77675925E-02  3.96885335E-01  1.03515740E-02
1.80662075E-02  3.84330928E-01  1.06024845E-02
1.83648225E-02  3.70426565E-01  9.35468357E-03
1.86634375E-02  3.42674524E-01  9.41399299E-03
1.89620525E-02  3.36619973E-01  8.79170094E-03
1.92606675E-02  3.26958477E-01  8.78869835E-03
1.95592825E-02  3.10486495E-01  8.64801183E-03
1.98578975E-02  3.15476149E-01  8.07058159E-03
2.01565125E-02  2.93280512E-01  8.05703457E-03
2.04551275E-02  2.94635028E-01  7.57970195E-03
2.07537425E-02  2.78636813E-01  7.20157661E-03
2.10523575E-02  2.85367787E-01  6.88282913E-03
2.13509725E-02  2.68506199E-01  6.26639836E-03
2.16495875E-02  2.68952817E-01  6.25302643E-03
2.19482025E-02  2.50306666E-01  5.58725791E-03
2.22468175E-02  2.41597369E-01  5.74256014E-03
2.25454325E-02  2.50284702E-01  5.36050973E-03
2.28440475E-02  2.33287364E-01  5.30061685E-03
2.31426625E-02  2.30995849E-01  5.09068230E-03
2.34412775E-02  2.20916033E-01  4.78559034E-03
2.37398925E-02  2.09732249E-01  4.83968854E-03
2.40385075E-02  2.11749732E-01  4.57096612E-03
2.43371225E-02  2.02375993E-01  4.46864823E-03
2.46357375E-02  2.04154268E-01  4.61019902E-03
2.49343525E-02  1.90812275E-01  4.23818035E-03
2.52329675E-02  1.89194188E-01  4.42870101E-03
2.55315825E-02  1.81813091E-01  4.06749872E-03
2.58301975E-02  1.74654022E-01  4.00894880E-03
2.61288125E-02  1.76801115E-01  4.16840008E-03
2.64274275E-02  1.73709765E-01  3.86978383E-03
2.67260425E-02  1.73515290E-01  4.07285942E-03
2.70246575E-02  1.70644090E-01  3.78276221E-03
2.73232725E-02  1.62158087E-01  3.80627601E-03
2.76218875E-02  1.58919051E-01  3.82410479E-03
2.79205025E-02  1.56886056E-01  3.65841924E-03
2.82191175E-02  1.48433328E-01  3.54620931E-03
2.85177325E-02  1.51429743E-01  3.52162193E-03
2.88163475E-02  1.44106016E-01  3.54335271E-03
2.91149625E-02  1.47663400E-01  3.48336366E-03
2.94135775E-02  1.37621269E-01  3.32414662E-03
2.97121925E-02  1.34193569E-01  3.30964057E-03
3.00108075E-02  1.38031855E-01  3.24533903E-03
3.03094225E-02  1.26012549E-01  3.23962187E-03
3.06080375E-02  1.30413577E-01  3.18936841E-03
3.09066525E-02  1.25046924E-01  3.07937548E-03
3.12052675E-02  1.20995067E-01  3.12199863E-03
3.15038825E-02  1.24766268E-01  3.03406850E-03
3.18024975E-02  1.21326655E-01  3.03791696E-03
3.21011125E-02  1.14943057E-01  2.86108651E-03
3.23997275E-02  1.20620668E-01  2.85337889E-03
3.26983425E-02  1.16328329E-01  2.82553467E-03
3.29969575E-02  1.08878493E-01  2.58284528E-03
3.32955725E-02  1.11145586E-01  2.60959775E-03
3.35941875E-02  1.09532878E-01  2.47031730E-03
3.38928025E-02  1.07197121E-01  2.51619797E-03
3.41914175E-02  1.04893774E-01  2.41470337E-03
3.44900325E-02  1.03653543E-01  2.38425797E-03
3.47886474E-02  1.09822519E-01  2.41149869E-03
3.50872624E-02  1.05772302E-01  2.32200371E-03
3.53858774E-02  1.00068942E-01  2.32970621E-03
3.56844924E-02  1.02089979E-01  2.26252945E-03
3.59831074E-02  9.80853736E-02  2.18021334E-03
3.62817224E-02  9.97544900E-02  2.25264975E-03
3.65803374E-02  9.66541022E-02  2.14946177E-03
3.68789524E-02  9.61340144E-02  2.21598730E-03
3.71775674E-02  9.48182419E-02  2.14996841E-03
3.74761824E-02  9.94803160E-02  2.14345474E-03
3.77747974E-02  9.30579156E-02  2.08292226E-03
3.80734124E-02  9.06919017E-02  2.02388875E-03
3.83720274E-02  9.73162055E-02  2.16525723E-03
3.86706424E-02  8.57325122E-02  1.93600624E-03
3.89692574E-02  9.02135000E-02  2.04503210E-03
3.92678724E-02  8.77364948E-02  2.03215727E-03
3.95664874E-02  8.71316940E-02  1.95174245E-03
3.98651024E-02  8.85133818E-02  1.96890952E-03
4.01637174E-02  8.85792151E-02  1.93711242E-03
4.04623324E-02  8.61995593E-02  1.97859504E-03
4.07609474E-02  8.65238607E-02  1.91285950E-03
4.10595624E-02  8.61274078E-02  1.94740796E-03
4.13581774E-02  8.74593928E-02  1.92649313E-03
4.16567924E-02  8.67899880E-02  1.88052817E-03
4.19554074E-02  8.33660588E-02  1.89566263E-03
4.22540224E-02  8.16034898E-02  1.86088297E-03
4.25526374E-02  8.63879248E-02  1.88874011E-03
4.28512524E-02  8.13601986E-02  1.83914753E-03
4.31498674E-02  8.17518085E-02  1.82211376E-03
4.34484824E-02  7.72947669E-02  1.82693696E-03
4.37470974E-02  8.30878168E-02  1.81312475E-03
4.40457124E-02  8.26599896E-02  1.81725179E-03
4.43443274E-02  8.25512037E-02  1.85099826E-03
4.46429424E-02  8.29992294E-02  1.81508530E-03
4.49415574E-02  8.25072527E-02  1.86794251E-03
4.52401724E-02  7.96991065E-02  1.75470393E-03
4.55387874E-02  8.27255622E-02  1.81649986E-03
4.58374024E-02  8.18082318E-02  1.80640095E-03
4.61360174E-02  7.99507201E-02  1.76024355E-03
4.64346324E-02  7.79809058E-02  1.77229336E-03
4.67332474E-02  8.10068846E-02  1.74989039E-03
4.70318624E-02  8.10064003E-02  1.80192268E-03
4.73304774E-02  8.17166939E-02  1.79956062E-03
4.76290924E-02  8.11548382E-02  1.75554585E-03
4.79277074E-02  8.29021037E-02  1.76347536E-03
4.82263224E-02  8.47388059E-02  1.77077996E-03
4.85249374E-02  8.34613293E-02  1.81138306E-03
4.88235524E-02  8.49312395E-02  1.78220996E-03
4.91221674E-02  8.05472881E-02  1.72513328E-03
4.94207824E-02  8.66199955E-02  1.80811808E-03
4.97193974E-02  8.48506764E-02  1.75745494E-03
5.00180124E-02  8.22867900E-02  1.77878409E-03
5.03166274E-02  8.64511281E-02  1.77133130E-03
5.06152424E-02  8.86809677E-02  1.79935421E-03
5.09138574E-02  8.57171267E-02  1.79044215E-03
5.12124724E-02  8.82845819E-02  1.76923361E-03
5.15110874E-02  9.00561735E-02  1.81866728E-03
5.18097024E-02  8.71925130E-02  1.76335499E-03
5.21083174E-02  8.97848979E-02  1.78678613E-03
5.24069324E-02  9.14463252E-02  1.80454936E-03
5.27055474E-02  9.13235396E-02  1.79169117E-03
5.30041624E-02  8.95943567E-02  1.80860353E-03
5.33027774E-02  9.57046375E-02  1.82634452E-03
5.36013924E-02  9.24671516E-02  1.80546194E-03
5.39000074E-02  9.85565335E-02  1.83267845E-03
5.41986224E-02  9.69366655E-02  1.85391074E-03
5.44972374E-02  1.00219354E-01  1.86102674E-03
5.47958524E-02  9.88635272E-02  1.83553318E-03
5.50944674E-02  1.02326728E-01  1.89656613E-03
5.53930824E-02  1.07090972E-01  1.89727370E-03
5.56916974E-02  1.06995746E-01  1.88613811E-03
5.59903124E-02  1.07121862E-01  1.92676438E-03
5.62889274E-02  1.13770135E-01  1.94230722E-03
5.65875424E-02  1.14298992E-01  1.98189798E-03
5.68861574E-02  1.14798307E-01  1.95106596E-03
5.71847724E-02  1.16345316E-01  1.95104827E-03
5.74833874E-02  1.22889757E-01  2.02687946E-03
5.77820024E-02  1.27424821E-01  2.03912333E-03
5.80806174E-02  1.24467246E-01  2.06529535E-03
5.83792324E-02  1.24768868E-01  1.99406967E-03
5.86778474E-02  1.31277531E-01  2.07801932E-03
5.89764624E-02  1.34218276E-01  2.12403666E-03
5.92750774E-02  1.35761723E-01  2.04971526E-03
5.95736924E-02  1.43711686E-01  2.17420794E-03
5.98723074E-02  1.49889112E-01  2.17436207E-03
6.01709224E-02  1.52651593E-01  2.19149725E-03
6.04695374E-02  1.59503907E-01  2.27537891E-03
6.07681524E-02  1.61447465E-01  2.26538558E-03
6.10667674E-02  1.66829750E-01  2.31484813E-03
6.13653824E-02  1.76970735E-01  2.32997467E-03
6.16639974E-02  1.84271470E-01  2.40780041E-03
6.19626124E-02  1.89917758E-01  2.44754809E-03
6.22612274E-02  1.98061720E-01  2.45269435E-03
6.25598424E-02  2.09097311E-01  2.57478538E-03
6.28584574E-02  2.20071942E-01  2.59826821E-03
6.31570724E-02  2.25610614E-01  2.65405886E-03
6.34556874E-02  2.34126881E-01  2.63113738E-03
6.37543024E-02  2.52339512E-01  2.76845205E-03
6.40529174E-02  2.64295638E-01  2.87260907E-03
6.43515324E-02  2.77259648E-01  2.88593024E-03
6.46501474E-02  2.90318251E-01  3.01646674E-03
6.49487624E-02  3.10769469E-01  3.00614862E-03
6.52473774E-02  3.32150191E-01  3.13391071E-03
6.55459924E-02  3.53891015E-01  3.27046588E-03
6.58446074E-02  3.72542500E-01  3.31900408E-03
6.61432224E-02  3.98623228E-01  3.47101642E-03
6.64418374E-02  4.20053095E-01  3.47448094E-03
6.67404524E-02  4.51058835E-01  3.64766736E-03
6.70390674E-02  4.84234780E-01  3.79771530E-03
6.73376824E-02  5.12908518E-01  3.80611583E-03
6.76362974E-02  5.42544425E-01  4.01016558E-03
6.79349124E-02  5.75562418E-01  4.03886056E-03
6.82335274E-02  6.01775765E-01  4.15869197E-03
6.85321424E-02  6.32022500E-01  4.31266520E-03
6.88307574E-02  6.66421354E-01  4.34097741E-03
6.91293724E-02  6.94991946E-01  4.50089993E-03
6.94279874E-02  7.26842284E-01  4.49233316E-03
6.97266024E-02  7.45132804E-01  4.62761847E-03
7.00252174E-02  7.61490762E-01  4.64030448E-03
7.03238324E-02  7.94194102E-01  4.70118411E-03
7.06224474E-02  8.08684349E-01  4.81530372E-03
7.09210624E-02  8.30936909E-01  4.81963810E-03
7.12196774E-02  8.49353075E-01  4.86170826E-03
7.15182924E-02  8.71913970E-01  4.81793983E-03
7.18169074E-02  8.83041441E-01  4.97980323E-03
7.21155224E-02  9.11670208E-01  5.04262745E-03
7.24141374E-02  9.33513463E-01  5.07396739E-03
7.27127524E-02  9.54317570E-01  5.10732038E-03
7.30113674E-02  9.65226829E-01  5.09689981E-03
7.33099824E-02  9.90339756E-01  5.19128982E-03
7.36085974E-02  9.93075430E-01  5.21581573E-03
7.39072124E-02  1.00540102E+00  5.15136635E-03
7.42058274E-02  1.02179646E+00  5.30254515E-03
7.45044424E-02  1.03025532E+00  5.23154251E-03
7.48030574E-02  1.03101337E+00  5.26775094E-03
7.51016724E-02  1.03434718E+00  5.27049461E-03
7.54002874E-02  1.03232586E+00  5.18109510E-03
7.56989024E-02  1.03930724E+00  5.28890686E-03
7.59975174E-02  1.02094162E+00  5.15791588E-03
7.62961324E-02  1.01756740E+00  5.16584935E-03
7.65947474E-02  1.01427341E+00  5.14105102E-03
7.68933624E-02  1.00279915E+00  5.11732092E-03
7.71919774E-02  9.88317311E-01  5.13510359E-03
7.74905924E-02  9.71471786E-01  4.97889612E-03
7.77892074E-02  9.52853441E-01  4.96197073E-03
7.80878224E-02  9.31294858E-01  4.86476719E-03
7.83864374E-02  9.05159891E-01  4.78860270E-03
7.86850524E-02  8.80401611E-01  4.79998533E-03
7.89836674E-02  8.52872968E-01  4.66510747E-03
7.92822824E-02  8.25481594E-01  4.55192663E-03
7.95808974E-02  8.08262527E-01  4.46335925E-03
7.98795124E-02  7.79843569E-01  4.47021052E-03
8.01781274E-02  7.55786061E-01  4.43789922E-03
8.04767424E-02  7.31267929E-01  4.25400259E-03
8.07753574E-02  7.16069341E-01  4.25261026E-03
8.10739724E-02  6.92705035E-01  4.13616048E-03
8.13725874E-02  6.80296421E-01  4.08257032E-03
8.16712024E-02  6.65818512E-01  4.10491088E-03
8.19698174E-02  6.45931661E-01  3.93904699E-03
8.22684324E-02  6.38968468E-01  4.00074851E-03
8.25670474E-02  6.28991961E-01  3.92171321E-03
8.28656624E-02  6.19752109E-01  3.92020540E-03
8.31642774E-02  6.07040226E-01  3.82612017E-03
8.34628924E-02  6.02266610E-01  3.81479505E-03
8.37615074E-02  6.00281954E-01  3.86595377E-03
8.40601224E-02  5.84951937E-01  3.73757863E-03
8.43587374E-02  5.72567821E-01  3.71226389E-03
8.46573524E-02  5.63177705E-01  3.66380182E-03
8.49559674E-02  5.35459459E-01  3.59701063E-03
8.52545824E-02  5.16857624E-01  3.54095129E-03
8.55531974E-02  5.10870755E-01  3.46275466E-03
8.58518124E-02  4.93783087E-01  3.42072849E-03
8.61504274E-02  4.75357592E-01  3.32125672E-03
8.64490424E-02  4.57057953E-01  3.31027643E-03
8.67476574E-02  4.45299357E-01  3.26106325E-03
8.70462724E-02  4.28411663E-01  3.14558228E-03
8.73448874E-02  4.11246181E-01  3.10535915E-03
8.76435024E-02  3.97512972E-01  3.02293408E-03
8.79421174E-02  3.83551925E-01  3.01775616E-03
8.82407324E-02  3.73495072E-01  2.96648964E-03
8.85393474E-02  3.69534522E-01  2.90917978E-03
8.88379624E-02  3.58668268E-01  2.88770092E-03
8.91365774E-02  3.47329110E-01  2.80478317E-03
8.94351924E-02  3.42528254E-01  2.80610076E-03
8.97338074E-02  3.31951916E-01  2.74706539E-03
9.00324224E-02  3.24513376E-01  2.70860782E-03
9.03310374E-02  3.19541693E-01  2.71795387E-03
9.06296524E-02  3.17735225E-01  2.67771306E-03
9.09282674E-02  3.06363761E-01  2.62695085E-03
9.12268824E-02  2.99634397E-01  2.59319250E-03
9.15254974E-02  2.97483921E-01  2.57448503E-03
9.18241124E-02  2.89232284E-01  2.57617491E-03
9.21227274E-02  2.84358591E-01  2.53085839E-03
9.24213424E-02  2.84126163E-01  2.48688692E-03
9.27199574E-02  2.73628026E-01  2.46242085E-03
9.30185724E-02  2.75419652E-01  2.47493852E-03
9.33171874E-02  2.74275512E-01  2.49475404E-03
9.36158024E-02  2.69396216E-01  2.38796789E-03
9.39144174E-02  2.68835247E-01  2.44739768E-03
9.42130324E-02  2.64906466E-01  2.41634203E-03
9.45116474E-02  2.60673553E-01  2.38628406E-03
9.48102624E-02  2.60389000E-01  2.39565433E-03
9.51088774E-02  2.57671028E-01  2.33744667E-03
9.54074924E-02  2.55463094E-01  2.35813204E-03
9.57061074E-02  2.49003083E-01  2.32196576E-03
9.60047224E-02  2.47534275E-01  2.31715175E-03
9.63033374E-02  2.51054168E-01  2.31123902E-03
9.66019524E-02  2.44530916E-01  2.29295879E-03
9.69005674E-02  2.41286650E-01  2.27174442E-03
9.71991824E-02  2.40182564E-01  2.26064818E-03
9.74977974E-02  2.40918651E-01  2.25631101E-03
9.77964124E-02  2.39902779E-01  2.24384665E-03
9.80950274E-02  2.37992197E-01  2.25032237E-03
9.83936424E-02  2.38220140E-01  2.25237687E-03
9.86922574E-02  2.34959632E-01  2.23497581E-03
9.89908724E-02  2.34855711E-01  2.21070647E-03
9.92894874E-02  2.33555034E-01  2.19807378E-03
9.95881024E-02  2.32642278E-01  2.21153256E-03
9.98867174E-02  2.29990959E-01  2.20645918E-03
1.00185332E-01  2.32452035E-01  2.16838089E-03
1.00483947E-01  2.26907060E-01  2.17667292E-03
1.00782562E-01  2.29908153E-01  2.16451869E-03
1.01081177E-01  2.29191601E-01  2.18297518E-03
1.01379792E-01  2.32928365E-01  2.19237013E-03
1.01678407E-01  2.27286071E-01  2.14239769E-03
1.01977022E-01  2.28100583E-01  2.16953503E-03
1.02275637E-01  2.25769222E-01  2.15842132E-03
1.02574252E-01  2.26406768E-01  2.15245131E-03
1.02872867E-01  2.26376727E-01  2.12938478E-03
1.03171482E-01  2.25128874E-01  2.12178100E-03
1.03470097E-01  2.24419892E-01  2.12189532E-03
1.03768712E-01  2.20373049E-01  2.12181802E-03
1.04067327E-01  2.26886451E-01  2.11462402E-03
1.04365942E-01  2.23953158E-01  2.12490372E-03
1.04664557E-01  2.25337908E-01  2.12971843E-03
1.04963172E-01  2.21211687E-01  2.09474750E-03
1.05261787E-01  2.23663911E-01  2.11144681E-03
1.05560402E-01  2.18205959E-01  2.06388067E-03
1.05859017E-01  2.22795501E-01  2.11249385E-03
1.06157632E-01  2.19176725E-01  2.08174041E-03
1.06456247E-01  2.18366459E-01  2.07789103E-03
1.06754862E-01  2.21348792E-01  2.06723623E-03
1.07053477E-01  2.22152814E-01  2.08412833E-03
1.07352092E-01  2.17812628E-01  2.06367113E-03
1.07650707E-01  2.20803931E-01  2.07945006E-03
1.07949322E-01  2.18580157E-01  2.06566509E-03
1.08247937E-01  2.18818605E-01  2.06515379E-03
1.08546552E-01  2.16187075E-01  2.06088810E-03
1.08845167E-01  2.18441114E-01  2.03768280E-03
1.09143782E-01  2.22910151E-01  2.08272692E-03
1.09442397E-01  2.17800930E-01  2.03312677E-03
1.09741012E-01  2.21389532E-01  2.05617072E-03
1.10039627E-01  2.18463838E-01  2.05859914E-03
1.10338242E-01  2.20050037E-01  2.05313787E-03
1.10636857E-01  2.22452104E-01  2.03904370E-03
1.10935472E-01  2.23477051E-01  2.04218552E-03
1.11234087E-01  2.16125488E-01  2.02686945E-03
1.11532702E-01  2.22700506E-01  2.05588201E-03
1.11831317E-01  2.20638320E-01  2.03537080E-03
1.12129932E-01  2.22464859E-01  2.04769475E-03
1.12428547E-01  2.24611387E-01  2.05676351E-03
1.12727162E-01  2.22043350E-01  2.03640945E-03
1.13025777E-01  2.21091554E-01  2.02973001E-03
1.13324392E-01  2.22522810E-01  2.03321059E-03
1.13623007E-01  2.21185580E-01  2.03170651E-03
1.13921622E-01  2.25634381E-01  2.05359911E-03
1.14220237E-01  2.23166257E-01  2.02244264E-03
1.14518852E-01  2.27679282E-01  2.02623871E-03
1.14817467E-01  2.23302156E-01  2.03524064E-03
1.15116082E-01  2.26299986E-01  2.04731408E-03
1.15414697E-01  2.27007389E-01  2.04130448E-03
1.15713312E-01  2.22863957E-01  2.00323621E-03
1.16011927E-01  2.26450071E-01  2.02672859E-03
1.16310542E-01  2.27006719E-01  2.04743329E-03
1.16609157E-01  2.28143528E-01  2.02980777E-03
1.16907772E-01  2.30760545E-01  2.04895972E-03
1.17206387E-01  2.29294330E-01  2.03417777E-03
1.17505002E-01  2.27804884E-01  2.01502582E-03
1.17803617E-01  2.28680819E-01  2.04122369E-03
1.18102232E-01  2.30041593E-01  2.02784128E-03
1.18400847E-01  2.26804972E-01  2.01646239E-03
1.18699462E-01  2.31564805E-01  2.03307020E-03
1.18998077E-01  2.26958647E-01  1.99401332E-03
1.19296692E-01  2.34985247E-01  2.06764787E-03
1.19595307E-01  2.29652062E-01  2.00724555E-03
1.19893922E-01  2.34350741E-01  2.02334998E-03
1.20192537E-01  2.34478220E-01  2.04731757E-03
1.20491152E-01  2.39071757E-01  2.03784765E-03
1.20789767E-01  2.34646350E-01  2.03770841E-03
1.21088382E-01  2.36231625E-01  2.04164488E-03
1.21386997E-01  2.32802451E-01  2.01095687E-03
1.21685612E-01  2.39992023E-01  2.06079567E-03
1.21984227E-01  2.40608349E-01  2.05020094E-03
1.22282842E-01  2.41026074E-01  2.03755172E-03
1.22581457E-01  2.40107328E-01  2.01956346E-03
1.22880072E-01  2.42772117E-01  2.06676335E-03
1.23178687E-01  2.42879748E-01  2.04825122E-03
1.23477302E-01  2.43489131E-01  2.05661054E-03
1.23775917E-01  2.46563360E-01  2.04513059E-03
1.24074532E-01  2.46630847E-01  2.06546625E-03
1.24373147E-01  2.46404812E-01  2.06162198E-03
1.24671762E-01  2.48019129E-01  2.05685175E-03
1.24970377E-01  2.53147393E-01  2.07226537E-03
1.25268992E-01  2.49355257E-01  2.05385499E-03
1.25567607E-01  2.54331827E-01  2.06433004E-03
1.25866222E-01  2.54850626E-01  2.09961715E-03
1.26164837E-01  2.60725170E-01  2.10016523E-03
1.26463452E-01  2.58271068E-01  2.08026217E-03
1.26762067E-01  2.57377744E-01  2.08520959E-03
1.27060682E-01  2.62372285E-01  2.09958293E-03
1.27359297E-01  2.60987699E-01  2.12550699E-03
1.27657912E-01  2.66805530E-01  2.09868513E-03
1.27956527E-01  2.63160735E-01  2.09346181E-03
1.28255142E-01  2.68632054E-01  2.13032379E-03
1.28553757E-01  2.66018242E-01  2.08304077E-03
1.28852372E-01  2.74155498E-01  2.12313235E-03
1.29150987E-01  2.74600059E-01  2.12485553E-03
1.29449602E-01  2.76116520E-01  2.14366103E-03
1.29748217E-01  2.76126027E-01  2.14225054E-03
1.30046832E-01  2.80810684E-01  2.14303122E-03
1.30345447E-01  2.80870050E-01  2.13757879E-03
1.30644062E-01  2.82838762E-01  2.14222609E-03
1.30942677E-01  2.80618995E-01  2.14946945E-03
1.31241292E-01  2.86390305E-01  2.16422719E-03
1.31539907E-01  2.90721267E-01  2.16901815E-03
1.31838522E-01  2.91874677E-01  2.18340429E-03
1.32137137E-01  2.98055530E-01  2.22646608E-03
1.32435752E-01  2.99008012E-01  2.25925562E-03
1.32734367E-01  3.01993668E-01  2.26736278E-03
1.33032982E-01  3.02195340E-01  2.29205680E-03
1.33331597E-01  3.07411402E-01  2.31175614E-03
1.33630212E-01  3.11077803E-01  2.33543478E-03
1.33928827E-01  3.14395308E-01  2.38383561E-03
1.34227442E-01  3.22681278E-01  2.35684519E-03
1.34526057E-01  3.22486728E-01  2.40374100E-03
1.34824672E-01  3.27258021E-01  2.43930495E-03
1.35123287E-01  3.29972059E-01  2.43503577E-03
1.35421902E-01  3.31530422E-01  2.46247812E-03
1.35720517E-01  3.36070955E-01  2.45385733E-03
1.36019132E-01  3.39492142E-01  2.51062727E-03
1.36317747E-01  3.43260974E-01  2.50009913E-03
1.36616362E-01  3.46362501E-01  2.50396342E-03
1.36914977E-01  3.51077974E-01  2.54926924E-03
1.37213592E-01  3.51675302E-01  2.55529140E-03
1.37512207E-01  3.58796269E-01  2.60675745E-03
1.37810822E-01  3.62891465E-01  2.59572640E-03
1.38109437E-01  3.60292971E-01  2.58641946E-03
1.38408052E-01  3.67956132E-01  2.62371055E-03
1.38706667E-01  3.76692742E-01  2.66076112E-03
1.39005282E-01  3.76867563E-01  2.69033294E-03
1.39303897E-01  3.77732486E-01  2.64032418E-03
1.39602512E-01  3.88400406E-01  2.72906292E-03
1.39901127E-01  3.86352181E-01  2.71762465E-03
1.40199742E-01  3.94883484E-01  2.73473933E-03
1.40498357E-01  3.90546232E-01  2.74841813E-03
1.40796972E-01  3.98060709E-01  2.73835193E-03
1.41095587E-01  3.99072111E-01  2.78154737E-03
1.41394202E-01  4.00322646E-01  2.76849372E-03
1.41692817E-01  4.02893454E-01  2.79484014E-03
1.41991432E-01  4.13809687E-01  2.83245323E-03
1.42290047E-01  4.12166893E-01  2.80697574E-03
1.42588662E-01  4.13425446E-01  2.84917792E-03
1.42887277E-01  4.16932672E-01  2.84537696E-03
1.43185892E-01  4.24079657E-01  2.86064018E-03
1.43484507E-01  4.23375160E-01  2.88096978E-03
1.43783122E-01  4.25195307E-01  2.86328443E-03
1.44081737E-01  4.28055763E-01  2.88195885E-03
1.44380352E-01  4.29704994E-01  2.86387280E-03
1.44678967E-01  4.24574763E-01  2.81521259E-03
1.44977582E-01  4.31135237E-01  2.89345998E-03
1.45276197E-01  4.32090074E-01  2.85414793E-03
1.45574812E-01  4.33061391E-01  2.89080432E-03
1.45873427E-01  4.35888529E-01  2.83319410E-03
1.46172042E-01  4.39530194E-01  2.86547211E-03
1.46470657E-01  4.39191371E-01  2.89871613E-03
1.46769272E-01  4.41998363E-01  2.87351385E-03
1.47067887E-01  4.40811723E-01  2.86313822E-03
1.47366502E-01  4.47845817E-01  2.87180976E-03
1.47665117E-01  4.50301141E-01  2.88399914E-03
1.47963732E-01  4.47684914E-01  2.90857838E-03
1.48262347E-01  4.51147646E-01  2.88888719E-03
1.48560962E-01  4.51601595E-01  2.89470376E-03
1.48859577E-01  4.48165506E-01  2.84528011E-03
1.49158192E-01  4.49269950E-01  2.90815509E-03
1.49456807E-01  4.47404772E-01  2.86827399E-03
1.49755422E-01  4.46356177E-01  2.85744411E-03
1.50054037E-01  4.53057498E-01  2.89719948E-03
1.50352652E-01  4.51441020E-01  2.85567786E-03
1.50651267E-01  4.49337959E-01  2.88964808E-03
1.50949882E-01  4.51057106E-01  2.85028550E-03
1.51248497E-01  4.51558471E-01  2.86555104E-03
1.51547112E-01  4.44705009E-01  2.89337337E-03
1.51845727E-01  4.45133001E-01  2.81099882E-03
1.52144342E-01  4.41647768E-01  2.86917388E-03
1.52442957E-01  4.48650628E-01  2.80593033E-03
1.52741572E-01  4.42273915E-01  2.82656518E-03
1.53040187E-01  4.37677205E-01  2.85193766E-03
1.53338802E-01  4.39246535E-01  2.79945275E-03
1.53637417E-01  4.42840934E-01  2.84516136E-03
1.53936032E-01  4.33975607E-01  2.77557224E-03
1.54234647E-01  4.30748105E-01  2.77124508E-03
1.54533262E-01  4.29091275E-01  2.80902162E-03
1.54831877E-01  4.26299512E-01  2.76091229E-03
1.55130492E-01  4.25159335E-01  2.76124082E-03
1.55429107E-01  4.19193298E-01  2.72692554E-03
1.55727722E-01  4.15871829E-01  2.74295290E-03
1.56026337E-01  4.15897399E-01  2.72703473E-03
1.56324952E-01  4.11772817E-01  2.70464527E-03
1.56623567E-01  4.09160495E-01  2.72676721E-03
1.56922182E-01  4.05443400E-01  2.67510163E-03
1.57220797E-01  3.98683906E-01  2.68865959E-03
1.57519412E-01  3.96609783E-01  2.64866021E-03
1.57818027E-01  3.94751638E-01  2.64055305E-03
1.58116642E-01  3.88420850E-01  2.65481812E-03
1.58415257E-01  3.80958915E-01  2.59401929E-03
1.58713872E-01  3.79805326E-01  2.61462573E-03
1.59012487E-01  3.77622366E-01  2.56975181E-03
1.59311102E-01  3.71513665E-01  2.58783041E-03
1.59609717E-01  3.69136453E-01  2.58428208E-03
1.59908332E-01  3.64115357E-01  2.50738673E-03
1.60206947E-01  3.60217839E-01  2.51882104E-03
1.60505562E-01  3.55569035E-01  2.50251847E-03
1.60804177E-01  3.53577316E-01  2.49282620E-03
1.61102792E-01  3.52564931E-01  2.49014841E-03
1.61401407E-01  3.35259706E-01  2.41877278E-03
1.61700022E-01  3.39914769E-01  2.43206089E-03
1.61998637E-01  3.30740213E-01  2.40412797E-03
1.62297252E-01  3.34848583E-01  2.43027043E-03
1.62595867E-01  3.29931289E-01  2.41063465E-03
1.62894482E-01  3.26808989E-01  2.37217057E-03
1.63193097E-01  3.21703374E-01  2.38810387E-03
1.63491712E-01  3.17350239E-01  2.33270111E-03
1.63790327E-01  3.18711281E-01  2.37441272E-03
1.64088942E-01  3.13904464E-01  2.31678016E-03
1.64387557E-01  3.09735417E-01  2.31915596E-03
1.64686172E-01  3.11686546E-01  2.35404470E-03
1.64984787E-01  3.04254621E-01  2.28408049E-03
1.65283402E-01  2.98398793E-01  2.27632863E-03
1.65582017E-01  2.98497796E-01  2.25765724E-03
1.65880632E-01  2.93379009E-01  2.24760361E-03
1.66179247E-01  2.92512178E-01  2.26257904E-03
1.66477862E-01  2.92702883E-01  2.23177369E-03
1.66776477E-01  2.84332991E-01  2.21891515E-03
1.67075092E-01  2.85609901E-01  2.22860859E-03
1.67373707E-01  2.81782597E-01  2.20661797E-03
1.67672322E-01  2.78092116E-01  2.19058478E-03
1.67970937E-01  2.75614440E-01  2.16043624E-03
1.68269552E-01  2.70294696E-01  2.15663714E-03
1.68568167E-01  2.71075070E-01  2.13816459E-03
1.68866782E-01  2.67724484E-01  2.15619570E-03
1.69165397E-01  2.68708020E-01  2.14356789E-03
1.69464012E-01  2.55405724E-01  2.07688124E-03
1.69762627E-01  2.59861529E-01  2.10872665E-03
1.70061242E-01  2.56282121E-01  2.08690763E-03
1.70359857E-01  2.53342748E-01  2.09898106E-03
1.70658472E-01  2.45346889E-01  2.02863035E-03
1.70957087E-01  2.46103972E-01  2.03942670E-03
1.71255702E-01  2.46438742E-01  2.06581433E-03
1.71554317E-01  2.35345051E-01  1.97344366E-03
1.71852932E-01  2.34465256E-01  1.99474464E-03
1.72151547E-01  2.32808366E-01  1.98086374E-03
1.72450162E-01  2.31086254E-01  1.97827816E-03
1.72748777E-01  2.23510370E-01  1.95028994E-03
1.73047392E-01  2.24317908E-01  1.94508303E-03
1.73346007E-01  2.22078025E-01  1.93867751E-03
1.73644622E-01  2.20277831E-01  1.92157167E-03
1.73943237E-01  2.15983629E-01  1.90340122E-03
1.74241852E-01  2.12742224E-01  1.90077256E-03
1.74540467E-01  2.10803807E-01  1.86837593E-03
1.74839082E-01  2.06317410E-01  1.87121064E-03
1.75137697E-01  2.05287158E-01  1.84875866E-03
1.75436312E-01  2.04825848E-01  1.85867678E-03
1.75734927E-01  2.00236574E-01  1.81546272E-03
1.76033542E-01  1.96549043E-01  1.80411350E-03
1.76332157E-01  1.92567810E-01  1.81280950E-03
1.76630772E-01  1.92762852E-01  1.78186479E-03
1.76929387E-01  1.91315398E-01  1.80253759E-03
1.77228002E-01  1.88596323E-01  1.75546703E-03
1.77526617E-01  1.87746570E-01  1.76445441E-03
1.77825232E-01  1.80089891E-01  1.73395965E-03
1.78123847E-01  1.79744706E-01  1.72528648E-03
1.78422462E-01  1.76913470E-01  1.71164726E-03
1.78721077E-01  1.75324813E-01  1.70855585E-03
1.79019692E-01  1.73144877E-01  1.69847859E-03
1.79318307E-01  1.72929347E-01  1.69799908E-03
1.79616922E-01  1.71062276E-01  1.66362384E-03
1.79915537E-01  1.68408126E-01  1.67282752E-03
1.80214152E-01  1.67199492E-01  1.65236578E-03
1.80512767E-01  1.64700180E-01  1.65655452E-03
1.80811382E-01  1.61393344E-01  1.63541664E-03
1.81109997E-01  1.59917727E-01  1.61278201E-03
1.81408612E-01  1.61944062E-01  1.63931493E-03
1.81707227E-01  1.57007217E-01  1.60495797E-03
1.82005842E-01  1.54120222E-01  1.59013632E-03
1.82304457E-01  1.52246460E-01  1.57155667E-03
1.82603072E-01  1.51632994E-01  1.57515798E-03
1.82901687E-01  1.53898299E-01  1.59808644E-03
1.83200302E-01  1.48896039E-01  1.55777636E-03
1.83498917E-01  1.48400918E-01  1.54903962E-03
1.83797532E-01  1.43676579E-01  1.52168691E-03
1.84096147E-01  1.46050662E-01  1.54848187E-03
1.84394762E-01  1.44909471E-01  1.54500350E-03
1.84693377E-01  1.41031876E-01  1.51358696E-03
1.84991992E-01  1.41947657E-01  1.52658357E-03
1.85290607E-01  1.42410606E-01  1.50954945E-03
1.85589222E-01  1.39268115E-01  1.50360353E-03
1.85887837E-01  1.38107225E-01  1.49289833E-03
1.86186452E-01  1.37019545E-01  1.48409186E-03
1.86485067E-01  1.35024190E-01  1.48101291E-03
1.86783682E-01  1.34630442E-01  1.47447828E-03
1.87082297E-01  1.32858187E-01  1.47103530E-03
1.87380912E-01  1.31507710E-01  1.45394506E-03
1.87679527E-01  1.29721671E-01  1.43192511E-03
1.87978142E-01  1.25176281E-01  1.42411387E-03
1.88276757E-01  1.26714841E-01  1.42954919E-03
1.88575372E-01  1.25455827E-01  1.42664788E-03
1.88873987E-01  1.22461319E-01  1.40077050E-03
1.89172602E-01  1.22609966E-01  1.39392528E-03
1.89471217E-01  1.19468190E-01  1.38626283E-03
1.89769832E-01  1.22021228E-01  1.40467868E-03
1.90068447E-01  1.20021127E-01  1.37339765E-03
1.90367062E-01  1.17611915E-01  1.37232011E-03
1.90665677E-01  1.18800260E-01  1.37610582E-03
1.90964292E-01  1.15117207E-01  1.35198305E-03
1.91262907E-01  1.15307279E-01  1.35881489E-03
1.91561522E-01  1.14669934E-01  1.33817468E-03
1.91860137E-01  1.10511899E-01  1.33156532E-03
1.92158752E-01  1.13102205E-01  1.34010741E-03
1.92457367E-01  1.12074085E-01  1.33573054E-03
1.92755982E-01  1.10807784E-01  1.32261263E-03
1.93054597E-01  1.10444762E-01  1.32129493E-03
1.93353212E-01  1.12340763E-01  1.32579124E-03
1.93651827E-01  1.09188318E-01  1.32099830E-03
1.93950442E-01  1.07379273E-01  1.30283565E-03
1.94249057E-01  1.06615171E-01  1.28911296E-03
1.94547672E-01  1.06885098E-01  1.30067498E-03
1.94846287E-01  1.04992270E-01  1.28662749E-03
1.95144902E-01  1.02929354E-01  1.28092547E-03
1.95443517E-01  1.02542043E-01  1.25163014E-03
1.95742132E-01  1.01873823E-01  1.26495224E-03
1.96040747E-01  1.02534041E-01  1.27148489E-03
1.96339362E-01  9.76432115E-02  1.24358502E-03
1.96637977E-01  1.00686155E-01  1.25039788E-03
1.96936592E-01  9.95729417E-02  1.24583032E-03
1.97235207E-01  9.92990583E-02  1.24847703E-03
1.97533822E-01  9.73920003E-02  1.23172521E-03
1.97832437E-01  9.72448960E-02  1.23471266E-03
1.98131052E-01  9.54274312E-02  1.21654943E-03
1.98429667E-01  9.34953764E-02  1.20531372E-03
1.98728282E-01  9.68735293E-02  1.23079144E-03
1.99026897E-01  9.21061710E-02  1.19256903E-03
1.99325512E-01  9.52211544E-02  1.21639343E-03
1.99624127E-01  9.05648097E-02  1.18590717E-03
1.99922742E-01  9.13836509E-02  1.18900870E-03
2.00221357E-01  9.13819671E-02  1.19578768E-03
2.00519972E-01  8.93598422E-02  1.17063057E-03
2.00818587E-01  8.89025107E-02  1.16654288E-03
2.01117202E-01  8.93248618E-02  1.18075684E-03
2.01415817E-01  8.59566256E-02  1.14670012E-03
2.01714432E-01  8.81869420E-02  1.16693915E-03
2.02013047E-01  8.62940326E-02  1.14966778E-03
2.02311662E-01  8.46359804E-02  1.14320766E-03
2.02610277E-01  8.49548355E-02  1.14824797E-03
2.02908892E-01  8.48658979E-02  1.13518373E-03
2.03207507E-01  8.35168585E-02  1.13067287E-03
2.03506122E-01  8.35633129E-02  1.12923398E-03
2.03804737E-01  8.40099007E-02  1.13330455E-03
2.04103352E-01  8.18741471E-02  1.12230098E-03
2.04401967E-01  7.97365680E-02  1.10617280E-03
2.04700582E-01  8.04945976E-02  1.10183901E-03
2.04999197E-01  7.96372518E-02  1.09899382E-03
2.05297812E-01  7.87308365E-02  1.10331795E-03
2.05596427E-01  8.08729306E-02  1.10920216E-03
2.05895042E-01  7.84468949E-02  1.09515293E-03
2.06193657E-01  7.92626292E-02  1.09371997E-03
2.06492272E-01  7.73225129E-02  1.07893045E-03
2.06790887E-01  7.72636086E-02  1.09060225E-03
2.07089502E-01  7.67932832E-02  1.06936181E-03
2.07388117E-01  7.76661858E-02  1.08936126E-03
2.07686732E-01  7.59378895E-02  1.07285159E-03
2.07985347E-01  7.49301314E-02  1.06211775E-03
2.08283962E-01  7.47544095E-02  1.06348016E-03
2.08582577E-01  7.45772943E-02  1.05478766E-03
2.08881192E-01  7.44491890E-02  1.05870957E-03
2.09179807E-01  7.28295967E-02  1.05197204E-03
2.09478422E-01  7.24818036E-02  1.03704282E-03
2.09777037E-01  7.23029450E-02  1.04655069E-03
2.10075652E-01  7.24948123E-02  1.03807938E-03
2.10374267E-01  7.05260783E-02  1.03681197E-03
2.10672882E-01  6.91528544E-02  1.02350442E-03
2.10971497E-01  7.09887967E-02  1.02018146E-03
2.11270112E-01  7.08857030E-02  1.03529682E-03
2.11568727E-01  6.95090219E-02  1.01464917E-03
2.11867342E-01  6.80541322E-02  1.01347815E-03
2.12165957E-01  6.60491660E-02  9.89674125E-04
2.12464572E-01  6.78101033E-02  1.00187666E-03
2.12763187E-01  6.80809021E-02  1.00874435E-03
2.13061802E-01  6.58536851E-02  9.91205918E-04
2.13360417E-01  6.45783097E-02  9.85153718E-04
2.13659032E-01  6.55368567E-02  9.81997699E-04
2.13957647E-01  6.50157928E-02  9.79260076E-04
2.14256262E-01  6.47576675E-02  9.81740304E-04
2.14554877E-01  6.30131960E-02  9.62622638E-04
2.14853492E-01  6.45445436E-02  9.75710223E-04
2.15152107E-01  6.32573664E-02  9.64777952E-04
2.15450722E-01  6.08986430E-02  9.56103962E-04
2.15749337E-01  6.43341988E-02  9.75881412E-04
2.16047952E-01  6.25879243E-02  9.59377910E-04
2.16346567E-01  6.15440905E-02  9.51915106E-04
2.16645182E-01  5.97751141E-02  9.32848139E-04
2.16943797E-01  6.23759255E-02  9.58043616E-04
2.17242412E-01  6.08071685E-02  9.52206552E-04
2.17541027E-01  5.87127246E-02  9.20991006E-04
2.17839642E-01  5.86684570E-02  9.36450553E-04
2.18138257E-01  5.81327379E-02  9.14824137E-04
2.18436872E-01  5.94365932E-02  9.34648502E-04
2.18735487E-01  5.92175834E-02  9.28225461E-04
2.19034102E-01  5.77729605E-02  9.17377882E-04
2.19332717E-01  5.84913604E-02  9.29136819E-04
2.19631332E-01  6.00974634E-02  9.37878678E-04
2.19929947E-01  5.55842370E-02  8.98508995E-04
2.20228562E-01  5.72028346E-02  9.08554008E-04
2.20527177E-01  5.65737151E-02  9.08353308E-04
2.20825792E-01  5.67376316E-02  9.10750416E-04
2.21124407E-01  5.52982092E-02  8.96465848E-04
2.21423022E-01  5.37418537E-02  8.82200256E-04
2.21721637E-01  5.63916117E-02  9.01833002E-04
2.22020252E-01  5.43552488E-02  8.85142596E-04
2.22318867E-01  5.33858873E-02  8.82924127E-04
2.22617482E-01  5.35602681E-02  8.74052988E-04
2.22916097E-01  5.53795993E-02  9.00868443E-04
2.23214712E-01  5.20525835E-02  8.64427129E-04
2.23513327E-01  5.18440902E-02  8.68542993E-04
2.23811942E-01  5.22179231E-02  8.66814400E-04
2.24110557E-01  5.16656339E-02  8.58711894E-04
2.24409172E-01  5.24859354E-02  8.72104894E-04
2.24707787E-01  5.10022417E-02  8.51457648E-04
2.25006402E-01  5.17287068E-02  8.67584604E-04
2.25305017E-01  5.12328260E-02  8.48011754E-04
2.25603632E-01  5.08136936E-02  8.56342958E-04
2.25902247E-01  5.03836945E-02  8.53715697E-04
2.26200862E-01  4.81535420E-02  8.29986762E-04
2.26499477E-01  4.93402332E-02  8.37237749E-04
2.26798092E-01  4.84081618E-02  8.33880156E-04
2.27096707E-01  5.07023260E-02  8.52169993E-04
2.27395322E-01  4.89964820E-02  8.40901281E-04
2.27693937E-01  4.75520752E-02  8.18162633E-04
2.27992552E-01  4.72006015E-02  8.17947439E-04
2.28291167E-01  4.87038679E-02  8.30394041E-04
2.28589782E-01  4.58752774E-02  8.12492857E-04
2.28888397E-01  4.63560000E-02  8.13889666E-04
2.29187012E-01  4.67829555E-02  8.10831785E-04
2.29485627E-01  4.73312959E-02  8.18615954E-04
2.29784242E-01  4.58707064E-02  8.09623103E-04
2.30082857E-01  4.56047282E-02  8.01936316E-04
2.30381472E-01  4.56895642E-02  8.01078335E-04
2.30680087E-01  4.71821688E-02  8.16158834E-04
2.30978702E-01  4.44434695E-02  7.92119303E-04
2.31277317E-01  4.62439433E-02  8.08935380E-04
2.31575932E-01  4.46901694E-02  7.95002386E-04
2.31874547E-01  4.39099930E-02  7.81990297E-04
2.32173162E-01  4.28883694E-02  7.76586065E-04
2.32471777E-01  4.44584973E-02  7.92261329E-04
2.32770392E-01  4.41406667E-02  7.86722405E-04
2.33069007E-01  4.36144024E-02  7.81574927E-04
2.33367622E-01  4.31969278E-02  7.74965272E-04
2.33666237E-01  4.47904542E-02  7.95905420E-04
2.33964852E-01  4.32706252E-02  7.76287401E-04
2.34263467E-01  4.39114384E-02  7.82016083E-04
2.34562082E-01  4.22606617E-02  7.69138860E-04
2.34860697E-01  4.11126427E-02  7.57330330E-04
2.35159312E-01  4.27303389E-02  7.72964675E-04
2.35457927E-01  4.11813296E-02  7.54763605E-04
2.35756542E-01  4.19305153E-02  7.58620561E-04
2.36055157E-01  4.05224636E-02  7.52094318E-04
2.36353772E-01  4.16522175E-02  7.61859992E-04
2.36652387E-01  4.13587950E-02  7.63290445E-04
2.36951002E-01  4.10026051E-02  7.46242353E-04
2.37249617E-01  4.08388413E-02  7.56534282E-04
2.37548232E-01  3.99147309E-02  7.44543097E-04
2.37846847E-01  4.04603109E-02  7.47090438E-04
2.38145462E-01  3.94009911E-02  7.36627961E-04
2.38444077E-01  4.08630371E-02  7.45184720E-04
2.38742692E-01  4.01744023E-02  7.51218759E-04
2.39041307E-01  3.91642563E-02  7.35033536E-04
2.39339922E-01  4.00694236E-02  7.42026372E-04
2.39638537E-01  4.02744673E-02  7.44547928E-04
2.39937152E-01  3.85312922E-02  7.26230268E-04
2.40235767E-01  3.89775969E-02  7.35557289E-04
2.40534382E-01  3.91363576E-02  7.32320652E-04
2.40832997E-01  3.77760716E-02  7.17885734E-04
2.41131612E-01  3.71718258E-02  7.15902599E-04
2.41430227E-01  3.85915600E-02  7.23393983E-04
2.41728842E-01  3.92204933E-02  7.36608112E-04
2.42027457E-01  3.75570953E-02  7.11288245E-04
2.42326072E-01  3.76979485E-02  7.15368486E-04
2.42624687E-01  3.80035564E-02  7.25094986E-04
2.42923302E-01  3.97070348E-02  7.36833143E-04
2.43221917E-01  3.83403562E-02  7.17300340E-04
2.43520532E-01  3.79936956E-02  7.16989802E-04
2.43819147E-01  3.83547880E-02  7.20985234E-04
2.44117762E-01  3.68704535E-02  7.10230146E-04
2.44416377E-01  3.60110030E-02  7.03667465E-04
2.44714992E-01  3.75748090E-02  7.09337532E-04
2.45013607E-01  3.73973921E-02  7.15093222E-04
2.45312222E-01  3.66488025E-02  7.03614671E-04
2.45610837E-01  3.76054645E-02  7.14901777E-04
2.45909452E-01  3.68527025E-02  7.00591307E-04
2.46208067E-01  3.74339186E-02  7.11897970E-04
2.46506682E-01  3.77553292E-02  7.13381276E-04
2.46805297E-01  3.72690484E-02  7.14470050E-04
2.47103912E-01  3.75275910E-02  7.07941770E-04
2.47402527E-01  3.51371989E-02  6.85025472E-04
2.47701142E-01  3.59268002E-02  6.96852803E-04
2.47999757E-01  3.65021005E-02  7.01833691E-04
2.48298372E-01  3.53574827E-02  6.94754650E-04
2.48596987E-01  3.69404592E-02  6.96741801E-04
2.48895602E-01  3.65677588E-02  6.98081800E-04
2.49194217E-01  3.67140658E-02  7.00237113E-04
2.49492832E-01  3.70418951E-02  7.04697508E-04
2.49791447E-01  3.71167511E-02  7.07146130E-04
2.50090062E-01  3.58051434E-02  6.89837208E-04
2.50388677E-01  3.63825262E-02  7.00311735E-04
2.50687292E-01  3.54161002E-02  6.88502972E-04
2.50985907E-01  3.74117009E-02  7.03630329E-04
2.51284522E-01  3.59909534E-02  6.94449001E-04
2.51583137E-01  3.67903262E-02  6.97016541E-04
2.51881752E-01  3.55772413E-02  6.88391272E-04
2.52180367E-01  3.64032350E-02  6.96338073E-04
2.52478982E-01  3.48396376E-02  6.78837358E-04
2.52777597E-01  3.64583470E-02  6.95739582E-04
2.53076212E-01  3.51232067E-02  6.83067192E-04
2.53374827E-01  3.58676501E-02  6.92327681E-04
2.53673442E-01  3.54648270E-02  6.79632300E-04
2.53972057E-01  3.53885219E-02  6.84355444E-04
2.54270672E-01  3.46553922E-02  6.77049160E-04
2.54569287E-01  3.59228365E-02  6.92490488E-04
2.54867902E-01  3.65476236E-02  6.94917166E-04
2.55166517E-01  3.47523428E-02  6.73312985E-04
2.55465132E-01  3.55129838E-02  6.84462429E-04
2.55763747E-01  3.61781456E-02  6.91400317E-04
2.56062362E-01  3.66211198E-02  6.95435214E-04
2.56360977E-01  3.53416912E-02  6.78644748E-04
2.56659592E-01  3.64001989E-02  6.86918502E-04
2.56958207E-01  3.50935981E-02  6.80052268E-04
2.57256822E-01  3.67022231E-02  6.94351154E-04
2.57555437E-01  3.53253298E-02  6.77955686E-04
2.57854052E-01  3.57688777E-02  6.83828606E-04
2.58152667E-01  3.59518789E-02  6.87956112E-04
2.58451282E-01  3.68142501E-02  6.96345989E-04
2.58749897E-01  3.72366831E-02  6.93864655E-04
2.59048512E-01  3.60046811E-02  6.83729071E-04
2.59347127E-01  3.45142260E-02  6.69076340E-04
2.59645742E-01  3.56363766E-02  6.83296355E-04
2.59944357E-01  3.56981233E-02  6.84984145E-04
2.60242972E-01  3.58827785E-02  6.78120821E-04
2.60541587E-01  3.61703113E-02  6.87122229E-04
2.60840202E-01  3.57330032E-02  6.81153964E-04
2.61138817E-01  3.66991833E-02  6.92314177E-04
2.61437432E-01  3.63312475E-02  6.86473446E-04
2.61736047E-01  3.65873985E-02  6.85826235E-04
2.62034662E-01  3.67011353E-02  6.90144137E-04
2.62333277E-01  3.76220010E-02  6.98382210E-04
2.62631892E-01  3.64223681E-02  6.83213002E-04
2.62930507E-01  3.71019579E-02  6.89918292E-04
2.63229122E-01  3.66327837E-02  6.86797604E-04
2.63527737E-01  3.71507853E-02  6.96020084E-04
2.63826352E-01  3.65640223E-02  6.84546714E-04
2.64124967E-01  3.75638455E-02  6.93844457E-04
2.64423582E-01  3.62749808E-02  6.82371843E-04
2.64722197E-01  3.72036323E-02  6.88366301E-04
2.65020812E-01  3.67026068E-02  6.90538203E-04
2.65319427E-01  3.68795358E-02  6.83071499E-04
2.65618042E-01  3.70465703E-02  6.91764755E-04
2.65916657E-01  3.66421193E-02  6.85288629E-04
2.66215272E-01  3.68028320E-02  6.85899344E-04
2.66513887E-01  3.65403406E-02  6.83983439E-04
2.66812502E-01  3.79869044E-02  6.93080947E-04
2.67111117E-01  3.78860272E-02  6.96829986E-04
2.67409732E-01  3.59559581E-02  6.77089905E-04
2.67708347E-01  3.70786227E-02  6.88651460E-04
2.68006962E-01  3.87359001E-02  7.02780613E-04
2.68305577E-01  3.69572155E-02  6.84158294E-04
2.68604192E-01  3.76577154E-02  6.92396541E-04
2.68902807E-01  3.76115814E-02  6.91081164E-04
2.69201422E-01  3.74545343E-02  6.86459651E-04
2.69500037E-01  3.69769856E-02  6.84876461E-04
2.69798652E-01  3.74713279E-02  6.89085980E-04
2.70097267E-01  3.72667089E-02  6.91667781E-04
2.70395882E-01  3.75679620E-02  6.83845545E-04
2.70694497E-01  3.71928066E-02  6.86172105E-04
2.70993112E-01  3.66285518E-02  6.82177546E-04
2.71291727E-01  3.71683277E-02  6.86655985E-04
2.71590342E-01  3.79220396E-02  6.95378403E-04
2.71888957E-01  3.92769426E-02  6.98705495E-04
2.72187572E-01  3.73114422E-02  6.84988510E-04
2.72486187E-01  3.79424579E-02  6.91464811E-04
2.72784802E-01  3.77822928E-02  6.91422378E-04
2.73083417E-01  3.73190604E-02  6.80216996E-04
2.73382032E-01  3.86596508E-02  6.96372474E-04
2.73680647E-01  3.82200442E-02  6.95600058E-04
2.73979262E-01  3.86528745E-02  6.96137489E-04
2.74277877E-01  3.88505980E-02  6.95091847E-04
2.74576492E-01  3.87942381E-02  6.95644005E-04
2.74875107E-01  3.81029733E-02  6.91525172E-04
2.75173722E-01  3.92649211E-02  7.03067519E-04
2.75472337E-01  3.88322026E-02  6.91450608E-04
2.75770952E-01  3.90699245E-02  7.00249802E-04
2.76069567E-01  3.80625091E-02  6.84395956E-04
2.76368182E-01  3.99199389E-02  7.10368680E-04
2.76666797E-01  3.78984697E-02  6.90204848E-04
2.76965412E-01  3.95543426E-02  6.97161944E-04
2.77264027E-01  3.93023603E-02  7.00377685E-04
2.77562642E-01  3.89731377E-02  6.91334775E-04
2.77861257E-01  3.92465852E-02  7.02739169E-04
2.78159872E-01  3.95888686E-02  6.96258037E-04
2.78458487E-01  3.95411327E-02  6.98449614E-04
2.78757102E-01  3.93856578E-02  7.02196616E-04
2.79055717E-01  3.94552946E-02  6.98570046E-04
2.79354332E-01  4.00167070E-02  7.03347614E-04
2.79652947E-01  3.85775156E-02  6.90759043E-04
2.79951562E-01  3.96277644E-02  6.94369548E-04
2.80250177E-01  3.98909301E-02  7.05619808E-04
2.80548792E-01  3.86401378E-02  6.90112473E-04
2.80847407E-01  3.95879932E-02  6.95919851E-04
2.81146022E-01  4.04558927E-02  7.06498278E-04
2.81444637E-01  4.04738002E-02  7.08433217E-04
2.81743252E-01  3.96141000E-02  6.97890122E-04
2.82041867E-01  4.06982079E-02  7.01276469E-04
2.82340482E-01  3.94153073E-02  6.95793016E-04
2.82639097E-01  4.06228900E-02  7.06725579E-04
2.82937712E-01  3.98199968E-02  6.98488962E-04
2.83236327E-01  3.97071727E-02  6.97153679E-04
2.83534942E-01  3.96680236E-02  6.93374022E-04
2.83833557E-01  4.04656045E-02  7.04309088E-04
2.84132172E-01  4.13758866E-02  7.10951048E-04
2.84430787E-01  4.05524671E-02  7.07537693E-04
2.84729402E-01  4.08136323E-02  7.01083045E-04
2.85028017E-01  3.99046801E-02  6.97510608E-04
2.85326632E-01  4.07463312E-02  7.09410117E-04
2.85625247E-01  4.03094701E-02  6.94371935E-04
2.85923862E-01  4.05243188E-02  7.02042249E-04
2.86222477E-01  4.04689088E-02  7.00871984E-04
2.86521092E-01  4.07076664E-02  7.03111524E-04
2.86819707E-01  4.09576073E-02  7.10188237E-04
2.87118322E-01  3.99561636E-02  6.91163121E-04
2.87416937E-01  4.01352532E-02  6.95928931E-04
2.87715552E-01  3.98734361E-02  6.92639733E-04
2.88014167E-01  4.03900184E-02  7.01931072E-04
2.88312782E-01  4.04451787E-02  7.01197481E-04
2.88611397E-01  4.20387797E-02  7.06559105E-04
2.88910012E-01  3.97338495E-02  6.95694645E-04
2.89208627E-01  4.09531407E-02  7.02650636E-04
2.89507242E-01  4.08451483E-02  7.01210753E-04
2.89805857E-01  4.15877812E-02  7.04978942E-04
2.90104472E-01  4.15626019E-02  7.03743659E-04
2.90403087E-01  4.10788395E-02  7.07205501E-04
2.90701702E-01  4.05232757E-02  6.96918403E-04
2.91000317E-01  4.07203734E-02  6.97426207E-04
2.91298932E-01  4.19308729E-02  7.09267915E-04
2.91597547E-01  4.07063402E-02  6.99859811E-04
2.91896162E-01  4.09713835E-02  7.01622397E-04
2.92194777E-01  4.20372561E-02  7.07934727E-04
2.92493392E-01  4.19637337E-02  7.08002888E-04
2.92792007E-01  4.14193347E-02  7.04251637E-04
2.93090622E-01  4.15587574E-02  7.05095066E-04
2.93389237E-01  4.20803539E-02  7.09163491E-04
2.93687852E-01  4.14966792E-02  6.99327094E-04
2.93986467E-01  4.11087759E-02  7.01102603E-04
2.94285082E-01  4.15108688E-02  7.00961158E-04
2.94583697E-01  4.17783447E-02  7.08514708E-04
2.94882312E-01  4.20774855E-02  7.06411840E-04
2.95180927E-01  4.21582237E-02  7.02539517E-04
2.95479542E-01  4.33869325E-02  7.19230215E-04
2.95778157E-01  4.28999253E-02  7.12430745E-04
2.96076772E-01  4.22867015E-02  7.07832573E-04
2.96375387E-01  4.12280485E-02  6.98078948E-04
2.96674002E-01  4.23105620E-02  7.06847000E-04
2.96972617E-01  4.32843380E-02  7.19608855E-04
2.97271232E-01  4.19973917E-02  7.09176646E-04
2.97569847E-01  4.21823300E-02  7.11084052E-04
2.97868462E-01  4.16104123E-02  7.08320062E-04
2.98167077E-01  4.02807295E-02  7.00349105E-04
2.98465692E-01  4.26466651E-02  7.25119840E-04
2.98764307E-01  4.15007062E-02  7.09128915E-04
2.99062922E-01  4.21893708E-02  7.19427422E-04
2.99361537E-01  4.18841615E-02  7.19154021E-04
2.99660152E-01  4.24531735E-02  7.25298014E-04
2.99958767E-01  4.23721112E-02  7.24971935E-04
3.00257382E-01  4.18100506E-02  7.22152123E-04
3.00555997E-01  4.27648276E-02  7.29983556E-04
3.00854612E-01  4.25611213E-02  7.27142266E-04
3.01153227E-01  4.25225757E-02  7.31626991E-04
3.01451842E-01  4.23223525E-02  7.26570725E-04
3.01750457E-01  4.09862660E-02  7.23299570E-04
3.02049072E-01  4.43007424E-02  7.46582809E-04
3.02347687E-01  4.28436399E-02  7.48881954E-04
3.02646302E-01  4.19542789E-02  7.50500942E-04
3.02944917E-01  4.22402695E-02  7.52851483E-04
3.03243532E-01  4.25274409E-02  7.69798353E-04
3.03542147E-01  4.21971045E-02  7.68109283E-04
3.03840762E-01  4.28198576E-02  7.73319800E-04
3.04139377E-01  4.25365232E-02  7.80782430E-04
3.04437992E-01  4.30502556E-02  7.78497080E-04
3.04736607E-01  4.18412946E-02  7.80072878E-04
3.05035222E-01  4.29209247E-02  7.83625350E-04
3.05333837E-01  4.25886512E-02  7.85854121E-04
3.05632452E-01  4.29671854E-02  7.95688655E-04
3.05931067E-01  4.17326763E-02  7.80220376E-04
3.06229682E-01  4.24182154E-02  7.95124157E-04
3.06528297E-01  4.08671759E-02  7.73007516E-04
3.06826912E-01  4.31454442E-02  8.04107462E-04
3.07125527E-01  4.28898111E-02  8.03681789E-04
3.07424142E-01  4.29056175E-02  8.02851166E-04
3.07722757E-01  4.30169478E-02  8.10343423E-04
3.08021372E-01  4.25196029E-02  7.98992231E-04
3.08319987E-01  4.18226272E-02  7.86450924E-04
3.08618602E-01  4.32002619E-02  7.91500439E-04
3.08917217E-01  4.30432446E-02  7.78243062E-04
3.09215832E-01  4.22333144E-02  7.77578331E-04
3.09514447E-01  4.32008244E-02  7.74163578E-04
3.09813062E-01  4.26718704E-02  7.71150400E-04
3.10111677E-01  4.18612510E-02  7.60359981E-04
3.10410292E-01  4.20439579E-02  7.52586988E-04
3.10708907E-01  4.22052070E-02  7.61350733E-04
3.11007522E-01  4.21071574E-02  7.49883708E-04
3.11306137E-01  4.21020649E-02  7.59366550E-04
3.11604752E-01  4.25239876E-02  7.54203764E-04
3.11903367E-01  4.33797576E-02  7.60931289E-04
3.12201982E-01  4.22225706E-02  7.50512292E-04
3.12500597E-01  4.25337590E-02  7.46436068E-04
3.12799212E-01  4.27672453E-02  7.54729146E-04
3.13097827E-01  4.13735509E-02  7.37169757E-04
3.13396442E-01  4.26523611E-02  7.47482292E-04
3.13695057E-01  4.31142971E-02  7.55345682E-04
3.13993672E-01  4.20447439E-02  7.38422968E-04
3.14292287E-01  4.24890742E-02  7.44277844E-04
3.14590902E-01  4.19582836E-02  7.37473427E-04
3.14889517E-01  4.15696539E-02  7.34052155E-04
3.15188132E-01  4.39056717E-02  7.58801005E-04
3.15486747E-01  4.32947129E-02  7.43482844E-04
3.15785362E-01  4.28508110E-02  7.44696765E-04
3.16083977E-01  4.27945741E-02  7.38606381E-04
3.16382592E-01  4.29039784E-02  7.43602228E-04
3.16681207E-01  4.19257134E-02  7.31831591E-04
3.16979822E-01  4.30439636E-02  7.40378688E-04
3.17278437E-01  4.25019749E-02  7.38188624E-04
3.17577052E-01  4.25060727E-02  7.35932437E-04
3.17875667E-01  4.09397371E-02  7.32352259E-04
3.18174282E-01  4.20004651E-02  7.48577411E-04
3.18472897E-01  4.22289781E-02  7.61408010E-04
3.18771512E-01  4.25698981E-02  7.61513482E-04
3.19070127E-01  4.09840383E-02  7.53047236E-04
3.19368742E-01  4.11920249E-02  7.55594403E-04
3.19667357E-01  4.19421718E-02  7.63089629E-04
3.19965972E-01  4.20486219E-02  7.65787205E-04
3.20264587E-01  4.23767902E-02  7.72276253E-04
3.20563202E-01  4.11805473E-02  7.60648865E-04
3.20861817E-01  4.17830870E-02  7.67729071E-04
3.21160432E-01  4.18302789E-02  7.65757693E-04
3.21459047E-01  4.18449976E-02  7.73185806E-04
3.21757662E-01  4.15439866E-02  7.65535806E-04
3.22056277E-01  4.19617034E-02  7.68937054E-04
3.22354892E-01  4.29809950E-02  7.84983742E-04
3.22653507E-01  4.11409438E-02  7.65553734E-04
3.22952122E-01  4.18237075E-02  7.78663147E-04
3.23250737E-01  4.03446108E-02  7.50345818E-04
3.23549352E-01  4.14804406E-02  7.70272454E-04
3.23847967E-01  3.98048833E-02  7.58085167E-04
3.24146582E-01  4.06785198E-02  7.64126424E-04
3.24445197E-01  4.12579030E-02  7.69999751E-04
3.24743812E-01  4.26322818E-02  7.81356357E-04
3.25042427E-01  4.10568453E-02  7.74933433E-04
3.25341042E-01  4.06143554E-02  7.61980657E-04
3.25639657E-01  4.10816409E-02  7.70611980E-04
3.25938272E-01  4.07331362E-02  7.69371865E-04
3.26236887E-01  4.03239354E-02  7.59478309E-04
3.26535502E-01  4.19079289E-02  7.85973214E-04
3.26834117E-01  4.21011113E-02  7.78982649E-04
3.27132732E-01  4.19126712E-02  7.81132141E-04
3.27431347E-01  4.14676107E-02  7.78125890E-04
3.27729962E-01  4.13099118E-02  7.72992265E-04
3.28028577E-01  3.95700112E-02  7.68820930E-04
3.28327192E-01  4.24601212E-02  7.77548412E-04
3.28625807E-01  4.07456607E-02  7.74318934E-04
3.28924422E-01  4.04474437E-02  7.71022227E-04
3.29223037E-01  4.12059985E-02  7.74992572E-04
3.29521652E-01  4.05871533E-02  7.70750223E-04
3.29820267E-01  4.09832709E-02  7.71759602E-04
3.30118882E-01  3.91489491E-02  7.62657903E-04
3.30417497E-01  4.18008305E-02  7.83826807E-04
3.30716112E-01  4.09017354E-02  7.70771061E-04
3.31014727E-01  4.05806601E-02  7.69102946E-04
3.31313342E-01  4.10331115E-02  7.70651328E-04
3.31611957E-01  4.13132496E-02  7.81584939E-04
3.31910572E-01  4.05522175E-02  7.68840138E-04
3.32209187E-01  4.00803126E-02  7.60988100E-04
3.32507802E-01  4.01660949E-02  7.70433049E-04
3.32806417E-01  3.97874899E-02  7.56656867E-04
3.33105032E-01  3.99494842E-02  7.65152974E-04
3.33403647E-01  4.00125720E-02  7.60799798E-04
3.33702262E-01  4.02915552E-02  7.63898133E-04
3.34000877E-01  3.95501330E-02  7.56395049E-04
3.34299492E-01  4.03897427E-02  7.66863115E-04
3.34598107E-01  3.92218642E-02  7.56367459E-04
3.34896722E-01  3.92148420E-02  7.49024388E-04
3.35195337E-01  3.89584526E-02  7.48095219E-04
3.35493952E-01  4.05518115E-02  7.67729362E-04
3.35792567E-01  4.06423919E-02  7.65883829E-04
3.36091182E-01  4.01684791E-02  7.62524665E-04
3.36389797E-01  4.05802540E-02  7.61743169E-04
3.36688412E-01  3.92800793E-02  7.54271168E-04
3.36987027E-01  3.91449369E-02  7.48372055E-04
3.37285642E-01  3.85859422E-02  7.46048754E-04
3.37584257E-01  4.05222438E-02  7.65661709E-04
3.37882872E-01  3.93572412E-02  7.51059561E-04
3.38181487E-01  4.00471389E-02  7.60495313E-04
3.38480102E-01  3.97744626E-02  7.46617443E-04
3.38778717E-01  3.83466817E-02  7.43091339E-04
3.39077332E-01  3.97498421E-02  7.53492292E-04
3.39375947E-01  3.84280458E-02  7.40646152E-04
3.39674562E-01  3.90976369E-02  7.51877611E-04
3.39973177E-01  3.92381512E-02  7.45401543E-04
3.40271792E-01  3.92412432E-02  7.50624808E-04
3.40570407E-01  3.72733511E-02  7.30288739E-04
3.40869022E-01  3.73550765E-02  7.26884522E-04
3.41167637E-01  3.96138057E-02  7.50913576E-04
3.41466252E-01  4.00114469E-02  7.50141335E-04
3.41764867E-01  3.87028120E-02  7.46774545E-04
3.42063482E-01  3.95061336E-02  7.48603663E-04
3.42362097E-01  3.87564227E-02  7.37448747E-04
3.42660712E-01  3.85609083E-02  7.42379983E-04
3.42959327E-01  3.79268415E-02  7.28688901E-04
3.43257942E-01  3.88043486E-02  7.44724239E-04
3.43556557E-01  3.85099947E-02  7.36367831E-04
3.43855172E-01  3.86167690E-02  7.37600843E-04
3.44153787E-01  3.86855006E-02  7.37837690E-04
3.44452402E-01  3.86818573E-02  7.36964401E-04
3.44751017E-01  3.72721553E-02  7.24859419E-04
3.45049632E-01  3.82901579E-02  7.27655250E-04
3.45348247E-01  3.75404544E-02  7.27468112E-04
3.45646862E-01  3.89127098E-02  7.37491238E-04
3.45945477E-01  3.75298075E-02  7.24681129E-04
3.46244092E-01  3.91437672E-02  7.31435604E-04
3.46542707E-01  3.85657661E-02  7.26621947E-04
3.46841322E-01  3.84502523E-02  7.30829663E-04
3.47139937E-01  3.89925577E-02  7.33492489E-04
3.47438552E-01  3.72162797E-02  7.11240107E-04
3.47737167E-01  3.83322425E-02  7.27667124E-04
3.48035782E-01  3.89058515E-02  7.26609491E-04
3.48334397E-01  3.88258807E-02  7.31522858E-04
3.48633012E-01  3.95456664E-02  7.27971317E-04
3.48931627E-01  3.86329070E-02  7.25061225E-04
3.49230242E-01  3.84917632E-02  7.25743128E-04
3.49528857E-01  3.86392735E-02  7.24925427E-04
3.49827472E-01  3.85358334E-02  7.25157617E-04
3.50126087E-01  3.94771732E-02  7.26956874E-04
3.50424702E-01  3.79547514E-02  7.19077303E-04
3.50723317E-01  3.73592861E-02  7.10478576E-04
3.51021932E-01  3.81038450E-02  7.20095006E-04
3.51320547E-01  3.65774222E-02  7.01856334E-04
3.51619162E-01  3.68476138E-02  7.02912104E-04
3.51917777E-01  3.67925018E-02  7.05464045E-04
3.52216392E-01  3.90101187E-02  7.25025020E-04
3.52515007E-01  3.69423702E-02  7.02295976E-04
3.52813622E-01  3.67156342E-02  7.00139673E-04
3.53112237E-01  3.59728783E-02  7.00652192E-04
3.53410852E-01  3.67789641E-02  7.07287749E-04
3.53709467E-01  3.73303406E-02  6.99016149E-04
3.54008082E-01  3.69501375E-02  7.02951918E-04
3.54306697E-01  3.61604467E-02  6.95779279E-04
3.54605312E-01  3.65375504E-02  7.03035330E-04
3.54903927E-01  3.70453894E-02  7.10051914E-04
3.55202542E-01  3.67238373E-02  6.92040892E-04
3.55501157E-01  3.72334532E-02  7.07573956E-04
3.55799772E-01  3.69450189E-02  7.01586076E-04
3.56098387E-01  3.69517170E-02  7.03363912E-04
3.56397002E-01  3.70923616E-02  7.04130274E-04
3.56695617E-01  3.74238603E-02  6.99541939E-04
3.56994232E-01  3.74603271E-02  7.12657929E-04
3.57292847E-01  3.71831283E-02  6.98590418E-04
3.57591462E-01  3.68070230E-02  6.99343916E-04
3.57890077E-01  3.73573266E-02  7.03229802E-04
3.58188692E-01  3.61005254E-02  6.88535220E-04
3.58487307E-01  3.71421576E-02  7.07887171E-04
3.58785922E-01  3.69809642E-02  6.93935435E-04
3.59084537E-01  3.73063274E-02  7.03892962E-04
3.59383152E-01  3.85960340E-02  7.13275280E-04
3.59681767E-01  3.64269651E-02  6.93501090E-04
3.59980382E-01  3.61405239E-02  6.97334995E-04
3.60278997E-01  3.68790701E-02  6.89720095E-04
3.60577612E-01  3.62379514E-02  6.93938637E-04
3.60876227E-01  3.73717248E-02  7.02257734E-04
3.61174842E-01  3.61746103E-02  6.86708372E-04
3.61473457E-01  3.54187563E-02  6.79498480E-04
3.61772072E-01  3.67406569E-02  6.94085320E-04
3.62070687E-01  3.63992192E-02  6.95117691E-04
3.62369302E-01  3.66500765E-02  6.92497648E-04
3.62667917E-01  3.51007767E-02  6.77525240E-04
3.62966532E-01  3.71532366E-02  6.94847608E-04
3.63265147E-01  3.60287353E-02  6.86791318E-04
3.63563762E-01  3.72400992E-02  6.98429183E-04
3.63862377E-01  3.55352499E-02  6.79734861E-04
3.64160992E-01  3.61126848E-02  6.85780018E-04
3.64459607E-01  3.75851393E-02  6.99993281E-04
3.64758222E-01  3.60079184E-02  6.85150793E-04
3.65056837E-01  3.67504694E-02  6.93281705E-04
3.65355452E-01  3.76415476E-02  6.95398368E-04
3.65654067E-01  3.59150618E-02  6.84997940E-04
3.65952682E-01  3.72571573E-02  6.92564878E-04
3.66251297E-01  3.61593105E-02  6.89155189E-04
3.66549912E-01  3.62655669E-02  6.83647813E-04
3.66848527E-01  3.50617357E-02  6.68722671E-04
3.67147142E-01  3.62195373E-02  6.89552049E-04
3.67445757E-01  3.64288650E-02  6.84298691E-04
3.67744372E-01  3.62322815E-02  6.84237166E-04
3.68042987E-01  3.55022624E-02  6.75896474E-04
3.68341602E-01  3.65056694E-02  6.85741426E-04
3.68640217E-01  3.61891128E-02  6.85995619E-04
3.68938832E-01  3.61781232E-02  6.77203294E-04
3.69237447E-01  3.66160795E-02  6.86605170E-04
3.69536062E-01  3.60007770E-02  6.77813659E-04
3.69834677E-01  3.65507714E-02  6.87073683E-04
3.70133292E-01  3.60482596E-02  6.84309867E-04
3.70431907E-01  3.66678797E-02  6.81257865E-04
3.70730522E-01  3.57443877E-02  6.77687232E-04
3.71029137E-01  3.60764638E-02  6.76962780E-04
3.71327752E-01  3.60749178E-02  6.79933059E-04
3.71626367E-01  3.51946577E-02  6.70891895E-04
3.71924982E-01  3.66214402E-02  6.83826394E-04
3.72223597E-01  3.51283997E-02  6.73061586E-04
3.72522212E-01  3.71689573E-02  6.84684201E-04
3.72820827E-01  3.60887013E-02  6.77789329E-04
3.73119442E-01  3.64005081E-02  6.80889003E-04
3.73418057E-01  3.63120288E-02  6.76752243E-04
3.73716672E-01  3.57588716E-02  6.79796969E-04
3.74015287E-01  3.67618911E-02  6.78684271E-04
3.74313902E-01  3.62220556E-02  6.76959055E-04
3.74612517E-01  3.66633497E-02  6.82825630E-04
3.74911132E-01  3.69308852E-02  6.84257364E-04
3.75209747E-01  3.58244963E-02  6.74973358E-04
3.75508362E-01  3.61164548E-02  6.73224218E-04
3.75806977E-01  3.64894830E-02  6.79116521E-04
3.76105592E-01  3.54730450E-02  6.69421919E-04
3.76404207E-01  3.54211256E-02  6.69276807E-04
3.76702822E-01  3.61308604E-02  6.73025148E-04
3.77001437E-01  3.67512815E-02  6.79299235E-04
3.77300052E-01  3.60991284E-02  6.77746139E-04
3.77598667E-01  3.53246294E-02  6.68887922E-04
3.77897282E-01  3.72278169E-02  6.81617821E-04
3.78195897E-01  3.56347896E-02  6.65867294E-04
3.78494512E-01  3.58322971E-02  6.71789923E-04
3.78793127E-01  3.66336592E-02  6.78052369E-04
3.79091742E-01  3.68354172E-02  6.78540149E-04
3.79390357E-01  3.62181515E-02  6.72322407E-04
3.79688972E-01  3.62050980E-02  6.72543771E-04
3.79987587E-01  3.65505405E-02  6.74552517E-04
3.80286202E-01  3.59228328E-02  6.70430833E-04
3.80584817E-01  3.60982493E-02  6.72067981E-04
3.80883432E-01  3.68877836E-02  6.76640775E-04
3.81182047E-01  3.70246395E-02  6.79952384E-04
3.81480662E-01  3.71685699E-02  6.81447447E-04
3.81779277E-01  3.74368131E-02  6.78430253E-04
3.82077892E-01  3.71440873E-02  6.81227597E-04
3.82376507E-01  3.63042317E-02  6.71955000E-04
3.82675122E-01  3.55718061E-02  6.66320964E-04
3.82973737E-01  3.60664874E-02  6.68241759E-04
3.83272352E-01  3.66900228E-02  6.69641944E-04
3.83570967E-01  3.51183824E-02  6.60731923E-04
3.83869582E-01  3.67240235E-02  6.73636911E-04
3.84168197E-01  3.68595757E-02  6.76237163E-04
3.84466812E-01  3.62456888E-02  6.67903456E-04
3.84765427E-01  3.71502079E-02  6.75346702E-04
3.85064042E-01  3.74081992E-02  6.82977145E-04
3.85362657E-01  3.64310443E-02  6.69615925E-04
3.85661272E-01  3.73133086E-02  6.72994996E-04
3.85959887E-01  3.71648297E-02  6.78533863E-04
3.86258502E-01  3.72971296E-02  6.74681389E-04
3.86557117E-01  3.64529714E-02  6.75750547E-04
3.86855732E-01  3.85570154E-02  6.85140141E-04
3.87154347E-01  3.66705470E-02  6.67841989E-04
3.87452962E-01  3.70236263E-02  6.77085307E-04
3.87751577E-01  3.71084660E-02  6.70172973E-04
3.88050192E-01  3.69003080E-02  6.75961375E-04
3.88348807E-01  3.65968533E-02  6.63753715E-04
3.88647422E-01  3.70001011E-02  6.72840339E-04
3.88946037E-01  3.68176214E-02  6.69854286E-04
3.89244652E-01  3.72208506E-02  6.74849143E-04
3.89543267E-01  3.74844074E-02  6.77404460E-04
3.89841882E-01  3.60554233E-02  6.59158453E-04
3.90140497E-01  3.63068655E-02  6.68010849E-04
3.90439112E-01  3.65919359E-02  6.68966852E-04
3.90737727E-01  3.71518992E-02  6.66837732E-04
3.91036342E-01  3.74316312E-02  6.77780132E-04
3.91334957E-01  3.72968465E-02  6.69116096E-04
3.91633572E-01  3.75102200E-02  6.77318138E-04
3.91932187E-01  3.79871428E-02  6.75120275E-04
3.92230802E-01  3.87051441E-02  6.83469581E-04
3.92529417E-01  3.62512581E-02  6.65861589E-04
3.92828032E-01  3.66865620E-02  6.62986073E-04
3.93126647E-01  3.78329121E-02  6.76559284E-04
3.93425262E-01  3.75512727E-02  6.71737595E-04
3.93723877E-01  3.78236957E-02  6.77478558E-04
3.94022492E-01  3.79742384E-02  6.78327749E-04
3.94321107E-01  3.70952152E-02  6.66679989E-04
3.94619722E-01  3.73234190E-02  6.69054687E-04
3.94918337E-01  3.77364159E-02  6.72258728E-04
3.95216952E-01  3.62655595E-02  6.60795195E-04
3.95515567E-01  3.65538634E-02  6.64067105E-04
3.95814182E-01  3.83748449E-02  6.74177310E-04
3.96112797E-01  3.74156274E-02  6.70707610E-04
3.96411412E-01  3.82527225E-02  6.76853873E-04
3.96710027E-01  3.79018113E-02  6.74563227E-04
3.97008642E-01  3.66689563E-02  6.60300138E-04
3.97307257E-01  3.78964171E-02  6.72235095E-04
3.97605872E-01  3.74877341E-02  6.70386478E-04
3.97904487E-01  3.73215899E-02  6.70531881E-04
3.98203102E-01  3.81347910E-02  6.70477515E-04
3.98501717E-01  3.78442556E-02  6.69521512E-04
3.98800332E-01  3.75679843E-02  6.68198743E-04
3.99098947E-01  3.88315246E-02  6.80000230E-04
3.99397562E-01  3.62847932E-02  6.59396639E-04
3.99696177E-01  3.76163200E-02  6.68635534E-04
3.99994792E-01  3.90194170E-02  6.79035147E-04
4.00293407E-01  3.69215123E-02  6.62595790E-04
4.00592022E-01  3.73480059E-02  6.64496387E-04
4.00890637E-01  3.77912633E-02  6.68270339E-04
4.01189252E-01  3.77075113E-02  6.66893611E-04
4.01487867E-01  3.78445312E-02  6.70998124E-04
4.01786482E-01  3.86609845E-02  6.77221513E-04
4.02085097E-01  3.66627797E-02  6.53859053E-04
4.02383712E-01  3.78676206E-02  6.72996161E-04
4.02682327E-01  3.75546552E-02  6.61300553E-04
4.02980942E-01  3.81810740E-02  6.72853028E-04
4.03279557E-01  3.84366661E-02  6.72364375E-04
4.03578172E-01  3.82879153E-02  6.67417771E-04
4.03876787E-01  3.70731354E-02  6.62548700E-04
4.04175402E-01  3.80003415E-02  6.65853440E-04
4.04474017E-01  3.76222841E-02  6.66324864E-04
4.04772632E-01  3.84572633E-02  6.70166221E-04
4.05071247E-01  3.71322557E-02  6.59302576E-04
4.05369862E-01  3.70866619E-02  6.64917461E-04
4.05668477E-01  3.90839875E-02  6.70087757E-04
4.05967092E-01  3.84428501E-02  6.70526118E-04
4.06265707E-01  3.72902676E-02  6.59308047E-04
4.06564322E-01  3.69701236E-02  6.55700685E-04
4.06862937E-01  3.74673940E-02  6.66726090E-04
4.07161552E-01  3.67921069E-02  6.51826093E-04
4.07460167E-01  3.77782732E-02  6.65032130E-04
4.07758782E-01  3.74838524E-02  6.56702498E-04
4.08057397E-01  3.62976156E-02  6.49415364E-04
4.08356012E-01  3.77439708E-02  6.64737308E-04
4.08654627E-01  3.72085348E-02  6.54293457E-04
4.08953242E-01  3.66133526E-02  6.55799522E-04
4.09251857E-01  3.68342921E-02  6.52368763E-04
4.09550472E-01  3.77942622E-02  6.61126920E-04
4.09849087E-01  3.81772518E-02  6.64782128E-04
4.10147702E-01  3.74388769E-02  6.55411859E-04
4.10446317E-01  3.66918556E-02  6.55734679E-04
4.10744932E-01  3.67832743E-02  6.52386749E-04
4.11043547E-01  3.77034582E-02  6.54846313E-04
4.11342162E-01  3.67550179E-02  6.51988143E-04
4.11640777E-01  3.71257104E-02  6.56501215E-04
4.11939392E-01  3.57536860E-02  6.44865097E-04
4.12238007E-01  3.77225578E-02  6.55474782E-04
4.12536622E-01  3.62685136E-02  6.46006200E-04
4.12835237E-01  3.60117927E-02  6.41331775E-04
4.13133852E-01  3.65277082E-02  6.48466230E-04
4.13432467E-01  3.68966311E-02  6.51128241E-04
4.13731082E-01  3.66238356E-02  6.46616274E-04
4.14029697E-01  3.73402648E-02  6.55799231E-04
4.14328312E-01  3.62400636E-02  6.43968990E-04
4.14626927E-01  3.73750553E-02  6.55803655E-04
4.14925542E-01  3.66345681E-02  6.43603795E-04
4.15224157E-01  3.69157828E-02  6.50555186E-04
4.15522772E-01  3.68063748E-02  6.50650938E-04
4.15821387E-01  3.44504304E-02  6.25132758E-04
4.16120002E-01  3.75379808E-02  6.53749565E-04
4.16418617E-01  3.59111130E-02  6.40759303E-04
4.16717232E-01  3.60180736E-02  6.40530081E-04
4.17015847E-01  3.69804427E-02  6.51290233E-04
4.17314462E-01  3.62615809E-02  6.36560086E-04
4.17613077E-01  3.66622992E-02  6.46389322E-04
4.17911692E-01  3.61101776E-02  6.39443751E-04
4.18210307E-01  3.62635292E-02  6.45405671E-04
4.18508922E-01  3.57954353E-02  6.34766649E-04
4.18807537E-01  3.67467403E-02  6.43295178E-04
4.19106152E-01  3.55353691E-02  6.36389130E-04
4.19404767E-01  3.65790948E-02  6.45223248E-04
4.19703382E-01  3.49570848E-02  6.25731947E-04
4.20001997E-01  3.48025858E-02  6.27200934E-04
4.20300612E-01  3.67716327E-02  6.42354367E-04
4.20599227E-01  3.61916348E-02  6.42398838E-04
4.20897842E-01  3.69513705E-02  6.45100605E-04
4.21196457E-01  3.61008905E-02  6.35898439E-04
4.21495072E-01  3.60759869E-02  6.38438039E-04
4.21793687E-01  3.68233956E-02  6.42964384E-04
4.22092302E-01  3.59926037E-02  6.39168196E-04
4.22390917E-01  3.49755324E-02  6.21008745E-04
4.22689532E-01  3.59899029E-02  6.38415921E-04
4.22988147E-01  3.60147730E-02  6.34578464E-04
4.23286762E-01  3.53400409E-02  6.32485549E-04
4.23585377E-01  3.46823484E-02  6.22311374E-04
4.23883992E-01  3.63436826E-02  6.35752222E-04
4.24182607E-01  3.48962657E-02  6.23246946E-04
4.24481222E-01  3.58795822E-02  6.35559729E-04
4.24779837E-01  3.64870466E-02  6.38162484E-04
4.25078452E-01  3.47581431E-02  6.20483304E-04
4.25377067E-01  3.57538797E-02  6.33730844E-04
4.25675682E-01  3.61661986E-02  6.32647600E-04
4.25974297E-01  3.55571620E-02  6.32133568E-04
4.26272912E-01  3.60462368E-02  6.29490532E-04
4.26571527E-01  3.48159745E-02  6.25515182E-04
4.26870142E-01  3.44696492E-02  6.17501675E-04
4.27168757E-01  3.69752608E-02  6.40558428E-04
4.27467372E-01  3.49203050E-02  6.20419509E-04
4.27765987E-01  3.54580022E-02  6.28980692E-04
4.28064602E-01  3.63955647E-02  6.34527591E-04
4.28363217E-01  3.58584113E-02  6.31529314E-04
4.28661832E-01  3.49366330E-02  6.22381747E-04
4.28960447E-01  3.50706391E-02  6.22599327E-04
4.29259062E-01  3.60242240E-02  6.30163995E-04
4.29557677E-01  3.54138166E-02  6.25642831E-04
4.29856292E-01  3.50717232E-02  6.19986327E-04
4.30154907E-01  3.53493802E-02  6.23823435E-04
4.30453522E-01  3.55813317E-02  6.28112350E-04
4.30752137E-01  3.50316502E-02  6.21711253E-04
4.31050752E-01  3.51794139E-02  6.20534120E-04
4.31349367E-01  3.53158079E-02  6.22843101E-04
4.31647982E-01  3.44944969E-02  6.15286815E-04
4.31946597E-01  3.36018577E-02  6.10539340E-04
4.32245212E-01  3.60974595E-02  6.27615838E-04
4.32543827E-01  3.51342820E-02  6.22357707E-04
4.32842442E-01  3.63670774E-02  6.36746292E-04
4.33141057E-01  3.50897573E-02  6.18663966E-04
4.33439672E-01  3.61196883E-02  6.31737290E-04
4.33738287E-01  3.54521610E-02  6.22542808E-04
4.34036902E-01  3.46572809E-02  6.18682767E-04
4.34335517E-01  3.53847034E-02  6.24446780E-04
4.34634132E-01  3.50664631E-02  6.22329069E-04
4.34932747E-01  3.55735049E-02  6.23616914E-04
4.35231362E-01  3.51284556E-02  6.20117818E-04
4.35529977E-01  3.40499431E-02  6.13936165E-04
4.35828592E-01  3.45617123E-02  6.17567392E-04
4.36127207E-01  3.53215374E-02  6.20727718E-04
4.36425822E-01  3.53046954E-02  6.21681043E-04
4.36724437E-01  3.48412469E-02  6.18137477E-04
4.37023052E-01  3.57615724E-02  6.26528810E-04
4.37321667E-01  3.60045806E-02  6.25056913E-04
4.37620282E-01  3.46514694E-02  6.17693819E-04
4.37918897E-01  3.43707427E-02  6.13959040E-04
4.38217512E-01  3.43063809E-02  6.14478253E-04
4.38516127E-01  3.50145958E-02  6.16955396E-04
4.38814742E-01  3.48901115E-02  6.12767646E-04
4.39113357E-01  3.51521932E-02  6.20633538E-04
4.39411972E-01  3.54826003E-02  6.23269589E-04
4.39710587E-01  3.46916430E-02  6.13843149E-04
4.40009202E-01  3.43621597E-02  6.13218988E-04
4.40307817E-01  3.47535722E-02  6.11313153E-04
4.40606432E-01  3.56978066E-02  6.25028100E-04
4.40905047E-01  3.71802859E-02  6.36048499E-04
4.41203662E-01  3.55024114E-02  6.17736951E-04
4.41502277E-01  3.63334306E-02  6.28215028E-04
4.41800892E-01  3.54859047E-02  6.19894301E-04
4.42099507E-01  3.60967368E-02  6.25620596E-04
4.42398122E-01  3.48077342E-02  6.12740056E-04
4.42696737E-01  3.46937105E-02  6.11871597E-04
4.42995352E-01  3.58758196E-02  6.23573782E-04
4.43293967E-01  3.44903059E-02  6.13167009E-04
4.43592582E-01  3.52473855E-02  6.19999366E-04
4.43891197E-01  3.50469947E-02  6.12320553E-04
4.44189812E-01  3.54035646E-02  6.20828592E-04
4.44488427E-01  3.60344201E-02  6.23324711E-04
4.44787042E-01  3.55761573E-02  6.21660671E-04
4.45085657E-01  3.43852714E-02  6.08898932E-04
4.45384272E-01  3.54318395E-02  6.19044295E-04
4.45682887E-01  3.53430286E-02  6.22645661E-04
4.45981502E-01  3.47953998E-02  6.11859665E-04
4.46280117E-01  3.57258804E-02  6.21343148E-04
4.46578732E-01  3.56865264E-02  6.21411018E-04
4.46877347E-01  3.44483145E-02  6.11744239E-04
4.47175962E-01  3.56978774E-02  6.28994778E-04
4.47474577E-01  3.53040285E-02  6.15123718E-04
4.47773192E-01  3.54975946E-02  6.19909435E-04
4.48071807E-01  3.42745595E-02  6.09139039E-04
4.48370422E-01  3.50155160E-02  6.17450976E-04
4.48669037E-01  3.51999067E-02  6.17447193E-04
4.48967652E-01  3.54258306E-02  6.18750462E-04
4.49266267E-01  3.54940370E-02  6.21937215E-04
4.49564882E-01  3.46421413E-02  6.14701770E-04
4.49863497E-01  3.51007245E-02  6.16181642E-04
4.50162112E-01  3.51415500E-02  6.18712278E-04
4.50460727E-01  3.42854746E-02  6.11266820E-04
4.50759342E-01  3.53475623E-02  6.20801758E-04
4.51057957E-01  3.56568843E-02  6.22691179E-04
4.51356572E-01  3.50746252E-02  6.13552867E-04
4.51655187E-01  3.62621322E-02  6.29623013E-04
4.51953802E-01  3.49284336E-02  6.15628378E-04
4.52252417E-01  3.51787582E-02  6.24027220E-04
4.52551032E-01  3.51157822E-02  6.16066332E-04
4.52849647E-01  3.52268629E-02  6.18395919E-04
4.53148262E-01  3.56939435E-02  6.22484658E-04
4.53446877E-01  3.46519649E-02  6.12661708E-04
4.53745492E-01  3.63932252E-02  6.29248971E-04
4.54044107E-01  3.54787037E-02  6.22529187E-04
4.54342722E-01  3.46944220E-02  6.14662596E-04
4.54641337E-01  3.54169905E-02  6.22405205E-04
4.54939952E-01  3.57222110E-02  6.22882915E-04
4.55238567E-01  3.51656713E-02  6.17607322E-04
4.55537182E-01  3.58708277E-02  6.28057518E-04
4.55835797E-01  3.48055847E-02  6.17019483E-04
4.56134412E-01  3.54380757E-02  6.20956649E-04
4.56433027E-01  3.50585282E-02  6.18305639E-04
4.56731642E-01  3.53872292E-02  6.19970495E-04
4.57030257E-01  3.51659916E-02  6.20490406E-04
4.57328872E-01  3.58129404E-02  6.24654873E-04
4.57627487E-01  3.51067707E-02  6.18195743E-04
4.57926102E-01  3.56876068E-02  6.23703410E-04
4.58224717E-01  3.63037214E-02  6.31297473E-04
4.58523332E-01  3.55512537E-02  6.22653053E-04
4.58821947E-01  3.57366242E-02  6.20592094E-04
4.59120562E-01  3.57715860E-02  6.26800465E-04
4.59419177E-01  3.59815359E-02  6.28360664E-04
4.59717792E-01  3.44741419E-02  6.14923716E-04
4.60016407E-01  3.55976336E-02  6.22797117E-04
4.60315022E-01  3.49235833E-02  6.15925645E-04
4.60613637E-01  3.59796733E-02  6.27658563E-04
4.60912252E-01  3.55323553E-02  6.25689863E-04
4.61210867E-01  3.52329463E-02  6.19745348E-04
4.61509482E-01  3.56114693E-02  6.29626156E-04
4.61808097E-01  3.55851389E-02  6.43607287E-04
4.62106712E-01  3.56078148E-02  6.46560453E-04
4.62405327E-01  3.52461599E-02  6.49154477E-04
4.62703942E-01  3.60201970E-02  6.55454583E-04
4.63002557E-01  3.61046642E-02  6.68261200E-04
4.63301172E-01  3.61104794E-02  6.70670415E-04
4.63599787E-01  3.53260674E-02  6.66885811E-04
4.63898402E-01  3.62248868E-02  6.78435317E-04
4.64197017E-01  3.57452519E-02  6.74799201E-04
4.64495632E-01  3.53457332E-02  6.79474382E-04
4.64794247E-01  3.56156528E-02  6.83150196E-04
4.65092862E-01  3.45214419E-02  6.69216271E-04
4.65391477E-01  3.54597829E-02  6.88442145E-04
4.65690092E-01  3.52271758E-02  6.85997889E-04
4.65988707E-01  3.42974849E-02  6.82815909E-04
4.66287322E-01  3.53620462E-02  6.93907263E-04
4.66585937E-01  3.42667885E-02  6.83832972E-04
4.66884552E-01  3.61548662E-02  7.11109489E-04
4.67183167E-01  3.56604792E-02  7.09248823E-04
4.67481782E-01  3.51316370E-02  6.95301162E-04
4.67780397E-01  3.48776355E-02  7.02630030E-04
4.68079012E-01  3.51904221E-02  7.08213018E-04
4.68377627E-01  3.53703909E-02  7.14152702E-04
4.68676242E-01  3.46092880E-02  7.08083680E-04
4.68974857E-01  3.57250795E-02  7.19410309E-04
4.69273472E-01  3.30121815E-02  6.98133255E-04
4.69572087E-01  3.43722403E-02  7.10255117E-04
4.69870702E-01  3.58444713E-02  7.28341576E-04
4.70169317E-01  3.50768529E-02  7.24196783E-04
4.70467932E-01  3.52112129E-02  7.27125793E-04
4.70766547E-01  3.42671908E-02  7.24835962E-04
4.71065162E-01  3.41849513E-02  7.23744335E-04
4.71363777E-01  3.50255743E-02  7.27649545E-04
4.71662392E-01  3.58054154E-02  7.44171848E-04
4.71961007E-01  3.45680192E-02  7.33500172E-04
4.72259622E-01  3.46496068E-02  7.39741488E-04
4.72558237E-01  3.56769823E-02  7.46354228E-04
4.72856852E-01  3.65446508E-02  7.44415331E-04
4.73155467E-01  3.54705304E-02  7.27839884E-04
4.73454082E-01  3.51008996E-02  7.15451490E-04
4.73752697E-01  3.55364718E-02  7.08888751E-04
4.74051312E-01  3.49828452E-02  7.03750586E-04
4.74349927E-01  3.58546339E-02  7.08224601E-04
4.74648542E-01  3.41395549E-02  6.91276742E-04
4.74947157E-01  3.69493254E-02  7.12145877E-04
4.75245772E-01  3.40499431E-02  6.82501995E-04
4.75544387E-01  3.59085239E-02  6.99531462E-04
4.75843002E-01  3.54244672E-02  6.96339761E-04
4.76141617E-01  3.58036421E-02  6.93941955E-04
4.76440232E-01  3.46391760E-02  6.82752463E-04
4.76738847E-01  3.49652693E-02  6.83363876E-04
4.77037462E-01  3.70490141E-02  7.03814789E-04
4.77336077E-01  3.47528271E-02  6.83137332E-04
4.77634692E-01  3.57113406E-02  6.86375890E-04
4.77933307E-01  3.59923169E-02  6.89994311E-04
4.78231922E-01  3.60257216E-02  6.86110870E-04
4.78530537E-01  3.59518453E-02  6.92021742E-04
4.78829152E-01  3.50753330E-02  6.73281786E-04
4.79127767E-01  3.52894738E-02  6.77642063E-04
4.79426382E-01  3.66576426E-02  6.94502785E-04
4.79724997E-01  3.46212015E-02  6.71908143E-04
4.80023612E-01  3.64437327E-02  6.87740045E-04
4.80322227E-01  3.51624936E-02  6.72727707E-04
4.80620842E-01  3.62678207E-02  6.86624611E-04
4.80919457E-01  3.58083397E-02  6.80123165E-04
4.81218072E-01  3.52312550E-02  6.73919916E-04
4.81516687E-01  3.51535268E-02  6.74410083E-04
4.81815302E-01  3.47605646E-02  6.64066407E-04
4.82113917E-01  3.59727591E-02  6.83122838E-04
4.82412532E-01  3.54469903E-02  6.73017174E-04
4.82711147E-01  3.58880647E-02  6.75452175E-04
4.83009762E-01  3.44303213E-02  6.63472456E-04
4.83308377E-01  3.43809798E-02  6.64374558E-04
4.83606992E-01  3.47623453E-02  6.64100458E-04
4.83905607E-01  3.55651118E-02  6.73804083E-04
4.84204222E-01  3.70531864E-02  6.84412080E-04
4.84502837E-01  3.50999273E-02  6.70427282E-04
4.84801452E-01  3.55937853E-02  6.72179332E-04
4.85100067E-01  3.35972272E-02  6.48745045E-04
4.85398682E-01  3.48754227E-02  6.64685736E-04
4.85697297E-01  3.49159725E-02  6.64734631E-04
4.85995912E-01  3.58520113E-02  6.75491872E-04
4.86294527E-01  3.55150662E-02  6.67015789E-04
4.86593142E-01  3.47215123E-02  6.61032449E-04
4.86891757E-01  3.46488580E-02  6.61691010E-04
4.87190372E-01  3.58723588E-02  6.73963921E-04
4.87488987E-01  3.50569002E-02  6.60042570E-04
4.87787602E-01  3.56187522E-02  6.70383452E-04
4.88086217E-01  3.42650563E-02  6.54361444E-04
4.88384832E-01  3.65935788E-02  6.77775068E-04
4.88683447E-01  3.54682654E-02  6.68974419E-04
4.88982062E-01  3.59135084E-02  6.68744498E-04
4.89280677E-01  3.54760252E-02  6.68882858E-04
4.89579292E-01  3.61718386E-02  6.72506343E-04
4.89877907E-01  3.53701003E-02  6.64176012E-04
4.90176522E-01  3.47462855E-02  6.56643067E-04
4.90475137E-01  3.53439860E-02  6.64271414E-04
4.90773752E-01  3.57895084E-02  6.67942630E-04
4.91072367E-01  3.51001248E-02  6.62148697E-04
4.91370982E-01  3.54283415E-02  6.63400861E-04
4.91669597E-01  3.42695676E-02  6.53613883E-04
4.91968212E-01  3.47339734E-02  6.59360609E-04
4.92266827E-01  3.51460613E-02  6.62426173E-04
4.92565442E-01  3.48222740E-02  6.55741314E-04
4.92864057E-01  3.46895047E-02  6.56626187E-04
4.93162672E-01  3.56229469E-02  6.66577660E-04
4.93461287E-01  3.56731489E-02  6.67050073E-04
4.93759902E-01  3.60033102E-02  6.64792955E-04
4.94058517E-01  3.48467231E-02  6.57134573E-04
4.94357132E-01  3.48067321E-02  6.55448704E-04
4.94655747E-01  3.46641317E-02  6.59223588E-04
4.94954362E-01  3.56054902E-02  6.59813639E-04
4.95252977E-01  3.53949517E-02  6.61963772E-04
4.95551592E-01  3.50734517E-02  6.60940248E-04
4.95850207E-01  3.61105949E-02  6.69633911E-04
4.96148822E-01  3.51259187E-02  6.56015123E-04
4.96447437E-01  3.53077129E-02  6.61490078E-04
4.96746052E-01  3.42337526E-02  6.50216360E-04
4.97044667E-01  3.38832587E-02  6.51119684E-04
4.97343282E-01  3.49325836E-02  6.53088151E-04
4.97641897E-01  3.42332721E-02  6.45566150E-04
4.97940512E-01  3.57457846E-02  6.66430569E-04
4.98239127E-01  3.45712714E-02  6.53102412E-04
4.98537742E-01  3.55771296E-02  6.63863379E-04
4.98836357E-01  3.60431448E-02  6.64058432E-04
4.99134972E-01  3.52384597E-02  6.59383135E-04
4.99433587E-01  3.43709290E-02  6.53175346E-04
4.99732202E-01  3.42492647E-02  6.48293004E-04
5.00030817E-01  3.43240090E-02  6.48199988E-04
5.00329432E-01  3.52084301E-02  6.58130273E-04
5.00628047E-01  3.35479528E-02  6.42426487E-04
5.00926662E-01  3.59590091E-02  6.68780587E-04
5.01225277E-01  3.47286388E-02  6.49615889E-04
5.01523892E-01  3.52669470E-02  6.55116688E-04
5.01822507E-01  3.49855945E-02  6.55570300E-04
5.02121122E-01  3.39212604E-02  6.46970700E-04
5.02419737E-01  3.60293016E-02  6.65613392E-04
5.02718352E-01  3.43600102E-02  6.49691327E-04
5.03016967E-01  3.43432724E-02  6.49374793E-04
5.03315582E-01  3.46801504E-02  6.54342410E-04
5.03614197E-01  3.40991914E-02  6.43724867E-04
5.03912812E-01  3.52301598E-02  6.57388940E-04
5.04211427E-01  3.47443148E-02  6.51392329E-04
5.04510042E-01  3.53551582E-02  6.60526857E-04
5.04808657E-01  3.42686921E-02  6.44859625E-04
5.05107272E-01  3.50034237E-02  6.55444223E-04
5.05405887E-01  3.55562754E-02  6.57998375E-04
5.05704502E-01  3.46604101E-02  6.54669537E-04
5.06003117E-01  3.48099135E-02  6.52507471E-04
5.06301732E-01  3.37861031E-02  6.42525789E-04
5.06600347E-01  3.46661471E-02  6.48446963E-04
5.06898962E-01  3.49345244E-02  6.55304000E-04
5.07197577E-01  3.45854051E-02  6.53486000E-04
5.07496192E-01  3.49418446E-02  6.48965652E-04
5.07794807E-01  3.44200879E-02  6.52579474E-04
5.08093422E-01  3.52753922E-02  6.56066462E-04
5.08392037E-01  3.38228196E-02  6.43689826E-04
5.08690652E-01  3.52160707E-02  6.53270574E-04
5.08989267E-01  3.51909325E-02  6.55289448E-04
5.09287882E-01  3.46371010E-02  6.52369985E-04
5.09586497E-01  3.42792086E-02  6.46432454E-04
5.09885112E-01  3.49227898E-02  6.51994080E-04
5.10183727E-01  3.46674919E-02  6.50409434E-04
5.10482342E-01  3.41183916E-02  6.43972540E-04
5.10780957E-01  3.37462239E-02  6.42348372E-04
5.11079572E-01  3.38573121E-02  6.42140512E-04
5.11378187E-01  3.44591588E-02  6.47985027E-04
5.11676802E-01  3.36277671E-02  6.44901535E-04
5.11975417E-01  3.45166326E-02  6.46782748E-04
5.12274032E-01  3.36461850E-02  6.39518024E-04
5.12572647E-01  3.50717157E-02  6.53409457E-04
5.12871262E-01  3.48160230E-02  6.50227419E-04
5.13169877E-01  3.46534327E-02  6.53373369E-04
5.13468492E-01  3.40259746E-02  6.39839272E-04
5.13767107E-01  3.51245329E-02  6.52471208E-04
5.14065722E-01  3.43649946E-02  6.49205584E-04
5.14364337E-01  3.41976844E-02  6.46506436E-04
5.14662952E-01  3.35965268E-02  6.39383099E-04
5.14961567E-01  3.48636210E-02  6.49419730E-04
5.15260182E-01  3.52653079E-02  6.57016179E-04
5.15558797E-01  3.52056026E-02  6.54203002E-04
5.15857412E-01  3.59189026E-02  6.60314050E-04
5.16156027E-01  3.50298211E-02  6.53536874E-04
5.16454642E-01  3.35634686E-02  6.40030194E-04
5.16753257E-01  3.39942761E-02  6.42546220E-04
5.17051872E-01  3.34677659E-02  6.40070008E-04
5.17350487E-01  3.32647339E-02  6.33757678E-04
5.17649102E-01  3.47311981E-02  6.49323105E-04
5.17947717E-01  3.44575793E-02  6.46130124E-04
5.18246332E-01  3.40231955E-02  6.42519153E-04
5.18544947E-01  3.35455388E-02  6.40037528E-04
5.18843562E-01  3.33754048E-02  6.38888043E-04
5.19142177E-01  3.38122547E-02  6.39906328E-04
5.19440792E-01  3.46191525E-02  6.47341425E-04
5.19739407E-01  3.46630290E-02  6.48388639E-04
5.20038022E-01  3.49327177E-02  6.54120289E-04
5.20336637E-01  3.26949432E-02  6.29564340E-04
5.20635252E-01  3.37455347E-02  6.39445789E-04
5.20933867E-01  3.53487059E-02  6.54942647E-04
5.21232482E-01  3.46936993E-02  6.48055982E-04
5.21531097E-01  3.37595902E-02  6.41789462E-04
5.21829712E-01  3.49649228E-02  6.52666960E-04
5.22128327E-01  3.35261673E-02  6.38159690E-04
5.22426942E-01  3.43482569E-02  6.42950763E-04
5.22725557E-01  3.46467383E-02  6.49220659E-04
5.23024172E-01  3.40388604E-02  6.42242609E-04
5.23322787E-01  3.35081145E-02  6.38626399E-04
5.23621402E-01  3.48271616E-02  6.49642898E-04
5.23920017E-01  3.49369161E-02  6.54198928E-04
5.24218632E-01  3.26208249E-02  6.26744353E-04
5.24517247E-01  3.34260501E-02  6.36138779E-04
5.24815862E-01  3.42633165E-02  6.46592758E-04
5.25114477E-01  3.39942686E-02  6.41059072E-04
5.25413092E-01  3.55462246E-02  6.57137658E-04
5.25711707E-01  3.39488089E-02  6.42836152E-04
5.26010322E-01  3.38630080E-02  6.38583733E-04
5.26308937E-01  3.40590030E-02  6.42622705E-04
5.26607552E-01  3.41759659E-02  6.43570675E-04
5.26906167E-01  3.29967439E-02  6.31755276E-04
5.27204782E-01  3.37966681E-02  6.43308624E-04
5.27503397E-01  3.47222984E-02  6.48703368E-04
5.27802012E-01  3.32845561E-02  6.35289412E-04
5.28100627E-01  3.33103538E-02  6.36942976E-04
5.28399242E-01  3.33453827E-02  6.31409988E-04
5.28697857E-01  3.37240621E-02  6.40420069E-04
5.28996472E-01  3.45542431E-02  6.47146779E-04
5.29295087E-01  3.35114822E-02  6.39504171E-04
5.29593702E-01  3.32928523E-02  6.33374439E-04
5.29892317E-01  3.36331837E-02  6.38004509E-04
5.30190932E-01  3.36876735E-02  6.41350111E-04
5.30489547E-01  3.36909369E-02  6.38870173E-04
5.30788162E-01  3.41392159E-02  6.41855178E-04
5.31086777E-01  3.37168053E-02  6.39590726E-04
5.31385392E-01  3.41710746E-02  6.40757731E-04
5.31684007E-01  3.43530439E-02  6.45761320E-04
5.31982622E-01  3.33173685E-02  6.35799835E-04
5.32281237E-01  3.43443155E-02  6.45369233E-04
5.32579852E-01  3.38420980E-02  6.41736551E-04
5.32878467E-01  3.38190533E-02  6.40264421E-04
5.33177082E-01  3.40009369E-02  6.43246865E-04
5.33475697E-01  3.43036614E-02  6.41554245E-04
5.33774312E-01  3.30965966E-02  6.32624375E-04
5.34072927E-01  3.41025330E-02  6.46442699E-04
5.34371542E-01  3.41142155E-02  6.40254584E-04
5.34670157E-01  3.25223655E-02  6.23932050E-04
5.34968772E-01  3.43305767E-02  6.47171051E-04
5.35267387E-01  3.39809433E-02  6.41035731E-04
5.35566002E-01  3.38631496E-02  6.42598025E-04
5.35864617E-01  3.40872891E-02  6.39861915E-04
5.36163232E-01  3.37276198E-02  6.40372164E-04
5.36461847E-01  3.33827697E-02  6.36468758E-04
5.36760462E-01  3.40747647E-02  6.41778752E-04
5.37059077E-01  3.37422937E-02  6.37555611E-04
5.37357692E-01  3.46308537E-02  6.50179922E-04
5.37656307E-01  3.47330384E-02  6.45756198E-04
5.37954922E-01  3.38517874E-02  6.45059277E-04
5.38253537E-01  3.38866226E-02  6.33865537E-04
5.38552152E-01  3.38788666E-02  6.39793579E-04
5.38850767E-01  3.43141705E-02  6.45944150E-04
5.39149382E-01  3.39465402E-02  6.42793195E-04
5.39447997E-01  3.38919163E-02  6.39925944E-04
5.39746612E-01  3.35597135E-02  6.37874473E-04
5.40045227E-01  3.42635624E-02  6.42492028E-04
5.40343842E-01  3.30471061E-02  6.34232536E-04
5.40642457E-01  3.32845598E-02  6.33560761E-04
5.40941072E-01  3.46766114E-02  6.46048342E-04
5.41239687E-01  3.48533951E-02  6.54242700E-04
5.41538302E-01  3.37182768E-02  6.38929254E-04
5.41836917E-01  3.34353335E-02  6.35625154E-04
5.42135532E-01  3.25681120E-02  6.23092055E-04
5.42434147E-01  3.40219401E-02  6.41809136E-04
5.42732762E-01  3.34312543E-02  6.38089376E-04
5.43031377E-01  3.38426307E-02  6.44066837E-04
5.43329992E-01  3.32809016E-02  6.30189024E-04
5.43628607E-01  3.36236842E-02  6.38053869E-04
5.43927222E-01  3.30873169E-02  6.33721764E-04
5.44225837E-01  3.34766731E-02  6.37911377E-04
5.44524452E-01  3.37462984E-02  6.35817880E-04
5.44823067E-01  3.27648707E-02  6.30326802E-04
5.45121682E-01  3.40037718E-02  6.41352322E-04
5.45420297E-01  3.38072591E-02  6.39811798E-04
5.45718912E-01  3.42049971E-02  6.41845341E-04
5.46017527E-01  3.50330062E-02  6.50995702E-04
5.46316142E-01  3.38454917E-02  6.38935482E-04
5.46614757E-01  3.33388560E-02  6.38188445E-04
5.46913372E-01  3.38360071E-02  6.36379526E-04
5.47211987E-01  3.30786146E-02  6.32743235E-04
5.47510602E-01  3.35931703E-02  6.38741185E-04
5.47809217E-01  3.33484076E-02  6.34087250E-04
5.48107832E-01  3.47160809E-02  6.50291797E-04
5.48406447E-01  3.23436335E-02  6.24771812E-04
5.48705062E-01  3.36885154E-02  6.36085402E-04
5.49003677E-01  3.36224437E-02  6.40921877E-04
5.49302292E-01  3.31043899E-02  6.28879294E-04
5.49600907E-01  3.37378308E-02  6.40450628E-04
5.49899522E-01  3.30653451E-02  6.32027048E-04
5.50198137E-01  3.33573855E-02  6.36679470E-04
5.50496752E-01  3.39993387E-02  6.40585436E-04
5.50795367E-01  3.43754403E-02  6.42559608E-04
5.51093982E-01  3.35221551E-02  6.36700715E-04
5.51392597E-01  3.33993658E-02  6.37248624E-04
5.51691212E-01  3.32443826E-02  6.33599993E-04
5.51989827E-01  3.25126387E-02  6.26286143E-04
5.52288442E-01  3.23346406E-02  6.21705083E-04
5.52587057E-01  3.41960378E-02  6.41677179E-04
5.52885672E-01  3.37836705E-02  6.38109632E-04
5.53184287E-01  3.31126004E-02  6.29148853E-04
5.53482902E-01  3.34727541E-02  6.33481191E-04
5.53781517E-01  3.21021862E-02  6.21733896E-04
5.54080132E-01  3.37391421E-02  6.36927842E-04
5.54378747E-01  3.34879011E-02  6.29387330E-04
5.54677362E-01  3.36675346E-02  6.34108845E-04
5.54975977E-01  3.37641872E-02  6.37173536E-04
5.55274592E-01  3.32542546E-02  6.30362832E-04
5.55573207E-01  3.37841958E-02  6.28441223E-04
5.55871822E-01  3.44754569E-02  6.39531936E-04
5.56170437E-01  3.33820805E-02  6.30974711E-04
5.56469052E-01  3.28770764E-02  6.26941270E-04
5.56767667E-01  3.31711285E-02  6.26428111E-04
5.57066282E-01  3.27565335E-02  6.23397005E-04
5.57364897E-01  3.31003591E-02  6.22213527E-04
5.57663512E-01  3.27538177E-02  6.22781692E-04
5.57962127E-01  3.26071866E-02  6.19322294E-04
5.58260742E-01  3.28877307E-02  6.18763443E-04
5.58559357E-01  3.42565253E-02  6.38443511E-04
5.58857972E-01  3.30076367E-02  6.25800458E-04
5.59156587E-01  3.30400504E-02  6.20203908E-04
5.59455202E-01  3.27495188E-02  6.21130050E-04
5.59753817E-01  3.36085744E-02  6.26258785E-04
5.60052432E-01  3.38552929E-02  6.30637223E-04
5.60351047E-01  3.34890522E-02  6.25444809E-04
5.60649662E-01  3.44748721E-02  6.32061274E-04
5.60948277E-01  3.46860029E-02  6.35185279E-04
5.61246892E-01  3.30306068E-02  6.21012121E-04
5.61545507E-01  3.41603979E-02  6.30656490E-04
5.61844122E-01  3.34422216E-02  6.20365026E-04
5.62142737E-01  3.27504762E-02  6.19257626E-04
5.62441352E-01  3.27436700E-02  6.14857185E-04
5.62739967E-01  3.30135264E-02  6.16671401E-04
5.63038582E-01  3.35041359E-02  6.23123837E-04
5.63337197E-01  3.32636796E-02  6.18865830E-04
5.63635812E-01  3.26940902E-02  6.18302030E-04
5.63934427E-01  3.35508510E-02  6.20673818E-04
5.64233042E-01  3.27222422E-02  6.11550582E-04
5.64531657E-01  3.35732289E-02  6.22474006E-04
5.64830272E-01  3.36839855E-02  6.22923602E-04
5.65128887E-01  3.37858237E-02  6.24593347E-04
5.65427502E-01  3.43474522E-02  6.25845394E-04
5.65726117E-01  3.30820717E-02  6.16341014E-04
5.66024732E-01  3.40871923E-02  6.25058659E-04
5.66323347E-01  3.29449363E-02  6.15068420E-04
5.66621962E-01  3.24885435E-02  6.05493376E-04
5.66920577E-01  3.43147926E-02  6.27441390E-04
5.67219192E-01  3.24238464E-02  6.10901392E-04
5.67517807E-01  3.23826075E-02  6.10232761E-04
5.67816422E-01  3.29158492E-02  6.07680122E-04
5.68115037E-01  3.39262374E-02  6.21168001E-04
5.68413652E-01  3.32863703E-02  6.15991943E-04
5.68712267E-01  3.33551019E-02  6.16630656E-04
5.69010882E-01  3.30024436E-02  6.11681025E-04
5.69309497E-01  3.33092064E-02  6.14942110E-04
5.69608112E-01  3.45555395E-02  6.27350004E-04
5.69906727E-01  3.37435491E-02  6.18237711E-04
5.70205342E-01  3.29632349E-02  6.08554867E-04
5.70503957E-01  3.33689302E-02  6.17202779E-04
5.70802572E-01  3.28717977E-02  6.11046387E-04
5.71101187E-01  3.44198942E-02  6.26853260E-04
5.71399802E-01  3.33632343E-02  6.14058808E-04
5.71698417E-01  3.25065665E-02  6.07095833E-04
5.71997032E-01  3.37908641E-02  6.21824118E-04
5.72295647E-01  3.27087864E-02  6.11085678E-04
5.72594262E-01  3.31877135E-02  6.13012642E-04
5.72892877E-01  3.48017514E-02  6.23351079E-04
5.73191492E-01  3.29345874E-02  6.12637086E-04
5.73490107E-01  3.32128406E-02  6.16640667E-04
5.73788722E-01  3.29549909E-02  6.11011463E-04
5.74087337E-01  3.31938565E-02  6.14911958E-04
5.74385952E-01  3.34084854E-02  6.18463615E-04
5.74684567E-01  3.33811380E-02  6.17217447E-04
5.74983182E-01  3.33295092E-02  6.13646000E-04
5.75281797E-01  3.39015797E-02  6.17209065E-04
5.75580412E-01  3.22317220E-02  6.07066089E-04
5.75879027E-01  3.33887003E-02  6.15885132E-04
5.76177642E-01  3.32912505E-02  6.15976809E-04
5.76476257E-01  3.43142003E-02  6.22660795E-04
5.76774872E-01  3.26873250E-02  6.10791321E-04
5.77073487E-01  3.21525186E-02  6.05359615E-04
5.77372102E-01  3.21375355E-02  6.06476562E-04
5.77670717E-01  3.39272805E-02  6.19012048E-04
5.77969332E-01  3.30464281E-02  6.13022887E-04
5.78267947E-01  3.31532173E-02  6.15427620E-04
5.78566562E-01  3.40933315E-02  6.22663763E-04
5.78865177E-01  3.31342034E-02  6.11190742E-04
5.79163792E-01  3.35682221E-02  6.18565537E-04
5.79462407E-01  3.32908295E-02  6.15442405E-04
5.79761022E-01  3.37476395E-02  6.22082909E-04
5.80059637E-01  3.33827958E-02  6.12657284E-04
5.80358252E-01  3.45112532E-02  6.27062924E-04
5.80656867E-01  3.25761251E-02  6.10635383E-04
5.80955482E-01  3.45795788E-02  6.29135699E-04


### HEADER:
#
#{
#    "analysis": {},
#    "calibration_params": {
#        "Beam_Center_X": 1061.0,
#        "Beam_Center_Y": 2093.0,
#        "Detector Tilt": 0.0,
#        "Detector Tilt Plane Rotation": 0.0,
#        "Detector_X_Pixel_Size": 75.0,
#        "Detector_Y_Pixel_Size": 75.0,
#        "Integration Method": "nosplit_csr",
#        "Radial_Average_Method": "pyFAI",
#        "Sample-to-detector distance (mm)": 1782.0,
#        "Wavelength (A)": 0.8823505857220345
#    },
#    "config_file": "/Users/jwinnikoff/Documents/MBARI/SAXS/HPSAXS_7A_Feb2023/HPSAXS_02_19_23.cfg",
#    "counters": {
#        "Epoch": "167.202",
#        "I1": "0",
#        "I2": "0",
#        "I3": "0",
#        "Seconds": "1",
#        "Time": "2.00272e-05",
#        "date": "Mon Feb 20 20:21:59 2023",
#        "diode": "31593"
#    },
#    "filename": "JWL0312_04-80C_000MPa_rh_13_data_000001_00001.h5",
#    "history": {},
#    "imageHeader": {},
#    "load_path": "/Users/jwinnikoff/Documents/MBARI/SAXS/HPSAXS_7A_Feb2023/JWL0312_BL21_pPlsAR/JWL0312_04-80C_000MPa_rh_13_data_000001.h5",
#    "normalizations": {
#        "Absolute_scale": {
#            "Absolute_scale_factor": 0.005174693841759343,
#            "Method": "Water"
#        },
#        "Counter_norms": [
#            [
#                "/",
#                "diode/150000"
#            ]
#        ],
#        "Polarization": {
#            "Used": false
#        },
#        "Solid_Angle_Correction": "On"
#    },
#    "raw_version": "2.1.4"
#}

