### DATA:
#
# 1908
#      Q             I(Q)           Error     
1.14966775E-02  0.00000000E+00  0.00000000E+00
1.17952925E-02  5.36837697E-01  2.70454921E-02
1.20939075E-02  5.33431470E-01  1.90632846E-02
1.23925225E-02  4.85061646E-01  1.48426453E-02
1.26911375E-02  4.91313368E-01  1.40317986E-02
1.29897525E-02  4.33361292E-01  1.28069995E-02
1.32883675E-02  4.14000601E-01  1.20265707E-02
1.35869825E-02  3.84044468E-01  1.10313892E-02
1.38855975E-02  3.36740613E-01  9.67661478E-03
1.41842125E-02  3.34545732E-01  9.84810386E-03
1.44828275E-02  3.06002647E-01  9.31999739E-03
1.47814425E-02  2.78919011E-01  8.63232650E-03
1.50800575E-02  2.73993552E-01  8.23877752E-03
1.53786725E-02  2.65035242E-01  7.63185276E-03
1.56772875E-02  2.51734197E-01  7.49860099E-03
1.59759025E-02  2.41558313E-01  6.85703056E-03
1.62745175E-02  2.30495885E-01  6.60449360E-03
1.65731325E-02  2.15086296E-01  6.47040689E-03
1.68717475E-02  2.14558706E-01  5.93483075E-03
1.71703625E-02  1.96205527E-01  5.97034441E-03
1.74689775E-02  1.84871748E-01  5.35017997E-03
1.77675925E-02  1.77729025E-01  5.15861344E-03
1.80662075E-02  1.73237190E-01  5.30097168E-03
1.83648225E-02  1.76213130E-01  4.80481982E-03
1.86634375E-02  1.63361445E-01  4.84047178E-03
1.89620525E-02  1.56373873E-01  4.46236413E-03
1.92606675E-02  1.51451737E-01  4.45446279E-03
1.95592825E-02  1.47875875E-01  4.44450602E-03
1.98578975E-02  1.48734674E-01  4.12674528E-03
2.01565125E-02  1.37113556E-01  4.10254905E-03
2.04551275E-02  1.34307846E-01  3.81101458E-03
2.07537425E-02  1.31299689E-01  3.68146040E-03
2.10523575E-02  1.24654405E-01  3.38764815E-03
2.13509725E-02  1.22466832E-01  3.15159210E-03
2.16495875E-02  1.22629091E-01  3.14433570E-03
2.19482025E-02  1.19585887E-01  2.87595717E-03
2.22468175E-02  1.10593356E-01  2.89336964E-03
2.25454325E-02  1.11741588E-01  2.66732718E-03
2.28440475E-02  1.06064975E-01  2.66162446E-03
2.31426625E-02  1.03964292E-01  2.54329038E-03
2.34412775E-02  1.00092717E-01  2.39884993E-03
2.37398925E-02  9.43255723E-02  2.41701584E-03
2.40385075E-02  9.45576727E-02  2.27470417E-03
2.43371225E-02  9.37916264E-02  2.26547173E-03
2.46357375E-02  9.00669321E-02  2.28035823E-03
2.49343525E-02  9.12544131E-02  2.18264526E-03
2.52329675E-02  8.24430287E-02  2.17710505E-03
2.55315825E-02  8.55884999E-02  2.07827264E-03
2.58301975E-02  8.17021728E-02  2.04191636E-03
2.61288125E-02  7.70660564E-02  2.04945519E-03
2.64274275E-02  8.11795741E-02  1.97005318E-03
2.67260425E-02  7.55502507E-02  2.00137496E-03
2.70246575E-02  7.71029964E-02  1.89355970E-03
2.73232725E-02  7.13979676E-02  1.88084866E-03
2.76218875E-02  7.47110099E-02  1.95260346E-03
2.79205025E-02  7.31428638E-02  1.86023256E-03
2.82191175E-02  6.98663667E-02  1.81181007E-03
2.85177325E-02  6.79008737E-02  1.75612234E-03
2.88163475E-02  6.64368793E-02  1.79166941E-03
2.91149625E-02  6.54849410E-02  1.72748009E-03
2.94135775E-02  6.71039224E-02  1.72858709E-03
2.97121925E-02  6.25601634E-02  1.68284390E-03
3.00108075E-02  6.41504750E-02  1.64759427E-03
3.03094225E-02  6.28164932E-02  1.70335127E-03
3.06080375E-02  5.96500374E-02  1.60630711E-03
3.09066525E-02  6.10210449E-02  1.60193886E-03
3.12052675E-02  5.81212491E-02  1.61137374E-03
3.15038825E-02  5.74896671E-02  1.53373962E-03
3.18024975E-02  6.04929253E-02  1.59746013E-03
3.21011125E-02  5.86496703E-02  1.52195687E-03
3.23997275E-02  5.98182715E-02  1.49639230E-03
3.26983425E-02  5.65580577E-02  1.46718568E-03
3.29969575E-02  5.75949326E-02  1.39894115E-03
3.32955725E-02  5.50465174E-02  1.36764173E-03
3.35941875E-02  5.43174967E-02  1.29547878E-03
3.38928025E-02  5.51579967E-02  1.34411815E-03
3.41914175E-02  5.38247414E-02  1.28813041E-03
3.44900325E-02  5.51721007E-02  1.29539100E-03
3.47886474E-02  5.32402806E-02  1.25037832E-03
3.50872624E-02  5.18174693E-02  1.21030537E-03
3.53858774E-02  4.98408414E-02  1.22440222E-03
3.56844924E-02  5.21672666E-02  1.20443024E-03
3.59831074E-02  5.01493476E-02  1.16093922E-03
3.62817224E-02  5.17103188E-02  1.20780268E-03
3.65803374E-02  4.98375744E-02  1.14941795E-03
3.68789524E-02  5.01124002E-02  1.19146495E-03
3.71775674E-02  4.95017469E-02  1.15684816E-03
3.74761824E-02  4.79209200E-02  1.10786862E-03
3.77747974E-02  4.71604019E-02  1.10424415E-03
3.80734124E-02  4.83166613E-02  1.10009650E-03
3.83720274E-02  4.70760055E-02  1.12149329E-03
3.86706424E-02  4.74480838E-02  1.07256416E-03
3.89692574E-02  4.64051105E-02  1.09226292E-03
3.92678724E-02  4.53413129E-02  1.08791306E-03
3.95664874E-02  4.84179966E-02  1.08347228E-03
3.98651024E-02  4.53711078E-02  1.04976224E-03
4.01637174E-02  4.76202257E-02  1.05770503E-03
4.04623324E-02  4.51091155E-02  1.06590008E-03
4.07609474E-02  4.65767756E-02  1.04515278E-03
4.10595624E-02  4.60302942E-02  1.06020074E-03
4.13581774E-02  4.61023226E-02  1.04161107E-03
4.16567924E-02  4.43804227E-02  1.00143021E-03
4.19554074E-02  4.39377911E-02  1.02486217E-03
4.22540224E-02  4.34901901E-02  1.01167336E-03
4.25526374E-02  4.53894474E-02  1.01953722E-03
4.28512524E-02  4.41980585E-02  1.00946694E-03
4.31498674E-02  4.36032489E-02  9.90982982E-04
4.34484824E-02  4.22191285E-02  1.00550242E-03
4.37470974E-02  4.26773615E-02  9.67693340E-04
4.40457124E-02  4.50213477E-02  9.98749631E-04
4.43443274E-02  4.38013300E-02  1.00407901E-03
4.46429424E-02  4.23971042E-02  9.66068823E-04
4.49415574E-02  4.30358946E-02  1.00464537E-03
4.52401724E-02  4.29350361E-02  9.59097990E-04
4.55387874E-02  4.24267240E-02  9.68757726E-04
4.58374024E-02  4.35106531E-02  9.81055084E-04
4.61360174E-02  4.14586626E-02  9.43950377E-04
4.64346324E-02  4.32238840E-02  9.82614816E-04
4.67332474E-02  4.17379327E-02  9.35395539E-04
4.70318624E-02  4.21232730E-02  9.67648230E-04
4.73304774E-02  4.07466367E-02  9.46317567E-04
4.76290924E-02  4.32583801E-02  9.54487012E-04
4.79277074E-02  4.30005156E-02  9.45808948E-04
4.82263224E-02  4.18225937E-02  9.26422013E-04
4.85249374E-02  4.17725220E-02  9.54317627E-04
4.88235524E-02  4.19779010E-02  9.33072646E-04
4.91221674E-02  4.24974672E-02  9.33165546E-04
4.94207824E-02  4.38509881E-02  9.58048215E-04
4.97193974E-02  4.27763686E-02  9.29262547E-04
5.00180124E-02  4.11133878E-02  9.36331751E-04
5.03166274E-02  4.24286686E-02  9.24110936E-04
5.06152424E-02  4.22961898E-02  9.25405417E-04
5.09138574E-02  4.12522517E-02  9.24975611E-04
5.12124724E-02  4.47525382E-02  9.38061974E-04
5.15110874E-02  4.33435552E-02  9.39590740E-04
5.18097024E-02  4.23029847E-02  9.14672506E-04
5.21083174E-02  4.15495485E-02  9.05178138E-04
5.24069324E-02  4.16493043E-02  9.06920992E-04
5.27055474E-02  4.29260358E-02  9.14770470E-04
5.30041624E-02  4.36935611E-02  9.40571248E-04
5.33027774E-02  4.34498861E-02  9.16411402E-04
5.36013924E-02  4.32448313E-02  9.19478654E-04
5.39000074E-02  4.25613523E-02  8.96873535E-04
5.41986224E-02  4.30619381E-02  9.20177321E-04
5.44972374E-02  4.25467603E-02  9.03004664E-04
5.47958524E-02  4.44703139E-02  9.16767574E-04
5.50944674E-02  4.34332155E-02  9.20162187E-04
5.53930824E-02  4.33587469E-02  8.99025181E-04
5.56916974E-02  4.41432707E-02  9.02199186E-04
5.59903124E-02  4.35510762E-02  9.14890144E-04
5.62889274E-02  4.60654348E-02  9.20388789E-04
5.65875424E-02  4.49581072E-02  9.25644068E-04
5.68861574E-02  4.51644473E-02  9.11344367E-04
5.71847724E-02  4.42183539E-02  8.95725214E-04
5.74833874E-02  4.57000844E-02  9.20467661E-04
5.77820024E-02  4.46800850E-02  8.99194041E-04
5.80806174E-02  4.31604795E-02  9.05686116E-04
5.83792324E-02  4.45207581E-02  8.87050701E-04
5.86778474E-02  4.72098775E-02  9.28005902E-04
5.89764624E-02  4.65096235E-02  9.31124028E-04
5.92750774E-02  4.65778485E-02  8.94076191E-04
5.95736924E-02  4.55682538E-02  9.11729818E-04
5.98723074E-02  4.71774526E-02  9.08435381E-04
6.01709224E-02  4.70915884E-02  9.06445901E-04
6.04695374E-02  4.75765802E-02  9.25432309E-04
6.07681524E-02  4.72264849E-02  9.12429416E-04
6.10667674E-02  4.79519740E-02  9.24206397E-04
6.13653824E-02  4.74640764E-02  8.98592814E-04
6.16639974E-02  4.88715246E-02  9.23420128E-04
6.19626124E-02  4.93294112E-02  9.28926573E-04
6.22612274E-02  4.86792736E-02  9.05513996E-04
6.25598424E-02  5.02171144E-02  9.39664140E-04
6.28584574E-02  4.89954427E-02  9.12976218E-04
6.31570724E-02  4.99882884E-02  9.30346781E-04
6.34556874E-02  5.09819426E-02  9.14336473E-04
6.37543024E-02  5.36317192E-02  9.50463000E-04
6.40529174E-02  5.18238507E-02  9.47275490E-04
6.43515324E-02  5.25086783E-02  9.35272081E-04
6.46501474E-02  5.31172939E-02  9.60858131E-04
6.49487624E-02  5.31371012E-02  9.25699773E-04
6.52473774E-02  5.35568260E-02  9.37144854E-04
6.55459924E-02  5.52790128E-02  9.62575781E-04
6.58446074E-02  5.60002998E-02  9.58285702E-04
6.61432224E-02  5.71396574E-02  9.78642609E-04
6.64418374E-02  5.61338626E-02  9.45867389E-04
6.67404524E-02  5.89742549E-02  9.82222380E-04
6.70390674E-02  5.94966449E-02  9.91335372E-04
6.73376824E-02  6.06797226E-02  9.74908296E-04
6.76362974E-02  6.09192625E-02  1.00069540E-03
6.79349124E-02  6.24930225E-02  9.91079141E-04
6.82335274E-02  6.22863993E-02  9.96359275E-04
6.85321424E-02  6.54266849E-02  1.03332486E-03
6.88307574E-02  6.58777505E-02  1.01639470E-03
6.91293724E-02  6.46442920E-02  1.02224376E-03
6.94279874E-02  6.75971135E-02  1.02022476E-03
6.97266024E-02  6.94430619E-02  1.05204689E-03
7.00252174E-02  7.07550198E-02  1.05335005E-03
7.03238324E-02  7.23031759E-02  1.05633726E-03
7.06224474E-02  7.41470084E-02  1.08582771E-03
7.09210624E-02  7.50973895E-02  1.07900333E-03
7.12196774E-02  7.63931870E-02  1.08580547E-03
7.15182924E-02  7.78514594E-02  1.07210630E-03
7.18169074E-02  7.94435292E-02  1.11232279E-03
7.21155224E-02  8.28159973E-02  1.13181397E-03
7.24141374E-02  8.27278271E-02  1.12484617E-03
7.27127524E-02  8.79490003E-02  1.15462788E-03
7.30113674E-02  8.84960964E-02  1.14930002E-03
7.33099824E-02  9.26605016E-02  1.18252530E-03
7.36085974E-02  9.70481038E-02  1.21424021E-03
7.39072124E-02  9.76903513E-02  1.19580003E-03
7.42058274E-02  1.01298146E-01  1.24331983E-03
7.45044424E-02  1.03289105E-01  1.23357202E-03
7.48030574E-02  1.07960410E-01  1.26941991E-03
7.51016724E-02  1.11403264E-01  1.28809270E-03
7.54002874E-02  1.17817082E-01  1.30345859E-03
7.56989024E-02  1.22364581E-01  1.35145558E-03
7.59975174E-02  1.27706304E-01  1.35850080E-03
7.62961324E-02  1.33294627E-01  1.39234355E-03
7.65947474E-02  1.36637583E-01  1.40520418E-03
7.68933624E-02  1.46080866E-01  1.45449524E-03
7.71919774E-02  1.52626917E-01  1.50278374E-03
7.74905924E-02  1.61367074E-01  1.51114236E-03
7.77892074E-02  1.72416970E-01  1.57185004E-03
7.80878224E-02  1.80768162E-01  1.59609737E-03
7.83864374E-02  1.93471789E-01  1.64867449E-03
7.86850524E-02  2.00657532E-01  1.70650356E-03
7.89836674E-02  2.19176590E-01  1.76115055E-03
7.92822824E-02  2.35222220E-01  1.80950877E-03
7.95808974E-02  2.56317794E-01  1.87178084E-03
7.98795124E-02  2.76393592E-01  1.98183791E-03
8.01781274E-02  2.97731817E-01  2.07429519E-03
8.04767424E-02  3.27316046E-01  2.11944967E-03
8.07753574E-02  3.59983712E-01  2.24542944E-03
8.10739724E-02  3.99181485E-01  2.33823620E-03
8.13725874E-02  4.43729907E-01  2.45540938E-03
8.16712024E-02  4.94943172E-01  2.63562356E-03
8.19698174E-02  5.61597764E-01  2.73520895E-03
8.22684324E-02  6.36667669E-01  2.97397864E-03
8.25670474E-02  7.27681696E-01  3.14126071E-03
8.28656624E-02  8.28985989E-01  3.37639591E-03
8.31642774E-02  9.56223965E-01  3.57609987E-03
8.34628924E-02  1.09824586E+00  3.83624691E-03
8.37615074E-02  1.26307714E+00  4.17612912E-03
8.40601224E-02  1.44663286E+00  4.37712902E-03
8.43587374E-02  1.64661491E+00  4.68814839E-03
8.46573524E-02  1.86878884E+00  4.97014774E-03
8.49559674E-02  2.08840728E+00  5.29012550E-03
8.52545824E-02  2.29567146E+00  5.55736991E-03
8.55531974E-02  2.50890636E+00  5.71463350E-03
8.58518124E-02  2.70911479E+00  5.96683659E-03
8.61504274E-02  2.87741542E+00  6.08518068E-03
8.64490424E-02  3.03138113E+00  6.34861272E-03
8.67476574E-02  3.16526175E+00  6.47467468E-03
8.70462724E-02  3.25350523E+00  6.45544380E-03
8.73448874E-02  3.34994507E+00  6.60023978E-03
8.76435024E-02  3.38115978E+00  6.56547025E-03
8.79421174E-02  3.41200733E+00  6.70281099E-03
8.82407324E-02  3.40054178E+00  6.66583236E-03
8.85393474E-02  3.36223292E+00  6.53486885E-03
8.88379624E-02  3.32170510E+00  6.54434552E-03
8.91365774E-02  3.23895311E+00  6.37838850E-03
8.94351924E-02  3.13336706E+00  6.32034289E-03
8.97338074E-02  3.00206733E+00  6.15207432E-03
9.00324224E-02  2.83408284E+00  5.96095808E-03
9.03310374E-02  2.65478611E+00  5.83408866E-03
9.06296524E-02  2.44356990E+00  5.52998157E-03
9.09282674E-02  2.20648384E+00  5.25005208E-03
9.12268824E-02  1.94866872E+00  4.92479187E-03
9.15254974E-02  1.69370794E+00  4.57464904E-03
9.18241124E-02  1.45567119E+00  4.30391356E-03
9.21227274E-02  1.24133468E+00  3.93784931E-03
9.24213424E-02  1.04315758E+00  3.54858604E-03
9.27199574E-02  8.70174229E-01  3.27013014E-03
9.30185724E-02  7.45079637E-01  3.03143519E-03
9.33171874E-02  6.37960076E-01  2.83341995E-03
9.36158024E-02  5.43250263E-01  2.52529792E-03
9.39144174E-02  4.76082027E-01  2.42539402E-03
9.42130324E-02  4.17837113E-01  2.25993316E-03
9.45116474E-02  3.73879164E-01  2.12823343E-03
9.48102624E-02  3.35001767E-01  2.02356116E-03
9.51088774E-02  3.01400036E-01  1.88261073E-03
9.54074924E-02  2.78626621E-01  1.83398300E-03
9.57061074E-02  2.51841515E-01  1.73898996E-03
9.60047224E-02  2.34339088E-01  1.67895516E-03
9.63033374E-02  2.19539061E-01  1.60952227E-03
9.66019524E-02  2.04781204E-01  1.56262354E-03
9.69005674E-02  1.92906231E-01  1.51267601E-03
9.71991824E-02  1.81237191E-01  1.46239880E-03
9.74977974E-02  1.73932135E-01  1.42768899E-03
9.77964124E-02  1.67180791E-01  1.39491796E-03
9.80950274E-02  1.56882674E-01  1.36060105E-03
9.83936424E-02  1.51621550E-01  1.33817294E-03
9.86922574E-02  1.44851431E-01  1.30682532E-03
9.89908724E-02  1.39558092E-01  1.26907707E-03
9.92894874E-02  1.35730252E-01  1.24786014E-03
9.95881024E-02  1.31524146E-01  1.23831653E-03
9.98867174E-02  1.28357127E-01  1.22752541E-03
1.00185332E-01  1.24324001E-01  1.18093588E-03
1.00483947E-01  1.17858440E-01  1.16823299E-03
1.00782562E-01  1.15239292E-01  1.14120683E-03
1.01081177E-01  1.13693513E-01  1.14497822E-03
1.01379792E-01  1.11701645E-01  1.13060896E-03
1.01678407E-01  1.08665891E-01  1.10316440E-03
1.01977022E-01  1.06518053E-01  1.10406592E-03
1.02275637E-01  1.03565760E-01  1.08865905E-03
1.02574252E-01  1.01103477E-01  1.07115321E-03
1.02872867E-01  1.01160675E-01  1.06004439E-03
1.03171482E-01  9.82791930E-02  1.04398851E-03
1.03470097E-01  9.60523933E-02  1.03377807E-03
1.03768712E-01  9.46254954E-02  1.03541138E-03
1.04067327E-01  9.46751162E-02  1.01724779E-03
1.04365942E-01  9.35739130E-02  1.02286425E-03
1.04664557E-01  8.89557227E-02  9.96487797E-04
1.04963172E-01  9.03146863E-02  9.96751245E-04
1.05261787E-01  9.05111507E-02  1.00026058E-03
1.05560402E-01  8.69533122E-02  9.70229041E-04
1.05859017E-01  8.58665258E-02  9.76639218E-04
1.06157632E-01  8.56276602E-02  9.68983397E-04
1.06456247E-01  8.30071196E-02  9.54041781E-04
1.06754862E-01  8.42417404E-02  9.49719106E-04
1.07053477E-01  8.26576129E-02  9.46716405E-04
1.07352092E-01  8.18445310E-02  9.42049490E-04
1.07650707E-01  8.08238983E-02  9.36903758E-04
1.07949322E-01  8.07513073E-02  9.34994954E-04
1.08247937E-01  8.19312632E-02  9.41055070E-04
1.08546552E-01  7.87511989E-02  9.26292443E-04
1.08845167E-01  7.87127018E-02  9.10902163E-04
1.09143782E-01  7.71723017E-02  9.12594958E-04
1.09442397E-01  7.65495524E-02  8.97606253E-04
1.09741012E-01  7.92707503E-02  9.16256453E-04
1.10039627E-01  7.81662539E-02  9.17004829E-04
1.10338242E-01  7.86576793E-02  9.14129952E-04
1.10636857E-01  7.54480809E-02  8.84325884E-04
1.10935472E-01  7.67411813E-02  8.91195319E-04
1.11234087E-01  7.51403347E-02  8.89998511E-04
1.11532702E-01  7.40771517E-02  8.82997876E-04
1.11831317E-01  7.30559528E-02  8.72189412E-04
1.12129932E-01  7.31585175E-02  8.74474004E-04
1.12428547E-01  7.40008503E-02  8.79157684E-04
1.12727162E-01  7.34963790E-02  8.72487377E-04
1.13025777E-01  7.30606839E-02  8.68908421E-04
1.13324392E-01  7.50653148E-02  8.79416708E-04
1.13623007E-01  7.27372393E-02  8.67642753E-04
1.13921622E-01  7.29516670E-02  8.69582058E-04
1.14220237E-01  7.27977753E-02  8.60202999E-04
1.14518852E-01  7.23129362E-02  8.50387383E-04
1.14817467E-01  7.20414743E-02  8.60875880E-04
1.15116082E-01  7.30834827E-02  8.66426562E-04
1.15414697E-01  7.08202645E-02  8.49075965E-04
1.15713312E-01  7.03302324E-02  8.38036998E-04
1.16011927E-01  7.09298924E-02  8.44702881E-04
1.16310542E-01  7.07343221E-02  8.51109507E-04
1.16609157E-01  7.06375167E-02  8.41101632E-04
1.16907772E-01  7.01515824E-02  8.41300876E-04
1.17206387E-01  6.90146983E-02  8.31080310E-04
1.17505002E-01  6.96269646E-02  8.29598168E-04
1.17803617E-01  7.01145604E-02  8.41704721E-04
1.18102232E-01  7.06922635E-02  8.37137282E-04
1.18400847E-01  6.97950646E-02  8.33021419E-04
1.18699462E-01  7.14115053E-02  8.40775610E-04
1.18998077E-01  7.11861402E-02  8.31634155E-04
1.19296692E-01  7.03848079E-02  8.42705253E-04
1.19595307E-01  7.08696917E-02  8.30377452E-04
1.19893922E-01  7.06160665E-02  8.27121898E-04
1.20192537E-01  7.09411502E-02  8.38615815E-04
1.20491152E-01  7.16524795E-02  8.30812729E-04
1.20789767E-01  6.99123815E-02  8.28308519E-04
1.21088382E-01  6.94279969E-02  8.24249000E-04
1.21386997E-01  7.15180710E-02  8.30035773E-04
1.21685612E-01  7.05997869E-02  8.32373393E-04
1.21984227E-01  7.18475133E-02  8.34308914E-04
1.22282842E-01  7.01720268E-02  8.18725966E-04
1.22581457E-01  7.19059408E-02  8.23032751E-04
1.22880072E-01  7.20695630E-02  8.38585256E-04
1.23178687E-01  7.02164695E-02  8.20138084E-04
1.23477302E-01  7.28196800E-02  8.37561267E-04
1.23775917E-01  7.18543530E-02  8.22173082E-04
1.24074532E-01  7.27139711E-02  8.35186162E-04
1.24373147E-01  7.19360635E-02  8.29540775E-04
1.24671762E-01  7.29442984E-02  8.30684323E-04
1.24970377E-01  7.24288449E-02  8.25456867E-04
1.25268992E-01  7.26799294E-02  8.25748371E-04
1.25567607E-01  7.27019832E-02  8.21924361E-04
1.25866222E-01  7.23791793E-02  8.33266764E-04
1.26164837E-01  7.32714683E-02  8.29104683E-04
1.26463452E-01  7.15781078E-02  8.15549400E-04
1.26762067E-01  7.30773881E-02  8.27438489E-04
1.27060682E-01  7.50725940E-02  8.36362829E-04
1.27359297E-01  7.44085312E-02  8.45169590E-04
1.27657912E-01  7.25261196E-02  8.14848812E-04
1.27956527E-01  7.50860870E-02  8.32749181E-04
1.28255142E-01  7.46803060E-02  8.36468651E-04
1.28553757E-01  7.57399648E-02  8.27722077E-04
1.28852372E-01  7.55091980E-02  8.29771394E-04
1.29150987E-01  7.54911304E-02  8.29673081E-04
1.29449602E-01  7.59682879E-02  8.37348111E-04
1.29748217E-01  7.74787217E-02  8.45060393E-04
1.30046832E-01  7.93980435E-02  8.48606811E-04
1.30345447E-01  7.89507851E-02  8.43971153E-04
1.30644062E-01  7.99842551E-02  8.48355819E-04
1.30942677E-01  7.89442807E-02  8.49010481E-04
1.31241292E-01  8.11855644E-02  8.58110143E-04
1.31539907E-01  8.03575292E-02  8.49215721E-04
1.31838522E-01  7.94294998E-02  8.48216645E-04
1.32137137E-01  8.22549984E-02  8.71020893E-04
1.32435752E-01  8.32897872E-02  8.87973059E-04
1.32734367E-01  8.44753683E-02  8.93032178E-04
1.33032982E-01  8.41082484E-02  9.00493818E-04
1.33331597E-01  8.65669101E-02  9.13561787E-04
1.33630212E-01  8.52369368E-02  9.10389179E-04
1.33928827E-01  8.66565704E-02  9.32006573E-04
1.34227442E-01  8.85159746E-02  9.19252750E-04
1.34526057E-01  9.03206915E-02  9.47338762E-04
1.34824672E-01  9.08906832E-02  9.57327604E-04
1.35123287E-01  9.26281139E-02  9.60767153E-04
1.35421902E-01  9.24566090E-02  9.68410808E-04
1.35720517E-01  9.45941880E-02  9.69495915E-04
1.36019132E-01  9.61395353E-02  9.94943315E-04
1.36317747E-01  9.65805128E-02  9.87574109E-04
1.36616362E-01  9.66944322E-02  9.85242659E-04
1.36914977E-01  9.84992012E-02  1.00556517E-03
1.37213592E-01  1.02472953E-01  1.02719781E-03
1.37512207E-01  1.03591055E-01  1.04308024E-03
1.37810822E-01  1.04779921E-01  1.03869860E-03
1.38109437E-01  1.08466431E-01  1.05681433E-03
1.38408052E-01  1.09945804E-01  1.06803922E-03
1.38706667E-01  1.12587087E-01  1.08326948E-03
1.39005282E-01  1.15295179E-01  1.10814651E-03
1.39303897E-01  1.17989682E-01  1.09892245E-03
1.39602512E-01  1.19794957E-01  1.12868543E-03
1.39901127E-01  1.24988273E-01  1.15109817E-03
1.40199742E-01  1.29095182E-01  1.16443809E-03
1.40498357E-01  1.30593628E-01  1.18355243E-03
1.40796972E-01  1.35559514E-01  1.19003456E-03
1.41095587E-01  1.40741169E-01  1.23013090E-03
1.41394202E-01  1.46760002E-01  1.24830939E-03
1.41692817E-01  1.49504632E-01  1.26785378E-03
1.41991432E-01  1.60074115E-01  1.31190661E-03
1.42290047E-01  1.65424585E-01  1.32428692E-03
1.42588662E-01  1.73641533E-01  1.37507927E-03
1.42887277E-01  1.79367721E-01  1.38982118E-03
1.43185892E-01  1.87198877E-01  1.41537364E-03
1.43484507E-01  2.00382978E-01  1.47600006E-03
1.43783122E-01  2.10983977E-01  1.50201726E-03
1.44081737E-01  2.22205669E-01  1.54630479E-03
1.44380352E-01  2.34461024E-01  1.57537439E-03
1.44678967E-01  2.50738025E-01  1.61110621E-03
1.44977582E-01  2.71931738E-01  1.71127811E-03
1.45276197E-01  2.85389215E-01  1.72738056E-03
1.45574812E-01  3.04952145E-01  1.80650747E-03
1.45873427E-01  3.27477813E-01  1.82877167E-03
1.46172042E-01  3.50844502E-01  1.90651021E-03
1.46470657E-01  3.72359753E-01  1.98765076E-03
1.46769272E-01  3.95923287E-01  2.02529575E-03
1.47067887E-01  4.20549691E-01  2.08259281E-03
1.47366502E-01  4.42957610E-01  2.12692632E-03
1.47665117E-01  4.71302032E-01  2.19721813E-03
1.47963732E-01  4.92839456E-01  2.27262196E-03
1.48262347E-01  5.18271267E-01  2.30584317E-03
1.48560962E-01  5.40777266E-01  2.35893251E-03
1.48859577E-01  5.62137783E-01  2.37305160E-03
1.49158192E-01  5.83067179E-01  2.46719294E-03
1.49456807E-01  5.92178166E-01  2.45740335E-03
1.49755422E-01  6.06675982E-01  2.48082029E-03
1.50054037E-01  6.24734461E-01  2.53354944E-03
1.50352652E-01  6.30537510E-01  2.51329876E-03
1.50651267E-01  6.45949841E-01  2.58010719E-03
1.50949882E-01  6.50468290E-01  2.54897517E-03
1.51248497E-01  6.62845969E-01  2.58545741E-03
1.51547112E-01  6.62882268E-01  2.63067149E-03
1.51845727E-01  6.67965591E-01  2.56432313E-03
1.52144342E-01  6.65511072E-01  2.62286793E-03
1.52442957E-01  6.67639732E-01  2.54902313E-03
1.52741572E-01  6.62709236E-01  2.57664640E-03
1.53040187E-01  6.64050519E-01  2.61603529E-03
1.53338802E-01  6.51103675E-01  2.53818929E-03
1.53637417E-01  6.48600042E-01  2.56419741E-03
1.53936032E-01  6.39379561E-01  2.50887591E-03
1.54234647E-01  6.34322464E-01  2.50436855E-03
1.54533262E-01  6.18342996E-01  2.51116301E-03
1.54831877E-01  6.07522964E-01  2.45446316E-03
1.55130492E-01  5.94717383E-01  2.43200059E-03
1.55429107E-01  5.77579319E-01  2.38370150E-03
1.55727722E-01  5.64464748E-01  2.37978087E-03
1.56026337E-01  5.39899647E-01  2.31384393E-03
1.56324952E-01  5.25828958E-01  2.27605994E-03
1.56623567E-01  5.01155019E-01  2.24733190E-03
1.56922182E-01  4.76390034E-01  2.15941668E-03
1.57220797E-01  4.53230709E-01  2.13481928E-03
1.57519412E-01  4.21329856E-01  2.03299173E-03
1.57818027E-01  4.04112548E-01  1.98959210E-03
1.58116642E-01  3.69281411E-01  1.92771212E-03
1.58415257E-01  3.49083483E-01  1.84917811E-03
1.58713872E-01  3.25812757E-01  1.80340384E-03
1.59012487E-01  2.97565341E-01  1.69876555E-03
1.59311102E-01  2.76228845E-01  1.66173920E-03
1.59609717E-01  2.55673856E-01  1.60165725E-03
1.59908332E-01  2.38680035E-01  1.51178415E-03
1.60206947E-01  2.22438306E-01  1.47400668E-03
1.60505562E-01  2.06546947E-01  1.42038043E-03
1.60804177E-01  1.94661930E-01  1.37743226E-03
1.61102792E-01  1.85720995E-01  1.34591036E-03
1.61401407E-01  1.74981087E-01  1.30130746E-03
1.61700022E-01  1.68155685E-01  1.27387012E-03
1.61998637E-01  1.62874252E-01  1.25637779E-03
1.62297252E-01  1.56597510E-01  1.23766391E-03
1.62595867E-01  1.51831552E-01  1.21781311E-03
1.62894482E-01  1.48534626E-01  1.19094772E-03
1.63193097E-01  1.45011589E-01  1.19400653E-03
1.63491712E-01  1.42208531E-01  1.16287346E-03
1.63790327E-01  1.41805455E-01  1.17946183E-03
1.64088942E-01  1.38665527E-01  1.14670128E-03
1.64387557E-01  1.39578074E-01  1.15937274E-03
1.64686172E-01  1.37693107E-01  1.16517651E-03
1.64984787E-01  1.39557526E-01  1.15199178E-03
1.65283402E-01  1.42083123E-01  1.16973533E-03
1.65582017E-01  1.42509028E-01  1.16168556E-03
1.65880632E-01  1.45034358E-01  1.17684866E-03
1.66179247E-01  1.46195814E-01  1.19118497E-03
1.66477862E-01  1.48547560E-01  1.18399365E-03
1.66776477E-01  1.54735669E-01  1.21899578E-03
1.67075092E-01  1.58199087E-01  1.23517669E-03
1.67373707E-01  1.63054183E-01  1.25001720E-03
1.67672322E-01  1.68012515E-01  1.26799196E-03
1.67970937E-01  1.75614044E-01  1.28425146E-03
1.68269552E-01  1.81971952E-01  1.31777267E-03
1.68568167E-01  1.89080954E-01  1.32984237E-03
1.68866782E-01  1.97001189E-01  1.37739489E-03
1.69165397E-01  2.04580545E-01  1.39286509E-03
1.69464012E-01  2.11670831E-01  1.40801352E-03
1.69762627E-01  2.20401332E-01  1.44622673E-03
1.70061242E-01  2.31931463E-01  1.47844048E-03
1.70359857E-01  2.41038740E-01  1.52467634E-03
1.70658472E-01  2.51847506E-01  1.53059897E-03
1.70957087E-01  2.62168795E-01  1.56754232E-03
1.71255702E-01  2.72117615E-01  1.61657203E-03
1.71554317E-01  2.79799849E-01  1.60241826E-03
1.71852932E-01  2.85345435E-01  1.63875299E-03
1.72151547E-01  2.93971300E-01  1.65763043E-03
1.72450162E-01  3.00996482E-01  1.68136088E-03
1.72748777E-01  3.09448749E-01  1.70893152E-03
1.73047392E-01  3.13303441E-01  1.71186170E-03
1.73346007E-01  3.22942257E-01  1.74098555E-03
1.73644622E-01  3.27065825E-01  1.74368778E-03
1.73943237E-01  3.27885270E-01  1.74646883E-03
1.74241852E-01  3.35286826E-01  1.77701667E-03
1.74540467E-01  3.37871492E-01  1.76149234E-03
1.74839082E-01  3.40290427E-01  1.78961479E-03
1.75137697E-01  3.44671160E-01  1.78394630E-03
1.75436312E-01  3.45066935E-01  1.79656572E-03
1.75734927E-01  3.46885562E-01  1.77946198E-03
1.76033542E-01  3.47161442E-01  1.78555853E-03
1.76332157E-01  3.48506987E-01  1.81612605E-03
1.76630772E-01  3.46600473E-01  1.77933450E-03
1.76929387E-01  3.47445965E-01  1.80897664E-03
1.77228002E-01  3.40196192E-01  1.75578264E-03
1.77526617E-01  3.39027405E-01  1.76571973E-03
1.77825232E-01  3.36098939E-01  1.76403765E-03
1.78123847E-01  3.31308484E-01  1.74433284E-03
1.78422462E-01  3.33440185E-01  1.74993835E-03
1.78721077E-01  3.27841878E-01  1.73988147E-03
1.79019692E-01  3.19268554E-01  1.71756535E-03
1.79318307E-01  3.14326614E-01  1.70480076E-03
1.79616922E-01  3.08960825E-01  1.66498241E-03
1.79915537E-01  2.99914032E-01  1.66244770E-03
1.80214152E-01  2.95208097E-01  1.63505657E-03
1.80512767E-01  2.81573981E-01  1.61300204E-03
1.80811382E-01  2.73182571E-01  1.58449938E-03
1.81109997E-01  2.63316751E-01  1.54115586E-03
1.81408612E-01  2.54650474E-01  1.53084798E-03
1.81707227E-01  2.42501080E-01  1.48539047E-03
1.82005842E-01  2.31920332E-01  1.45262631E-03
1.82304457E-01  2.20539808E-01  1.40857475E-03
1.82603072E-01  2.11204961E-01  1.38439261E-03
1.82901687E-01  1.97311044E-01  1.34753180E-03
1.83200302E-01  1.83170274E-01  1.28668128E-03
1.83498917E-01  1.73386410E-01  1.24690030E-03
1.83797532E-01  1.64614081E-01  1.21295801E-03
1.84096147E-01  1.53378844E-01  1.18172669E-03
1.84394762E-01  1.42190695E-01  1.13971590E-03
1.84693377E-01  1.37092903E-01  1.11131242E-03
1.84991992E-01  1.29835188E-01  1.08725810E-03
1.85290607E-01  1.23426430E-01  1.04655058E-03
1.85589222E-01  1.18097998E-01  1.03111879E-03
1.85887837E-01  1.11959592E-01  1.00099680E-03
1.86186452E-01  1.04941972E-01  9.67217376E-04
1.86485067E-01  1.00078531E-01  9.49518522E-04
1.86783682E-01  9.77142528E-02  9.35460906E-04
1.87082297E-01  9.30549130E-02  9.16808262E-04
1.87380912E-01  9.10008326E-02  9.00689338E-04
1.87679527E-01  8.82358178E-02  8.79460713E-04
1.87978142E-01  8.51975679E-02  8.74937919E-04
1.88276757E-01  8.27138871E-02  8.60111089E-04
1.88575372E-01  8.17926675E-02  8.57844425E-04
1.88873987E-01  7.88256451E-02  8.36914813E-04
1.89172602E-01  7.69342333E-02  8.22273607E-04
1.89471217E-01  7.59864971E-02  8.23317969E-04
1.89769832E-01  7.35347047E-02  8.12054961E-04
1.90068447E-01  7.24785179E-02  7.94789405E-04
1.90367062E-01  7.23375529E-02  8.01478047E-04
1.90665677E-01  6.95521459E-02  7.84112432E-04
1.90964292E-01  6.82527050E-02  7.75248627E-04
1.91262907E-01  6.84576258E-02  7.79691560E-04
1.91561522E-01  6.70138672E-02  7.61816395E-04
1.91860137E-01  6.57804012E-02  7.65043544E-04
1.92158752E-01  6.59729317E-02  7.62196432E-04
1.92457367E-01  6.40957206E-02  7.52247463E-04
1.92755982E-01  6.20815307E-02  7.37239665E-04
1.93054597E-01  6.29504994E-02  7.42859615E-04
1.93353212E-01  6.27612099E-02  7.37958704E-04
1.93651827E-01  6.08898588E-02  7.34626490E-04
1.93950442E-01  6.07595593E-02  7.29821564E-04
1.94249057E-01  5.95323332E-02  7.17361167E-04
1.94547672E-01  5.94688579E-02  7.22495199E-04
1.94846287E-01  5.73691279E-02  7.08260864E-04
1.95144902E-01  5.80721125E-02  7.16502953E-04
1.95443517E-01  5.68926223E-02  6.94277231E-04
1.95742132E-01  5.70453890E-02  7.04908976E-04
1.96040747E-01  5.62244467E-02  7.01164186E-04
1.96339362E-01  5.60301095E-02  7.01528217E-04
1.96637977E-01  5.55193424E-02  6.91457477E-04
1.96936592E-01  5.52551933E-02  6.91122026E-04
1.97235207E-01  5.42243272E-02  6.87044754E-04
1.97533822E-01  5.41320667E-02  6.83847757E-04
1.97832437E-01  5.57031371E-02  6.95908733E-04
1.98131052E-01  5.33258654E-02  6.77239150E-04
1.98429667E-01  5.39182946E-02  6.81636855E-04
1.98728282E-01  5.35935089E-02  6.81738718E-04
1.99026897E-01  5.34346290E-02  6.76441879E-04
1.99325512E-01  5.23332693E-02  6.71546732E-04
1.99624127E-01  5.37127741E-02  6.80126541E-04
1.99922742E-01  5.16571067E-02  6.65726373E-04
2.00221357E-01  5.15198521E-02  6.68638037E-04
2.00519972E-01  5.19294925E-02  6.64562220E-04
2.00818587E-01  4.98293713E-02  6.50378759E-04
2.01117202E-01  4.99008372E-02  6.57216064E-04
2.01415817E-01  5.01295961E-02  6.52134535E-04
2.01714432E-01  5.07987663E-02  6.59557409E-04
2.02013047E-01  5.00819571E-02  6.52232673E-04
2.02311662E-01  4.93347608E-02  6.49986090E-04
2.02610277E-01  4.98765744E-02  6.55193988E-04
2.02908892E-01  4.91612703E-02  6.43414794E-04
2.03207507E-01  4.88205962E-02  6.43770967E-04
2.03506122E-01  4.84069958E-02  6.40044454E-04
2.03804737E-01  4.90654893E-02  6.44984713E-04
2.04103352E-01  4.73163985E-02  6.35362754E-04
2.04401967E-01  4.75133806E-02  6.35890174E-04
2.04700582E-01  4.82201725E-02  6.35080971E-04
2.04999197E-01  4.82103527E-02  6.36776793E-04
2.05297812E-01  4.87125851E-02  6.46291999E-04
2.05596427E-01  4.73220497E-02  6.31859933E-04
2.05895042E-01  4.65570129E-02  6.28288893E-04
2.06193657E-01  4.58904095E-02  6.19744649E-04
2.06492272E-01  4.56613488E-02  6.17440033E-04
2.06790887E-01  4.66048121E-02  6.30774652E-04
2.07089502E-01  4.64194082E-02  6.19145576E-04
2.07388117E-01  4.55883667E-02  6.21531159E-04
2.07686732E-01  4.52317819E-02  6.16612320E-04
2.07985347E-01  4.73153405E-02  6.28529058E-04
2.08283962E-01  4.59289663E-02  6.20775099E-04
2.08582577E-01  4.51892428E-02  6.11447555E-04
2.08881192E-01  4.54205610E-02  6.15818950E-04
2.09179807E-01  4.38949689E-02  6.08187576E-04
2.09478422E-01  4.45165597E-02  6.05233479E-04
2.09777037E-01  4.47514504E-02  6.13148673E-04
2.10075652E-01  4.45563681E-02  6.06054848E-04
2.10374267E-01  4.49022613E-02  6.16082922E-04
2.10672882E-01  4.52644080E-02  6.16656092E-04
2.10971497E-01  4.47998494E-02  6.03532593E-04
2.11270112E-01  4.43930402E-02  6.10130781E-04
2.11568727E-01  4.47001569E-02  6.05940237E-04
2.11867342E-01  4.51403148E-02  6.14680408E-04
2.12165957E-01  4.35783640E-02  5.98651357E-04
2.12464572E-01  4.42304760E-02  6.02570421E-04
2.12763187E-01  4.49921414E-02  6.10684277E-04
2.13061802E-01  4.35369983E-02  6.00182102E-04
2.13360417E-01  4.45814133E-02  6.09561510E-04
2.13659032E-01  4.24406603E-02  5.88489464E-04
2.13957647E-01  4.44893651E-02  6.03249122E-04
2.14256262E-01  4.20373827E-02  5.89045521E-04
2.14554877E-01  4.30274233E-02  5.92369877E-04
2.14853492E-01  4.36800756E-02  5.97740582E-04
2.15152107E-01  4.33880575E-02  5.95027290E-04
2.15450722E-01  4.21473645E-02  5.92333730E-04
2.15749337E-01  4.30419482E-02  5.94431767E-04
2.16047952E-01  4.36643697E-02  5.96743892E-04
2.16346567E-01  4.37331274E-02  5.97572012E-04
2.16645182E-01  4.36049253E-02  5.93332923E-04
2.16943797E-01  4.31523956E-02  5.93415927E-04
2.17242412E-01  4.41579334E-02  6.04279805E-04
2.17541027E-01  4.41138186E-02  5.94506389E-04
2.17839642E-01  4.39257137E-02  6.03423046E-04
2.18138257E-01  4.39832322E-02  5.92585129E-04
2.18436872E-01  4.42264862E-02  6.00402593E-04
2.18735487E-01  4.55007218E-02  6.05922716E-04
2.19034102E-01  4.42056619E-02  5.97592094E-04
2.19332717E-01  4.43636067E-02  6.02597313E-04
2.19631332E-01  4.47329469E-02  6.02576649E-04
2.19929947E-01  4.47925702E-02  6.00661151E-04
2.20228562E-01  4.44157310E-02  5.96197729E-04
2.20527177E-01  4.47199605E-02  6.01420354E-04
2.20825792E-01  4.44291532E-02  6.00174768E-04
2.21124407E-01  4.47310694E-02  6.00430591E-04
2.21423022E-01  4.62277085E-02  6.09315175E-04
2.21721637E-01  4.64941151E-02  6.09814597E-04
2.22020252E-01  4.57396396E-02  6.04670495E-04
2.22318867E-01  4.69038785E-02  6.16303238E-04
2.22617482E-01  4.53339033E-02  5.98835992E-04
2.22916097E-01  4.63648066E-02  6.13847689E-04
2.23214712E-01  4.72174287E-02  6.13109965E-04
2.23513327E-01  4.77791466E-02  6.20927429E-04
2.23811942E-01  4.83895652E-02  6.21401239E-04
2.24110557E-01  4.79493104E-02  6.16052537E-04
2.24409172E-01  4.80970629E-02  6.21708052E-04
2.24707787E-01  4.82287742E-02  6.16597128E-04
2.25006402E-01  4.92649004E-02  6.30514056E-04
2.25305017E-01  4.93597686E-02  6.19860890E-04
2.25603632E-01  4.93409745E-02  6.28407230E-04
2.25902247E-01  5.10456041E-02  6.39922509E-04
2.26200862E-01  5.06088659E-02  6.33651274E-04
2.26499477E-01  5.02741858E-02  6.29362243E-04
2.26798092E-01  5.04416749E-02  6.33897493E-04
2.27096707E-01  5.01918122E-02  6.31405972E-04
2.27395322E-01  5.24395443E-02  6.47846260E-04
2.27693937E-01  5.10326587E-02  6.31188334E-04
2.27992552E-01  5.00493050E-02  6.27235509E-04
2.28291167E-01  5.08477502E-02  6.31856325E-04
2.28589782E-01  5.12735546E-02  6.39671285E-04
2.28888397E-01  4.97673638E-02  6.28007518E-04
2.29187012E-01  5.12657873E-02  6.32092590E-04
2.29485627E-01  5.13118282E-02  6.34738302E-04
2.29784242E-01  5.14559597E-02  6.38576574E-04
2.30082857E-01  5.04103899E-02  6.27877482E-04
2.30381472E-01  4.96094152E-02  6.21625048E-04
2.30680087E-01  5.07818237E-02  6.30550436E-04
2.30978702E-01  4.98268344E-02  6.24594570E-04
2.31277317E-01  4.88743857E-02  6.19308441E-04
2.31575932E-01  4.99680527E-02  6.26020599E-04
2.31874547E-01  4.80153561E-02  6.08961331E-04
2.32173162E-01  4.76475731E-02  6.09565235E-04
2.32471777E-01  4.79017608E-02  6.12416305E-04
2.32770392E-01  4.81265299E-02  6.11750467E-04
2.33069007E-01  4.67437319E-02  6.02555869E-04
2.33367622E-01  4.76188362E-02  6.05933776E-04
2.33666237E-01  4.71145399E-02  6.07891590E-04
2.33964852E-01  4.65029404E-02  5.99302526E-04
2.34263467E-01  4.56381030E-02  5.93704870E-04
2.34562082E-01  4.60970663E-02  5.98209328E-04
2.34860697E-01  4.45633307E-02  5.87173447E-04
2.35159312E-01  4.45252210E-02  5.87590097E-04
2.35457927E-01  4.51852530E-02  5.88761060E-04
2.35756542E-01  4.28003184E-02  5.70772390E-04
2.36055157E-01  4.41016592E-02  5.84294496E-04
2.36353772E-01  4.25817706E-02  5.73651225E-04
2.36652387E-01  4.23810259E-02  5.75402286E-04
2.36951002E-01  4.21714671E-02  5.63590263E-04
2.37249617E-01  4.21097577E-02  5.72088524E-04
2.37548232E-01  4.09440994E-02  5.61563473E-04
2.37846847E-01  4.13420871E-02  5.62386296E-04
2.38145462E-01  4.10284549E-02  5.59779757E-04
2.38444077E-01  4.03341800E-02  5.51334524E-04
2.38742692E-01  3.97061631E-02  5.56161103E-04
2.39041307E-01  3.89252566E-02  5.45704970E-04
2.39339922E-01  3.82093638E-02  5.39607077E-04
2.39638537E-01  3.90980393E-02  5.46304975E-04
2.39937152E-01  3.82962488E-02  5.39169880E-04
2.40235767E-01  3.68118323E-02  5.32332051E-04
2.40534382E-01  3.79060507E-02  5.36716951E-04
2.40832997E-01  3.78364697E-02  5.35034982E-04
2.41131612E-01  3.58078331E-02  5.23258117E-04
2.41430227E-01  3.60508375E-02  5.20674570E-04
2.41728842E-01  3.59902866E-02  5.25475654E-04
2.42027457E-01  3.53735872E-02  5.14066312E-04
2.42326072E-01  3.53307053E-02  5.15735534E-04
2.42624687E-01  3.44946533E-02  5.14444604E-04
2.42923302E-01  3.46459039E-02  5.12555998E-04
2.43221917E-01  3.51275466E-02  5.11301216E-04
2.43520532E-01  3.45469452E-02  5.09145611E-04
2.43819147E-01  3.45590673E-02  5.09656500E-04
2.44117762E-01  3.42560560E-02  5.09810168E-04
2.44416377E-01  3.44970711E-02  5.12886094E-04
2.44714992E-01  3.40196081E-02  5.02630835E-04
2.45013607E-01  3.38962302E-02  5.06987970E-04
2.45312222E-01  3.30375992E-02  4.97495523E-04
2.45610837E-01  3.35775800E-02  5.03066694E-04
2.45909452E-01  3.32747549E-02  4.95755405E-04
2.46208067E-01  3.44696902E-02  5.08725760E-04
2.46506682E-01  3.40048596E-02  5.04177005E-04
2.46805297E-01  3.33536267E-02  5.03339921E-04
2.47103912E-01  3.33359838E-02  4.96888300E-04
2.47402527E-01  3.38323601E-02  5.00575115E-04
2.47701142E-01  3.35891061E-02  5.01777220E-04
2.47999757E-01  3.31747942E-02  4.98263806E-04
2.48298372E-01  3.35613340E-02  5.04069438E-04
2.48596987E-01  3.27153020E-02  4.88288119E-04
2.48895602E-01  3.37893926E-02  4.99720627E-04
2.49194217E-01  3.45887206E-02  5.06146345E-04
2.49492832E-01  3.41482647E-02  5.03872230E-04
2.49791447E-01  3.36666144E-02  5.01537987E-04
2.50090062E-01  3.34997550E-02  4.96906519E-04
2.50388677E-01  3.49113569E-02  5.10867510E-04
2.50687292E-01  3.37442867E-02  5.00478607E-04
2.50985907E-01  3.54624279E-02  5.10158367E-04
2.51284522E-01  3.57654020E-02  5.15531457E-04
2.51583137E-01  3.59944850E-02  5.13421663E-04
2.51881752E-01  3.42527479E-02  5.03010291E-04
2.52180367E-01  3.48438472E-02  5.07333083E-04
2.52478982E-01  3.53708081E-02  5.09367674E-04
2.52777597E-01  3.63880768E-02  5.17616048E-04
2.53076212E-01  3.65404822E-02  5.18839981E-04
2.53374827E-01  3.74777317E-02  5.27019671E-04
2.53673442E-01  3.62371653E-02  5.11601917E-04
2.53972057E-01  3.75117064E-02  5.24703355E-04
2.54270672E-01  3.81592475E-02  5.29071782E-04
2.54569287E-01  3.82669084E-02  5.32255450E-04
2.54867902E-01  3.84630226E-02  5.30890713E-04
2.55166517E-01  3.84948850E-02  5.27723460E-04
2.55465132E-01  3.95355076E-02  5.37810964E-04
2.55763747E-01  3.87493297E-02  5.32866572E-04
2.56062362E-01  4.11089770E-02  5.48705284E-04
2.56360977E-01  4.08035964E-02  5.43035218E-04
2.56659592E-01  3.99634726E-02  5.36000123E-04
2.56958207E-01  4.08753455E-02  5.46561496E-04
2.57256822E-01  4.10360582E-02  5.46758762E-04
2.57555437E-01  4.14179116E-02  5.46678843E-04
2.57854052E-01  4.05865386E-02  5.42457274E-04
2.58152667E-01  4.20807786E-02  5.54270518E-04
2.58451282E-01  4.19866107E-02  5.53799327E-04
2.58749897E-01  4.32226770E-02  5.56704879E-04
2.59048512E-01  4.20515351E-02  5.50269498E-04
2.59347127E-01  4.27339152E-02  5.54425118E-04
2.59645742E-01  4.28465344E-02  5.57956228E-04
2.59944357E-01  4.32172343E-02  5.61262830E-04
2.60242972E-01  4.30259407E-02  5.52979647E-04
2.60541587E-01  4.20365892E-02  5.51634643E-04
2.60840202E-01  4.39177044E-02  5.62354689E-04
2.61138817E-01  4.28125337E-02  5.56852843E-04
2.61437432E-01  4.17138450E-02  5.47776814E-04
2.61736047E-01  4.18000147E-02  5.45904273E-04
2.62034662E-01  4.30892818E-02  5.56883868E-04
2.62333277E-01  4.27349471E-02  5.54298575E-04
2.62631892E-01  4.27574515E-02  5.51261823E-04
2.62930507E-01  4.26101163E-02  5.50599187E-04
2.63229122E-01  4.40302417E-02  5.60724176E-04
2.63527737E-01  4.29413430E-02  5.57257037E-04
2.63826352E-01  4.33694869E-02  5.55198407E-04
2.64124967E-01  4.23462167E-02  5.48610813E-04
2.64423582E-01  4.20496017E-02  5.47114701E-04
2.64722197E-01  4.21896800E-02  5.45896066E-04
2.65020812E-01  4.22433428E-02  5.51694073E-04
2.65319427E-01  4.16626595E-02  5.40663314E-04
2.65618042E-01  4.17778678E-02  5.47063246E-04
2.65916657E-01  4.08263691E-02  5.38683322E-04
2.66215272E-01  4.13231589E-02  5.41248242E-04
2.66513887E-01  4.17854376E-02  5.44692914E-04
2.66812502E-01  4.09549810E-02  5.35920437E-04
2.67111117E-01  4.09550816E-02  5.39536879E-04
2.67409732E-01  4.04886231E-02  5.35066007E-04
2.67708347E-01  3.94730270E-02  5.29136625E-04
2.68006962E-01  4.02627327E-02  5.33573795E-04
2.68305577E-01  3.93334329E-02  5.25615120E-04
2.68604192E-01  3.90780903E-02  5.25260228E-04
2.68902807E-01  3.87310348E-02  5.22249204E-04
2.69201422E-01  3.86680253E-02  5.19420078E-04
2.69500037E-01  3.95778865E-02  5.27658209E-04
2.69798652E-01  3.83215584E-02  5.18949877E-04
2.70097267E-01  3.79170962E-02  5.19558555E-04
2.70395882E-01  3.83548737E-02  5.14564046E-04
2.70694497E-01  3.86969112E-02  5.21220732E-04
2.70993112E-01  3.71529013E-02  5.11639286E-04
2.71291727E-01  3.61740701E-02  5.04465308E-04
2.71590342E-01  3.56897861E-02  5.02374140E-04
2.71888957E-01  3.64503711E-02  5.01252129E-04
2.72187572E-01  3.53862755E-02  4.96774854E-04
2.72486187E-01  3.56335938E-02  4.99019050E-04
2.72784802E-01  3.44540216E-02  4.91698796E-04
2.73083417E-01  3.41521688E-02  4.84586373E-04
2.73382032E-01  3.41072790E-02  4.87097743E-04
2.73680647E-01  3.32435928E-02  4.83112148E-04
2.73979262E-01  3.20947468E-02  4.72390413E-04
2.74277877E-01  3.28700691E-02  4.76127869E-04
2.74576492E-01  3.28110307E-02  4.76423622E-04
2.74875107E-01  3.21627334E-02  4.73134889E-04
2.75173722E-01  3.15005630E-02  4.68957820E-04
2.75472337E-01  3.21937762E-02  4.68846934E-04
2.75770952E-01  3.03117838E-02  4.59322182E-04
2.76069567E-01  3.09632234E-02  4.59686533E-04
2.76368182E-01  2.97938455E-02  4.57016722E-04
2.76666797E-01  2.99613010E-02  4.57011833E-04
2.76965412E-01  2.97997463E-02  4.50632826E-04
2.77264027E-01  2.92021874E-02  4.49583749E-04
2.77562642E-01  3.05159893E-02  4.55564004E-04
2.77861257E-01  2.94900741E-02  4.53639776E-04
2.78159872E-01  2.98256278E-02  4.50047577E-04
2.78458487E-01  2.86883675E-02  4.43040452E-04
2.78757102E-01  2.81047523E-02  4.41732671E-04
2.79055717E-01  2.88635828E-02  4.44951176E-04
2.79354332E-01  2.86641289E-02  4.43300931E-04
2.79652947E-01  2.83494219E-02  4.40972479E-04
2.79951562E-01  2.82247141E-02  4.36400878E-04
2.80250177E-01  2.81099621E-02  4.41106822E-04
2.80548792E-01  2.80522928E-02  4.37889656E-04
2.80847407E-01  2.76805703E-02  4.33356152E-04
2.81146022E-01  2.80533116E-02  4.38119139E-04
2.81444637E-01  2.79746503E-02  4.38605610E-04
2.81743252E-01  2.82078311E-02  4.38557909E-04
2.82041867E-01  2.67786458E-02  4.23619407E-04
2.82340482E-01  2.78393924E-02  4.35469177E-04
2.82639097E-01  2.71991119E-02  4.30648273E-04
2.82937712E-01  2.71317046E-02  4.29365755E-04
2.83236327E-01  2.69419551E-02  4.27650084E-04
2.83534942E-01  2.77926512E-02  4.32207424E-04
2.83833557E-01  2.70028524E-02  4.28454834E-04
2.84132172E-01  2.65027452E-02  4.23732155E-04
2.84430787E-01  2.67270859E-02  4.27756575E-04
2.84729402E-01  2.69686915E-02  4.24401311E-04
2.85028017E-01  2.74581145E-02  4.30877873E-04
2.85326632E-01  2.75765471E-02  4.34613263E-04
2.85625247E-01  2.73561999E-02  4.25987091E-04
2.85923862E-01  2.73772422E-02  4.29714652E-04
2.86222477E-01  2.70541459E-02  4.26751270E-04
2.86521092E-01  2.71619111E-02  4.27706866E-04
2.86819707E-01  2.70915870E-02  4.30133572E-04
2.87118322E-01  2.72640474E-02  4.25171136E-04
2.87416937E-01  2.71566194E-02  4.26304265E-04
2.87715552E-01  2.74841823E-02  4.28239699E-04
2.88014167E-01  2.72227973E-02  4.29144711E-04
2.88312782E-01  2.83086859E-02  4.36864531E-04
2.88611397E-01  2.76668333E-02  4.26857674E-04
2.88910012E-01  2.71558017E-02  4.28301515E-04
2.89208627E-01  2.74049807E-02  4.28046100E-04
2.89507242E-01  2.65104081E-02  4.20694152E-04
2.89805857E-01  2.71128938E-02  4.23897785E-04
2.90104472E-01  2.71532796E-02  4.23598336E-04
2.90403087E-01  2.77440026E-02  4.32813744E-04
2.90701702E-01  2.66540758E-02  4.20912140E-04
2.91000317E-01  2.72394139E-02  4.24786995E-04
2.91298932E-01  2.72658207E-02  4.25924460E-04
2.91597547E-01  2.74259560E-02  4.27800085E-04
2.91896162E-01  2.76791435E-02  4.29456733E-04
2.92194777E-01  2.69756615E-02  4.22320358E-04
2.92493392E-01  2.77104583E-02  4.28449654E-04
2.92792007E-01  2.83424165E-02  4.33835085E-04
2.93090622E-01  2.85472311E-02  4.35189431E-04
2.93389237E-01  2.77508460E-02  4.28869098E-04
2.93687852E-01  2.84835715E-02  4.31470224E-04
2.93986467E-01  2.79171225E-02  4.30258660E-04
2.94285082E-01  2.82132011E-02  4.30347369E-04
2.94583697E-01  2.86000073E-02  4.36552305E-04
2.94882312E-01  2.80573666E-02  4.29572508E-04
2.95180927E-01  2.78987307E-02  4.25600156E-04
2.95479542E-01  2.91591845E-02  4.39092575E-04
2.95778157E-01  2.78526396E-02  4.27491526E-04
2.96076772E-01  2.93056946E-02  4.38818155E-04
2.96375387E-01  2.84882616E-02  4.32136614E-04
2.96674002E-01  2.93386355E-02  4.38329706E-04
2.96972617E-01  2.87747495E-02  4.36934992E-04
2.97271232E-01  2.93341726E-02  4.41377459E-04
2.97569847E-01  2.87246983E-02  4.36981791E-04
2.97868462E-01  2.99902037E-02  4.47814527E-04
2.98167077E-01  2.99221966E-02  4.49513347E-04
2.98465692E-01  2.98591610E-02  4.51841392E-04
2.98764307E-01  2.97148507E-02  4.46852471E-04
2.99062922E-01  2.95134746E-02  4.48100647E-04
2.99361537E-01  2.93704048E-02  4.48468491E-04
2.99660152E-01  2.98588108E-02  4.52978507E-04
2.99958767E-01  3.02536227E-02  4.56194219E-04
3.00257382E-01  3.02424338E-02  4.57379472E-04
3.00555997E-01  3.02465521E-02  4.57180402E-04
3.00854612E-01  3.17328833E-02  4.67570993E-04
3.01153227E-01  3.03535387E-02  4.60325013E-04
3.01451842E-01  2.97104362E-02  4.53343557E-04
3.01750457E-01  3.05873752E-02  4.65318240E-04
3.02049072E-01  2.96337865E-02  4.54722031E-04
3.02347687E-01  3.12879793E-02  4.76583373E-04
3.02646302E-01  3.10174003E-02  4.80557937E-04
3.02944917E-01  3.04723382E-02  4.76188405E-04
3.03243532E-01  3.16290669E-02  4.94385255E-04
3.03542147E-01  3.07599418E-02  4.88376070E-04
3.03840762E-01  3.10737658E-02  4.90584061E-04
3.04139377E-01  3.09892613E-02  4.96288936E-04
3.04437992E-01  3.15178744E-02  4.96052380E-04
3.04736607E-01  3.14469375E-02  5.03618561E-04
3.05035222E-01  3.11896689E-02  4.97461238E-04
3.05333837E-01  3.16764005E-02  5.04711061E-04
3.05632452E-01  3.19020860E-02  5.10580488E-04
3.05931067E-01  3.18157524E-02  5.07317949E-04
3.06229682E-01  3.24096419E-02  5.17578039E-04
3.06528297E-01  3.24024744E-02  5.12584462E-04
3.06826912E-01  3.22799161E-02  5.17955923E-04
3.07125527E-01  3.17865089E-02  5.15238615E-04
3.07424142E-01  3.17424759E-02  5.14254789E-04
3.07722757E-01  3.18984389E-02  5.19653608E-04
3.08021372E-01  3.21814306E-02  5.17643290E-04
3.08319987E-01  3.19201276E-02  5.11656166E-04
3.08618602E-01  3.16863358E-02  5.04805299E-04
3.08917217E-01  3.21657285E-02  5.01001952E-04
3.09215832E-01  3.30997668E-02  5.12635859E-04
3.09514447E-01  3.28211784E-02  5.02508890E-04
3.09813062E-01  3.29235010E-02  5.04430325E-04
3.10111677E-01  3.31722051E-02  5.04057738E-04
3.10410292E-01  3.24309357E-02  4.92226041E-04
3.10708907E-01  3.30485962E-02  5.01716277E-04
3.11007522E-01  3.24388854E-02  4.90149891E-04
3.11306137E-01  3.19241099E-02  4.92423889E-04
3.11604752E-01  3.25959325E-02  4.91737563E-04
3.11903367E-01  3.33249234E-02  4.96668275E-04
3.12201982E-01  3.20567563E-02  4.86995792E-04
3.12500597E-01  3.28577608E-02  4.88567632E-04
3.12799212E-01  3.33346725E-02  4.96207736E-04
3.13097827E-01  3.28510068E-02  4.89170663E-04
3.13396442E-01  3.18049230E-02  4.80680465E-04
3.13695057E-01  3.27020735E-02  4.89894650E-04
3.13993672E-01  3.23215127E-02  4.82142175E-04
3.14292287E-01  3.27385329E-02  4.86525969E-04
3.14590902E-01  3.20245214E-02  4.79798386E-04
3.14889517E-01  3.23194265E-02  4.82003845E-04
3.15188132E-01  3.28725576E-02  4.88949823E-04
3.15486747E-01  3.20890509E-02  4.76663525E-04
3.15785362E-01  3.22331563E-02  4.80984745E-04
3.16083977E-01  3.25415507E-02  4.79642622E-04
3.16382592E-01  3.17841657E-02  4.76625457E-04
3.16681207E-01  3.08383014E-02  4.67407954E-04
3.16979822E-01  3.24731506E-02  4.78894595E-04
3.17278437E-01  3.22094783E-02  4.78558009E-04
3.17577052E-01  3.14091779E-02  4.71108244E-04
3.17875667E-01  3.16986032E-02  4.79896436E-04
3.18174282E-01  3.13722119E-02  4.81794908E-04
3.18472897E-01  3.14209014E-02  4.89104190E-04
3.18771512E-01  3.20013613E-02  4.91688959E-04
3.19070127E-01  3.14380489E-02  4.91159561E-04
3.19368742E-01  3.09916530E-02  4.88072663E-04
3.19667357E-01  3.19758430E-02  4.96182067E-04
3.19965972E-01  3.06589995E-02  4.86957608E-04
3.20264587E-01  3.04944366E-02  4.87864163E-04
3.20563202E-01  3.15800495E-02  4.96048946E-04
3.20861817E-01  3.12060919E-02  4.94091481E-04
3.21160432E-01  3.10965236E-02  4.91679239E-04
3.21459047E-01  3.07170767E-02  4.93323721E-04
3.21757662E-01  3.03538982E-02  4.87302459E-04
3.22056277E-01  3.00146043E-02  4.84295568E-04
3.22354892E-01  3.04988418E-02  4.92429477E-04
3.22653507E-01  3.04867942E-02  4.90765902E-04
3.22952122E-01  3.07918228E-02  4.97549190E-04
3.23250737E-01  3.00591402E-02  4.82321862E-04
3.23549352E-01  3.02859489E-02  4.90143488E-04
3.23847967E-01  3.04659102E-02  4.93897533E-04
3.24146582E-01  2.96597891E-02  4.85899713E-04
3.24445197E-01  3.00372392E-02  4.89268161E-04
3.24743812E-01  2.88843717E-02  4.78951202E-04
3.25042427E-01  2.97450013E-02  4.91200190E-04
3.25341042E-01  2.98888758E-02  4.86786914E-04
3.25639657E-01  3.00938580E-02  4.91168757E-04
3.25938272E-01  2.98588350E-02  4.90544888E-04
3.26236887E-01  2.97322180E-02  4.85654600E-04
3.26535502E-01  2.95438692E-02  4.91443148E-04
3.26834117E-01  2.82880142E-02  4.75512759E-04
3.27132732E-01  3.00335381E-02  4.92419233E-04
3.27431347E-01  2.87056137E-02  4.82123956E-04
3.27729962E-01  3.02009732E-02  4.92196414E-04
3.28028577E-01  2.89776996E-02  4.89952508E-04
3.28327192E-01  3.00697926E-02  4.87283804E-04
3.28625807E-01  2.84312833E-02  4.81678639E-04
3.28924422E-01  2.84871981E-02  4.81865864E-04
3.29223037E-01  2.97388621E-02  4.90297214E-04
3.29521652E-01  2.81174853E-02  4.77735535E-04
3.29820267E-01  2.86521353E-02  4.80548450E-04
3.30118882E-01  2.87969541E-02  4.87105426E-04
3.30417497E-01  2.81375330E-02  4.78906382E-04
3.30716112E-01  2.83618793E-02  4.77971480E-04
3.31014727E-01  2.84626801E-02  4.79670241E-04
3.31313342E-01  2.91773397E-02  4.83942189E-04
3.31611957E-01  2.75033712E-02  4.74902452E-04
3.31910572E-01  2.77841389E-02  4.73922322E-04
3.32209187E-01  2.79566739E-02  4.73298394E-04
3.32507802E-01  2.78971363E-02  4.78150760E-04
3.32806417E-01  2.80023627E-02  4.72718908E-04
3.33105032E-01  2.73076613E-02  4.71101928E-04
3.33403647E-01  2.76933163E-02  4.71345731E-04
3.33702262E-01  2.73244288E-02  4.68472339E-04
3.34000877E-01  2.76294649E-02  4.70804807E-04
3.34299492E-01  2.74134893E-02  4.70483530E-04
3.34598107E-01  2.72358190E-02  4.69373859E-04
3.34896722E-01  2.68412866E-02  4.61479416E-04
3.35195337E-01  2.79945619E-02  4.72250918E-04
3.35493952E-01  2.77364329E-02  4.72833548E-04
3.35792567E-01  2.66532842E-02  4.61879419E-04
3.36091182E-01  2.62660999E-02  4.59186325E-04
3.36389797E-01  2.64220946E-02  4.57735674E-04
3.36688412E-01  2.66352687E-02  4.62540542E-04
3.36987027E-01  2.69058812E-02  4.62043972E-04
3.37285642E-01  2.66464800E-02  4.61692194E-04
3.37584257E-01  2.74789967E-02  4.69537801E-04
3.37882872E-01  2.67148372E-02  4.60806157E-04
3.38181487E-01  2.59974077E-02  4.56305570E-04
3.38480102E-01  2.75995806E-02  4.63155855E-04
3.38778717E-01  2.66804416E-02  4.61588264E-04
3.39077332E-01  2.58146636E-02  4.52193461E-04
3.39375947E-01  2.58869510E-02  4.52696404E-04
3.39674562E-01  2.63414141E-02  4.59590869E-04
3.39973177E-01  2.75009740E-02  4.64718527E-04
3.40271792E-01  2.63885483E-02  4.58394352E-04
3.40570407E-01  2.69792303E-02  4.62689961E-04
3.40869022E-01  2.66384427E-02  4.57114482E-04
3.41167637E-01  2.51974240E-02  4.45989572E-04
3.41466252E-01  2.66505908E-02  4.55915491E-04
3.41764867E-01  2.67855395E-02  4.62645577E-04
3.42063482E-01  2.61571780E-02  4.53623012E-04
3.42362097E-01  2.66759992E-02  4.55617410E-04
3.42660712E-01  2.68777553E-02  4.61560994E-04
3.42959327E-01  2.64837388E-02  4.53459419E-04
3.43257942E-01  2.55306102E-02  4.49848041E-04
3.43556557E-01  2.62839217E-02  4.53036395E-04
3.43855172E-01  2.67678909E-02  4.57320275E-04
3.44153787E-01  2.65345853E-02  4.55064379E-04
3.44452402E-01  2.66222470E-02  4.55297384E-04
3.44751017E-01  2.56579258E-02  4.47870290E-04
3.45049632E-01  2.60890573E-02  4.47292114E-04
3.45348247E-01  2.61038579E-02  4.51748259E-04
3.45646862E-01  2.62153558E-02  4.50784457E-04
3.45945477E-01  2.62763109E-02  4.51565691E-04
3.46244092E-01  2.62559280E-02  4.46106395E-04
3.46542707E-01  2.60796491E-02  4.44977835E-04
3.46841322E-01  2.65157484E-02  4.51958389E-04
3.47139937E-01  2.64220219E-02  4.49642917E-04
3.47438552E-01  2.62399763E-02  4.44745354E-04
3.47737167E-01  2.59616766E-02  4.45961079E-04
3.48035782E-01  2.61367690E-02  4.43505996E-04
3.48334397E-01  2.60109566E-02  4.45887563E-04
3.48633012E-01  2.57063340E-02  4.37083945E-04
3.48931627E-01  2.57943124E-02  4.41202457E-04
3.49230242E-01  2.59072613E-02  4.43393918E-04
3.49528857E-01  2.67684758E-02  4.49335406E-04
3.49827472E-01  2.51850765E-02  4.36567731E-04
3.50126087E-01  2.65923534E-02  4.44318051E-04
3.50424702E-01  2.62769219E-02  4.45563608E-04
3.50723317E-01  2.62559317E-02  4.43552854E-04
3.51021932E-01  2.49048900E-02  4.33538487E-04
3.51320547E-01  2.63046529E-02  4.43238940E-04
3.51619162E-01  2.62052584E-02  4.41438810E-04
3.51917777E-01  2.59103123E-02  4.40870936E-04
3.52216392E-01  2.57216878E-02  4.38423711E-04
3.52515007E-01  2.55961642E-02  4.35336609E-04
3.52813622E-01  2.68698484E-02  4.46037855E-04
3.53112237E-01  2.54592542E-02  4.38952644E-04
3.53410852E-01  2.59182621E-02  4.42159828E-04
3.53709467E-01  2.61466503E-02  4.35656490E-04
3.54008082E-01  2.56979410E-02  4.36562783E-04
3.54306697E-01  2.60304101E-02  4.39617579E-04
3.54605312E-01  2.59792879E-02  4.41469805E-04
3.54903927E-01  2.59711146E-02  4.42739489E-04
3.55202542E-01  2.60651428E-02  4.34177899E-04
3.55501157E-01  2.61818971E-02  4.41861019E-04
3.55799772E-01  2.55721658E-02  4.34677058E-04
3.56098387E-01  2.58531943E-02  4.38126794E-04
3.56397002E-01  2.68194564E-02  4.45877638E-04
3.56695617E-01  2.56056953E-02  4.30911139E-04
3.56994232E-01  2.62181796E-02  4.43993427E-04
3.57292847E-01  2.55703926E-02  4.31418041E-04
3.57591462E-01  2.59463824E-02  4.37264098E-04
3.57890077E-01  2.68401448E-02  4.43896541E-04
3.58188692E-01  2.62690783E-02  4.37392941E-04
3.58487307E-01  2.56185532E-02  4.37812065E-04
3.58785922E-01  2.58164108E-02  4.31775319E-04
3.59084537E-01  2.60363482E-02  4.37910494E-04
3.59383152E-01  2.57978309E-02  4.34267509E-04
3.59681767E-01  2.59858668E-02  4.36198519E-04
3.59980382E-01  2.54972484E-02  4.36185102E-04
3.60278997E-01  2.59103999E-02  4.30526532E-04
3.60577612E-01  2.60954220E-02  4.38532064E-04
3.60876227E-01  2.61775348E-02  4.37692681E-04
3.61174842E-01  2.59317681E-02  4.32978617E-04
3.61473457E-01  2.54041888E-02  4.28552885E-04
3.61772072E-01  2.60546654E-02  4.35273367E-04
3.62070687E-01  2.66791955E-02  4.43178433E-04
3.62369302E-01  2.57747583E-02  4.32472123E-04
3.62667917E-01  2.61601508E-02  4.35579248E-04
3.62966532E-01  2.68669445E-02  4.40028030E-04
3.63265147E-01  2.55275629E-02  4.30511660E-04
3.63563762E-01  2.65437569E-02  4.39114840E-04
3.63862377E-01  2.60163378E-02  4.33124660E-04
3.64160992E-01  2.60793809E-02  4.33993817E-04
3.64459607E-01  2.63240132E-02  4.36256378E-04
3.64758222E-01  2.63314135E-02  4.36319067E-04
3.65056837E-01  2.55304892E-02  4.30316315E-04
3.65355452E-01  2.67314538E-02  4.36406437E-04
3.65654067E-01  2.59819701E-02  4.33877314E-04
3.65952682E-01  2.67304908E-02  4.36856702E-04
3.66251297E-01  2.63828840E-02  4.38377290E-04
3.66549912E-01  2.61512641E-02  4.32326109E-04
3.66848527E-01  2.71824729E-02  4.38484014E-04
3.67147142E-01  2.65368037E-02  4.39541473E-04
3.67445757E-01  2.71172859E-02  4.39669093E-04
3.67744372E-01  2.68008877E-02  4.38241375E-04
3.68042987E-01  2.61325967E-02  4.31840512E-04
3.68341602E-01  2.58671697E-02  4.29867534E-04
3.68640217E-01  2.66608559E-02  4.38479590E-04
3.68938832E-01  2.68754829E-02  4.34664456E-04
3.69237447E-01  2.73892898E-02  4.42223158E-04
3.69536062E-01  2.63276212E-02  4.31658351E-04
3.69834677E-01  2.65875272E-02  4.36389179E-04
3.70133292E-01  2.69290172E-02  4.40454314E-04
3.70431907E-01  2.63015218E-02  4.29673964E-04
3.70730522E-01  2.58225333E-02  4.28948086E-04
3.71029137E-01  2.65023448E-02  4.32090688E-04
3.71327752E-01  2.66939253E-02  4.35561669E-04
3.71626367E-01  2.67238542E-02  4.35355119E-04
3.71924982E-01  2.65479870E-02  4.33584646E-04
3.72223597E-01  2.74483431E-02  4.43061115E-04
3.72522212E-01  2.68031377E-02  4.32985049E-04
3.72820827E-01  2.68545952E-02  4.35409951E-04
3.73119442E-01  2.70028375E-02  4.36724193E-04
3.73418057E-01  2.79158261E-02  4.41885379E-04
3.73716672E-01  2.73204241E-02  4.42497665E-04
3.74015287E-01  2.75998581E-02  4.37927520E-04
3.74313902E-01  2.71182153E-02  4.36200702E-04
3.74612517E-01  2.73357593E-02  4.39075549E-04
3.74911132E-01  2.73852441E-02  4.38796211E-04
3.75209747E-01  2.68494878E-02  4.35155584E-04
3.75508362E-01  2.66824886E-02  4.30923596E-04
3.75806977E-01  2.75889970E-02  4.39752563E-04
3.76105592E-01  2.66572870E-02  4.32154076E-04
3.76404207E-01  2.81645507E-02  4.44432691E-04
3.76702822E-01  2.74139103E-02  4.36573726E-04
3.77001437E-01  2.72261612E-02  4.35409631E-04
3.77300052E-01  2.72809286E-02  4.38761199E-04
3.77598667E-01  2.69935131E-02  4.35435883E-04
3.77897282E-01  2.71860231E-02  4.33770416E-04
3.78195897E-01  2.81251762E-02  4.40532720E-04
3.78494512E-01  2.76457295E-02  4.39430471E-04
3.78793127E-01  2.77841184E-02  4.39745461E-04
3.79091742E-01  2.74498872E-02  4.36207338E-04
3.79390357E-01  2.80036498E-02  4.40252363E-04
3.79688972E-01  2.81638354E-02  4.41734708E-04
3.79987587E-01  2.77055502E-02  4.37353097E-04
3.80286202E-01  2.79017445E-02  4.40011820E-04
3.80584817E-01  2.71802712E-02  4.34287154E-04
3.80883432E-01  2.82075666E-02  4.40635660E-04
3.81182047E-01  2.76103728E-02  4.37269453E-04
3.81480662E-01  2.73335353E-02  4.35183378E-04
3.81779277E-01  2.78183669E-02  4.35513415E-04
3.82077892E-01  2.74516940E-02  4.36125934E-04
3.82376507E-01  2.73135547E-02  4.34040878E-04
3.82675122E-01  2.79088207E-02  4.39522613E-04
3.82973737E-01  2.70532519E-02  4.30994143E-04
3.83272352E-01  2.77081858E-02  4.33363835E-04
3.83570967E-01  2.80933529E-02  4.40088246E-04
3.83869582E-01  2.71914918E-02  4.31665365E-04
3.84168197E-01  2.81542018E-02  4.40124364E-04
3.84466812E-01  2.74451133E-02  4.32810688E-04
3.84765427E-01  2.81804334E-02  4.38026065E-04
3.85064042E-01  2.76400987E-02  4.37192328E-04
3.85362657E-01  2.74456721E-02  4.32819535E-04
3.85661272E-01  2.84007173E-02  4.37244686E-04
3.85959887E-01  2.74327993E-02  4.34130663E-04
3.86258502E-01  2.71816403E-02  4.28922474E-04
3.86557117E-01  2.83925552E-02  4.44121863E-04
3.86855732E-01  2.82830093E-02  4.36988950E-04
3.87154347E-01  2.78506186E-02  4.33423440E-04
3.87452962E-01  2.78251246E-02  4.37121722E-04
3.87751577E-01  2.76942719E-02  4.31146967E-04
3.88050192E-01  2.91577242E-02  4.47469705E-04
3.88348807E-01  2.80667916E-02  4.32873901E-04
3.88647422E-01  2.77729984E-02  4.34112095E-04
3.88946037E-01  2.91233528E-02  4.43662924E-04
3.89244652E-01  2.79565919E-02  4.35547583E-04
3.89543267E-01  2.83712018E-02  4.38875693E-04
3.89841882E-01  2.80617531E-02  4.33053821E-04
3.90140497E-01  2.77416687E-02  4.34845890E-04
3.90439112E-01  2.84047108E-02  4.38921677E-04
3.90737727E-01  2.77656000E-02  4.29302221E-04
3.91036342E-01  2.83338260E-02  4.39138996E-04
3.91334957E-01  2.74276119E-02  4.27306368E-04
3.91633572E-01  2.84665413E-02  4.39405208E-04
3.91932187E-01  2.84061097E-02  4.34759102E-04
3.92230802E-01  2.86064614E-02  4.37569339E-04
3.92529417E-01  2.77752951E-02  4.34041955E-04
3.92828032E-01  2.82656644E-02  4.33371606E-04
3.93126647E-01  2.76304614E-02  4.30571206E-04
3.93425262E-01  2.90283542E-02  4.39823576E-04
3.93723877E-01  2.86746807E-02  4.39281430E-04
3.94022492E-01  2.81353910E-02  4.34811955E-04
3.94321107E-01  2.89311204E-02  4.38450981E-04
3.94619722E-01  2.88596712E-02  4.38123505E-04
3.94918337E-01  2.75758859E-02  4.27957682E-04
3.95216952E-01  2.81246845E-02  4.33354668E-04
3.95515567E-01  2.83002928E-02  4.35131718E-04
3.95814182E-01  2.88419724E-02  4.35254478E-04
3.96112797E-01  2.85842530E-02  4.36566188E-04
3.96411412E-01  2.91310381E-02  4.39867290E-04
3.96710027E-01  2.85962075E-02  4.36341827E-04
3.97008642E-01  2.91847177E-02  4.38681978E-04
3.97307257E-01  2.85023991E-02  4.34152986E-04
3.97605872E-01  2.94726323E-02  4.42659773E-04
3.97904487E-01  2.86212154E-02  4.37283772E-04
3.98203102E-01  2.82351542E-02  4.29633918E-04
3.98501717E-01  2.88635045E-02  4.35430702E-04
3.98800332E-01  2.86446176E-02  4.34508373E-04
3.99098947E-01  2.90765073E-02  4.38195479E-04
3.99397562E-01  2.83697061E-02  4.34201938E-04
3.99696177E-01  2.85002161E-02  4.33416368E-04
3.99994792E-01  2.81269941E-02  4.29332198E-04
4.00293407E-01  2.82835439E-02  4.31872759E-04
4.00592022E-01  2.76884586E-02  4.26077168E-04
4.00890637E-01  2.85928901E-02  4.32877947E-04
4.01189252E-01  2.73741484E-02  4.23148565E-04
4.01487867E-01  2.83903461E-02  4.32797795E-04
4.01786482E-01  2.83284280E-02  4.31703404E-04
4.02085097E-01  2.77046226E-02  4.23279766E-04
4.02383712E-01  2.81509068E-02  4.32120345E-04
4.02682327E-01  2.84084734E-02  4.28322528E-04
4.02980942E-01  2.77566817E-02  4.27228137E-04
4.03279557E-01  2.80277934E-02  4.27569030E-04
4.03578172E-01  2.75048353E-02  4.21261124E-04
4.03876787E-01  2.81244628E-02  4.29744367E-04
4.04175402E-01  2.80684996E-02  4.26161714E-04
4.04474017E-01  2.74744611E-02  4.24041122E-04
4.04772632E-01  2.78428700E-02  4.24649159E-04
4.05071247E-01  2.85712630E-02  4.30679065E-04
4.05369862E-01  2.81635392E-02  4.31501627E-04
4.05668477E-01  2.83584204E-02  4.25062928E-04
4.05967092E-01  2.80389022E-02  4.26450250E-04
4.06265707E-01  2.77783554E-02  4.23763791E-04
4.06564322E-01  2.73777619E-02  4.20202967E-04
4.06862937E-01  2.82660779E-02  4.31254273E-04
4.07161552E-01  2.73141582E-02  4.18242620E-04
4.07460167E-01  2.87806615E-02  4.32266825E-04
4.07758782E-01  2.79720034E-02  4.22462646E-04
4.08057397E-01  2.78298054E-02  4.23466030E-04
4.08356012E-01  2.74568144E-02  4.22212703E-04
4.08654627E-01  2.82788798E-02  4.24778293E-04
4.08953242E-01  2.72555072E-02  4.21364966E-04
4.09251857E-01  2.80203391E-02  4.23724588E-04
4.09550472E-01  2.72258483E-02  4.17871313E-04
4.09849087E-01  2.79192217E-02  4.23358812E-04
4.10147702E-01  2.71384269E-02  4.15551796E-04
4.10446317E-01  2.74127815E-02  4.22084879E-04
4.10744932E-01  2.62704566E-02  4.10576118E-04
4.11043547E-01  2.69898102E-02  4.12599475E-04
4.11342162E-01  2.66433693E-02  4.13386151E-04
4.11640777E-01  2.71944385E-02  4.18425509E-04
4.11939392E-01  2.68459581E-02  4.16128896E-04
4.12238007E-01  2.75395736E-02  4.17074800E-04
4.12536622E-01  2.67053898E-02  4.12810943E-04
4.12835237E-01  2.65712906E-02  4.10248176E-04
4.13133852E-01  2.74268873E-02  4.18450771E-04
4.13432467E-01  2.66432054E-02  4.12046647E-04
4.13731082E-01  2.69837826E-02  4.13329195E-04
4.14029697E-01  2.63927467E-02  4.10586304E-04
4.14328312E-01  2.64628660E-02  4.09797067E-04
4.14626927E-01  2.64897849E-02  4.11151676E-04
4.14925542E-01  2.57907938E-02  4.02147474E-04
4.15224157E-01  2.64680851E-02  4.10222361E-04
4.15522772E-01  2.62037460E-02  4.08835098E-04
4.15821387E-01  2.63523962E-02  4.07159852E-04
4.16120002E-01  2.54837312E-02  4.01132100E-04
4.16418617E-01  2.58627404E-02  4.04946535E-04
4.16717232E-01  2.59570088E-02  4.04936174E-04
4.17015847E-01  2.64751874E-02  4.10381705E-04
4.17314462E-01  2.58607026E-02  4.00328136E-04
4.17613077E-01  2.62160506E-02  4.07050131E-04
4.17911692E-01  2.65440531E-02  4.08273423E-04
4.18210307E-01  2.58249287E-02  4.05599363E-04
4.18508922E-01  2.54133269E-02  3.98300617E-04
4.18807537E-01  2.54001226E-02  3.98289383E-04
4.19106152E-01  2.57809125E-02  4.03665326E-04
4.19404767E-01  2.57896427E-02  4.03455982E-04
4.19703382E-01  2.57593784E-02  4.00007702E-04
4.20001997E-01  2.57947650E-02  4.02111647E-04
4.20300612E-01  2.55949963E-02  3.99094482E-04
4.20599227E-01  2.57368628E-02  4.03420883E-04
4.20897842E-01  2.46207248E-02  3.92141257E-04
4.21196457E-01  2.53317226E-02  3.96680727E-04
4.21495072E-01  2.55834181E-02  4.00376768E-04
4.21793687E-01  2.54519340E-02  3.98075412E-04
4.22092302E-01  2.52166782E-02  3.98411968E-04
4.22390917E-01  2.56154165E-02  3.95773066E-04
4.22689532E-01  2.53162552E-02  3.98742995E-04
4.22988147E-01  2.50389539E-02  3.94033385E-04
4.23286762E-01  2.50915922E-02  3.96881747E-04
4.23585377E-01  2.50363294E-02  3.93748400E-04
4.23883992E-01  2.51570940E-02  3.93897848E-04
4.24182607E-01  2.50626691E-02  3.93336551E-04
4.24481222E-01  2.47116089E-02  3.92792455E-04
4.24779837E-01  2.55457200E-02  3.97649943E-04
4.25078452E-01  2.53880247E-02  3.94908275E-04
4.25377067E-01  2.46622059E-02  3.91957670E-04
4.25675682E-01  2.43223086E-02  3.86360538E-04
4.25974297E-01  2.51786169E-02  3.96133139E-04
4.26272912E-01  2.43005268E-02  3.84899235E-04
4.26571527E-01  2.45993808E-02  3.91553069E-04
4.26870142E-01  2.45698113E-02  3.88240238E-04
4.27168757E-01  2.41610855E-02  3.85603780E-04
4.27467372E-01  2.38161571E-02  3.81559454E-04
4.27765987E-01  2.38840282E-02  3.84427025E-04
4.28064602E-01  2.38834377E-02  3.82784783E-04
4.28363217E-01  2.39201393E-02  3.84113693E-04
4.28661832E-01  2.39988882E-02  3.84142040E-04
4.28960447E-01  2.45307367E-02  3.87768087E-04
4.29259062E-01  2.46486422E-02  3.88179644E-04
4.29557677E-01  2.34032422E-02  3.78754747E-04
4.29856292E-01  2.39415914E-02  3.81469697E-04
4.30154907E-01  2.36577336E-02  3.80046957E-04
4.30453522E-01  2.41168160E-02  3.85093503E-04
4.30752137E-01  2.31969319E-02  3.76750337E-04
4.31050752E-01  2.38376539E-02  3.80393496E-04
4.31349367E-01  2.47389376E-02  3.88208049E-04
4.31647982E-01  2.41267588E-02  3.83205886E-04
4.31946597E-01  2.36056373E-02  3.81083199E-04
4.32245212E-01  2.46119034E-02  3.85929627E-04
4.32543827E-01  2.36052573E-02  3.79890844E-04
4.32842442E-01  2.37728190E-02  3.83382692E-04
4.33141057E-01  2.35490613E-02  3.77425633E-04
4.33439672E-01  2.34747566E-02  3.79266974E-04
4.33738287E-01  2.37045884E-02  3.79091478E-04
4.34036902E-01  2.32502520E-02  3.77367542E-04
4.34335517E-01  2.39074919E-02  3.82238621E-04
4.34634132E-01  2.40529869E-02  3.83829698E-04
4.34932747E-01  2.34446190E-02  3.77012795E-04
4.35231362E-01  2.34941766E-02  3.77663266E-04
4.35529977E-01  2.39723716E-02  3.83619335E-04
4.35828592E-01  2.36099791E-02  3.80114565E-04
4.36127207E-01  2.31092572E-02  3.73899005E-04
4.36425822E-01  2.33249124E-02  3.76306154E-04
4.36724437E-01  2.41206549E-02  3.83012317E-04
4.37023052E-01  2.37161592E-02  3.79957404E-04
4.37321667E-01  2.36742161E-02  3.77449149E-04
4.37620282E-01  2.30394229E-02  3.75083706E-04
4.37918897E-01  2.33915541E-02  3.77185032E-04
4.38217512E-01  2.38413177E-02  3.81473277E-04
4.38516127E-01  2.34392956E-02  3.75907868E-04
4.38814742E-01  2.32285485E-02  3.72336537E-04
4.39113357E-01  2.35720705E-02  3.78475583E-04
4.39411972E-01  2.40553003E-02  3.82167316E-04
4.39710587E-01  2.30700541E-02  3.72777111E-04
4.40009202E-01  2.36505419E-02  3.78857483E-04
4.40307817E-01  2.37697866E-02  3.76492768E-04
4.40606432E-01  2.30258033E-02  3.73823103E-04
4.40905047E-01  2.32984722E-02  3.74953612E-04
4.41203662E-01  2.35871375E-02  3.74966301E-04
4.41502277E-01  2.36433949E-02  3.77389661E-04
4.41800892E-01  2.35650484E-02  3.76187032E-04
4.42099507E-01  2.30069477E-02  3.71951668E-04
4.42398122E-01  2.31857132E-02  3.72416194E-04
4.42696737E-01  2.39081774E-02  3.78257973E-04
4.42995352E-01  2.33941115E-02  3.74990399E-04
4.43293967E-01  2.33108159E-02  3.75395408E-04
4.43592582E-01  2.33212858E-02  3.75564006E-04
4.43891197E-01  2.35061366E-02  3.73442745E-04
4.44189812E-01  2.34013069E-02  3.75879143E-04
4.44488427E-01  2.35595629E-02  3.75335047E-04
4.44787042E-01  2.41093058E-02  3.81106336E-04
4.45085657E-01  2.32609510E-02  3.72951763E-04
4.45384272E-01  2.27985680E-02  3.69792950E-04
4.45682887E-01  2.26480681E-02  3.71180067E-04
4.45981502E-01  2.33481023E-02  3.73247283E-04
4.46280117E-01  2.34803427E-02  3.75121745E-04
4.46578732E-01  2.20771655E-02  3.63980740E-04
4.46877347E-01  2.37250626E-02  3.78067634E-04
4.47175962E-01  2.24830527E-02  3.71734990E-04
4.47474577E-01  2.30558086E-02  3.70186404E-04
4.47773192E-01  2.31081583E-02  3.72470065E-04
4.48071807E-01  2.34985836E-02  3.75604926E-04
4.48370422E-01  2.32046358E-02  3.74317024E-04
4.48669037E-01  2.31608804E-02  3.72980867E-04
4.48967652E-01  2.38116533E-02  3.77772434E-04
4.49266267E-01  2.36245319E-02  3.77859542E-04
4.49564882E-01  2.33128760E-02  3.75525997E-04
4.49863497E-01  2.33711582E-02  3.74430121E-04
4.50162112E-01  2.24064626E-02  3.67912784E-04
4.50460727E-01  2.30934285E-02  3.73593997E-04
4.50759342E-01  2.25414708E-02  3.69185203E-04
4.51057957E-01  2.35133842E-02  3.76563752E-04
4.51356572E-01  2.38977186E-02  3.77149612E-04
4.51655187E-01  2.35294290E-02  3.77693563E-04
4.51953802E-01  2.31734961E-02  3.73426214E-04
4.52252417E-01  2.31127422E-02  3.76676908E-04
4.52551032E-01  2.30347179E-02  3.71576054E-04
4.52849647E-01  2.26725023E-02  3.69453104E-04
4.53148262E-01  2.32265592E-02  3.73941584E-04
4.53446877E-01  2.35663243E-02  3.76255339E-04
4.53745492E-01  2.29884312E-02  3.72431852E-04
4.54044107E-01  2.30982136E-02  3.74063209E-04
4.54342722E-01  2.32325010E-02  3.74571624E-04
4.54641337E-01  2.31231805E-02  3.74516647E-04
4.54939952E-01  2.36233752E-02  3.77214310E-04
4.55238567E-01  2.26420332E-02  3.69054585E-04
4.55537182E-01  2.31496021E-02  3.75733944E-04
4.55835797E-01  2.32573804E-02  3.75607895E-04
4.56134412E-01  2.31407620E-02  3.73675808E-04
4.56433027E-01  2.25811955E-02  3.69538553E-04
4.56731642E-01  2.30884198E-02  3.72927840E-04
4.57030257E-01  2.33090911E-02  3.76197830E-04
4.57328872E-01  2.34560948E-02  3.76467884E-04
4.57627487E-01  2.33450718E-02  3.75411997E-04
4.57926102E-01  2.38778796E-02  3.79924430E-04
4.58224717E-01  2.30979882E-02  3.74995027E-04
4.58523332E-01  2.28243880E-02  3.71533679E-04
4.58821947E-01  2.36317310E-02  3.75817675E-04
4.59120562E-01  2.30905414E-02  3.75022413E-04
4.59419177E-01  2.35023033E-02  3.78185010E-04
4.59717792E-01  2.28229500E-02  3.72597890E-04
4.60016407E-01  2.25393157E-02  3.69050947E-04
4.60315022E-01  2.28798222E-02  3.71257454E-04
4.60613637E-01  2.33781580E-02  3.76773125E-04
4.60912252E-01  2.29620654E-02  3.74569645E-04
4.61210867E-01  2.31001377E-02  3.73702525E-04
4.61509482E-01  2.34039593E-02  3.80112760E-04
4.61808097E-01  2.23942976E-02  3.80220299E-04
4.62106712E-01  2.33541578E-02  3.89940658E-04
4.62405327E-01  2.31734868E-02  3.91983514E-04
4.62703942E-01  2.35014278E-02  3.94272647E-04
4.63002557E-01  2.27733646E-02  3.95237526E-04
4.63301172E-01  2.28858143E-02  3.97608499E-04
4.63599787E-01  2.25721654E-02  3.96981603E-04
4.63898402E-01  2.30841357E-02  4.03312501E-04
4.64197017E-01  2.35111527E-02  4.07551299E-04
4.64495632E-01  2.29847170E-02  4.08041320E-04
4.64794247E-01  2.32251287E-02  4.10823006E-04
4.65092862E-01  2.26484612E-02  4.03665210E-04
4.65391477E-01  2.28375979E-02  4.11438174E-04
4.65690092E-01  2.36996450E-02  4.19019983E-04
4.65988707E-01  2.34156586E-02  4.20151220E-04
4.66287322E-01  2.32430957E-02  4.18947544E-04
4.66585937E-01  2.36578658E-02  4.23137069E-04
4.66884552E-01  2.31841952E-02  4.24061698E-04
4.67183167E-01  2.29681525E-02  4.23884980E-04
4.67481782E-01  2.37261988E-02  4.25517879E-04
4.67780397E-01  2.27883719E-02  4.22950718E-04
4.68079012E-01  2.25193426E-02  4.21899982E-04
4.68377627E-01  2.32539438E-02  4.31220513E-04
4.68676242E-01  2.33952552E-02  4.33542911E-04
4.68974857E-01  2.36123707E-02  4.35551803E-04
4.69273472E-01  2.27290764E-02  4.31391964E-04
4.69572087E-01  2.25211214E-02  4.28139610E-04
4.69870702E-01  2.24637743E-02  4.29383479E-04
4.70169317E-01  2.33416148E-02  4.39938216E-04
4.70467932E-01  2.34826505E-02  4.42203891E-04
4.70766547E-01  2.26003844E-02  4.38367482E-04
4.71065162E-01  2.21616887E-02  4.33959387E-04
4.71363777E-01  2.32638791E-02  4.41621931E-04
4.71662392E-01  2.30647326E-02  4.44787962E-04
4.71961007E-01  2.29252409E-02  4.44835925E-04
4.72259622E-01  2.31132470E-02  4.49926185E-04
4.72558237E-01  2.33183671E-02  4.49345040E-04
4.72856852E-01  2.25036424E-02  4.35020513E-04
4.73155467E-01  2.27024630E-02  4.33629146E-04
4.73454082E-01  2.26686224E-02  4.28167405E-04
4.73752697E-01  2.28915829E-02  4.23700316E-04
4.74051312E-01  2.36010477E-02  4.30463959E-04
4.74349927E-01  2.33441889E-02  4.25566745E-04
4.74648542E-01  2.31402423E-02  4.23825346E-04
4.74947157E-01  2.32085902E-02  4.20310331E-04
4.75245772E-01  2.27372590E-02  4.15331393E-04
4.75544387E-01  2.30200756E-02  4.17101546E-04
4.75843002E-01  2.25680415E-02  4.13900940E-04
4.76141617E-01  2.25410163E-02  4.10040026E-04
4.76440232E-01  2.26355642E-02  4.11012588E-04
4.76738847E-01  2.33534519E-02  4.15900169E-04
4.77037462E-01  2.22963337E-02  4.06599429E-04
4.77336077E-01  2.31529586E-02  4.15237097E-04
4.77634692E-01  2.28992961E-02  4.09307744E-04
4.77933307E-01  2.30854265E-02  4.11518646E-04
4.78231922E-01  2.28631049E-02  4.07038518E-04
4.78530537E-01  2.28189733E-02  4.10569948E-04
4.78829152E-01  2.31430139E-02  4.07273241E-04
4.79127767E-01  2.25076824E-02  4.03016747E-04
4.79426382E-01  2.31241398E-02  4.10775421E-04
4.79724997E-01  2.33582370E-02  4.10997134E-04
4.80023612E-01  2.32625324E-02  4.09186527E-04
4.80322227E-01  2.36115437E-02  4.10526904E-04
4.80620842E-01  2.30256598E-02  4.07422136E-04
4.80919457E-01  2.27741096E-02  4.03920712E-04
4.81218072E-01  2.31128801E-02  4.06491279E-04
4.81516687E-01  2.32550986E-02  4.08487394E-04
4.81815302E-01  2.26191934E-02  3.98920762E-04
4.82113917E-01  2.29711477E-02  4.06521227E-04
4.82412532E-01  2.28256695E-02  4.02187143E-04
4.82711147E-01  2.33924352E-02  4.06103965E-04
4.83009762E-01  2.30505671E-02  4.04271501E-04
4.83308377E-01  2.26409528E-02  4.01495927E-04
4.83606992E-01  2.40204930E-02  4.11102548E-04
4.83905607E-01  2.26898175E-02  4.00790101E-04
4.84204222E-01  2.24276558E-02  3.96530639E-04
4.84502837E-01  2.27535721E-02  4.01978963E-04
4.84801452E-01  2.24004239E-02  3.97105730E-04
4.85100067E-01  2.26753857E-02  3.96898657E-04
4.85398682E-01  2.32120343E-02  4.03824961E-04
4.85697297E-01  2.23322529E-02  3.95897223E-04
4.85995912E-01  2.29881667E-02  4.02805570E-04
4.86294527E-01  2.30930075E-02  4.00543766E-04
4.86593142E-01  2.33664252E-02  4.03830898E-04
4.86891757E-01  2.27893498E-02  3.99628683E-04
4.87190372E-01  2.27168202E-02  3.99402139E-04
4.87488987E-01  2.30805129E-02  3.98830045E-04
4.87787602E-01  2.31889058E-02  4.02813486E-04
4.88086217E-01  2.32437905E-02  4.01351979E-04
4.88384832E-01  2.29881108E-02  4.00050456E-04
4.88683447E-01  2.34764013E-02  4.05308063E-04
4.88982062E-01  2.34318376E-02  4.02267004E-04
4.89280677E-01  2.25905925E-02  3.97490134E-04
4.89579292E-01  2.25423425E-02  3.95358016E-04
4.89877907E-01  2.26586405E-02  3.95878480E-04
4.90176522E-01  2.27791891E-02  3.95935320E-04
4.90475137E-01  2.26749759E-02  3.96224379E-04
4.90773752E-01  2.33737081E-02  4.01980535E-04
4.91072367E-01  2.24166531E-02  3.94063769E-04
4.91370982E-01  2.28166301E-02  3.96466348E-04
4.91669597E-01  2.31185220E-02  3.99785378E-04
4.91968212E-01  2.32955702E-02  4.02126199E-04
4.92266827E-01  2.30500549E-02  3.99498444E-04
4.92565442E-01  2.28725392E-02  3.95768409E-04
4.92864057E-01  2.24568713E-02  3.93435650E-04
4.93162672E-01  2.27714851E-02  3.96882038E-04
4.93461287E-01  2.27232631E-02  3.96463322E-04
4.93759902E-01  2.25874204E-02  3.92128539E-04
4.94058517E-01  2.31736321E-02  3.99071141E-04
4.94357132E-01  2.27391217E-02  3.94524395E-04
4.94655747E-01  2.32354719E-02  4.01928031E-04
4.94954362E-01  2.29939353E-02  3.94865696E-04
4.95252977E-01  2.31649913E-02  3.98804084E-04
4.95551592E-01  2.36159209E-02  4.03882761E-04
4.95850207E-01  2.26222351E-02  3.94700648E-04
4.96148822E-01  2.29927152E-02  3.95252893E-04
4.96447437E-01  2.25910656E-02  3.94036877E-04
4.96746052E-01  2.36492716E-02  4.02456993E-04
4.97044667E-01  2.32872590E-02  4.01982717E-04
4.97343282E-01  2.34219655E-02  3.98242904E-04
4.97641897E-01  2.25698873E-02  3.90356290E-04
4.97940512E-01  2.31448784E-02  3.99346522E-04
4.98239127E-01  2.30109207E-02  3.96798976E-04
4.98537742E-01  2.23819260E-02  3.92122631E-04
4.98836357E-01  2.28518788E-02  3.93763854E-04
4.99134972E-01  2.25462355E-02  3.92777263E-04
4.99433587E-01  2.26614680E-02  3.94964562E-04
4.99732202E-01  2.29136571E-02  3.94887029E-04
5.00030817E-01  2.19950490E-02  3.86413594E-04
5.00329432E-01  2.31006332E-02  3.96990770E-04
5.00628047E-01  2.30121464E-02  3.96231451E-04
5.00926662E-01  2.26528402E-02  3.95294774E-04
5.01225277E-01  2.24740449E-02  3.89164605E-04
5.01523892E-01  2.27233581E-02  3.91607464E-04
5.01822507E-01  2.27402635E-02  3.93597496E-04
5.02121122E-01  2.33899448E-02  4.00076620E-04
5.02419737E-01  2.27223430E-02  3.93641269E-04
5.02718352E-01  2.23866068E-02  3.90530098E-04
5.03016967E-01  2.35673469E-02  4.00599034E-04
5.03315582E-01  2.35667657E-02  4.01693251E-04
5.03614197E-01  2.24419497E-02  3.88900458E-04
5.03912812E-01  2.26330403E-02  3.92388698E-04
5.04211427E-01  2.31016558E-02  3.95550771E-04
5.04510042E-01  2.23240014E-02  3.90867935E-04
5.04808657E-01  2.34461147E-02  3.97220632E-04
5.05107272E-01  2.29241364E-02  3.95008945E-04
5.05405887E-01  2.26696413E-02  3.91263166E-04
5.05704502E-01  2.32540332E-02  3.99332261E-04
5.06003117E-01  2.29607783E-02  3.94645584E-04
5.06301732E-01  2.26130467E-02  3.91454232E-04
5.06600347E-01  2.30524633E-02  3.93786002E-04
5.06898962E-01  2.31299419E-02  3.97084194E-04
5.07197577E-01  2.28984412E-02  3.95979558E-04
5.07496192E-01  2.33817659E-02  3.95336945E-04
5.07794807E-01  2.38366146E-02  4.04417224E-04
5.08093422E-01  2.28109006E-02  3.92882823E-04
5.08392037E-01  2.20657829E-02  3.87178588E-04
5.08690652E-01  2.28230078E-02  3.91641777E-04
5.08989267E-01  2.25679073E-02  3.90789908E-04
5.09287882E-01  2.37538349E-02  4.02318517E-04
5.09586497E-01  2.29111537E-02  3.93560185E-04
5.09885112E-01  2.33501047E-02  3.97021067E-04
5.10183727E-01  2.28055734E-02  3.92849353E-04
5.10482342E-01  2.28645094E-02  3.92585236E-04
5.10780957E-01  2.32443176E-02  3.97005380E-04
5.11079572E-01  2.26127319E-02  3.90805159E-04
5.11378187E-01  2.29078792E-02  3.93445895E-04
5.11676802E-01  2.33953986E-02  4.00580291E-04
5.11975417E-01  2.31613368E-02  3.94553586E-04
5.12274032E-01  2.19287407E-02  3.84478160E-04
5.12572647E-01  2.36558076E-02  3.99627810E-04
5.12871262E-01  2.28908807E-02  3.92633112E-04
5.13169877E-01  2.29344219E-02  3.95833107E-04
5.13468492E-01  2.34472994E-02  3.95541399E-04
5.13767107E-01  2.32432615E-02  3.95261537E-04
5.14065722E-01  2.31592860E-02  3.96886782E-04
5.14364337E-01  2.31472608E-02  3.96099436E-04
5.14662952E-01  2.30720919E-02  3.94582137E-04
5.14961567E-01  2.21990906E-02  3.85910680E-04
5.15260182E-01  2.31482796E-02  3.96407180E-04
5.15558797E-01  2.29893941E-02  3.93686321E-04
5.15857412E-01  2.28884760E-02  3.92534130E-04
5.16156027E-01  2.30915397E-02  3.95145966E-04
5.16454642E-01  2.22955197E-02  3.88468499E-04
5.16753257E-01  2.28801239E-02  3.92564107E-04
5.17051872E-01  2.29051542E-02  3.94330767E-04
5.17350487E-01  2.33292338E-02  3.95240466E-04
5.17649102E-01  2.32869368E-02  3.95947049E-04
5.17947717E-01  2.25562248E-02  3.89305700E-04
5.18246332E-01  2.23877151E-02  3.88135493E-04
5.18544947E-01  2.33644247E-02  3.97782394E-04
5.18843562E-01  2.17511319E-02  3.84089450E-04
5.19142177E-01  2.31974870E-02  3.94711475E-04
5.19440792E-01  2.26627570E-02  3.90042114E-04
5.19739407E-01  2.34606843E-02  3.97239492E-04
5.20038022E-01  2.34348327E-02  3.98981094E-04
5.20336637E-01  2.31134836E-02  3.94196250E-04
5.20635252E-01  2.27462444E-02  3.90958245E-04
5.20933867E-01  2.30154265E-02  3.93555500E-04
5.21232482E-01  2.31473651E-02  3.94201197E-04
5.21531097E-01  2.29105167E-02  3.93723545E-04
5.21829712E-01  2.31269021E-02  3.95288371E-04
5.22128327E-01  2.22102627E-02  3.86806903E-04
5.22426942E-01  2.28530616E-02  3.90550762E-04
5.22725557E-01  2.29517892E-02  3.93504219E-04
5.23024172E-01  2.30772179E-02  3.93806899E-04
5.23322787E-01  2.31794938E-02  3.95552197E-04
5.23621402E-01  2.33262982E-02  3.95930081E-04
5.23920017E-01  2.25952528E-02  3.91792477E-04
5.24218632E-01  2.28787977E-02  3.90876463E-04
5.24517247E-01  2.31161546E-02  3.93955415E-04
5.24815862E-01  2.35218760E-02  3.98962497E-04
5.25114477E-01  2.30827387E-02  3.93385912E-04
5.25413092E-01  2.31355261E-02  3.94801900E-04
5.25711707E-01  2.28301901E-02  3.92575079E-04
5.26010322E-01  2.26329770E-02  3.88781773E-04
5.26308937E-01  2.28488036E-02  3.91969050E-04
5.26607552E-01  2.26429291E-02  3.90105532E-04
5.26906167E-01  2.31087171E-02  3.93714319E-04
5.27204782E-01  2.30549667E-02  3.95680458E-04
5.27503397E-01  2.24620923E-02  3.88550048E-04
5.27802012E-01  2.25741640E-02  3.89615307E-04
5.28100627E-01  2.28363648E-02  3.92739312E-04
5.28399242E-01  2.26564594E-02  3.87587323E-04
5.28697857E-01  2.24726815E-02  3.89316119E-04
5.28996472E-01  2.28933170E-02  3.92271177E-04
5.29295087E-01  2.32341513E-02  3.96542659E-04
5.29593702E-01  2.30407845E-02  3.92386108E-04
5.29892317E-01  2.24778354E-02  3.88415821E-04
5.30190932E-01  2.36051418E-02  3.99800105E-04
5.30489547E-01  2.32728682E-02  3.95422132E-04
5.30788162E-01  2.36307867E-02  3.97675962E-04
5.31086777E-01  2.29845308E-02  3.93257214E-04
5.31385392E-01  2.27018408E-02  3.88933200E-04
5.31684007E-01  2.22624466E-02  3.87129083E-04
5.31982622E-01  2.28977073E-02  3.92519316E-04
5.32281237E-01  2.24495605E-02  3.88565910E-04
5.32579852E-01  2.28036512E-02  3.92292743E-04
5.32878467E-01  2.30305605E-02  3.93469294E-04
5.33177082E-01  2.33979728E-02  3.97375698E-04
5.33475697E-01  2.29032468E-02  3.90383648E-04
5.33774312E-01  2.26799473E-02  3.89991590E-04
5.34072927E-01  2.32004728E-02  3.97068186E-04
5.34371542E-01  2.33570468E-02  3.94524453E-04
5.34670157E-01  2.26230919E-02  3.87527194E-04
5.34968772E-01  2.29021162E-02  3.93637310E-04
5.35267387E-01  2.30364595E-02  3.93054128E-04
5.35566002E-01  2.30806302E-02  3.95074952E-04
5.35864617E-01  2.29405109E-02  3.90905276E-04
5.36163232E-01  2.27771178E-02  3.91894311E-04
5.36461847E-01  2.33518425E-02  3.96420801E-04
5.36760462E-01  2.23626737E-02  3.87178035E-04
5.37059077E-01  2.24270802E-02  3.87076754E-04
5.37357692E-01  2.33483929E-02  3.97567055E-04
5.37656307E-01  2.31903736E-02  3.92944319E-04
5.37954922E-01  2.23112330E-02  3.89987370E-04
5.38253537E-01  2.27708071E-02  3.86947620E-04
5.38552152E-01  2.25607678E-02  3.88805434E-04
5.38850767E-01  2.35140976E-02  3.98200995E-04
5.39149382E-01  2.27004141E-02  3.91444628E-04
5.39447997E-01  2.33185962E-02  3.95287236E-04
5.39746612E-01  2.24573519E-02  3.88584362E-04
5.40045227E-01  2.34381016E-02  3.95724230E-04
5.40343842E-01  2.28295382E-02  3.92563845E-04
5.40642457E-01  2.24113520E-02  3.87151405E-04
5.40941072E-01  2.31890567E-02  3.93430644E-04
5.41239687E-01  2.28976179E-02  3.94903938E-04
5.41538302E-01  2.26002987E-02  3.89544526E-04
5.41836917E-01  2.26837620E-02  3.89884313E-04
5.42135532E-01  2.26164721E-02  3.86676984E-04
5.42434147E-01  2.33865473E-02  3.96268326E-04
5.42732762E-01  2.30924133E-02  3.94929666E-04
5.43031377E-01  2.32546981E-02  3.97588825E-04
5.43329992E-01  2.30758879E-02  3.90780100E-04
5.43628607E-01  2.32732948E-02  3.95315263E-04
5.43927222E-01  2.24689059E-02  3.88900720E-04
5.44225837E-01  2.22932026E-02  3.87663924E-04
5.44524452E-01  2.29268391E-02  3.90275847E-04
5.44823067E-01  2.30057333E-02  3.93332244E-04
5.45121682E-01  2.22722571E-02  3.86540662E-04
5.45420297E-01  2.28045825E-02  3.91325622E-04
5.45718912E-01  2.25092508E-02  3.87744891E-04
5.46017527E-01  2.33798400E-02  3.96040996E-04
5.46316142E-01  2.31044386E-02  3.93128255E-04
5.46614757E-01  2.25132089E-02  3.90546018E-04
5.46913372E-01  2.28002686E-02  3.89024179E-04
5.47211987E-01  2.34122984E-02  3.96420248E-04
5.47510602E-01  2.30482910E-02  3.94002273E-04
5.47809217E-01  2.23989487E-02  3.86994885E-04
5.48107832E-01  2.22317483E-02  3.87533888E-04
5.48406447E-01  2.24479660E-02  3.87610431E-04
5.48705062E-01  2.33318433E-02  3.94211209E-04
5.49003677E-01  2.27182209E-02  3.92335438E-04
5.49302292E-01  2.30495986E-02  3.90783447E-04
5.49600907E-01  2.29376201E-02  3.93261289E-04
5.49899522E-01  2.28528231E-02  3.91290232E-04
5.50198137E-01  2.24820338E-02  3.89244582E-04
5.50496752E-01  2.29916573E-02  3.92289687E-04
5.50795367E-01  2.27206238E-02  3.89026682E-04
5.51093982E-01  2.24065538E-02  3.87647364E-04
5.51392597E-01  2.28243358E-02  3.92300455E-04
5.51691212E-01  2.34993231E-02  3.96701333E-04
5.51989827E-01  2.35034432E-02  3.96544929E-04
5.52288442E-01  2.38650944E-02  3.97751573E-04
5.52587057E-01  2.33781133E-02  3.95105802E-04
5.52885672E-01  2.29666047E-02  3.91805224E-04
5.53184287E-01  2.30768993E-02  3.91133886E-04
5.53482902E-01  2.27784030E-02  3.89161258E-04
5.53781517E-01  2.26912145E-02  3.89265624E-04
5.54080132E-01  2.32118797E-02  3.93421680E-04
5.54378747E-01  2.29011755E-02  3.87599197E-04
5.54677362E-01  2.24332064E-02  3.85463936E-04
5.54975977E-01  2.28324682E-02  3.90198838E-04
5.55274592E-01  2.30077226E-02  3.90466477E-04
5.55573207E-01  2.33776774E-02  3.89303663E-04
5.55871822E-01  2.32312214E-02  3.90951784E-04
5.56170437E-01  2.24482380E-02  3.85324238E-04
5.56469052E-01  2.29070131E-02  3.89712572E-04
5.56767667E-01  2.30341908E-02  3.88738496E-04
5.57066282E-01  2.24491786E-02  3.84322600E-04
5.57364897E-01  2.29749568E-02  3.86038329E-04
5.57663512E-01  2.28729993E-02  3.87566630E-04
5.57962127E-01  2.30279192E-02  3.87585344E-04
5.58260742E-01  2.28871424E-02  3.84400075E-04
5.58559357E-01  2.32869815E-02  3.92001151E-04
5.58857972E-01  2.29834802E-02  3.88880813E-04
5.59156587E-01  2.19451915E-02  3.76412296E-04
5.59455202E-01  2.25653648E-02  3.83955776E-04
5.59753817E-01  2.29486022E-02  3.85377964E-04
5.60052432E-01  2.29967907E-02  3.87061416E-04
5.60351047E-01  2.28799861E-02  3.84986430E-04
5.60649662E-01  2.24156883E-02  3.79545498E-04
5.60948277E-01  2.26290375E-02  3.82064172E-04
5.61246892E-01  2.25655697E-02  3.82247730E-04
5.61545507E-01  2.27023903E-02  3.82866332E-04
5.61844122E-01  2.29178984E-02  3.82443337E-04
5.62142737E-01  2.24483497E-02  3.81798949E-04
5.62441352E-01  2.26216707E-02  3.80586047E-04
5.62739967E-01  2.26204656E-02  3.80135636E-04
5.63038582E-01  2.25267354E-02  3.80499638E-04
5.63337197E-01  2.31723245E-02  3.84659186E-04
5.63635812E-01  2.29883716E-02  3.86100262E-04
5.63934427E-01  2.24334393E-02  3.77954508E-04
5.64233042E-01  2.22098548E-02  3.75200703E-04
5.64531657E-01  2.27727368E-02  3.81779188E-04
5.64830272E-01  2.33503487E-02  3.86233267E-04
5.65128887E-01  2.21818611E-02  3.76885146E-04
5.65427502E-01  2.32474301E-02  3.83430975E-04
5.65726117E-01  2.31161732E-02  3.83674254E-04
5.66024732E-01  2.30037570E-02  3.82388185E-04
5.66323347E-01  2.24861838E-02  3.78413737E-04
5.66621962E-01  2.22854000E-02  3.73451709E-04
5.66920577E-01  2.27394216E-02  3.80366400E-04
5.67219192E-01  2.28262786E-02  3.81712482E-04
5.67517807E-01  2.29647756E-02  3.82693106E-04
5.67816422E-01  2.27089860E-02  3.75881791E-04
5.68115037E-01  2.29774341E-02  3.80690413E-04
5.68413652E-01  2.30873600E-02  3.82040045E-04
5.68712267E-01  2.30117291E-02  3.81415681E-04
5.69010882E-01  2.28480287E-02  3.79014877E-04
5.69309497E-01  2.23192852E-02  3.74862662E-04
5.69608112E-01  2.28144359E-02  3.79608449E-04
5.69906727E-01  2.21368615E-02  3.72904906E-04
5.70205342E-01  2.31342036E-02  3.79657577E-04
5.70503957E-01  2.25574076E-02  3.77903809E-04
5.70802572E-01  2.23432332E-02  3.75159027E-04
5.71101187E-01  2.28427630E-02  3.80290410E-04
5.71399802E-01  2.25764383E-02  3.76169482E-04
5.71698417E-01  2.32588183E-02  3.82424303E-04
5.71997032E-01  2.32324749E-02  3.83968523E-04
5.72295647E-01  2.27803737E-02  3.79778416E-04
5.72594262E-01  2.30769701E-02  3.80671263E-04
5.72892877E-01  2.30276901E-02  3.77604621E-04
5.73191492E-01  2.22841762E-02  3.75280011E-04
5.73490107E-01  2.25777123E-02  3.78616096E-04
5.73788722E-01  2.32455116E-02  3.82153870E-04
5.74087337E-01  2.31590383E-02  3.82493687E-04
5.74385952E-01  2.28450745E-02  3.80857033E-04
5.74684567E-01  2.27464307E-02  3.79423494E-04
5.74983182E-01  2.25187819E-02  3.75626172E-04
5.75281797E-01  2.28577703E-02  3.77415039E-04
5.75580412E-01  2.31441464E-02  3.83084640E-04
5.75879027E-01  2.30212230E-02  3.80841375E-04
5.76177642E-01  2.34747175E-02  3.85193911E-04
5.76476257E-01  2.23695487E-02  3.74389027E-04
5.76774872E-01  2.28429995E-02  3.80241661E-04
5.77073487E-01  2.28876024E-02  3.80352314E-04
5.77372102E-01  2.26654951E-02  3.79289035E-04
5.77670717E-01  2.25982890E-02  3.76220356E-04
5.77969332E-01  2.35421862E-02  3.85316671E-04
5.78267947E-01  2.27511618E-02  3.79660894E-04
5.78566562E-01  2.31768824E-02  3.82319413E-04
5.78865177E-01  2.25894060E-02  3.75812175E-04
5.79163792E-01  2.30472758E-02  3.81690450E-04
5.79462407E-01  2.31061988E-02  3.81829392E-04
5.79761022E-01  2.21241936E-02  3.75094096E-04
5.80059637E-01  2.32210625E-02  3.80519807E-04
5.80358252E-01  2.34104395E-02  3.84605490E-04
5.80656867E-01  2.31060553E-02  3.82979139E-04
5.80955482E-01  2.22493280E-02  3.75813921E-04


### HEADER:
#
#{
#    "analysis": {},
#    "calibration_params": {
#        "Beam_Center_X": 1061.0,
#        "Beam_Center_Y": 2093.0,
#        "Detector Tilt": 0.0,
#        "Detector Tilt Plane Rotation": 0.0,
#        "Detector_X_Pixel_Size": 75.0,
#        "Detector_Y_Pixel_Size": 75.0,
#        "Integration Method": "nosplit_csr",
#        "Radial_Average_Method": "pyFAI",
#        "Sample-to-detector distance (mm)": 1782.0,
#        "Wavelength (A)": 0.8823505857220345
#    },
#    "config_file": "/Users/jwinnikoff/Documents/MBARI/SAXS/HPSAXS_7A_Feb2023/HPSAXS_02_19_23.cfg",
#    "counters": {
#        "Epoch": "85.765",
#        "I1": "0",
#        "I2": "0",
#        "I3": "0",
#        "Seconds": "1",
#        "Time": "1.71661e-05",
#        "date": "Sun Feb 19 20:15:28 2023",
#        "diode": "56968"
#    },
#    "filename": "JWL0322_35C_050MPa_up_3_data_000001_00001.h5",
#    "history": {},
#    "imageHeader": {},
#    "load_path": "/Users/jwinnikoff/Documents/MBARI/SAXS/HPSAXS_7A_Feb2023/JWL0322_DOPE_TS+/JWL0322_35C_050MPa_up_3_data_000001.h5",
#    "normalizations": {
#        "Absolute_scale": {
#            "Absolute_scale_factor": 0.005174693841759343,
#            "Method": "Water"
#        },
#        "Counter_norms": [
#            [
#                "/",
#                "diode/150000"
#            ]
#        ],
#        "Polarization": {
#            "Used": false
#        },
#        "Solid_Angle_Correction": "On"
#    },
#    "raw_version": "2.1.4"
#}

