### DATA:
#
# 1908
#      Q             I(Q)           Error     
1.14966775E-02  0.00000000E+00  0.00000000E+00
1.17952925E-02  5.03133178E-01  2.63713449E-02
1.20939075E-02  3.98774564E-01  1.66012030E-02
1.23925225E-02  4.01769489E-01  1.36056319E-02
1.26911375E-02  4.06133115E-01  1.28494827E-02
1.29897525E-02  3.75891149E-01  1.20135332E-02
1.32883675E-02  3.73557985E-01  1.15063535E-02
1.35869825E-02  3.41380090E-01  1.04755284E-02
1.38855975E-02  3.31454575E-01  9.66952369E-03
1.41842125E-02  3.02033365E-01  9.42474697E-03
1.44828275E-02  2.84798384E-01  9.05606151E-03
1.47814425E-02  2.75363326E-01  8.63891561E-03
1.50800575E-02  2.64635652E-01  8.15519132E-03
1.53786725E-02  2.40776926E-01  7.32660852E-03
1.56772875E-02  2.26823032E-01  7.16919033E-03
1.59759025E-02  2.20763251E-01  6.60246192E-03
1.62745175E-02  2.09447607E-01  6.34107739E-03
1.65731325E-02  1.94895759E-01  6.20360021E-03
1.68717475E-02  1.83021888E-01  5.52082760E-03
1.71703625E-02  1.79506943E-01  5.75177325E-03
1.74689775E-02  1.76235691E-01  5.26135275E-03
1.77675925E-02  1.73463657E-01  5.13304956E-03
1.80662075E-02  1.59780547E-01  5.12760179E-03
1.83648225E-02  1.67596847E-01  4.71963361E-03
1.86634375E-02  1.58739626E-01  4.80588060E-03
1.89620525E-02  1.45458460E-01  4.33480740E-03
1.92606675E-02  1.36496529E-01  4.25928226E-03
1.95592825E-02  1.35378584E-01  4.28318884E-03
1.98578975E-02  1.33229762E-01  3.93386604E-03
2.01565125E-02  1.22907713E-01  3.91219556E-03
2.04551275E-02  1.27144635E-01  3.73470504E-03
2.07537425E-02  1.25239849E-01  3.62140383E-03
2.10523575E-02  1.18238099E-01  3.32307839E-03
2.13509725E-02  1.17902361E-01  3.11457948E-03
2.16495875E-02  1.19822033E-01  3.13053001E-03
2.19482025E-02  1.12754941E-01  2.81272759E-03
2.22468175E-02  1.05972379E-01  2.85268063E-03
2.25454325E-02  1.03604086E-01  2.58687045E-03
2.28440475E-02  1.04752831E-01  2.66416441E-03
2.31426625E-02  9.98502150E-02  2.51041632E-03
2.34412775E-02  9.55910906E-02  2.36117374E-03
2.37398925E-02  9.75743756E-02  2.47599650E-03
2.40385075E-02  9.00961757E-02  2.23638769E-03
2.43371225E-02  9.01517272E-02  2.23707757E-03
2.46357375E-02  8.83821994E-02  2.27520312E-03
2.49343525E-02  8.60598534E-02  2.13488215E-03
2.52329675E-02  8.61430168E-02  2.24145409E-03
2.55315825E-02  8.16554278E-02  2.04458274E-03
2.58301975E-02  8.21587816E-02  2.06236495E-03
2.61288125E-02  7.93415010E-02  2.09447159E-03
2.64274275E-02  7.76003823E-02  1.94000953E-03
2.67260425E-02  8.09992105E-02  2.08722032E-03
2.70246575E-02  7.60006085E-02  1.89351733E-03
2.73232725E-02  7.69038498E-02  1.96608528E-03
2.76218875E-02  7.46005923E-02  1.96521590E-03
2.79205025E-02  7.36725405E-02  1.88040524E-03
2.82191175E-02  7.20682144E-02  1.85339455E-03
2.85177325E-02  6.91130757E-02  1.78449182E-03
2.88163475E-02  6.70054033E-02  1.81228109E-03
2.91149625E-02  6.81423247E-02  1.77487673E-03
2.94135775E-02  6.45959750E-02  1.70819508E-03
2.97121925E-02  6.47965074E-02  1.72499602E-03
3.00108075E-02  6.54214844E-02  1.67582219E-03
3.03094225E-02  6.52242005E-02  1.74819212E-03
3.06080375E-02  6.51201084E-02  1.69043383E-03
3.09066525E-02  6.35672286E-02  1.64679729E-03
3.12052675E-02  6.14542775E-02  1.66886905E-03
3.15038825E-02  6.25964329E-02  1.61194021E-03
3.18024975E-02  5.64462394E-02  1.55422045E-03
3.21011125E-02  5.86964078E-02  1.53353158E-03
3.23997275E-02  5.68857752E-02  1.46976451E-03
3.26983425E-02  5.72986454E-02  1.48739875E-03
3.29969575E-02  5.92205636E-02  1.42876548E-03
3.32955725E-02  5.67731783E-02  1.39893137E-03
3.35941875E-02  5.75477481E-02  1.34304946E-03
3.38928025E-02  5.45267686E-02  1.34603225E-03
3.41914175E-02  5.50721288E-02  1.31235761E-03
3.44900325E-02  5.32855392E-02  1.28222187E-03
3.47886474E-02  5.45165539E-02  1.27439154E-03
3.50872624E-02  5.42587340E-02  1.24740961E-03
3.53858774E-02  5.55352867E-02  1.30176719E-03
3.56844924E-02  5.46141751E-02  1.24123122E-03
3.59831074E-02  5.41188978E-02  1.21469900E-03
3.62817224E-02  5.33738285E-02  1.23591593E-03
3.65803374E-02  5.07464558E-02  1.16820692E-03
3.68789524E-02  5.27624339E-02  1.23136980E-03
3.71775674E-02  5.27681671E-02  1.20301067E-03
3.74761824E-02  5.01987934E-02  1.14206213E-03
3.77747974E-02  5.13832867E-02  1.16092642E-03
3.80734124E-02  5.10734878E-02  1.13919354E-03
3.83720274E-02  4.90305834E-02  1.15278352E-03
3.86706424E-02  5.23892567E-02  1.13514788E-03
3.89692574E-02  5.11969030E-02  1.15553616E-03
3.92678724E-02  5.06045707E-02  1.15760230E-03
3.95664874E-02  5.10857813E-02  1.12093845E-03
3.98651024E-02  5.07333614E-02  1.11806090E-03
4.01637174E-02  5.10018878E-02  1.10250188E-03
4.04623324E-02  4.73966263E-02  1.10046309E-03
4.07609474E-02  5.00338860E-02  1.09104987E-03
4.10595624E-02  5.00649177E-02  1.11365423E-03
4.13581774E-02  4.84878644E-02  1.07591529E-03
4.16567924E-02  4.90567200E-02  1.06045348E-03
4.19554074E-02  4.81622480E-02  1.08072977E-03
4.22540224E-02  4.83686030E-02  1.07459258E-03
4.25526374E-02  4.86012809E-02  1.06259284E-03
4.28512524E-02  4.95851599E-02  1.07692077E-03
4.31498674E-02  5.09053543E-02  1.07846456E-03
4.34484824E-02  4.95589264E-02  1.09725306E-03
4.37470974E-02  4.91931923E-02  1.04642683E-03
4.40457124E-02  5.00777401E-02  1.06093101E-03
4.43443274E-02  4.92914431E-02  1.07282132E-03
4.46429424E-02  4.87939678E-02  1.04385556E-03
4.49415574E-02  4.88210283E-02  1.07775046E-03
4.52401724E-02  5.03587499E-02  1.04619330E-03
4.55387874E-02  5.04903272E-02  1.06442953E-03
4.58374024E-02  5.02435267E-02  1.06182531E-03
4.61360174E-02  4.83156219E-02  1.02636707E-03
4.64346324E-02  4.71800417E-02  1.03399390E-03
4.67332474E-02  4.94869649E-02  1.02587068E-03
4.70318624E-02  5.08729331E-02  1.07106846E-03
4.73304774E-02  5.00756465E-02  1.05662702E-03
4.76290924E-02  4.99942936E-02  1.03350484E-03
4.79277074E-02  5.18740118E-02  1.04630645E-03
4.82263224E-02  5.16705774E-02  1.03715202E-03
4.85249374E-02  5.13561182E-02  1.06576411E-03
4.88235524E-02  5.11691943E-02  1.03759242E-03
4.91221674E-02  5.19048125E-02  1.03871967E-03
4.94207824E-02  5.20868003E-02  1.05166854E-03
4.97193974E-02  5.42692244E-02  1.05421862E-03
5.00180124E-02  5.36923967E-02  1.07773487E-03
5.03166274E-02  5.38435541E-02  1.04852463E-03
5.06152424E-02  5.30750118E-02  1.04410423E-03
5.09138574E-02  5.26002347E-02  1.05200463E-03
5.12124724E-02  5.57721481E-02  1.05474819E-03
5.15110874E-02  5.50868399E-02  1.06688542E-03
5.18097024E-02  5.46515025E-02  1.04712509E-03
5.21083174E-02  5.35731465E-02  1.03524199E-03
5.24069324E-02  5.81985377E-02  1.07978925E-03
5.27055474E-02  5.52738942E-02  1.04551238E-03
5.30041624E-02  5.79228438E-02  1.09075021E-03
5.33027774E-02  5.76663092E-02  1.06334605E-03
5.36013924E-02  6.05891794E-02  1.09619915E-03
5.39000074E-02  5.88408150E-02  1.06213626E-03
5.41986224E-02  6.03405982E-02  1.09710183E-03
5.44972374E-02  6.00379109E-02  1.08040590E-03
5.47958524E-02  6.23879321E-02  1.09368388E-03
5.50944674E-02  6.30265623E-02  1.11643283E-03
5.53930824E-02  6.40307739E-02  1.10038649E-03
5.56916974E-02  6.67421222E-02  1.11734576E-03
5.59903124E-02  6.65051863E-02  1.13871391E-03
5.62889274E-02  6.55733794E-02  1.10602495E-03
5.65875424E-02  6.89826235E-02  1.15485443E-03
5.68861574E-02  6.77934960E-02  1.12459355E-03
5.71847724E-02  6.84554428E-02  1.12252217E-03
5.74833874E-02  7.09237009E-02  1.15494989E-03
5.77820024E-02  7.04216585E-02  1.13701704E-03
5.80806174E-02  7.56156221E-02  1.20741816E-03
5.83792324E-02  7.42641538E-02  1.15391600E-03
5.86778474E-02  7.62801170E-02  1.18811196E-03
5.89764624E-02  7.69475400E-02  1.20628765E-03
5.92750774E-02  8.06789771E-02  1.18517480E-03
5.95736924E-02  8.28313604E-02  1.23808300E-03
5.98723074E-02  8.45218375E-02  1.22469687E-03
6.01709224E-02  8.45001861E-02  1.22297183E-03
6.04695374E-02  8.71244892E-02  1.26134988E-03
6.07681524E-02  9.27785635E-02  1.28809432E-03
6.10667674E-02  9.21587124E-02  1.29048002E-03
6.13653824E-02  9.42125395E-02  1.27512321E-03
6.16639974E-02  1.00625493E-01  1.33457442E-03
6.19626124E-02  9.99434292E-02  1.33175065E-03
6.22612274E-02  1.02200925E-01  1.32150226E-03
6.25598424E-02  1.04169644E-01  1.36312202E-03
6.28584574E-02  1.08330347E-01  1.36733230E-03
6.31570724E-02  1.11135826E-01  1.39718910E-03
6.34556874E-02  1.18177123E-01  1.40210951E-03
6.37543024E-02  1.20946698E-01  1.43760222E-03
6.40529174E-02  1.26049221E-01  1.48798630E-03
6.43515324E-02  1.28471717E-01  1.47347769E-03
6.46501474E-02  1.33126438E-01  1.53211318E-03
6.49487624E-02  1.39041692E-01  1.50820764E-03
6.52473774E-02  1.42981321E-01  1.54225563E-03
6.55459924E-02  1.52047426E-01  1.60791003E-03
6.58446074E-02  1.55225337E-01  1.60693575E-03
6.61432224E-02  1.64324507E-01  1.67156733E-03
6.64418374E-02  1.71871394E-01  1.66700524E-03
6.67404524E-02  1.77041456E-01  1.71408942E-03
6.70390674E-02  1.88711807E-01  1.77824381E-03
6.73376824E-02  1.94173500E-01  1.75652502E-03
6.76362974E-02  2.07112148E-01  1.85842393E-03
6.79349124E-02  2.16435149E-01  1.85769273E-03
6.82335274E-02  2.24339858E-01  1.90453941E-03
6.85321424E-02  2.37693503E-01  1.98374339E-03
6.88307574E-02  2.48740494E-01  1.98922399E-03
6.91293724E-02  2.67776936E-01  2.09552748E-03
6.94279874E-02  2.82655209E-01  2.10124976E-03
6.97266024E-02  2.96195090E-01  2.18840130E-03
7.00252174E-02  3.07331890E-01  2.21113511E-03
7.03238324E-02  3.28746021E-01  2.26867106E-03
7.06224474E-02  3.46592039E-01  2.36450811E-03
7.09210624E-02  3.70945215E-01  2.41536414E-03
7.12196774E-02  3.90729845E-01  2.47332058E-03
7.15182924E-02  4.16393727E-01  2.49731867E-03
7.18169074E-02  4.38430697E-01  2.63190037E-03
7.21155224E-02  4.66373712E-01  2.70521850E-03
7.24141374E-02  4.96841490E-01  2.77647423E-03
7.27127524E-02  5.34247875E-01  2.86625861E-03
7.30113674E-02  5.67348063E-01  2.93098437E-03
7.33099824E-02  6.02337003E-01  3.03668878E-03
7.36085974E-02  6.39856935E-01  3.14029097E-03
7.39072124E-02  6.81722343E-01  3.18166101E-03
7.42058274E-02  7.19200850E-01  3.33675719E-03
7.45044424E-02  7.64385641E-01  3.37995496E-03
7.48030574E-02  8.17572653E-01  3.51846800E-03
7.51016724E-02  8.65751624E-01  3.61669785E-03
7.54002874E-02  9.14881766E-01  3.65841505E-03
7.56989024E-02  9.70706761E-01  3.83385178E-03
7.59975174E-02  1.02770030E+00  3.88154271E-03
7.62961324E-02  1.07636142E+00  3.98507528E-03
7.65947474E-02  1.14108598E+00  4.09007166E-03
7.68933624E-02  1.19396341E+00  4.18821070E-03
7.71919774E-02  1.25200009E+00  4.33511380E-03
7.74905924E-02  1.29895103E+00  4.31828899E-03
7.77892074E-02  1.34752846E+00  4.42595966E-03
7.80878224E-02  1.41082764E+00  4.49110055E-03
7.83864374E-02  1.44585979E+00  4.53948462E-03
7.86850524E-02  1.48470259E+00  4.67537623E-03
7.89836674E-02  1.51392686E+00  4.66196751E-03
7.92822824E-02  1.54577100E+00  4.67209332E-03
7.95808974E-02  1.56422126E+00  4.65727691E-03
7.98795124E-02  1.57524478E+00  4.76535875E-03
8.01781274E-02  1.59866107E+00  4.84120566E-03
8.04767424E-02  1.58033013E+00  4.69062570E-03
8.07753574E-02  1.57227898E+00  4.72650537E-03
8.10739724E-02  1.55753922E+00  4.65200376E-03
8.13725874E-02  1.53570414E+00  4.60082525E-03
8.16712024E-02  1.50363708E+00  4.62694792E-03
8.19698174E-02  1.47154808E+00  4.45946166E-03
8.22684324E-02  1.42887032E+00  4.48740507E-03
8.25670474E-02  1.37840760E+00  4.35451185E-03
8.28656624E-02  1.33475590E+00  4.31517186E-03
8.31642774E-02  1.27621102E+00  4.16110270E-03
8.34628924E-02  1.22294629E+00  4.07734886E-03
8.37615074E-02  1.17043138E+00  4.04901477E-03
8.40601224E-02  1.11537826E+00  3.87113821E-03
8.43587374E-02  1.04329419E+00  3.75860021E-03
8.46573524E-02  9.94288921E-01  3.65142920E-03
8.49559674E-02  9.38892424E-01  3.57259414E-03
8.52545824E-02  8.86767924E-01  3.47885909E-03
8.55531974E-02  8.27060461E-01  3.30470107E-03
8.58518124E-02  7.76696324E-01  3.21790692E-03
8.61504274E-02  7.30953276E-01  3.08911712E-03
8.64490424E-02  6.82108462E-01  3.03321145E-03
8.67476574E-02  6.48193061E-01  2.95109185E-03
8.70462724E-02  5.97869754E-01  2.78721866E-03
8.73448874E-02  5.66986620E-01  2.73492001E-03
8.76435024E-02  5.26814580E-01  2.61023291E-03
8.79421174E-02  4.92893815E-01  2.56593758E-03
8.82407324E-02  4.63796020E-01  2.47948361E-03
8.85393474E-02  4.39542264E-01  2.37980136E-03
8.88379624E-02  4.15118426E-01  2.33017793E-03
8.91365774E-02  3.90134841E-01  2.22963304E-03
8.94351924E-02  3.66836280E-01  2.17815395E-03
8.97338074E-02  3.47698510E-01  2.10877461E-03
9.00324224E-02  3.28952551E-01  2.04547332E-03
9.03310374E-02  3.12760741E-01  2.01688800E-03
9.06296524E-02  2.94362992E-01  1.93317118E-03
9.09282674E-02  2.82697439E-01  1.89274258E-03
9.12268824E-02  2.68395066E-01  1.84087176E-03
9.15254974E-02  2.56671816E-01  1.79368025E-03
9.18241124E-02  2.44770929E-01  1.77758036E-03
9.21227274E-02  2.35050470E-01  1.72588788E-03
9.24213424E-02  2.28829443E-01  1.67399331E-03
9.27199574E-02  2.16176137E-01  1.64166000E-03
9.30185724E-02  2.10265085E-01  1.62198895E-03
9.33171874E-02  2.03059882E-01  1.61006593E-03
9.36158024E-02  1.95991471E-01  1.52773724E-03
9.39144174E-02  1.90980285E-01  1.54722342E-03
9.42130324E-02  1.84610024E-01  1.51299359E-03
9.45116474E-02  1.77094862E-01  1.47527840E-03
9.48102624E-02  1.73264667E-01  1.46576785E-03
9.51088774E-02  1.70063153E-01  1.42433250E-03
9.54074924E-02  1.63768962E-01  1.41617586E-03
9.57061074E-02  1.58189252E-01  1.38815923E-03
9.60047224E-02  1.57016590E-01  1.38422567E-03
9.63033374E-02  1.51631936E-01  1.34726742E-03
9.66019524E-02  1.50599241E-01  1.34970259E-03
9.69005674E-02  1.47322208E-01  1.33144821E-03
9.71991824E-02  1.45779043E-01  1.32101309E-03
9.74977974E-02  1.41958982E-01  1.29909976E-03
9.77964124E-02  1.39088437E-01  1.28149940E-03
9.80950274E-02  1.36957362E-01  1.28042279E-03
9.83936424E-02  1.35339022E-01  1.27338781E-03
9.86922574E-02  1.35176867E-01  1.27152447E-03
9.89908724E-02  1.28627807E-01  1.22714334E-03
9.92894874E-02  1.29743889E-01  1.22882053E-03
9.95881024E-02  1.25927314E-01  1.22041150E-03
9.98867174E-02  1.28200516E-01  1.23561372E-03
1.00185332E-01  1.26963779E-01  1.20200461E-03
1.00483947E-01  1.23380460E-01  1.20389799E-03
1.00782562E-01  1.21365383E-01  1.17958407E-03
1.01081177E-01  1.20425902E-01  1.18687982E-03
1.01379792E-01  1.21652178E-01  1.18839263E-03
1.01678407E-01  1.18428551E-01  1.15994981E-03
1.01977022E-01  1.18158251E-01  1.17120473E-03
1.02275637E-01  1.16753750E-01  1.16422412E-03
1.02574252E-01  1.17692903E-01  1.16402179E-03
1.02872867E-01  1.15571074E-01  1.14119577E-03
1.03171482E-01  1.17948286E-01  1.15193543E-03
1.03470097E-01  1.14450894E-01  1.13658048E-03
1.03768712E-01  1.14958033E-01  1.14946545E-03
1.04067327E-01  1.15071058E-01  1.12955994E-03
1.04365942E-01  1.14356987E-01  1.13890984E-03
1.04664557E-01  1.15313612E-01  1.14272756E-03
1.04963172E-01  1.12801589E-01  1.12197350E-03
1.05261787E-01  1.13216147E-01  1.12676597E-03
1.05560402E-01  1.12295024E-01  1.11052627E-03
1.05859017E-01  1.10490963E-01  1.11584272E-03
1.06157632E-01  1.12205833E-01  1.11720897E-03
1.06456247E-01  1.10982426E-01  1.11110276E-03
1.06754862E-01  1.12842195E-01  1.10709434E-03
1.07053477E-01  1.10780753E-01  1.10389572E-03
1.07352092E-01  1.10890962E-01  1.10444566E-03
1.07650707E-01  1.13888383E-01  1.12016546E-03
1.07949322E-01  1.13164343E-01  1.11482490E-03
1.08247937E-01  1.12360053E-01  1.10997597E-03
1.08546552E-01  1.13291591E-01  1.11901457E-03
1.08845167E-01  1.11985825E-01  1.09432987E-03
1.09143782E-01  1.12325095E-01  1.10892742E-03
1.09442397E-01  1.15486324E-01  1.11044536E-03
1.09741012E-01  1.12132527E-01  1.09759916E-03
1.10039627E-01  1.12331271E-01  1.10720925E-03
1.10338242E-01  1.17149122E-01  1.12363242E-03
1.10636857E-01  1.15244925E-01  1.10082061E-03
1.10935472E-01  1.15731589E-01  1.10230560E-03
1.11234087E-01  1.15495205E-01  1.11135317E-03
1.11532702E-01  1.14548281E-01  1.10593392E-03
1.11831317E-01  1.19059280E-01  1.12145545E-03
1.12129932E-01  1.16949894E-01  1.11360650E-03
1.12428547E-01  1.16690978E-01  1.11194793E-03
1.12727162E-01  1.17880315E-01  1.11292070E-03
1.13025777E-01  1.18073702E-01  1.11256691E-03
1.13324392E-01  1.19431019E-01  1.11725170E-03
1.13623007E-01  1.21046290E-01  1.12734200E-03
1.13921622E-01  1.21777430E-01  1.13160210E-03
1.14220237E-01  1.22561567E-01  1.12418155E-03
1.14518852E-01  1.22805320E-01  1.11618137E-03
1.14817467E-01  1.25857919E-01  1.14605878E-03
1.15116082E-01  1.26898080E-01  1.14991853E-03
1.15414697E-01  1.25533894E-01  1.13858550E-03
1.15713312E-01  1.27499029E-01  1.13648316E-03
1.16011927E-01  1.28246352E-01  1.14400836E-03
1.16310542E-01  1.28242329E-01  1.15425955E-03
1.16609157E-01  1.31938562E-01  1.15780125E-03
1.16907772E-01  1.33416951E-01  1.16857211E-03
1.17206387E-01  1.33923516E-01  1.16605218E-03
1.17505002E-01  1.36203602E-01  1.16866687E-03
1.17803617E-01  1.35747701E-01  1.17961224E-03
1.18102232E-01  1.39597297E-01  1.18485885E-03
1.18400847E-01  1.40065387E-01  1.18857506E-03
1.18699462E-01  1.41594350E-01  1.19243958E-03
1.18998077E-01  1.44332364E-01  1.19270734E-03
1.19296692E-01  1.46141857E-01  1.22304074E-03
1.19595307E-01  1.47875145E-01  1.20812049E-03
1.19893922E-01  1.49603605E-01  1.21256826E-03
1.20192537E-01  1.54734939E-01  1.24745676E-03
1.20491152E-01  1.54377654E-01  1.22827932E-03
1.20789767E-01  1.57884955E-01  1.25372666E-03
1.21088382E-01  1.59198925E-01  1.25712529E-03
1.21386997E-01  1.61659271E-01  1.25691702E-03
1.21685612E-01  1.64665744E-01  1.28037005E-03
1.21984227E-01  1.66608736E-01  1.27963850E-03
1.22282842E-01  1.69254929E-01  1.28069171E-03
1.22581457E-01  1.72535196E-01  1.28407683E-03
1.22880072E-01  1.76711261E-01  1.32257643E-03
1.23178687E-01  1.79352477E-01  1.32019655E-03
1.23477302E-01  1.81441873E-01  1.33161398E-03
1.23775917E-01  1.84762374E-01  1.32788625E-03
1.24074532E-01  1.90184310E-01  1.36043900E-03
1.24373147E-01  1.92445710E-01  1.36658270E-03
1.24671762E-01  1.98264867E-01  1.37936941E-03
1.24970377E-01  2.03020900E-01  1.39195879E-03
1.25268992E-01  2.05688819E-01  1.39914663E-03
1.25567607E-01  2.09052324E-01  1.40379474E-03
1.25866222E-01  2.12851986E-01  1.43924076E-03
1.26164837E-01  2.19585612E-01  1.44564360E-03
1.26463452E-01  2.22920239E-01  1.44961372E-03
1.26762067E-01  2.27705613E-01  1.47112121E-03
1.27060682E-01  2.33115479E-01  1.48442062E-03
1.27359297E-01  2.38724083E-01  1.52474770E-03
1.27657912E-01  2.43850112E-01  1.50490354E-03
1.27956527E-01  2.52594322E-01  1.53838017E-03
1.28255142E-01  2.57257581E-01  1.56368082E-03
1.28553757E-01  2.64146596E-01  1.55690429E-03
1.28852372E-01  2.70078540E-01  1.58059632E-03
1.29150987E-01  2.73436993E-01  1.59039523E-03
1.29449602E-01  2.81825989E-01  1.62441796E-03
1.29748217E-01  2.87869215E-01  1.64063333E-03
1.30046832E-01  2.94415623E-01  1.64588483E-03
1.30345447E-01  3.01186174E-01  1.66029134E-03
1.30644062E-01  3.10852617E-01  1.68449781E-03
1.30942677E-01  3.16221207E-01  1.71145552E-03
1.31241292E-01  3.24156463E-01  1.72702398E-03
1.31539907E-01  3.32505494E-01  1.73988892E-03
1.31838522E-01  3.38778704E-01  1.76437676E-03
1.32137137E-01  3.44332039E-01  1.79495488E-03
1.32435752E-01  3.54178101E-01  1.84430252E-03
1.32734367E-01  3.61530006E-01  1.86076539E-03
1.33032982E-01  3.74736965E-01  1.91444159E-03
1.33331597E-01  3.77359003E-01  1.92112988E-03
1.33630212E-01  3.88530463E-01  1.95768639E-03
1.33928827E-01  3.97408307E-01  2.01026862E-03
1.34227442E-01  4.02222037E-01  1.97366951E-03
1.34526057E-01  4.09386873E-01  2.03140266E-03
1.34824672E-01  4.15535927E-01  2.06168625E-03
1.35123287E-01  4.23687726E-01  2.06960295E-03
1.35421902E-01  4.36718613E-01  2.11986830E-03
1.35720517E-01  4.38380957E-01  2.10211752E-03
1.36019132E-01  4.45929050E-01  2.15822947E-03
1.36317747E-01  4.46551532E-01  2.13883934E-03
1.36616362E-01  4.55857664E-01  2.15463899E-03
1.36914977E-01  4.59949970E-01  2.18860083E-03
1.37213592E-01  4.63293999E-01  2.19986052E-03
1.37512207E-01  4.65681583E-01  2.22750427E-03
1.37810822E-01  4.70660418E-01  2.21728603E-03
1.38109437E-01  4.68802243E-01  2.21290742E-03
1.38408052E-01  4.71455455E-01  2.22759158E-03
1.38706667E-01  4.73798990E-01  2.23824009E-03
1.39005282E-01  4.75801587E-01  2.26736767E-03
1.39303897E-01  4.74754453E-01  2.22022482E-03
1.39602512E-01  4.66237038E-01  2.24271696E-03
1.39901127E-01  4.70132977E-01  2.24856520E-03
1.40199742E-01  4.67066377E-01  2.23083841E-03
1.40498357E-01  4.59502965E-01  2.23608385E-03
1.40796972E-01  4.54972148E-01  2.19585863E-03
1.41095587E-01  4.55640525E-01  2.22930405E-03
1.41394202E-01  4.50190067E-01  2.20208336E-03
1.41692817E-01  4.42750335E-01  2.19754945E-03
1.41991432E-01  4.36915994E-01  2.18302500E-03
1.42290047E-01  4.29575562E-01  2.14940985E-03
1.42588662E-01  4.23965275E-01  2.16413056E-03
1.42887277E-01  4.13848370E-01  2.12630117E-03
1.43185892E-01  4.03640538E-01  2.09331349E-03
1.43484507E-01  3.96259576E-01  2.09056283E-03
1.43783122E-01  3.86870146E-01  2.04856717E-03
1.44081737E-01  3.77972007E-01  2.03125644E-03
1.44380352E-01  3.69941920E-01  1.99311622E-03
1.44678967E-01  3.62636954E-01  1.95149519E-03
1.44977582E-01  3.53080720E-01  1.96401612E-03
1.45276197E-01  3.43545496E-01  1.90888066E-03
1.45574812E-01  3.33799243E-01  1.90363626E-03
1.45873427E-01  3.24981540E-01  1.83491223E-03
1.46172042E-01  3.20310056E-01  1.83478207E-03
1.46470657E-01  3.09600413E-01  1.82547921E-03
1.46769272E-01  3.03895175E-01  1.78715494E-03
1.47067887E-01  2.98530579E-01  1.76728866E-03
1.47366502E-01  2.91449070E-01  1.73768110E-03
1.47665117E-01  2.80936539E-01  1.70861825E-03
1.47963732E-01  2.79473931E-01  1.72370335E-03
1.48262347E-01  2.72930890E-01  1.68536871E-03
1.48560962E-01  2.64663398E-01  1.66215177E-03
1.48859577E-01  2.61860609E-01  1.63131661E-03
1.49158192E-01  2.57289141E-01  1.65071443E-03
1.49456807E-01  2.51489758E-01  1.61297561E-03
1.49755422E-01  2.47021154E-01  1.59441505E-03
1.50054037E-01  2.43223712E-01  1.59221608E-03
1.50352652E-01  2.39434838E-01  1.55991060E-03
1.50651267E-01  2.35941634E-01  1.57057261E-03
1.50949882E-01  2.35268980E-01  1.54401758E-03
1.51248497E-01  2.34002292E-01  1.54724310E-03
1.51547112E-01  2.31696457E-01  1.56648236E-03
1.51845727E-01  2.27708951E-01  1.50800624E-03
1.52144342E-01  2.28239611E-01  1.54707616E-03
1.52442957E-01  2.28288665E-01  1.50128198E-03
1.52741572E-01  2.21908823E-01  1.50175113E-03
1.53040187E-01  2.25324497E-01  1.53484533E-03
1.53338802E-01  2.25586444E-01  1.50477933E-03
1.53637417E-01  2.23738015E-01  1.51687663E-03
1.53936032E-01  2.21790984E-01  1.48829550E-03
1.54234647E-01  2.21292153E-01  1.48985349E-03
1.54533262E-01  2.22171500E-01  1.51607872E-03
1.54831877E-01  2.21987411E-01  1.49436505E-03
1.55130492E-01  2.19901547E-01  1.48949795E-03
1.55429107E-01  2.24328563E-01  1.49625551E-03
1.55727722E-01  2.28836954E-01  1.52615632E-03
1.56026337E-01  2.27120355E-01  1.51155156E-03
1.56324952E-01  2.27453038E-01  1.50773383E-03
1.56623567E-01  2.26939961E-01  1.52318995E-03
1.56922182E-01  2.30532631E-01  1.51299930E-03
1.57220797E-01  2.29274988E-01  1.52931572E-03
1.57519412E-01  2.31091172E-01  1.51646906E-03
1.57818027E-01  2.32498795E-01  1.51998957E-03
1.58116642E-01  2.31232598E-01  1.53640378E-03
1.58415257E-01  2.30641842E-01  1.51391164E-03
1.58713872E-01  2.32207209E-01  1.53343088E-03
1.59012487E-01  2.32360572E-01  1.51196192E-03
1.59311102E-01  2.33289316E-01  1.53813045E-03
1.59609717E-01  2.33191475E-01  1.54063629E-03
1.59908332E-01  2.35496610E-01  1.51248637E-03
1.60206947E-01  2.35504091E-01  1.52760569E-03
1.60505562E-01  2.32452825E-01  1.51767954E-03
1.60804177E-01  2.32647151E-01  1.51668710E-03
1.61102792E-01  2.31646642E-01  1.51396566E-03
1.61401407E-01  2.31694356E-01  1.50820182E-03
1.61700022E-01  2.30755225E-01  1.50301238E-03
1.61998637E-01  2.31582627E-01  1.50891370E-03
1.62297252E-01  2.28354603E-01  1.50533312E-03
1.62595867E-01  2.28008285E-01  1.50311540E-03
1.62894482E-01  2.25398764E-01  1.47765141E-03
1.63193097E-01  2.23814219E-01  1.49405492E-03
1.63491712E-01  2.19160989E-01  1.45401421E-03
1.63790327E-01  2.19291955E-01  1.47729134E-03
1.64088942E-01  2.17302054E-01  1.44582358E-03
1.64387557E-01  2.12394491E-01  1.44046755E-03
1.64686172E-01  2.10781455E-01  1.45200873E-03
1.64984787E-01  2.06825987E-01  1.41251390E-03
1.65283402E-01  2.07052469E-01  1.42224354E-03
1.65582017E-01  2.04284266E-01  1.40088412E-03
1.65880632E-01  1.99104145E-01  1.38880964E-03
1.66179247E-01  1.98179573E-01  1.39687827E-03
1.66477862E-01  1.91037983E-01  1.35236490E-03
1.66776477E-01  1.89092517E-01  1.35725539E-03
1.67075092E-01  1.87811583E-01  1.35551929E-03
1.67373707E-01  1.83873087E-01  1.33698480E-03
1.67672322E-01  1.80373117E-01  1.32327154E-03
1.67970937E-01  1.74780652E-01  1.29043020E-03
1.68269552E-01  1.73315391E-01  1.29531149E-03
1.68568167E-01  1.69261366E-01  1.26727996E-03
1.68866782E-01  1.63867801E-01  1.26528472E-03
1.69165397E-01  1.62025064E-01  1.24849088E-03
1.69464012E-01  1.60336033E-01  1.23426737E-03
1.69762627E-01  1.58644184E-01  1.23582990E-03
1.70061242E-01  1.53198242E-01  1.21023110E-03
1.70359857E-01  1.49269953E-01  1.20847544E-03
1.70658472E-01  1.47165284E-01  1.17845414E-03
1.70957087E-01  1.43324614E-01  1.16736465E-03
1.71255702E-01  1.40866101E-01  1.17148669E-03
1.71554317E-01  1.38873890E-01  1.13705068E-03
1.71852932E-01  1.35937676E-01  1.13924034E-03
1.72151547E-01  1.32503092E-01  1.12089678E-03
1.72450162E-01  1.30017146E-01  1.11300708E-03
1.72748777E-01  1.28560245E-01  1.10943289E-03
1.73047392E-01  1.26266211E-01  1.09457888E-03
1.73346007E-01  1.22911587E-01  1.08179892E-03
1.73644622E-01  1.22578301E-01  1.07516558E-03
1.73943237E-01  1.21331677E-01  1.07005076E-03
1.74241852E-01  1.18359327E-01  1.06341275E-03
1.74540467E-01  1.14767835E-01  1.03402836E-03
1.74839082E-01  1.13886379E-01  1.04276859E-03
1.75137697E-01  1.11015856E-01  1.01973943E-03
1.75436312E-01  1.09900899E-01  1.02119683E-03
1.75734927E-01  1.09012477E-01  1.00473396E-03
1.76033542E-01  1.06664285E-01  9.96862538E-04
1.76332157E-01  1.05821937E-01  1.00796507E-03
1.76630772E-01  1.04527347E-01  9.84181883E-04
1.76929387E-01  1.02989249E-01  9.91979381E-04
1.77228002E-01  1.02269672E-01  9.69609478E-04
1.77526617E-01  9.91505459E-02  9.61765822E-04
1.77825232E-01  9.84620601E-02  9.61670128E-04
1.78123847E-01  9.70145464E-02  9.50711838E-04
1.78422462E-01  9.68751013E-02  9.50029877E-04
1.78721077E-01  9.80839282E-02  9.58525692E-04
1.79019692E-01  9.54792202E-02  9.46034619E-04
1.79318307E-01  9.43623781E-02  9.40805592E-04
1.79616922E-01  9.18148085E-02  9.14180011E-04
1.79915537E-01  9.18753743E-02  9.26758396E-04
1.80214152E-01  9.09785181E-02  9.14230011E-04
1.80512767E-01  9.07938778E-02  9.22538107E-04
1.80811382E-01  9.06683132E-02  9.19413171E-04
1.81109997E-01  8.78640339E-02  8.96665093E-04
1.81408612E-01  8.84946287E-02  9.08940914E-04
1.81707227E-01  8.62821713E-02  8.92404409E-04
1.82005842E-01  8.68731737E-02  8.95456935E-04
1.82304457E-01  8.58718976E-02  8.85277288E-04
1.82603072E-01  8.54458138E-02  8.86890513E-04
1.82901687E-01  8.42201635E-02  8.86724563E-04
1.83200302E-01  8.25484619E-02  8.69992247E-04
1.83498917E-01  8.25706199E-02  8.66671209E-04
1.83797532E-01  8.24182108E-02  8.64452682E-04
1.84096147E-01  8.37188661E-02  8.79353262E-04
1.84394762E-01  8.22943076E-02  8.73299723E-04
1.84693377E-01  8.16283301E-02  8.63707217E-04
1.84991992E-01  8.16784129E-02  8.68575298E-04
1.85290607E-01  8.19197148E-02  8.58751941E-04
1.85589222E-01  8.02966431E-02  8.56354425E-04
1.85887837E-01  7.99316615E-02  8.51880759E-04
1.86186452E-01  7.87141174E-02  8.43709975E-04
1.86485067E-01  7.93451741E-02  8.51550954E-04
1.86783682E-01  7.84041286E-02  8.43982678E-04
1.87082297E-01  7.87770003E-02  8.49622476E-04
1.87380912E-01  7.97822997E-02  8.49421020E-04
1.87679527E-01  7.79425651E-02  8.32527759E-04
1.87978142E-01  7.71867707E-02  8.38788517E-04
1.88276757E-01  7.81029910E-02  8.41814734E-04
1.88575372E-01  7.75264204E-02  8.41189059E-04
1.88873987E-01  7.71800354E-02  8.34098551E-04
1.89172602E-01  7.68074170E-02  8.27514275E-04
1.89471217E-01  7.70580843E-02  8.35075742E-04
1.89769832E-01  7.74090588E-02  8.39174958E-04
1.90068447E-01  7.66918138E-02  8.23453942E-04
1.90367062E-01  7.63293207E-02  8.29225755E-04
1.90665677E-01  7.53196925E-02  8.21854104E-04
1.90964292E-01  7.56535009E-02  8.22077913E-04
1.91262907E-01  7.55823776E-02  8.25162628E-04
1.91561522E-01  7.57053941E-02  8.15546548E-04
1.91860137E-01  7.41602257E-02  8.18164845E-04
1.92158752E-01  7.63334483E-02  8.25769501E-04
1.92457367E-01  7.56894425E-02  8.23343871E-04
1.92755982E-01  7.45163709E-02  8.13524588E-04
1.93054597E-01  7.54394531E-02  8.19075212E-04
1.93353212E-01  7.49975666E-02  8.12507526E-04
1.93651827E-01  7.55629763E-02  8.24263436E-04
1.93950442E-01  7.45864883E-02  8.14435771E-04
1.94249057E-01  7.44325593E-02  8.07904988E-04
1.94547672E-01  7.61878714E-02  8.23664712E-04
1.94846287E-01  7.51322508E-02  8.16365588E-04
1.95144902E-01  7.59244040E-02  8.25167808E-04
1.95443517E-01  7.47419149E-02  8.01501737E-04
1.95742132E-01  7.53223374E-02  8.15834501E-04
1.96040747E-01  7.49470070E-02  8.15364241E-04
1.96339362E-01  7.34138712E-02  8.08799523E-04
1.96637977E-01  7.49039799E-02  8.08934157E-04
1.96936592E-01  7.38385543E-02  8.04687326E-04
1.97235207E-01  7.35358596E-02  8.05851305E-04
1.97533822E-01  7.51331896E-02  8.11456819E-04
1.97832437E-01  7.61415064E-02  8.19484179E-04
1.98131052E-01  7.64424652E-02  8.16691085E-04
1.98429667E-01  7.63340890E-02  8.16886371E-04
1.98728282E-01  7.56671652E-02  8.15892534E-04
1.99026897E-01  7.66546428E-02  8.16029264E-04
1.99325512E-01  7.57316947E-02  8.13661027E-04
1.99624127E-01  7.64879063E-02  8.17456632E-04
1.99922742E-01  7.61995465E-02  8.14374769E-04
2.00221357E-01  7.51708299E-02  8.13478022E-04
2.00519972E-01  7.62769729E-02  8.11227656E-04
2.00818587E-01  7.53856376E-02  8.05722259E-04
2.01117202E-01  7.78434426E-02  8.26766074E-04
2.01415817E-01  7.72326738E-02  8.15282343E-04
2.01714432E-01  7.75692612E-02  8.20896181E-04
2.02013047E-01  7.66314268E-02  8.12611077E-04
2.02311662E-01  7.64578283E-02  8.14996834E-04
2.02610277E-01  7.79092237E-02  8.24771065E-04
2.02908892E-01  7.68242553E-02  8.10113910E-04
2.03207507E-01  7.58700520E-02  8.08318378E-04
2.03506122E-01  7.72404149E-02  8.14321218E-04
2.03804737E-01  7.65245929E-02  8.11295817E-04
2.04103352E-01  7.73236826E-02  8.18068278E-04
2.04401967E-01  7.69497082E-02  8.15070234E-04
2.04700582E-01  7.70035684E-02  8.08327866E-04
2.04999197E-01  7.94703588E-02  8.23449634E-04
2.05297812E-01  7.84008056E-02  8.25820840E-04
2.05596427E-01  7.76967853E-02  8.15469946E-04
2.05895042E-01  7.85564557E-02  8.22006317E-04
2.06193657E-01  7.75106996E-02  8.11241334E-04
2.06492272E-01  7.91337863E-02  8.18688655E-04
2.06790887E-01  7.85697773E-02  8.24905117E-04
2.07089502E-01  7.67055079E-02  8.01629445E-04
2.07388117E-01  7.81996399E-02  8.19890120E-04
2.07686732E-01  7.91425928E-02  8.21510039E-04
2.07985347E-01  7.76021630E-02  8.10734578E-04
2.08283962E-01  7.65542910E-02  8.07222212E-04
2.08582577E-01  7.78368488E-02  8.08261160E-04
2.08881192E-01  7.74166808E-02  8.09769612E-04
2.09179807E-01  7.72024393E-02  8.12387210E-04
2.09478422E-01  7.54201263E-02  7.93456624E-04
2.09777037E-01  7.63687491E-02  8.06747179E-04
2.10075652E-01  7.47880265E-02  7.90843333E-04
2.10374267E-01  7.64051527E-02  8.09438352E-04
2.10672882E-01  7.50060081E-02  7.99521280E-04
2.10971497E-01  7.59907588E-02  7.91699276E-04
2.11270112E-01  7.51319751E-02  7.99457310E-04
2.11568727E-01  7.44775981E-02  7.87780911E-04
2.11867342E-01  7.38734156E-02  7.92006205E-04
2.12165957E-01  7.52270222E-02  7.92214589E-04
2.12464572E-01  7.57410824E-02  7.94200459E-04
2.12763187E-01  7.23993629E-02  7.80248956E-04
2.13061802E-01  7.30569065E-02  7.83072319E-04
2.13360417E-01  7.36941919E-02  7.89359096E-04
2.13659032E-01  7.17461929E-02  7.70662911E-04
2.13957647E-01  6.95535988E-02  7.59706367E-04
2.14256262E-01  7.05953166E-02  7.68840604E-04
2.14554877E-01  6.93297088E-02  7.57351227E-04
2.14853492E-01  6.91643804E-02  7.57582078E-04
2.15152107E-01  6.80389032E-02  7.50495004E-04
2.15450722E-01  6.82183355E-02  7.59012997E-04
2.15749337E-01  6.79074749E-02  7.52024876E-04
2.16047952E-01  6.69482872E-02  7.44237448E-04
2.16346567E-01  6.72274753E-02  7.46235251E-04
2.16645182E-01  6.57102242E-02  7.33608846E-04
2.16943797E-01  6.45386800E-02  7.30944099E-04
2.17242412E-01  6.37300685E-02  7.31178327E-04
2.17541027E-01  6.50143027E-02  7.26927421E-04
2.17839642E-01  6.25903979E-02  7.25493825E-04
2.18138257E-01  6.33772612E-02  7.16458948E-04
2.18436872E-01  6.10395707E-02  7.10435153E-04
2.18735487E-01  6.14984743E-02  7.09508604E-04
2.19034102E-01  6.04241900E-02  7.03701866E-04
2.19332717E-01  5.95030375E-02  7.02911639E-04
2.19631332E-01  6.00452349E-02  7.03161699E-04
2.19929947E-01  5.89636564E-02  6.94122515E-04
2.20228562E-01  5.89975193E-02  6.92079775E-04
2.20527177E-01  5.80928735E-02  6.90408633E-04
2.20825792E-01  5.76718859E-02  6.88720786E-04
2.21124407E-01  5.62603772E-02  6.78229786E-04
2.21423022E-01  5.59397042E-02  6.75100251E-04
2.21721637E-01  5.58564439E-02  6.73213566E-04
2.22020252E-01  5.38777262E-02  6.60989375E-04
2.22318867E-01  5.45896068E-02  6.69672503E-04
2.22617482E-01  5.32998964E-02  6.53998752E-04
2.22916097E-01  5.47851175E-02  6.72070892E-04
2.23214712E-01  5.35696968E-02  6.57755008E-04
2.23513327E-01  5.22765629E-02  6.54172909E-04
2.23811942E-01  5.25297187E-02  6.52102986E-04
2.24110557E-01  5.18865548E-02  6.45463006E-04
2.24409172E-01  5.07083610E-02  6.42960600E-04
2.24707787E-01  5.15012033E-02  6.41762686E-04
2.25006402E-01  5.10578416E-02  6.46508997E-04
2.25305017E-01  5.02946042E-02  6.30210678E-04
2.25603632E-01  5.00544272E-02  6.37493795E-04
2.25902247E-01  4.97816950E-02  6.36502984E-04
2.26200862E-01  4.91273478E-02  6.28805079E-04
2.26499477E-01  4.85873520E-02  6.23170927E-04
2.26798092E-01  4.93689030E-02  6.31638221E-04
2.27096707E-01  4.78394665E-02  6.20873063E-04
2.27395322E-01  4.87808920E-02  6.29339193E-04
2.27693937E-01  4.83572185E-02  6.18846447E-04
2.27992552E-01  4.84683998E-02  6.21696352E-04
2.28291167E-01  4.82296199E-02  6.19807397E-04
2.28589782E-01  4.82504480E-02  6.24997425E-04
2.28888397E-01  4.80510667E-02  6.21529005E-04
2.29187012E-01  4.72949706E-02  6.11493364E-04
2.29485627E-01  4.58248518E-02  6.04162633E-04
2.29784242E-01  4.81320471E-02  6.22056308E-04
2.30082857E-01  4.67520840E-02  6.09021692E-04
2.30381472E-01  4.71502170E-02  6.10387535E-04
2.30680087E-01  4.64248657E-02  6.07237220E-04
2.30978702E-01  4.53607328E-02  6.00238680E-04
2.31277317E-01  4.61260192E-02  6.05977839E-04
2.31575932E-01  4.66805175E-02  6.09435316E-04
2.31874547E-01  4.59047444E-02  5.99716266E-04
2.32173162E-01  4.53066081E-02  5.98684419E-04
2.32471777E-01  4.56237756E-02  6.01982698E-04
2.32770392E-01  4.54145558E-02  5.98545186E-04
2.33069007E-01  4.51896973E-02  5.96722879E-04
2.33367622E-01  4.42869887E-02  5.88560652E-04
2.33666237E-01  4.58782390E-02  6.04184286E-04
2.33964852E-01  4.55848277E-02  5.97631442E-04
2.34263467E-01  4.53656316E-02  5.96194121E-04
2.34562082E-01  4.49601673E-02  5.95042366E-04
2.34860697E-01  4.55294922E-02  5.97779988E-04
2.35159312E-01  4.40756045E-02  5.88827359E-04
2.35457927E-01  4.53016274E-02  5.93765581E-04
2.35756542E-01  4.63534445E-02  5.98270854E-04
2.36055157E-01  4.53204848E-02  5.96580445E-04
2.36353772E-01  4.43499424E-02  5.89657691E-04
2.36652387E-01  4.50939983E-02  5.97809267E-04
2.36951002E-01  4.51881289E-02  5.87602553E-04
2.37249617E-01  4.44059521E-02  5.91711316E-04
2.37548232E-01  4.50990573E-02  5.93614241E-04
2.37846847E-01  4.55874987E-02  5.94810757E-04
2.38145462E-01  4.46588919E-02  5.88228344E-04
2.38444077E-01  4.51910943E-02  5.87790273E-04
2.38742692E-01  4.56067547E-02  6.00348751E-04
2.39041307E-01  4.52390239E-02  5.92537981E-04
2.39339922E-01  4.44980562E-02  5.86517039E-04
2.39638537E-01  4.44412641E-02  5.86635433E-04
2.39937152E-01  4.43713963E-02  5.84542984E-04
2.40235767E-01  4.40054573E-02  5.86218608E-04
2.40534382E-01  4.32570726E-02  5.77480067E-04
2.40832997E-01  4.28889021E-02  5.73742087E-04
2.41131612E-01  4.41523232E-02  5.85222617E-04
2.41430227E-01  4.25835587E-02  5.69963478E-04
2.41728842E-01  4.37334441E-02  5.83423825E-04
2.42027457E-01  4.25922163E-02  5.68148796E-04
2.42326072E-01  4.31198664E-02  5.73861354E-04
2.42624687E-01  4.30724323E-02  5.79001673E-04
2.42923302E-01  4.23085578E-02  5.70488512E-04
2.43221917E-01  4.23095822E-02  5.65183756E-04
2.43520532E-01  4.16843034E-02  5.63301379E-04
2.43819147E-01  4.17762212E-02  5.64388931E-04
2.44117762E-01  4.15631197E-02  5.65602444E-04
2.44416377E-01  4.09290940E-02  5.62682340E-04
2.44714992E-01  4.20300737E-02  5.62706555E-04
2.45013607E-01  4.17405777E-02  5.66654780E-04
2.45312222E-01  4.17383425E-02  5.63209469E-04
2.45610837E-01  4.01875786E-02  5.54324593E-04
2.45909452E-01  4.00275253E-02  5.47654694E-04
2.46208067E-01  4.04064059E-02  5.54763072E-04
2.46506682E-01  4.09044735E-02  5.56948828E-04
2.46805297E-01  3.97385061E-02  5.53366670E-04
2.47103912E-01  4.10008654E-02  5.55029430E-04
2.47402527E-01  3.82661372E-02  5.36201231E-04
2.47701142E-01  3.98084223E-02  5.50194934E-04
2.47999757E-01  3.91737334E-02  5.45343442E-04
2.48298372E-01  3.84474099E-02  5.43402566E-04
2.48596987E-01  3.81492339E-02  5.31081227E-04
2.48895602E-01  3.86114530E-02  5.38037508E-04
2.49194217E-01  3.85376401E-02  5.38107182E-04
2.49492832E-01  3.72441523E-02  5.30008110E-04
2.49791447E-01  3.81402597E-02  5.37666958E-04
2.50090062E-01  3.76779139E-02  5.30780177E-04
2.50388677E-01  3.76382060E-02  5.34265069E-04
2.50687292E-01  3.65891643E-02  5.24903007E-04
2.50985907E-01  3.69654112E-02  5.24609233E-04
2.51284522E-01  3.56794819E-02  5.18621237E-04
2.51583137E-01  3.67155410E-02  5.22274175E-04
2.51881752E-01  3.52201276E-02  5.13738371E-04
2.52180367E-01  3.51903103E-02  5.13522013E-04
2.52478982E-01  3.51976529E-02  5.11779741E-04
2.52777597E-01  3.46211009E-02  5.08529309E-04
2.53076212E-01  3.49314064E-02  5.10942133E-04
2.53374827E-01  3.46289277E-02  5.10243000E-04
2.53673442E-01  3.45482901E-02  5.03136369E-04
2.53972057E-01  3.40484157E-02  5.03496325E-04
2.54270672E-01  3.34126242E-02  4.98640351E-04
2.54569287E-01  3.33077461E-02  5.00147871E-04
2.54867902E-01  3.30574065E-02  4.95718559E-04
2.55166517E-01  3.37379798E-02  4.97601635E-04
2.55465132E-01  3.35166566E-02  4.98750946E-04
2.55763747E-01  3.32734324E-02  4.97339061E-04
2.56062362E-01  3.18515003E-02  4.86466743E-04
2.56360977E-01  3.28157581E-02  4.90498147E-04
2.56659592E-01  3.24316062E-02  4.86334291E-04
2.56958207E-01  3.17021757E-02  4.84808523E-04
2.57256822E-01  3.13791111E-02  4.81560273E-04
2.57555437E-01  3.18200402E-02  4.82620642E-04
2.57854052E-01  3.15383263E-02  4.81627503E-04
2.58152667E-01  3.11800390E-02  4.80546703E-04
2.58451282E-01  3.12931947E-02  4.81547788E-04
2.58749897E-01  3.12854648E-02  4.77043417E-04
2.59048512E-01  3.10231615E-02  4.76041634E-04
2.59347127E-01  3.11876349E-02  4.77051391E-04
2.59645742E-01  3.04933302E-02  4.74091416E-04
2.59944357E-01  3.04284729E-02  4.74345987E-04
2.60242972E-01  2.97043435E-02  4.62776545E-04
2.60541587E-01  2.97343321E-02  4.67287638E-04
2.60840202E-01  3.00086327E-02  4.68199549E-04
2.61138817E-01  2.95079090E-02  4.65630670E-04
2.61437432E-01  2.95102596E-02  4.64052864E-04
2.61736047E-01  2.99933758E-02  4.65755875E-04
2.62034662E-01  2.89492942E-02  4.59744333E-04
2.62333277E-01  2.96993498E-02  4.65417863E-04
2.62631892E-01  2.92439964E-02  4.59185074E-04
2.62930507E-01  2.91374773E-02  4.58587892E-04
2.63229122E-01  2.91138962E-02  4.59241710E-04
2.63527737E-01  2.90879700E-02  4.61946649E-04
2.63826352E-01  2.82279048E-02  4.51141474E-04
2.64124967E-01  2.93888822E-02  4.60326497E-04
2.64423582E-01  2.94349883E-02  4.61048679E-04
2.64722197E-01  2.90562343E-02  4.56293114E-04
2.65020812E-01  2.79359762E-02  4.51875181E-04
2.65319427E-01  2.80580949E-02  4.46889229E-04
2.65618042E-01  2.90612951E-02  4.59556846E-04
2.65916657E-01  2.86542457E-02  4.54543071E-04
2.66215272E-01  2.81269122E-02  4.49757208E-04
2.66513887E-01  2.80844886E-02  4.49769403E-04
2.66812502E-01  2.83929426E-02  4.49437735E-04
2.67111117E-01  2.86547858E-02  4.54551657E-04
2.67409732E-01  2.81191710E-02  4.49116982E-04
2.67708347E-01  2.80126669E-02  4.48964740E-04
2.68006962E-01  2.78038103E-02  4.46593534E-04
2.68305577E-01  2.84944344E-02  4.50592866E-04
2.68604192E-01  2.76606735E-02  4.45098995E-04
2.68902807E-01  2.71822792E-02  4.40664968E-04
2.69201422E-01  2.72863004E-02  4.39473253E-04
2.69500037E-01  2.70332098E-02  4.39230615E-04
2.69798652E-01  2.78681479E-02  4.45733487E-04
2.70097267E-01  2.72059757E-02  4.43268131E-04
2.70395882E-01  2.81596445E-02  4.44078876E-04
2.70694497E-01  2.81603802E-02  4.47837228E-04
2.70993112E-01  2.78047733E-02  4.45804617E-04
2.71291727E-01  2.77191103E-02  4.44774283E-04
2.71590342E-01  2.74395403E-02  4.43671073E-04
2.71888957E-01  2.72855405E-02  4.36806324E-04
2.72187572E-01  2.65520308E-02  4.33419511E-04
2.72486187E-01  2.72870958E-02  4.39828495E-04
2.72784802E-01  2.75417753E-02  4.42784658E-04
2.73083417E-01  2.72313207E-02  4.35826660E-04
2.73382032E-01  2.71059275E-02  4.37363080E-04
2.73680647E-01  2.68369801E-02  4.37198032E-04
2.73979262E-01  2.78259479E-02  4.43023193E-04
2.74277877E-01  2.74053235E-02  4.37883049E-04
2.74576492E-01  2.75940243E-02  4.40056319E-04
2.74875107E-01  2.68520899E-02  4.35426569E-04
2.75173722E-01  2.65308879E-02  4.33478854E-04
2.75472337E-01  2.73257457E-02  4.35059337E-04
2.75770952E-01  2.72196475E-02  4.38399758E-04
2.76069567E-01  2.72569694E-02  4.34405054E-04
2.76368182E-01  2.71524061E-02  4.39430674E-04
2.76666797E-01  2.62716804E-02  4.31030930E-04
2.76965412E-01  2.67672166E-02  4.30165470E-04
2.77264027E-01  2.70334426E-02  4.35683382E-04
2.77562642E-01  2.72868015E-02  4.33889742E-04
2.77861257E-01  2.70565152E-02  4.37649578E-04
2.78159872E-01  2.68743522E-02  4.30278888E-04
2.78458487E-01  2.74026711E-02  4.36118309E-04
2.78757102E-01  2.68489271E-02  4.34861024E-04
2.79055717E-01  2.70125028E-02  4.33547859E-04
2.79354332E-01  2.63870396E-02  4.28392639E-04
2.79652947E-01  2.63656303E-02  4.28327417E-04
2.79951562E-01  2.72912048E-02  4.32214758E-04
2.80250177E-01  2.70769093E-02  4.36044240E-04
2.80548792E-01  2.73692515E-02  4.35641618E-04
2.80847407E-01  2.72824466E-02  4.33327747E-04
2.81146022E-01  2.69041229E-02  4.32142464E-04
2.81444637E-01  2.67118439E-02  4.31679277E-04
2.81743252E-01  2.78409999E-02  4.38835646E-04
2.82041867E-01  2.75669526E-02  4.32905741E-04
2.82340482E-01  2.68460810E-02  4.30710439E-04
2.82639097E-01  2.70044468E-02  4.32195637E-04
2.82937712E-01  2.74964459E-02  4.35356022E-04
2.83236327E-01  2.68150587E-02  4.29715263E-04
2.83534942E-01  2.65239887E-02  4.25269303E-04
2.83833557E-01  2.72346828E-02  4.33389883E-04
2.84132172E-01  2.62742955E-02  4.24941303E-04
2.84430787E-01  2.68288031E-02  4.31657158E-04
2.84729402E-01  2.65862662E-02  4.24417085E-04
2.85028017E-01  2.64627337E-02  4.26043174E-04
2.85326632E-01  2.75583751E-02  4.37599927E-04
2.85625247E-01  2.69711576E-02  4.26025654E-04
2.85923862E-01  2.72257179E-02  4.31610883E-04
2.86222477E-01  2.73292474E-02  4.32005356E-04
2.86521092E-01  2.64956560E-02  4.25471808E-04
2.86819707E-01  2.68113073E-02  4.30985354E-04
2.87118322E-01  2.65753530E-02  4.22790792E-04
2.87416937E-01  2.66531613E-02  4.25376580E-04
2.87715552E-01  2.72182301E-02  4.29232750E-04
2.88014167E-01  2.70605311E-02  4.30946093E-04
2.88312782E-01  2.69124582E-02  4.29023406E-04
2.88611397E-01  2.68175378E-02  4.23282414E-04
2.88910012E-01  2.78225802E-02  4.36650909E-04
2.89208627E-01  2.71636974E-02  4.29227570E-04
2.89507242E-01  2.75371317E-02  4.31852066E-04
2.89805857E-01  2.62544081E-02  4.20137745E-04
2.90104472E-01  2.66878214E-02  4.22977260E-04
2.90403087E-01  2.68437397E-02  4.28800617E-04
2.90701702E-01  2.69585680E-02  4.26359009E-04
2.91000317E-01  2.58927662E-02  4.17137227E-04
2.91298932E-01  2.77748182E-02  4.32978472E-04
2.91597547E-01  2.71049626E-02  4.28352942E-04
2.91896162E-01  2.63353977E-02  4.21920297E-04
2.92194777E-01  2.75401101E-02  4.29789885E-04
2.92493392E-01  2.64713820E-02  4.21777717E-04
2.92792007E-01  2.68322788E-02  4.25160018E-04
2.93090622E-01  2.69409567E-02  4.25814302E-04
2.93389237E-01  2.74528489E-02  4.29633103E-04
2.93687852E-01  2.66079344E-02  4.20026394E-04
2.93986467E-01  2.65852213E-02  4.22894285E-04
2.94285082E-01  2.68831085E-02  4.23106918E-04
2.94583697E-01  2.77359299E-02  4.33004054E-04
2.94882312E-01  2.78759245E-02  4.31265828E-04
2.95180927E-01  2.70507038E-02  4.22100857E-04
2.95479542E-01  2.64349207E-02  4.21089877E-04
2.95778157E-01  2.68376172E-02  4.22652753E-04
2.96076772E-01  2.76763793E-02  4.29517240E-04
2.96375387E-01  2.79426146E-02  4.31061286E-04
2.96674002E-01  2.71984730E-02  4.25079925E-04
2.96972617E-01  2.74273921E-02  4.29655833E-04
2.97271232E-01  2.69017499E-02  4.25726699E-04
2.97569847E-01  2.75012981E-02  4.30655084E-04
2.97868462E-01  2.73780748E-02  4.30950429E-04
2.98167077E-01  2.66829580E-02  4.27543448E-04
2.98465692E-01  2.77175400E-02  4.38472052E-04
2.98764307E-01  2.64292844E-02  4.24460712E-04
2.99062922E-01  2.78420653E-02  4.38362622E-04
2.99361537E-01  2.61618830E-02  4.26313258E-04
2.99660152E-01  2.64981389E-02  4.29800013E-04
2.99958767E-01  2.74182018E-02  4.37419309E-04
3.00257382E-01  2.71991380E-02  4.36881091E-04
3.00555997E-01  2.71857884E-02  4.36554052E-04
3.00854612E-01  2.74601188E-02  4.38088056E-04
3.01153227E-01  2.70248279E-02  4.37480572E-04
3.01451842E-01  2.70383153E-02  4.35592228E-04
3.01750457E-01  2.72667464E-02  4.42499731E-04
3.02049072E-01  2.66150627E-02  4.34043817E-04
3.02347687E-01  2.68210005E-02  4.44431673E-04
3.02646302E-01  2.67830249E-02  4.49769781E-04
3.02944917E-01  2.63231937E-02  4.45771817E-04
3.03243532E-01  2.68418938E-02  4.58718539E-04
3.03542147E-01  2.65558697E-02  4.57045360E-04
3.03840762E-01  2.73744799E-02  4.63774457E-04
3.04139377E-01  2.68253610E-02  4.65070916E-04
3.04437992E-01  2.68017594E-02  4.60731710E-04
3.04736607E-01  2.70906296E-02  4.70803294E-04
3.05035222E-01  2.61834320E-02  4.59075964E-04
3.05333837E-01  2.67664548E-02  4.67291364E-04
3.05632452E-01  2.73646321E-02  4.76284913E-04
3.05931067E-01  2.67446805E-02  4.68484504E-04
3.06229682E-01  2.67235562E-02  4.73372726E-04
3.06528297E-01  2.74583120E-02  4.75259352E-04
3.06826912E-01  2.65160352E-02  4.72822663E-04
3.07125527E-01  2.65102834E-02  4.73927154E-04
3.07424142E-01  2.60231774E-02  4.68981249E-04
3.07722757E-01  2.66915821E-02  4.78777569E-04
3.08021372E-01  2.64383871E-02  4.72566346E-04
3.08319987E-01  2.77973283E-02  4.80911141E-04
3.08618602E-01  2.69638579E-02  4.69025341E-04
3.08917217E-01  2.66223904E-02  4.59074974E-04
3.09215832E-01  2.70543955E-02  4.66802128E-04
3.09514447E-01  2.62245089E-02  4.52415785E-04
3.09813062E-01  2.72057466E-02  4.61844640E-04
3.10111677E-01  2.74047870E-02  4.61448974E-04
3.10410292E-01  2.63744704E-02  4.47089144E-04
3.10708907E-01  2.72986889E-02  4.59272007E-04
3.11007522E-01  2.74608508E-02  4.54224239E-04
3.11306137E-01  2.62060054E-02  4.49363230E-04
3.11604752E-01  2.69941408E-02  4.50716878E-04
3.11903367E-01  2.64476929E-02  4.45649202E-04
3.12201982E-01  2.73491610E-02  4.53059067E-04
3.12500597E-01  2.65159570E-02  4.42055432E-04
3.12799212E-01  2.61137001E-02  4.42351011E-04
3.13097827E-01  2.71632932E-02  4.48017177E-04
3.13396442E-01  2.61552799E-02  4.39042313E-04
3.13695057E-01  2.71742623E-02  4.49791580E-04
3.13993672E-01  2.68644001E-02  4.42726247E-04
3.14292287E-01  2.62512080E-02  4.38801857E-04
3.14590902E-01  2.58952659E-02  4.34555288E-04
3.14889517E-01  2.66902838E-02  4.41176788E-04
3.15188132E-01  2.72685364E-02  4.48534498E-04
3.15486747E-01  2.70509217E-02  4.40800330E-04
3.15785362E-01  2.63938382E-02  4.38377785E-04
3.16083977E-01  2.68658027E-02  4.38950898E-04
3.16382592E-01  2.75163129E-02  4.46667487E-04
3.16681207E-01  2.59156600E-02  4.31568187E-04
3.16979822E-01  2.72182077E-02  4.41595766E-04
3.17278437E-01  2.70345937E-02  4.41590848E-04
3.17577052E-01  2.70031989E-02  4.39964264E-04
3.17875667E-01  2.68208012E-02  4.44611534E-04
3.18174282E-01  2.70294473E-02  4.50428226E-04
3.18472897E-01  2.69089714E-02  4.55887843E-04
3.18771512E-01  2.66089048E-02  4.51582542E-04
3.19070127E-01  2.67393664E-02  4.56234120E-04
3.19368742E-01  2.65351143E-02  4.54872817E-04
3.19667357E-01  2.65488680E-02  4.55376314E-04
3.19965972E-01  2.70066038E-02  4.60324984E-04
3.20264587E-01  2.68972293E-02  4.61487303E-04
3.20563202E-01  2.68988013E-02  4.61107265E-04
3.20861817E-01  2.68003959E-02  4.61185526E-04
3.21160432E-01  2.65224427E-02  4.57351474E-04
3.21459047E-01  2.65557710E-02  4.61996708E-04
3.21757662E-01  2.73484550E-02  4.65881196E-04
3.22056277E-01  2.64453404E-02  4.57863614E-04
3.22354892E-01  2.71570534E-02  4.68016398E-04
3.22653507E-01  2.68082134E-02  4.63521428E-04
3.22952122E-01  2.76076905E-02  4.74515866E-04
3.23250737E-01  2.69843303E-02  4.60279756E-04
3.23549352E-01  2.61450671E-02  4.58685390E-04
3.23847967E-01  2.62765642E-02  4.61988791E-04
3.24146582E-01  2.69877352E-02  4.66834783E-04
3.24445197E-01  2.65100207E-02  4.62955621E-04
3.24743812E-01  2.77390406E-02  4.72740619E-04
3.25042427E-01  2.65626498E-02  4.67524776E-04
3.25341042E-01  2.61066724E-02  4.58223396E-04
3.25639657E-01  2.65359990E-02  4.64544079E-04
3.25938272E-01  2.62518376E-02  4.63275763E-04
3.26236887E-01  2.67580301E-02  4.64043114E-04
3.26535502E-01  2.69192234E-02  4.72485262E-04
3.26834117E-01  2.59724911E-02  4.58918046E-04
3.27132732E-01  2.61433497E-02  4.62732278E-04
3.27431347E-01  2.68698912E-02  4.69813647E-04
3.27729962E-01  2.75616962E-02  4.73585445E-04
3.28028577E-01  2.77243387E-02  4.82691947E-04
3.28327192E-01  2.61067394E-02  4.57309769E-04
3.28625807E-01  2.67479215E-02  4.70567116E-04
3.28924422E-01  2.66004149E-02  4.68989252E-04
3.29223037E-01  2.64377426E-02  4.65614867E-04
3.29521652E-01  2.63254642E-02  4.65591147E-04
3.29820267E-01  2.67035104E-02  4.67261794E-04
3.30118882E-01  2.65971031E-02  4.71502775E-04
3.30417497E-01  2.62952391E-02  4.66298021E-04
3.30716112E-01  2.65983529E-02  4.66207508E-04
3.31014727E-01  2.58482266E-02  4.60402487E-04
3.31313342E-01  2.63746679E-02  4.63427219E-04
3.31611957E-01  2.54553501E-02  4.60170064E-04
3.31910572E-01  2.65785456E-02  4.66865400E-04
3.32209187E-01  2.64994539E-02  4.64117678E-04
3.32507802E-01  2.62802411E-02  4.67430567E-04
3.32806417E-01  2.62133740E-02  4.60664247E-04
3.33105032E-01  2.66801659E-02  4.69012331E-04
3.33403647E-01  2.71985289E-02  4.70481114E-04
3.33702262E-01  2.66602896E-02  4.66077588E-04
3.34000877E-01  2.69872509E-02  4.68652957E-04
3.34299492E-01  2.67941412E-02  4.68489190E-04
3.34598107E-01  2.69731600E-02  4.70470026E-04
3.34896722E-01  2.71328166E-02  4.67321224E-04
3.35195337E-01  2.60233134E-02  4.58600640E-04
3.35493952E-01  2.65020672E-02  4.65522025E-04
3.35792567E-01  2.68844068E-02  4.67219390E-04
3.36091182E-01  2.65481751E-02  4.64971003E-04
3.36389797E-01  2.65467260E-02  4.62119206E-04
3.36688412E-01  2.66863164E-02  4.66318859E-04
3.36987027E-01  2.67717298E-02  4.64210898E-04
3.37285642E-01  2.73888484E-02  4.71451349E-04
3.37584257E-01  2.64357161E-02  4.63855889E-04
3.37882872E-01  2.62141488E-02  4.59755858E-04
3.38181487E-01  2.65601929E-02  4.64540703E-04
3.38480102E-01  2.62324829E-02  4.54792200E-04
3.38778717E-01  2.57943366E-02  4.57128015E-04
3.39077332E-01  2.69995276E-02  4.65786085E-04
3.39375947E-01  2.77068429E-02  4.71712614E-04
3.39674562E-01  2.64701266E-02  4.64031269E-04
3.39973177E-01  2.59070061E-02  4.54299210E-04
3.40271792E-01  2.71497797E-02  4.68308514E-04
3.40570407E-01  2.62826160E-02  4.59967356E-04
3.40869022E-01  2.72464342E-02  4.65631980E-04
3.41167637E-01  2.65387557E-02  4.61003568E-04
3.41466252E-01  2.74394713E-02  4.65946650E-04
3.41764867E-01  2.68080588E-02  4.66174242E-04
3.42063482E-01  2.68147215E-02  4.62597905E-04
3.42362097E-01  2.70222537E-02  4.61868272E-04
3.42660712E-01  2.66392138E-02  4.62818483E-04
3.42959327E-01  2.68509313E-02  4.59881412E-04
3.43257942E-01  2.66154148E-02  4.62614495E-04
3.43556557E-01  2.59827226E-02  4.53678018E-04
3.43855172E-01  2.62592919E-02  4.56217851E-04
3.44153787E-01  2.67124195E-02  4.59875941E-04
3.44452402E-01  2.61145923E-02  4.54183988E-04
3.44751017E-01  2.67030485E-02  4.60192241E-04
3.45049632E-01  2.74465289E-02  4.62086377E-04
3.45348247E-01  2.64654495E-02  4.58143099E-04
3.45646862E-01  2.57687513E-02  4.50147811E-04
3.45945477E-01  2.65381709E-02  4.57079354E-04
3.46244092E-01  2.64125913E-02  4.50658583E-04
3.46542707E-01  2.69034747E-02  4.55207162E-04
3.46841322E-01  2.66881529E-02  4.56691749E-04
3.47139937E-01  2.70835273E-02  4.58516268E-04
3.47438552E-01  2.66423393E-02  4.51370608E-04
3.47737167E-01  2.53734272E-02  4.44055797E-04
3.48035782E-01  2.64307186E-02  4.49205865E-04
3.48334397E-01  2.74648797E-02  4.61480580E-04
3.48633012E-01  2.72013769E-02  4.52853390E-04
3.48931627E-01  2.68945843E-02  4.53759509E-04
3.49230242E-01  2.63896473E-02  4.50726569E-04
3.49528857E-01  2.72244029E-02  4.56410227E-04
3.49827472E-01  2.61864401E-02  4.48369014E-04
3.50126087E-01  2.63442453E-02  4.45426296E-04
3.50424702E-01  2.69021392E-02  4.54080931E-04
3.50723317E-01  2.64759511E-02  4.48616076E-04
3.51021932E-01  2.65971608E-02  4.51253291E-04
3.51320547E-01  2.70108059E-02  4.52384556E-04
3.51619162E-01  2.66218968E-02  4.48139443E-04
3.51917777E-01  2.70611867E-02  4.53801535E-04
3.52216392E-01  2.60102246E-02  4.44051897E-04
3.52515007E-01  2.66873520E-02  4.47721453E-04
3.52813622E-01  2.69879717E-02  4.50237450E-04
3.53112237E-01  2.68715359E-02  4.54211870E-04
3.53410852E-01  2.71806885E-02  4.56062087E-04
3.53709467E-01  2.63921712E-02  4.40850272E-04
3.54008082E-01  2.60695238E-02  4.42875316E-04
3.54306697E-01  2.76119020E-02  4.56037029E-04
3.54605312E-01  2.64614858E-02  4.48757666E-04
3.54903927E-01  2.65380647E-02  4.50769992E-04
3.55202542E-01  2.71390378E-02  4.46223334E-04
3.55501157E-01  2.74153147E-02  4.55406407E-04
3.55799772E-01  2.64291372E-02  4.45083861E-04
3.56098387E-01  2.64605191E-02  4.46436083E-04
3.56397002E-01  2.72147767E-02  4.52387379E-04
3.56695617E-01  2.65203286E-02  4.41698852E-04
3.56994232E-01  2.64905002E-02  4.49508341E-04
3.57292847E-01  2.61764210E-02  4.39644995E-04
3.57591462E-01  2.65533030E-02  4.45535232E-04
3.57890077E-01  2.68707611E-02  4.47349244E-04
3.58188692E-01  2.67523546E-02  4.44577774E-04
3.58487307E-01  2.53893584E-02  4.38989053E-04
3.58785922E-01  2.67098378E-02  4.42346820E-04
3.59084537E-01  2.61438396E-02  4.41974698E-04
3.59383152E-01  2.66454779E-02  4.44523699E-04
3.59681767E-01  2.66290177E-02  4.44744481E-04
3.59980382E-01  2.63958145E-02  4.47001628E-04
3.60278997E-01  2.66624223E-02  4.39875759E-04
3.60577612E-01  2.60839965E-02  4.41594486E-04
3.60876227E-01  2.65115090E-02  4.43649013E-04
3.61174842E-01  2.77515128E-02  4.51139756E-04
3.61473457E-01  2.69302893E-02  4.44415986E-04
3.61772072E-01  2.59224009E-02  4.37294831E-04
3.62070687E-01  2.60119420E-02  4.40753793E-04
3.62369302E-01  2.62137055E-02  4.39280993E-04
3.62667917E-01  2.64869165E-02  4.41448588E-04
3.62966532E-01  2.62392014E-02  4.37989685E-04
3.63265147E-01  2.63901632E-02  4.40878241E-04
3.63563762E-01  2.53947489E-02  4.32599743E-04
3.63862377E-01  2.68387403E-02  4.43086261E-04
3.64160992E-01  2.58630216E-02  4.35303256E-04
3.64459607E-01  2.71667186E-02  4.46376886E-04
3.64758222E-01  2.65141260E-02  4.40984324E-04
3.65056837E-01  2.57304199E-02  4.35110007E-04
3.65355452E-01  2.62651239E-02  4.35699418E-04
3.65654067E-01  2.67031174E-02  4.43026045E-04
3.65952682E-01  2.66462229E-02  4.39309661E-04
3.66251297E-01  2.58406978E-02  4.36974806E-04
3.66549912E-01  2.63626426E-02  4.37196810E-04
3.66848527E-01  2.63054557E-02  4.34459798E-04
3.67147142E-01  2.62558125E-02  4.40357777E-04
3.67445757E-01  2.58461013E-02  4.32332366E-04
3.67744372E-01  2.56908759E-02  4.32161061E-04
3.68042987E-01  2.66624913E-02  4.39339114E-04
3.68341602E-01  2.50164662E-02  4.25785198E-04
3.68640217E-01  2.64684185E-02  4.40041564E-04
3.68938832E-01  2.64867488E-02  4.34618007E-04
3.69237447E-01  2.68799160E-02  4.41247656E-04
3.69536062E-01  2.63277870E-02  4.34769318E-04
3.69834677E-01  2.60637049E-02  4.35181544E-04
3.70133292E-01  2.64340993E-02  4.39531752E-04
3.70431907E-01  2.64112409E-02  4.33670997E-04
3.70730522E-01  2.64344569E-02  4.37127281E-04
3.71029137E-01  2.66640149E-02  4.36528819E-04
3.71327752E-01  2.59191375E-02  4.32285917E-04
3.71626367E-01  2.65778527E-02  4.37291921E-04
3.71924982E-01  2.66660638E-02  4.37678216E-04
3.72223597E-01  2.68150065E-02  4.41074488E-04
3.72522212E-01  2.59631462E-02  4.29216219E-04
3.72820827E-01  2.68704984E-02  4.38676419E-04
3.73119442E-01  2.66265925E-02  4.36795090E-04
3.73418057E-01  2.57224031E-02  4.27225867E-04
3.73716672E-01  2.59341747E-02  4.34231042E-04
3.74015287E-01  2.62648705E-02  4.30282642E-04
3.74313902E-01  2.55173501E-02  4.26177954E-04
3.74612517E-01  2.63859704E-02  4.34487825E-04
3.74911132E-01  2.54631508E-02  4.26165236E-04
3.75209747E-01  2.66939700E-02  4.37019218E-04
3.75508362E-01  2.62069795E-02  4.30143118E-04
3.75806977E-01  2.62884535E-02  4.32354835E-04
3.76105592E-01  2.53014881E-02  4.24053898E-04
3.76404207E-01  2.59394385E-02  4.29588108E-04
3.76702822E-01  2.65125390E-02  4.32429340E-04
3.77001437E-01  2.64260434E-02  4.32054250E-04
3.77300052E-01  2.63080951E-02  4.33971029E-04
3.77598667E-01  2.63719894E-02  4.33494250E-04
3.77897282E-01  2.55429856E-02  4.23487247E-04
3.78195897E-01  2.63548680E-02  4.29515028E-04
3.78494512E-01  2.66708378E-02  4.34722228E-04
3.78793127E-01  2.59617828E-02  4.28141851E-04
3.79091742E-01  2.66232304E-02  4.32683621E-04
3.79390357E-01  2.62881108E-02  4.29626903E-04
3.79688972E-01  2.60899961E-02  4.28223022E-04
3.79987587E-01  2.67614387E-02  4.32933244E-04
3.80286202E-01  2.53909081E-02  4.22770972E-04
3.80584817E-01  2.63765920E-02  4.30900342E-04
3.80883432E-01  2.57455148E-02  4.23999183E-04
3.81182047E-01  2.63657048E-02  4.30378044E-04
3.81480662E-01  2.67939325E-02  4.33970301E-04
3.81779277E-01  2.65259910E-02  4.28340281E-04
3.82077892E-01  2.67169774E-02  4.33349604E-04
3.82376507E-01  2.60711797E-02  4.27109509E-04
3.82675122E-01  2.60864254E-02  4.27991501E-04
3.82973737E-01  2.68941522E-02  4.32820612E-04
3.83272352E-01  2.60804351E-02  4.23470745E-04
3.83570967E-01  2.61566639E-02  4.27707186E-04
3.83869582E-01  2.58884355E-02  4.24229627E-04
3.84168197E-01  2.61462945E-02  4.27195104E-04
3.84466812E-01  2.68795043E-02  4.31413268E-04
3.84765427E-01  2.67230328E-02  4.29621869E-04
3.85064042E-01  2.66156793E-02  4.32104600E-04
3.85362657E-01  2.59868205E-02  4.24193364E-04
3.85661272E-01  2.57042050E-02  4.18966578E-04
3.85959887E-01  2.64704023E-02  4.29519685E-04
3.86258502E-01  2.66820714E-02  4.28024010E-04
3.86557117E-01  2.73583643E-02  4.39098920E-04
3.86855732E-01  2.65001766E-02  4.26039041E-04
3.87154347E-01  2.58447137E-02  4.20531200E-04
3.87452962E-01  2.63047665E-02  4.28073603E-04
3.87751577E-01  2.68145930E-02  4.27300460E-04
3.88050192E-01  2.66255811E-02  4.30679065E-04
3.88348807E-01  2.66575310E-02  4.24905535E-04
3.88647422E-01  2.66464259E-02  4.28279600E-04
3.88946037E-01  2.63493583E-02  4.25044942E-04
3.89244652E-01  2.67706998E-02  4.29280102E-04
3.89543267E-01  2.63571590E-02  4.26058628E-04
3.89841882E-01  2.63183843E-02  4.22407349E-04
3.90140497E-01  2.61375420E-02  4.25127160E-04
3.90439112E-01  2.63247006E-02  4.25589562E-04
3.90737727E-01  2.57294811E-02  4.16238734E-04
3.91036342E-01  2.65409797E-02  4.28080326E-04
3.91334957E-01  2.66693644E-02  4.24393889E-04
3.91633572E-01  2.73575298E-02  4.33864072E-04
3.91932187E-01  2.65150145E-02  4.23064048E-04
3.92230802E-01  2.65282020E-02  4.24410478E-04
3.92529417E-01  2.68145148E-02  4.29541135E-04
3.92828032E-01  2.71644890E-02  4.27906634E-04
3.93126647E-01  2.70430185E-02  4.29038104E-04
3.93425262E-01  2.76092794E-02  4.32028319E-04
3.93723877E-01  2.62151938E-02  4.23045858E-04
3.94022492E-01  2.64767092E-02  4.24839003E-04
3.94321107E-01  2.67272815E-02  4.24456521E-04
3.94619722E-01  2.68816445E-02  4.25888749E-04
3.94918337E-01  2.66607869E-02  4.23828285E-04
3.95216952E-01  2.65804958E-02  4.24324971E-04
3.95515567E-01  2.67819650E-02  4.26347659E-04
3.95814182E-01  2.66336352E-02  4.21272765E-04
3.96112797E-01  2.63054706E-02  4.21819946E-04
3.96411412E-01  2.65673902E-02  4.23092686E-04
3.96710027E-01  2.69091129E-02  4.26323939E-04
3.97008642E-01  2.62286365E-02  4.18868090E-04
3.97307257E-01  2.63182633E-02  4.20192286E-04
3.97605872E-01  2.66883690E-02  4.24266764E-04
3.97904487E-01  2.70221345E-02  4.27953433E-04
3.98203102E-01  2.63421368E-02  4.17971198E-04
3.98501717E-01  2.70684697E-02  4.24711237E-04
3.98800332E-01  2.62371749E-02  4.18844284E-04
3.99098947E-01  2.65291613E-02  4.21576056E-04
3.99397562E-01  2.64338441E-02  4.22145240E-04
3.99696177E-01  2.64851302E-02  4.20823199E-04
3.99994792E-01  2.63132304E-02  4.18250333E-04
4.00293407E-01  2.60901861E-02  4.17777337E-04
4.00592022E-01  2.57209297E-02  4.13618138E-04
4.00890637E-01  2.59215441E-02  4.15130111E-04
4.01189252E-01  2.67480873E-02  4.21295030E-04
4.01487867E-01  2.61035003E-02  4.17990523E-04
4.01786482E-01  2.64622290E-02  4.20247205E-04
4.02085097E-01  2.63666864E-02  4.15907300E-04
4.02383712E-01  2.56510228E-02  4.15459072E-04
4.02682327E-01  2.60742474E-02  4.13304631E-04
4.02980942E-01  2.65703499E-02  4.21009696E-04
4.03279557E-01  2.62825545E-02  4.17025818E-04
4.03578172E-01  2.61549558E-02  4.13753092E-04
4.03876787E-01  2.64594108E-02  4.19832009E-04
4.04175402E-01  2.62557492E-02  4.15139861E-04
4.04474017E-01  2.65106782E-02  4.19537886E-04
4.04772632E-01  2.64780726E-02  4.17093921E-04
4.05071247E-01  2.59219669E-02  4.13181057E-04
4.05369862E-01  2.60155015E-02  4.17707546E-04
4.05668477E-01  2.66808029E-02  4.15268558E-04
4.05967092E-01  2.59637628E-02  4.13322530E-04
4.06265707E-01  2.56813969E-02  4.10390494E-04
4.06564322E-01  2.53593903E-02  4.07330488E-04
4.06862937E-01  2.58046463E-02  4.15018061E-04
4.07161552E-01  2.62083355E-02  4.12640162E-04
4.07460167E-01  2.60354225E-02  4.14096168E-04
4.07758782E-01  2.53537018E-02  4.05102212E-04
4.08057397E-01  2.52514575E-02  4.06278734E-04
4.08356012E-01  2.56605633E-02  4.11108747E-04
4.08654627E-01  2.56066937E-02  4.07122745E-04
4.08953242E-01  2.58719493E-02  4.13488335E-04
4.09251857E-01  2.55134013E-02  4.07238229E-04
4.09550472E-01  2.58107539E-02  4.09797765E-04
4.09849087E-01  2.53532175E-02  4.06341220E-04
4.10147702E-01  2.51166467E-02  4.02653095E-04
4.10446317E-01  2.56005134E-02  4.10832698E-04
4.10744932E-01  2.51726378E-02  4.04801045E-04
4.11043547E-01  2.54284665E-02  4.03372454E-04
4.11342162E-01  2.56036669E-02  4.08159423E-04
4.11640777E-01  2.64055189E-02  4.15281742E-04
4.11939392E-01  2.59843282E-02  4.12345777E-04
4.12238007E-01  2.62205098E-02  4.09895641E-04
4.12536622E-01  2.61723064E-02  4.11613990E-04
4.12835237E-01  2.49699838E-02  4.00559336E-04
4.13133852E-01  2.58804895E-02  4.09411237E-04
4.13432467E-01  2.59165466E-02  4.09316359E-04
4.13731082E-01  2.53058169E-02  4.03155194E-04
4.14029697E-01  2.52710730E-02  4.04661027E-04
4.14328312E-01  2.50815600E-02  4.01832513E-04
4.14626927E-01  2.51960997E-02  4.03874932E-04
4.14925542E-01  2.57438775E-02  4.04675928E-04
4.15224157E-01  2.46642996E-02  3.98850214E-04
4.15522772E-01  2.47125402E-02  3.99891869E-04
4.15821387E-01  2.50167344E-02  3.99565120E-04
4.16120002E-01  2.52308920E-02  4.02012549E-04
4.16418617E-01  2.45514866E-02  3.97389784E-04
4.16717232E-01  2.49417052E-02  3.99797165E-04
4.17015847E-01  2.51995493E-02  4.03257320E-04
4.17314462E-01  2.46063694E-02  3.93311930E-04
4.17613077E-01  2.41074432E-02  3.93149036E-04
4.17911692E-01  2.47874018E-02  3.97374853E-04
4.18210307E-01  2.46667732E-02  3.99255805E-04
4.18508922E-01  2.47738808E-02  3.96090676E-04
4.18807537E-01  2.46713199E-02  3.95361538E-04
4.19106152E-01  2.39929222E-02  3.92221380E-04
4.19404767E-01  2.44721677E-02  3.95846757E-04
4.19703382E-01  2.39389669E-02  3.88392451E-04
4.20001997E-01  2.45843288E-02  3.95391602E-04
4.20300612E-01  2.37871297E-02  3.87513282E-04
4.20599227E-01  2.44411100E-02  3.95966519E-04
4.20897842E-01  2.38869302E-02  3.89035908E-04
4.21196457E-01  2.36877929E-02  3.86356696E-04
4.21495072E-01  2.42053233E-02  3.92249523E-04
4.21793687E-01  2.45251730E-02  3.93575785E-04
4.22092302E-01  2.43424661E-02  3.94264935E-04
4.22390917E-01  2.39200927E-02  3.85207153E-04
4.22689532E-01  2.44654194E-02  3.94809002E-04
4.22988147E-01  2.35075690E-02  3.84544110E-04
4.23286762E-01  2.41106804E-02  3.91849375E-04
4.23585377E-01  2.41733454E-02  3.89689987E-04
4.23883992E-01  2.41443943E-02  3.88668122E-04
4.24182607E-01  2.43103728E-02  3.90178961E-04
4.24481222E-01  2.37451792E-02  3.87808861E-04
4.24779837E-01  2.33028699E-02  3.82528640E-04
4.25078452E-01  2.37485580E-02  3.84696090E-04
4.25377067E-01  2.40266547E-02  3.89661291E-04
4.25675682E-01  2.34785918E-02  3.82334751E-04
4.25974297E-01  2.33993810E-02  3.84631479E-04
4.26272912E-01  2.27161180E-02  3.74820753E-04
4.26571527E-01  2.33238637E-02  3.84013227E-04
4.26870142E-01  2.38919817E-02  3.85605410E-04
4.27168757E-01  2.29621548E-02  3.78622819E-04
4.27467372E-01  2.33667567E-02  3.80665035E-04
4.27765987E-01  2.37774365E-02  3.86331434E-04
4.28064602E-01  2.29653772E-02  3.78059718E-04
4.28363217E-01  2.34838463E-02  3.83336330E-04
4.28661832E-01  2.31732074E-02  3.80195299E-04
4.28960447E-01  2.26593092E-02  3.75368196E-04
4.29259062E-01  2.33306084E-02  3.80379119E-04
4.29557677E-01  2.33561080E-02  3.81098886E-04
4.29856292E-01  2.27832813E-02  3.74808151E-04
4.30154907E-01  2.30707899E-02  3.78006545E-04
4.30453522E-01  2.31555514E-02  3.80059122E-04
4.30752137E-01  2.35571824E-02  3.82399623E-04
4.31050752E-01  2.40160748E-02  3.84564948E-04
4.31349367E-01  2.26803049E-02  3.74382769E-04
4.31647982E-01  2.24750936E-02  3.72521026E-04
4.31946597E-01  2.26238593E-02  3.75761854E-04
4.32245212E-01  2.32426915E-02  3.77742748E-04
4.32543827E-01  2.30782777E-02  3.78332421E-04
4.32842442E-01  2.28056777E-02  3.78208293E-04
4.33141057E-01  2.33679675E-02  3.78680066E-04
4.33439672E-01  2.23596077E-02  3.72815499E-04
4.33738287E-01  2.32416689E-02  3.78075812E-04
4.34036902E-01  2.26979125E-02  3.75544216E-04
4.34335517E-01  2.34100278E-02  3.80965736E-04
4.34634132E-01  2.32823379E-02  3.80351150E-04
4.34932747E-01  2.35007014E-02  3.80182668E-04
4.35231362E-01  2.27869265E-02  3.74614756E-04
4.35529977E-01  2.30921544E-02  3.79222940E-04
4.35828592E-01  2.22999807E-02  3.72080016E-04
4.36127207E-01  2.28051599E-02  3.74106516E-04
4.36425822E-01  2.30031889E-02  3.76394019E-04
4.36724437E-01  2.28652824E-02  3.75598494E-04
4.37023052E-01  2.22188383E-02  3.70416878E-04
4.37321667E-01  2.30397582E-02  3.75039468E-04
4.37620282E-01  2.27716807E-02  3.75584204E-04
4.37918897E-01  2.31991690E-02  3.78336728E-04
4.38217512E-01  2.27680802E-02  3.75473755E-04
4.38516127E-01  2.33256500E-02  3.77696881E-04
4.38814742E-01  2.27712747E-02  3.71309172E-04
4.39113357E-01  2.22792663E-02  3.70601192E-04
4.39411972E-01  2.23397668E-02  3.70941038E-04
4.39710587E-01  2.27559153E-02  3.72897484E-04
4.40009202E-01  2.25087646E-02  3.72261857E-04
4.40307817E-01  2.23712195E-02  3.67880042E-04
4.40606432E-01  2.25583687E-02  3.72674753E-04
4.40905047E-01  2.26987600E-02  3.72762559E-04
4.41203662E-01  2.18722001E-02  3.63679021E-04
4.41502277E-01  2.24453248E-02  3.70352616E-04
4.41800892E-01  2.27421802E-02  3.72222916E-04
4.42099507E-01  2.27295943E-02  3.72366194E-04
4.42398122E-01  2.22526826E-02  3.67474247E-04
4.42696737E-01  2.31793039E-02  3.75130563E-04
4.42995352E-01  2.23908816E-02  3.69504618E-04
4.43293967E-01  2.23477390E-02  3.70206835E-04
4.43592582E-01  2.24682149E-02  3.71286704E-04
4.43891197E-01  2.21848711E-02  3.65409011E-04
4.44189812E-01  2.28332132E-02  3.73963383E-04
4.44488427E-01  2.27476768E-02  3.71468021E-04
4.44787042E-01  2.26183794E-02  3.71793634E-04
4.45085657E-01  2.27177050E-02  3.71226139E-04
4.45384272E-01  2.25805975E-02  3.70672147E-04
4.45682887E-01  2.24695094E-02  3.72377341E-04
4.45981502E-01  2.21603308E-02  3.66248947E-04
4.46280117E-01  2.27437727E-02  3.71850736E-04
4.46578732E-01  2.24694442E-02  3.69845482E-04
4.46877347E-01  2.23446023E-02  3.69546877E-04
4.47175962E-01  2.20848732E-02  3.71082657E-04
4.47474577E-01  2.31299102E-02  3.73451883E-04
4.47773192E-01  2.23338250E-02  3.68814217E-04
4.48071807E-01  2.29126047E-02  3.73564020E-04
4.48370422E-01  2.23273244E-02  3.69817892E-04
4.48669037E-01  2.20151059E-02  3.66257736E-04
4.48967652E-01  2.25933939E-02  3.70632595E-04
4.49266267E-01  2.19674241E-02  3.66991269E-04
4.49564882E-01  2.16678903E-02  3.64642910E-04
4.49863497E-01  2.21694671E-02  3.67303990E-04
4.50162112E-01  2.24301573E-02  3.70759080E-04
4.50460727E-01  2.23850459E-02  3.70469148E-04
4.50759342E-01  2.26220544E-02  3.72508832E-04
4.51057957E-01  2.25808732E-02  3.71679576E-04
4.51356572E-01  2.24740859E-02  3.68378125E-04
4.51655187E-01  2.22152025E-02  3.69637826E-04
4.51953802E-01  2.21899971E-02  3.68048495E-04
4.52252417E-01  2.21329201E-02  3.71261558E-04
4.52551032E-01  2.27901340E-02  3.72260605E-04
4.52849647E-01  2.17971876E-02  3.64860811E-04
4.53148262E-01  2.23287083E-02  3.69284011E-04
4.53446877E-01  2.20240131E-02  3.66355234E-04
4.53745492E-01  2.22863946E-02  3.69342655E-04
4.54044107E-01  2.24243701E-02  3.71221657E-04
4.54342722E-01  2.24044099E-02  3.70485359E-04
4.54641337E-01  2.23991144E-02  3.71261704E-04
4.54939952E-01  2.19057593E-02  3.65858985E-04
4.55238567E-01  2.24934425E-02  3.70491500E-04
4.55537182E-01  2.33234856E-02  3.79859324E-04
4.55835797E-01  2.26767566E-02  3.73561576E-04
4.56134412E-01  2.25081965E-02  3.71187954E-04
4.56433027E-01  2.22512763E-02  3.69471702E-04
4.56731642E-01  2.18701549E-02  3.65570391E-04
4.57030257E-01  2.22540963E-02  3.70233727E-04
4.57328872E-01  2.22015548E-02  3.68900452E-04
4.57627487E-01  2.23169178E-02  3.69696238E-04
4.57926102E-01  2.17395071E-02  3.65124986E-04
4.58224717E-01  2.23758724E-02  3.71745555E-04
4.58523332E-01  2.17923950E-02  3.65652464E-04
4.58821947E-01  2.22272705E-02  3.67104658E-04
4.59120562E-01  2.25408319E-02  3.73200775E-04
4.59419177E-01  2.26815175E-02  3.74198920E-04
4.59717792E-01  2.30974257E-02  3.77531891E-04
4.60016407E-01  2.27181055E-02  3.73180897E-04
4.60315022E-01  2.18600631E-02  3.65503831E-04
4.60613637E-01  2.24472284E-02  3.71854927E-04
4.60912252E-01  2.17258595E-02  3.66972032E-04
4.61210867E-01  2.21339632E-02  3.68439127E-04
4.61509482E-01  2.23708134E-02  3.74305353E-04
4.61808097E-01  2.23644711E-02  3.82704253E-04
4.62106712E-01  2.17301883E-02  3.78848490E-04
4.62405327E-01  2.21162159E-02  3.85695806E-04
4.62703942E-01  2.16201823E-02  3.80887388E-04
4.63002557E-01  2.27268934E-02  3.97678377E-04
4.63301172E-01  2.24809200E-02  3.96914431E-04
4.63599787E-01  2.16944832E-02  3.91990732E-04
4.63898402E-01  2.23671198E-02  3.99859389E-04
4.64197017E-01  2.25109234E-02  4.01660713E-04
4.64495632E-01  2.22221296E-02  4.04105522E-04
4.64794247E-01  2.27426626E-02  4.09462111E-04
4.65092862E-01  2.22241953E-02  4.02747071E-04
4.65391477E-01  2.22955514E-02  4.09454689E-04
4.65690092E-01  2.23287828E-02  4.09650704E-04
4.65988707E-01  2.27064844E-02  4.16720432E-04
4.66287322E-01  2.16640439E-02  4.07380110E-04
4.66585937E-01  2.21112780E-02  4.12019348E-04
4.66884552E-01  2.26853527E-02  4.22496581E-04
4.67183167E-01  2.24431697E-02  4.22031124E-04
4.67481782E-01  2.23428495E-02  4.15901421E-04
4.67780397E-01  2.21065264E-02  4.19576128E-04
4.68079012E-01  2.30614673E-02  4.30023792E-04
4.68377627E-01  2.23003533E-02  4.25328384E-04
4.68676242E-01  2.19241865E-02  4.22714686E-04
4.68974857E-01  2.21118256E-02  4.24521510E-04
4.69273472E-01  2.20942236E-02  4.28388623E-04
4.69572087E-01  2.22192463E-02  4.28324071E-04
4.69870702E-01  2.22224165E-02  4.30147105E-04
4.70169317E-01  2.18874197E-02  4.29082604E-04
4.70467932E-01  2.25381684E-02  4.36340692E-04
4.70766547E-01  2.24527642E-02  4.40081087E-04
4.71065162E-01  2.28614397E-02  4.43932367E-04
4.71363777E-01  2.24691555E-02  4.37139795E-04
4.71662392E-01  2.22409461E-02  4.39919124E-04
4.71961007E-01  2.24774200E-02  4.43642901E-04
4.72259622E-01  2.23190654E-02  4.45313810E-04
4.72558237E-01  2.26717256E-02  4.46262682E-04
4.72856852E-01  2.16005687E-02  4.29272768E-04
4.73155467E-01  2.24761814E-02  4.34570888E-04
4.73454082E-01  2.21759826E-02  4.26540093E-04
4.73752697E-01  2.20690165E-02  4.19015181E-04
4.74051312E-01  2.19351705E-02  4.17983421E-04
4.74349927E-01  2.27845237E-02  4.23463178E-04
4.74648542E-01  2.23644935E-02  4.19662247E-04
4.74947157E-01  2.23472789E-02  4.15408518E-04
4.75245772E-01  2.26966068E-02  4.17949253E-04
4.75544387E-01  2.23945938E-02  4.14359587E-04
4.75843002E-01  2.23784167E-02  4.15127550E-04
4.76141617E-01  2.15351898E-02  4.03674436E-04
4.76440232E-01  2.19634939E-02  4.07781539E-04
4.76738847E-01  2.25490313E-02  4.11618501E-04
4.77037462E-01  2.24833358E-02  4.11242305E-04
4.77336077E-01  2.22487636E-02  4.09980508E-04
4.77634692E-01  2.15456504E-02  3.99885903E-04
4.77933307E-01  2.23922692E-02  4.08213178E-04
4.78231922E-01  2.24070959E-02  4.05861734E-04
4.78530537E-01  2.31789052E-02  4.16776224E-04
4.78829152E-01  2.14418080E-02  3.94842617E-04
4.79127767E-01  2.19034124E-02  4.00434015E-04
4.79426382E-01  2.26220246E-02  4.09218075E-04
4.79724997E-01  2.24488303E-02  4.05819592E-04
4.80023612E-01  2.14741249E-02  3.95975163E-04
4.80322227E-01  2.15344913E-02  3.94879084E-04
4.80620842E-01  2.24444438E-02  4.05144907E-04
4.80919457E-01  2.19042748E-02  3.98985634E-04
4.81218072E-01  2.20618714E-02  4.00002551E-04
4.81516687E-01  2.20554825E-02  4.00677760E-04
4.81815302E-01  2.21968479E-02  3.98025702E-04
4.82113917E-01  2.21939683E-02  4.02463746E-04
4.82412532E-01  2.24440116E-02  4.01683530E-04
4.82711147E-01  2.21929792E-02  3.98404954E-04
4.83009762E-01  2.13914569E-02  3.92256276E-04
4.83308377E-01  2.28599925E-02  4.06339677E-04
4.83606992E-01  2.16983538E-02  3.93541006E-04
4.83905607E-01  2.15599835E-02  3.93498514E-04
4.84204222E-01  2.24959124E-02  3.99994489E-04
4.84502837E-01  2.23045163E-02  4.00859630E-04
4.84801452E-01  2.22244188E-02  3.98392032E-04
4.85100067E-01  2.20447946E-02  3.94160132E-04
4.85398682E-01  2.25142539E-02  4.00574005E-04
4.85697297E-01  2.16797590E-02  3.92880786E-04
4.85995912E-01  2.17739791E-02  3.94847681E-04
4.86294527E-01  2.29970086E-02  4.02589823E-04
4.86593142E-01  2.16935370E-02  3.91909678E-04
4.86891757E-01  2.25501452E-02  4.00389574E-04
4.87190372E-01  2.21975725E-02  3.97655269E-04
4.87488987E-01  2.32254807E-02  4.02962760E-04
4.87787602E-01  2.19483562E-02  3.94713745E-04
4.88086217E-01  2.20261738E-02  3.93512804E-04
4.88384832E-01  2.15760637E-02  3.90361180E-04
4.88683447E-01  2.14520227E-02  3.90230300E-04
4.88982062E-01  2.20752507E-02  3.93261522E-04
4.89280677E-01  2.13421267E-02  3.89133667E-04
4.89579292E-01  2.20452901E-02  3.93791503E-04
4.89877907E-01  2.18776595E-02  3.91798530E-04
4.90176522E-01  2.22219247E-02  3.93879483E-04
4.90475137E-01  2.25603506E-02  3.98068747E-04
4.90773752E-01  2.26947684E-02  3.98952776E-04
4.91072367E-01  2.17499211E-02  3.90955538E-04
4.91370982E-01  2.20353492E-02  3.92426155E-04
4.91669597E-01  2.31792852E-02  4.03194223E-04
4.91968212E-01  2.23015081E-02  3.96287360E-04
4.92266827E-01  2.23508030E-02  3.96226067E-04
4.92565442E-01  2.23070942E-02  3.93661408E-04
4.92864057E-01  2.22571511E-02  3.94503877E-04
4.93162672E-01  2.25323569E-02  3.97636730E-04
4.93461287E-01  2.22518612E-02  3.95155686E-04
4.93759902E-01  2.26723179E-02  3.95694922E-04
4.94058517E-01  2.21213382E-02  3.92713991E-04
4.94357132E-01  2.28873771E-02  3.98659788E-04
4.94655747E-01  2.22736802E-02  3.96356423E-04
4.94954362E-01  2.23220978E-02  3.91857029E-04
4.95252977E-01  2.19815765E-02  3.91282432E-04
4.95551592E-01  2.29904130E-02  4.01368859E-04
4.95850207E-01  2.29633171E-02  4.00529738E-04
4.96148822E-01  2.18776967E-02  3.88327491E-04
4.96447437E-01  2.27225032E-02  3.98028322E-04
4.96746052E-01  2.22889874E-02  3.93525755E-04
4.97044667E-01  2.17092875E-02  3.90920439E-04
4.97343282E-01  2.23799255E-02  3.92087590E-04
4.97641897E-01  2.22661309E-02  3.90513713E-04
4.97940512E-01  2.17110645E-02  3.89565423E-04
4.98239127E-01  2.20733881E-02  3.91431211E-04
4.98537742E-01  2.20086444E-02  3.91640177E-04
4.98836357E-01  2.19777636E-02  3.88941291E-04
4.99134972E-01  2.26640012E-02  3.96638614E-04
4.99433587E-01  2.18508616E-02  3.90630157E-04
4.99732202E-01  2.15328466E-02  3.85561609E-04
5.00030817E-01  2.22855415E-02  3.91758978E-04
5.00329432E-01  2.15798207E-02  3.86464642E-04
5.00628047E-01  2.23620962E-02  3.93408787E-04
5.00926662E-01  2.16228422E-02  3.88985616E-04
5.01225277E-01  2.19854936E-02  3.87684297E-04
5.01523892E-01  2.21892800E-02  3.89765744E-04
5.01822507E-01  2.18872912E-02  3.88926885E-04
5.02121122E-01  2.20203940E-02  3.90983565E-04
5.02419737E-01  2.15081796E-02  3.85738764E-04
5.02718352E-01  2.25859080E-02  3.95090436E-04
5.03016967E-01  2.20084600E-02  3.89912166E-04
5.03315582E-01  2.22613718E-02  3.93222086E-04
5.03614197E-01  2.23083887E-02  3.90534726E-04
5.03912812E-01  2.26635542E-02  3.95481737E-04
5.04211427E-01  2.19379012E-02  3.88235843E-04
5.04510042E-01  2.20358483E-02  3.91134672E-04
5.04808657E-01  2.20237803E-02  3.87757027E-04
5.05107272E-01  2.21715458E-02  3.91269336E-04
5.05405887E-01  2.25521475E-02  3.93059221E-04
5.05704502E-01  2.24424172E-02  3.95127689E-04
5.06003117E-01  2.27010027E-02  3.95233597E-04
5.06301732E-01  2.27819122E-02  3.95743613E-04
5.06600347E-01  2.26078592E-02  3.92779417E-04
5.06898962E-01  2.20397934E-02  3.90405999E-04
5.07197577E-01  2.28683203E-02  3.98569740E-04
5.07496192E-01  2.26349011E-02  3.91773850E-04
5.07794807E-01  2.22392622E-02  3.93445836E-04
5.08093422E-01  2.19051018E-02  3.87776847E-04
5.08392037E-01  2.22401172E-02  3.91505251E-04
5.08690652E-01  2.17417497E-02  3.85005755E-04
5.08989267E-01  2.23930981E-02  3.92077753E-04
5.09287882E-01  2.27631759E-02  3.96676973E-04
5.09586497E-01  2.28446648E-02  3.95819749E-04
5.09885112E-01  2.25509480E-02  3.92978633E-04
5.10183727E-01  2.26616431E-02  3.94428818E-04
5.10482342E-01  2.18890291E-02  3.86886590E-04
5.10780957E-01  2.19570324E-02  3.88635264E-04
5.11079572E-01  2.21586023E-02  3.89647903E-04
5.11378187E-01  2.29923315E-02  3.97010037E-04
5.11676802E-01  2.24116705E-02  3.94892471E-04
5.11975417E-01  2.22893823E-02  3.89843772E-04
5.12274032E-01  2.12200396E-02  3.80938902E-04
5.12572647E-01  2.20939219E-02  3.88991961E-04
5.12871262E-01  2.17871610E-02  3.85809923E-04
5.13169877E-01  2.23234836E-02  3.93338618E-04
5.13468492E-01  2.27980632E-02  3.92836577E-04
5.13767107E-01  2.24474333E-02  3.91234149E-04
5.14065722E-01  2.31353678E-02  3.99539422E-04
5.14364337E-01  2.25468092E-02  3.93744383E-04
5.14662952E-01  2.28785817E-02  3.95754498E-04
5.14961567E-01  2.23703552E-02  3.90187226E-04
5.15260182E-01  2.23880392E-02  3.92651797E-04
5.15558797E-01  2.15230919E-02  3.83668637E-04
5.15857412E-01  2.25091949E-02  3.92072485E-04
5.16156027E-01  2.22730283E-02  3.90875182E-04
5.16454642E-01  2.22608540E-02  3.90962668E-04
5.16753257E-01  2.19673961E-02  3.87425389E-04
5.17051872E-01  2.20862441E-02  3.90006986E-04
5.17350487E-01  2.27087624E-02  3.92758229E-04
5.17649102E-01  2.13425644E-02  3.81787424E-04
5.17947717E-01  2.17236057E-02  3.84805171E-04
5.18246332E-01  2.26773024E-02  3.93451832E-04
5.18544947E-01  2.26099007E-02  3.94125673E-04
5.18843562E-01  2.29050629E-02  3.96985444E-04
5.19142177E-01  2.08212472E-02  3.76643147E-04
5.19440792E-01  2.18940470E-02  3.86131782E-04
5.19739407E-01  2.24215966E-02  3.91140464E-04
5.20038022E-01  2.24781986E-02  3.93567781E-04
5.20336637E-01  2.19540820E-02  3.86949949E-04
5.20635252E-01  2.25161631E-02  3.91778041E-04
5.20933867E-01  2.19896566E-02  3.87456617E-04
5.21232482E-01  2.23379303E-02  3.90037196E-04
5.21531097E-01  2.20611710E-02  3.89139779E-04
5.21829712E-01  2.21796073E-02  3.89896741E-04
5.22128327E-01  2.19778679E-02  3.87549808E-04
5.22426942E-01  2.19512079E-02  3.85524443E-04
5.22725557E-01  2.22502034E-02  3.90234374E-04
5.23024172E-01  2.29336899E-02  3.95408424E-04
5.23322787E-01  2.24875212E-02  3.92409944E-04
5.23621402E-01  2.20001154E-02  3.87280365E-04
5.23920017E-01  2.22534724E-02  3.91619018E-04
5.24218632E-01  2.17598639E-02  3.83944454E-04
5.24517247E-01  2.18157563E-02  3.85471096E-04
5.24815862E-01  2.23036874E-02  3.91292764E-04
5.25114477E-01  2.22058948E-02  3.88621353E-04
5.25413092E-01  2.20142845E-02  3.87890555E-04
5.25711707E-01  2.21193936E-02  3.89199209E-04
5.26010322E-01  2.24114712E-02  3.89661611E-04
5.26308937E-01  2.22651195E-02  3.89717519E-04
5.26607552E-01  2.25271583E-02  3.91910056E-04
5.26906167E-01  2.26671025E-02  3.92743212E-04
5.27204782E-01  2.27338728E-02  3.95745941E-04
5.27503397E-01  2.19618659E-02  3.86966974E-04
5.27802012E-01  2.14475486E-02  3.82504339E-04
5.28100627E-01  2.25156322E-02  3.92780901E-04
5.28399242E-01  2.12486573E-02  3.78056458E-04
5.28697857E-01  2.20860578E-02  3.88733024E-04
5.28996472E-01  2.19151657E-02  3.86564352E-04
5.29295087E-01  2.25059185E-02  3.93090246E-04
5.29593702E-01  2.20317058E-02  3.86461703E-04
5.29892317E-01  2.25441214E-02  3.91790352E-04
5.30190932E-01  2.12193411E-02  3.81788588E-04
5.30489547E-01  2.19599996E-02  3.86874017E-04
5.30788162E-01  2.17863750E-02  3.84591869E-04
5.31086777E-01  2.18629874E-02  3.86305619E-04
5.31385392E-01  2.23946963E-02  3.89076013E-04
5.31684007E-01  2.22565494E-02  3.89866269E-04
5.31982622E-01  2.22663376E-02  3.89858324E-04
5.32281237E-01  2.21805982E-02  3.89013585E-04
5.32579852E-01  2.27979198E-02  3.95069132E-04
5.32878467E-01  2.16518827E-02  3.84258776E-04
5.33177082E-01  2.17987821E-02  3.86318658E-04
5.33475697E-01  2.20868755E-02  3.86124739E-04
5.33774312E-01  2.26541329E-02  3.92577436E-04
5.34072927E-01  2.26948820E-02  3.95546929E-04
5.34371542E-01  2.17207801E-02  3.83195205E-04
5.34670157E-01  2.20814999E-02  3.85618507E-04
5.34968772E-01  2.09545586E-02  3.79240839E-04
5.35267387E-01  2.21585594E-02  3.88268934E-04
5.35566002E-01  2.23921761E-02  3.91941459E-04
5.35864617E-01  2.19207592E-02  3.84870975E-04
5.36163232E-01  2.17589326E-02  3.85794236E-04
5.36461847E-01  2.15731487E-02  3.83769104E-04
5.36760462E-01  2.23732144E-02  3.90059111E-04
5.37059077E-01  2.22701803E-02  3.88499058E-04
5.37357692E-01  2.21270788E-02  3.89817491E-04
5.37656307E-01  2.19924413E-02  3.85417341E-04
5.37954922E-01  2.21843496E-02  3.91678303E-04
5.38253537E-01  2.19794158E-02  3.82902712E-04
5.38552152E-01  2.18673721E-02  3.85541440E-04
5.38850767E-01  2.20891591E-02  3.88727436E-04
5.39149382E-01  2.26725768E-02  3.94022733E-04
5.39447997E-01  2.20855214E-02  3.87465290E-04
5.39746612E-01  2.18817089E-02  3.86334985E-04
5.40045227E-01  2.21774150E-02  3.87707551E-04
5.40343842E-01  2.20776740E-02  3.88826447E-04
5.40642457E-01  2.20298059E-02  3.86606844E-04
5.40941072E-01  2.20481642E-02  3.86393891E-04
5.41239687E-01  2.14875937E-02  3.85307590E-04
5.41538302E-01  2.24775393E-02  3.91283742E-04
5.41836917E-01  2.22095791E-02  3.88566870E-04
5.42135532E-01  2.28898451E-02  3.91809270E-04
5.42434147E-01  2.17970330E-02  3.85320745E-04
5.42732762E-01  2.15420760E-02  3.84190178E-04
5.43031377E-01  2.17221566E-02  3.87032720E-04
5.43329992E-01  2.16640774E-02  3.81364895E-04
5.43628607E-01  2.21112147E-02  3.88095272E-04
5.43927222E-01  2.21450832E-02  3.88869463E-04
5.44225837E-01  2.18974929E-02  3.86975735E-04
5.44524452E-01  2.20991410E-02  3.85926600E-04
5.44823067E-01  2.18238831E-02  3.85855703E-04
5.45121682E-01  2.26623602E-02  3.92720016E-04
5.45420297E-01  2.18740664E-02  3.86019616E-04
5.45718912E-01  2.19809655E-02  3.85928026E-04
5.46017527E-01  2.24588476E-02  3.90958361E-04
5.46316142E-01  2.25563534E-02  3.91235604E-04
5.46614757E-01  2.33267192E-02  4.00403398E-04
5.46913372E-01  2.22680494E-02  3.87226522E-04
5.47211987E-01  2.30767112E-02  3.96404095E-04
5.47510602E-01  2.21175086E-02  3.88745044E-04
5.47809217E-01  2.22208928E-02  3.88230430E-04
5.48107832E-01  2.19844133E-02  3.88148299E-04
5.48406447E-01  2.22090129E-02  3.88319284E-04
5.48705062E-01  2.21151393E-02  3.86559812E-04
5.49003677E-01  2.16445327E-02  3.85710882E-04
5.49302292E-01  2.22335719E-02  3.86568514E-04
5.49600907E-01  2.20449511E-02  3.88310378E-04
5.49899522E-01  2.22317409E-02  3.88716697E-04
5.50198137E-01  2.22054906E-02  3.89629975E-04
5.50496752E-01  2.21901555E-02  3.88167653E-04
5.50795367E-01  2.27450766E-02  3.92039976E-04
5.51093982E-01  2.16760002E-02  3.84022132E-04
5.51392597E-01  2.19915193E-02  3.87850829E-04
5.51691212E-01  2.22629756E-02  3.88906308E-04
5.51989827E-01  2.19632518E-02  3.86093394E-04
5.52288442E-01  2.18429584E-02  3.83268780E-04
5.52587057E-01  2.18058545E-02  3.84337356E-04
5.52885672E-01  2.16916539E-02  3.83517821E-04
5.53184287E-01  2.32290030E-02  3.95247742E-04
5.53482902E-01  2.17520613E-02  3.83032457E-04
5.53781517E-01  2.20573600E-02  3.86555039E-04
5.54080132E-01  2.15451978E-02  3.81764723E-04
5.54378747E-01  2.16151737E-02  3.79271951E-04
5.54677362E-01  2.21998971E-02  3.86216620E-04
5.54975977E-01  2.21140757E-02  3.86777625E-04
5.55274592E-01  2.22177543E-02  3.86468775E-04
5.55573207E-01  2.18347646E-02  3.78947851E-04
5.55871822E-01  2.19986644E-02  3.83179897E-04
5.56170437E-01  2.22293437E-02  3.86203232E-04
5.56469052E-01  2.18930449E-02  3.83734354E-04
5.56767667E-01  2.18564719E-02  3.81398073E-04
5.57066282E-01  2.24734284E-02  3.87300242E-04
5.57364897E-01  2.21029855E-02  3.81369464E-04
5.57663512E-01  2.15315744E-02  3.78739060E-04
5.57962127E-01  2.22689565E-02  3.83890467E-04
5.58260742E-01  2.24190410E-02  3.83189472E-04
5.58559357E-01  2.20304914E-02  3.84025654E-04
5.58857972E-01  2.16470603E-02  3.80124169E-04
5.59156587E-01  2.21118666E-02  3.80560930E-04
5.59455202E-01  2.24078391E-02  3.85369553E-04
5.59753817E-01  2.16982029E-02  3.77431395E-04
5.60052432E-01  2.19546705E-02  3.80914164E-04
5.60351047E-01  2.18570773E-02  3.78992816E-04
5.60649662E-01  2.18531676E-02  3.77452583E-04
5.60948277E-01  2.18961239E-02  3.78533441E-04
5.61246892E-01  2.16438100E-02  3.77056131E-04
5.61545507E-01  2.22773813E-02  3.81997757E-04
5.61844122E-01  2.19608936E-02  3.77070101E-04
5.62142737E-01  2.16201339E-02  3.77388875E-04
5.62441352E-01  2.20978558E-02  3.78863682E-04
5.62739967E-01  2.25651991E-02  3.82406084E-04
5.63038582E-01  2.19201092E-02  3.78045312E-04
5.63337197E-01  2.19333190E-02  3.76930169E-04
5.63635812E-01  2.21169107E-02  3.81439459E-04
5.63934427E-01  2.19568070E-02  3.76611511E-04
5.64233042E-01  2.16307901E-02  3.72944633E-04
5.64531657E-01  2.18813419E-02  3.76928539E-04
5.64830272E-01  2.15168577E-02  3.73430521E-04
5.65128887E-01  2.24961061E-02  3.82279599E-04
5.65427502E-01  2.24351957E-02  3.79386649E-04
5.65726117E-01  2.19839662E-02  3.76855693E-04
5.66024732E-01  2.15631016E-02  3.72887735E-04
5.66323347E-01  2.18164399E-02  3.75420816E-04
5.66621962E-01  2.17632651E-02  3.71709495E-04
5.66920577E-01  2.20806934E-02  3.77516699E-04
5.67219192E-01  2.14338601E-02  3.72551556E-04
5.67517807E-01  2.23005284E-02  3.79834586E-04
5.67816422E-01  2.13079695E-02  3.66725289E-04
5.68115037E-01  2.21003648E-02  3.76043667E-04
5.68413652E-01  2.15485245E-02  3.71747359E-04
5.68712267E-01  2.20938735E-02  3.76423937E-04
5.69010882E-01  2.15966068E-02  3.71143658E-04
5.69309497E-01  2.24312432E-02  3.78508907E-04
5.69608112E-01  2.14014519E-02  3.70313908E-04
5.69906727E-01  2.18005776E-02  3.72727518E-04
5.70205342E-01  2.22741067E-02  3.75216856E-04
5.70503957E-01  2.18945052E-02  3.74991680E-04
5.70802572E-01  2.24554297E-02  3.78809171E-04
5.71101187E-01  2.15802342E-02  3.72294424E-04
5.71399802E-01  2.18092445E-02  3.72386188E-04
5.71698417E-01  2.20131949E-02  3.74723197E-04
5.71997032E-01  2.14632824E-02  3.71717790E-04
5.72295647E-01  2.15489939E-02  3.72032373E-04
5.72594262E-01  2.17097998E-02  3.71882721E-04
5.72892877E-01  2.18028668E-02  3.70072055E-04
5.73191492E-01  2.16062274E-02  3.72189417E-04
5.73490107E-01  2.18736194E-02  3.75350326E-04
5.73788722E-01  2.14784071E-02  3.69987567E-04
5.74087337E-01  2.28145979E-02  3.82373546E-04
5.74385952E-01  2.18936093E-02  3.75527510E-04
5.74684567E-01  2.24011820E-02  3.79245495E-04
5.74983182E-01  2.19290946E-02  3.73345683E-04
5.75281797E-01  2.16900241E-02  3.70296562E-04
5.75580412E-01  2.17484478E-02  3.74029361E-04
5.75879027E-01  2.16092542E-02  3.71635513E-04
5.76177642E-01  2.12685913E-02  3.69288668E-04
5.76476257E-01  2.20573470E-02  3.74445430E-04
5.76774872E-01  2.15102695E-02  3.71640839E-04
5.77073487E-01  2.22823694E-02  3.77993187E-04
5.77372102E-01  2.16024332E-02  3.72954964E-04
5.77670717E-01  2.18512341E-02  3.72614624E-04
5.77969332E-01  2.26094574E-02  3.80326732E-04
5.78267947E-01  2.17754096E-02  3.74105992E-04
5.78566562E-01  2.26611029E-02  3.80764774E-04
5.78865177E-01  2.24720556E-02  3.77535005E-04
5.79163792E-01  2.19697487E-02  3.75345669E-04
5.79462407E-01  2.21281108E-02  3.76352371E-04
5.79761022E-01  2.17796173E-02  3.74842668E-04
5.80059637E-01  2.11847015E-02  3.66070541E-04
5.80358252E-01  2.22682431E-02  3.77807912E-04
5.80656867E-01  2.18431391E-02  3.75048228E-04
5.80955482E-01  2.18111649E-02  3.74775555E-04


### HEADER:
#
#{
#    "analysis": {},
#    "calibration_params": {
#        "Beam_Center_X": 1061.0,
#        "Beam_Center_Y": 2093.0,
#        "Detector Tilt": 0.0,
#        "Detector Tilt Plane Rotation": 0.0,
#        "Detector_X_Pixel_Size": 75.0,
#        "Detector_Y_Pixel_Size": 75.0,
#        "Integration Method": "nosplit_csr",
#        "Radial_Average_Method": "pyFAI",
#        "Sample-to-detector distance (mm)": 1782.0,
#        "Wavelength (A)": 0.8823505857220345
#    },
#    "config_file": "/Users/jwinnikoff/Documents/MBARI/SAXS/HPSAXS_7A_Feb2023/HPSAXS_02_19_23.cfg",
#    "counters": {
#        "Epoch": "71.707",
#        "I1": "0",
#        "I2": "0",
#        "I3": "0",
#        "Seconds": "1",
#        "Time": "1.5974e-05",
#        "date": "Sun Feb 19 21:12:34 2023",
#        "diode": "56156"
#    },
#    "filename": "JWL0322_35C_070MPa_dn_1_data_000001_00001.h5",
#    "history": {},
#    "imageHeader": {},
#    "load_path": "/Users/jwinnikoff/Documents/MBARI/SAXS/HPSAXS_7A_Feb2023/JWL0322_DOPE_TS+/JWL0322_35C_070MPa_dn_1_data_000001.h5",
#    "normalizations": {
#        "Absolute_scale": {
#            "Absolute_scale_factor": 0.005174693841759343,
#            "Method": "Water"
#        },
#        "Counter_norms": [
#            [
#                "/",
#                "diode/150000"
#            ]
#        ],
#        "Polarization": {
#            "Used": false
#        },
#        "Solid_Angle_Correction": "On"
#    },
#    "raw_version": "2.1.4"
#}

